,a,b,c
0,-0.12573242,-2.2399902,1.5414429
1,0.073242188,-2.3005676,1.555481
2,0.17044067,-2.2688293,1.5057373
3,0.084991455,-2.5244141,1.521759
4,0.23773193,-2.6179504,1.1712646
5,0.33569336,-2.467041,1.1686707
6,0.21820068,-2.2975159,1.1802673
7,0.20889282,-2.28302,1.3117981
8,0.46081543,-2.1638489,1.1694336
9,0.52093506,-2.4078369,1.1878967
10,0.47729492,-2.5469971,1.0220337
11,0.51727295,-2.3197937,1.0159302
12,0.54901123,-2.3278809,0.90362549
13,0.49865723,-2.3164368,0.87417603
14,0.62728882,-2.0939636,0.66177368
15,0.62759399,-2.1836853,0.67810059
16,0.74645996,-2.3196411,0.71380615
17,0.78140259,-2.3448181,0.67184448
18,0.86685181,-2.2238159,0.62347412
19,0.8883667,-2.2262573,0.50949097
20,0.95825195,-2.2145081,0.60012817
21,1.0331726,-2.0889282,0.49835205
22,0.9034729,-2.1609497,0.54794312
23,1.0441589,-2.0532227,0.47134399
24,1.0443115,-2.1104431,0.40710449
25,1.031189,-2.2647095,0.26260376
26,1.0673523,-2.1411133,0.34378052
27,1.139679,-2.048645,0.11108398
28,1.1021423,-2.0950317,0.042877197
29,1.1090088,-1.9726563,0.11184692
30,1.3145447,-2.088623,-0.1600647
31,1.2539673,-2.1626282,0.027618408
32,1.2458801,-2.2106934,-0.25085449
33,1.3406372,-1.915741,-0.19165039
34,1.3902283,-1.7704773,-0.19882202
35,1.2388611,-1.7832947,-0.098419189
36,1.2940979,-1.7326355,-0.15884399
37,1.1584473,-1.743927,-0.36819458
38,1.1022949,-1.803894,-0.34194946
39,1.3046265,-1.6677856,-0.46035767
40,1.1914063,-1.5679932,-0.58502197
41,1.1602783,-1.4648438,-0.64361572
42,1.2568665,-1.268158,-0.56777954
43,1.230011,-1.3589478,-0.63308716
44,1.2612915,-1.3311768,-0.70602417
45,1.3442993,-1.3246155,-0.7131958
46,1.3305664,-1.3160706,-0.80200195
47,1.2887573,-1.1828613,-0.99502563
48,1.1643982,-1.1604309,-0.80154419
49,1.2008667,-1.1180115,-0.96679688
50,1.2414551,-1.0313416,-0.87722778
51,1.2858582,-0.9564209,-1.015625
52,1.1531067,-0.97091675,-1.096344
53,1.2872314,-0.809021,-1.088562
54,1.0821533,-0.71212769,-1.0118103
55,1.2484741,-0.89614868,-1.0635376
56,1.1279297,-0.68634033,-1.0977173
57,1.0699463,-0.6161499,-1.1022949
58,0.98922729,-0.49835205,-0.93322754
59,1.0389709,-0.47729492,-1.0652161
60,1.0861206,-0.38604736,-1.1395264
61,0.90744019,-0.3755188,-1.1657715
62,1.0015869,-0.50827026,-1.1573791
63,0.80703735,-0.36437988,-1.2745666
64,0.81069946,-0.13595581,-1.4624023
65,0.92224121,-0.1348877,-1.2275696
66,0.83770752,-0.15029907,-1.1250305
67,0.81710815,-0.12283325,-1.2846375
68,0.81741333,-0.093994141,-1.3371277
69,0.55221558,-0.12680054,-1.3537598
70,0.5821228,0.060119629,-1.2409973
71,0.50506592,0.4335022,-1.3047791
72,0.49545288,0.47897339,-1.3362122
73,0.45471191,0.519104,-1.4172363
74,0.48126221,0.23590088,-1.3922119
75,0.53161621,0.36560059,-1.3780212
76,0.46829224,0.52001953,-1.2225342
77,0.34332275,0.27877808,-1.4286804
78,0.31677246,-0.11642456,-1.4360046
79,0.24932861,0.19851685,-1.4091492
80,0.15899658,0.19790649,-1.4736938
81,0.048522949,0.62561035,-1.3037109
82,0.10192871,0.78872681,-1.3653564
83,0.032196045,1.2084961,-1.3537598
84,-0.16616821,0.52841187,-1.2580872
85,-0.09765625,0.81283569,-1.3201904
86,-0.29174805,0.93582153,-1.1856079
87,-0.2041626,0.96984863,-1.0710144
88,-0.46585083,1.0586548,-1.0940552
89,-0.37734985,0.99792481,-1.0159302
90,-0.42388916,0.87265015,-1.1271667
91,-0.23590088,0.94421387,-0.95199585
92,-0.45043945,1.0047913,-0.97229004
93,-0.50750732,1.1860657,-1.0369873
94,-0.62347412,1.0313416,-0.87753296
95,-0.7925415,1.1132813,-0.86196899
96,-0.71228027,1.1663818,-0.82519531
97,-0.67977905,1.1593628,-0.80566406
98,-0.73913574,1.1846924,-0.82626343
99,-0.80078125,1.1242676,-0.72265625
100,-0.92971802,1.240387,-0.70602417
101,-0.94955444,1.3134766,-0.64804077
102,-0.93688965,1.4222717,-0.62927246
103,-1.0870361,1.282959,-0.64300537
104,-1.0969543,1.156311,-0.6137085
105,-1.2017822,1.2211609,-0.63140869
106,-1.2075806,1.277771,-0.51986694
107,-1.2545776,1.2989807,-0.47653198
108,-1.3000488,1.2982178,-0.48980713
109,-1.2646484,1.1495972,-0.51528931
110,-1.3774109,0.93917847,-0.56808472
111,-1.3815308,1.0473633,-0.41030884
112,-1.5397644,1.0728455,-0.20584106
113,-1.4883423,1.1553955,-0.22796631
114,-1.4901733,1.2258911,-0.15289307
115,-1.6841125,1.3737488,-0.011291504
116,-1.8400574,1.2664795,-0.027770996
117,-1.7268372,1.1708069,-0.054168701
118,-1.9274902,1.275177,0.03112793
119,-1.6748047,1.3200378,0.1663208
120,-1.839447,1.3873291,0.28808594
121,-1.8759155,1.1030579,0.17059326
122,-1.8701172,1.3432312,0.21774292
123,-1.8426514,1.0920715,0.38024902
124,-2.0046997,1.0168457,0.41152954
125,-1.9297791,1.1880493,0.49407959
126,-2.0713806,1.1051941,0.58868408
127,-2.1463013,1.0466003,0.48477173
128,-2.1138,1.0006714,0.57739258
129,-2.0939636,1.1013794,0.52886963
130,-1.9972229,1.2004089,0.57937622
131,-2.0193481,1.2890625,0.86242676
132,-2.0834351,1.1831665,0.8102417
133,-1.9248962,1.101532,0.84274292
134,-1.953125,0.8442688,0.92041016
135,-1.9754028,0.67810059,0.97976685
136,-2.1328735,0.57052612,1.0327148
137,-2.0941162,0.45227051,0.94772339
138,-2.0838928,0.37536621,0.94787598
139,-2.2387695,0.33065796,1.1923218
140,-2.0797729,0.16967773,1.1032104
141,-2.0837402,0.26947022,1.2106323
142,-2.2019958,0.23986816,1.3031006
143,-2.1737671,0.18829346,1.2652588
144,-2.197113,0.13870239,1.1891174
145,-1.9944763,-0.1914978,1.31073
146,-2.106781,-0.10421753,0.89538574
147,-2.0849609,-0.071411133,1.4279175
148,-2.093811,-0.18661499,1.4916992
149,-2.0001221,-0.32394409,1.5609741
150,-2.1206665,0.28106689,1.570282
151,-2.2361755,0.62286377,1.5087891
152,-2.0301819,-0.27374268,1.5943909
153,-1.9845581,-0.42221069,1.4810181
154,-2.0507813,-0.44281006,1.6340637
155,-1.9342041,-0.728302,1.5724182
156,-2.0747375,-0.49118042,1.7088318
157,-2.1020508,-0.66650391,1.6200256
158,-2.0336914,-0.68145752,1.8429565
159,-1.8414307,-0.70114136,1.8817139
160,-1.9821167,-0.83740234,1.8302917
161,-1.8496704,-0.96420288,1.7945862
162,-1.6589355,-0.92010498,1.8634033
163,-1.7488098,-1.0081482,1.867981
164,-1.5826416,-0.88912964,1.8510437
165,-1.6941834,-0.88043213,1.8759155
166,-1.5280151,-0.9274292,1.9245911
167,-1.5808105,-0.97900391,1.9996643
168,-1.6012573,-1.2121582,1.8792725
169,-1.5852356,-1.3365173,1.9146729
170,-1.3302612,-1.1909485,1.8861389
171,-1.4065552,-1.3313293,1.9213867
172,-1.4053345,-1.4976501,1.7407227
173,-1.3549805,-1.5936279,1.8531799
174,-1.5135193,-1.6496277,1.5415955
175,-1.4335632,-1.736908,1.5457153
176,-1.2200928,-1.542511,1.9189453
177,-1.0531616,-1.5348816,1.880188
178,-1.053772,-1.4309692,1.9706726
179,-0.93475342,-1.64505,1.8263245
180,-1.0131836,-1.6467285,1.9573975
181,-0.90942383,-1.8273926,1.8243408
182,-0.90637207,-1.902771,1.9085693
183,-0.83969116,-1.8725586,1.7999268
184,-0.80474853,-1.778717,1.8678284
185,-0.74188232,-2.0011902,1.7254639
186,-0.74813843,-1.9699097,1.6836548
187,-0.41778564,-2.2679138,1.6522217
188,-0.58227539,-2.0515442,1.7382813
189,-0.49942017,-1.960907,1.7388916
190,-0.39291382,-2.0269775,1.7674255
191,-0.33447266,-2.0440674,1.6294861
192,-0.24658203,-2.0498657,1.6246033
193,-0.3314209,-2.0983887,1.6070557
194,-0.35354614,-2.2377014,1.3676453
195,-0.24841309,-2.3222351,1.4024353
196,-0.015258789,-2.2570801,1.4511108
197,-0.032653809,-2.2839355,1.337738
198,-0.17959595,-2.1166992,1.4898682
199,0.016479492,-2.1679688,1.4483643
200,0.081329346,-2.1000671,1.3591003
201,0.16204834,-2.2351074,1.3465881
202,0.22857666,-2.2767639,1.3021851
203,0.21987915,-2.3791504,1.2524414
204,0.35705566,-2.3434448,1.0954285
205,0.30548096,-2.355957,1.1088562
206,0.35125732,-2.3622131,1.0334778
207,0.3453064,-2.3408508,0.85906982
208,0.46646118,-2.2627258,0.72998047
209,0.48721314,-2.2303772,0.74523926
210,0.61477661,-2.2012329,0.94497681
211,0.49636841,-2.4119568,0.88150024
212,0.59799194,-2.3219299,0.69671631
213,0.65383911,-2.3347473,0.69213867
214,0.69717407,-2.4206543,0.78292847
215,0.69107056,-2.1824646,0.63339233
216,0.67550659,-1.9068909,0.63842773
217,0.93017578,-2.27005,0.57983398
218,0.97488403,-2.207489,0.42282105
219,1.0594177,-2.1690369,0.41931152
220,0.92697144,-2.1020508,0.28442383
221,1.0760498,-2.0852661,0.26092529
222,0.98449707,-2.1520996,0.12680054
223,1.0630798,-2.0922852,0.17929077
224,0.89859009,-2.1130371,0.032348633
225,1.1323547,-2.0349121,0.13259888
226,0.96939087,-2.0901489,0.094909668
227,1.1140442,-1.9847107,0.18356323
228,1.0780334,-1.8328857,-0.019378662
229,0.98876953,-1.7936707,0.052490234
230,1.1880493,-1.6986084,-0.06942749
231,1.1305237,-1.8225098,0.024108887
232,1.0531616,-1.6490173,-0.18539429
233,0.95703125,-1.776123,-0.19821167
234,1.1207581,-1.5348816,-0.23681641
235,1.1769104,-1.4794922,-0.44509888
236,1.2850952,-1.3700867,-0.34866333
237,0.98403931,-1.4785767,-0.34439087
238,1.1126709,-1.3952637,-0.41656494
239,1.1645508,-1.3388062,-0.41976929
240,1.1599731,-1.2664795,-0.64819336
241,1.1795044,-1.2121582,-0.51605225
242,1.098938,-1.217804,-0.62545776
243,1.0873413,-1.2940979,-0.73226929
244,1.1882019,-1.2275696,-0.8114624
245,1.1019897,-1.1613464,-0.67077637
246,1.1909485,-1.0575867,-0.70419312
247,1.1123657,-1.2023926,-0.93032837
248,1.0879517,-1.0237122,-0.8946228
249,1.240387,-1.2492371,-0.99792481
250,1.0513306,-0.98526001,-0.79452515
251,1.0435486,-0.92483521,-0.89797974
252,0.9286499,-0.88729858,-0.7862854
253,0.99945068,-0.76828003,-0.98327637
254,1.1114502,-0.63598633,-0.9828186
255,0.91278076,-0.46813965,-0.95581055
256,1.0214233,-0.51315308,-1.0778809
257,0.94390869,-0.53634644,-1.1647034
258,0.94802856,-0.57128906,-1.0971069
259,0.80078125,-0.40649414,-1.2316895
260,0.85525513,-0.38040161,-1.2588501
261,0.81680298,-0.15167236,-1.1804199
262,0.76919556,-0.22766113,-1.1763
263,0.71670532,-0.012817383,-1.1677551
264,0.78857422,-0.2116394,-1.0986328
265,0.61676025,-0.079193115,-1.0583496
266,0.64102173,0.10147095,-1.1038208
267,0.39474487,-0.51315308,-1.1885071
268,0.43640137,0.054168701,-1.2814331
269,0.41259766,0.19622803,-1.1903381
270,0.4951477,0.17578125,-1.2135315
271,0.28625488,0.26855469,-1.2107849
272,0.24490356,0.36132813,-1.1627197
273,0.26748657,0.35385132,-1.2304688
274,0.18692017,0.71563721,-1.403656
275,0.25024414,0.37948608,-1.2773132
276,0.13153076,0.35064697,-1.1300659
277,0.16845703,-0.061645508,-1.217804
278,-0.11825561,-0.18798828,-1.2327576
279,0.075378418,0.079650879,-1.4134216
280,0.089416504,0.44555664,-1.0618591
281,-0.01373291,0.59936523,-1.2342834
282,-0.12054443,0.67504883,-1.0791016
283,-0.18737793,0.71838379,-1.1909485
284,-0.36499023,1.2948608,-0.99853516
285,-0.37292481,1.1169434,-0.96008301
286,-0.45196533,1.026001,-0.89645386
287,-0.48110962,0.909729,-0.809021
288,-0.51727295,0.84091187,-0.92559815
289,-0.50765991,0.96084595,-0.98739624
290,-0.72357178,0.96542358,-0.92971802
291,-0.68756103,0.99487305,-0.98068237
292,-0.61203003,1.1233521,-0.91110229
293,-0.70602417,1.2464905,-0.88806152
294,-0.78674316,1.1454773,-0.95428467
295,-0.66741943,1.1624146,-0.85952759
296,-0.94406128,1.076355,-0.9375
297,-0.9614563,1.1376953,-0.70678711
298,-0.96679688,1.1689758,-0.67184448
299,-1.0314941,1.1943054,-0.64865112
300,-1.1500549,1.2776184,-0.59570313
301,-1.0427856,1.0797119,-0.443573
302,-1.0765076,1.2081909,-0.47698975
303,-1.1001587,1.1802673,-0.44464111
304,-1.1448669,1.2158203,-0.38116455
305,-1.1592102,1.290741,-0.40039063
306,-1.2705994,1.2985229,-0.32318115
307,-1.4105225,1.3093567,-0.25939941
308,-1.3000488,1.2338257,-0.22949219
309,-1.5426636,0.98266602,-0.23986816
310,-1.5238953,1.0855103,-0.23284912
311,-1.4581299,1.1184692,-0.13885498
312,-1.4646912,1.139679,0.01663208
313,-1.5100098,1.0610962,-0.10528565
314,-1.6706848,1.1199951,0.11108398
315,-1.5260315,1.0217285,0.064697266
316,-1.6693115,0.98815918,-0.014343262
317,-1.7416382,1.1242676,0.21759033
318,-1.7767334,0.90591431,0.15670776
319,-1.76651,0.92880249,0.25665283
320,-1.8966675,0.85235596,0.25238037
321,-1.9107056,0.94116211,0.26473999
322,-2.0358276,0.83496094,0.24291992
323,-2.015686,0.79879761,0.48431397
324,-1.9946289,0.75897217,0.47988892
325,-2.0237732,0.78216553,0.53222656
326,-2.2154236,0.73791504,0.60745239
327,-2.0954895,0.85754394,0.70709228
328,-2.1328735,0.53329468,0.69732666
329,-1.9676209,0.78567505,0.79788208
330,-2.1618652,0.66741943,0.77407837
331,-2.1389771,0.62255859,0.87844849
332,-2.1089172,0.52734375,0.84960938
333,-2.1107483,0.49072266,0.90896606
334,-1.947937,0.31677246,0.82962036
335,-1.9021606,0.35934448,0.80856323
336,-1.910553,0.50201416,0.91369629
337,-1.940918,0.40359497,1.1447144
338,-2.0411682,0.49423218,1.1680603
339,-1.8666077,0.22354126,1.1303711
340,-1.962738,-0.088806152,1.0144043
341,-1.971283,0.011749268,0.95565796
342,-1.9512939,0.012817383,1.0237122
343,-2.1881104,-0.060119629,1.4508057
344,-1.8041992,-0.02532959,1.5097046
345,-2.061615,-0.03326416,1.1082459
346,-2.0553589,-0.11962891,1.489563
347,-1.9100952,-0.38970947,1.3154602
348,-1.870575,-0.25924683,1.1558533
349,-1.9088745,-0.39520264,1.4607239
350,-1.7324829,-0.30441284,1.5911865
351,-1.7088318,-0.31967163,1.6287231
352,-1.791687,-0.40420532,1.5734863
353,-1.6954041,-0.38360596,1.7469788
354,-1.7381287,-0.53512573,1.6426086
355,-1.7852783,-0.57357788,1.6743469
356,-1.8743896,-0.64712524,1.6401672
357,-1.7678833,-0.74752808,1.6151428
358,-1.8728638,-0.80688477,1.7163086
359,-1.756134,-0.85922241,1.7179871
360,-1.7486572,-1.0884094,1.6473389
361,-1.652832,-1.0569763,1.829834
362,-1.8443298,-1.1378479,1.6662598
363,-1.672821,-1.3406372,1.7625427
364,-1.6714478,-1.3058472,1.8585205
365,-1.5966797,-1.1450195,1.8945313
366,-1.5557861,-1.1732483,1.7825317
367,-1.3978577,-1.2367249,1.6923523
368,-1.6111755,-1.2438965,1.7337036
369,-1.3314819,-1.4205933,1.7294312
370,-1.2750244,-1.3049316,1.9161987
371,-1.4073181,-1.5037537,1.7494202
372,-1.2617493,-1.6423035,1.7962646
373,-1.1218262,-1.8109131,1.7878723
374,-0.93551636,-1.754303,1.925354
375,-0.94619751,-1.6716003,1.8421936
376,-0.85998535,-1.6908264,1.7904663
377,-0.78018188,-1.7633057,1.8592834
378,-0.80169678,-1.7752075,1.8785095
379,-0.69488525,-1.7492676,1.8341064
380,-0.60241699,-1.8429565,1.771698
381,-0.66070557,-1.756897,1.7401123
382,-0.63644409,-1.9781494,1.6627502
383,-0.71365356,-1.9631958,1.8148804
384,-0.58258057,-1.9371033,1.7919922
385,-0.49743652,-2.0889282,1.6137695
386,-0.40206909,-1.9624329,1.4859009
387,-0.36621094,-1.9186401,1.4831543
388,-0.34332275,-2.0475769,1.5258789
389,-0.32485962,-2.0697021,1.5014648
390,-0.22445679,-1.9744873,1.3500977
391,-0.16281128,-2.0870972,1.3848877
392,-0.21347046,-2.1463013,1.3514709
393,-0.22064209,-2.2854614,1.2095642
394,-0.09552002,-2.3298645,1.2812805
395,-0.054321289,-2.2306824,1.2632751
396,-0.063476563,-2.1963501,1.3076782
397,-0.026397705,-2.2053528,1.2173462
398,0.23300171,-2.1177673,1.1535645
399,0.091094971,-2.1224976,1.1416626
400,0.1701355,-2.1391296,1.3031006
401,0.18692017,-2.1881104,1.0852051
402,0.21606445,-2.2305298,1.1244202
403,0.3074646,-2.2067261,0.94543457
404,0.45883179,-2.0967102,0.94696045
405,0.46020508,-2.2848511,0.76370239
406,0.55999756,-2.3068237,0.74401856
407,0.58105469,-2.1665955,0.74584961
408,0.59417725,-2.1214294,0.71929932
409,0.58181763,-2.0028687,0.72967529
410,0.67596435,-2.0355225,0.57647705
411,0.67504883,-2.134552,0.41610718
412,0.71334839,-2.0007324,0.51422119
413,0.75698853,-2.0262146,0.50415039
414,0.82702637,-2.0500183,0.50445557
415,0.85830688,-2.0018005,0.27450561
416,0.85296631,-1.9604492,0.28884888
417,0.81466675,-1.8591309,0.28625488
418,0.74707031,-1.7645264,0.25299072
419,0.9262085,-1.8530273,0.20004273
420,0.97290039,-2.0484924,0.048675537
421,0.89797974,-1.8096924,0.1751709
422,0.97991943,-1.8704224,0.045471191
423,0.72692871,-1.9348145,0.041656494
424,1.0110474,-1.749115,0.18997192
425,0.96923828,-1.7442322,-0.048828125
426,1.0112,-1.7349243,0.004425049
427,1.1009216,-1.7495728,-0.15808106
428,1.0894775,-1.7367554,-0.26535034
429,0.97137451,-1.6188049,-0.44342041
430,0.94009399,-1.6317749,-0.37384033
431,1.23703,-1.5026855,-0.47775269
432,0.96191406,-1.5353394,-0.36621094
433,1.0232544,-1.3626099,-0.35919189
434,1.0940552,-1.4550781,-0.39611816
435,1.0092163,-1.2905884,-0.42312622
436,1.0040283,-1.2606812,-0.52047729
437,1.0652161,-1.244812,-0.51727295
438,1.0794067,-1.1502075,-0.51254272
439,1.0791016,-1.1476135,-0.58181763
440,1.0853577,-1.0545349,-0.67138672
441,1.2207031,-0.92559815,-0.70831299
442,1.1471558,-0.77087402,-0.73959351
443,0.9362793,-0.73043823,-0.94314575
444,1.0821533,-0.6652832,-0.7333374
445,0.89401245,-0.71746826,-0.9211731
446,0.80703735,-0.57739258,-0.92895508
447,0.93658447,-0.56655884,-0.85922241
448,0.87432861,-0.53894043,-0.95855713
449,0.92132568,-0.58639526,-0.92086792
450,0.87463379,-0.60928345,-0.9413147
451,0.83877563,-0.55236816,-1.0238647
452,0.93780518,-0.37338257,-1.0340881
453,0.86990356,-0.28549194,-1.0888672
454,0.76049805,-0.22155762,-1.0385132
455,0.76202393,-0.11489868,-1.0813904
456,0.75820923,-0.090026855,-1.1485291
457,0.64163208,-0.091400146,-1.2509155
458,0.62774658,-0.18936157,-1.1711121
459,0.53756714,-0.08605957,-1.2246704
460,0.5078125,-0.009765625,-1.1727905
461,0.42098999,-0.17883301,-1.403656
462,0.18615723,-0.35018921,-1.4910889
463,0.23498535,0.094299316,-1.2417603
464,0.3364563,0.054168701,-1.2611389
465,0.30273438,0.23269653,-1.3597107
466,0.2961731,0.337677,-1.1538696
467,0.30502319,0.36575317,-1.164093
468,0.24383545,0.30776978,-1.0978699
469,0.17852783,0.43670654,-1.1798096
470,0.10803223,0.49362183,-1.1547852
471,0.036773682,0.42175293,-1.0137939
472,0.027008057,0.33233643,-1.0450745
473,-0.053863525,0.39550781,-1.171875
474,-0.18707275,0.50415039,-1.1123657
475,-0.094299316,0.60180664,-1.1325073
476,-0.1109314,0.6111145,-1.1238098
477,-0.031738281,0.72387695,-1.2489319
478,-0.29479981,0.59799194,-1.2420654
479,-0.47409058,0.70175171,-1.0154724
480,-0.48217773,0.83557129,-1.0847473
481,-0.54962158,1.0279846,-0.91903687
482,-0.574646,0.94589233,-0.91522217
483,-0.5619812,1.0253906,-0.99655151
484,-0.60287476,1.0809326,-0.91934204
485,-0.74066162,0.92163086,-0.96633911
486,-0.82641602,1.1558533,-0.74996948
487,-0.7220459,1.047821,-0.78765869
488,-0.76629639,0.96755981,-0.76721191
489,-0.83190918,0.99380493,-0.74386597
490,-0.90026856,1.1686707,-0.63415527
491,-0.89050293,1.1227417,-0.66940308
492,-0.92376709,1.1494446,-0.69259644
493,-1.0153198,1.1376953,-0.5657959
494,-1.0540771,1.157074,-0.62728882
495,-1.0751343,1.1116028,-0.60714722
496,-1.2609863,1.0319519,-0.54107666
497,-1.2786865,1.0098267,-0.49057007
498,-1.1720276,0.92880249,-0.42724609
499,-1.3223267,0.95916748,-0.38970947
500,-1.2414551,1.0643005,-0.23971558
501,-1.3543701,1.0751343,-0.1890564
502,-1.3845825,1.1964416,-0.12878418
503,-1.5663147,0.69473267,-0.53451538
504,-1.526947,1.0420227,-0.092468262
505,-1.5783691,1.1462402,-0.091247559
506,-1.5629578,1.1351013,-0.12451172
507,-1.6259766,1.1071777,-0.043334961
508,-1.5942383,1.0610962,0.015716553
509,-1.7245483,1.0484314,0.28091431
510,-1.6036987,1.0415649,0.23101807
511,-1.7930603,1.0917664,0.18157959
512,-1.7814636,1.0314941,0.23162842
513,-1.7814636,1.0415649,0.33950806
514,-1.6557312,0.93185425,0.21453857
515,-1.8331909,0.92391968,0.20629883
516,-1.7115784,0.82519531,0.44631958
517,-1.8716431,0.8215332,0.52139282
518,-1.9309998,0.86929321,0.62408447
519,-1.8711853,0.54718018,0.496521
520,-1.9410706,0.66162109,0.72967529
521,-1.8998718,0.72738647,0.55847168
522,-1.986084,0.77438354,0.71792603
523,-1.9261169,0.71807861,0.76553345
524,-1.8780518,0.7850647,0.85754394
525,-1.9070435,0.39382935,0.76538086
526,-1.9589233,0.39764404,0.82382202
527,-1.8971252,0.50170898,0.84869385
528,-2.1211243,0.36987305,1.0414124
529,-2.0629883,0.37536621,1.0836792
530,-2.0452881,0.24841309,1.0852051
531,-2.0046997,0.23681641,1.2200928
532,-1.8974304,0.2305603,1.1920166
533,-1.8449402,0.19088745,1.1817932
534,-2.0373535,0.063323975,1.2130737
535,-2.0603943,-0.09552002,1.2480164
536,-2.01828,-0.02746582,1.4147949
537,-2.0178223,-0.038757324,1.466217
538,-1.7277527,-0.41442871,1.4044189
539,-2.0207214,-0.21087647,1.3189697
540,-1.9300842,-0.26168823,1.2921143
541,-2.1017456,-0.47317505,1.7379761
542,-2.0292664,-0.45410156,1.7871094
543,-1.8855286,-0.60287476,0.84228516
544,-1.9458008,-0.50506592,1.6046143
545,-1.8832397,-0.41854858,1.6526794
546,-1.9114685,-0.5229187,1.5679932
547,-1.8572998,-0.6350708,1.6670227
548,-1.6958618,-0.65734863,1.6049194
549,-1.7524719,-0.71365356,1.7724609
550,-1.867218,-0.77316284,1.7424011
551,-1.6073608,-0.7913208,1.7251587
552,-1.6641235,-0.85235596,1.8185425
553,-1.7678833,-0.98129272,1.778717
554,-1.8048096,-1.0174561,1.5968323
555,-1.605072,-1.0037231,1.7495728
556,-1.6020203,-0.9967041,1.7944336
557,-1.5106201,-1.0566711,1.9917297
558,-1.451416,-1.0697937,2.0249939
559,-1.3511658,-1.1302185,1.8434143
560,-1.3768005,-1.3383484,1.8305969
561,-1.4480591,-1.4967346,1.763916
562,-1.3394165,-1.5136719,1.8507385
563,-1.1743164,-1.4199829,1.8179321
564,-1.2365723,-1.4810181,1.8234253
565,-1.1657715,-1.4125061,1.9812012
566,-1.1047363,-1.8612671,1.7840576
567,-1.09375,-1.6003418,1.8048096
568,-1.1297607,-1.7077637,1.8008423
569,-1.1578369,-1.7427063,1.7756653
570,-1.0734558,-1.5586853,1.6856384
571,-1.0528564,-1.6519165,1.8096924
572,-0.81207275,-1.6896057,1.8261719
573,-0.90744019,-1.6833496,1.8058777
574,-0.80413818,-1.7349243,1.7929077
575,-0.74050903,-1.8040466,1.8135071
576,-0.60958862,-1.8435669,1.7861938
577,-0.4725647,-1.9763184,1.7900085
578,-0.51605225,-2.0458984,1.7611694
579,-0.5960083,-2.1112061,1.7410278
580,-0.53863525,-1.8518066,1.6500854
581,-0.38223267,-1.8998718,1.6236877
582,-0.28442383,-1.9902039,1.6337585
583,-0.27877808,-1.9796753,1.6403198
584,-0.23513794,-2.1656799,1.6644287
585,-0.14755249,-2.1710205,1.3931274
586,-0.11001587,-2.3278809,1.3244629
587,-0.1751709,-2.0362854,1.5507507
588,-0.028991699,-2.1806335,1.2820435
589,0.06149292,-2.0625305,1.3372803
590,0.011444092,-1.973114,1.2625122
591,0.017089844,-2.1131897,1.179657
592,0.14984131,-2.2398376,1.2605286
593,0.26535034,-2.2972107,1.1956787
594,0.25924683,-2.2276306,1.1734009
595,0.33248901,-2.2276306,1.1065674
596,0.37979126,-2.2488403,1.0632324
597,0.40008545,-2.1278381,0.96664429
598,0.46203613,-2.2085571,0.92651367
599,0.5116272,-2.0770264,0.89324951
600,0.57800293,-2.000885,0.78445435
601,0.59295654,-2.0037842,0.76370239
602,0.61904907,-2.0487976,0.831604
603,0.70373535,-2.0048523,0.72479248
604,0.67443848,-2.013855,0.72570801
605,0.71838379,-2.053833,0.69824219
606,0.78430176,-2.038269,0.61416626
607,0.675354,-2.0730591,0.42205811
608,0.80612183,-2.0957947,0.41137695
609,0.86257935,-2.0950317,0.19851685
610,0.8605957,-1.9900513,0.34683228
611,0.92315674,-1.9761658,0.35232544
612,0.92193603,-1.9421387,0.31112671
613,0.95153809,-1.8460083,0.22445679
614,1.040802,-1.9219971,0.20843506
615,1.0266113,-1.8322754,0.15640259
616,1.0453796,-1.9142151,0.12573242
617,1.134491,-1.9424438,-0.10101318
618,1.1434937,-1.7736816,0.000762939
619,1.2287903,-1.7829895,-0.003967285
620,1.2467957,-1.7059326,-0.12939453
621,1.2181091,-1.6436768,-0.057220459
622,1.1947632,-1.62323,-0.17059326
623,1.1952209,-1.5484619,-0.36453247
624,1.1730957,-1.579895,-0.50125122
625,1.2019348,-1.5635681,-0.45944214
626,1.270752,-1.4465332,-0.50292969
627,1.0913086,-1.5112305,-0.5607605
628,1.1743164,-1.4274597,-0.53161621
629,1.1050415,-1.3630676,-0.66772461
630,1.2840271,-1.2904358,-0.49179077
631,1.2583923,-1.3330078,-0.57556152
632,1.1877441,-1.2115479,-0.61233521
633,1.2786865,-1.1395264,-0.82748413
634,1.2081909,-1.2115479,-0.76522827
635,1.0877991,-0.96328735,-0.65216065
636,1.0479736,-1.2139893,-0.63690185
637,1.0617065,-1.1912537,-0.69030762
638,1.1219788,-1.1909485,-0.86975098
639,1.1010742,-0.91140747,-0.80703735
640,1.2054443,-0.72738647,-0.86883545
641,1.0610962,-0.56289673,-1.0246277
642,1.1482239,-0.61172485,-1.051178
643,1.1039734,-0.51483154,-1.0638428
644,1.0211182,-0.49102783,-1.0939026
645,0.97351074,-0.44631958,-1.1376953
646,0.88409424,-0.3793335,-1.1875916
647,0.92910767,-0.37841797,-1.2554932
648,1.0121155,-0.46707153,-1.214447
649,0.88226318,-0.39581299,-1.2322998
650,1.0623169,-0.28289795,-1.2211609
651,0.78582764,-0.21148682,-1.3879395
652,0.88577271,-0.15914917,-1.2026978
653,0.73745728,-0.066680908,-1.3388062
654,0.75714111,-0.052490234,-1.3616943
655,0.52261353,-0.10269165,-1.3604736
656,0.57022095,-0.090484619,-1.3696289
657,0.48187256,0.077667236,-1.2303162
658,0.37155151,0.27893066,-1.3619995
659,0.42694092,0.37902832,-1.3497925
660,0.49865723,0.4019165,-1.4013672
661,0.33020019,0.37597656,-1.3340759
662,0.42358398,0.5355835,-1.2298584
663,0.32409668,0.48431397,-1.317749
664,0.26473999,0.47912598,-1.2063599
665,0.29602051,0.31204224,-1.3212585
666,0.26550293,0.49667358,-1.2458801
667,0.20507813,0.61004639,-1.2739563
668,0.13305664,0.64971924,-1.1869812
669,0.12145996,0.77285767,-1.1999512
670,0.026855469,0.65628052,-1.2460327
671,-0.15655518,0.7585144,-1.1335754
672,-0.20431519,0.9765625,-1.1323547
673,-0.27511597,0.96969604,-1.1404419
674,-0.28442383,0.90179443,-1.1972046
675,-0.27008057,0.94024658,-1.1967468
676,-0.26260376,1.1083984,-1.2788391
677,-0.43945313,1.030426,-1.1579895
678,-0.48309326,1.1805725,-1.1943054
679,-0.42068481,1.0139465,-1.0043335
680,-0.57037353,1.0003662,-1.109314
681,-0.65460205,1.0009766,-0.92697144
682,-0.55496216,1.1352539,-0.85189819
683,-0.70907593,1.2017822,-0.82366943
684,-0.80551147,1.1546326,-0.92224121
685,-0.92712402,1.1711121,-0.7321167
686,-1.0041809,1.2716675,-0.8821106
687,-0.97946167,1.2483215,-0.73623657
688,-1.0568237,1.2979126,-0.54748535
689,-1.0897827,1.2634277,-0.60974121
690,-1.1264038,1.2117004,-0.5368042
691,-1.2602234,1.3253784,-0.69442749
692,-1.2199402,1.2869263,-0.4800415
693,-1.3031006,1.3604736,-0.56030273
694,-1.4247131,1.3043213,-0.40542603
695,-1.4927673,1.308136,-0.30426025
696,-1.4868164,1.3018799,-0.30197144
697,-1.4595032,1.0987854,-0.29373169
698,-1.5266418,1.1074829,-0.27313232
699,-1.7115784,1.2133789,-0.14373779
700,-2.0330811,0.51834106,-0.47180176
701,-1.7298889,0.98937988,-0.091094971
702,-1.7098999,1.3121033,0.037231445
703,-1.6372681,1.1643982,-0.022277832
704,-1.7521667,1.146698,0.01373291
705,-1.9151306,1.231842,0.25573731
706,-1.8315125,1.2210083,0.19210815
707,-1.7700195,1.2141418,0.30471802
708,-1.8873596,1.0888672,0.20263672
709,-1.8591309,1.1105347,0.34561157
710,-1.9172668,0.88256836,0.3578186
711,-2.0297241,1.0165405,0.46554565
712,-2.0739746,0.83023071,0.44403076
713,-1.8894959,0.93261719,0.52429199
714,-2.0709229,1.0427856,0.56533813
715,-1.9137573,0.82611084,0.58929443
716,-1.9338989,0.63552856,0.66619873
717,-2.1939087,0.60623169,0.58990478
718,-2.1272278,0.60073853,0.71929932
719,-2.1629333,0.64178467,0.67016602
720,-2.1273804,0.7522583,0.6628418
721,-2.1133423,0.69152832,0.85678101
722,-1.990509,0.68496704,0.94406128
723,-2.1492004,0.5519104,1.0021973
724,-2.2120667,0.55389404,1.1280823
725,-1.9291687,0.39474487,1.2423706
726,-2.2413635,0.62286377,0.87768555
727,-2.3350525,0.51345825,1.0438538
728,-2.2016907,0.32699585,1.2188721
729,-2.208252,0.33126831,1.2036133
730,-2.1560669,0.11428833,1.373291
731,-2.1568298,0.097045898,1.4562988
732,-2.1652222,0.003051758,1.2908936
733,-2.1139526,-0.001831055,1.415863
734,-2.1142578,-0.2507019,1.255188
735,-2.089386,-0.01159668,1.4135742
736,-2.1534729,-0.20751953,1.6101074
737,-2.039032,-0.32211304,1.4370728
738,-2.0257568,-0.17547607,1.5289307
739,-1.9967651,-0.2684021,1.8984985
740,-2.1513367,-0.52658081,1.5177917
741,-2.0353699,-0.24642944,1.6853333
742,-1.9691467,-0.33020019,1.2690735
743,-1.9636536,-0.28244019,1.7132568
744,-1.8731689,-0.60729981,1.7816162
745,-1.9300842,-0.53161621,1.8415833
746,-1.9198608,-0.8241272,1.8438721
747,-1.8414307,-0.78048706,1.9885254
748,-1.8014526,-0.72189331,1.8460083
749,-1.8696594,-0.86334228,1.8896484
750,-1.7453003,-1.0258484,1.8508911
751,-1.6313171,-1.0800171,1.8330383
752,-1.6088867,-1.4692688,1.9281006
753,-1.6828918,-1.5924072,1.7700195
754,-1.5899658,-1.2521362,1.8774414
755,-1.542511,-1.3482666,1.9085693
756,-1.5658569,-1.0888672,2.041626
757,-1.5562439,-1.0804749,1.9973755
758,-1.4324951,-1.4559937,1.9398499
759,-1.5466309,-1.4523315,1.7297363
760,-1.3766479,-1.401062,1.9517517
761,-1.4147949,-1.3708496,2.1191406
762,-1.2243652,-1.7059326,1.6830444
763,-1.114502,-1.8656921,1.8774414
764,-1.0519409,-1.7955017,2.0318604
765,-0.91003418,-1.7842102,2.0198059
766,-0.87554932,-1.6885376,2.0254517
767,-1.0127258,-1.6397095,2.0898438
768,-0.94604492,-1.7263794,2.0518494
769,-0.92849731,-1.7341614,1.7935181
770,-0.73669434,-1.9744873,1.7541504
771,-0.80734253,-1.9078064,1.6166687
772,-0.6842041,-2.1232605,1.7723084
773,-0.67993164,-2.0802307,1.9009399
774,-0.52093506,-2.0552063,1.7753601
775,-0.61050415,-2.0977783,1.7384338
776,-0.39733887,-2.1298218,1.5965271
777,-0.31570435,-2.0729065,1.7385864
778,-0.40298462,-2.220459,1.7681885
779,-0.24505615,-2.0214844,1.7167664
780,-0.20111084,-2.1226501,1.7979431
781,-0.14587402,-2.1336365,1.6003418
782,-0.20507813,-2.2344971,1.608429
783,-0.19592285,-2.2921753,1.6912842
784,0.099334717,-2.3974609,1.6410828
785,0.022277832,-2.6133728,1.5708923
786,0.001678467,-2.3228455,1.4953613
787,0.14419556,-2.6313782,1.3671875
788,0.19592285,-2.3214722,1.2210083
789,0.32012939,-2.276001,1.2667847
790,0.21560669,-2.3153687,1.2338257
791,0.31295776,-2.557373,1.0818481
792,0.38635254,-2.4185181,1.0321045
793,0.48965454,-2.3294067,1.0031128
794,0.52124023,-2.4497986,1.1456299
795,0.58670044,-2.482605,1.1024475
796,0.60897827,-2.4969482,1.028595
797,0.65124512,-2.3664856,0.99060059
798,0.69076538,-2.3893738,0.91186523
799,0.72875977,-2.280426,0.85144043
800,0.79681397,-2.2973633,0.75134277
801,0.90591431,-2.4099731,0.67993164
802,0.97122192,-2.3608398,0.61096191
803,0.86608887,-2.2116089,0.5696106
804,1.0313416,-2.1994019,0.49697876
805,1.0063171,-2.1287537,0.41900635
806,0.93765259,-2.1688843,0.34057617
807,0.99700928,-2.257843,0.31112671
808,0.99075317,-2.1098328,0.24185181
809,1.0873413,-2.3052979,0.24124145
810,1.0003662,-2.0625305,0.29693603
811,1.0870361,-2.122345,0.36956787
812,1.1296082,-2.0246887,0.21240234
813,1.2225342,-2.000885,0.042877197
814,1.2518311,-1.9677734,0.027923584
815,1.3851929,-1.9076538,-0.11413574
816,1.1906433,-1.9104004,-0.20126343
817,1.2055969,-1.8598938,-0.19622803
818,1.4007568,-1.81427,-0.23010254
819,1.4027405,-1.7298889,-0.25054932
820,1.3632202,-1.9921875,-0.38894653
821,1.2693787,-1.7939758,-0.32485962
822,1.1799622,-1.5299988,-0.1940918
823,1.3989258,-1.5751648,-0.28625488
824,1.3842773,-1.4074707,-0.39428711
825,1.2875366,-1.3627625,-0.53726196
826,1.2216187,-1.2521362,-0.5480957
827,1.2863159,-1.4787292,-0.67230225
828,1.1883545,-1.3825989,-0.62011719
829,1.2129211,-1.3238525,-0.61813354
830,1.1433411,-1.1404419,-0.74615478
831,1.1439514,-1.0493469,-0.92224121
832,1.3261414,-1.0406494,-0.91583252
833,1.285553,-1.0185242,-1.0121155
834,1.1967468,-0.92224121,-1.0188293
835,1.1050415,-0.79788208,-0.95153809
836,1.2373352,-0.82168579,-1.0140991
837,1.1509705,-0.84594727,-0.95581055
838,1.0990906,-0.79269409,-1.0458374
839,1.272583,-0.79879761,-1.1375427
840,1.0853577,-0.55419922,-1.0754395
841,1.0736084,-0.62744141,-1.2254334
842,1.1314392,-0.54641724,-1.0415649
843,1.078186,-0.5557251,-0.98861694
844,0.93887329,-0.41687012,-1.0630798
845,1.0351563,-0.41015625,-1.1369324
846,0.94894409,-0.27694702,-1.1824036
847,0.90240478,-0.25436401,-1.340332
848,0.79498291,-0.13900757,-1.2988281
849,0.82778931,-0.12512207,-1.4326477
850,0.78125,-0.20187378,-1.4677429
851,0.72265625,-0.039672852,-1.3696289
852,0.71136475,0.021209717,-1.4782715
853,0.56915283,-0.29022217,-1.3635254
854,0.30944824,-0.25146484,-1.5577698
855,0.57754517,-0.061950684,-1.2945557
856,0.55038452,0.16845703,-1.3201904
857,0.49804688,0.24597168,-1.3070679
858,0.51239014,0.040130615,-1.362915
859,0.30471802,0.28457642,-1.3896179
860,0.50704956,0.43014526,-1.3734436
861,0.43457031,0.39764404,-1.3752747
862,0.34240723,0.3742981,-1.4607239
863,0.20431519,0.5871582,-1.3565063
864,0.14419556,0.65368652,-1.3801575
865,-0.15670776,0.57876587,-1.4164734
866,-0.011901855,0.69717407,-1.4793396
867,0.083770752,0.79971313,-1.3822937
868,-0.12527466,0.82565308,-1.318512
869,-0.21865845,1.0351563,-1.2628174
870,-0.23422241,0.95306397,-1.3931274
871,-0.26916504,0.81115723,-1.3708496
872,-0.45471191,0.90682983,-1.0964966
873,-0.48706055,0.92163086,-1.2261963
874,-0.5770874,1.0949707,-1.1962891
875,-0.53344727,1.1871338,-1.3023376
876,-0.57693481,1.2207031,-0.95565796
877,-0.54168701,1.3282776,-1.0424805
878,-0.72982788,1.335907,-1.0664368
879,-0.61096191,1.3563538,-1.0858154
880,-0.75286865,1.2524414,-1.0282898
881,-0.97763062,1.1624146,-0.97991943
882,-0.75195313,1.2564087,-0.91903687
883,-0.95718384,1.2550354,-0.90988159
884,-0.85464478,1.3064575,-0.79666138
885,-1.0289001,1.3909912,-0.71746826
886,-1.1216736,1.3821411,-0.88058472
887,-1.2654114,1.3594055,-0.72479248
888,-1.2033081,1.3143921,-0.59539795
889,-1.1419678,1.2854004,-0.50827026
890,-1.3850403,1.2216187,-0.41198731
891,-1.2484741,1.3310242,-0.52764893
892,-1.2460327,1.3496399,-0.45623779
893,-1.3101196,1.2677002,-0.42816162
894,-1.4024353,1.2310791,-0.3793335
895,-1.5116882,1.2228394,-0.20263672
896,-1.545105,1.3653564,-0.36117554
897,-1.5925598,1.1236572,-0.3213501
898,-1.6043091,1.2084961,-0.19515991
899,-1.6581726,1.4228821,-0.15594482
900,-1.6990662,1.285553,0.059661865
901,-1.8222046,1.259613,0.1109314
902,-1.8025208,1.2753296,0.097198486
903,-1.8113709,1.2211609,0.20843506
904,-1.8907166,1.3513184,0.27374268
905,-1.8286133,1.1463928,0.24963379
906,-2.0283508,1.2980652,0.30563355
907,-2.0495605,1.1676025,0.27923584
908,-1.9148254,0.95169067,0.3036499
909,-1.9059753,1.0229492,0.37002564
910,-1.9143677,1.0632324,0.35690308
911,-1.9012451,1.1195374,0.56457519
912,-2.0413208,1.05896,0.63247681
913,-2.212677,0.86990356,0.7522583
914,-2.1063232,1.0316467,0.72937012
915,-2.040863,1.0626221,0.7661438
916,-2.0555115,0.93719482,0.80749512
917,-2.0651245,0.76354981,0.89981079
918,-2.0623779,0.85723877,0.93902588
919,-2.1539307,0.8366394,1.0269165
920,-2.0849609,0.76141357,1.1181641
921,-2.2529602,0.67565918,1.0273743
922,-2.1138,0.62698364,1.1436462
923,-2.2543335,0.49865723,1.2075806
924,-2.2410583,0.34942627,1.111145
925,-2.2633362,0.37658691,1.0279846
926,-2.1966553,0.32836914,1.2174988
927,-2.1939087,0.28198242,1.3720703
928,-2.1142578,0.20278931,1.2332153
929,-2.175293,0.27801514,1.3645935
930,-2.1835327,0.043945313,1.3899231
931,-2.0759583,0.12939453,1.3543701
932,-2.0327759,-0.093231201,1.35849
933,-2.0431519,-0.16525269,1.4099121
934,-2.0504761,-0.19866943,1.4225769
935,-2.0492554,-0.35720825,1.6378784
936,-2.0507813,-0.37979126,1.5228271
937,-1.9284058,-0.45013428,1.4154053
938,-1.9555664,-0.45761108,1.7608643
939,-2.0127869,-0.57434082,1.8788147
940,-1.8894959,-0.66314697,1.706543
941,-1.9764709,-0.43624878,1.7933655
942,-1.9145203,-0.57540894,1.8051147
943,-1.9134521,-0.68649292,1.7976379
944,-1.730957,-0.63705444,1.9374084
945,-1.7170715,-0.80718994,1.8421936
946,-1.8232727,-0.90454102,2.0756531
947,-1.807251,-1.0595703,2.0925903
948,-1.7929077,-0.98876953,1.8984985
949,-1.6864014,-1.1073303,1.8888855
950,-1.9494629,-1.2434387,1.9018555
951,-1.5711975,-1.2083435,1.776123
952,-1.5568542,-1.2840271,2.0639038
953,-1.4364624,-1.2548828,1.9140625
954,-1.4512634,-1.3439941,1.980896
955,-1.4303589,-1.3400269,1.9490051
956,-1.3916016,-1.456604,1.9664001
957,-1.4588928,-1.4434814,1.8740845
958,-1.378479,-1.6455078,2.1443176
959,-1.340332,-1.5698242,2.0335388
960,-1.1741638,-1.8972778,1.9514465
961,-1.0525513,-1.6401672,1.9776916
962,-1.1520386,-1.6818237,1.7713928
963,-0.97824097,-1.8899536,1.862793
964,-0.96389771,-1.9792175,1.8766785
965,-0.89157104,-1.8719482,1.9055176
966,-0.92468262,-1.741333,1.9837952
967,-0.84793091,-1.7512512,1.8884277
968,-0.78475952,-1.7797852,1.8325806
969,-0.72097778,-2.0892334,1.8453979
970,-0.75241089,-2.0877075,1.9120789
971,-0.62744141,-1.9018555,1.9342041
972,-0.59249878,-1.9726563,1.7877197
973,-0.53955078,-2.142334,1.6841125
974,-0.47912598,-2.1774292,1.6445923
975,-0.3918457,-2.225647,1.6021729
976,-0.29998779,-2.3124695,1.6119385
977,-0.23696899,-2.298584,1.6918945
978,-0.20431519,-2.2637939,1.794281
979,-0.18112183,-2.2543335,1.5881348
980,-0.18600464,-2.2909546,1.5075684
981,-0.11886597,-2.3181152,1.476593
982,0.053253174,-2.2924805,1.5646362
983,0.079956055,-2.3655701,1.5316772
984,0.087890625,-2.3626709,1.446991
985,0.16677856,-2.5344849,1.3053894
986,0.18127441,-2.4736023,1.3343811
987,0.16921997,-2.3239136,1.3032532
988,0.25512695,-2.2676086,1.2870789
989,0.37658691,-2.2424316,1.2440491
990,0.34759522,-2.2361755,1.1297607
991,0.42572022,-2.2161865,1.0899353
992,0.38574219,-2.2305298,1.1181641
993,0.43670654,-2.4237061,1.0005188
994,0.57373047,-2.3478699,0.86517334
995,0.6022644,-2.2360229,0.86608887
996,0.66848755,-2.1641541,0.88317871
997,0.61950684,-2.2459412,0.70922852
998,0.73867798,-2.1594238,0.63171387
999,0.76965332,-2.1414185,0.69763184
1000,0.87203979,-2.1992493,0.57952881
1001,0.71304321,-2.3100281,0.57403565
1002,0.69610596,-2.2732544,0.56518555
1003,0.75881958,-2.2653198,0.43228149
1004,0.831604,-2.1894836,0.5001831
1005,0.85845947,-2.1243286,0.40405273
1006,1.071167,-2.1316528,0.11734009
1007,0.91262817,-2.1469116,0.14511108
1008,0.95092773,-2.1350098,0.30059814
1009,1.1613464,-2.1112061,0.21911621
1010,1.1457825,-1.9561768,0.15396118
1011,1.1410522,-2.0465088,0.011291504
1012,1.2240601,-1.980896,0.029907227
1013,1.25,-2.0326233,-0.20751953
1014,1.2399292,-1.9267273,-0.15640259
1015,1.3163757,-1.8536377,-0.30426025
1016,1.3343811,-1.8920898,-0.065917969
1017,1.1904907,-1.7173767,-0.10742188
1018,1.3208008,-1.62323,-0.13595581
1019,1.1894226,-1.5699768,-0.18997192
1020,1.2619019,-1.5979004,-0.32424927
1021,1.3664246,-1.6271973,-0.37963867
1022,1.2605286,-1.4485168,-0.43060303
1023,1.2931824,-1.4225769,-0.66894531
1024,1.2588501,-1.4082336,-0.67001343
1025,1.3444519,-1.2211609,-0.59707642
1026,1.2561035,-1.1277771,-0.65872192
1027,1.2719727,-1.2373352,-0.77713013
1028,1.2322998,-1.1819458,-0.859375
1029,1.1483765,-1.2852478,-0.76660156
1030,1.1671448,-1.2451172,-0.83831787
1031,1.204834,-1.1276245,-0.74829102
1032,1.1218262,-0.95657349,-0.90988159
1033,1.0418701,-0.98144531,-0.87783813
1034,1.060791,-0.68359375,-0.92453003
1035,1.137085,-0.66879272,-1.1833191
1036,1.1654663,-0.59814453,-1.1573791
1037,0.8517456,-0.73059082,-1.0417175
1038,1.0395813,-0.63186646,-1.1894226
1039,0.96084595,-0.51803589,-1.1578369
1040,0.99075317,-0.50476074,-1.0456848
1041,1.0102844,-0.33233643,-1.1531067
1042,0.99258423,-0.33370972,-1.1961365
1043,0.93582153,-0.26824951,-1.2031555
1044,0.93078613,-0.12786865,-1.3287354
1045,0.74859619,-0.18661499,-1.3012695
1046,0.85952759,-0.00869751,-1.3793945
1047,0.64819336,0.065612793,-1.2966919
1048,0.61584473,-0.21362305,-1.4770508
1049,0.64987183,-0.045013428,-1.4453125
1050,0.75683594,-0.068359375,-1.5220642
1051,0.56030273,-0.031585693,-1.4329529
1052,0.49804688,0.1184082,-1.3365173
1053,0.47119141,0.38040161,-1.4981079
1054,0.53268433,0.50857544,-1.4053345
1055,0.39001465,0.63293457,-1.3804626
1056,0.47668457,0.43258667,-1.3208008
1057,0.415802,0.6338501,-1.3980103
1058,0.1234436,0.55633545,-1.388092
1059,0.16189575,0.50491333,-1.418457
1060,0.28427124,0.60394287,-1.4321899
1061,0.13870239,0.55419922,-1.2216187
1062,-0.081329346,0.74905396,-1.4097595
1063,-0.12649536,0.74523926,-1.4848328
1064,0.094299316,0.84274292,-1.3719177
1065,-0.069732666,0.7611084,-1.3580322
1066,-0.19470215,0.7888794,-1.270752
1067,-0.30853272,0.84594727,-1.3684082
1068,-0.31311035,0.97549438,-1.1949158
1069,-0.35583496,1.2200928,-1.2091064
1070,-0.32318115,1.03302,-1.2011719
1071,-0.46707153,1.2350464,-1.0064697
1072,-0.54428101,1.0021973,-0.96466065
1073,-0.49743652,1.0218811,-1.1651611
1074,-0.54916382,1.0713196,-1.0848999
1075,-0.77133179,1.2402344,-1.1079407
1076,-0.83786011,1.0375977,-0.88287353
1077,-0.79956055,1.2251282,-1.0064697
1078,-0.79360962,1.1775208,-0.92941284
1079,-0.97091675,1.1695862,-0.88424683
1080,-0.99472046,1.399231,-0.95962524
1081,-1.0754395,1.1421204,-0.75454712
1082,-0.88088989,1.2515259,-0.70922852
1083,-0.94146728,1.3067627,-0.75439453
1084,-1.0635376,1.3778687,-0.67810059
1085,-1.1825562,1.4512634,-0.72875977
1086,-1.2290955,1.3812256,-0.57983398
1087,-1.2886047,1.3569641,-0.46630859
1088,-1.2220764,1.3778687,-0.47744751
1089,-1.3919067,1.3252258,-0.39428711
1090,-1.4178467,1.2882996,-0.39794922
1091,-1.567688,1.2483215,-0.35552978
1092,-1.4971924,1.1380005,-0.49377441
1093,-1.743927,0.92041016,-0.53970337
1094,-1.6033936,1.1454773,-0.31005859
1095,-1.6854858,1.1361694,-0.28213501
1096,-1.6801453,0.99945068,-0.19088745
1097,-1.6653442,1.1616516,-0.13336182
1098,-1.7648315,1.2710571,-0.14709473
1099,-1.8392944,1.2007141,0.027008057
1100,-1.8379211,1.2924194,0.1248169
1101,-1.8914795,1.1683655,0.19104004
1102,-1.762085,1.2789917,0.14923096
1103,-1.86203,1.1676025,0.11169434
1104,-1.7877197,1.2008667,0.2571106
1105,-1.9351196,1.1395264,0.35934448
1106,-1.9944763,0.98602295,0.28091431
1107,-2.0735168,1.053009,0.49560547
1108,-2.0495605,1.02005,0.55053711
1109,-2.109375,0.85922241,0.48782349
1110,-2.1421814,0.95413208,0.77560425
1111,-2.0822144,0.7975769,0.6388855
1112,-2.0979309,0.69625854,0.65139771
1113,-2.1072388,0.64849853,0.7043457
1114,-2.1487427,0.88226318,0.89752197
1115,-2.0582581,0.83587647,0.91674805
1116,-2.2064209,0.70068359,0.95016479
1117,-2.2061157,0.82336426,1.0816956
1118,-2.1754456,0.66650391,0.96038818
1119,-2.2598267,0.61096191,1.1257935
1120,-2.1580505,0.42068481,1.1196899
1121,-2.1130371,0.29907227,1.1634827
1122,-1.9706726,0.36254883,1.3296509
1123,-2.1806335,0.26794434,1.1717224
1124,-2.1807861,0.19882202,1.2449646
1125,-2.3608398,0.18920898,1.4660645
1126,-2.3017883,0.17181397,1.3905334
1127,-2.2268677,0.10498047,1.3476563
1128,-2.2926331,0.090942383,1.5278625
1129,-2.0278931,0.095367432,1.5740967
1130,-2.0429993,0.065612793,1.5553284
1131,-2.2079468,0.029449463,1.5792847
1132,-2.1226501,-0.063323975,1.6091919
1133,-2.0574951,-0.14892578,1.6934204
1134,-1.965332,-0.18341065,1.8745422
1135,-2.0977783,-0.26641846,1.7800903
1136,-2.088623,-0.30075073,1.7906189
1137,-1.9587708,-0.47058106,1.9537354
1138,-1.9534302,-0.60363769,1.6830444
1139,-1.869812,-0.55130005,1.4181519
1140,-1.8664551,-0.71640015,1.6929626
1141,-1.7694092,-0.74707031,1.9923401
1142,-1.7935181,-0.69992065,1.9451904
1143,-1.804657,-0.86181641,1.8812561
1144,-1.7536926,-1.0499573,2.0622253
1145,-1.8795776,-1.1637878,2.0396423
1146,-1.9189453,-1.210022,1.9749451
1147,-1.7581177,-1.0452271,2.0910645
1148,-1.5907288,-1.098938,2.1618652
1149,-1.6744995,-1.098175,1.9081116
1150,-1.6952515,-1.2695313,1.9958496
1151,-1.6763306,-1.3037109,1.9348145
1152,-1.5737915,-1.4865112,1.9754028
1153,-1.5299988,-1.6352844,2.0204163
1154,-1.3041687,-1.4746094,2.0257568
1155,-1.5708923,-1.4984131,1.9764709
1156,-1.4047241,-1.5504456,2.0762634
1157,-1.3040161,-1.6244507,1.9694519
1158,-1.4421082,-1.7158508,1.92276
1159,-1.2713623,-1.839447,2.1264648
1160,-1.1581421,-1.8782043,2.0756531
1161,-1.2103271,-1.7936707,2.1060181
1162,-1.1273193,-1.7169189,2.1809387
1163,-1.078949,-1.7802429,2.1005249
1164,-0.85021973,-1.8664551,2.0381165
1165,-0.87753296,-1.9750977,1.9697571
1166,-0.7019043,-1.8554688,1.9308472
1167,-0.7460022,-1.8681335,1.8302917
1168,-0.78323364,-1.9250488,1.8893433
1169,-0.62484741,-2.1530151,1.9876099
1170,-0.53436279,-2.0896912,1.847229
1171,-0.48660278,-2.1905518,1.6955566
1172,-0.39306641,-2.1147156,1.6455078
1173,-0.37643433,-2.2657776,1.7202759
1174,-0.32821655,-2.1902466,1.7593384
1175,-0.30548096,-2.1986389,1.7150879
1176,-0.22872925,-2.1708679,1.6082764
1177,-0.1335144,-2.2050476,1.5943909
1178,-0.1461792,-2.3287964,1.5145874
1179,0.007476807,-2.2131348,1.5835571
1180,-0.11871338,-2.2108459,1.5853882
1181,-0.022735596,-2.2436523,1.4265442
1182,0.11749268,-2.2479248,1.3050842
1183,0.11947632,-2.3394775,1.3008118
1184,0.15930176,-2.4101257,1.3223267
1185,0.16967773,-2.4372864,1.2683105
1186,0.21911621,-2.4005127,1.2289429
1187,0.26596069,-2.3446655,1.1962891
1188,0.49011231,-2.361908,1.1361694
1189,0.44876099,-2.4397278,0.98297119
1190,0.50125122,-2.3432922,0.9298706
1191,0.32836914,-2.3902893,1.0601807
1192,0.45959473,-2.4482727,1.0482788
1193,0.65505981,-2.5009155,0.95306397
1194,0.53146362,-2.5500488,0.79330444
1195,0.5545044,-2.4821472,0.84686279
1196,0.59265137,-2.4435425,0.74386597
1197,0.66864014,-2.3194885,0.50201416
1198,0.8984375,-2.2315979,0.54367065
1199,0.91064453,-2.3643494,0.4675293
1200,1.0023499,-2.3046875,0.50079346
1201,0.88348389,-2.3086548,0.56640625
1202,1.0417175,-2.2961426,0.63873291
1203,0.98556519,-2.1427917,0.390625
1204,0.99151611,-2.0449829,0.35705566
1205,1.1386108,-2.1838379,0.055541992
1206,0.99151611,-2.116394,0.2116394
1207,1.105957,-2.1627808,0.11489868
1208,1.1994934,-2.0819092,0.063171387
1209,1.2646484,-1.9845581,0.05645752
1210,1.3122559,-1.8681335,-0.040588379
1211,1.0653687,-1.9139099,-0.15975952
1212,1.1219788,-1.8869019,-0.10757446
1213,1.1010742,-1.6809082,-0.11672974
1214,1.25,-1.8467712,-0.097503662
1215,1.289978,-1.7289734,-0.25634766
1216,1.2359619,-1.6110229,-0.44616699
1217,1.2680054,-1.5660095,-0.32150269
1218,1.2339783,-1.4221191,-0.38131714
1219,1.0574341,-1.5649414,-0.31509399
1220,1.1730957,-1.6897583,-0.3565979
1221,1.3058472,-1.6101074,-0.40176392
1222,1.2559509,-1.5010071,-0.66574097
1223,1.2193298,-1.2646484,-0.54916382
1224,1.2730408,-1.1477661,-0.56350708
1225,1.1700439,-1.1999512,-0.62927246
1226,1.2513733,-1.1375427,-0.69610596
1227,1.3104248,-0.90103149,-0.78918457
1228,1.3795471,-0.94940185,-0.90942383
1229,1.343689,-0.85128784,-0.8757019
1230,1.1054993,-0.99807739,-0.85830688
1231,1.1975098,-0.91781616,-0.83740234
1232,1.1682129,-0.859375,-0.93856812
1233,1.204071,-0.7673645,-0.98327637
1234,1.2223816,-0.87081909,-1.0926819
1235,1.1723328,-0.72296143,-1.0209656
1236,1.146698,-0.72860718,-1.0797119
1237,1.0037231,-0.67840576,-1.0905457
1238,1.0534668,-0.5090332,-1.1305237
1239,0.98083496,-0.37353516,-1.0409546
1240,1.0241699,-0.29541016,-1.0595703
1241,0.89050293,-0.20858765,-1.1125183
1242,0.88623047,-0.30105591,-1.1547852
1243,0.92071533,-0.20874023,-1.2956238
1244,0.80612183,0.060882568,-1.1920166
1245,0.74371338,-0.20355225,-1.2252808
1246,0.7649231,0.037841797,-1.2580872
1247,0.74401856,0.057220459,-1.421814
1248,0.7345581,-0.003051758,-1.289978
1249,0.60623169,-0.021057129,-1.3861084
1250,0.65063477,-0.11459351,-1.3876343
1251,0.79589844,0.13122559,-1.3362122
1252,0.55175781,0.014190674,-1.3360596
1253,0.4107666,0.25085449,-1.353302
1254,0.4788208,0.22094727,-1.3310242
1255,0.34790039,0.39840698,-1.3877869
1256,0.38818359,0.20477295,-1.342926
1257,0.36148071,0.45166016,-1.4706421
1258,0.37368774,0.1335144,-1.2998962
1259,0.11062622,0.25085449,-1.2387085
1260,0.14678955,0.53237915,-1.2815857
1261,0.051269531,0.62042236,-1.2738037
1262,-0.1109314,0.62530518,-1.1624146
1263,-0.2885437,0.67016602,-1.2449646
1264,-0.17791748,0.59371948,-1.3513184
1265,-0.093688965,0.77667236,-1.2026978
1266,-0.10345459,0.78689575,-1.111908
1267,-0.24291992,0.85342407,-1.1886597
1268,-0.38238525,0.84976196,-1.0255432
1269,-0.32272339,1.1117554,-1.1013794
1270,-0.4359436,1.1178589,-1.0313416
1271,-0.41763306,1.0826111,-1.0476685
1272,-0.4258728,1.1488342,-1.1457825
1273,-0.45089722,0.95397949,-1.0667419
1274,-0.49118042,1.0542297,-1.138916
1275,-0.62484741,1.0231018,-1.0321045
1276,-0.60653687,1.0839844,-0.98846435
1277,-0.75408935,1.1404419,-0.79574585
1278,-0.78414917,1.1766052,-0.72570801
1279,-0.98709106,1.1964416,-0.69198608
1280,-0.96084595,1.1587524,-0.77316284
1281,-1.0562134,1.089325,-0.72479248
1282,-1.0861206,1.1027527,-0.62011719
1283,-1.0536194,1.2254334,-0.63140869
1284,-1.2445068,1.2817383,-0.54962158
1285,-1.2791443,1.2600708,-0.51208496
1286,-1.1756897,1.2670898,-0.42312622
1287,-1.2666321,1.2286377,-0.43624878
1288,-1.4486694,1.2940979,-0.33447266
1289,-1.4318848,1.0929871,-0.39703369
1290,-1.4277649,1.1668396,-0.41900635
1291,-1.3551331,1.2969971,-0.20874023
1292,-1.4559937,1.2866211,-0.26443481
1293,-1.6159058,1.2115479,-0.1991272
1294,-1.640625,1.2921143,-0.09765625
1295,-1.590271,1.2602234,-0.021209717
1296,-1.6792297,1.1972046,-0.018768311
1297,-1.631012,1.0772705,0.11230469
1298,-1.7185974,1.0792541,0.10574341
1299,-1.6619873,1.1798096,0.19500732
1300,-1.8182373,1.0293579,0.17288208
1301,-1.9314575,1.1669922,0.21697998
1302,-1.9404602,1.065979,0.29846191
1303,-1.8933105,1.063385,0.35949707
1304,-1.9235229,0.93963623,0.41122436
1305,-1.9050598,1.0687256,0.42877197
1306,-2.0661926,0.95581055,0.49346924
1307,-1.953125,0.9967041,0.48049927
1308,-2.1278381,0.88638306,0.5531311
1309,-2.1086121,0.87585449,0.70724487
1310,-2.0681763,0.93170166,0.64819336
1311,-1.9546509,0.88775635,0.61141968
1312,-2.0643616,0.67672729,0.6716919
1313,-2.0175171,0.68542481,0.66940308
1314,-2.1292114,0.58609009,0.80703735
1315,-2.0233154,0.65216065,0.89630127
1316,-2.03125,0.51025391,0.93963623
1317,-1.8655396,0.47805786,0.91125488
1318,-1.9972229,0.35064697,1.0812378
1319,-2.2712708,0.22750855,1.0357666
1320,-2.074585,0.26367188,1.0882568
1321,-1.9483948,0.24810791,1.1701965
1322,-1.9999695,0.42236328,0.96740723
1323,-2.0001221,0.074005127,1.0803223
1324,-1.9602966,-0.36010742,1.2843323
1325,-2.0123291,-0.39886475,1.2918091
1326,-1.9184875,-0.2116394,1.1726379
1327,-1.9573975,-0.32623291,1.3882446
1328,-2.0451355,-0.1701355,1.4353943
1329,-2.046051,-0.24810791,1.365509
1330,-2.0202637,-0.28778076,1.4541626
1331,-1.9194031,-0.34576416,1.5219116
1332,-1.9166565,-0.37597656,1.5284729
1333,-1.9577026,-0.22888184,1.6682434
1334,-1.9436646,-0.27420044,1.6755676
1335,-1.8043518,-0.33294678,1.9360352
1336,-1.816864,-0.49957275,1.759491
1337,-1.8438721,-0.68237305,1.5357971
1338,-1.8838501,-0.84335327,1.5551758
1339,-1.8652344,-0.84411621,1.587677
1340,-1.9462585,-0.96679688,1.5209961
1341,-1.7102051,-0.79086304,1.7501831
1342,-1.6841125,-0.89538574,1.6213989
1343,-1.5794373,-0.76065063,1.7247009
1344,-1.5615845,-0.85449219,1.7379761
1345,-1.6688538,-0.96633911,1.9517517
1346,-1.6085815,-1.1192322,2.064209
1347,-1.3531494,-1.0801697,1.9624329
1348,-1.386261,-1.1256409,1.7913818
1349,-1.550293,-1.3012695,1.8234253
1350,-1.3409424,-1.1769104,1.8209839
1351,-1.2017822,-1.3046265,1.807251
1352,-1.2658691,-1.3551331,1.8411255
1353,-1.1991882,-1.4604187,1.8281555
1354,-1.1921692,-1.3917541,1.8310547
1355,-1.1425781,-1.3780212,1.7573547
1356,-1.1875916,-1.4427185,1.8013
1357,-1.0968018,-1.5461731,1.7208862
1358,-0.99334717,-1.6900635,1.8339539
1359,-0.82366943,-1.6329956,1.836853
1360,-0.98068237,-1.6827393,1.6719055
1361,-0.88424683,-1.8028259,1.6140747
1362,-0.77453613,-1.8183899,1.6786194
1363,-0.84243774,-1.7871094,1.7271423
1364,-0.81466675,-1.9038391,1.7277527
1365,-0.66513062,-1.8327332,1.6590881
1366,-0.65979004,-1.7648315,1.726532
1367,-0.62469482,-1.9827271,1.5905762
1368,-0.67489624,-2.0036316,1.6827393
1369,-0.41992188,-2.2431946,1.5827942
1370,-0.29876709,-2.1269226,1.6424561
1371,-0.2961731,-2.355957,1.4208984
1372,-0.28808594,-2.2425842,1.4570618
1373,-0.29586792,-1.991272,1.479187
1374,-0.22857666,-2.0582581,1.4855957
1375,-0.068359375,-1.9868469,1.4881897
1376,0.025177002,-2.1800232,1.4331055
1377,-0.019683838,-2.164917,1.3241577
1378,0.009307861,-2.3027039,1.2588501
1379,0.04486084,-2.322998,1.3508606
1380,0.11978149,-2.2184753,1.3819885
1381,0.2230835,-2.1202087,1.1712646
1382,0.29418945,-2.1351624,1.1897278
1383,0.37658691,-2.1028137,1.0514832
1384,0.25192261,-2.1156311,1.0415649
1385,0.26184082,-2.1276855,0.80886841
1386,0.4032898,-2.0909119,0.90652466
1387,0.41015625,-1.8444824,0.92941284
1388,0.31707764,-1.9586182,0.88104248
1389,0.34454346,-1.8264771,0.87127685
1390,0.49530029,-1.8829346,0.81497192
1391,0.3956604,-2.1980286,0.68435669
1392,0.55130005,-2.0759583,0.59814453
1393,0.50949097,-1.9340515,0.57647705
1394,0.80810547,-2.1139526,0.58486938
1395,0.65002441,-1.9995117,0.58563232
1396,0.85586548,-1.9497681,0.52612305
1397,0.84350586,-2.0018005,0.42663574
1398,0.74035644,-1.8559265,0.42602539
1399,0.75561523,-1.8989563,0.39306641
1400,0.74279785,-1.8588257,0.27740478
1401,0.81008911,-2.0372009,0.15670776
1402,0.90911865,-1.9810486,0.081787109
1403,0.87478638,-2.0094299,0.022277832
1404,0.95947266,-1.8411255,0.012969971
1405,1.0379028,-1.763916,0.10421753
1406,1.0383606,-1.8453979,0.13748169
1407,1.1836243,-1.8998718,0.01083374
1408,1.3206482,-1.8151855,-0.04486084
1409,1.2983704,-1.7070007,-0.13946533
1410,1.1413574,-1.6537476,-0.20858765
1411,1.0029602,-1.6157532,-0.19348145
1412,1.0424805,-1.6647339,-0.26855469
1413,1.0884094,-1.6966248,-0.31082153
1414,1.0658264,-1.530304,-0.28823853
1415,1.2367249,-1.5888977,-0.33203125
1416,1.16745,-1.5066528,-0.17745972
1417,1.0791016,-1.4666748,-0.46325684
1418,1.1148071,-1.2854004,-0.48583984
1419,0.9375,-1.338501,-0.43762207
1420,1.0583496,-1.2324524,-0.50369263
1421,0.9072876,-1.20224,-0.67749023
1422,0.97167969,-1.2249756,-0.68267822
1423,0.97900391,-1.2399292,-0.67245483
1424,1.0974121,-1.1405945,-0.67337036
1425,1.0171509,-1.0144043,-0.72662353
1426,0.94360352,-1.0995483,-0.80566406
1427,0.80490112,-0.84197998,-0.88500977
1428,0.81253052,-0.74798584,-0.81222534
1429,0.86364746,-0.84228516,-0.95870972
1430,0.86883545,-0.6942749,-0.96405029
1431,0.87982178,-0.63232422,-0.93139648
1432,1.0333252,-0.54275513,-0.97564697
1433,0.82305908,-0.49316406,-0.8883667
1434,0.86883545,-0.61843872,-0.96115112
1435,0.79498291,-0.57754517,-0.99822998
1436,0.83999634,-0.51177978,-1.0354614
1437,0.70388794,-0.41275024,-0.97885132
1438,0.63766479,-0.39642334,-0.95214844
1439,0.63873291,-0.29388428,-1.040802
1440,0.62927246,-0.24505615,-1.0855103
1441,0.54794312,-0.26031494,-1.134491
1442,0.79788208,-0.29769897,-1.2017822
1443,0.61203003,-0.18249512,-1.1856079
1444,0.5619812,-0.073242188,-1.1717224
1445,0.13824463,-0.26260376,-1.3401794
1446,0.072479248,-0.37597656,-1.368103
1447,0.4548645,-0.19973755,-1.3769531
1448,0.081481934,-0.026092529,-1.2402344
1449,0.23590088,0.2154541,-1.2229919
1450,0.26611328,0.30151367,-1.1804199
1451,0.22781372,0.42221069,-1.0446167
1452,0.18051148,0.3112793,-1.1659241
1453,0.25360107,0.41320801,-1.171875
1454,-0.000915527,0.44082642,-1.2956238
1455,0.085296631,0.5557251,-1.2875366
1456,0.16998291,0.62316894,-1.0856628
1457,-0.13916016,0.46524048,-1.1700439
1458,-0.22994995,0.60043335,-1.190033
1459,-0.10543823,0.82885742,-1.2187195
1460,-0.061645508,0.80352783,-1.0011291
1461,-0.13595581,0.84899902,-0.99578857
1462,-0.19897461,0.9223938,-0.98739624
1463,-0.41671753,1.0037231,-0.86456299
1464,-0.43518066,0.88882446,-0.9072876
1465,-0.4032898,0.81237793,-0.85418701
1466,-0.51528931,0.86013794,-0.74508667
1467,-0.52307129,0.87036133,-0.90332031
1468,-0.53573608,1.0557556,-0.90454102
1469,-0.66146851,1.0990906,-1.0487366
1470,-0.75439453,1.1616516,-0.88378906
1471,-0.7711792,1.1016846,-0.69885254
1472,-0.7345581,1.1573791,-0.80352783
1473,-0.85067749,0.9765625,-0.78308106
1474,-0.96405029,1.0731506,-0.80047607
1475,-0.98937988,1.1201477,-0.73776245
1476,-1.0301209,1.1801147,-0.6060791
1477,-0.98266602,1.2619019,-0.60791016
1478,-1.1018372,1.2129211,-0.47454834
1479,-1.1070251,1.2130737,-0.54199219
1480,-1.1769104,1.1334229,-0.51605225
1481,-1.272583,1.2770081,-0.29785156
1482,-1.3046265,1.1828613,-0.41168213
1483,-1.2310791,1.1581421,-0.38772583
1484,-1.159668,1.0572815,-0.26641846
1485,-1.6023254,0.91888428,-0.39840698
1486,-1.605835,0.52902222,-0.4347229
1487,-1.5296936,0.97900391,-0.30944824
1488,-1.5461731,0.94085693,-0.13641357
1489,-1.4364624,1.0784912,-0.083007813
1490,-1.5975952,1.1035156,-0.024108887
1491,-1.5182495,1.1408997,0.052490234
1492,-1.5493774,1.2008667,0.10986328
1493,-1.6769409,1.0667419,0.234375
1494,-1.5699768,1.1000061,0.20782471
1495,-1.6880798,1.0229492,0.27648926
1496,-1.683197,0.99746704,0.24765015
1497,-1.6725159,1.0443115,0.1638794
1498,-1.600647,1.0675049,0.35736084
1499,-1.6265869,1.0185242,0.443573
1500,-1.7889404,0.92498779,0.41305542
1501,-1.789093,0.85098267,0.50750732
1502,-1.8513489,0.75653076,0.5809021
1503,-1.8719482,0.81817627,0.59936523
1504,-1.9787598,0.78201294,0.44570923
1505,-1.9943237,0.69000244,0.8442688
1506,-1.9865417,0.65948486,0.77072144
1507,-2.0858765,0.58670044,0.64071655
1508,-1.9262695,0.55419922,0.68374634
1509,-1.8525696,0.57067871,0.71868897
1510,-1.9816589,0.44113159,0.87173462
1511,-1.8896484,0.3717041,0.77865601
1512,-2.020874,0.58883667,0.94818115
1513,-1.9908142,0.37231445,1.131134
1514,-2.0300293,0.25024414,1.1526489
1515,-1.8701172,0.16677856,1.1227417
1516,-1.9995117,0.15060425,1.1138916
1517,-1.940155,0.16281128,1.0275269
1518,-1.7877197,0.061950684,1.1787415
1519,-1.9985962,-0.14038086,1.2088013
1520,-1.9621277,-0.38009644,1.4790344
1521,-1.9395447,0.034942627,1.2997437
1522,-1.9094849,-0.095825195,1.3581848
1523,-1.8469238,-0.86853027,1.3977051
1524,-1.8209839,-0.56396484,1.3198853
1525,-1.7733765,-0.18753052,1.4483643
1526,-1.960907,-0.18081665,1.5533447
1527,-1.9351196,-0.30914307,1.6113281
1528,-1.9174194,-0.52215576,1.3754272
1529,-1.7765808,-0.51956177,1.5177917
1530,-1.8351746,-0.52032471,1.5318298
1531,-1.7648315,-0.53436279,1.6897583
1532,-1.842804,-0.74157715,1.2487793
1533,-1.6590881,-0.86425781,1.5028381
1534,-1.6932678,-0.73608398,1.6691589
1535,-1.678772,-0.84747315,1.4317322
1536,-1.8029785,-0.93383789,1.4782715
1537,-1.678772,-0.85449219,1.7921448
1538,-1.6966248,-1.1575317,1.6394043
1539,-1.6012573,-1.1120605,1.8432617
1540,-1.5814209,-1.0522461,1.8247986
1541,-1.4720154,-1.2034607,1.8652344
1542,-1.4605713,-1.1460876,1.7414856
1543,-1.3562012,-1.2768555,1.6436768
1544,-1.3710022,-1.2652588,1.7030334
1545,-1.3902283,-1.2124634,1.836853
1546,-1.3859558,-1.3021851,1.8423462
1547,-1.3760376,-1.3935852,1.8965149
1548,-1.2649536,-1.6026306,1.8026733
1549,-1.4299011,-1.7338562,1.7176819
1550,-1.2414551,-1.6131592,1.7193604
1551,-1.0675049,-1.789093,1.5872192
1552,-0.95977783,-1.6479492,1.7567444
1553,-0.79284668,-1.51474,1.8614197
1554,-0.88699341,-1.5008545,1.8566895
1555,-0.87158203,-1.6970825,1.6081238
1556,-0.77514648,-1.7645264,1.729126
1557,-0.71731567,-1.7230225,1.6862488
1558,-0.63766479,-1.9342041,1.632843
1559,-0.64331055,-1.8074036,1.8597412
1560,-0.56182861,-1.9822693,1.6564941
1561,-0.45593262,-1.9178772,1.5800476
1562,-0.52963257,-2.1899414,1.5705872
1563,-0.36468506,-2.1444702,1.469574
1564,-0.26367188,-2.06604,1.6407776
1565,-0.50323486,-2.1789551,1.6044617
1566,-0.29937744,-2.1754456,1.4376831
1567,-0.30303955,-2.1136475,1.4686584
1568,-0.15457153,-2.1369934,1.5122986
1569,-0.1876831,-2.1116638,1.4472961
1570,0.014801025,-2.2888184,1.449585
1571,0.063323975,-2.3153687,1.4198303
1572,-0.000457764,-2.2395325,1.4266968
1573,0.079956055,-2.0837402,1.3716125
1574,0.12741089,-2.1867371,1.2780762
1575,0.1550293,-2.13974,1.2239075
1576,0.19866943,-2.157135,1.2731934
1577,0.30273438,-2.1450806,1.2084961
1578,0.31555176,-2.1751404,1.1575317
1579,0.32958984,-2.2392273,1.1050415
1580,0.39733887,-2.2523499,1.0198975
1581,0.43777466,-2.3724365,0.95214844
1582,0.45425415,-2.4023438,0.93185425
1583,0.45593262,-2.3628235,0.84716797
1584,0.51834106,-2.2898865,0.85372925
1585,0.62957764,-2.1452332,0.80078125
1586,0.58853149,-2.4182129,0.74523926
1587,0.62988281,-2.313385,0.80032349
1588,0.73242188,-2.2116089,0.67077637
1589,0.79483032,-2.2561646,0.62164307
1590,0.8279419,-2.2146606,0.69534302
1591,0.83007813,-2.1092224,0.38757324
1592,0.88745117,-2.0043945,0.45669556
1593,0.83328247,-1.933136,0.49804688
1594,0.98434448,-2.0219421,0.35324097
1595,0.9487915,-2.0889282,0.29800415
1596,0.93978882,-1.9454956,0.12557983
1597,0.97747803,-2.0539856,0.12817383
1598,0.92529297,-1.9268799,0.14160156
1599,0.98388672,-1.7405701,0.046691895
1600,1.156311,-1.9165039,-0.079956055
1601,1.0652161,-1.7822266,-0.19775391
1602,1.1096191,-1.8830872,-0.2861023
1603,1.1402893,-1.7219543,-0.15991211
1604,1.0931396,-1.6847229,-0.31311035
1605,1.2878418,-1.6213989,-0.24612427
1606,1.2550354,-1.6157532,-0.29342651
1607,1.0626221,-1.7388916,-0.51651001
1608,1.2176514,-1.8363953,-0.49346924
1609,1.0656738,-1.6424561,-0.39993286
1610,1.1091614,-1.3920593,-0.38299561
1611,1.2304688,-1.4616394,-0.51055908
1612,1.1956787,-1.4361572,-0.47546387
1613,1.1160278,-1.3754272,-0.47317505
1614,1.1877441,-1.4097595,-0.52383423
1615,1.1991882,-1.2776184,-0.71762085
1616,1.1724854,-1.1965942,-0.71090698
1617,1.2054443,-1.0919189,-0.71609497
1618,1.1701965,-1.0375977,-0.70678711
1619,1.1308289,-0.9992981,-0.77758789
1620,1.2164307,-0.99807739,-0.96588135
1621,1.0900879,-0.98632813,-0.78460693
1622,1.0202026,-0.90591431,-0.85617065
1623,0.88699341,-0.8039856,-0.85586548
1624,1.050415,-0.68359375,-0.88500977
1625,0.88806152,-0.62713623,-1.005249
1626,1.05896,-0.51376343,-0.99075317
1627,0.987854,-0.53756714,-1.1184692
1628,0.9576416,-0.53649902,-1.2634277
1629,0.82595825,-0.24749756,-1.1715698
1630,0.9777832,-0.4246521,-1.0736084
1631,0.75195313,-0.29510498,-1.139679
1632,0.8114624,-0.26596069,-1.2338257
1633,0.77133179,-0.24169922,-1.3198853
1634,0.85250854,-0.096740723,-1.1038208
1635,0.79162598,-0.087890625,-1.2431335
1636,0.75317383,-0.14160156,-1.0858154
1637,0.35720825,-0.30166626,-1.5527344
1638,0.46585083,-0.13931274,-1.4611816
1639,0.48049927,-0.12207031,-1.378479
1640,0.61157227,0.080718994,-1.3032532
1641,0.44998169,0.2331543,-1.4099121
1642,0.39337158,0.26748657,-1.3035584
1643,0.37033081,0.42449951,-1.2953186
1644,0.34683228,0.44799805,-1.289978
1645,0.24383545,0.50704956,-1.1932373
1646,0.27252197,0.43304443,-1.2832642
1647,0.24215698,0.39108276,-1.2216187
1648,0.16952515,0.44876099,-1.2428284
1649,0.048370361,0.68542481,-1.239624
1650,0.084991455,0.63903809,-1.2974548
1651,-0.094604492,0.68664551,-1.1289978
1652,-0.052642822,0.55770874,-1.1724854
1653,-0.17562866,0.84014893,-1.1936951
1654,-0.11779785,0.74050903,-1.1561584
1655,-0.18112183,0.78201294,-1.2782288
1656,-0.14068603,0.76065063,-1.1752319
1657,-0.1940918,0.63369751,-1.2582397
1658,-0.16555786,0.96786499,-1.2103271
1659,-0.33004761,0.97320557,-1.2174988
1660,-0.41687012,0.92208862,-1.111145
1661,-0.53527832,1.0644531,-1.0397339
1662,-0.44219971,1.1018372,-1.1132813
1663,-0.65078735,1.1384583,-0.95550537
1664,-0.59082031,0.99655151,-1.0275269
1665,-0.79803467,1.0360718,-0.83190918
1666,-0.80856323,1.1802673,-0.71136475
1667,-0.84518433,1.0694885,-0.58135986
1668,-0.7472229,1.0455322,-0.97045898
1669,-0.962677,1.2268066,-0.7649231
1670,-1.0664368,1.3024902,-0.63598633
1671,-0.95626831,1.3423157,-0.72540283
1672,-1.1560059,1.1813354,-0.6237793
1673,-1.1192322,1.1877441,-0.70892334
1674,-1.0777283,1.0624695,-0.60974121
1675,-1.043396,1.2609863,-0.58685303
1676,-1.2057495,1.0890198,-0.57846069
1677,-1.3525391,1.2442017,-0.32073975
1678,-1.2290955,1.2905884,-0.29281616
1679,-1.3252258,1.2882996,-0.40969849
1680,-1.4408875,1.3513184,-0.27572632
1681,-1.5257263,1.3217163,-0.068206787
1682,-1.5893555,0.75958252,-0.1864624
1683,-1.5606689,1.1526489,-0.13153076
1684,-1.5621948,1.1181641,0.043487549
1685,-1.7185974,1.2730408,0.04119873
1686,-1.6937256,1.1869812,0.018615723
1687,-1.7446899,1.1842346,0.061798096
1688,-1.7094421,1.1628723,0.18890381
1689,-1.6572571,1.2464905,0.11825561
1690,-1.7745972,1.1305237,0.29800415
1691,-1.7263794,1.09375,0.26657105
1692,-1.9262695,1.1705017,0.34805298
1693,-1.8431091,1.0107422,0.26733398
1694,-1.8516541,0.85876465,0.35552978
1695,-1.9326782,0.80505371,0.29022217
1696,-2.0278931,0.93795776,0.48660278
1697,-1.9667053,0.80322266,0.52383423
1698,-1.9464111,0.80230713,0.50842285
1699,-2.0480347,0.74737549,0.80703735
1700,-1.9664001,0.87554932,0.74874878
1701,-2.1691895,0.8052063,0.89584351
1702,-2.1472168,0.80993652,0.89233398
1703,-2.1012878,0.74157715,0.90881348
1704,-2.2341919,0.60928345,0.78552246
1705,-2.1607971,0.51559448,1.191864
1706,-2.0167542,0.59112549,1.1637878
1707,-2.3405457,0.35583496,1.1991882
1708,-2.2065735,0.43869019,1.162262
1709,-2.1096802,0.41763306,1.1128235
1710,-2.1546936,0.31066894,1.0516357
1711,-2.2158813,0.30380249,1.3038635
1712,-2.0942688,0.30136108,1.2741089
1713,-2.1208191,0.11520386,1.3206482
1714,-2.1299744,0.01663208,1.1997986
1715,-2.1469116,0.085754395,1.3793945
1716,-2.1002197,-0.19012451,1.2617493
1717,-1.9326782,-0.14572144,1.2896729
1718,-2.09198,-0.27755737,1.4672852
1719,-2.1960449,-0.15716553,1.3456726
1720,-2.1337891,-0.29113769,1.4241028
1721,-1.9607544,-0.59951782,1.7263794
1722,-1.9075012,-0.39581299,1.6542053
1723,-2.0071411,-0.67962647,1.5699768
1724,-1.8785095,-0.53222656,1.6227722
1725,-1.8818665,-0.68145752,1.8583679
1726,-1.8507385,-0.65841675,1.7694092
1727,-1.7915344,-0.63995361,1.6403198
1728,-1.6719055,-0.703125,1.7230225
1729,-1.8191528,-0.84182739,1.7362976
1730,-1.8762207,-1.0194397,1.6136169
1731,-1.8002319,-0.85449219,1.6297913
1732,-1.8078613,-0.89981079,1.8783569
1733,-1.8489075,-1.0818481,2.1020508
1734,-1.7033386,-0.88821411,1.7572021
1735,-1.7962646,-0.95947266,1.77948
1736,-1.6706848,-1.0842896,1.991272
1737,-1.5830994,-1.1074829,1.8139648
1738,-1.4465332,-1.197052,1.8466187
1739,-1.3708496,-1.4372253,1.7909241
1740,-1.4004517,-1.3587952,1.900177
1741,-1.3522339,-1.3671875,2.0739746
1742,-1.2893677,-1.3546753,1.9204712
1743,-1.3989258,-1.4541626,1.8634033
1744,-1.2728882,-1.4164734,2.0126343
1745,-1.3345337,-1.6290283,1.9935608
1746,-1.2240601,-1.756897,1.856842
1747,-1.0798645,-1.530304,1.9567871
1748,-1.0273743,-1.5637207,2.0503235
1749,-0.99243164,-1.7990112,1.8862915
1750,-1.0137939,-1.700592,1.9543457
1751,-0.90530396,-1.8927002,1.7604065
1752,-0.91033935,-1.9497681,1.809845
1753,-0.84182739,-1.8955994,1.8154907
1754,-0.74737549,-1.8745422,1.7526245
1755,-0.68908691,-2.0030212,1.7102051
1756,-0.52368164,-2.0407104,1.7121887
1757,-0.64117432,-1.9316101,1.7695618
1758,-0.40039063,-1.920166,1.698761
1759,-0.443573,-1.9793701,1.6421509
1760,-0.47897339,-2.0692444,1.6162109
1761,-0.33599853,-2.1612549,1.7597961
1762,-0.19973755,-2.2671509,1.5786743
1763,-0.1461792,-2.1766663,1.8185425
1764,-0.10574341,-1.9866943,1.7077637
1765,-0.21057129,-2.0849609,1.5234375
1766,-0.003051758,-2.0870972,1.4631653
1767,-0.085754395,-2.0339966,1.4273071
1768,-0.023651123,-2.1615601,1.3208008
1769,0.20507813,-2.2128296,1.4022827
1770,0.096435547,-2.2827148,1.1880493
1771,0.28320313,-2.3379517,1.2533569
1772,0.25512695,-2.2671509,1.1073303
1773,0.4145813,-2.2436523,1.1369324
1774,0.16265869,-2.3176575,1.129303
1775,0.32821655,-2.0472717,1.0980225
1776,0.37002564,-2.0501709,1.0964966
1777,0.51620483,-2.1870422,0.98709106
1778,0.47363281,-2.118988,0.91903687
1779,0.64300537,-2.1601868,0.93078613
1780,0.53161621,-2.1902466,0.89157104
1781,0.64575195,-2.2776794,0.69610596
1782,0.73699951,-2.2000122,0.69091797
1783,0.66894531,-2.1133423,0.6703186
1784,0.77819824,-2.1047974,0.45532227
1785,0.88165283,-2.0675659,0.44448853
1786,0.88439941,-2.1708679,0.47180176
1787,0.87524414,-2.1356201,0.45898438
1788,0.80749512,-2.29599,0.40283203
1789,0.94894409,-2.1072388,0.33538818
1790,0.91384888,-2.0555115,0.31204224
1791,0.96801758,-2.1365356,0.31860352
1792,1.0369873,-2.1389771,0.22140503
1793,0.97839356,-2.0864868,0.16784668
1794,1.1824036,-1.9789124,0.11962891
1795,1.2016296,-1.9511414,0.031433105
1796,1.1885071,-1.9165039,-0.026397705
1797,1.1526489,-1.9287109,-0.14099121
1798,1.1741638,-1.7834473,-0.18798828
1799,1.2080383,-1.7462158,-0.19683838
1800,1.2333679,-1.7077637,-0.29602051
1801,1.2213135,-1.7512512,-0.3894043
1802,1.244812,-1.7462158,-0.28381348
1803,1.2313843,-1.6816711,-0.39749145
1804,1.2179565,-1.5914917,-0.41885376
1805,1.2985229,-1.5008545,-0.40283203
1806,1.3241577,-1.47995,-0.43212891
1807,1.3122559,-1.4233398,-0.46356201
1808,1.2734985,-1.3693237,-0.53100586
1809,1.2139893,-1.3763428,-0.54443359
1810,1.1988831,-1.3006592,-0.64636231
1811,1.1347961,-1.3066101,-0.76522827
1812,1.3415527,-1.0916138,-0.71456909
1813,1.1569214,-1.1936951,-0.76782227
1814,1.1427307,-1.0476685,-0.89477539
1815,1.3394165,-0.92956543,-0.85617065
1816,1.21521,-0.89553833,-0.9576416
1817,1.0023499,-0.88943481,-0.93078613
1818,1.0717773,-0.62698364,-0.90408325
1819,0.95840454,-0.8265686,-0.9324646
1820,1.1027527,-0.6803894,-1.0209656
1821,1.0424805,-0.71350098,-1.0411072
1822,0.87173462,-0.65032959,-0.99655151
1823,0.96923828,-0.57723999,-1.0140991
1824,1.068573,-0.70755005,-1.1404419
1825,0.92315674,-0.59875488,-1.2594604
1826,1.0003662,-0.45974731,-1.2496948
1827,0.85845947,-0.42953491,-1.2484741
1828,0.82275391,-0.37384033,-1.1820984
1829,0.9072876,-0.2645874,-1.2358093
1830,0.90866089,-0.34835815,-1.2324524
1831,1.0093689,-0.09552002,-1.2245178
1832,0.81848144,-0.15380859,-1.2686157
1833,0.79742432,-0.059204102,-1.3935852
1834,0.73501587,-0.008239746,-1.3372803
1835,0.67443848,-0.035400391,-1.2796021
1836,0.65673828,-0.001831055,-1.2619019
1837,0.59341431,0.23513794,-1.2413025
1838,0.58776856,0.18798828,-1.131897
1839,0.5380249,0.32608032,-1.2898254
1840,0.38864136,0.30654907,-1.1569214
1841,0.3956604,0.39215088,-1.190033
1842,0.43289185,0.41503906,-1.3269043
1843,0.37368774,0.4397583,-1.232605
1844,0.24612427,0.50369263,-1.2930298
1845,0.2180481,0.44754028,-1.191864
1846,0.19195557,0.4776001,-1.1990356
1847,0.10238648,0.52154541,-1.2501526
1848,0.018157959,0.62438965,-1.3096619
1849,-0.023498535,0.72906494,-1.1987305
1850,-0.035858154,0.89004517,-1.1372375
1851,-0.17822266,0.91247559,-1.3748169
1852,-0.18066406,0.72113037,-1.0131836
1853,-0.22140503,1.0058594,-1.0752869
1854,-0.35049439,1.0287476,-1.1373901
1855,-0.27877808,0.80932617,-1.166687
1856,-0.27099609,0.99426269,-1.1836243
1857,-0.41275024,0.95413208,-1.075592
1858,-0.415802,0.94039917,-0.9375
1859,-0.69290161,0.98587036,-1.1987305
1860,-0.57067871,1.1642456,-1.0699463
1861,-0.7170105,1.1376953,-0.95962524
1862,-0.74493408,1.2771606,-1.0519409
1863,-0.91598511,1.2265015,-0.82504272
1864,-0.7194519,1.0734558,-0.88256836
1865,-0.86608887,1.1801147,-0.7623291
1866,-1.0348511,1.0794067,-0.72082519
1867,-1.0009766,1.1428833,-0.57769775
1868,-1.1103821,1.3256836,-0.39382935
1869,-1.1383057,1.3023376,-0.41687012
1870,-1.1909485,1.4233398,-0.53634644
1871,-1.2857056,1.3562012,-0.5960083
1872,-1.2088013,1.3432312,-0.47409058
1873,-1.3415527,1.2513733,-0.44799805
1874,-1.4189148,1.1355591,-0.41091919
1875,-1.4503479,1.2698364,-0.48934936
1876,-1.6400146,1.179657,-0.35827637
1877,-1.6188049,1.1698914,-0.19760132
1878,-1.7030334,1.1685181,-0.11810303
1879,-1.6091919,1.0379028,-0.23956299
1880,-1.67099,1.0125732,-0.12130737
1881,-1.6996765,1.1437988,0.088653564
1882,-1.5750122,1.1712646,-0.007171631
1883,-1.7108154,0.95443726,-0.014953613
1884,-1.7712402,1.1221313,0.14678955
1885,-1.9549561,1.20224,0.084381104
1886,-1.8540955,1.0133362,0.2444458
1887,-2.0167542,1.1685181,0.32104492
1888,-1.9741821,0.99975586,0.30944824
1889,-2.0643616,1.0914612,0.42419434
1890,-1.9734192,1.0705566,0.49118042
1891,-1.9909668,0.99014282,0.58746338
1892,-2.0619202,0.91461182,0.4737854
1893,-1.9995117,0.95581055,0.46951294
1894,-2.2390747,0.87005615,0.46676636
1895,-2.0602417,0.86807251,0.52780151
1896,-2.129364,0.68878174,0.728302
1897,-2.2218323,0.65597534,0.72814941
1898,-2.0396423,0.67657471,0.71105957
1899,-2.0635986,0.66116333,0.90576172
1900,-2.035675,0.71044922,0.75927734
1901,-2.0411682,0.55496216,0.99029541
1902,-2.2085571,0.59524536,0.90270996
1903,-2.2212219,0.47058106,1.1065674
1904,-2.2122192,0.4524231,1.1132813
1905,-2.0649719,0.57342529,1.015625
1906,-2.1310425,0.45730591,1.1300659
1907,-2.2425842,0.42861939,1.0945129
1908,-2.298584,0.40130615,1.2915039
1909,-2.1754456,0.21362305,1.1578369
1910,-2.0294189,0.2079773,1.39328
1911,-2.0365906,0.1020813,1.2536621
1912,-2.2055054,0.048522949,1.3189697
1913,-2.0812988,0.028839111,1.3220215
1914,-2.0768738,-0.028076172,1.4880371
1915,-1.8728638,0.0440979,1.3871765
1916,-1.9219971,-0.12863159,1.5336609
1917,-2.0120239,-0.26428223,1.5371704
1918,-2.0166016,-0.37536621,1.5647888
1919,-1.9641113,-0.35064697,1.6970825
1920,-1.9837952,-0.35232544,1.7086792
1921,-1.9892883,-0.70755005,1.739502
1922,-2.1647644,-0.91430664,1.6548157
1923,-1.9921875,-0.71487427,1.8565369
1924,-1.953125,-0.81588745,1.7878723
1925,-1.930542,-0.74707031,2.006073
1926,-1.8772888,-0.7220459,1.9764709
1927,-1.756134,-0.77392578,2.0555115
1928,-1.6592407,-0.90042114,1.9584656
1929,-1.7451477,-1.0467529,1.473999
1930,-1.6549683,-1.0736084,1.8760681
1931,-1.804657,-1.2554932,1.9317627
1932,-1.6386414,-1.1103821,2.0074463
1933,-1.5609741,-1.0627747,1.9587708
1934,-1.6079712,-1.0253906,1.9439697
1935,-1.5896606,-1.1560059,1.9827271
1936,-1.3761902,-1.2896729,1.927948
1937,-1.4616394,-1.3256836,1.887207
1938,-1.3774109,-1.4839172,1.9607544
1939,-1.3726807,-1.5574646,1.8753052
1940,-1.2513733,-1.5875244,1.97052
1941,-1.2420654,-1.5751648,2.0288086
1942,-1.307373,-1.7243958,1.8981934
1943,-1.2432861,-1.9699097,1.7614746
1944,-1.4230347,-1.7858887,1.8721008
1945,-1.3391113,-1.7703247,1.8325806
1946,-1.0127258,-1.796875,1.9436646
1947,-1.0168457,-1.7947388,1.9499207
1948,-0.95504761,-1.8786621,1.8188477
1949,-0.80810547,-1.9458008,1.7419434
1950,-0.76507568,-2.1231079,1.8225098
1951,-0.79498291,-2.0433044,1.8661499
1952,-0.75042725,-2.1081543,1.706543
1953,-0.60409546,-2.3275757,1.7062378
1954,-0.51177978,-2.2801208,1.8673706
1955,-0.58120728,-2.1434021,1.817627
1956,-0.4876709,-2.2994995,1.7633057
1957,-0.23925781,-2.2085571,1.7289734
1958,-0.18890381,-2.1382141,1.70578
1959,-0.27297974,-2.2177124,1.6513062
1960,-0.078125,-2.1832275,1.579895
1961,-0.10498047,-2.2654724,1.6560364
1962,-0.044250488,-2.5125122,1.5065002
1963,0.090484619,-2.3448181,1.5541077
1964,0.12207031,-2.5013733,1.3760376
1965,0.015106201,-2.2280884,1.3577271
1966,0.1550293,-2.2172546,1.4135742
1967,0.10650635,-2.3460388,1.2814331
1968,0.24047852,-2.4487305,1.4477539
1969,0.23422241,-2.2375488,1.2870789
1970,0.1574707,-2.4487305,1.1781311
1971,0.36834717,-2.4615479,1.2527466
1972,0.52871704,-2.5830078,1.0391235
1973,0.51132202,-2.4259949,1.0014343
1974,0.5909729,-2.5361633,0.95626831
1975,0.61248779,-2.4508667,0.90011597
1976,0.6173706,-2.3643494,0.87127685
1977,0.60852051,-2.313385,0.88684082
1978,0.72235107,-2.2805786,0.85952759
1979,0.67474365,-2.3608398,0.84762573
1980,0.83251953,-2.2909546,0.64163208
1981,0.78170776,-2.2291565,0.67260742
1982,0.87600708,-2.286377,0.54412842
1983,0.86303711,-2.3306274,0.46600342
1984,1.0467529,-2.3342896,0.4914856
1985,1.0357666,-2.2052002,0.32714844
1986,1.0394287,-2.2109985,0.3427124
1987,1.0606384,-2.2370911,0.22827148
1988,1.1413574,-2.1047974,0.23162842
1989,1.1064148,-2.2135925,0.21774292
1990,1.1068726,-2.0742798,0.2746582
1991,1.0214233,-2.0446777,0.096435547
1992,1.0821533,-1.815033,-0.025482178
1993,1.1557007,-1.8997192,-0.039978027
1994,1.2680054,-1.8977356,-0.13549805
1995,1.2294006,-1.8362427,-0.14968872
1996,1.2796021,-1.9309998,-0.27526856
1997,1.1276245,-1.8690491,-0.12969971
1998,1.2211609,-1.7344666,-0.23513794
1999,1.1946106,-1.7184448,-0.28671265
2000,1.2190247,-1.6113281,-0.27114868
2001,1.1999512,-1.6560364,-0.22766113
2002,1.2686157,-1.4671326,-0.21194458
2003,1.26297,-1.628418,-0.23803711
2004,1.3285828,-1.7095947,-0.55328369
2005,1.4001465,-1.6061401,-0.65444946
2006,1.2626648,-1.4094543,-0.61035156
2007,1.3070679,-1.444397,-0.6930542
2008,1.3192749,-1.3140869,-0.7144165
2009,1.3418579,-1.2327576,-0.73776245
2010,1.3253784,-1.34552,-0.84396362
2011,1.3154602,-1.2928772,-0.93963623
2012,1.227417,-1.2393188,-0.82595825
2013,1.1877441,-1.0971069,-0.84533691
2014,1.1216736,-1.0411072,-0.86196899
2015,1.1520386,-0.93185425,-0.80657959
2016,1.0969543,-0.90393066,-0.85830688
2017,1.1743164,-0.859375,-1.0707092
2018,1.197052,-0.76950073,-1.1984253
2019,1.1729431,-0.73043823,-1.0998535
2020,1.2150574,-0.79116821,-0.99685669
2021,1.0852051,-0.57754517,-1.0897827
2022,0.99487305,-0.48339844,-1.0557556
2023,0.9487915,-0.38528442,-1.065979
2024,0.95443726,-0.2973938,-1.18927
2025,0.96969604,-0.28320313,-1.2983704
2026,0.87432861,-0.25939941,-1.3238525
2027,0.83374023,-0.184021,-1.3970947
2028,0.78491211,-0.044555664,-1.4949036
2029,0.82748413,0.011444092,-1.4260864
2030,0.77072144,-0.45684814,-1.6046143
2031,0.4725647,-0.061798096,-1.4562988
2032,0.57525635,0.060272217,-1.4349365
2033,0.54580688,0.20309448,-1.3702393
2034,0.45776367,0.22720337,-1.3745117
2035,0.4814148,0.41351318,-1.2882996
2036,0.31005859,0.27252197,-1.3102722
2037,0.51559448,0.28686523,-1.2792969
2038,0.46218872,0.34103394,-1.280365
2039,0.34179688,0.32684326,-1.4248657
2040,0.24169922,0.51605225,-1.3801575
2041,0.13076782,0.52764893,-1.3389587
2042,0.25497436,0.68023682,-1.3427734
2043,0.091552734,0.7409668,-1.3079834
2044,0.10162354,0.76583862,-1.3227844
2045,-0.059051514,0.78155518,-1.2852478
2046,0.039978027,0.81176758,-1.3230896
2047,0.052032471,0.6803894,-1.269989
2048,-0.07232666,0.79421997,-1.2281799
2049,-0.088806152,0.72143555,-1.3066101
2050,-0.362854,1.0180664,-1.0198975
2051,-0.26794434,0.88150024,-1.2506104
2052,-0.27709961,0.95779419,-1.3114929
2053,-0.31692505,0.96313477,-1.1773682
2054,-0.47485352,0.99121094,-1.2565613
2055,-0.49224853,1.3755798,-0.95458984
2056,-0.64788818,1.2661743,-1.1592102
2057,-0.67977905,1.2214661,-1.1491394
2058,-0.49438477,1.0639954,-1.1077881
2059,-0.60180664,1.2367249,-1.0585022
2060,-0.72479248,1.3374329,-1.0575867
2061,-0.83694458,1.3079834,-0.93734741
2062,-1.0029602,1.4535522,-1.0420227
2063,-1.0179138,1.4123535,-0.67855835
2064,-1.1227417,1.4660645,-0.75927734
2065,-1.1912537,1.3435364,-0.85189819
2066,-1.191864,1.3594055,-0.83984375
2067,-1.1727905,1.4880371,-0.68481445
2068,-1.2585449,1.4634705,-0.60592651
2069,-1.3531494,1.5441895,-0.57571411
2070,-1.4738464,1.3761902,-0.54458618
2071,-1.5046692,1.2503052,-0.39794922
2072,-1.5127563,1.375885,-0.49926758
2073,-1.5184021,1.466217,-0.35049439
2074,-1.620636,1.3635254,-0.36224365
2075,-1.6192627,1.5533447,-0.22476196
2076,-1.5223694,1.3583374,-0.14572144
2077,-1.7297363,1.2159729,-0.032043457
2078,-1.6203308,1.1735535,-0.1008606
2079,-1.7695618,1.2190247,-0.19332886
2080,-1.7419434,1.2878418,-0.099334717
2081,-1.806488,1.3771057,-0.067443848
2082,-1.7826843,1.2602234,0.13549805
2083,-1.7849731,1.1283875,0.35430908
2084,-1.71875,1.1384583,0.24047852
2085,-1.8994141,1.1408997,0.20782471
2086,-1.9335938,1.1203003,0.30715942
2087,-1.9371033,1.2443542,0.30288696
2088,-1.967926,1.1587524,0.44769287
2089,-2.0571899,0.96847534,0.37994385
2090,-2.1551514,1.1022949,0.5406189
2091,-2.074585,1.2353516,0.60424805
2092,-2.1664429,1.0314941,0.48858643
2093,-2.2439575,0.83740234,0.75759888
2094,-2.1998596,0.91491699,0.6262207
2095,-2.0892334,0.94848633,0.56655884
2096,-2.1238708,0.81085205,0.6918335
2097,-2.1858215,0.94116211,0.86380005
2098,-2.2799683,0.76049805,0.93063354
2099,-2.243042,0.62286377,0.95825195
2100,-2.2363281,0.72219849,1.2265015
2101,-2.1685791,0.80993652,1.1657715
2102,-2.1374512,0.70678711,1.0552979
2103,-2.2465515,0.60729981,0.92056274
2104,-2.1347046,0.49530029,1.0047913
2105,-2.1435547,0.49179077,1.2918091
2106,-2.2396851,0.3779602,1.1650085
2107,-2.1936035,0.36376953,1.3513184
2108,-2.2244263,0.11016846,1.2214661
2109,-2.2050476,-0.11428833,1.149292
2110,-2.1128845,0.13778687,1.3027954
2111,-2.149353,0.036468506,1.4707947
2112,-2.2311401,0.028533936,1.4505005
2113,-2.1244812,-0.069885254,1.4454651
2114,-2.0805359,0.030517578,1.6120911
2115,-1.9961548,-0.13198853,1.5890503
2116,-1.907959,-0.42922974,1.7376709
2117,-1.9981384,-0.43045044,1.7488098
2118,-2.0463562,-0.090179443,1.7475891
2119,-2.0680237,-0.75531006,1.7855835
2120,-1.8792725,-0.85281372,1.7523193
2121,-2.0626831,-0.64346313,1.7126465
2122,-1.9168091,-0.68115234,1.8811035
2123,-2.0300293,-0.70175171,1.9621277
2124,-1.9662476,-0.68023682,1.8395996
2125,-1.8261719,-0.81878662,2.0695496
2126,-1.8403625,-0.97518921,2.0526123
2127,-1.8247986,-0.95397949,1.975708
2128,-1.8572998,-1.1851501,2.1148682
2129,-1.6621399,-1.2416077,1.9683838
2130,-1.6719055,-1.1631775,1.8963623
2131,-1.577301,-1.2002563,1.9203186
2132,-1.68396,-1.1532593,1.6983032
2133,-1.5286255,-1.1508179,1.9010925
2134,-1.5962219,-1.2223816,2.0291138
2135,-1.5429688,-1.2533569,2.0561218
2136,-1.5182495,-1.3317871,2.1411133
2137,-1.5286255,-1.4117432,2.0898438
2138,-1.3464355,-1.5103149,2.0137024
2139,-1.4323425,-1.5777588,2.0466614
2140,-1.2979126,-1.6482544,2.1412659
2141,-1.2297058,-1.8330383,2.1881104
2142,-1.1959839,-1.7167664,1.8969727
2143,-1.1895752,-1.5518188,2.0246887
2144,-1.0455322,-1.6842651,2.0225525
2145,-0.85266113,-1.6557312,1.9798279
2146,-0.86456299,-1.9189453,1.8513489
2147,-0.82580566,-1.8017578,1.8656921
2148,-0.77346802,-1.9636536,1.940918
2149,-0.65917969,-1.8563843,1.831665
2150,-0.69335938,-1.8919373,1.7971802
2151,-0.7409668,-1.9177246,1.8170166
2152,-0.60440063,-1.9902039,1.723175
2153,-0.5847168,-2.1730042,1.7381287
2154,-0.47805786,-2.2994995,1.5896606
2155,-0.38299561,-2.3121643,1.6671753
2156,-0.34011841,-2.2036743,1.6711426
2157,-0.29190064,-2.2207642,1.5859985
2158,-0.35949707,-2.1765137,1.6485596
2159,-0.15960693,-2.2593689,1.6148376
2160,-0.15472412,-2.3287964,1.7407227
2161,-0.15701294,-2.3733521,1.6744995
2162,0.089111328,-2.4533081,1.6822815
2163,0.034637451,-2.5694275,1.4120483
2164,-0.11489868,-2.4873352,1.3955688
2165,0.053863525,-2.3197937,1.5588379
2166,0.13259888,-2.3620605,1.2846375
2167,0.0440979,-2.4334717,1.3191223
2168,0.16799927,-2.3670959,1.2190247
2169,0.2746582,-2.3484802,1.0420227
2170,0.35583496,-2.5119019,1.0597229
2171,0.48690796,-2.4101257,1.2538147
2172,0.5632019,-2.3937988,0.93704224
2173,0.60180664,-2.4438477,1.1001587
2174,0.63095093,-2.4029541,0.84686279
2175,0.6628418,-2.3974609,0.89599609
2176,0.55419922,-2.2076416,0.86151123
2177,0.60974121,-2.3339844,0.81069946
2178,0.75073242,-2.2151184,0.77896118
2179,0.72113037,-2.1739197,0.75317383
2180,0.81939697,-2.1893311,0.57006836
2181,0.72174072,-2.2363281,0.62057495
2182,0.94009399,-2.1754456,0.5770874
2183,0.85662842,-2.1472168,0.42785644
2184,0.8430481,-2.1031189,0.29037476
2185,0.91308594,-2.0855713,0.26519775
2186,1.0101318,-2.2453308,0.3956604
2187,0.93399048,-1.9644165,0.30319214
2188,0.98999023,-2.1528625,0.24414063
2189,0.94573975,-2.0588684,0.36758423
2190,1.0488892,-2.0918274,0.22705078
2191,1.0993958,-2.0030212,0.30761719
2192,1.0415649,-1.8292236,0.080871582
2193,0.94787598,-1.9392395,0.1159668
2194,1.0614014,-1.7803955,-0.0390625
2195,1.2153625,-1.8048096,-0.007629395
2196,1.2324524,-1.7663574,-0.10879517
2197,1.3197327,-1.7533875,-0.17944336
2198,1.3154602,-1.5866089,-0.42358398
2199,1.3041687,-1.7022705,-0.34759522
2200,1.2872314,-1.6424561,-0.22567749
2201,1.2176514,-1.6706848,-0.51437378
2202,1.2701416,-1.6874695,-0.52810669
2203,1.2075806,-1.6598511,-0.57693481
2204,1.2089539,-1.5335083,-0.62911987
2205,1.1825562,-1.2506104,-0.63812256
2206,1.2936401,-1.3186646,-0.78918457
2207,1.2701416,-1.1859131,-0.86425781
2208,1.2510681,-1.2174988,-0.78155518
2209,1.1726379,-1.2705994,-0.83862305
2210,1.1836243,-1.1471558,-0.93612671
2211,1.1325073,-1.0887146,-0.71685791
2212,1.0681152,-0.95779419,-1.0296631
2213,1.2185669,-0.84503174,-0.92605591
2214,1.2219238,-0.75241089,-0.95626831
2215,1.2176514,-0.59631348,-1.031189
2216,1.2231445,-0.61584473,-1.0496521
2217,1.1566162,-0.61035156,-0.97671509
2218,1.1343384,-0.50735474,-1.0177612
2219,1.0298157,-0.47958374,-1.0380554
2220,0.98312378,-0.55496216,-1.1056519
2221,0.92407227,-0.53237915,-1.0939026
2222,0.834198,-0.27084351,-1.0632324
2223,1.0307312,-0.27130127,-1.156311
2224,0.8190918,-0.18630981,-1.1906433
2225,0.88546753,-0.15563965,-1.1233521
2226,0.89981079,-0.12451172,-1.2969971
2227,0.77926636,-0.26626587,-1.2644959
2228,0.80261231,-0.19851685,-1.3056946
2229,0.89706421,-0.021820068,-1.3694763
2230,0.65856934,0.049133301,-1.3076782
2231,0.58731079,-0.020141602,-1.5048218
2232,0.68054199,0.19241333,-1.4318848
2233,0.5355835,0.26123047,-1.3743591
2234,0.38848877,0.32501221,-1.3250732
2235,0.35797119,0.28762817,-1.2559509
2236,0.46173096,0.33126831,-1.4178467
2237,0.48934936,0.41687012,-1.3858032
2238,0.28671265,0.31585693,-1.4157104
2239,0.34347534,0.40405273,-1.2431335
2240,0.24963379,0.62271118,-1.2327576
2241,0.47286987,0.57144165,-1.4086914
2242,0.25726318,0.6803894,-1.47995
2243,0.11962891,0.71487427,-1.315918
2244,0.059967041,0.8291626,-1.3996887
2245,0.050354004,0.78170776,-1.2994385
2246,-0.14022827,0.72769165,-1.1462402
2247,-0.19592285,0.88195801,-1.1715698
2248,-0.22003174,0.89324951,-1.1338806
2249,-0.27694702,0.81542969,-1.0528564
2250,-0.31677246,0.8656311,-0.97808838
2251,-0.38619995,0.96420288,-1.0723877
2252,-0.440979,0.9451294,-1.0691834
2253,-0.50537109,0.95520019,-1.0717773
2254,-0.54733276,1.1726379,-0.89279175
2255,-0.55999756,1.2390137,-0.99594116
2256,-0.57922363,1.2467957,-1.0557556
2257,-0.65567017,1.0705566,-1.0836792
2258,-0.79559326,1.2431335,-0.96603394
2259,-0.82122803,1.1708069,-0.87890625
2260,-0.85845947,1.2475586,-0.82199097
2261,-0.92895508,1.1152649,-0.79315185
2262,-0.79299927,1.2329102,-0.76812744
2263,-1.0183716,1.2721252,-0.70510864
2264,-1.0623169,1.1166382,-0.67459106
2265,-1.0015869,1.2870789,-0.59661865
2266,-1.0684204,1.1976624,-0.56045532
2267,-1.260376,1.137085,-0.45776367
2268,-1.2245178,1.3621521,-0.49530029
2269,-1.244812,1.2954712,-0.58578491
2270,-1.2817383,1.2670898,-0.50506592
2271,-1.4678955,1.2808228,-0.4309082
2272,-1.4344788,1.2289429,-0.42007446
2273,-1.3871765,1.3037109,-0.48629761
2274,-1.2886047,1.3092041,-0.19424438
2275,-1.3873291,1.3195801,-0.14846802
2276,-1.6654968,1.232605,-0.18783569
2277,-1.6007996,1.1468506,-0.17150879
2278,-1.6717529,1.1309814,-0.034179688
2279,-1.7715454,1.3391113,0.096588135
2280,-1.6362,1.2753296,0.099639893
2281,-1.7285156,1.0882568,0.10848999
2282,-1.749115,1.0804749,0.17745972
2283,-1.7279053,1.1590576,0.24536133
2284,-1.9332886,0.98449707,0.34225464
2285,-1.9213867,0.99060059,0.43823242
2286,-1.7202759,1.0697937,0.40542603
2287,-1.9403076,1.0322571,0.43258667
2288,-2.0298767,0.99304199,0.38848877
2289,-1.834259,0.96252441,0.53405762
2290,-2.1438599,0.92788696,0.60836792
2291,-2.0355225,0.97473144,0.70404053
2292,-2.0820618,0.93688965,0.70755005
2293,-2.1365356,0.8480835,0.63568115
2294,-2.1807861,0.63827515,0.69442749
2295,-2.1557617,0.85693359,0.82580566
2296,-1.9743347,0.59494019,0.76416016
2297,-1.9160461,0.59127808,0.965271
2298,-2.1276855,0.62744141,0.95916748
2299,-2.0701599,0.47393799,1.1271667
2300,-2.1224976,0.42877197,1.0656738
2301,-2.2055054,0.43930054,1.2217712
2302,-1.9790649,0.53405762,1.1845398
2303,-2.0791626,0.25665283,1.3143921
2304,-2.0452881,0.31158447,1.3249207
2305,-2.1815491,0.2998352,1.2216187
2306,-1.8222046,0.29953003,1.1209106
2307,-2.0394897,0.01953125,1.3426209
2308,-2.0161438,-0.029296875,1.5542603
2309,-1.8992615,0.022277832,1.4985657
2310,-2.0310974,-0.033416748,1.4733887
2311,-1.9934082,-0.015106201,1.4614868
2312,-2.0518494,-0.1953125,1.3935852
2313,-2.0965576,-0.25497436,1.5933228
2314,-1.9924927,-0.76293945,1.5515137
2315,-1.9802856,-0.62454224,1.7987061
2316,-1.9525146,-0.50354004,1.6485596
2317,-2.1150208,-0.68481445,1.8228149
2318,-1.946106,-0.92407227,1.855011
2319,-1.9743347,-0.61752319,1.7625427
2320,-1.8110657,-0.67474365,1.8164063
2321,-1.8608093,-0.76782227,1.8579102
2322,-1.8389893,-0.62194824,1.8624878
2323,-1.8457031,-0.81832886,1.7932129
2324,-1.7398071,-0.83480835,1.8321228
2325,-1.8278503,-0.89523315,1.4419556
2326,-1.7222595,-0.78323364,1.6862488
2327,-1.6371155,-0.99334717,1.7218018
2328,-1.7225647,-1.086731,1.9613647
2329,-1.6308594,-1.131134,1.7556763
2330,-1.559906,-1.2394714,1.4974976
2331,-1.3516235,-1.3020325,1.8338013
2332,-1.5101624,-1.2931824,1.945343
2333,-1.4614868,-1.3800049,1.7901611
2334,-1.4045715,-1.4216614,1.8835449
2335,-1.3929749,-1.4732361,1.7378235
2336,-1.31073,-1.5161133,1.627655
2337,-1.156311,-1.3887024,1.8009949
2338,-1.1335754,-1.5312195,1.8240356
2339,-1.1279297,-1.3011169,1.8678284
2340,-1.0333252,-1.5206909,1.842804
2341,-0.86135864,-1.5974426,1.9029236
2342,-0.94940185,-1.7396545,1.8887329
2343,-0.85952759,-1.67099,1.9764709
2344,-0.87341309,-1.802063,1.8432617
2345,-0.86639404,-1.6563416,1.9143677
2346,-0.83114624,-1.9865417,1.7883301
2347,-0.67153931,-2.0558167,1.7356873
2348,-0.60195923,-1.9978333,1.8904114
2349,-0.57357788,-2.046814,1.6381836
2350,-0.4876709,-1.9049072,1.5625
2351,-0.5758667,-2.1342468,1.6830444
2352,-0.51254272,-2.150116,1.7001343
2353,-0.39337158,-2.208252,1.5055847
2354,-0.31112671,-2.0324707,1.4949036
2355,-0.33660889,-2.1948242,1.4775085
2356,-0.29205322,-1.9874573,1.4482117
2357,-0.18127441,-1.8858337,1.5705872
2358,-0.19561768,-2.1885681,1.5753174
2359,-0.2204895,-2.0680237,1.472168
2360,-0.032958984,-2.2349548,1.3438416
2361,0.007781982,-2.1405029,1.3739014
2362,0.095214844,-2.3345947,1.4190674
2363,0.03326416,-2.1749878,1.3835144
2364,0.11505127,-2.3881531,1.2532043
2365,0.23956299,-2.3519897,1.1875916
2366,0.34851074,-2.2348022,1.2469482
2367,0.4045105,-2.2250366,1.1096191
2368,0.24337769,-2.2709656,1.0586548
2369,0.43945313,-2.2192383,0.89782715
2370,0.39031982,-2.1490479,0.88012695
2371,0.42770386,-2.131958,0.82595825
2372,0.546875,-2.0993042,1.0006714
2373,0.65368652,-2.0619202,0.75881958
2374,0.57739258,-2.0227051,0.82580566
2375,0.68939209,-2.2348022,0.63796997
2376,0.75256348,-2.3727417,0.57601929
2377,0.69412231,-2.27005,0.66650391
2378,0.66162109,-2.0835876,0.61538696
2379,0.73638916,-2.2325134,0.5090332
2380,0.82199097,-2.2299194,0.37872314
2381,0.91308594,-2.1708679,0.56610107
2382,0.92178345,-2.0768738,0.23651123
2383,1.0221863,-2.0213318,0.38803101
2384,0.86486816,-2.0755005,0.37155151
2385,0.99212647,-2.0747375,0.11962891
2386,1.0427856,-1.8345642,0.12420654
2387,1.1080933,-2.0715332,0.055999756
2388,1.1756897,-1.9261169,0.091094971
2389,1.2097168,-1.9136047,-0.084686279
2390,1.1116028,-1.8505859,-0.094909668
2391,1.1897278,-1.947937,-0.15808106
2392,1.0844421,-1.6967773,-0.11276245
2393,1.1354065,-1.6577148,-0.23162842
2394,1.2379456,-1.7826843,-0.33874512
2395,1.3128662,-1.6038513,-0.26855469
2396,1.1645508,-1.6317749,-0.31463623
2397,1.3265991,-1.572113,-0.36560059
2398,1.138916,-1.3168335,-0.25924683
2399,1.1631775,-1.3206482,-0.3779602
2400,1.3037109,-1.2254334,-0.44509888
2401,1.1515808,-1.2715149,-0.62286377
2402,1.1901855,-1.315918,-0.52947998
2403,1.1024475,-1.1988831,-0.56488037
2404,1.2023926,-1.194458,-0.61584473
2405,1.0980225,-1.2722778,-0.59509277
2406,1.0400391,-1.1959839,-0.75241089
2407,0.9992981,-1.0351563,-0.64666748
2408,1.084137,-1.1053467,-0.85586548
2409,0.95703125,-0.9375,-0.75515747
2410,0.96679688,-0.86547852,-0.85159302
2411,0.95977783,-0.99960327,-0.83190918
2412,1.0055542,-0.83831787,-0.86029053
2413,1.0400391,-0.67977905,-0.96618652
2414,1.1286926,-0.70159912,-1.1102295
2415,1.0968018,-0.60714722,-1.0806274
2416,1.0742188,-0.54946899,-1.2060547
2417,1.0543823,-0.46600342,-1.1557007
2418,0.98373413,-0.49011231,-1.0748291
2419,0.87921143,-0.36575317,-1.0295105
2420,0.77636719,-0.29144287,-1.222229
2421,0.73791504,-0.18753052,-1.0157776
2422,0.80596924,-0.28121948,-0.99395752
2423,0.67764282,-0.07232666,-1.2728882
2424,0.86471558,0.014038086,-1.144104
2425,0.71243286,-0.11276245,-1.09375
2426,0.76705933,-0.082702637,-1.3757324
2427,0.72128296,0.003204346,-1.3719177
2428,0.63766479,0.017089844,-1.3619995
2429,0.34912109,-0.29663086,-1.4212036
2430,0.38101196,0.1789856,-1.1875916
2431,0.38665772,0.10406494,-1.1509705
2432,0.38238525,0.17578125,-1.1474609
2433,0.29907227,0.31494141,-1.10672
2434,0.34088135,0.48645019,-1.1961365
2435,0.31097412,0.4750061,-1.2355041
2436,0.37658691,0.51818848,-1.1737061
2437,0.26992798,0.45227051,-1.1395264
2438,-0.024261475,0.42480469,-1.2670898
2439,-0.001068115,0.43182373,-1.3304138
2440,0.021209717,0.61050415,-1.1936951
2441,-0.11901856,0.52017212,-1.3021851
2442,-0.21331787,0.61981201,-1.1726379
2443,-0.19470215,0.72021484,-1.0491943
2444,-0.024719238,0.88348389,-1.0757446
2445,-0.26428223,0.89920044,-1.1578369
2446,-0.29006958,0.93322754,-0.96405029
2447,-0.33065796,0.887146,-0.99731445
2448,-0.39474487,0.98999023,-1.0272217
2449,-0.42892456,1.0255432,-1.002655
2450,-0.53634644,0.82061768,-0.90454102
2451,-0.48049927,0.94284058,-1.0877991
2452,-0.54443359,1.0888672,-0.79177856
2453,-0.64880371,1.0351563,-0.92803955
2454,-0.74157715,1.2416077,-0.93215942
2455,-0.73776245,1.1732483,-0.98388672
2456,-0.81741333,1.1070251,-0.85037231
2457,-0.83831787,1.0270691,-0.88973999
2458,-0.96191406,1.184845,-0.79803467
2459,-0.99685669,1.1904907,-0.88592529
2460,-1.0411072,1.3256836,-0.71502685
2461,-1.0427856,1.3461304,-0.70587158
2462,-1.0543823,1.3168335,-0.79925537
2463,-1.1155701,1.2414551,-0.68634033
2464,-1.1312866,1.1459351,-0.43197632
2465,-1.1483765,1.0818481,-0.40893555
2466,-1.2036133,1.0943604,-0.32745361
2467,-1.2739563,1.1270142,-0.23620606
2468,-1.3491821,1.1210632,-0.23178101
2469,-1.3066101,1.0394287,-0.17501831
2470,-1.3700867,1.1590576,-0.25680542
2471,-1.5487671,1.1012268,-0.086975098
2472,-1.6227722,1.1732483,-0.032348633
2473,-1.583252,1.1572266,-0.08972168
2474,-1.5155029,0.98937988,0.039825439
2475,-1.6717529,1.0313416,0.22247315
2476,-1.6088867,0.92163086,0.059204102
2477,-1.558075,1.0473633,0.16921997
2478,-1.5939331,1.1083984,0.18920898
2479,-1.8182373,0.88241577,0.16921997
2480,-1.746521,0.87738037,0.23712158
2481,-1.8548584,1.0591125,0.362854
2482,-1.7562866,0.91247559,0.42068481
2483,-1.8392944,0.91918945,0.48294067
2484,-1.9155884,0.80245972,0.46615601
2485,-1.8649292,0.71777344,0.45578003
2486,-1.9021606,0.75897217,0.51437378
2487,-1.9241333,0.79147339,0.49804688
2488,-1.8974304,0.79528809,0.61157227
2489,-2.0071411,0.81085205,0.70144653
2490,-2.0402527,0.81787109,0.62866211
2491,-2.1180725,0.59371948,0.70449829
2492,-1.9128418,0.4989624,0.57220459
2493,-2.0343018,0.55389404,0.69335938
2494,-1.9831848,0.42724609,0.72753906
2495,-2.1780396,0.54107666,0.94848633
2496,-2.0649719,0.48950195,0.92956543
2497,-1.9480896,0.3024292,1.0682678
2498,-2.0370483,0.38345337,1.1022949
2499,-2.0245361,0.24749756,1.131134
2500,-1.8359375,0.234375,1.1305237
2501,-1.9091797,0.15029907,1.2145996
2502,-1.9633484,0.031280518,1.1759949
2503,-2.0042419,0.055236816,1.219635
2504,-1.862793,-0.049133301,1.3523865
2505,-2.0996094,-0.10848999,1.1325073
2506,-1.9670105,-0.13305664,1.2451172
2507,-1.8505859,-0.022583008,1.416626
2508,-1.9169617,-0.33569336,1.4060974
2509,-1.9219971,-0.20507813,1.4324951
2510,-1.7581177,-0.28549194,1.6075134
2511,-1.8244934,-0.23345947,1.5682983
2512,-1.8318176,-0.35171509,1.638031
2513,-1.9090271,-0.32470703,1.6288757
2514,-1.8470764,-0.36621094,1.7303467
2515,-1.9132996,-0.597229,1.870575
2516,-1.7715454,-1.0435486,1.6848755
2517,-1.7468262,-0.92102051,1.6638184
2518,-1.7817688,-0.68542481,1.6682434
2519,-1.5881348,-0.70007324,1.8043518
2520,-1.5908813,-0.86242676,1.8540955
2521,-1.7651367,-1.0133362,1.6384888
2522,-1.6885376,-1.2084961,1.6870117
2523,-1.6603088,-1.098938,1.7472839
2524,-1.6723633,-1.2504578,1.6337585
2525,-1.6627502,-1.1505127,1.4868164
2526,-1.6134644,-1.1302185,1.9282532
2527,-1.4263916,-1.1663818,1.885376
2528,-1.3409424,-1.2101746,1.322937
2529,-1.2420654,-1.3267517,1.661377
2530,-1.29776,-1.2626648,1.8486023
2531,-1.260376,-1.4784241,1.7759705
2532,-1.2828064,-1.4199829,1.7486572
2533,-1.3809204,-1.7037964,1.685791
2534,-1.2527466,-1.716156,1.6516113
2535,-1.1526489,-1.6151428,1.7242432
2536,-0.99517822,-1.5840149,1.7607117
2537,-0.75302124,-1.5400696,1.8139648
2538,-0.82550049,-1.7967224,1.6438293
2539,-0.78842163,-1.8626404,1.6339111
2540,-0.81283569,-1.8676758,1.6911316
2541,-0.70175171,-1.893158,1.7120361
2542,-0.68435669,-1.7703247,1.7472839
2543,-0.59402466,-1.7584229,1.7382813
2544,-0.53741455,-1.8148804,1.7425537
2545,-0.50415039,-1.9003296,1.7045593
2546,-0.46081543,-2.0976257,1.661377
2547,-0.38085938,-2.1290588,1.6033936
2548,-0.39398193,-2.1800232,1.6503906
2549,-0.23117065,-1.993866,1.5350342
2550,-0.19393921,-2.1533203,1.5103149
2551,-0.2645874,-2.0829773,1.3980103
2552,-0.096435547,-2.0863342,1.4691162
2553,-0.20233154,-2.1472168,1.3018799
2554,-0.25115967,-2.2096252,1.5034485
2555,0.046691895,-2.1842957,1.3952637
2556,-0.050964355,-2.224884,1.2565613
2557,-0.044403076,-2.2026062,1.3244629
2558,0.004272461,-2.2044373,1.3009644
2559,0.082244873,-2.0372009,1.2805176
2560,0.14450073,-2.0994568,1.2860107
2561,0.31448364,-2.0916748,1.1877441
2562,0.35186768,-2.1578979,1.0961914
2563,0.41809082,-2.1263123,0.98876953
2564,0.40817261,-2.3376465,0.962677
2565,0.28320313,-2.2528076,0.9777832
2566,0.36026001,-2.2283936,0.81954956
2567,0.50598144,-2.3802185,0.77789307
2568,0.65231323,-2.5120544,0.72982788
2569,0.66162109,-2.2685242,0.71914673
2570,0.59692383,-2.2904968,0.63903809
2571,0.71563721,-2.1595764,0.67733765
2572,0.64697266,-2.2686768,0.53405762
2573,0.63720703,-1.9775391,0.5456543
2574,0.73730469,-1.9810486,0.50628662
2575,0.8442688,-2.0454407,0.52185059
2576,0.82672119,-1.9847107,0.39001465
2577,0.88058472,-1.8960571,0.42755127
2578,0.77667236,-2.0065308,0.40008545
2579,0.95825195,-1.9174194,0.22232056
2580,1.0456848,-1.8525696,0.11550903
2581,0.96099853,-1.946106,0.25482178
2582,0.9992981,-1.9984436,0.12252808
2583,0.96679688,-2.043457,0.0050354
2584,1.0873413,-1.7025757,-0.037689209
2585,1.0548401,-1.7254639,-0.16769409
2586,1.1077881,-1.7205811,0.062866211
2587,1.0652161,-1.7706299,-0.16204834
2588,1.0668945,-1.6665649,-0.16662598
2589,1.1303711,-1.6650391,-0.29052734
2590,1.0462952,-1.6691589,-0.42404175
2591,1.0568237,-1.6325378,-0.31799316
2592,1.1149597,-1.4016724,-0.4006958
2593,1.0314941,-1.3476563,-0.39245606
2594,1.0879517,-1.4030457,-0.33187866
2595,1.058197,-1.2733459,-0.37292481
2596,1.0006714,-1.4573669,-0.45516968
2597,1.1474609,-1.3212585,-0.57601929
2598,1.1274719,-1.2950134,-0.58914185
2599,1.0180664,-1.2107849,-0.51239014
2600,1.053772,-1.0693359,-0.61584473
2601,1.053009,-0.96176147,-0.66452026
2602,0.84686279,-0.85067749,-0.65704346
2603,0.93292236,-0.79986572,-0.83236694
2604,0.94604492,-0.79498291,-0.73242188
2605,0.97351074,-0.84335327,-0.6439209
2606,0.93917847,-0.70220947,-0.7850647
2607,1.0571289,-0.6918335,-0.76446533
2608,1.0119629,-0.69061279,-0.95184326
2609,0.87966919,-0.61691284,-0.9147644
2610,0.89523315,-0.52017212,-0.97320557
2611,0.94100952,-0.45455933,-1.035614
2612,0.99792481,-0.57525635,-1.0440063
2613,0.7762146,-0.44494629,-1.0057068
2614,0.76171875,-0.39916992,-1.1529541
2615,0.80474853,-0.32653809,-0.97000122
2616,0.73516846,-0.065612793,-1.0227966
2617,0.78582764,-0.27587891,-0.95870972
2618,0.77346802,-0.22521973,-1.1730957
2619,0.66467285,-0.12313843,-1.1094666
2620,0.68725586,-0.11520386,-1.1172485
2621,0.66879272,0.062866211,-1.2019348
2622,0.55908203,0.14572144,-1.2504578
2623,0.35934448,-0.091247559,-1.2966919
2624,0.54656982,-0.009460449,-1.2744141
2625,0.42617798,0.11550903,-1.2832642
2626,0.45059204,0.24932861,-1.2831116
2627,0.43045044,0.27633667,-1.2669373
2628,0.40634155,0.35507202,-1.0850525
2629,0.32287598,0.31280518,-1.2149048
2630,0.22521973,0.56549072,-1.1819458
2631,0.10818481,0.43441772,-1.2068176
2632,0.092468262,0.48812866,-1.2297058
2633,-0.073699951,0.60409546,-1.1105347
2634,-0.039825439,0.50262451,-1.1376953
2635,-0.010375977,0.6262207,-1.1531067
2636,-0.099182129,0.8102417,-1.065979
2637,-0.30517578,0.77697754,-1.0925293
2638,-0.27832031,0.71014404,-1.1328125
2639,-0.21881103,0.78094482,-1.0038757
2640,-0.31600952,0.80581665,-1.0375977
2641,-0.35491943,0.70541382,-1.1499023
2642,-0.51513672,0.76156616,-1.0749817
2643,-0.51559448,0.89324951,-1.0641479
2644,-0.57617188,1.0388184,-0.98220825
2645,-0.56930542,1.1543274,-0.90805054
2646,-0.59295654,1.0453796,-0.97518921
2647,-0.56213379,1.0992432,-0.80169678
2648,-0.61248779,1.1073303,-0.753479
2649,-0.71258545,1.0797119,-0.77255249
2650,-0.89050293,1.027832,-0.62942505
2651,-0.79925537,1.1906433,-0.67642212
2652,-0.89981079,1.1068726,-0.730896
2653,-0.95535278,1.111908,-0.72021484
2654,-1.0441589,1.1306763,-0.68328857
2655,-0.98770142,1.1624146,-0.59799194
2656,-1.1560059,0.99685669,-0.63186646
2657,-1.1180115,1.2023926,-0.56640625
2658,-0.92758179,1.149292,-0.58044434
2659,-1.1470032,1.2036133,-0.3944397
2660,-1.1984253,1.0609436,-0.23132324
2661,-1.3117981,1.0951233,-0.25512695
2662,-1.2649536,1.0928345,-0.31723022
2663,-1.4213562,1.2049866,-0.1739502
2664,-1.4517212,1.340332,-0.21209717
2665,-1.5812683,1.2094116,-0.13839722
2666,-1.4630127,1.0792541,-0.08605957
2667,-1.5438843,1.2788391,-0.13900757
2668,-1.5194702,1.0403442,-0.081481934
2669,-1.6072083,1.2277222,0.0440979
2670,-1.675415,1.0920715,0.061035156
2671,-1.5707397,1.0983276,0.085601807
2672,-1.7353821,0.93887329,0.13427734
2673,-1.7990112,0.96755981,0.23208618
2674,-1.7144775,0.93048096,0.26092529
2675,-1.6629028,0.93429565,0.31860352
2676,-1.8890381,1.0211182,0.40588379
2677,-1.7926025,0.91979981,0.34500122
2678,-1.9436646,0.83938599,0.45455933
2679,-1.817627,0.8303833,0.52337647
2680,-1.8544006,0.81192017,0.5809021
2681,-1.9665527,0.75531006,0.69824219
2682,-1.8991089,0.75805664,0.5859375
2683,-1.8655396,0.62271118,0.6237793
2684,-1.8083191,0.69122315,0.74691772
2685,-1.9114685,0.59661865,0.65551758
2686,-1.9781494,0.63354492,0.67871094
2687,-1.8930054,0.59005737,0.89630127
2688,-2.0614624,0.51925659,0.95718384
2689,-1.9590759,0.36956787,0.91705322
2690,-1.9482422,0.48492432,0.96618652
2691,-1.9915771,0.40725708,1.0403442
2692,-2.0066833,0.33706665,0.95657349
2693,-2.0672607,0.42480469,1.1177063
2694,-2.0889282,0.34820557,1.171875
2695,-2.0988464,0.33081055,1.2721252
2696,-1.9328308,0.2003479,1.3391113
2697,-1.9810486,-0.071258545,1.3531494
2698,-1.9528198,-0.12588501,1.2481689
2699,-1.9506836,-0.28320313,1.33255
2700,-2.0608521,-0.25573731,1.4715576
2701,-1.7933655,-0.41610718,1.3934326
2702,-1.9473267,-0.30136108,1.3624573
2703,-1.999054,-0.43457031,1.3873291
2704,-1.9958496,-0.4447937,1.5771484
2705,-2.0521545,-0.57937622,1.6162109
2706,-1.9863892,-0.4637146,1.6647339
2707,-1.9139099,-0.5065918,1.6337585
2708,-1.8862915,-0.70388794,1.7178345
2709,-1.7585754,-0.61050415,1.6699219
2710,-1.7048645,-0.57220459,1.6850281
2711,-1.8499756,-0.53955078,1.5898132
2712,-1.7735291,-0.78369141,1.8167114
2713,-1.8377686,-0.84503174,1.8766785
2714,-1.660614,-1.0044861,1.817627
2715,-1.7372131,-1.3972473,1.8215942
2716,-1.6781616,-1.2260437,1.7658997
2717,-1.5745544,-0.99975586,1.8301392
2718,-1.5939331,-1.0514832,1.9018555
2719,-1.6307068,-1.1967468,1.7944336
2720,-1.4369202,-1.2025452,1.8707275
2721,-1.4906311,-1.3342285,2.0321655
2722,-1.4376831,-1.4971924,1.852417
2723,-1.3986206,-1.3803101,1.7362976
2724,-1.2825012,-1.3841248,1.8635559
2725,-1.4320374,-1.4570618,1.8954468
2726,-1.3427734,-1.4207459,2.0846558
2727,-1.1785889,-1.4964294,1.3801575
2728,-0.97457886,-1.5727234,1.816864
2729,-1.0868835,-1.5496826,2.0582581
2730,-1.076355,-1.4756775,1.8371582
2731,-0.93673706,-1.6412354,1.8533325
2732,-0.8605957,-1.7556763,1.9178772
2733,-0.69534302,-1.7854309,1.9250488
2734,-0.86364746,-2.0300293,1.8527222
2735,-0.80764771,-1.8266296,1.8760681
2736,-0.68328857,-1.940155,1.7520142
2737,-0.66162109,-1.9586182,1.6851807
2738,-0.63552856,-2.0669556,1.6091919
2739,-0.55114746,-1.9978333,1.6011047
2740,-0.51818848,-1.9491577,1.6435242
2741,-0.48614502,-1.9499207,1.7411804
2742,-0.45501709,-1.9523621,1.6372681
2743,-0.43884277,-1.9787598,1.5560913
2744,-0.34576416,-2.0855713,1.5736389
2745,-0.30334473,-2.0800781,1.5953064
2746,-0.22644043,-2.1359253,1.5696716
2747,-0.18722534,-2.1369934,1.5814209
2748,-0.14572144,-2.1531677,1.544342
2749,-0.10757446,-2.1130371,1.3748169
2750,-0.023040771,-2.1444702,1.2971497
2751,0.045318604,-2.2016907,1.4118958
2752,0.12329102,-2.1536255,1.368103
2753,0.06439209,-2.3838806,1.187439
2754,0.33966064,-2.2822571,1.194458
2755,0.17532349,-2.3400879,1.187439
2756,0.32623291,-2.2264099,1.0629272
2757,0.40618897,-2.2146606,1.0566711
2758,0.43746948,-2.1711731,1.0353088
2759,0.54031372,-2.1813965,0.98342896
2760,0.58380127,-2.121582,1.0002136
2761,0.54534912,-1.9903564,0.90515137
2762,0.54626465,-2.0899963,0.81741333
2763,0.53039551,-2.1195984,0.7484436
2764,0.54718018,-2.0498657,0.8013916
2765,0.61218262,-2.1664429,0.63796997
2766,0.75286865,-2.0959473,0.6678772
2767,0.68572998,-1.9752502,0.66955566
2768,0.69839478,-2.049408,0.75668335
2769,0.85494995,-2.1739197,0.52093506
2770,0.86761475,-2.0565796,0.62332153
2771,0.92315674,-2.1121216,0.46539307
2772,0.82336426,-2.0544434,0.44921875
2773,0.88775635,-1.9827271,0.25024414
2774,0.98693848,-1.90979,0.34759522
2775,0.90591431,-2.0666504,0.34515381
2776,1.0025024,-1.872406,0.26016235
2777,1.047821,-1.9377136,0.18676758
2778,1.0966492,-1.9552612,-0.008544922
2779,1.1140442,-1.9795227,0.03616333
2780,1.0635376,-1.7945862,0.048370361
2781,1.2008667,-1.7564392,-0.073242188
2782,1.1654663,-1.8003845,-0.29754639
2783,1.2583923,-1.6392517,-0.09552002
2784,1.3467407,-1.6339111,-0.33325195
2785,1.1671448,-1.5061951,-0.23956299
2786,1.2985229,-1.4814758,-0.34240723
2787,1.144104,-1.2905884,-0.24551392
2788,1.1016846,-1.4289856,-0.36529541
2789,1.1149597,-1.3130188,-0.58074951
2790,1.3380432,-1.2733459,-0.56884766
2791,1.2509155,-1.3485718,-0.68023682
2792,1.1907959,-1.2635803,-0.67703247
2793,1.2016296,-1.1465454,-0.88439941
2794,1.0705566,-1.0923767,-0.66635132
2795,1.0780334,-0.87036133,-0.66207886
2796,1.1825562,-1.0404968,-0.74050903
2797,1.1042786,-0.82885742,-0.75973511
2798,1.2338257,-0.90011597,-0.84991455
2799,1.1613464,-0.93185425,-0.84579468
2800,1.0353088,-0.7333374,-0.8140564
2801,1.0635376,-0.87753296,-0.94604492
2802,0.89096069,-0.74371338,-0.81863403
2803,0.89263916,-0.70465088,-0.87402344
2804,0.95870972,-0.66131592,-1.0720825
2805,0.84274292,-0.51452637,-0.95947266
2806,0.89233398,-0.61920166,-0.85235596
2807,0.86151123,-0.47866821,-0.95809937
2808,0.83557129,-0.51361084,-1.0984802
2809,0.91567993,-0.36773682,-1.1643982
2810,0.82519531,-0.38803101,-1.235199
2811,0.86746216,-0.38208008,-1.2380981
2812,0.85784912,-0.25802612,-1.2265015
2813,0.84686279,-0.14907837,-1.3137817
2814,0.70617676,0.072784424,-1.2547302
2815,0.72128296,-0.003509521,-1.459198
2816,0.73745728,0.037536621,-1.4605713
2817,0.59844971,-0.1184082,-1.3883972
2818,0.47119141,-0.20812988,-1.4897156
2819,0.60302734,0.10253906,-1.1804199
2820,0.60729981,0.18890381,-1.0653687
2821,0.50964356,0.32409668,-1.211853
2822,0.51300049,0.45074463,-1.2255859
2823,0.38085938,0.39871216,-1.2503052
2824,0.24536133,0.47927856,-1.3269043
2825,0.28411865,0.51895142,-1.4126587
2826,0.16082764,0.4927063,-1.342926
2827,0.13046265,0.69534302,-1.3891602
2828,0.19454956,0.65032959,-1.2428284
2829,0.053253174,0.73669434,-1.2277222
2830,0.058898926,0.70571899,-1.41922
2831,-0.066833496,0.69137573,-1.262207
2832,-0.20004273,0.76385498,-1.2637329
2833,-0.1802063,0.90179443,-1.1747742
2834,-0.15426636,0.93673706,-1.1804199
2835,-0.28808594,1.1470032,-1.0247803
2836,-0.4977417,1.1682129,-1.0028076
2837,-0.40267944,1.1793518,-1.1022949
2838,-0.47912598,1.0707092,-1.2083435
2839,-0.36575317,1.0983276,-1.1128235
2840,-0.54626465,0.97869873,-0.90698242
2841,-0.50689697,0.86288452,-1.1018372
2842,-0.57525635,1.0424805,-1.1605835
2843,-0.5657959,0.96557617,-1.1491394
2844,-0.57983398,1.1943054,-1.1436462
2845,-0.74462891,1.2608337,-1.0723877
2846,-0.84136963,1.2731934,-0.95153809
2847,-0.89035034,1.1376953,-0.76461792
2848,-0.97961426,1.1807251,-0.91186523
2849,-0.89263916,1.23703,-0.84915161
2850,-1.0128784,1.1502075,-0.65185547
2851,-1.0342407,1.2356567,-0.47958374
2852,-1.1340332,1.2750244,-0.57754517
2853,-1.1950684,1.3278198,-0.47103882
2854,-1.2799072,1.2255859,-0.52932739
2855,-1.3809204,1.227417,-0.54626465
2856,-1.3458252,1.3340759,-0.51834106
2857,-1.530304,1.2149048,-0.34942627
2858,-1.3929749,1.3543701,-0.35644531
2859,-1.6220093,1.2226868,-0.18249512
2860,-1.5377808,1.2519836,-0.12802124
2861,-1.6001892,1.0719299,-0.26611328
2862,-1.9387817,0.9185791,-0.24490356
2863,-1.7068481,1.1204529,-0.090637207
2864,-1.7417908,1.16745,-0.021972656
2865,-1.8421936,1.3171387,0.073394775
2866,-1.7163086,1.1517334,-0.00579834
2867,-1.7622375,1.18927,0.072937012
2868,-1.9442749,1.2948608,0.2482605
2869,-1.9725037,1.1172485,0.18890381
2870,-2.0217896,1.1334229,0.44342041
2871,-2.000885,1.1437988,0.3767395
2872,-2.1109009,1.0250854,0.47225952
2873,-2.0288086,1.1688232,0.45043945
2874,-1.9091797,1.1294556,0.4914856
2875,-1.9517517,1.0166931,0.60592651
2876,-1.9239807,1.0420227,0.60546875
2877,-2.0880127,0.97518921,0.65155029
2878,-1.9638062,0.84594727,0.79376221
2879,-1.9937134,0.80261231,0.8265686
2880,-1.9975281,0.78735352,0.7975769
2881,-2.1391296,0.65460205,0.96725464
2882,-2.1591187,0.60012817,0.98876953
2883,-1.9596863,0.72052002,0.88165283
2884,-2.0750427,0.80291748,0.93811035
2885,-2.097168,0.5770874,1.0905457
2886,-2.1258545,0.48583984,1.0031128
2887,-2.2955322,0.35797119,1.0745239
2888,-2.1081543,0.33798218,1.0848999
2889,-2.2122192,0.35522461,1.2210083
2890,-2.1362305,0.33843994,1.267395
2891,-2.1081543,0.18478394,1.3397217
2892,-2.1302795,0.041503906,1.3163757
2893,-2.1148682,-0.032806396,1.4025879
2894,-2.1211243,-0.018310547,1.4700317
2895,-2.2120667,-0.017547607,1.4710999
2896,-2.0472717,0.036468506,1.706543
2897,-2.1731567,-0.075683594,1.5621948
2898,-2.1864319,-0.14190674,1.5142822
2899,-2.1333313,-0.32089233,1.5133667
2900,-2.1499634,-0.087127686,1.675415
2901,-2.1287537,-0.24658203,1.577301
2902,-2.1212769,-0.30975342,1.7155457
2903,-2.0767212,-0.22186279,1.5144348
2904,-2.0388794,-0.38391113,1.771698
2905,-1.8638611,-0.39703369,1.7642212
2906,-1.8844604,-0.53833008,1.9030762
2907,-1.7344666,-0.70587158,1.8319702
2908,-1.9493103,-0.6867981,1.8563843
2909,-1.9511414,-0.79238892,1.9381714
2910,-1.7614746,-0.91873169,1.831665
2911,-1.831665,-0.64056397,1.653595
2912,-1.6236877,-1.0424805,1.9422913
2913,-1.8762207,-1.4054871,1.869812
2914,-1.68396,-1.4523315,1.8966675
2915,-1.6223145,-1.0900879,1.8409729
2916,-1.4727783,-1.1000061,2.0455933
2917,-1.4660645,-1.0636902,2.0179749
2918,-1.4103699,-1.1038208,2.0884705
2919,-1.399231,-1.1747742,1.9444275
2920,-1.4227295,-1.2820435,2.0295715
2921,-1.2854004,-1.5298462,1.5229797
2922,-1.3545227,-1.6241455,1.8441772
2923,-1.2675476,-1.6355896,1.9892883
2924,-1.2393188,-1.6171265,2.1278381
2925,-1.3847351,-1.8548584,2.0480347
2926,-1.2358093,-1.8522644,1.6598511
2927,-1.0482788,-1.7889404,1.7202759
2928,-0.99060059,-1.8347168,1.7652893
2929,-0.98648071,-1.6650391,1.9848633
2930,-0.8366394,-1.8283081,1.9100952
2931,-0.88272095,-2.0256042,1.8374634
2932,-0.71807861,-1.9110107,1.9348145
2933,-0.77178955,-2.0207214,1.9754028
2934,-0.72494507,-2.0083618,1.8928528
2935,-0.61752319,-2.0663452,1.7578125
2936,-0.61050415,-2.0483398,1.8829346
2937,-0.56457519,-2.1400452,1.8267822
2938,-0.43884277,-2.210083,1.8119812
2939,-0.36361694,-2.1989441,1.6342163
2940,-0.3453064,-2.048645,1.730957
2941,-0.28274536,-1.8664551,1.7279053
2942,-0.15792847,-2.1574402,1.6407776
2943,-0.066986084,-2.2084045,1.6360474
2944,-0.14694214,-2.1942139,1.6719055
2945,-0.074920654,-2.3608398,1.5496826
2946,0.000915527,-2.3417664,1.4880371
2947,0.07232666,-2.3699951,1.530304
2948,0.11077881,-2.2489929,1.3973999
2949,0.086975098,-2.2935486,1.4160156
2950,0.30700684,-2.3193359,1.3650513
2951,0.20050049,-2.1638489,1.3362122
2952,0.40557861,-2.3352051,1.2368774
2953,0.43899536,-2.4208069,1.0148621
2954,0.55969238,-2.414093,1.1312866
2955,0.53161621,-2.3808289,0.97244263
2956,0.43823242,-2.301178,1.0079956
2957,0.546875,-2.3326111,1.0035706
2958,0.60256958,-2.2903442,0.90133667
2959,0.62072754,-2.3365784,0.99655151
2960,0.77087402,-2.2671509,0.7484436
2961,0.84167481,-2.2898865,0.73577881
2962,0.89187622,-2.2955322,0.79650879
2963,0.84625244,-2.2358704,0.57876587
2964,0.97045898,-2.3155212,0.53588867
2965,1.0308838,-2.3846436,0.52352905
2966,1.0131836,-2.3136902,0.4675293
2967,1.015625,-2.3216248,0.46569824
2968,0.94848633,-2.2013855,0.43579102
2969,1.0569763,-2.1644592,0.33996582
2970,1.0289001,-2.0927429,0.21499634
2971,1.109314,-2.255249,0.19104004
2972,1.1114502,-2.2593689,0.21469116
2973,1.1502075,-2.0968628,0.1298523
2974,1.2109375,-1.9639587,0.11367798
2975,1.217041,-1.8913269,0.11276245
2976,1.1965942,-1.8991089,0.036621094
2977,1.2034607,-2.0002747,-0.10803223
2978,1.2232971,-2.0019531,0.070037842
2979,1.204834,-1.9866943,-0.087890625
2980,1.2870789,-2.0832825,-0.20553589
2981,1.242981,-1.7193604,-0.25024414
2982,1.2593079,-1.8151855,-0.24291992
2983,1.3070679,-1.6708374,-0.27740478
2984,1.2417603,-1.6355896,-0.43426514
2985,1.2394714,-1.6311646,-0.38879394
2986,1.3648987,-1.5591431,-0.4460144
2987,1.2165833,-1.3859558,-0.496521
2988,1.4077759,-1.2417603,-0.57632446
2989,1.2277222,-1.2487793,-0.60592651
2990,1.4202881,-1.1909485,-0.62576294
2991,1.2619019,-1.2187195,-0.79696655
2992,1.3172913,-1.2298584,-0.96038818
2993,1.3175964,-1.1561584,-0.94070435
2994,1.1665344,-1.1697388,-0.76965332
2995,1.1585999,-1.0127258,-0.95413208
2996,1.343689,-0.98007202,-1.0032654
2997,1.2675476,-0.93902588,-0.98556519
2998,1.2449646,-0.84030151,-1.0232544
2999,1.2652588,-0.80413818,-1.0542297
3000,1.1486816,-0.70358276,-1.2159729
3001,1.1524963,-0.72448731,-1.0934448
3002,1.1573791,-0.6602478,-1.1270142
3003,0.98617554,-0.55633545,-1.1727905
3004,1.0076904,-0.42480469,-1.2194824
3005,1.0739136,-0.42373657,-1.2034607
3006,0.93109131,-0.15975952,-1.1837769
3007,0.93383789,-0.29418945,-1.3404846
3008,0.92559815,-0.085906982,-1.1697388
3009,0.89111328,-0.25375366,-1.1488342
3010,0.8126831,-0.25878906,-1.2728882
3011,0.78186035,-0.098419189,-1.401062
3012,0.73883057,-0.095825195,-1.3490295
3013,0.76690674,0.063171387,-1.4761353
3014,0.63476563,-0.22567749,-1.5447998
3015,0.65139771,-0.011749268,-1.5512085
3016,0.4914856,0.20767212,-1.4035034
3017,0.61477661,0.23239136,-1.4707947
3018,0.51101685,0.23208618,-1.4038086
3019,0.53375244,0.27114868,-1.3409424
3020,0.43228149,0.45028686,-1.3476563
3021,0.42312622,0.41030884,-1.2528992
3022,0.50430298,0.49240112,-1.5287781
3023,0.28839111,0.40618897,-1.8247986
3024,0.2154541,0.52703857,-1.7170715
3025,0.096282959,0.74493408,-1.4527893
3026,0.16693115,0.73974609,-1.5325928
3027,0.018005371,0.6880188,-1.439209
3028,-0.095672607,0.76446533,-1.3560486
3029,-0.085296631,0.74249268,-1.3719177
3030,-0.071716309,0.82824707,-1.2362671
3031,-0.21774292,0.84854126,-1.0345459
3032,-0.29296875,0.84945679,-1.1239624
3033,-0.26199341,0.99884033,-1.2249756
3034,-0.55328369,1.0084534,-1.2243652
3035,-0.60455322,1.0670471,-1.0684204
3036,-0.59036255,1.1116028,-1.0368347
3037,-0.48797607,1.2670898,-0.94985962
3038,-0.63858032,1.3476563,-0.95443726
3039,-0.75164795,1.1546326,-1.1457825
3040,-0.89248657,1.2854004,-0.9777832
3041,-0.8821106,1.21521,-0.965271
3042,-0.97518921,1.282959,-0.98602295
3043,-0.99868774,1.1566162,-1.0325623
3044,-1.0105896,1.4611816,-0.88317871
3045,-1.121521,1.285553,-0.88195801
3046,-1.1711121,1.1962891,-0.83602905
3047,-1.1938477,1.3887024,-0.81085205
3048,-1.2466431,1.4572144,-0.62850952
3049,-1.3180542,1.3217163,-0.50354004
3050,-1.1976624,1.4231873,-0.64147949
3051,-1.2506104,1.3792419,-0.56854248
3052,-1.1712646,1.4251709,-0.47424316
3053,-1.3256836,1.4082336,-0.44677734
3054,-1.479187,1.489563,-0.25344849
3055,-1.3949585,1.3356018,-0.21606445
3056,-1.570282,1.2628174,-0.24047852
3057,-1.4767456,1.4239502,-0.73577881
3058,-1.7221069,1.474762,-0.27175903
3059,-1.6152954,1.4190674,-0.47988892
3060,-1.64505,1.4369202,-0.42480469
3061,-1.6278076,1.307373,-0.27893066
3062,-1.5718079,1.3720703,-0.020446777
3063,-1.6879272,1.2960815,0.054931641
3064,-1.7593384,1.2065125,0.11169434
3065,-1.8614197,1.2397766,0.095672607
3066,-1.915741,1.1837769,0.209198
3067,-2.0114136,1.0391235,0.3578186
3068,-2.0637512,1.0108948,0.39916992
3069,-2.0161438,1.1193848,0.39672852
3070,-2.0181274,1.1248779,0.37872314
3071,-2.0372009,1.0015869,0.55587769
3072,-1.9697571,1.0780334,0.58670044
3073,-2.1810913,1.0359192,0.69030762
3074,-2.0654297,1.0217285,0.70968628
3075,-2.1424866,0.93505859,0.86105347
3076,-2.1318054,0.95596313,0.77209473
3077,-2.1749878,1.0197449,0.97229004
3078,-2.2415161,0.87905884,0.89736938
3079,-2.3149109,0.81512451,0.99914551
3080,-2.2991943,0.80383301,1.1054993
3081,-2.2245789,0.85678101,0.98449707
3082,-2.2616577,0.6942749,1.0910034
3083,-2.1644592,0.56564331,1.0263062
3084,-2.1362305,0.61355591,0.99334717
3085,-2.1772766,0.50247192,0.99822998
3086,-2.1588135,0.43884277,1.164093
3087,-2.0750427,0.42602539,1.2530518
3088,-2.1578979,0.33660889,1.3168335
3089,-2.1098328,0.31936645,1.3446045
3090,-2.1836853,0.23605347,1.4030457
3091,-2.3095703,0.14053345,1.4009094
3092,-2.1791077,0.070495605,1.4932251
3093,-2.2546387,-0.04699707,1.295166
3094,-2.0805359,-0.21881103,1.5905762
3095,-2.1086121,-0.29159546,1.4474487
3096,-2.1784973,-0.21118164,1.6864014
3097,-2.0225525,-0.18554688,1.5971375
3098,-2.0373535,-0.46936035,1.5864563
3099,-2.0245361,-0.35583496,1.7617798
3100,-2.0153809,-0.3868103,1.8215942
3101,-2.1054077,-0.50857544,1.688385
3102,-1.9329834,-0.31417847,1.7929077
3103,-1.9798279,-0.62332153,1.8484497
3104,-1.9514465,-0.6892395,1.8572998
3105,-1.9580078,-0.89096069,1.920166
3106,-1.7770386,-0.74661255,1.9023132
3107,-1.8972778,-0.86929321,1.9749451
3108,-1.7428589,-0.87051392,1.9909668
3109,-1.8591309,-0.70846558,1.8363953
3110,-1.7755127,-0.82336426,1.9636536
3111,-1.7622375,-1.0856628,2.0629883
3112,-1.8066406,-1.6404724,1.9737244
3113,-1.6937256,-1.4903259,1.9406128
3114,-1.471405,-1.4637756,1.8676758
3115,-1.5162659,-1.3005066,2.0310974
3116,-1.3928223,-1.5609741,1.862793
3117,-1.4282227,-1.4453125,2.0883179
3118,-1.3822937,-1.50177,2.0393372
3119,-1.3024902,-1.5441895,1.9958496
3120,-1.4227295,-1.4627075,1.8783569
3121,-1.2612915,-1.5350342,1.6104126
3122,-1.1206055,-1.6667175,2.0916748
3123,-1.1470032,-1.6687012,1.953125
3124,-1.1767578,-1.6687012,2.0071411
3125,-1.1198425,-1.8348694,1.8659973
3126,-1.0279846,-1.9067383,1.867981
3127,-0.86837769,-1.9502258,1.3690186
3128,-0.88043213,-1.8551636,1.8545532
3129,-0.62652588,-1.8438721,1.8595886
3130,-0.80093384,-1.9178772,1.8920898
3131,-0.75561523,-2.0925903,1.832428
3132,-0.60852051,-1.8434143,1.9804382
3133,-0.65628052,-1.8164063,1.8771362
3134,-0.64682007,-2.0166016,1.8762207
3135,-0.48217773,-2.2058105,1.7610168
3136,-0.43304443,-2.1968079,1.7022705
3137,-0.3427124,-2.3312378,1.6615295
3138,-0.37689209,-2.2935486,1.7138672
3139,-0.23406982,-2.1061707,1.6242981
3140,-0.22735596,-2.1511841,1.5362549
3141,-0.19134522,-2.1775818,1.5510559
3142,-0.11383057,-2.2351074,1.504364
3143,-0.046691895,-2.2361755,1.5263367
3144,-0.003662109,-2.3960876,1.4466858
3145,0.055389404,-2.2775269,1.4561462
3146,0.036773682,-2.4734497,1.3723755
3147,0.25360107,-2.5189209,1.2469482
3148,0.23742676,-2.3716736,1.131134
3149,0.365448,-2.4401855,1.1488342
3150,0.32562256,-2.2019958,1.0424805
3151,0.44326782,-2.237854,1.181488
3152,0.4927063,-2.1716309,1.0987854
3153,0.41305542,-2.2398376,0.8821106
3154,0.52124023,-2.3434448,0.84960938
3155,0.49057007,-2.3651123,0.86303711
3156,0.61950684,-2.4282837,0.84060669
3157,0.6288147,-2.2265625,0.69595337
3158,0.6867981,-2.2822571,0.61843872
3159,0.75271606,-2.3234558,0.64620972
3160,0.70327759,-2.0219421,0.76843262
3161,0.80032349,-2.1722412,0.68542481
3162,0.83023071,-2.1063232,0.53009033
3163,0.8921814,-2.166748,0.5001831
3164,0.95092773,-2.1192932,0.4737854
3165,0.94055176,-2.0677185,0.41946411
3166,0.9703064,-2.0498657,0.4296875
3167,0.99121094,-2.039032,0.37597656
3168,1.0510254,-1.9288635,0.30029297
3169,1.0421753,-1.9462585,0.20523071
3170,1.0905457,-1.9212341,0.28686523
3171,1.2091064,-2.1463013,0.065460205
3172,1.1802673,-2.0257568,-0.037231445
3173,1.1097717,-1.9760132,-0.000610352
3174,1.2388611,-1.8676758,-0.095367432
3175,1.2406921,-1.82724,-0.14953613
3176,1.2817383,-1.9276428,-0.21850586
3177,1.1956787,-1.7131042,-0.26794434
3178,1.2356567,-1.6864014,-0.39672852
3179,1.2168884,-1.6348267,-0.30136108
3180,1.3322449,-1.5577698,-0.088043213
3181,1.2712097,-1.493988,-0.22491455
3182,1.3098145,-1.5293884,-0.47714233
3183,1.3867188,-1.4686584,-0.5329895
3184,1.3433838,-1.4585876,-0.57159424
3185,1.2416077,-1.2875366,-0.55404663
3186,1.2643433,-1.3615417,-0.69122315
3187,1.1968994,-1.2045288,-0.77514648
3188,1.3240051,-1.1923218,-0.75531006
3189,1.3439941,-1.1019897,-0.60028076
3190,1.2992859,-1.0076904,-0.78720093
3191,1.2637329,-1.1560059,-0.84411621
3192,1.0440063,-1.0327148,-0.78811646
3193,1.2532043,-0.97488403,-1.0992432
3194,1.2217712,-0.88699341,-1.1289978
3195,1.0939026,-0.80245972,-1.1282349
3196,1.0905457,-0.79040527,-1.2205505
3197,1.1247253,-0.62026978,-1.1332703
3198,1.1273193,-0.55374146,-1.1724854
3199,1.0290527,-0.46310425,-0.99304199
3200,1.0202026,-0.49041748,-1.1183166
3201,1.0612488,-0.38314819,-1.1566162
3202,1.1103821,-0.36880493,-1.1048889
3203,0.88973999,-0.42663574,-1.0626221
3204,1.056366,-0.28198242,-1.2548828
3205,1.053772,-0.2204895,-1.3627625
3206,1.0877991,-0.093078613,-1.3108826
3207,0.9475708,-0.15075684,-1.3192749
3208,0.85968018,-0.18676758,-1.4343262
3209,0.69778442,0.033721924,-1.3726807
3210,0.58349609,-0.082550049,-1.749115
3211,0.58502197,-0.12191773,-1.75354
3212,0.69992065,0.09475708,-2.0870972
3213,0.61294556,0.24215698,-1.5341187
3214,0.58883667,0.36621094,-1.5661621
3215,0.68786621,0.43579102,-1.8045044
3216,0.51834106,0.20690918,-1.4268494
3217,0.34164429,0.34057617,-1.2774658
3218,0.34301758,0.63446045,-1.6838074
3219,0.26535034,0.43395996,-1.4868164
3220,0.26321411,0.58105469,-1.3987732
3221,0.1902771,0.55755615,-1.3452148
3222,0.27648926,0.5960083,-1.192627
3223,0.12054443,0.65811157,-1.5899658
3224,-0.096588135,0.70083618,-1.2440491
3225,-0.068969727,0.79391479,-1.2640381
3226,-0.088043213,0.93826294,-1.2969971
3227,-0.10360718,0.9815979,-1.2904358
3228,-0.09979248,0.99609375,-1.5011597
3229,-0.13702393,0.97747803,-1.4173889
3230,-0.26916504,0.91979981,-1.2481689
3231,-0.17837524,0.94177246,-1.3349915
3232,-0.38696289,0.98388672,-1.2677002
3233,-0.41412353,1.0494995,-1.157074
3234,-0.35140991,0.93353272,-1.204071
3235,-0.41915894,1.088562,-1.1790466
3236,-0.52978516,1.1264038,-1.0397339
3237,-0.56045532,1.2306213,-1.0559082
3238,-0.69885254,1.2715149,-1.144104
3239,-0.67184448,1.1839294,-1.1320496
3240,-0.77728272,1.2055969,-0.82962036
3241,-0.79818726,1.1495972,-0.83435059
3242,-0.82351685,1.2359619,-0.81787109
3243,-0.85144043,1.3259888,-0.76019287
3244,-0.96908569,1.2535095,-0.81558228
3245,-1.0722351,1.2831116,-0.7107544
3246,-1.1933899,1.40625,-0.54962158
3247,-1.2612915,1.3612366,-0.58547974
3248,-1.169281,1.3368225,-0.64880371
3249,-1.2496948,1.3600159,-0.63781738
3250,-1.2934875,1.4367676,-0.54550171
3251,-1.3735962,1.452179,-0.44921875
3252,-1.2886047,1.4750671,-0.37719727
3253,-1.4492798,1.4611816,-0.29937744
3254,-1.5811157,1.3670349,-0.67321777
3255,-1.716156,1.2969971,-0.003204346
3256,-1.6293335,1.4424133,-0.19683838
3257,-1.6123962,1.4649963,-0.10665894
3258,-1.6392517,1.4044189,-0.24307251
3259,-1.6346741,1.2194824,-0.033416748
3260,-1.6532898,1.2727356,-0.063781738
3261,-1.7462158,1.0394287,-0.14221191
3262,-1.9070435,1.3903809,0.12649536
3263,-1.763916,1.2533569,0.16723633
3264,-1.8841553,1.0629272,0.37628174
3265,-1.920166,1.0331726,0.37521362
3266,-1.8682861,0.92376709,0.34606934
3267,-1.8968201,0.93261719,0.32913208
3268,-1.9763184,1.0591125,0.48278809
3269,-1.9250488,0.89828491,0.48431397
3270,-2.0280457,0.93673706,0.53573608
3271,-1.9538879,0.9689331,0.55053711
3272,-1.9134521,0.92559815,0.63964844
3273,-2.0840454,0.88684082,0.68389893
3274,-2.1374512,0.83984375,0.78201294
3275,-2.210083,1.0437012,0.8480835
3276,-1.9329834,0.95916748,0.77774048
3277,-2.0944214,0.84136963,0.89309692
3278,-2.1200562,0.65429688,0.82382202
3279,-1.9735718,0.72967529,0.86990356
3280,-2.0812988,0.66513062,1.1436462
3281,-2.1621704,0.69274902,1.1325073
3282,-2.0092773,0.61080933,1.1512756
3283,-2.1380615,0.50354004,1.1451721
3284,-2.0762634,0.4296875,1.1737061
3285,-2.2213745,0.4598999,1.3348389
3286,-2.2288513,0.19271851,1.2393188
3287,-2.1495056,0.23071289,1.3668823
3288,-2.098999,0.2053833,1.378479
3289,-2.2241211,0.23391724,1.4579773
3290,-2.1334839,-0.051422119,1.3082886
3291,-2.1337891,-0.090789795,1.4552307
3292,-2.1212769,-0.19958496,1.6790771
3293,-2.2453308,-0.10437012,1.7112732
3294,-2.1827698,-0.1184082,1.5196228
3295,-2.1005249,-0.16647339,1.7503357
3296,-1.8739319,-0.57891846,1.6426086
3297,-2.0530701,-0.43945313,1.678772
3298,-2.0002747,-0.51101685,1.7871094
3299,-1.9926453,-0.61859131,1.968689
3300,-1.8725586,-0.62133789,1.8591309
3301,-1.8768311,-0.56777954,1.9589233
3302,-1.9064331,-0.68313599,1.799469
3303,-1.8360901,-0.83374023,1.8292236
3304,-1.7984009,-0.84075928,1.9033813
3305,-1.8110657,-0.84213257,1.8215942
3306,-1.942749,-0.95840454,1.8563843
3307,-1.9708252,-0.91125488,1.7947388
3308,-1.7736816,-0.8972168,1.9940186
3309,-1.6546631,-1.0443115,1.9734192
3310,-1.6209412,-1.4268494,2.0956421
3311,-1.6796875,-1.2789917,1.8630981
3312,-1.5333557,-1.2928772,2.1139526
3313,-1.5513611,-1.4923096,1.9827271
3314,-1.6156006,-1.5792847,1.9197083
3315,-1.5701294,-1.6644287,1.6452026
3316,-1.6145325,-1.6392517,1.9102478
3317,-1.4044189,-1.6252136,1.8391418
3318,-1.522522,-1.6293335,2.0173645
3319,-1.2992859,-1.5710449,1.8676758
3320,-1.3092041,-1.5617371,1.8995666
3321,-1.1819458,-1.6845703,1.7979431
3322,-1.144104,-1.6610718,2.0274353
3323,-1.0310364,-1.8417358,1.9433594
3324,-1.1599731,-1.9851685,2.0825195
3325,-0.97610474,-2.0639038,1.9067383
3326,-0.83099365,-1.9317627,2.07901
3327,-0.80047607,-2.0249939,2.000885
3328,-0.72341919,-2.0935059,1.7955017
3329,-0.72418213,-1.9146729,1.8942261
3330,-0.67184448,-2.0620728,1.8789673
3331,-0.54458618,-1.9889832,1.807251
3332,-0.48431397,-1.7605591,1.9573975
3333,-0.47119141,-1.8170166,1.8719482
3334,-0.26046753,-1.9042969,1.7608643
3335,-0.41671753,-2.2036743,1.6021729
3336,-0.33432007,-2.1937561,1.6841125
3337,-0.22766113,-2.1975708,1.6247559
3338,-0.16265869,-2.2290039,1.5872192
3339,-0.15579224,-2.1728516,1.5911865
3340,-0.09979248,-2.1081543,1.4315796
3341,-0.026397705,-2.273407,1.3864136
3342,-0.10818481,-2.3118591,1.4421082
3343,0.093383789,-2.2515869,1.4729309
3344,0.060882568,-2.4206543,1.3604736
3345,0.10528565,-2.4821472,1.25
3346,0.21133423,-2.3951721,1.2368774
3347,0.11459351,-2.4121094,1.1933899
3348,0.30593872,-2.3127747,1.12854
3349,0.29968262,-2.2375488,1.2280273
3350,0.35766602,-2.3921204,1.0816956
3351,0.37261963,-2.2406006,1.1602783
3352,0.32211304,-2.3246765,1.0414124
3353,0.44723511,-2.2245789,1.134491
3354,0.4989624,-2.1166992,1.0197449
3355,0.67047119,-2.1414185,0.89187622
3356,0.46691894,-2.243042,0.96954346
3357,0.63476563,-2.355957,0.81604004
3358,0.66345215,-2.2824097,0.56655884
3359,0.78186035,-2.4302673,0.60058594
3360,0.90820313,-2.3510742,0.60058594
3361,0.91873169,-2.2642517,0.59631348
3362,0.8682251,-2.1865845,0.56503296
3363,0.95458984,-2.0980835,0.53421021
3364,0.9463501,-2.1531677,0.3793335
3365,1.0128784,-2.1897888,0.37261963
3366,0.98251343,-2.2651672,0.40023804
3367,1.0398865,-2.0780945,0.17593384
3368,1.0368347,-2.1104431,0.29754639
3369,1.1141968,-2.015686,0.096588135
3370,1.0623169,-1.9642639,-0.01373291
3371,1.1386108,-1.9514465,-0.036010742
3372,1.2075806,-1.9055176,-0.048065186
3373,1.1352539,-1.796875,-0.076446533
3374,1.1750793,-1.75354,-0.13275147
3375,1.2870789,-1.7654419,-0.070953369
3376,1.3212585,-1.7192078,-0.21179199
3377,1.3922119,-1.6749573,-0.14190674
3378,1.3534546,-1.5196228,-0.21759033
3379,1.1846924,-1.6687012,-0.29907227
3380,1.2026978,-1.5556335,-0.37872314
3381,1.1335754,-1.5542603,-0.50048828
3382,1.2727356,-1.4987183,-0.5267334
3383,1.2213135,-1.3937378,-0.35644531
3384,1.3349915,-1.4167786,-0.50537109
3385,1.1740112,-1.4405823,-0.83404541
3386,1.2124634,-1.3272095,-0.88378906
3387,1.265564,-1.2306213,-0.93582153
3388,1.388855,-1.187439,-0.8921814
3389,1.2817383,-1.257019,-0.72341919
3390,1.18927,-1.1235046,-0.78781128
3391,1.2014771,-1.1277771,-0.8996582
3392,1.2617493,-1.0202026,-0.92468262
3393,1.184082,-0.87921143,-0.97259522
3394,1.1413574,-0.93841553,-1.0191345
3395,1.1453247,-0.74645996,-1.0397339
3396,1.1503601,-0.6980896,-0.95901489
3397,1.0992432,-0.63613892,-1.0797119
3398,1.0372925,-0.52337647,-1.0971069
3399,1.1167908,-0.47927856,-1.0922241
3400,1.0240173,-0.42297363,-1.10672
3401,1.0766602,-0.34042358,-1.1775208
3402,0.99060059,-0.41198731,-1.0543823
3403,0.97137451,-0.40206909,-1.2530518
3404,0.97732544,-0.26977539,-1.3851929
3405,0.91567993,-0.26580811,-1.3302612
3406,0.84243774,-0.11871338,-1.2202454
3407,0.75744629,-0.062713623,-1.1386108
3408,0.69580078,-0.14083862,-1.244812
3409,0.63995361,-0.081787109,-1.1994934
3410,0.65811157,-0.056762695,-2.1290588
3411,0.37277222,-0.00289917,-1.967926
3412,0.3968811,-0.049133301,-1.282196
3413,0.50048828,0.068969727,-1.2449646
3414,0.47119141,0.15594482,-1.3397217
3415,0.46310425,0.22369385,-1.2889099
3416,0.44677734,0.4296875,-1.3267517
3417,0.34912109,0.4347229,-1.3578796
3418,0.21072388,0.4095459,-1.451416
3419,0.19805908,0.36437988,-1.443634
3420,0.13153076,0.37612915,-1.2875366
3421,0.035095215,0.43395996,-1.3452148
3422,0.075073242,0.64453125,-1.23703
3423,0.16281128,0.74584961,-1.2445068
3424,-0.044403076,0.6350708,-1.1509705
3425,0.023803711,0.82870483,-1.1972046
3426,-0.10101318,0.88562012,-1.1938477
3427,-0.22521973,0.93765259,-1.1297607
3428,-0.31463623,0.81954956,-0.96633911
3429,-0.234375,0.89294434,-0.96847534
3430,-0.34347534,0.96374512,-1.0058594
3431,-0.49911499,0.93582153,-1.0569763
3432,-0.39916992,1.1801147,-1.0842896
3433,-0.34988403,1.0646057,-1.0173035
3434,-0.47042847,1.1755371,-1.1763
3435,-0.42144775,1.1500549,-1.1457825
3436,-0.59188843,1.1776733,-0.93933106
3437,-0.7875061,1.2088013,-0.8656311
3438,-0.90332031,0.96740723,-0.84869385
3439,-0.87554932,0.92559815,-0.84655762
3440,-0.86776733,1.0070801,-0.78109741
3441,-0.9362793,1.1169434,-0.65109253
3442,-0.94329834,1.1164856,-0.72875977
3443,-1.048584,1.1018372,-0.65170288
3444,-1.1096191,1.459198,-0.55770874
3445,-1.0287476,1.2692261,-0.52276611
3446,-1.1993408,1.1775208,-0.57357788
3447,-1.1865234,1.1366272,-0.48217773
3448,-1.2916565,1.2597656,-0.50842285
3449,-1.2054443,1.1561584,-0.39428711
3450,-1.2960815,0.94039917,-0.79528809
3451,-1.4068604,0.83251953,-0.70281982
3452,-1.4660645,0.96466065,-0.45959473
3453,-1.5542603,1.0275269,-0.49987793
3454,-1.4561462,1.1323547,-0.32546997
3455,-1.5118408,1.1332703,-0.25787353
3456,-1.4859009,1.0820007,-0.21057129
3457,-1.5792847,1.1184692,-0.1159668
3458,-1.769104,0.9413147,0.14953613
3459,-1.75354,1.0891724,0.14144898
3460,-1.6921997,1.1146545,0.1802063
3461,-1.8077087,0.96557617,0.31921387
3462,-1.8258667,0.94787598,0.32592773
3463,-1.932373,0.9727478,0.33218384
3464,-1.9384766,0.9286499,0.32211304
3465,-1.9468689,0.96206665,0.42449951
3466,-1.9335938,0.8392334,0.44052124
3467,-1.9682312,0.84564209,0.51864624
3468,-1.9137573,0.82366943,0.53710938
3469,-1.9836426,0.81695557,0.64849853
3470,-2.0004272,0.81329346,0.66253662
3471,-2.0170593,0.75439453,0.7232666
3472,-2.0033264,0.72845459,0.78491211
3473,-2.0243835,0.6842041,0.8190918
3474,-1.9906616,0.72784424,0.80184937
3475,-1.8946838,0.70114136,0.91903687
3476,-1.9825745,0.52001953,0.96069336
3477,-1.9735718,0.47546387,0.84899902
3478,-1.9592285,0.3894043,0.88073731
3479,-2.0724487,0.41259766,0.98632813
3480,-2.0040894,0.37399292,1.0952759
3481,-2.0823669,0.40512085,1.0971069
3482,-2.0341492,0.362854,1.0554504
3483,-1.8829346,0.39367676,1.1746216
3484,-1.9560242,0.17044067,1.0980225
3485,-2.013855,0.11199951,1.2252808
3486,-1.9787598,0.17272949,1.2597656
3487,-2.0593262,-0.034942627,1.3865662
3488,-1.8768311,-0.025024414,1.4471436
3489,-1.802063,-0.065460205,1.4175415
3490,-2.052002,-0.15350342,1.499939
3491,-1.8019104,-0.037231445,1.4736938
3492,-1.9329834,-0.15808106,1.4176941
3493,-1.8440247,-0.38650513,1.6421509
3494,-2.0870972,-0.24261475,1.6578674
3495,-1.934967,-0.34896851,1.6094971
3496,-1.8348694,-0.41519165,1.6812134
3497,-2.2021484,-0.55892944,1.6833496
3498,-1.8363953,-0.48858643,1.5145874
3499,-1.7088318,-0.58120728,1.7341614
3500,-1.8237305,-0.6690979,1.8179321
3501,-1.7903137,-0.59020996,1.6423035
3502,-1.7823791,-0.76721191,1.6571045
3503,-1.7687988,-0.85357666,1.771698
3504,-1.7700195,-1.2080383,1.6357422
3505,-1.5664673,-1.1291504,1.7778015
3506,-1.585083,-1.0473633,1.9363403
3507,-1.4645386,-1.088562,1.7541504
3508,-1.5625,-1.1103821,1.9624329
3509,-1.2937927,-1.4459229,1.86203
3510,-1.3392639,-1.2860107,1.8093872
3511,-1.4224243,-1.3539124,1.7668152
3512,-1.3865662,-1.3630676,1.7874146
3513,-1.3092041,-1.3925171,1.8299866
3514,-1.1531067,-1.6377258,1.7645264
3515,-1.28479,-1.5028381,1.7956543
3516,-1.1239624,-1.7182922,1.7127991
3517,-1.0406494,-1.7480469,1.7025757
3518,-1.0902405,-1.6049194,1.6226196
3519,-1.0041809,-1.4756775,1.6995239
3520,-0.73226929,-1.7877197,1.5753174
3521,-0.86120606,-1.5182495,1.5791321
3522,-0.74508667,-1.7149353,1.6331482
3523,-0.79772949,-1.6020203,1.4883423
3524,-0.93566894,-1.7741394,1.8605041
3525,-0.8303833,-1.8586731,1.7900085
3526,-0.73104858,-1.6824341,1.8292236
3527,-0.4586792,-1.864624,1.6952515
3528,-0.53268433,-2.046814,1.6796875
3529,-0.51040649,-2.0637512,1.6152954
3530,-0.39627075,-1.9573975,1.7700195
3531,-0.47164917,-1.706543,1.7352295
3532,-0.33050537,-2.0271301,1.5461731
3533,-0.21789551,-1.9026184,1.5995789
3534,-0.3388977,-1.9682312,1.2722778
3535,-0.21575928,-2.2332764,1.4558411
3536,-0.082244873,-2.1856689,1.4053345
3537,-0.080871582,-2.2029114,1.4706421
3538,-0.16296387,-2.2523499,1.3735962
3539,0.026855469,-2.0500183,1.3342285
3540,0.046691895,-2.0114136,1.3130188
3541,-0.001831055,-2.0756531,1.3391113
3542,-0.000762939,-2.0187378,1.1087036
3543,0.005340576,-2.1591187,1.1988831
3544,0.16174316,-2.0576477,1.1747742
3545,0.18066406,-2.0335388,1.1346436
3546,0.24734497,-2.0529175,1.0922241
3547,0.27450561,-2.1546936,1.0700989
3548,0.43319702,-2.2312927,0.94543457
3549,0.51971435,-2.2425842,0.81298828
3550,0.51864624,-2.3426819,0.76705933
3551,0.51773071,-2.3197937,0.72570801
3552,0.6326294,-2.2758484,0.64529419
3553,0.61309815,-2.0726013,0.67657471
3554,0.60577393,-1.8235779,0.67077637
3555,0.59951782,-2.0726013,0.58395386
3556,0.55541992,-2.010498,0.55786133
3557,0.73944092,-2.0724487,0.47531128
3558,0.79162598,-1.9792175,0.47973633
3559,0.90332031,-2.1777344,0.37277222
3560,0.84060669,-2.0922852,0.44540405
3561,0.85037231,-1.8449402,0.35720825
3562,0.82397461,-1.8791199,0.22323608
3563,0.89035034,-1.9255066,0.39215088
3564,0.86532593,-1.9418335,0.2645874
3565,0.95275879,-1.8022156,0.32791138
3566,0.99563599,-1.9084167,-0.058135986
3567,0.99868774,-1.8466187,0.12786865
3568,0.96313477,-1.7193604,-0.08682251
3569,1.0466003,-1.7494202,-0.091552734
3570,1.1003113,-1.7228699,-0.11016846
3571,1.0935974,-1.7630005,-0.2192688
3572,1.0682678,-1.7481995,-0.20690918
3573,1.1260986,-1.5930176,-0.18737793
3574,1.1148071,-1.6069031,-0.085906982
3575,1.1077881,-1.7843628,-0.13412476
3576,1.0464478,-1.4231873,-0.32409668
3577,1.0435486,-1.4157104,-0.28915405
3578,1.0220337,-1.459198,-0.28884888
3579,1.0527039,-1.4186096,-0.42770386
3580,1.1248779,-1.3153076,-0.52062988
3581,1.207428,-1.2503052,-0.50537109
3582,1.0562134,-1.1933899,-0.39535522
3583,0.93917847,-0.83053589,-0.52001953
3584,0.84991455,-0.89279175,-0.44006348
3585,0.96069336,-0.92956543,-0.67474365
3586,0.93185425,-0.85983276,-1.0264587
3587,0.85525513,-0.87905884,-0.71548462
3588,0.89004517,-0.90087891,-0.66986084
3589,0.97961426,-0.78826904,-0.76309204
3590,0.91918945,-0.78857422,-0.76660156
3591,0.89324951,-0.71212769,-0.7925415
3592,0.99884033,-0.71853638,-0.93307495
3593,0.90789795,-0.6288147,-0.8656311
3594,0.91186523,-0.70800781,-1.0574341
3595,0.92254639,-0.52307129,-0.99700928
3596,0.74584961,-0.37597656,-1.0449219
3597,0.71838379,-0.38497925,-1.0855103
3598,0.75088501,-0.31677246,-0.86776733
3599,0.77468872,-0.31219482,-1.1210632
3600,0.82015991,-0.37460327,-1.0322571
3601,0.82687378,-0.37719727,-1.1695862
3602,0.71044922,-0.21972656,-0.85571289
3603,0.5947876,-0.006103516,-1.3162231
3604,0.44296265,-0.068664551,-1.1534119
3605,0.57357788,-0.090026855,-1.1630249
3606,0.3163147,0.023345947,-1.6349792
3607,0.48065186,-0.10040283,-1.2614441
3608,0.13977051,-0.21057129,-1.1322021
3609,0.25588989,0.27999878,-1.2001038
3610,0.29541016,0.3642273,-1.0632324
3611,0.26931763,0.39459228,-1.1694336
3612,0.24688721,0.34240723,-1.159668
3613,0.19104004,0.46096802,-1.2236023
3614,0.23834228,0.60714722,-1.1152649
3615,0.28167725,0.57067871,-1.0113525
3616,-0.020141602,0.70129394,-0.90423584
3617,-0.019989014,0.58105469,-1.0023499
3618,-0.051422119,0.57144165,-1.0444641
3619,-0.039978027,0.63964844,-1.1448669
3620,-0.031738281,0.66238403,-1.2704468
3621,-0.21224976,0.77301025,-1.2963867
3622,-0.23727417,0.70266724,-1.0446167
3623,-0.26641846,0.82763672,-0.99334717
3624,-0.37826538,0.73150635,-0.99685669
3625,-0.57556152,0.84533691,-1.005249
3626,-0.5960083,0.89263916,-1.0762024
3627,-0.76156616,1.0151672,-1.043396
3628,-0.64743042,0.90148926,-1.0720825
3629,-0.8164978,0.97076416,-1.0681152
3630,-0.66650391,1.1221313,-0.85647583
3631,-0.76980591,0.97473144,-0.84213257
3632,-0.82382202,1.0317993,-0.7498169
3633,-0.74127197,1.0900879,-0.79910278
3634,-0.81237793,1.131134,-0.64697266
3635,-0.7611084,1.1947632,-0.74050903
3636,-1.0047913,1.2705994,-0.60913086
3637,-1.1355591,1.1250305,-0.43609619
3638,-1.1785889,1.2060547,-0.38116455
3639,-1.2445068,1.1026001,-0.46798706
3640,-1.2564087,1.1862183,-0.57525635
3641,-1.2530518,0.97167969,-0.57907104
3642,-1.2203979,1.10672,-0.4536438
3643,-1.230011,1.1129761,-0.37857056
3644,-1.2425232,1.0549927,-0.43014526
3645,-1.3925171,1.1129761,-0.27679443
3646,-1.3938904,1.1746216,-0.006713867
3647,-1.5286255,1.0804749,-0.33996582
3648,-1.6026306,0.9046936,-0.18844605
3649,-1.3816834,1.1099243,-0.11550903
3650,-1.6217041,1.134491,-0.043945313
3651,-1.5234375,1.1372375,0.11276245
3652,-1.6604614,1.0418701,0.096130371
3653,-1.6508484,0.99151611,0.05569458
3654,-1.612854,1.0717773,0.15136719
3655,-1.6384888,0.99365234,0.33706665
3656,-1.7774963,0.83572388,0.40603638
3657,-1.6812134,0.86151123,0.34225464
3658,-1.8989563,0.84960938,0.4788208
3659,-1.9412231,0.86471558,0.58334351
3660,-1.7558289,0.85952759,0.32501221
3661,-1.743927,0.64117432,0.36148071
3662,-1.7279053,0.76553345,0.35308838
3663,-1.6815186,0.78338623,0.47058106
3664,-1.7654419,0.74035644,0.46463013
3665,-1.9023132,0.79193115,0.4598999
3666,-1.7605591,0.72601318,0.54443359
3667,-1.7137146,0.71533203,0.65612793
3668,-1.8348694,0.74386597,0.60760498
3669,-1.9232178,0.58792114,0.71548462
3670,-2.021637,0.58029175,0.83175659
3671,-2.0780945,0.45837402,0.859375
3672,-1.8693542,0.52062988,0.85281372
3673,-2.013855,0.34667969,1.1157227
3674,-2.0288086,0.16479492,0.96557617
3675,-2.1401978,0.26321411,1.1158752
3676,-2.1247864,0.17242432,1.1271667
3677,-2.0089722,0.17105103,1.2121582
3678,-1.9934082,0.15823364,1.3069153
3679,-1.9760132,0.17562866,1.2088013
3680,-1.9804382,0.11734009,1.4009094
3681,-2.0210266,0.026855469,1.2202454
3682,-2.033844,-0.018768311,1.1779785
3683,-1.966095,-0.25772095,1.2413025
3684,-1.7927551,-0.1248169,1.3876343
3685,-1.7282104,-0.35675049,1.4672852
3686,-1.9198608,-0.3994751,1.2861633
3687,-1.8800354,-0.3944397,1.2568665
3688,-1.8017578,-0.32165527,1.3450623
3689,-1.686554,-0.49575806,1.4193726
3690,-1.8525696,-0.57846069,1.1047363
3691,-1.7022705,-0.56732178,1.3920593
3692,-1.9322205,-0.59020996,1.3510132
3693,-1.7485046,-0.599823,1.0488892
3694,-1.723175,-0.61019897,1.2715149
3695,-1.8099976,-0.90118408,1.4042664
3696,-1.7124939,-0.85601807,1.0829163
3697,-1.6438293,-0.84625244,1.3293457
3698,-1.6741943,-0.8114624,1.5956116
3699,-1.5783691,-0.90927124,1.1488342
3700,-1.4953613,-0.94772339,1.4131165
3701,-1.4596558,-1.0580444,1.3734436
3702,-1.3398743,-1.1483765,1.5649414
3703,-1.3523865,-1.2425232,1.7497253
3704,-1.4320374,-1.3679504,1.6342163
3705,-1.3415527,-1.4067078,1.7904663
3706,-1.2440491,-1.5014648,1.7834473
3707,-1.2905884,-1.7053223,1.6540527
3708,-1.1912537,-1.6143799,1.9425964
3709,-1.1405945,-1.2940979,1.8225098
3710,-1.1444092,-1.3342285,1.9117737
3711,-1.015625,-1.4295959,1.9488525
3712,-1.0577393,-1.6603088,1.698761
3713,-1.072998,-1.6674805,1.7593384
3714,-0.94604492,-1.7350769,1.6645813
3715,-0.96298218,-1.658783,1.7086792
3716,-0.93109131,-1.6079712,1.7175293
3717,-0.84579468,-1.6886902,1.734314
3718,-0.87173462,-1.8919373,1.725769
3719,-0.77331543,-1.8136597,1.7765808
3720,-0.68832397,-1.9606018,1.6149902
3721,-0.59555054,-1.9226074,1.5620422
3722,-0.5229187,-1.9062805,1.5124512
3723,-0.46875,-1.7816162,1.5968323
3724,-0.60073853,-1.8284607,1.6459656
3725,-0.55038452,-2.0690918,1.6047668
3726,-0.34835815,-2.0684814,1.4802551
3727,-0.37231445,-2.0602417,1.5951538
3728,-0.27130127,-2.040863,1.5435791
3729,-0.17761231,-2.0158386,1.5013123
3730,-0.10986328,-2.0085144,1.4634705
3731,-0.079956055,-2.0709229,1.3897705
3732,-0.009155273,-2.0681763,1.3061523
3733,0.027923584,-2.1508789,1.2322998
3734,0.086517334,-2.2467041,1.1244202
3735,0.096435547,-2.3902893,0.96740723
3736,0.12268066,-2.3332214,1.0089111
3737,0.20553589,-2.2245789,1.0395813
3738,0.30441284,-2.2180176,0.962677
3739,0.34683228,-2.2129822,0.95962524
3740,0.39245606,-2.2097778,1.0456848
3741,0.35568237,-2.1313477,1.0388184
3742,0.38665772,-2.2329712,1.3375854
3743,0.49102783,-2.1858215,0.90454102
3744,0.51208496,-2.2363281,0.85449219
3745,0.45013428,-2.0906067,0.87142944
3746,0.57098389,-2.1598816,0.92636108
3747,0.6439209,-2.1203613,0.86624146
3748,0.81985474,-2.1765137,0.94299316
3749,0.68283081,-1.9996643,0.76644897
3750,0.73562622,-1.9895935,0.51940918
3751,0.75378418,-2.0800781,0.39550781
3752,0.77880859,-2.0028687,0.46432495
3753,0.68206787,-2.208252,0.21591187
3754,0.68542481,-2.1510315,0.30670166
3755,0.8921814,-1.9979858,-0.090789795
3756,1.0040283,-2.0245361,0.2494812
3757,0.99243164,-1.9958496,0.011901855
3758,0.90377808,-1.885376,0.083618164
3759,1.018219,-1.8730164,0.040435791
3760,1.0583496,-1.7834473,-0.043792725
3761,1.105957,-1.7700195,0.000762939
3762,1.0739136,-1.7832947,-0.070037842
3763,1.1204529,-1.6189575,-0.37277222
3764,1.1225891,-1.5815735,-0.16540527
3765,1.0189819,-1.6810608,-0.30181885
3766,1.2467957,-1.7906189,-0.26123047
3767,1.2037659,-1.7010498,-0.23681641
3768,1.0708618,-1.565094,-0.27496338
3769,1.1036682,-1.5162659,-0.29953003
3770,1.0884094,-1.4292908,-0.52246094
3771,1.1930847,-1.4164734,-0.54367065
3772,1.2519836,-1.4025879,-0.49575806
3773,1.2696838,-1.6604614,-0.46630859
3774,1.1444092,-1.5219116,-0.69641113
3775,1.1711121,-1.3926697,-0.57632446
3776,1.1676025,-1.2606812,-0.35293579
3777,1.0110474,-1.2689209,-0.68603516
3778,0.99151611,-1.1978149,-0.78948975
3779,0.92376709,-1.0591125,-0.76812744
3780,1.1218262,-1.0314941,-0.85678101
3781,0.98953247,-0.97732544,-0.78369141
3782,0.98587036,-0.86883545,-0.81466675
3783,1.1203003,-0.76629639,-0.91110229
3784,1.0656738,-0.74127197,-0.98312378
3785,0.87478638,-0.62667847,-0.99975586
3786,0.93215942,-0.59661865,-0.81619263
3787,0.91766357,-0.52810669,-1.0011291
3788,0.97442627,-0.54595947,-1.1758423
3789,1.0668945,-0.40100098,-1.0528564
3790,0.91552734,-0.40313721,-1.0618591
3791,0.92422485,-0.39031982,-1.1056519
3792,0.90820313,-0.48645019,-1.2228394
3793,0.92773438,-0.24810791,-1.3044739
3794,0.78338623,-0.010528564,-1.2394714
3795,0.86853027,-0.026702881,-1.2626648
3796,0.68603516,-0.1159668,-1.1584473
3797,0.67337036,-0.062866211,-1.2277222
3798,0.56167603,0.03112793,-1.5698242
3799,0.56671143,0.006103516,-1.7727661
3800,0.64758301,-0.10498047,-1.4199829
3801,0.64437866,0.16220093,-1.3212585
3802,0.54382324,0.24047852,-1.3575745
3803,0.49835205,0.31539917,-1.3829041
3804,0.45623779,0.34332275,-1.3916016
3805,0.35461426,0.33432007,-1.4852905
3806,0.33905029,0.34225464,-1.209259
3807,0.32821655,0.50476074,-1.3954163
3808,0.33828735,0.55267334,-1.4085388
3809,0.09765625,0.64285278,-1.3168335
3810,-0.008087158,0.49011231,-1.1366272
3811,0.005340576,0.59555054,-0.78277588
3812,-0.0390625,0.6060791,-1.1988831
3813,0.022583008,0.77178955,-1.3163757
3814,-0.021362305,0.8265686,-1.4732361
3815,-0.090332031,0.89523315,-1.4646912
3816,-0.24124145,0.9526062,-1.2471008
3817,-0.081939697,0.98358154,-1.2556458
3818,-0.2494812,0.9538269,-1.5351868
3819,-0.24871826,0.96435547,-1.6210938
3820,-0.50109863,0.99487305,-1.3378906
3821,-0.55877685,0.887146,-1.181488
3822,-0.3515625,0.85525513,-1.0592651
3823,-0.56137085,1.055603,-1.2561035
3824,-0.50384522,1.0649109,-1.0617065
3825,-0.5456543,1.0925293,-1.0491943
3826,-0.59524536,1.2026978,-1.0217285
3827,-0.71777344,1.3114929,-1.0063171
3828,-0.7824707,1.2272644,-0.8795166
3829,-0.80215454,1.2580872,-0.74325562
3830,-0.96252441,1.1117554,-0.55557251
3831,-0.98114014,1.0913086,-0.72280884
3832,-1.0736084,1.0858154,-0.66238403
3833,-1.0850525,1.2916565,-0.89691162
3834,-1.1785889,1.3757324,-0.47958374
3835,-1.182251,1.3143921,-0.64086914
3836,-1.2165833,1.2478638,-0.83099365
3837,-1.3969421,1.3145447,-0.45974731
3838,-1.2002563,1.2670898,-0.61553955
3839,-1.4468384,1.363678,-0.43899536
3840,-1.3677979,1.2612915,-0.72647095
3841,-1.4117432,1.2731934,-0.4888916
3842,-1.4109802,1.2258911,-0.40481567
3843,-1.4717102,1.2278748,-0.40283203
3844,-1.6259766,0.98648071,-0.20874023
3845,-1.5634155,1.2463379,0.09552002
3846,-1.7417908,1.2226868,0.053100586
3847,-1.7457581,1.2524414,-0.049438477
3848,-1.5896606,1.2837219,0.15350342
3849,-1.8743896,1.2559509,0.11169434
3850,-1.7405701,1.1724854,0.004882813
3851,-1.8338013,1.0385132,0.14709473
3852,-1.8692017,0.9475708,0.18600464
3853,-1.8460083,1.0626221,0.0730896
3854,-1.8421936,0.97091675,0.08102417
3855,-1.8876648,0.90652466,0.34011841
3856,-1.824646,1.002655,0.31570435
3857,-1.8971252,0.94039917,0.16418457
3858,-2.0108032,0.83343506,0.48248291
3859,-2.1057129,0.86395264,0.34637451
3860,-1.9703674,0.92956543,0.12390137
3861,-2.1466064,0.80718994,0.90332031
3862,-1.9680786,0.8605957,0.35430908
3863,-1.9088745,0.78918457,0.38253784
3864,-2.1426392,0.65124512,0.97137451
3865,-2.0585632,0.61798096,1.0012817
3866,-2.064209,0.71609497,0.45913696
3867,-2.0761108,0.574646,0.59173584
3868,-2.099762,0.5355835,0.4359436
3869,-2.1762085,0.44067383,0.41244507
3870,-2.0529175,0.41259766,0.65704346
3871,-2.114563,0.37643433,0.59173584
3872,-2.0121765,0.3793335,0.66497803
3873,-2.2521973,0.20629883,0.84014893
3874,-2.1760559,0.22460938,0.94680786
3875,-2.1842957,0.26824951,1.1108398
3876,-2.1716309,0.036773682,1.421814
3877,-2.0133972,0.035400391,1.1436462
3878,-2.1466064,-0.04699707,1.3131714
3879,-2.1353149,-0.059509277,1.0072327
3880,-1.9874573,-0.16174316,1.0003662
3881,-2.0593262,-0.24078369,0.99441528
3882,-1.9055176,-0.34332275,0.83877563
3883,-2.1026611,-0.36712647,1.055603
3884,-2.0370483,-0.34713745,1.1593628
3885,-1.9677734,-0.37536621,1.0346985
3886,-1.9696045,-0.46829224,1.0618591
3887,-2.0474243,-0.53771973,1.0058594
3888,-1.9473267,-0.6413269,1.2944031
3889,-1.8951416,-0.59310913,1.6691589
3890,-1.8106079,-0.62606812,1.6577148
3891,-1.9203186,-0.58319092,1.6799927
3892,-1.6802979,-0.72036743,1.6426086
3893,-1.8962097,-0.97549438,2.119751
3894,-1.6944885,-0.70236206,1.8460083
3895,-1.8475342,-0.92254639,1.4811707
3896,-1.7172241,-1.1181641,1.517334
3897,-1.550293,-1.1408997,1.5907288
3898,-1.5893555,-1.158905,1.9284058
3899,-1.4372253,-1.259613,1.2698364
3900,-1.567688,-1.3294983,1.7253113
3901,-1.4627075,-1.3438416,1.4810181
3902,-1.375885,-1.5148926,1.64505
3903,-1.4091492,-1.3815308,1.1561584
3904,-1.3293457,-1.5644836,1.4837646
3905,-1.34552,-1.9465637,1.5393066
3906,-1.2036133,-1.842804,1.5283203
3907,-1.272583,-1.7352295,1.5040588
3908,-1.0455322,-1.6824341,1.5737915
3909,-0.99731445,-1.6122437,1.5446472
3910,-0.88302612,-1.5460205,1.9519043
3911,-0.98693848,-1.6938782,2.0033264
3912,-0.88684082,-1.829834,1.8060303
3913,-0.87371826,-1.7843628,1.8096924
3914,-0.76904297,-1.918335,1.867981
3915,-0.79025269,-1.8309021,1.756897
3916,-0.53878784,-1.88797,1.8490601
3917,-0.6010437,-1.9561768,1.7277527
3918,-0.52185059,-2.1697998,1.7288208
3919,-0.6477356,-2.1180725,1.7373657
3920,-0.59173584,-2.0066833,1.7663574
3921,-0.52276611,-2.0132446,1.5368652
3922,-0.4838562,-2.0094299,1.5917969
3923,-0.39993286,-2.0787048,1.6435242
3924,-0.31494141,-1.9786072,1.6773987
3925,-0.15182495,-2.1276855,1.6403198
3926,-0.20492554,-2.0820618,1.6300964
3927,-0.095672607,-2.2851563,1.5380859
3928,-0.09765625,-2.2932434,1.4367676
3929,-0.074157715,-2.2918701,1.4465332
3930,0.08682251,-2.2247314,1.4248657
3931,0.15335083,-2.2125244,1.3973999
3932,0.15808106,-2.2642517,1.2194824
3933,0.19821167,-2.3660278,1.1779785
3934,0.25756836,-2.4209595,1.1340332
3935,0.28137207,-2.3947144,1.1763
3936,0.29098511,-2.2485352,1.1354065
3937,0.37979126,-2.3754883,0.97763062
3938,0.42495728,-2.2648621,0.98052978
3939,0.47195435,-2.2129822,0.86929321
3940,0.50216675,-2.0889282,0.7460022
3941,0.64117432,-2.0266724,0.64254761
3942,0.76217651,-2.157135,0.6199646
3943,0.753479,-2.0501709,0.62820435
3944,0.59768677,-2.0675659,0.47805786
3945,0.70449829,-2.0317078,0.61431885
3946,1.0354614,-2.2233582,0.50842285
3947,0.73944092,-2.2209167,0.59707642
3948,0.85403442,-2.1630859,0.48919678
3949,0.80001831,-2.1037292,0.49179077
3950,0.88623047,-2.0376587,0.34545898
3951,1.0162354,-2.0722961,0.43014526
3952,0.93139648,-2.1101379,0.30654907
3953,0.96817017,-1.8644714,0.22232056
3954,0.99472046,-2.0890808,0.2607727
3955,1.151123,-1.9676209,0.1852417
3956,0.965271,-1.9247437,0.054168701
3957,1.0276794,-1.8319702,0.069580078
3958,1.0626221,-1.9187927,0.03616333
3959,1.0945129,-1.7103577,-0.036315918
3960,1.3378906,-1.8411255,-0.13153076
3961,1.227417,-1.7346191,-0.18707275
3962,1.3006592,-1.6601563,-0.18615723
3963,1.1567688,-1.6976929,-0.19607544
3964,1.1804199,-1.643219,-0.31036377
3965,1.3058472,-1.5539551,-0.32363892
3966,1.0954285,-1.4315796,-0.41595459
3967,1.0688782,-1.5213013,-0.4750061
3968,1.1167908,-1.5522766,-0.64559937
3969,1.2051392,-1.6716003,-0.50064087
3970,1.2028503,-1.3919067,-0.40023804
3971,1.2228394,-1.5065002,-0.55389404
3972,1.2020874,-1.2698364,-0.67718506
3973,1.103363,-1.293335,-0.82260132
3974,1.1895752,-1.2324524,-0.69747925
3975,1.207428,-1.0290527,-0.98144531
3976,1.3076782,-1.0031128,-0.60455322
3977,1.1909485,-0.94894409,-0.76156616
3978,1.1450195,-1.0661316,-0.79284668
3979,1.1181641,-1.0083008,-0.91873169
3980,1.091156,-0.89355469,-0.98007202
3981,1.0620117,-0.79589844,-1.0404968
3982,1.0899353,-0.677948,-1.1279297
3983,1.0043335,-0.55343628,-1.02005
3984,0.89904785,-0.70556641,-1.0629272
3985,0.91934204,-0.44158936,-1.1003113
3986,0.98648071,-0.59112549,-1.3116455
3987,0.95855713,-0.32363892,-1.309967
3988,1.0914612,-0.29647827,-1.2402344
3989,0.8531189,-0.22949219,-1.2185669
3990,0.87005615,-0.32684326,-1.1747742
3991,0.84487915,-0.14251709,-1.179657
3992,0.86883545,-0.24078369,-1.2738037
3993,0.83114624,-0.079345703,-1.2716675
3994,0.83770752,0.068664551,-1.2483215
3995,0.7800293,0.03036499,-1.3508606
3996,0.63690185,-0.045013428,-1.1999512
3997,0.55999756,0.071563721,-1.4930725
3998,0.38787842,-0.029144287,-1.5438843
3999,0.48202515,0.1965332,-1.4080811
4000,0.5090332,0.2255249,-1.4060974
4001,0.52124023,0.28457642,-1.4276123
4002,0.33813477,0.35476685,-1.2960815
4003,0.33035278,0.52459717,-1.3249207
4004,0.25314331,0.45791626,-1.3015747
4005,0.19607544,0.59921265,-1.4543152
4006,0.13778687,0.59539795,-1.2838745
4007,0.062713623,0.6552124,-1.6644287
4008,0.026550293,0.71914673,-1.2593079
4009,0.022125244,0.67062378,-1.2435913
4010,-0.10177612,0.74081421,-1.2609863
4011,-0.13244629,0.82473755,-1.2593079
4012,-0.12054443,0.88195801,-1.210022
4013,-0.19042969,0.86486816,-1.1700439
4014,-0.27145386,0.99822998,-1.2402344
4015,-0.26763916,1.0491943,-1.2799072
4016,-0.20233154,0.99990845,-1.2101746
4017,-0.29281616,0.99777222,-1.0539246
4018,-0.3288269,1.096344,-1.0282898
4019,-0.29632568,1.0458374,-0.73410034
4020,-0.40557861,0.96801758,-1.1343384
4021,-0.50689697,0.94116211,-1.2420654
4022,-0.7800293,0.965271,-0.87814331
4023,-0.75439453,1.2922668,-0.84793091
4024,-0.64056397,1.0218811,-0.82595825
4025,-0.80047607,1.3717651,-0.66955566
4026,-0.99578857,1.4002991,-0.72265625
4027,-0.95184326,1.2225342,-0.72006226
4028,-1.0717773,1.3961792,-0.73242188
4029,-1.0400391,1.2165833,-0.66131592
4030,-1.1773682,1.2341309,-0.84091187
4031,-1.1155701,1.2808228,-0.59799194
4032,-1.1767578,1.2893677,-0.44570923
4033,-1.2692261,1.2832642,-0.39031982
4034,-1.2886047,1.2306213,-0.59387207
4035,-1.346283,1.2312317,-0.47607422
4036,-1.4508057,1.3314819,-0.36132813
4037,-1.5266418,1.1558533,-0.19897461
4038,-1.4584351,1.1712646,-0.19515991
4039,-1.6130066,1.2625122,-0.21759033
4040,-1.6172791,1.3458252,-0.24154663
4041,-1.5370178,1.0656738,-0.21575928
4042,-1.6137695,1.0978699,0.027770996
4043,-1.6755676,1.0618591,0.14480591
4044,-1.6532898,1.0140991,0.027160645
4045,-1.8699646,1.0845947,0.22598267
4046,-1.8115234,1.0317993,0.080566406
4047,-1.79245,1.2210083,0.21820068
4048,-1.9549561,1.1767578,0.33462524
4049,-1.9836426,1.3183594,0.36529541
4050,-1.99646,1.0317993,0.63293457
4051,-1.9078064,0.95581055,0.49697876
4052,-1.9471741,0.97991943,0.56991577
4053,-2.0175171,1.0527039,0.20568848
4054,-2.1337891,0.93765259,0.3767395
4055,-2.0622253,0.86837769,0.54977417
4056,-2.068634,0.8493042,0.53344727
4057,-2.0195007,0.85357666,0.72906494
4058,-2.1499634,0.95352173,0.6564331
4059,-2.0976257,0.909729,0.68618774
4060,-2.175293,0.86074829,0.86929321
4061,-2.0314026,0.79376221,0.79498291
4062,-2.121582,0.7749939,0.82199097
4063,-2.2241211,0.53024292,0.88027954
4064,-2.1035767,0.56716919,0.95977783
4065,-2.1463013,0.44998169,0.9135437
4066,-2.0993042,0.56808472,1.2716675
4067,-2.0898438,0.51132202,1.2072754
4068,-2.1868896,0.35095215,1.2486267
4069,-2.0532227,0.37017822,1.2176514
4070,-2.0562744,0.19104004,1.1761475
4071,-2.117157,0.22521973,1.3909912
4072,-2.1124268,0.070800781,1.2426758
4073,-2.1864319,-0.018920898,1.2887573
4074,-2.0027161,0.016174316,1.282959
4075,-2.2184753,-0.051879883,1.3969421
4076,-2.0820618,-0.10345459,1.5332031
4077,-2.0759583,-0.25131226,1.5405273
4078,-1.9790649,-0.1335144,1.4439392
4079,-1.9500732,-0.12664795,1.5661621
4080,-1.9514465,-0.34072876,1.4912415
4081,-1.9419861,-0.2822876,1.491394
4082,-1.9767761,-0.35812378,1.7158508
4083,-1.8397522,-0.41015625,1.6073608
4084,-1.9628906,-0.62927246,1.6638184
4085,-1.9546509,-0.57815552,1.7788696
4086,-1.872406,-0.72097778,2.220459
4087,-1.8441772,-0.69274902,1.8325806
4088,-1.8164063,-0.87875366,2.0733643
4089,-1.7590332,-0.64758301,1.8141174
4090,-1.8733215,-0.82763672,1.7347717
4091,-1.6696167,-0.9375,1.7199707
4092,-1.9184875,-1.209259,1.6786194
4093,-1.7022705,-1.1433411,1.9100952
4094,-1.5817261,-1.09375,1.955719
4095,-1.4904785,-1.2713623,2.0391846
4096,-1.45401,-1.0342407,2.0025635
4097,-1.3537598,-1.2805176,1.9238281
4098,-1.5266418,-1.3389587,1.776886
4099,-1.4065552,-1.2353516,2.0674133
4100,-1.2957764,-1.5707397,1.9293213
4101,-1.1421204,-1.5501404,1.7062378
4102,-1.2083435,-1.3247681,1.9676209
4103,-1.3371277,-1.6529846,2.1408081
4104,-1.0435486,-1.7370605,2.0675659
4105,-1.2077332,-1.8630981,1.8215942
4106,-1.1129761,-1.809845,1.8362427
4107,-1.0020447,-1.7362976,2.0314026
4108,-1.0031128,-1.703949,1.7066956
4109,-0.85540772,-1.5711975,1.8269348
4110,-0.79040527,-1.8395996,1.8806458
4111,-0.71640015,-1.8319702,1.8530273
4112,-0.65353394,-1.8882751,1.8502808
4113,-0.48721314,-1.8478394,1.8006897
4114,-0.57113647,-1.9206238,1.6348267
4115,-0.36483765,-2.0402527,1.8191528
4116,-0.44677734,-2.137146,1.7106628
4117,-0.29083252,-2.1444702,1.8215942
4118,-0.31219482,-2.3028564,1.6894531
4119,-0.19119263,-2.2276306,1.8070984
4120,-0.17852783,-2.3953247,1.5527344
4121,-0.14678955,-2.2879028,1.5209961
4122,0.025939941,-2.2877502,1.6394043
4123,0.000305176,-2.363739,1.4431763
4124,0.019989014,-2.4673462,1.4193726
4125,-0.02166748,-2.3417664,1.4633179
4126,0.004425049,-2.4467468,1.3154602
4127,0.13977051,-2.3652649,1.2324524
4128,0.23239136,-2.2991943,1.4131165
4129,0.2444458,-2.3876953,1.1711121
4130,0.25482178,-2.3045349,1.1343384
4131,0.24047852,-2.454834,1.2255859
4132,0.33477783,-2.3391724,1.0824585
4133,0.47332764,-2.4180603,1.2860107
4134,0.52536011,-2.5424194,1.04599
4135,0.58410644,-2.454071,1.0653687
4136,0.48553467,-2.3135376,0.99273682
4137,0.56976318,-2.3492432,0.94528198
4138,0.72311401,-2.3934937,0.84655762
4139,0.82489014,-2.2218323,0.87921143
4140,0.70648193,-2.1618652,0.91323853
4141,0.69015503,-2.2753906,0.79864502
4142,0.78613281,-2.3023987,0.73486328
4143,0.76065063,-2.3318481,0.64376831
4144,0.90316772,-2.1348572,0.51422119
4145,1.1013794,-2.2094727,0.32897949
4146,1.056366,-2.1690369,0.32714844
4147,1.0401916,-2.15271,0.31921387
4148,1.1203003,-2.2213745,0.34057617
4149,1.1395264,-2.1214294,0.2130127
4150,1.1811829,-2.1905518,0.23620606
4151,1.18927,-2.1386719,-0.33309936
4152,1.2054443,-2.0246887,0.003662109
4153,1.0780334,-2.0271301,-0.05859375
4154,1.0798645,-2.0913696,0.019836426
4155,1.3912964,-2.1076965,-0.22888184
4156,1.3412476,-1.960907,-0.26092529
4157,1.3633728,-2.1112061,-0.28488159
4158,1.3504028,-1.9953918,-0.37078857
4159,1.2728882,-1.7999268,-0.17181397
4160,1.3380432,-1.8644714,-0.36636353
4161,1.3482666,-1.6960144,-0.65078735
4162,1.3673401,-1.7247009,-0.55511475
4163,1.3084412,-1.6923523,-0.39077759
4164,1.2753296,-1.5092468,-0.50796509
4165,1.3987732,-1.5689087,-0.51147461
4166,1.2763977,-1.4315796,-0.87600708
4167,1.211853,-1.4050293,-0.70770264
4168,1.1978149,-1.2400818,-0.65444946
4169,1.4440918,-1.2915039,-0.44082642
4170,1.1947632,-1.4241028,-0.64361572
4171,1.3305664,-1.4587402,-0.86807251
4172,1.3549805,-1.3357544,-0.91171265
4173,1.1607361,-1.1453247,-0.99853516
4174,1.1399841,-1.1474609,-0.99884033
4175,1.1053467,-1.0375977,-0.67276001
4176,1.1434937,-0.99655151,-0.93917847
4177,1.1495972,-0.81542969,-0.9765625
4178,1.2301636,-0.86624146,-1.0237122
4179,1.1914063,-0.94665527,-1.0951233
4180,1.1099243,-0.97213745,-1.0858154
4181,1.1151123,-0.72860718,-1.0848999
4182,1.0296631,-0.63232422,-1.0743713
4183,0.99121094,-0.62911987,-1.134491
4184,0.97244263,-0.45257568,-1.3748169
4185,0.96343994,-0.35079956,-1.2205505
4186,0.88531494,-0.30578613,-1.3848877
4187,0.96786499,-0.31356811,-1.3075256
4188,1.0040283,-0.25985718,-1.2826538
4189,0.83526611,-0.29830933,-1.3781738
4190,0.81298828,-0.15380859,-1.4637756
4191,0.8555603,-0.032501221,-1.620636
4192,0.55175781,-0.098876953,-1.6716003
4193,0.65551758,-0.16586304,-1.7756653
4194,0.67565918,0.083465576,-1.5629578
4195,0.70617676,0.24856567,-1.4253235
4196,0.59188843,0.26916504,-1.3433838
4197,0.45349121,0.25207519,-1.3775635
4198,0.34667969,0.52032471,-1.4949036
4199,0.40130615,0.49468994,-1.5312195
4200,0.42480469,0.52734375,-1.5986633
4201,0.41259766,0.43899536,-1.3882446
4202,0.36407471,0.43670654,-1.6212463
4203,0.36315918,0.42480469,-1.3508606
4204,0.14541626,0.55709839,-1.3397217
4205,0.072937012,0.67810059,-1.4659119
4206,0.17562866,0.50796509,-1.4369202
4207,0.083770752,0.80627441,-1.6659546
4208,0.059051514,0.80123901,-1.5063477
4209,-0.071411133,0.86502075,-1.4152527
4210,-0.14282227,0.88500977,-1.416626
4211,-0.15274048,0.93826294,-1.3848877
4212,-0.29846191,1.0217285,-1.1854553
4213,-0.38131714,1.1264038,-1.4767456
4214,-0.47576904,1.1711121,-1.0046387
4215,-0.60729981,1.1062622,-1.1180115
4216,-0.53955078,1.4151001,-1.0588074
4217,-0.66818237,1.3844299,-1.1851501
4218,-0.56808472,1.2249756,-1.0583496
4219,-0.63217163,1.1930847,-1.0354614
4220,-0.73852539,1.1520386,-0.94360352
4221,-0.79086304,1.204834,-1.0292053
4222,-0.69030762,1.2805176,-1.0498047
4223,-0.91629028,1.3949585,-1.0601807
4224,-0.81192017,1.4880371,-0.78552246
4225,-0.90652466,1.3864136,-0.83480835
4226,-0.93795776,1.4007568,-0.70388794
4227,-1.098175,1.3735962,-0.78491211
4228,-1.1747742,1.2779236,-0.66162109
4229,-1.2069702,1.5249634,-0.72952271
4230,-1.2071228,1.5170288,-0.81542969
4231,-1.3299561,1.6101074,-0.46310425
4232,-1.4202881,1.519165,-0.56610107
4233,-1.4889526,1.3433838,-0.35797119
4234,-1.4958191,1.3703918,-0.38619995
4235,-1.5428162,1.5493774,-0.34729004
4236,-1.5138245,1.1486816,0.16708374
4237,-1.4553833,1.0388184,-0.4675293
4238,-1.6099548,1.2887573,-0.22338867
4239,-1.6699219,0.99105835,-0.072021484
4240,-1.8041992,1.242218,-0.24963379
4241,-1.743927,1.3868713,0.15762329
4242,-1.7956543,1.2658691,-0.007171631
4243,-1.796875,1.3525391,0.17150879
4244,-1.7851257,1.2713623,0.30075073
4245,-1.8228149,1.2507629,0.25894165
4246,-1.8988037,1.3444519,0.27496338
4247,-1.8751526,1.2867737,0.3112793
4248,-1.9303894,1.2115479,0.29922485
4249,-1.9042969,1.2741089,0.34973144
4250,-1.8360901,1.2057495,0.47561645
4251,-2.0965576,1.2995911,0.47607422
4252,-2.2192383,1.0264587,0.55435181
4253,-2.1696472,1.0266113,0.6477356
4254,-2.1382141,1.0787964,0.39825439
4255,-2.169342,0.97290039,0.49255371
4256,-2.1116638,1.0467529,0.70480347
4257,-2.0791626,0.90164185,0.42938232
4258,-2.2119141,0.85449219,0.72952271
4259,-2.1939087,0.65536499,0.71029663
4260,-2.2106934,0.66467285,0.93444824
4261,-2.1954346,0.53771973,0.87417603
4262,-2.2470093,0.57174683,0.87982178
4263,-2.2244263,0.58853149,1.2161255
4264,-2.2676086,0.63980103,0.89111328
4265,-2.3022461,0.61630249,0.95779419
4266,-2.2518921,0.45791626,0.99365234
4267,-2.2497559,0.37033081,1.048584
4268,-2.2068787,0.35430908,0.93765259
4269,-2.1542358,0.35980225,1.2071228
4270,-2.2090149,0.20553589,1.2303162
4271,-2.149353,0.092163086,1.2179565
4272,-2.171936,0.2671814,1.219635
4273,-2.1096802,0.038146973,1.2229919
4274,-2.1981812,0.077972412,1.3739014
4275,-2.2067261,-0.14022827,1.6937256
4276,-2.0283508,-0.27420044,1.6967773
4277,-2.0942688,-0.26977539,1.6386414
4278,-1.7918396,-0.10925293,1.5542603
4279,-2.043457,-0.11505127,1.7352295
4280,-2.0149231,-0.27374268,1.7788696
4281,-2.0550537,-0.41824341,1.7669678
4282,-2.0640564,-0.44174194,1.8392944
4283,-2.0135498,-0.50628662,1.8910217
4284,-2.0077515,-0.63446045,1.8534851
4285,-2.0663452,-0.55526733,1.9622803
4286,-1.9674683,-0.83007813,1.8934631
4287,-1.9842529,-0.82763672,1.7219543
4288,-1.8313599,-0.72677612,2.0043945
4289,-1.6876221,-0.92453003,1.5853882
4290,-1.6101074,-1.1364746,1.9329834
4291,-1.7530823,-1.4431763,1.9433594
4292,-1.6766357,-1.3049316,2.1185303
4293,-1.7488098,-1.2548828,2.0228577
4294,-1.6215515,-1.0679626,2.2467041
4295,-1.4189148,-1.2271118,1.9763184
4296,-1.4886475,-1.1462402,2.0387268
4297,-1.4303589,-1.3314819,2.0050049
4298,-1.3322449,-1.5078735,1.918335
4299,-1.3012695,-1.733551,1.8086243
4300,-1.2251282,-1.6323853,1.7738342
4301,-1.1265564,-1.6259766,1.8345642
4302,-1.2782288,-1.7489624,2.0103455
4303,-1.1755371,-1.7315674,2.0602417
4304,-1.1103821,-1.7260742,1.902771
4305,-0.99441528,-1.6963196,1.9329834
4306,-0.90148926,-1.7419434,1.8202209
4307,-0.88378906,-1.8563843,1.9268799
4308,-0.77194214,-2.0324707,1.9055176
4309,-0.7522583,-1.8632507,1.9174194
4310,-0.69488525,-1.9393921,1.9502258
4311,-0.65292358,-1.9871521,1.9963074
4312,-0.50643921,-1.8862915,1.9235229
4313,-0.62286377,-2.0359802,1.9842529
4314,-0.58746338,-2.2113037,1.8830872
4315,-0.42266846,-2.0881653,1.8118286
4316,-0.39932251,-2.0706177,1.7166138
4317,-0.3352356,-1.9551086,1.7137146
4318,-0.32272339,-2.0579529,1.7863464
4319,-0.29632568,-2.1588135,1.68396
4320,-0.11550903,-2.2589111,1.4862061
4321,-0.1248169,-2.2836304,1.5539551
4322,-0.053405762,-2.4237061,1.4631653
4323,-0.006103516,-2.3269653,1.4743042
4324,0.10986328,-2.3117065,1.4083862
4325,0.2192688,-2.1490479,1.4659119
4326,0.16204834,-2.1722412,1.4630127
4327,0.2003479,-2.2033691,1.2736511
4328,0.012207031,-2.3419189,1.3822937
4329,0.20019531,-2.2927856,1.3258362
4330,0.35903931,-2.2689819,1.2554932
4331,0.25268555,-2.2187805,1.2458801
4332,0.45059204,-2.2657776,1.1508179
4333,0.49758911,-2.4241638,1.020813
4334,0.42617798,-2.5027466,0.88226318
4335,0.52444458,-2.4746704,0.7522583
4336,0.69961548,-2.5683594,0.77392578
4337,0.7510376,-2.3370361,0.91567993
4338,0.68557739,-2.3916626,0.78781128
4339,0.68618774,-2.3431396,0.76385498
4340,0.80215454,-2.3841858,0.70892334
4341,0.82336426,-2.3675537,0.64346313
4342,0.70007324,-2.2789001,0.62057495
4343,0.69519043,-2.2665405,0.60974121
4344,0.93505859,-2.3631287,0.49316406
4345,0.91110229,-2.2831726,0.42068481
4346,1.151123,-2.1813965,0.415802
4347,0.95626831,-2.0782471,0.340271
4348,0.99609375,-2.0617676,0.40237427
4349,1.0032654,-2.1099854,0.14938355
4350,1.0879517,-2.0318604,0.29693603
4351,1.1065674,-2.0436096,0.13061523
4352,1.1431885,-2.0951843,-0.075378418
4353,1.0903931,-1.995697,-0.13092041
4354,1.1077881,-1.8774414,0.046539307
4355,1.2692261,-1.9450378,-0.10360718
4356,1.0264587,-1.9412231,-0.23803711
4357,1.3287354,-1.9934082,-0.15731812
4358,1.3246155,-1.8632507,-0.29495239
4359,1.3247681,-1.6621399,-0.25299072
4360,1.2298584,-1.6564941,-0.31921387
4361,1.2760925,-1.6596985,-0.32928467
4362,1.2702942,-1.6418457,-0.46356201
4363,1.2031555,-1.546936,-0.40313721
4364,1.3285828,-1.4678955,-0.42999268
4365,1.292572,-1.4515686,-0.46630859
4366,1.16745,-1.3256836,-0.60852051
4367,1.2637329,-1.3513184,-0.83145142
4368,1.2176514,-1.1956787,-1.1222839
4369,1.2062073,-1.2467957,-0.78155518
4370,1.018219,-1.10672,-0.76583862
4371,1.1386108,-1.2374878,-0.77667236
4372,1.1418152,-1.0339355,-0.87371826
4373,1.2373352,-1.3684082,-0.60928345
4374,1.1149597,-1.3078308,-1.0058594
4375,1.0656738,-0.96817017,-0.97564697
4376,1.1509705,-0.85479736,-1.0221863
4377,1.2030029,-0.70129394,-0.95306397
4378,1.1978149,-0.61889648,-0.9765625
4379,1.1312866,-0.61538696,-0.9916687
4380,1.0668945,-0.52932739,-1.0522461
4381,1.09375,-0.52124023,-1.0552979
4382,1.0276794,-0.48461914,-1.1656189
4383,0.97869873,-0.38513184,-1.1654663
4384,0.91125488,-0.36911011,-1.3638306
4385,0.74249268,-0.27954102,-1.2644959
4386,0.80276489,-0.30639648,-1.3182068
4387,0.80062866,-0.25344849,-1.3235474
4388,0.76980591,-0.13763428,-1.459198
4389,0.69747925,-0.003204346,-1.2806702
4390,0.69061279,0.00579834,-1.1224365
4391,0.73043823,-0.6602478,-1.091156
4392,0.64361572,-0.56304932,-1.3876343
4393,0.49880981,-0.38116455,-1.1729431
4394,0.60775757,-0.76690674,-1.39328
4395,0.54016113,0.10528565,-1.365509
4396,0.59463501,0.32119751,-1.2910461
4397,0.49926758,0.38635254,-1.3352966
4398,0.45623779,0.52261353,-1.3372803
4399,0.47393799,0.57800293,-1.2405396
4400,0.35217285,0.55358887,-1.312561
4401,0.31051636,0.77392578,-1.396637
4402,0.16326904,0.7182312,-1.2818909
4403,0.17227173,0.68008423,-1.2240601
4404,0.091400146,0.71502685,-1.192627
4405,0.080108643,0.71777344,-1.2710571
4406,0.007324219,0.36819458,-1.2284851
4407,-0.05645752,0.69152832,-1.2330627
4408,-0.18447876,0.75683594,-1.320343
4409,-0.025482178,0.84167481,-1.3578796
4410,-0.15869141,0.62728882,-1.3197327
4411,-0.28320313,0.69366455,-1.2976074
4412,-0.29571533,0.87524414,-1.1225891
4413,-0.44708252,1.0940552,-1.0714722
4414,-0.52200317,1.1401367,-1.0923767
4415,-0.53619385,0.96542358,-0.96740723
4416,-0.56091309,1.0165405,-1.0258484
4417,-0.70373535,0.81466675,-1.0049438
4418,-0.75546265,1.0351563,-0.98754883
4419,-0.86898804,0.96115112,-0.85922241
4420,-0.76934815,1.2039185,-0.71090698
4421,-0.78643799,1.308136,-0.61538696
4422,-0.90713501,1.4250183,-0.7170105
4423,-0.94451904,1.2738037,-0.65994263
4424,-0.84884644,1.1590576,-0.70785522
4425,-1.0569763,1.2086487,-0.61065674
4426,-1.21521,1.1068726,-0.73165894
4427,-1.1228943,1.1941528,-0.63873291
4428,-1.245575,1.1065674,-0.6578064
4429,-1.0797119,1.3113403,-0.58349609
4430,-1.1480713,1.2695313,-0.39245606
4431,-1.2797546,1.1558533,-0.36193848
4432,-1.2956238,0.87493897,-0.46386719
4433,-1.4533997,1.151123,-0.28625488
4434,-1.348877,1.321106,-0.34667969
4435,-1.391449,1.3458252,-0.24536133
4436,-1.4582825,1.4233398,-0.12573242
4437,-1.505127,1.1862183,-0.17990112
4438,-1.5463257,1.1734009,-0.11444092
4439,-1.5385437,1.1198425,0.026397705
4440,-1.5841675,1.1593628,0.017547607
4441,-1.686554,1.2646484,0.046844482
4442,-1.7643738,1.3000488,0.14129639
4443,-1.7712402,1.2594604,0.11016846
4444,-1.8508911,1.1672974,0.19378662
4445,-1.8322754,1.1128235,0.30059814
4446,-1.8347168,1.0118103,0.31036377
4447,-1.8405151,0.91903687,0.30303955
4448,-1.9415283,0.89797974,0.45516968
4449,-1.9180298,0.93063354,0.45288086
4450,-1.9915771,0.98709106,0.418396
4451,-1.9448853,0.90515137,0.50857544
4452,-1.9775391,0.90820313,0.49713135
4453,-2.0388794,0.88531494,0.45196533
4454,-2.0797729,0.75454712,0.62698364
4455,-2.0828247,0.69259644,0.61569214
4456,-1.9645691,0.69274902,0.57250977
4457,-1.9702148,0.74935913,0.77713013
4458,-2.0889282,0.57907104,0.63812256
4459,-2.028656,0.56503296,0.85540772
4460,-2.0127869,0.5166626,1.1018372
4461,-2.1118164,0.6048584,1.0404968
4462,-2.1850586,0.3503418,1.0916138
4463,-1.9432068,0.41000366,1.1457825
4464,-1.9285584,0.33813477,1.1029053
4465,-2.0294189,0.4246521,1.2774658
4466,-2.0594788,0.19454956,1.2486267
4467,-2.0158386,0.16998291,1.0644531
4468,-2.0120239,0.050201416,1.3426209
4469,-2.0852661,-0.043640137,1.4317322
4470,-2.0405579,-0.046386719,1.3693237
4471,-1.9523621,-0.040435791,1.3955688
4472,-2.0133972,-0.10574341,1.3598633
4473,-2.0077515,-0.15213013,1.6864014
4474,-1.9117737,-0.33187866,1.4221191
4475,-1.8554688,-0.18966675,1.4808655
4476,-1.8338013,-0.36621094,1.5653992
4477,-2.0370483,-0.3717041,1.5054321
4478,-1.7651367,-0.37292481,1.6577148
4479,-1.9828796,-0.52719116,1.5118408
4480,-1.9720459,-0.40557861,1.6711426
4481,-1.8608093,-0.66345215,1.7002869
4482,-1.9229126,-0.75561523,1.5914917
4483,-1.9729614,-0.86471558,1.8690491
4484,-1.7781067,-0.79666138,1.5264893
4485,-1.875,-0.88180542,1.8655396
4486,-1.8437195,-0.80047607,1.656189
4487,-1.6400146,-0.87936401,1.7066956
4488,-1.6316223,-1.0058594,1.8336487
4489,-1.9552612,-1.2405396,1.9380188
4490,-1.632843,-1.1575317,1.8583679
4491,-1.5853882,-1.1859131,1.7388916
4492,-1.4663696,-1.1424255,1.7604065
4493,-1.4561462,-1.338501,1.5725708
4494,-1.519928,-1.2664795,1.8447876
4495,-1.4108276,-1.2738037,1.8830872
4496,-1.3110352,-1.1689758,1.940155
4497,-1.1488342,-1.2808228,1.7895508
4498,-1.1553955,-1.4161682,1.4682007
4499,-0.98007202,-1.3972473,1.8934631
4500,-1.1120605,-1.635437,2.0039368
4501,-0.98709106,-1.6464233,1.8373108
4502,-0.9298706,-1.7660522,1.6949463
4503,-0.96496582,-1.8486023,1.9755554
4504,-0.96405029,-1.5299988,1.390686
4505,-1.0070801,-1.7671204,1.7919922
4506,-0.76065063,-1.8093872,1.980896
4507,-0.7131958,-1.9941711,1.7243958
4508,-0.5821228,-1.8588257,1.7619324
4509,-0.66711426,-1.8066406,1.7495728
4510,-0.66375732,-1.9189453,1.5756226
4511,-0.77026367,-2.0022583,1.784668
4512,-0.44769287,-2.1615601,1.5881348
4513,-0.44265747,-2.0837402,1.6558838
4514,-0.49667358,-2.2105408,1.6200256
4515,-0.37658691,-2.1594238,1.6004944
4516,-0.44967651,-2.1429443,1.6143799
4517,-0.3036499,-1.9696045,1.5141296
4518,-0.17974853,-2.2909546,1.4852905
4519,-0.16067505,-2.2271729,1.6012573
4520,-0.1461792,-2.3045349,1.6175842
4521,-0.14160156,-2.3374939,1.3986206
4522,0.10818481,-2.263031,1.3514709
4523,-0.059356689,-2.2976685,1.2374878
4524,0.087280273,-2.144928,1.2768555
4525,0.055236816,-2.1603394,1.157074
4526,0.16876221,-2.1350098,1.21521
4527,0.29296875,-2.2000122,0.96496582
4528,0.30929565,-2.1644592,1.1134338
4529,0.31066894,-2.2676086,0.8757019
4530,0.32714844,-2.2380066,1.075592
4531,0.47180176,-2.159729,1.0389709
4532,0.47180176,-2.1891785,1.0816956
4533,0.58349609,-2.3400879,0.75836182
4534,0.55114746,-2.0680237,0.71258545
4535,0.76660156,-2.0629883,0.73165894
4536,0.56930542,-2.1559143,0.61203003
4537,0.62805176,-2.1020508,0.51452637
4538,0.81604004,-2.2660828,0.59951782
4539,0.75332642,-2.2070313,0.48797607
4540,0.81329346,-2.1400452,0.38146973
4541,0.92819214,-2.1981812,0.32775879
4542,0.94177246,-2.1548462,0.39230347
4543,0.9072876,-2.1432495,0.35140991
4544,0.79742432,-2.1537781,0.29296875
4545,0.87707519,-2.024231,0.29220581
4546,1.0501099,-2.0597839,0.22689819
4547,0.89385986,-1.900177,0.19287109
4548,0.92041016,-1.8232727,0.04486084
4549,1.1305237,-1.8040466,0.24246216
4550,1.1132813,-1.8011475,0.11642456
4551,1.0728455,-1.817627,-0.060424805
4552,1.1228943,-1.786499,-0.018920898
4553,1.1743164,-1.7404175,-0.074920654
4554,1.0191345,-1.6638184,-0.14022827
4555,1.1112976,-1.6687012,-0.34912109
4556,1.035614,-1.7230225,-0.15808106
4557,1.0932922,-1.6764832,-0.5317688
4558,1.089325,-1.7086792,-0.45654297
4559,1.0072327,-1.6134644,-0.29846191
4560,1.0671997,-1.6465759,-0.55084228
4561,1.0217285,-1.3981628,-0.47851563
4562,1.0757446,-1.3754272,-0.57159424
4563,1.0470581,-1.2649536,-0.43991089
4564,1.098175,-1.3825989,-0.57022095
4565,1.05896,-1.4147949,-0.56137085
4566,1.0906982,-1.2863159,-0.72265625
4567,1.114502,-1.3726807,-0.80383301
4568,1.1485291,-1.0516357,-0.71166992
4569,1.1753845,-1.0287476,-0.76889038
4570,1.1276245,-0.86914063,-1.0464478
4571,1.1177063,-0.86578369,-0.97915649
4572,1.0369873,-0.7220459,-0.93460083
4573,0.99426269,-0.75653076,-1.0299683
4574,1.0221863,-0.63980103,-0.93902588
4575,0.97366333,-0.46966553,-0.88729858
4576,0.99365234,-0.4725647,-0.97503662
4577,1.0441589,-0.33508301,-0.98846435
4578,0.82458496,-0.27191162,-0.98083496
4579,0.74630737,-0.46112061,-1.0827637
4580,0.84197998,-0.48690796,-1.1721802
4581,0.83953857,-0.26672363,-1.0467529
4582,0.83343506,-0.28121948,-1.2339783
4583,0.83770752,-0.1222229,-1.2078857
4584,0.58044434,-0.2243042,-1.2359619
4585,0.68161011,-0.21331787,-1.2445068
4586,0.63980103,-0.12252808,-1.2213135
4587,0.70098877,-0.036621094,-1.1804199
4588,0.66314697,-0.97183228,-1.343689
4589,0.52841187,-1.4387512,-1.3598633
4590,0.44281006,-0.39840698,-1.3034058
4591,0.46188355,0.10681152,-1.1914063
4592,0.39123535,0.27893066,-1.3919067
4593,0.23880005,0.24047852,-1.1741638
4594,0.3515625,0.27420044,-1.1984253
4595,0.26351929,0.16494751,-1.0820007
4596,0.1461792,0.42434692,-1.2068176
4597,0.18081665,0.31143189,-1.0736084
4598,0.030670166,0.41397095,-1.0520935
4599,-0.062255859,0.46676636,-1.0910034
4600,-0.017700195,0.64315796,-1.1836243
4601,0.10162354,0.4699707,-1.2283325
4602,-0.18081665,0.79025269,-1.2063599
4603,-0.026702881,0.76629639,-1.1801147
4604,-0.26153564,0.8392334,-1.0261536
4605,-0.29525757,0.76690674,-1.0766602
4606,-0.22003174,0.90087891,-1.0562134
4607,-0.20202637,0.59921265,-0.97061157
4608,-0.31921387,0.76599121,-0.95169067
4609,-0.22888184,0.77728272,-0.962677
4610,-0.36636353,0.89675903,-0.68511963
4611,-0.4560852,1.0046387,-0.87265015
4612,-0.55618286,1.0232544,-0.80718994
4613,-0.64529419,1.182251,-0.80841065
4614,-0.66894531,1.2117004,-0.91491699
4615,-0.65765381,1.1827087,-0.83709717
4616,-0.78857422,0.9992981,-0.87982178
4617,-0.85449219,1.088562,-0.84335327
4618,-0.96939087,1.0917664,-0.74859619
4619,-0.91552734,1.1708069,-0.81008911
4620,-0.92681885,1.3209534,-0.64346313
4621,-0.97488403,1.2496948,-0.59997559
4622,-1.0580444,1.2944031,-0.54321289
4623,-1.0472107,1.0665894,-0.6086731
4624,-1.1700439,1.0797119,-0.49530029
4625,-1.3415527,0.9828186,-0.50048828
4626,-1.295929,1.0865784,-0.41168213
4627,-1.1973572,0.93139648,-0.41519165
4628,-1.3916016,0.84701538,-0.38070679
4629,-1.368866,0.83068848,-0.27816772
4630,-1.5365601,1.0183716,-0.12557983
4631,-1.4997864,1.0879517,-0.17379761
4632,-1.5692139,0.95779419,-0.17852783
4633,-1.5843201,1.1418152,-0.076293945
4634,-1.603241,1.1541748,-0.063323975
4635,-1.5032959,1.159668,-0.018615723
4636,-1.5710449,1.0900879,0.128479
4637,-1.661377,0.91140747,0.059814453
4638,-1.7175293,0.97106934,0.2041626
4639,-1.7114258,0.99136353,0.20889282
4640,-1.7796326,1.0041809,0.32104492
4641,-1.8023682,0.96328735,0.26367188
4642,-1.8733215,0.85128784,0.43426514
4643,-1.7967224,0.92437744,0.37506103
4644,-1.9265747,0.89630127,0.50323486
4645,-1.9508362,0.97869873,0.54946899
4646,-1.8074036,0.94161987,0.60073853
4647,-1.8981934,0.86181641,0.59204102
4648,-1.9348145,0.94009399,0.5770874
4649,-2.0480347,0.80795288,0.64056397
4650,-1.9340515,0.8203125,0.72753906
4651,-1.9035339,0.78338623,0.67565918
4652,-1.9236755,0.78277588,0.76934815
4653,-2.1916199,0.61569214,0.88500977
4654,-2.1409607,0.63476563,0.79681397
4655,-2.0193481,0.5935669,0.90103149
4656,-2.1170044,0.46081543,1.0166931
4657,-1.9857788,0.45898438,1.0931396
4658,-1.9122314,0.48858643,1.1157227
4659,-2.0758057,0.3843689,1.031189
4660,-2.1427917,0.28869629,0.94863892
4661,-2.0843506,0.23880005,1.1149597
4662,-1.9273376,0.21606445,1.1386108
4663,-2.0196533,0.11932373,1.1676025
4664,-1.9711304,0.12802124,1.3087463
4665,-2.0248413,0.1272583,1.1499023
4666,-1.9581604,0.065917969,1.2837219
4667,-2.0001221,-0.23605347,1.2236023
4668,-2.0735168,-0.22293091,1.4125061
4669,-1.8188477,-0.21179199,1.534729
4670,-1.9514465,-0.30090332,1.4813232
4671,-1.8803406,-0.47042847,1.5266418
4672,-1.8998718,-0.24337769,1.4868164
4673,-1.9621277,-0.51300049,1.663208
4674,-1.9035339,-0.54580688,1.5771484
4675,-1.7788696,-0.64697266,1.4033508
4676,-1.7816162,-0.62438965,1.5524292
4677,-1.8258667,-0.49102783,1.6616821
4678,-1.8441772,-0.59234619,1.5837097
4679,-1.7662048,-0.70632935,1.7854309
4680,-1.7340088,-0.91293335,1.8814087
4681,-1.8132019,-0.81481934,2.0153809
4682,-1.6323853,-0.96481323,1.7584229
4683,-1.5769959,-1.1154175,1.7308044
4684,-1.5814209,-1.1808777,1.4633179
4685,-1.3931274,-0.98617554,1.5390015
4686,-1.4248657,-1.0572815,1.381073
4687,-1.3833618,-1.0926819,1.5426636
4688,-1.3999939,-1.2634277,1.5884399
4689,-1.401062,-1.3084412,1.5483093
4690,-1.3389587,-1.4541626,1.6072083
4691,-1.401825,-1.4727783,1.6789246
4692,-1.355896,-1.5991211,1.6751099
4693,-1.3267517,-1.6833496,1.5638733
4694,-1.2190247,-1.4584351,1.6825867
4695,-1.1187744,-1.5206909,1.9059753
4696,-1.0203552,-1.5110779,1.7628479
4697,-0.99884033,-1.6365051,1.7370605
4698,-1.0189819,-1.4880371,1.6893005
4699,-0.89981079,-1.6279602,1.6960144
4700,-0.7182312,-1.7616272,1.6967773
4701,-0.75973511,-1.6719055,1.7887878
4702,-0.68084717,-1.8746948,1.4250183
4703,-0.58639526,-1.8466187,1.5916443
4704,-0.51925659,-1.895752,1.6423035
4705,-0.49179077,-1.9593811,1.6009521
4706,-0.46539307,-1.9764709,1.5567017
4707,-0.33111572,-2.0666504,1.5617371
4708,-0.23269653,-1.9442749,1.6639709
4709,-0.19958496,-1.9503784,1.70578
4710,-0.26824951,-2.0927429,1.5444946
4711,-0.24597168,-2.0277405,1.5634155
4712,-0.20721435,-2.1777344,1.4729309
4713,-0.10223389,-2.3405457,1.3973999
4714,-0.051116943,-2.1408081,1.661377
4715,-0.064697266,-2.2357178,1.3972473
4716,-0.11062622,-2.2279358,1.3604736
4717,0.05279541,-2.0513916,1.3006592
4718,0.11459351,-2.1411133,1.1610413
4719,0.20324707,-2.1224976,1.1759949
4720,0.24169922,-2.162323,1.2298584
4721,0.39230347,-2.2317505,1.1895752
4722,0.30715942,-2.2332764,1.1315918
4723,0.35049439,-2.197113,0.9841919
4724,0.50994873,-2.1588135,1.1149597
4725,0.45150757,-2.1955872,1.0800171
4726,0.46539307,-2.1908569,0.93429565
4727,0.41473389,-2.1156311,0.78582764
4728,0.47515869,-2.066803,0.75668335
4729,0.45471191,-2.2480774,0.61279297
4730,0.64178467,-2.1792603,0.64193726
4731,0.63064575,-2.2050476,0.61843872
4732,0.5859375,-2.0127869,0.69885254
4733,0.77590942,-2.0585632,0.60424805
4734,0.69366455,-1.9703674,0.47424316
4735,0.83190918,-1.9882202,0.36865234
4736,0.96923828,-1.8890381,0.46646118
4737,1.0075378,-2.0452881,0.48339844
4738,0.88775635,-1.9424438,0.38085938
4739,1.0136414,-2.0211792,0.43014526
4740,1.0189819,-2.0306396,0.19836426
4741,1.0494995,-1.6810608,0.24261475
4742,0.93276978,-1.8170166,0.06149292
4743,0.87463379,-1.6764832,0.1008606
4744,1.0090637,-1.9869995,0.082092285
4745,0.89904785,-1.6424561,-0.032806396
4746,1.0975647,-1.9294739,-0.15853882
4747,1.1730957,-1.7712402,-0.068664551
4748,1.2185669,-1.6455078,-0.26687622
4749,1.0586548,-1.6395569,-0.14373779
4750,1.0803223,-1.5332031,-0.11795044
4751,1.2701416,-1.6734314,-0.18798828
4752,1.1830139,-1.5341187,-0.18386841
4753,1.0255432,-1.5136719,-0.25253296
4754,1.1421204,-1.4863586,-0.47012329
4755,1.1604309,-1.3812256,-0.35140991
4756,1.1251831,-1.3632202,-0.55770874
4757,1.1727905,-1.2507629,-0.63537598
4758,1.2333679,-1.1767578,-0.4107666
4759,1.1000061,-1.2443542,-0.70678711
4760,1.1299133,-1.1750793,-0.6149292
4761,1.0107422,-1.129303,-0.74066162
4762,1.1647034,-1.0902405,-0.7749939
4763,1.0809326,-1.0675049,-0.76217651
4764,0.97091675,-0.88409424,-0.70236206
4765,0.90011597,-1.0331726,-0.78765869
4766,0.99594116,-0.87692261,-1.1038208
4767,1.0638428,-0.94833374,-0.90270996
4768,0.91918945,-0.74432373,-1.3783264
4769,0.96313477,-0.62896728,-1.0620117
4770,0.98724365,-0.59265137,-0.71807861
4771,0.91934204,-0.48339844,-0.95886231
4772,0.75942993,-0.42114258,-1.0316467
4773,0.78567505,-0.45471191,-1.076355
4774,0.89279175,-0.25512695,-1.1021423
4775,0.78643799,-0.3477478,-1.0244751
4776,0.76980591,-0.076904297,-1.0784912
4777,0.80993652,0.58990478,-1.2309265
4778,0.68405151,0.032348633,-1.0473633
4779,0.52368164,0.58120728,-1.2104797
4780,0.68572998,0.34927368,-1.2800598
4781,0.67474365,-0.59173584,-1.4239502
4782,0.54229736,0.17745972,-1.4628601
4783,0.43045044,-0.19134522,-1.0055542
4784,0.30593872,-0.12939453,-1.4730835
4785,0.4498291,0.086669922,-1.2188721
4786,0.39550781,0.27740478,-1.1195374
4787,0.57312012,0.48721314,-1.2654114
4788,0.36010742,0.56228638,-1.2480164
4789,0.49468994,0.54443359,-1.3664246
4790,0.3755188,0.48355103,-1.2020874
4791,0.21011353,0.66940308,-1.2313843
4792,0.15655518,0.57815552,-1.2565613
4793,0.10467529,0.6678772,-1.3179016
4794,-0.005187988,0.7421875,-1.3304138
4795,-0.023040771,0.66604614,-1.3249207
4796,-0.1045227,0.68511963,-1.1849976
4797,-0.054168701,0.59951782,-1.1820984
4798,-0.080108643,0.74569702,-1.1148071
4799,-0.18096924,0.75088501,-1.0554504
4800,-0.31356811,0.90576172,-1.0327148
4801,-0.27862549,0.81390381,-1.0272217
4802,-0.32394409,1.2213135,-0.97106934
4803,-0.28869629,1.9415283,-0.89797974
4804,-0.52230835,2.4082947,-1.0733032
4805,-0.58990478,2.2413635,-1.0121155
4806,-0.4914856,1.539917,-0.96740723
4807,-0.72250366,1.1372375,-1.0171509
4808,-0.74508667,1.4601135,-0.87371826
4809,-0.74829102,1.1016846,-0.88775635
4810,-0.84991455,1.4894104,-0.72982788
4811,-0.95947266,1.2942505,-0.75775147
4812,-0.90332031,1.7808533,-0.74691772
4813,-1.0037231,2.3886108,-0.68954468
4814,-1.0174561,1.6030884,-0.5078125
4815,-1.1430359,2.1896362,-0.57678223
4816,-1.1468506,2.628479,-0.58990478
4817,-1.1207581,1.6828918,-0.60775757
4818,-1.2718201,1.114502,-0.50872803
4819,-1.2481689,1.242218,-0.32470703
4820,-1.3775635,1.2319946,-0.45501709
4821,-1.3453674,1.2460327,-0.45318603
4822,-1.4533997,1.3949585,-0.36239624
4823,-1.3922119,1.2763977,-0.32897949
4824,-1.4665222,1.2084961,-0.28182983
4825,-1.4558411,1.0101318,-0.1864624
4826,-1.5422058,0.98144531,-0.31036377
4827,-1.5774536,1.1193848,-0.063171387
4828,-1.5557861,1.2330627,0.082244873
4829,-1.6395569,1.2414551,-0.044250488
4830,-1.5582275,1.129303,-0.094299316
4831,-1.6503906,1.1264038,-0.040588379
4832,-1.5818787,1.0897827,0.15274048
4833,-1.7988586,1.1323547,0.28671265
4834,-1.7428589,0.98388672,0.22491455
4835,-1.7024231,0.98922729,0.11962891
4836,-1.7402649,1.0823059,0.49285889
4837,-1.7912292,0.8114624,0.37765503
4838,-1.8914795,0.86120606,0.47332764
4839,-1.8661499,0.82473755,0.4234314
4840,-1.8362427,0.77270508,0.49835205
4841,-1.8159485,0.77789307,0.51040649
4842,-1.8612671,0.72219849,0.5871582
4843,-1.9239807,0.62774658,0.62942505
4844,-1.9647217,0.47897339,0.66329956
4845,-1.9000244,0.52551269,0.72036743
4846,-1.9210815,0.47363281,0.86135864
4847,-1.93573,0.36758423,0.83740234
4848,-2.0825195,0.36880493,0.87112427
4849,-1.9723511,0.36880493,0.86990356
4850,-1.9723511,0.35491943,0.78903198
4851,-2.0549011,0.34225464,0.86196899
4852,-2.0117188,0.37246704,1.2145996
4853,-1.9372559,0.26657105,1.0806274
4854,-2.0307922,0.1423645,1.1958313
4855,-1.8579102,0.21560669,1.2362671
4856,-2.0904541,0.10559082,1.2817383
4857,-1.938324,0.032958984,1.1688232
4858,-2.0631409,-0.022583008,1.2013245
4859,-1.9259644,-0.014038086,1.2605286
4860,-2.1395874,-0.12252808,1.2283325
4861,-2.003479,-0.34225464,1.3574219
4862,-2.066803,-0.42816162,1.4468384
4863,-1.9593811,-0.3427124,1.330719
4864,-1.8083191,-0.4284668,1.5155029
4865,-1.9041443,-0.48538208,1.6506958
4866,-1.99646,-0.58166504,1.4169312
4867,-1.8711853,-0.60440063,1.7147827
4868,-1.9772339,-0.74752808,1.7616272
4869,-1.9863892,-0.85693359,1.5551758
4870,-1.8896484,-1.1224365,1.6235352
4871,-1.8247986,-1.0958862,1.5351868
4872,-1.7427063,-1.1463928,1.5019226
4873,-1.6514587,-1.1288452,1.6583252
4874,-1.6905212,-1.5357971,1.6067505
4875,-1.5812683,-1.1807251,1.6622925
4876,-1.7539978,-1.4317322,1.8638611
4877,-1.7163086,-1.4408875,1.897583
4878,-1.530304,-1.3504028,2.048645
4879,-1.5086365,-1.4988709,1.6210938
4880,-1.6314697,-1.7504883,1.6911316
4881,-1.6183472,-1.7041016,1.8266296
4882,-1.5003967,-1.750946,1.7984009
4883,-1.4445496,-1.3793945,1.505127
4884,-1.2533569,-1.5649414,1.9564819
4885,-1.3072205,-1.3246155,1.8139648
4886,-1.5245056,-1.6072083,1.8559265
4887,-1.2805176,-1.2332153,1.8562317
4888,-1.1531067,-1.4199829,1.8557739
4889,-1.1520386,-1.5744019,1.7007446
4890,-0.99563599,-1.5148926,1.9104004
4891,-0.97900391,-1.6560364,1.9915771
4892,-0.90515137,-1.7320251,1.9587708
4893,-0.94207764,-1.7636108,1.8692017
4894,-0.93658447,-1.9155884,2.0085144
4895,-0.84747315,-1.9578552,1.8788147
4896,-0.77819824,-1.8914795,1.8147278
4897,-0.78567505,-1.9128418,1.8389893
4898,-0.65856934,-1.9624329,1.8521118
4899,-0.62759399,-1.8074036,1.7546082
4900,-0.55297852,-1.8386841,1.7434692
4901,-0.55099487,-2.0111084,1.4802551
4902,-0.4208374,-1.5766907,1.627655
4903,-0.35873413,-2.1272278,1.6366577
4904,-0.24169922,-2.2309875,1.5075684
4905,-0.21240234,-2.2351074,1.5066528
4906,-0.21392822,-2.3146057,1.4733887
4907,-0.22644043,-2.2163391,1.6363525
4908,-0.18920898,-2.1861267,1.6564941
4909,-0.000915527,-2.1572876,1.550293
4910,-0.029907227,-2.2291565,1.5551758
4911,0.023193359,-2.1972656,1.4508057
4912,-0.007171631,-2.3791504,1.3308716
4913,0.08972168,-2.4064636,1.2843323
4914,0.21377563,-2.4169922,1.2483215
4915,0.29098511,-2.4247742,1.1828613
4916,0.25985718,-2.4040222,1.1602783
4917,0.25924683,-2.3283386,0.98129272
4918,0.32119751,-2.2184753,0.9677124
4919,0.52322388,-1.5786743,1.0635376
4920,0.46325684,-1.346283,0.98846435
4921,0.546875,-2.2857666,0.80047607
4922,0.57174683,-2.1969604,0.86746216
4923,0.52978516,-2.0930481,0.79421997
4924,0.68008423,-2.3791504,0.79376221
4925,0.75012207,-2.2314453,0.71716309
4926,0.75195313,-2.260437,0.62850952
4927,0.73059082,-1.1068726,0.57342529
4928,0.75714111,-1.6323853,0.44204712
4929,0.88760376,-2.2869873,0.60546875
4930,0.86624146,-2.3480225,0.39077759
4931,1.0281372,-2.3104858,0.37963867
4932,0.99838257,-2.1621704,0.34423828
4933,0.8253479,-2.0266724,0.17333984
4934,0.96801758,-2.1604919,0.32989502
4935,1.0165405,-2.0620728,0.43457031
4936,0.86105347,-1.9224548,0.2355957
4937,1.0371399,-1.9439697,0.26519775
4938,1.0728455,-2.1730042,0.097961426
4939,1.1050415,-2.0428467,0.24917603
4940,1.1422729,-2.0310974,0.013580322
4941,1.0534668,-1.8182373,-0.19607544
4942,1.2394714,-1.7614746,-0.10620117
4943,1.1752319,-1.7750549,-0.30212402
4944,1.1106873,-1.86203,-0.20462036
4945,1.1572266,-1.9137573,-0.12008667
4946,1.1074829,-1.8431091,-0.30563355
4947,1.1001587,-1.8330383,-0.36605835
4948,1.2086487,-1.6029358,-0.3125
4949,1.1895752,-1.6238403,-0.38742065
4950,1.1911011,-1.6067505,-0.43380737
4951,1.2086487,-1.4466858,-0.56030273
4952,1.0012817,-1.2243652,-0.64758301
4953,1.1405945,-1.1286926,-0.71777344
4954,1.0839844,-0.33905029,-0.62820435
4955,1.1793518,-0.53131103,-0.75393677
4956,1.131897,-1.0636902,-0.69976807
4957,1.1534119,-0.98266602,-0.87753296
4958,1.1968994,-0.96954346,-0.80841065
4959,1.1909485,-1.0691834,-0.71960449
4960,1.1219788,-0.91491699,-0.89096069
4961,1.0888672,-0.67550659,-0.85189819
4962,1.0144043,-0.86883545,-0.94055176
4963,1.0345459,-0.58883667,-0.98144531
4964,1.1683655,-0.70922852,-1.0855103
4965,1.1856079,-0.72082519,-1.1120605
4966,1.0820007,0.083618164,-1.2031555
4967,1.0346985,-0.62484741,-1.1784363
4968,0.8908081,-0.65200806,-1.1877441
4969,0.84472656,-0.52429199,-1.0839844
4970,0.83984375,-0.39230347,-1.1946106
4971,0.8392334,-0.56488037,-1.2615967
4972,0.8644104,-0.45532227,-1.3536072
4973,0.83801269,-0.22628784,-1.3552856
4974,0.83679199,-0.28686523,-1.2518311
4975,0.73822022,-0.17822266,-1.2866211
4976,0.78735352,-0.40435791,-1.003418
4977,0.66375732,-0.11138916,-1.7237854
4978,0.71838379,-0.26580811,-1.4668274
4979,0.61706543,0.016174316,-1.2493896
4980,0.4486084,0.0340271,-1.2216187
4981,0.55267334,0.15136719,-1.2547302
4982,0.43777466,0.2470398,-1.3082886
4983,0.37948608,0.26290894,-1.4971924
4984,0.31204224,0.29327393,-1.3194275
4985,0.27130127,0.15930176,-1.4060974
4986,0.17288208,0.59448242,-1.3839722
4987,0.20904541,1.1677551,-1.3491821
4988,0.30899048,2.038269,-1.2348938
4989,0.23925781,0.66497803,-1.3490295
4990,0.037231445,2.2085571,-1.5586853
4991,0.017700195,2.1194458,-1.3304138
4992,-0.020904541,0.72219849,-1.3165283
4993,-0.003051758,0.56518555,-1.1619568
4994,-0.068969727,0.82946777,-1.3087463
4995,-0.093994141,0.72921753,-1.3639832
4996,-0.11245728,0.67398071,-1.1569214
4997,-0.28411865,0.89538574,-1.2704468
4998,-0.36376953,0.92819214,-1.2214661
4999,-0.26184082,0.94680786,-1.1677551
5000,-0.45654297,0.81390381,-1.0227966
5001,-0.56762695,0.85571289,-1.0139465
5002,-0.74859619,0.78948975,-0.73043823
5003,-0.72448731,1.0377502,-0.93505859
5004,-0.70251465,0.85998535,-0.90881348
5005,-0.67611694,1.0498047,-1.1193848
5006,-0.78262329,1.1384583,-0.91125488
5007,-0.80307007,1.2597656,-0.91033935
5008,-1.0221863,1.1975098,-0.87646484
5009,-0.97717285,1.171875,-0.80276489
5010,-0.99884033,1.2567139,-0.81237793
5011,-1.0472107,1.2452698,-0.73486328
5012,-1.1373901,1.3407898,-0.60821533
5013,-1.2338257,1.3002014,-0.63598633
5014,-1.2272644,1.1109924,-0.43518066
5015,-1.3038635,1.0595703,-0.36010742
5016,-1.2191772,0.69030762,-0.4776001
5017,-1.4442444,1.0215759,-0.29571533
5018,-1.4204407,0.93719482,-0.37841797
5019,-1.5518188,1.2008667,-0.29937744
5020,-1.5208435,1.0739136,-0.047454834
5021,-1.668396,1.186676,-0.088653564
5022,-1.7134094,2.2648621,-0.2507019
5023,-1.6694641,1.3265991,-0.016326904
5024,-1.6285706,1.2358093,-0.17211914
5025,-1.7585754,1.3183594,-0.083007813
5026,-1.6879272,1.1775208,0.023193359
5027,-1.9021606,1.0137939,0.097351074
5028,-1.7831421,1.0339355,0.066833496
5029,-1.8768311,1.1332703,0.075531006
5030,-1.8606567,1.1560059,0.092773438
5031,-2.0724487,0.96618652,0.24230957
5032,-1.99646,1.129303,0.23132324
5033,-2.0405579,0.68908691,0.48690796
5034,-2.0417786,0.99975586,0.41564941
5035,-2.0089722,1.0694885,0.48416138
5036,-2.0272827,1.1132813,0.58227539
5037,-2.0001221,1.1129761,0.57128906
5038,-1.9927979,0.6477356,0.58898926
5039,-2.0495605,0.74188232,0.8052063
5040,-2.1360779,1.0011291,0.77270508
5041,-2.1148682,0.5921936,0.89935303
5042,-2.0970154,0.71151733,0.91598511
5043,-2.006073,0.34317017,0.86029053
5044,-2.0729065,0.29830933,0.73059082
5045,-2.104187,0.13870239,1.000061
5046,-2.1540833,0.27709961,1.1676025
5047,-2.0762634,-0.13549805,1.2261963
5048,-2.1836853,-0.07598877,1.2245178
5049,-2.2631836,-0.46768189,1.0740662
5050,-2.1279907,-0.41061401,1.2184143
5051,-2.1487427,-0.43762207,1.2295532
5052,-2.1382141,-0.32562256,1.3789368
5053,-2.15271,-0.38604736,1.2872314
5054,-2.1582031,-0.2420044,1.4633179
5055,-2.1569824,-0.33203125,1.4167786
5056,-2.0974731,-0.59844971,1.4532471
5057,-2.0120239,-0.65841675,1.585083
5058,-2.0385742,-0.81756592,1.4404297
5059,-2.0030212,-1.0206604,1.6009521
5060,-2.0404053,-1.1242676,1.6918945
5061,-2.1598816,-1.2619019,1.7041016
5062,-1.995697,-1.0282898,1.6462708
5063,-2.0100403,-0.68527222,1.8000793
5064,-1.9801331,-0.97427368,1.7654419
5065,-1.9981384,-0.65216065,1.8344116
5066,-1.8437195,-1.2754822,1.706543
5067,-1.9900513,-1.0076904,1.8180847
5068,-1.8583679,-1.4260864,1.7260742
5069,-1.9740295,-0.72174072,1.8869019
5070,-1.8504334,-0.80215454,2.0986938
5071,-1.7111206,-1.1978149,1.9369507
5072,-1.7211914,-1.2277222,1.9398499
5073,-1.7651367,-1.388092,1.918335
5074,-1.73172,-1.3085938,2.0239258
5075,-1.7184448,-1.0882568,1.9198608
5076,-1.5782166,-0.9992981,1.9432068
5077,-1.4297485,-1.413269,1.973114
5078,-1.4898682,-1.1991882,1.9067383
5079,-1.3342285,-1.5213013,1.9519043
5080,-1.401062,-1.6473389,1.6644287
5081,-1.3464355,-2.2720337,1.9519043
5082,-1.3183594,-2.1162415,1.9923401
5083,-1.2167358,-2.13974,1.8232727
5084,-1.353302,-1.9868469,1.8840027
5085,-1.1578369,-2.2390747,1.8972778
5086,-1.1288452,-2.1705627,1.7547607
5087,-1.1094666,-2.2616577,1.7370605
5088,-1.0597229,-1.8005371,2.0370483
5089,-0.97442627,-1.8173218,2.0141602
5090,-0.884552,-1.8185425,2.0619202
5091,-0.80169678,-1.990509,1.8865967
5092,-0.71563721,-2.0889282,1.7396545
5093,-0.6477356,-1.9126892,1.869812
5094,-0.73257446,-2.0336914,1.8397522
5095,-0.63644409,-2.2155762,1.6601563
5096,-0.53222656,-2.1575928,1.8592834
5097,-0.50552368,-2.1644592,1.816864
5098,-0.49865723,-2.0257568,1.8765259
5099,-0.4069519,-2.1669006,1.7762756
5100,-0.38192749,-1.9561768,1.7024231
5101,-0.38238525,-2.2106934,1.7422485
5102,-0.33416748,-2.1621704,1.7332459
5103,-0.21667481,-2.2314453,1.6708374
5104,-0.11260986,-2.2683716,1.751709
5105,-0.051574707,-2.4613953,1.4666748
5106,-0.067138672,-2.2006226,1.5475464
5107,0.070648193,-2.2090149,1.5415955
5108,0.055541992,-2.1574402,1.5512085
5109,0.067596436,-2.1832275,1.4595032
5110,0.14434815,-2.2109985,1.3729858
5111,0.23498535,-2.2434998,1.2745666
5112,0.28167725,-2.4414063,1.2896729
5113,0.35690308,-2.5358582,1.3009644
5114,0.39871216,-2.406311,1.1941528
5115,0.41198731,-2.4057007,1.1520386
5116,0.49606323,-2.4215698,0.98937988
5117,0.53787231,-2.4357605,1.0270691
5118,0.60577393,-2.4507141,0.93444824
5119,0.76965332,-2.3753357,0.91613769
5120,0.75820923,-2.4284363,0.8517456
5121,0.69763184,-2.5735474,0.68511963
5122,0.86364746,-2.5706482,0.68176269
5123,0.88684082,-2.575531,0.65338135
5124,0.78842163,-2.2753906,0.52703857
5125,0.86975098,-2.2746277,0.57678223
5126,0.98144531,-2.2753906,0.52322388
5127,1.0118103,-2.217865,0.45516968
5128,0.9689331,-2.1429443,0.42312622
5129,1.0961914,-2.0318604,0.38421631
5130,1.1526489,-2.0774841,0.21087647
5131,1.1444092,-2.1577454,0.22613525
5132,1.2705994,-2.1290588,0.25772095
5133,1.3623047,-2.0985413,0.17837524
5134,1.3737488,-2.1707153,0.1940918
5135,1.2837219,-2.0741272,0.11276245
5136,1.3461304,-1.9371033,-0.054626465
5137,1.4151001,-1.9752502,-0.064544678
5138,1.3383484,-1.9268799,-0.15350342
5139,1.3050842,-1.9418335,-0.20874023
5140,1.4028931,-1.8687439,-0.20629883
5141,1.3694763,-1.8995666,-0.2482605
5142,1.2532043,-1.5890503,-0.27709961
5143,1.4065552,-1.7028809,-0.15090942
5144,1.373291,-1.6514587,-0.30517578
5145,1.3909912,-1.6790771,-0.34332275
5146,1.2109375,-1.8347168,-0.32836914
5147,1.3352966,-1.8989563,-0.57067871
5148,1.2979126,-1.6070557,-0.46463013
5149,1.2797546,-1.4691162,-0.80307007
5150,1.2898254,-1.4959717,-0.85189819
5151,1.2915039,-1.4399719,-0.91171265
5152,1.3301086,-1.7883301,-0.70678711
5153,1.2806702,-1.4215088,-0.88043213
5154,1.2356567,-1.2817383,-0.78460693
5155,1.1700439,-0.95886231,-0.95886231
5156,1.1547852,-1.0142517,-0.89248657
5157,1.2545776,-0.96908569,-0.98205566
5158,1.2527466,-1.124115,-1.0469055
5159,1.1875916,-1.0205078,-0.92498779
5160,1.2414551,-0.93383789,-1.1378479
5161,1.1286926,-0.93475342,-1.0366821
5162,1.2159729,-0.7736206,-1.2068176
5163,1.1135864,-0.72937012,-1.1929321
5164,1.2104797,-0.65032959,-1.0543823
5165,1.030426,-0.50872803,-1.4891052
5166,1.0800171,-0.45318603,-1.2306213
5167,0.97473144,-0.33569336,-0.98144531
5168,0.9866333,-0.40344238,-1.2229919
5169,0.95886231,-0.31677246,-1.2579346
5170,0.90652466,-0.3187561,-1.3406372
5171,0.89874268,-0.18692017,-1.3334656
5172,0.95596313,-0.090179443,-1.4224243
5173,0.96389771,-0.09185791,-1.3850403
5174,0.87524414,-0.034179688,-1.3937378
5175,0.76766968,-0.12176514,-1.4247131
5176,0.62408447,-0.15594482,-1.3635254
5177,0.76171875,-0.086364746,-1.5583801
5178,0.56274414,0.13137817,-1.6737366
5179,0.70144653,0.36010742,-1.4266968
5180,0.52459717,0.45669556,-1.4872742
5181,0.49545288,0.49865723,-1.4398193
5182,0.51971435,0.40420532,-1.3157654
5183,0.49316406,0.34881592,-1.3034058
5184,0.37780762,0.20584106,-1.5280151
5185,0.25436401,0.625,-1.5458679
5186,0.35980225,0.023956299,-1.3354492
5187,0.17044067,0.48370361,-1.2089539
5188,0.16616821,0.50582886,-1.5501404
5189,0.098571777,0.71807861,-1.4038086
5190,0.095977783,0.86608887,-1.3598633
5191,0.097808838,0.86074829,-1.2844849
5192,-0.21087647,0.7925415,-1.1608887
5193,-0.18615723,0.9286499,-1.2271118
5194,-0.40557861,0.82427978,-1.1108398
5195,-0.3024292,1.0359192,-1.2518311
5196,-0.29525757,1.0871887,-1.0835266
5197,-0.43609619,1.1331177,-1.313324
5198,-0.39978027,1.1940002,-1.254425
5199,-0.73822022,0.98709106,-1.0112
5200,-0.66925049,0.93032837,-1.0896301
5201,-0.65658569,1.1352539,-1.1427307
5202,-0.95413208,1.0687256,-0.93261719
5203,-0.79986572,1.2902832,-0.94192505
5204,-0.96481323,1.3117981,-0.84655762
5205,-0.90148926,1.2934875,-0.90484619
5206,-0.94543457,1.1206055,-0.85510254
5207,-0.88928223,1.2213135,-0.75790405
5208,-1.1550903,1.2431335,-0.80078125
5209,-1.3328552,1.0896301,-0.51254272
5210,-1.2258911,1.2223816,-0.66940308
5211,-1.2748718,1.2530518,-0.418396
5212,-1.3214111,1.530304,-0.58761597
5213,-1.363678,1.5927124,-0.63537598
5214,-1.4845276,1.3076782,-0.42526245
5215,-1.4328003,1.2625122,-0.42404175
5216,-1.4649963,1.3916016,-0.47683716
5217,-1.6381836,1.0101318,-0.23010254
5218,-1.5109253,0.80688477,-0.20965576
5219,-1.5617371,0.74539185,-0.37750244
5220,-1.690979,0.91918945,-0.2142334
5221,-1.6940308,1.1334229,-0.14099121
5222,-1.7407227,1.1779785,-0.22567749
5223,-1.660614,1.321106,0.069885254
5224,-1.7041016,1.2866211,-0.031738281
5225,-1.6941834,1.3372803,0.096282959
5226,-1.7730713,1.1297607,0.13900757
5227,-1.8713379,1.1882019,0.14053345
5228,-1.8400574,1.137085,0.2796936
5229,-1.9166565,1.013031,0.27755737
5230,-2.036438,1.2094116,0.38024902
5231,-2.0324707,0.91552734,0.2545166
5232,-2.184906,0.89126587,0.28930664
5233,-2.1086121,0.89416504,0.87280273
5234,-2.1853638,0.83129883,0.69320679
5235,-2.2055054,0.80551147,0.67352295
5236,-2.1388245,0.84274292,0.6149292
5237,-2.2268677,0.74905396,0.70205688
5238,-2.0689392,0.7270813,0.61828613
5239,-2.202301,0.69000244,0.9777832
5240,-2.1827698,0.69091797,0.96084595
5241,-2.2949219,0.77636719,1.0958862
5242,-2.2319031,0.6086731,1.23703
5243,-2.1977234,0.59814453,1.212616
5244,-2.1699524,0.60791016,1.1680603
5245,-2.171936,0.54855347,1.1457825
5246,-2.1362305,0.45593262,1.2194824
5247,-2.2044373,0.4548645,1.1109924
5248,-2.0878601,0.40130615,1.3082886
5249,-2.0077515,0.15762329,1.4381409
5250,-2.046814,0.024414063,1.5359497
5251,-2.0773315,0.13839722,1.3980103
5252,-2.1107483,-0.24749756,1.5744019
5253,-2.063446,0.18432617,1.479187
5254,-2.0150757,-0.42526245,1.4979553
5255,-2.1795654,0.15823364,1.5579224
5256,-2.0646667,-0.059661865,1.5687561
5257,-2.0840454,-0.13198853,1.7042541
5258,-2.0645142,-0.074920654,1.8588257
5259,-1.9088745,-0.36743164,1.9303894
5260,-1.9688416,-0.42205811,1.6139221
5261,-1.9766235,-0.22216797,1.7169189
5262,-2.0185852,-0.23590088,1.7446899
5263,-2.043457,-0.7119751,1.7835999
5264,-1.8736267,-0.75317383,1.6827393
5265,-1.8655396,-0.97946167,1.6299438
5266,-1.8771362,-0.94345093,1.7953491
5267,-1.8928528,-0.91140747,1.8838501
5268,-1.7462158,-1.1404419,1.9039917
5269,-1.6751099,-0.95916748,1.8170166
5270,-1.6862488,-1.1221313,1.8170166
5271,-1.6790771,-1.1680603,1.8266296
5272,-1.6792297,-1.2840271,2.1112061
5273,-1.6775513,-1.2916565,2.0698547
5274,-1.6459656,-1.4097595,2.0019531
5275,-1.3818359,-1.2246704,1.8328857
5276,-1.4306641,-1.1943054,1.8495178
5277,-1.4822388,-1.3658142,2.0962524
5278,-1.3247681,-1.3890076,1.9367981
5279,-1.4195251,-1.5283203,2.011261
5280,-1.3415527,-1.5036011,2.0948792
5281,-1.272583,-1.5434265,2.2346497
5282,-1.1564636,-1.9352722,1.8655396
5283,-1.5390015,-1.9102478,2.0001221
5284,-1.1669922,-1.8014526,2.0632935
5285,-1.0568237,-2.2392273,1.9046021
5286,-0.99075317,-1.8917847,2.0365906
5287,-1.0134888,-1.887207,2.033844
5288,-0.91094971,-1.7797852,2.0951843
5289,-0.78796387,-1.9039917,1.9212341
5290,-0.81756592,-1.8667603,1.9265747
5291,-0.65200806,-1.8774414,1.9483948
5292,-0.74111938,-2.0304871,2.0266724
5293,-0.64300537,-2.0588684,1.8728638
5294,-0.51940918,-2.059021,1.786499
5295,-0.42419434,-2.1456909,1.7848206
5296,-0.39016724,-2.288208,1.7202759
5297,-0.32836914,-2.3161316,1.7658997
5298,-0.37368774,-2.1861267,1.6333008
5299,-0.26779175,-2.2033691,1.7250061
5300,-0.13519287,-2.1633911,1.6532898
5301,-0.14648438,-2.2398376,1.7250061
5302,-0.097961426,-2.4398804,1.5986633
5303,-0.11535645,-2.4740601,1.7895508
5304,-0.069885254,-2.3219299,1.6212463
5305,-0.012664795,-2.4591064,1.5344238
5306,0.087432861,-2.517395,1.519928
5307,0.086517334,-2.2422791,1.5211487
5308,0.22918701,-2.4012756,1.3085938
5309,0.31997681,-2.2764587,1.2136841
5310,0.22460938,-2.539978,1.1854553
5311,0.4196167,-2.3991394,1.0717773
5312,0.51177978,-2.4716187,1.0105896
5313,0.49255371,-2.4429321,1.0626221
5314,0.51757813,-2.4273682,0.96282959
5315,0.64498901,-2.4363708,0.88226318
5316,0.72555542,-2.4465942,0.86761475
5317,0.72570801,-2.5335693,0.89416504
5318,0.60943603,-2.5837708,0.77926636
5319,0.67276001,-2.4356079,0.78781128
5320,0.90240478,-2.4452209,0.69366455
5321,0.73181152,-2.2340393,0.77392578
5322,0.8354187,-2.3416138,0.625
5323,0.89233398,-2.2271729,0.57052612
5324,0.75988769,-2.1340942,0.40298462
5325,0.97000122,-2.2119141,0.37994385
5326,0.85083008,-2.202301,0.30776978
5327,0.88729858,-2.2183228,0.3163147
5328,0.99487305,-2.1380615,0.29067993
5329,1.0317993,-2.0729065,0.41259766
5330,0.97167969,-2.0597839,0.30593872
5331,1.013031,-2.0582581,0.20370483
5332,1.0749817,-2.0068359,0.18798828
5333,0.82336426,-2.0732117,-0.000915527
5334,1.1734009,-2.0123291,-0.12664795
5335,1.2023926,-2.0378113,-0.17837524
5336,1.0519409,-2.0478821,-0.095214844
5337,1.1560059,-2.0259094,-0.31478882
5338,1.2872314,-1.9294739,-0.31341553
5339,1.2918091,-2.0121765,-0.27267456
5340,1.3256836,-1.7892456,-0.21011353
5341,1.2155151,-1.7645264,-0.15609741
5342,1.0791016,-1.6163635,-0.23651123
5343,1.2841797,-1.6062927,-0.43365478
5344,1.2185669,-1.594696,-0.49713135
5345,1.2965393,-1.5087891,-0.62850952
5346,1.1419678,-1.4794922,-0.61889648
5347,1.3072205,-1.542511,-0.54412842
5348,1.3600159,-1.2060547,-0.67764282
5349,1.1380005,-0.9147644,-0.75378418
5350,1.0977173,-1.177063,-0.75271606
5351,1.1184692,-1.1346436,-0.95581055
5352,1.0687256,-1.075592,-0.79681397
5353,1.0522461,-0.28640747,-0.8821106
5354,1.1720276,-0.85784912,-0.84960938
5355,1.2716675,-0.88302612,-0.94345093
5356,1.0906982,-0.6703186,-0.95855713
5357,1.1164856,-0.7258606,-1.0313416
5358,1.1102295,-0.68725586,-0.98953247
5359,1.0902405,-0.76629639,-1.060791
5360,1.0664368,-0.64865112,-1.0455322
5361,1.0255432,-0.75149536,-1.1547852
5362,1.0522461,-0.59677124,-1.0334778
5363,0.95932007,-0.59875488,-1.0942078
5364,0.84594727,-0.50201416,-1.1997986
5365,0.86105347,-0.27816772,-1.0974121
5366,0.79544067,-0.32302856,-1.2371826
5367,0.93673706,-0.17669678,-1.2756348
5368,0.80291748,-0.21453857,-1.2254334
5369,0.80444336,-0.23529053,-1.3407898
5370,0.85342407,-0.19592285,-1.3775635
5371,0.806427,-0.34591675,-1.6159058
5372,0.75912476,-0.17593384,-1.5008545
5373,0.71472168,0.22888184,-1.4231873
5374,0.60775757,0.14770508,-1.2481689
5375,0.5406189,0.19546509,-1.4082336
5376,0.43151856,0.1902771,-1.4160156
5377,0.36575317,0.35186768,-1.343689
5378,0.40878296,0.35705566,-1.4762878
5379,0.24505615,0.62484741,-1.5449524
5380,0.2961731,0.18218994,-1.4425659
5381,0.21347046,0.66162109,-1.4447021
5382,0.081787109,0.58227539,-1.2686157
5383,0.079803467,0.50048828,-1.4471436
5384,0.048217773,0.73013306,-1.3537598
5385,0.086517334,0.82977295,-1.4639282
5386,-0.009155273,0.67123413,-1.3180542
5387,0.11749268,0.74768066,-1.3090515
5388,-0.012817383,0.52154541,-1.4732361
5389,-0.26794434,0.78277588,-1.3226318
5390,-0.28717041,1.0076904,-1.2078857
5391,-0.24017334,0.85296631,-1.1775208
5392,-0.48187256,0.79101563,-1.2939453
5393,-0.29693603,0.92773438,-1.1532593
5394,-0.44143677,1.2484741,-1.0900879
5395,-0.50460815,1.1070251,-1.1361694
5396,-0.53115845,1.2094116,-0.90103149
5397,-0.57891846,1.3279724,-0.90057373
5398,-0.58151245,1.2168884,-0.98022461
5399,-0.82199097,0.93795776,-1.0765076
5400,-0.94818115,1.0848999,-1.1047363
5401,-0.75042725,1.2605286,-0.88043213
5402,-0.85388184,1.1399841,-0.81329346
5403,-0.93841553,1.2716675,-0.81787109
5404,-0.91659546,0.96908569,-0.94970703
5405,-0.99502563,1.2841797,-0.98648071
5406,-0.96054077,1.3832092,-0.83831787
5407,-1.1502075,1.2249756,-0.87875366
5408,-1.0971069,1.1022949,-0.64239502
5409,-1.1210632,1.0317993,-0.46966553
5410,-1.3653564,1.2347412,-0.72021484
5411,-1.3230896,1.264801,-0.43884277
5412,-1.456604,1.1845398,-0.21896362
5413,-1.3009644,0.93322754,-0.21102905
5414,-1.6413879,1.2776184,-0.27954102
5415,-1.4230347,1.3056946,-0.34606934
5416,-1.6954041,1.4077759,-0.15899658
5417,-1.7495728,1.2051392,-0.27938843
5418,-1.7669678,1.3804626,-0.097503662
5419,-1.7558289,2.1075439,-0.054168701
5420,-1.7449951,1.2164307,0.032806396
5421,-1.8327332,1.1749268,0.12542725
5422,-1.7494202,1.2147522,0.1133728
5423,-1.8232727,1.3224792,0.17059326
5424,-1.6983032,1.2168884,0.17715454
5425,-1.7918396,1.1520386,0.16723633
5426,-1.9306946,1.0641479,0.31494141
5427,-1.9161987,1.0498047,0.38299561
5428,-1.8972778,1.1001587,0.36880493
5429,-1.9046021,1.1531067,0.41900635
5430,-1.9589233,1.0665894,0.34866333
5431,-1.8960571,1.0876465,0.60974121
5432,-2.0417786,1.0206604,0.5418396
5433,-1.9543457,1.0005188,0.59310913
5434,-1.9425964,0.89920044,0.69122315
5435,-2.038269,0.88531494,0.76812744
5436,-2.1087646,0.73654175,0.69229126
5437,-2.0397949,0.75637817,0.68389893
5438,-2.098999,0.76660156,0.68832397
5439,-2.0043945,0.7699585,0.75820923
5440,-2.0689392,0.61660767,0.90103149
5441,-2.1859741,0.70510864,0.98495483
5442,-2.1226501,0.50430298,0.95367432
5443,-2.228241,0.50094604,1.2113953
5444,-2.1907043,0.48416138,1.1486816
5445,-2.1250916,0.40359497,1.2882996
5446,-2.2457886,0.43533325,1.1566162
5447,-2.0614624,0.20751953,1.1764526
5448,-2.131958,0.069732666,1.4498901
5449,-2.150116,0.067749023,1.4277649
5450,-2.1191406,-0.19012451,1.2979126
5451,-1.9918823,-0.28320313,1.4228821
5452,-2.1130371,-0.22964478,1.5101624
5453,-2.0974731,-0.3112793,1.5461731
5454,-1.9837952,-0.25939941,1.4529419
5455,-2.1655273,-0.033569336,1.6505432
5456,-2.0806885,-0.01953125,1.7829895
5457,-2.0387268,-0.38238525,1.7677307
5458,-1.9560242,-0.44128418,1.7205811
5459,-1.8424988,-0.48568726,1.7884827
5460,-1.8251038,-0.47515869,1.7097473
5461,-2.026825,-0.56350708,1.7086792
5462,-1.8966675,-0.73654175,1.8470764
5463,-1.8135071,-0.66604614,1.7243958
5464,-1.8530273,-0.71044922,1.8397522
5465,-1.9340515,-0.81558228,1.8669128
5466,-1.8107605,-0.78414917,1.8572998
5467,-1.6413879,-0.75302124,1.726532
5468,-1.7695618,-0.86395264,1.880188
5469,-1.4825439,-0.86837769,1.9342041
5470,-1.5464783,-1.0827637,1.8704224
5471,-1.6040039,-1.3468933,1.852417
5472,-1.5388489,-1.0505676,2.010498
5473,-1.5600586,-1.3320923,1.9596863
5474,-1.4880371,-1.0124207,1.900177
5475,-1.3858032,-1.5310669,1.8501282
5476,-1.3273621,-1.585083,2.0324707
5477,-1.1820984,-1.7016602,1.8563843
5478,-1.4627075,-1.6604614,2.0013428
5479,-1.3232422,-1.6241455,1.8922424
5480,-1.1505127,-1.5354919,1.8400574
5481,-1.2519836,-1.4819336,2.0333862
5482,-1.2890625,-1.7602539,1.9787598
5483,-1.1138916,-1.7909241,1.8106079
5484,-1.0693359,-2.0422363,1.8504334
5485,-0.92330933,-1.9396973,1.9711304
5486,-1.0394287,-1.9699097,2.114563
5487,-0.87692261,-1.8727112,1.8887329
5488,-0.87600708,-1.9081116,1.9059753
5489,-0.84945679,-1.8188477,1.7370605
5490,-0.70526123,-1.9961548,1.8513489
5491,-0.62728882,-1.917572,1.9606018
5492,-0.49835205,-2.0552063,1.8164063
5493,-0.48797607,-2.0303345,1.819458
5494,-0.47119141,-2.0765686,1.7744446
5495,-0.42694092,-2.0880127,1.6452026
5496,-0.38284302,-2.1809387,1.5609741
5497,-0.31265259,-2.0663452,1.7118835
5498,-0.16220093,-2.1012878,1.6419983
5499,-0.14709473,-2.0875549,1.4888
5500,-0.041351318,-2.1205139,1.5748596
5501,-0.068664551,-2.2059631,1.5795898
5502,0.009002686,-2.2660828,1.5748596
5503,0.014801025,-2.3907471,1.4974976
5504,0.13290405,-2.361145,1.4468384
5505,0.10574341,-2.3724365,1.2969971
5506,0.14678955,-2.2091675,1.2712097
5507,0.13473511,-2.3048401,1.2121582
5508,0.13137817,-2.1458435,1.2696838
5509,0.17379761,-2.2940063,1.1962891
5510,0.29647827,-2.076416,1.0951233
5511,0.35827637,-2.2695923,1.1485291
5512,0.38787842,-2.341156,1.1656189
5513,0.43029785,-2.300415,1.1508179
5514,0.4385376,-2.3240662,1.0638428
5515,0.56396484,-2.2924805,0.88989258
5516,0.69595337,-2.2599792,0.85754394
5517,0.6867981,-2.1890259,0.7901001
5518,0.65155029,-2.1624756,0.78369141
5519,0.69213867,-2.22229,0.70388794
5520,0.70510864,-2.1931458,0.71685791
5521,0.71975708,-2.1902466,0.68237305
5522,0.82092285,-2.2096252,0.51345825
5523,0.86212158,-2.0845032,0.45501709
5524,1.1083984,-2.0872498,0.41473389
5525,0.99060059,-2.1795654,0.40771484
5526,0.96832275,-2.2383118,0.26184082
5527,0.97290039,-2.1902466,0.13565063
5528,1.1056519,-2.0788574,0.16952515
5529,1.0949707,-1.9177246,0.18936157
5530,1.0745239,-1.9300842,0.14724731
5531,1.085968,-1.9937134,-0.031890869
5532,0.90667725,-1.9015503,0.012664795
5533,1.0580444,-2.0755005,0.14160156
5534,1.1273193,-1.8315125,0.092163086
5535,1.1135864,-1.6413879,-0.05645752
5536,0.95840454,-1.8605041,-0.075836182
5537,1.1557007,-1.7190552,-0.11459351
5538,1.1283875,-1.6461182,-0.24658203
5539,1.1491394,-1.5571594,-0.18997192
5540,1.1495972,-1.5835571,-0.35675049
5541,1.3363647,-1.5945435,-0.40130615
5542,1.1494446,-1.5907288,-0.4486084
5543,1.0644531,-1.3829041,-0.56976318
5544,1.1764526,-1.4671326,-0.50857544
5545,1.1216736,-1.3491821,-0.52047729
5546,1.1421204,-1.5640259,-0.62896728
5547,1.2103271,-1.312561,-0.72036743
5548,1.1221313,-1.4511108,-0.86334228
5549,1.3208008,-1.4451599,-0.72677612
5550,1.1683655,-1.494751,-0.70556641
5551,1.096344,-0.84823608,-0.73074341
5552,1.0647583,-1.0470581,-1.0269165
5553,1.1660767,-1.1224365,-0.96450806
5554,1.1238098,-0.91064453,-1.0121155
5555,1.0435486,-0.84411621,-0.99121094
5556,1.0173035,-0.6628418,-1.0389709
5557,1.0305786,-0.57159424,-0.97885132
5558,1.0978699,-0.57846069,-1.1373901
5559,0.95565796,-0.50598144,-0.96481323
5560,1.0806274,-0.41534424,-1.0910034
5561,0.93276978,-0.35705566,-1.0969543
5562,0.82839966,-0.49835205,-1.45401
5563,0.97213745,-0.31417847,-1.0810852
5564,0.92254639,-0.24032593,-1.1764526
5565,0.80749512,-0.28289795,-1.1369324
5566,0.79437256,-0.22796631,-1.1778259
5567,0.75912476,-0.16174316,-1.3320923
5568,0.8303833,-0.16769409,-1.2768555
5569,0.62789917,-0.13092041,-1.3401794
5570,-0.058746338,-0.53512573,-1.4028931
5571,0.2973938,-0.27954102,-1.4482117
5572,0.28198242,-0.20935059,-1.5818787
5573,0.39047241,0.17807007,-1.6400146
5574,0.26260376,0.14694214,-1.1917114
5575,0.3755188,0.22354126,-1.3589478
5576,0.24581909,0.41534424,-1.177063
5577,0.25314331,0.53268433,-1.1013794
5578,0.34088135,0.33386231,-1.089325
5579,0.25482178,0.34606934,-1.2870789
5580,0.31417847,0.37948608,-1.2548828
5581,0.16845703,0.57052612,-1.2695313
5582,-0.026245117,0.51330566,-1.2434387
5583,0.19042969,0.46188355,-1.1434937
5584,0.059661865,0.68756103,-1.2162781
5585,0.007324219,0.83694458,-1.1579895
5586,-0.071411133,0.84762573,-1.0136414
5587,-0.13244629,0.93719482,-1.0623169
5588,-0.42282105,0.82824707,-1.0612488
5589,-0.33721924,0.76980591,-1.0658264
5590,-0.66482544,0.84228516,-1.0241699
5591,-0.45181274,0.87799072,-1.0629272
5592,-0.22247315,0.95550537,-1.1477661
5593,-0.38391113,1.0394287,-0.99090576
5594,-0.67214966,0.87524414,-0.92208862
5595,-0.84274292,1.2446594,-1.0185242
5596,-0.59844971,1.1068726,-0.96542358
5597,-0.68756103,1.1587524,-1.0183716
5598,-0.68588257,1.0365295,-0.79986572
5599,-0.86502075,1.0801697,-0.84457397
5600,-0.85830688,1.078949,-0.91598511
5601,-0.87097168,1.1514282,-0.86380005
5602,-0.87600708,1.1940002,-0.79681397
5603,-0.93994141,1.0882568,-0.66894531
5604,-1.0319519,1.1711121,-0.60333252
5605,-1.0502625,1.1502075,-0.60455322
5606,-1.1126709,1.0169983,-0.48522949
5607,-1.1662292,1.0565186,-0.48797607
5608,-1.2312317,1.0229492,-0.39703369
5609,-1.2155151,1.0379028,-0.38742065
5610,-1.4205933,1.0417175,-0.36331177
5611,-1.3638306,0.95779419,-0.46554565
5612,-1.2059021,0.85571289,-0.3666687
5613,-1.4257813,0.98098755,-0.082550049
5614,-1.2626648,1.1334229,-0.259552
5615,-1.5422058,1.0987854,-0.28182983
5616,-1.5116882,0.82672119,-0.012207031
5617,-1.6604614,1.3444519,0.083770752
5618,-1.6152954,1.1196899,0.004425049
5619,-1.7170715,1.1708069,0.088500977
5620,-1.7762756,1.0041809,0.043945313
5621,-1.714325,1.0046387,0.098571777
5622,-1.7121887,1.0136414,0.27252197
5623,-1.8551636,0.91674805,0.28747559
5624,-1.8345642,1.0473633,0.21606445
5625,-1.7333984,1.0331726,0.37826538
5626,-1.9340515,1.1174011,0.54794312
5627,-1.9564819,0.9677124,0.53741455
5628,-2.0387268,0.73944092,0.36926269
5629,-1.9688416,0.91217041,0.57952881
5630,-1.9538879,0.9375,0.58151245
5631,-1.9966125,0.89553833,0.61035156
5632,-1.9869995,0.87036133,0.60852051
5633,-1.9955444,0.82046509,0.63751221
5634,-1.9578552,0.74432373,0.57739258
5635,-1.9563293,0.65155029,0.60623169
5636,-1.9540405,0.58319092,0.63400269
5637,-1.988678,0.55892944,0.75973511
5638,-1.9883728,0.51879883,0.91339111
5639,-2.0092773,0.49667358,1.1990356
5640,-1.8495178,0.44189453,1.1331177
5641,-1.917572,0.33462524,1.0443115
5642,-2.0446777,0.24749756,1.0279846
5643,-1.9656372,0.24475098,1.1653137
5644,-1.9833374,-0.016021729,1.1306763
5645,-1.9573975,-0.034179688,1.1993408
5646,-2.0797729,0.051269531,1.3275146
5647,-2.0474243,-0.057678223,1.1978149
5648,-1.9250488,-0.09185791,1.1138916
5649,-2.1038818,-0.1083374,1.4361572
5650,-1.9277954,-0.13320923,1.3891602
5651,-1.9770813,-0.24078369,1.4724731
5652,-1.8530273,-0.37139893,1.3168335
5653,-1.9767761,-0.29602051,1.5608215
5654,-1.787262,-0.40222168,1.3919067
5655,-1.7819214,-0.54779053,1.4924622
5656,-1.9654846,-0.43457031,1.5637207
5657,-1.8475342,-0.63781738,1.5853882
5658,-1.6056824,-0.5557251,1.6114807
5659,-1.7871094,-0.71334839,1.6108704
5660,-1.751709,-0.73577881,1.5380859
5661,-1.6387939,-0.64270019,1.7379761
5662,-1.7454529,-0.86929321,1.8681335
5663,-1.7863464,-0.83145142,1.8263245
5664,-1.6227722,-0.96237183,1.5888977
5665,-1.5753174,-0.93505859,1.7074585
5666,-1.4476013,-0.86471558,1.6864014
5667,-1.5704346,-0.98739624,1.6679382
5668,-1.4520264,-1.0066223,1.7922974
5669,-1.4750671,-1.1103821,1.6149902
5670,-1.4274597,-1.1660767,1.8103027
5671,-1.3043213,-1.267395,1.7939758
5672,-1.4916992,-1.4784241,1.7321777
5673,-1.2469482,-1.4627075,1.8222046
5674,-1.1808777,-1.5228271,1.7771912
5675,-1.2986755,-1.6404724,1.7156982
5676,-1.1236572,-1.6725159,1.8510437
5677,-1.0179138,-1.7248535,1.7958069
5678,-0.94497681,-1.7358398,1.8405151
5679,-1.0122681,-1.4065552,1.6873169
5680,-0.61767578,-1.5678406,1.7457581
5681,-0.91781616,-1.6505432,1.8215942
5682,-0.86883545,-1.6575623,1.6517639
5683,-0.70556641,-1.8330383,1.6352844
5684,-0.75439453,-1.7608643,1.6473389
5685,-0.6880188,-1.7324829,1.6966248
5686,-0.77728272,-1.9223022,1.8725586
5687,-0.56137085,-1.9821167,1.4736938
5688,-0.55755615,-1.9616699,1.5881348
5689,-0.45623779,-1.9239807,1.6152954
5690,-0.38238525,-1.9255066,1.4949036
5691,-0.32653809,-1.8624878,1.4387512
5692,-0.23895264,-1.9572449,1.399231
5693,-0.35461426,-2.0391846,1.4816284
5694,-0.3251648,-2.06604,1.3293457
5695,-0.25009155,-2.1560669,1.3731384
5696,-0.15090942,-2.1661377,1.4576721
5697,-0.1045227,-2.1006775,1.4570618
5698,-0.001983643,-2.118988,1.4810181
5699,-0.01159668,-2.0924377,1.381073
5700,0.01159668,-2.1337891,1.2945557
5701,0.051422119,-2.0980835,1.1973572
5702,0.11459351,-2.1507263,1.1917114
5703,0.24978638,-2.1728516,1.0853577
5704,0.31585693,-2.2143555,0.9967041
5705,0.33172607,-2.2315979,0.98587036
5706,0.4888916,-2.1478271,0.89370728
5707,0.34317017,-2.0698547,0.91949463
5708,0.4006958,-2.1575928,0.77713013
5709,0.52886963,-2.1086121,0.81787109
5710,0.52520752,-2.0561218,0.63415527
5711,0.57403565,-2.1127319,0.62194824
5712,0.61828613,-2.0651245,0.58654785
5713,0.73364258,-2.0956421,0.599823
5714,0.57174683,-2.0690918,0.652771
5715,0.65856934,-2.0950317,0.54794312
5716,0.87463379,-2.0491028,0.39733887
5717,0.73196411,-1.9393921,0.37200928
5718,0.83496094,-1.9570923,0.30502319
5719,0.92926025,-2.0611572,0.25741577
5720,1.0264587,-2.0689392,0.17059326
5721,0.96374512,-2.1141052,0.24383545
5722,0.81802368,-1.9566345,0.29022217
5723,0.98327637,-1.8476868,0.068054199
5724,0.90209961,-1.8193054,0.18722534
5725,0.96298218,-1.8685913,0.33782959
5726,1.0359192,-1.837616,0.023956299
5727,0.99685669,-1.7997742,0.091247559
5728,0.97595215,-1.7504883,0.053863525
5729,1.12854,-1.8000793,0.037536621
5730,0.99014282,-1.6676331,-0.050354004
5731,1.1323547,-1.7100525,-0.051727295
5732,1.118927,-1.7036438,-0.15075684
5733,1.0681152,-1.811676,-0.18203735
5734,0.9147644,-1.6891479,-0.10223389
5735,1.1032104,-1.5699768,-0.26306152
5736,1.2420654,-1.6186523,-0.39291382
5737,1.073761,-1.5249634,-0.45898438
5738,1.1053467,-1.3284302,-0.44296265
5739,1.031189,-1.3461304,-0.44219971
5740,1.1286926,-1.3597107,-0.5456543
5741,1.0897827,-1.3963318,-0.55648804
5742,1.0736084,-1.2515259,-0.54748535
5743,1.1433411,-1.1595154,-0.79895019
5744,1.0548401,-1.1491394,-0.87036133
5745,0.87600708,-1.0786438,-0.68939209
5746,0.98724365,-1.0517883,-0.71380615
5747,0.94421387,-0.88562012,-0.7585144
5748,0.93276978,-0.89294434,-0.91033935
5749,0.97183228,-0.83328247,-0.88653565
5750,0.98907471,-0.79849243,-0.90286255
5751,0.94573975,-0.79620361,-0.95275879
5752,1.0357666,-0.76934815,-0.92758179
5753,0.96206665,-0.73364258,-0.91018677
5754,0.99685669,-0.57754517,-0.86120606
5755,0.87341309,-0.52978516,-0.91430664
5756,0.9854126,-0.35430908,-0.94726563
5757,0.75500488,-0.40679932,-1.0203552
5758,0.7144165,-0.42068481,-1.022644
5759,0.73394775,-0.4296875,-1.050415
5760,0.65368652,-0.34591675,-1.1676025
5761,0.74127197,-0.15060425,-1.3156128
5762,0.73913574,-0.071105957,-1.2005615
5763,0.62988281,-0.14007568,-1.161499
5764,0.54321289,-0.070037842,-1.0560608
5765,-0.05859375,-0.45227051,-1.5280151
5766,0.17990112,-0.49606323,-1.3627625
5767,0.64056397,-0.09185791,-1.2858582
5768,0.70632935,0.046844482,-1.1941528
5769,0.37124634,0.15792847,-1.1331177
5770,0.31768799,0.25238037,-1.1557007
5771,0.31066894,0.32409668,-1.1132813
5772,0.19958496,0.38925171,-1.1141968
5773,0.26123047,0.50247192,-1.2258911
5774,0.05645752,0.5355835,-1.2846375
5775,0.18737793,0.50704956,-1.0243225
5776,0.010681152,0.50460815,-1.0040283
5777,-0.064086914,0.5241394,-1.078186
5778,-0.10299683,0.54748535,-1.1408997
5779,-0.17547607,0.50201416,-1.1839294
5780,-0.089111328,0.56030273,-1.1062622
5781,-0.15609741,0.65948486,-1.1930847
5782,-0.10864258,0.78277588,-1.1326599
5783,-0.38986206,0.79040527,-1.1764526
5784,-0.43746948,0.8732605,-0.92071533
5785,-0.27816772,0.90682983,-0.98739624
5786,-0.64102173,0.96588135,-0.96374512
5787,-0.32241821,1.0324097,-0.93261719
5788,-0.62957764,1.1579895,-0.80368042
5789,-0.68023682,0.93719482,-0.81130981
5790,-0.72174072,1.1141968,-0.78125
5791,-0.82092285,0.95962524,-0.59631348
5792,-0.81192017,1.0719299,-0.48324585
5793,-0.84838867,1.1515808,-0.81115723
5794,-0.91522217,1.0522461,-0.72448731
5795,-0.86929321,1.0771179,-0.756073
5796,-0.9815979,1.1547852,-0.65795898
5797,-0.9992981,1.0308838,-0.69503784
5798,-1.1273193,1.0494995,-0.55053711
5799,-1.1534119,0.98480225,-0.53817749
5800,-1.2101746,1.0980225,-0.54122925
5801,-1.2606812,1.1453247,-0.45135498
5802,-1.3005066,1.2782288,-0.50354004
5803,-1.3737488,1.0473633,-0.41793823
5804,-1.4041138,1.0733032,-0.29632568
5805,-1.4103699,1.0977173,-0.26657105
5806,-1.4935303,1.0105896,-0.14724731
5807,-1.4135742,0.80413818,-0.41488647
5808,-1.5942383,1.0092163,-0.19210815
5809,-1.5515137,1.0235596,-0.054473877
5810,-1.5353394,1.0266113,0.081787109
5811,-1.567688,0.90988159,0.030975342
5812,-1.4982605,1.0006714,0.14694214
5813,-1.5411377,1.005249,0.2079773
5814,-1.6307068,1.0235596,0.24581909
5815,-1.6438293,0.70587158,0.2482605
5816,-1.618042,1.9648743,0.32180786
5817,-1.7507935,0.8114624,0.43457031
5818,-1.7021179,0.75271606,0.2722168
5819,-1.6825867,0.87646484,0.31494141
5820,-1.6830444,0.93017578,0.41885376
5821,-1.6899109,0.92041016,0.48858643
5822,-1.8618774,0.7975769,0.43792725
5823,-1.8841553,0.81665039,0.65567017
5824,-1.9158936,0.67581177,0.77880859
5825,-1.9519043,0.77331543,0.88348389
5826,-2.0075989,0.67947388,0.57769775
5827,-1.9395447,0.60516357,0.68115234
5828,-1.9619751,0.48645019,0.94909668
5829,-1.9293213,0.57235718,0.79345703
5830,-1.8908691,0.51147461,0.86395264
5831,-1.9160461,0.5065918,0.79421997
5832,-2.0240784,0.54718018,0.90896606
5833,-1.907959,0.39474487,0.85693359
5834,-1.9332886,0.37811279,0.96221924
5835,-2.0263672,0.21484375,1.2510681
5836,-2.0480347,0.14389038,1.1361694
5837,-2.0649719,0.21911621,1.0919189
5838,-2.0457458,0.12329102,1.2020874
5839,-2.0153809,0.17349243,1.0910034
5840,-2.0085144,0.033111572,1.3044739
5841,-2.1110535,0.052490234,1.3713074
5842,-2.0266724,-0.17349243,1.2475586
5843,-1.9750977,-0.21438599,1.2289429
5844,-1.9970703,-0.29479981,1.2493896
5845,-2.0094299,-0.33020019,1.2637329
5846,-2.0007324,-0.18188477,1.4151001
5847,-1.9612122,-0.21560669,1.5089416
5848,-2.0097351,-0.44647217,1.4941406
5849,-1.9273376,-0.48202515,1.590271
5850,-1.9012451,-0.51513672,1.5762329
5851,-1.8714905,-0.55252075,1.4138794
5852,-1.9000244,-0.57922363,1.4561462
5853,-1.7712402,-0.66345215,1.5562439
5854,-1.6859436,-0.78323364,1.4971924
5855,-1.7079163,-1.1065674,1.678772
5856,-1.8409729,-0.86914063,1.6891479
5857,-1.6639709,-0.74523926,1.7895508
5858,-1.7102051,-1.0891724,1.6593933
5859,-1.5216064,-1.1694336,1.8353271
5860,-1.6520691,-1.257782,1.9416809
5861,-1.5789795,-1.3285828,1.7285156
5862,-1.3909912,-1.2405396,1.9091797
5863,-1.4335632,-1.1553955,1.8148804
5864,-1.5565491,-1.3522339,1.9494629
5865,-1.3993835,-1.3578796,1.703949
5866,-1.4196777,-1.3221741,1.7391968
5867,-1.121521,-1.375885,1.8096924
5868,-1.2071228,-1.2812805,1.9255066
5869,-1.2411499,-1.3597107,1.8659973
5870,-1.2608337,-1.5492249,1.7599487
5871,-1.287384,-1.7314148,1.8981934
5872,-1.0241699,-1.6107178,1.8847656
5873,-1.0205078,-1.839447,1.9184875
5874,-1.0403442,-1.6992188,1.8762207
5875,-0.97381592,-1.6438293,1.9979858
5876,-0.79162598,-1.6242981,1.8995666
5877,-0.77636719,-1.784668,1.829834
5878,-0.74707031,-1.7814636,1.7195129
5879,-0.80566406,-1.8605041,1.857605
5880,-0.68283081,-1.8992615,1.895752
5881,-0.61798096,-2.0748901,1.7596436
5882,-0.51727295,-2.0629883,1.6950989
5883,-0.40298462,-1.940918,1.6737366
5884,-0.43441772,-1.8922424,1.5936279
5885,-0.33660889,-2.0353699,1.4813232
5886,-0.2420044,-2.064209,1.5325928
5887,-0.20492554,-2.0724487,1.6725159
5888,-0.15228272,-2.1948242,1.4448547
5889,-0.16418457,-2.0730591,1.5203857
5890,-0.15380859,-2.0640564,1.3859558
5891,-0.026855469,-2.1855164,1.5144348
5892,-0.003814697,-2.0742798,1.4137268
5893,0.067138672,-2.1966553,1.26297
5894,0.097503662,-2.2312927,1.3517761
5895,0.20095825,-2.2817993,1.2564087
5896,0.11535645,-2.3240662,1.2007141
5897,0.26046753,-2.2232056,1.1755371
5898,0.390625,-2.1434021,1.1183166
5899,0.41946411,-2.1278381,1.0231018
5900,0.39672852,-2.1463013,1.0223389
5901,0.36758423,-2.1728516,1.015625
5902,0.41213989,-2.328949,0.93811035
5903,0.43731689,-2.2894287,0.88623047
5904,0.47195435,-2.2341919,0.94070435
5905,0.58166504,-2.2593689,0.83694458
5906,0.57037353,-2.2868347,0.96954346
5907,0.6628418,-2.3791504,0.68969727
5908,0.71228027,-2.2097778,0.74020386
5909,0.61569214,-2.199707,0.69351196
5910,0.74951172,-2.1659851,0.49362183
5911,0.75988769,-2.0936584,0.62927246
5912,0.77560425,-1.9906616,0.55953979
5913,0.83770752,-2.1647644,0.39245606
5914,0.70556641,-2.1789551,0.45135498
5915,0.91934204,-2.1638489,0.24871826
5916,0.94360352,-1.9926453,0.27587891
5917,0.96130371,-1.8899536,0.22216797
5918,0.82702637,-2.0172119,0.24780273
5919,1.008606,-1.9836426,0.40527344
5920,1.1907959,-2.0124817,0.15136719
5921,1.1366272,-1.836853,0.017089844
5922,1.0995483,-1.8803406,-0.078125
5923,1.1027527,-1.8005371,-0.17150879
5924,1.0343933,-1.8208313,-0.11901856
5925,1.036377,-1.6998291,-0.29815674
5926,1.1689758,-1.6300964,-0.30914307
5927,1.2194824,-1.6619873,-0.24337769
5928,1.1151123,-1.6609192,-0.34851074
5929,1.2901306,-1.5756226,-0.16281128
5930,1.1206055,-1.4726257,-0.30517578
5931,1.2364197,-1.4883423,-0.35110474
5932,1.1132813,-1.3264465,-0.45883179
5933,1.2324524,-1.3693237,-0.54168701
5934,1.2736511,-1.5396118,-0.56091309
5935,1.1160278,-1.4245605,-0.54534912
5936,1.1940002,-1.3009644,-0.50613403
5937,1.1824036,-1.2042236,-0.53405762
5938,1.0726929,-1.1639404,-0.55175781
5939,1.0333252,-1.1735535,-0.81787109
5940,1.0470581,-0.96450806,-0.79956055
5941,1.0954285,-0.88592529,-0.77285767
5942,1.0571289,-0.94650269,-0.90927124
5943,0.88928223,-0.88348389,-0.96084595
5944,1.1225891,-0.82382202,-0.86227417
5945,1.1231995,-0.53863525,-0.96038818
5946,1.038208,-0.75408935,-1.0168457
5947,0.9916687,-0.61157227,-1.1326599
5948,1.007843,-0.16921997,-1.0675049
5949,0.87677002,-0.31585693,-1.0339355
5950,0.79849243,-0.40374756,-0.95336914
5951,0.82565308,-0.43121338,-1.1447144
5952,0.91796875,-0.3453064,-1.1746216
5953,0.88500977,-0.44021606,-1.2069702
5954,0.82855225,-0.16799927,-1.3705444
5955,0.89141846,-0.2053833,-1.1962891
5956,1.0325623,-0.096740723,-1.2591553
5957,0.94528198,0.13153076,-1.3334656
5958,0.61187744,-0.26275635,-1.3816834
5959,0.71502685,-0.29403686,-1.6275024
5960,0.4574585,-0.24185181,-1.2338257
5961,0.46325684,0.27069092,-1.4533997
5962,0.58349609,0.35736084,-1.2950134
5963,0.39672852,0.33813477,-1.1560059
5964,0.44921875,0.37033081,-1.2548828
5965,0.4598999,0.32989502,-1.2498474
5966,0.42541504,0.4095459,-1.2849426
5967,0.38192749,0.39138794,-1.4276123
5968,0.31677246,0.42892456,-1.2298584
5969,0.1739502,0.49575806,-1.3240051
5970,0.17333984,0.56762695,-1.2033081
5971,-0.014038086,0.64025879,-1.39328
5972,0.04699707,0.70739746,-1.4204407
5973,-0.055847168,0.9967041,-1.3760376
5974,-0.10040283,0.86257935,-1.2533569
5975,-0.037536621,0.89401245,-1.161499
5976,-0.15350342,0.86791992,-1.2782288
5977,-0.20080566,0.86303711,-1.0665894
5978,-0.206604,0.91583252,-1.2077332
5979,-0.20568848,0.92407227,-1.0675049
5980,-0.30303955,0.76171875,-1.1564636
5981,-0.1373291,0.80657959,-1.1181641
5982,-0.33935547,0.89019775,-1.0601807
5983,-0.41061401,1.0137939,-1.1445618
5984,-0.62103272,1.0888672,-1.2336731
5985,-0.72677612,1.2991333,-0.96405029
5986,-0.75790405,1.2234497,-1.0501099
5987,-0.85067749,1.1590576,-0.88195801
5988,-0.94009399,1.1029053,-0.84381103
5989,-0.94299316,1.1276245,-0.85662842
5990,-0.99365234,1.1549377,-0.86074829
5991,-1.0588074,1.1624146,-0.65765381
5992,-1.0443115,1.1750793,-0.75805664
5993,-1.1177063,1.1410522,-0.56106567
5994,-1.1865234,1.2107849,-0.45318603
5995,-1.2475586,1.2373352,-0.45974731
5996,-1.1486816,1.2139893,-0.45379639
5997,-1.1708069,1.1830139,-0.42236328
5998,-1.4079285,1.2882996,-0.62149048
5999,-1.5364075,1.1485291,-0.39993286
6000,-1.4729309,1.4208984,-0.30517578
6001,-1.5480041,1.1811829,-0.1953125
6002,-1.3679504,1.3085938,-0.31005859
6003,-1.6130066,1.3775635,-0.57723999
6004,-1.5768433,1.2287903,-0.19989014
6005,-1.5028381,1.2297058,-0.17288208
6006,-1.5890503,1.2167358,0.052642822
6007,-1.7526245,1.2117004,0.074462891
6008,-1.7268372,1.1346436,0.093383789
6009,-1.7623901,1.151886,0.04699707
6010,-1.7889404,1.1837769,0.27526856
6011,-1.7684937,1.1936951,0.15304565
6012,-1.8669128,1.0015869,0.27374268
6013,-1.8179321,0.9223938,0.1486206
6014,-1.9068909,0.92727661,0.25299072
6015,-1.8743896,1.0424805,0.3678894
6016,-1.884613,1.0591125,0.42663574
6017,-1.9543457,0.76202393,0.41412353
6018,-1.971283,0.90270996,0.53588867
6019,-1.995697,0.94680786,0.59112549
6020,-2.0457458,0.73730469,0.61050415
6021,-2.1258545,0.75683594,0.74569702
6022,-2.0774841,0.75805664,0.30975342
6023,-2.059021,0.70114136,0.96984863
6024,-1.987915,0.8190918,0.46386719
6025,-2.215271,0.71975708,0.63964844
6026,-2.1652222,0.67840576,0.93383789
6027,-2.1636963,0.6640625,0.74798584
6028,-2.0272827,0.56106567,0.91995239
6029,-2.1412659,0.49926758,0.77987671
6030,-2.1458435,0.44158936,0.9173584
6031,-2.1244812,0.51269531,1.113739
6032,-2.1250916,0.46875,1.3269043
6033,-2.1057129,0.41503906,1.3825989
6034,-2.1372986,0.20187378,1.2997437
6035,-2.1458435,-0.029296875,1.4230347
6036,-2.1298218,0.12023926,1.4878845
6037,-2.0735168,0.17822266,1.5333557
6038,-2.1409607,-0.064239502,1.4831543
6039,-2.0481873,0.1361084,1.5673828
6040,-2.1421814,-0.12863159,1.6122437
6041,-2.0137024,-0.32409668,1.6714478
6042,-1.9844055,-0.36682129,1.463623
6043,-2.1508789,-0.31845093,1.5943909
6044,-1.9297791,-0.39916992,1.6229248
6045,-2.1343994,-0.35232544,1.7202759
6046,-2.2286987,-0.46020508,1.7124939
6047,-2.3114014,-0.62072754,1.7123413
6048,-2.2639465,-0.60028076,1.839447
6049,-2.2781372,-0.73165894,1.569519
6050,-2.1278381,-0.49041748,1.6275024
6051,-2.3139954,-0.67977905,1.7919922
6052,-1.9818115,-0.77270508,1.8998718
6053,-2.3304749,-0.87722778,1.8676758
6054,-2.191925,-0.98510742,1.8798828
6055,-2.0614624,-1.0047913,1.9821167
6056,-1.9335938,-1.0084534,1.803894
6057,-2.0721436,-1.0127258,2.0504761
6058,-2.0446777,-1.131134,1.9287109
6059,-1.940918,-1.1315918,1.9863892
6060,-1.8589783,-1.1328125,1.5988159
6061,-1.6409302,-1.3792419,1.9042969
6062,-1.5914917,-1.8473816,1.7736816
6063,-1.602478,-1.5330505,1.8968201
6064,-1.4605713,-1.5304565,2.0254517
6065,-1.2591553,-1.6279602,2.2401428
6066,-1.146698,-1.5182495,1.9418335
6067,-1.1538696,-1.7460632,1.8687439
6068,-1.1689758,-1.7764282,1.7642212
6069,-1.1181641,-1.7137146,1.8423462
6070,-0.98480225,-1.6456604,1.9525146
6071,-0.92971802,-1.6149902,1.9772339
6072,-0.98999023,-1.8113709,1.8869019
6073,-0.87478638,-1.8243408,1.9952393
6074,-0.80566406,-1.9306946,1.9488525
6075,-0.75134277,-1.9328308,1.8710327
6076,-0.7345581,-1.9934082,1.7478943
6077,-0.68603516,-1.9622803,1.7453003
6078,-0.74768066,-2.0544434,1.8249512
6079,-0.69778442,-2.0602417,1.7669678
6080,-0.55328369,-2.1739197,1.6633606
6081,-0.53543091,-2.0367432,1.7407227
6082,-0.45928955,-2.1725464,1.6575623
6083,-0.4385376,-2.1949768,1.5591431
6084,-0.33920288,-2.1295166,1.6082764
6085,-0.34225464,-2.328186,1.6438293
6086,-0.2645874,-2.3347473,1.6505432
6087,-0.19470215,-2.3156738,1.618042
6088,-0.084838867,-2.3109436,1.449585
6089,0.01373291,-2.1740723,1.3920593
6090,0.055389404,-2.2236633,1.4813232
6091,0.071716309,-2.3199463,1.365509
6092,0.17318726,-2.3318481,1.5512085
6093,0.1071167,-2.3910522,1.2463379
6094,0.35354614,-2.4473572,1.3131714
6095,0.29800415,-2.310791,1.1404419
6096,0.23254395,-2.4638367,1.1924744
6097,0.44509888,-2.5015259,1.1279297
6098,0.59753418,-2.3176575,1.2283325
6099,0.58624268,-2.268219,1.0700989
6100,0.64804077,-2.2343445,1.0665894
6101,0.58837891,-2.0556641,0.96847534
6102,0.45166016,-2.2814941,0.83587647
6103,0.61691284,-2.3323059,0.73928833
6104,0.74661255,-2.2419739,0.74951172
6105,0.7434082,-2.0259094,0.6954956
6106,0.77560425,-2.1151733,0.6942749
6107,0.90438843,-2.0838928,0.62927246
6108,0.78140259,-2.1986389,0.44128418
6109,0.96969604,-2.3016357,0.50354004
6110,0.75393677,-2.1907043,0.4914856
6111,0.70922852,-2.1548462,0.55923462
6112,0.86456299,-2.1159363,0.390625
6113,1.0693359,-2.0794678,0.35202026
6114,1.0386658,-1.9602966,0.24719238
6115,0.96603394,-1.9552612,0.1008606
6116,1.1210632,-1.9085693,0.04196167
6117,0.96618652,-1.9102478,0.048370361
6118,1.1611938,-1.8763733,-0.02746582
6119,1.2335205,-1.7449951,-0.12451172
6120,1.2269592,-1.9033813,0.050811768
6121,0.96679688,-1.8640137,-0.012054443
6122,1.2164307,-1.8441772,-0.23162842
6123,1.1802673,-1.8904114,-0.20782471
6124,1.1885071,-1.870575,-0.29434204
6125,1.2559509,-1.6604614,-0.5267334
6126,1.1782837,-1.7578125,-0.39627075
6127,1.1116028,-1.6333008,-0.45455933
6128,1.1364746,-1.4544678,-0.49407959
6129,1.1920166,-1.5922546,-0.50323486
6130,1.1286926,-1.3273621,-0.55206299
6131,1.156311,-1.3082886,-0.44830322
6132,1.2620544,-1.1764526,-0.66818237
6133,1.2350464,-1.1315918,-0.70770264
6134,1.2216187,-1.2110901,-0.7019043
6135,1.0992432,-1.0882568,-0.73974609
6136,1.1257935,-1.0995483,-0.76675415
6137,1.1630249,-1.1651611,-0.64239502
6138,1.1424255,-1.0527039,-0.72250366
6139,1.0374451,-0.93658447,-1.0514832
6140,1.1251831,-0.83297729,-0.94329834
6141,0.99822998,-0.81222534,-0.89599609
6142,1.0688782,-0.85494995,-0.95733643
6143,0.98922729,-0.77789307,-1.0952759
6144,1.1077881,-0.65048218,-1.1473084
6145,1.1712646,-0.64666748,-1.1177063
6146,1.0440063,-0.49697876,-1.328125
6147,1.1448669,0.66421509,-1.262207
6148,1.0809326,-0.415802,-1.23703
6149,1.023407,-0.40740967,-1.3684082
6150,0.99121094,-0.38833618,-1.3505554
6151,0.99884033,-0.26184082,-1.3031006
6152,0.77606201,-0.17272949,-1.2872314
6153,0.79467773,-0.18203735,-1.3352966
6154,0.62805176,-0.029144287,-1.3476563
6155,0.74783325,0.015563965,-1.3957214
6156,0.28076172,-0.53009033,-1.4198303
6157,0.54199219,-0.33920288,-1.5734863
6158,0.68206787,-0.11413574,-1.6181946
6159,0.51132202,0.086517334,-1.3252258
6160,0.44219971,0.23620606,-1.3237
6161,0.38650513,0.2961731,-1.2812805
6162,0.49163818,0.41778564,-1.3047791
6163,0.234375,0.38269043,-1.239624
6164,0.19287109,0.34240723,-1.1602783
6165,0.32302856,0.39306641,-1.2911987
6166,0.14968872,0.43334961,-1.3092041
6167,0.28396606,0.56732178,-1.330719
6168,0.13671875,0.53359985,-1.3621521
6169,0.08605957,0.50308228,-1.2562561
6170,-0.13702393,0.65231323,-1.3096619
6171,-0.039825439,0.71929932,-1.2153625
6172,-0.18066406,0.73852539,-1.1820984
6173,-0.24887085,0.81115723,-1.2608337
6174,-0.30899048,1.0276794,-1.1856079
6175,-0.36209106,1.1201477,-1.1413574
6176,-0.39398193,1.1807251,-1.1308289
6177,-0.51010132,1.181488,-1.1376953
6178,-0.41931152,1.360321,-1.0621643
6179,-0.47134399,1.1598206,-1.027832
6180,-0.65704346,0.94024658,-0.99075317
6181,-0.58654785,1.0232544,-1.0531616
6182,-0.62454224,1.0798645,-0.95046997
6183,-0.75714111,1.2420654,-1.100769
6184,-0.67123413,1.1230469,-1.0502625
6185,-0.87142944,1.2387085,-0.88027954
6186,-0.8392334,1.3052368,-0.96710205
6187,-0.8505249,1.2661743,-0.96679688
6188,-0.89859009,1.2336731,-0.82733154
6189,-1.0543823,1.282196,-0.75164795
6190,-1.0647583,1.2744141,-0.86273193
6191,-1.1256409,1.2652588,-0.56915283
6192,-1.1161804,1.3136291,-0.50582886
6193,-1.1698914,1.2994385,-0.44677734
6194,-1.427002,1.257019,-0.39047241
6195,-1.3720703,1.0847473,-0.43167114
6196,-1.7854309,1.1019897,-0.21697998
6197,-1.5563965,1.2728882,-0.23635864
6198,-1.6157532,1.1959839,-0.29296875
6199,-1.6230774,1.2660217,-0.21575928
6200,-1.6796875,0.81497192,-0.41976929
6201,-1.5655518,1.0482788,-0.33538818
6202,-1.8121338,1.1157227,0.012817383
6203,-1.6600037,1.1650085,-0.040740967
6204,-1.7344666,1.068573,-0.029754639
6205,-1.9062805,1.1499023,0.022583008
6206,-1.7889404,1.1849976,0.13702393
6207,-1.9786072,1.315918,0.27786255
6208,-1.9868469,1.0264587,0.26885986
6209,-1.9619751,1.2988281,0.52886963
6210,-2.2062683,1.4149475,0.39245606
6211,-2.0014954,0.82092285,0.32653809
6212,-2.0411682,0.80810547,0.52001953
6213,-2.0426941,2.7497864,0.47821045
6214,-2.1607971,1.0406494,0.40924072
6215,-2.0774841,1.0717773,0.65139771
6216,-2.1786499,1.1126709,0.54016113
6217,-2.0111084,0.93826294,0.64575195
6218,-2.1363831,0.78796387,0.81573486
6219,-2.0346069,0.87554932,0.73425293
6220,-2.1366882,1.0134888,0.79589844
6221,-2.0732117,0.79742432,0.95504761
6222,-2.3141479,0.52688599,1.0688782
6223,-2.2106934,0.54641724,0.83969116
6224,-2.1699524,0.60882568,1.0690308
6225,-2.2148132,0.55755615,1.3014221
6226,-2.3155212,0.41381836,1.3052368
6227,-2.1908569,0.50292969,1.1712646
6228,-2.2521973,0.37307739,1.2028503
6229,-2.3789978,0.28091431,1.1106873
6230,-2.3303223,0.26138306,1.340332
6231,-2.4440002,-0.12512207,1.3031006
6232,-2.245636,0.16647339,1.3653564
6233,-2.2817993,0.12695313,1.4341736
6234,-2.3348999,0.016937256,1.4215088
6235,-2.3977661,-0.10559082,1.3742065
6236,-2.3431396,-0.074005127,1.5397644
6237,-2.2998047,-0.1248169,1.6081238
6238,-2.3458862,-0.26062012,1.5556335
6239,-2.088623,-0.20721435,1.5275574
6240,-1.9328308,-0.26367188,1.7269897
6241,-2.0965576,-0.15960693,1.4971924
6242,-1.9140625,-0.41473389,1.6888428
6243,-1.8930054,-0.51361084,1.6868591
6244,-1.8789673,-0.5557251,1.703949
6245,-1.8833923,-0.83312988,1.8757629
6246,-1.8507385,-0.71792603,1.8963623
6247,-1.9102478,-0.9034729,2.0046997
6248,-1.8257141,-0.8505249,1.90979
6249,-1.7773438,-0.87631226,1.9595337
6250,-1.5071106,-0.89996338,1.9952393
6251,-1.8153381,-0.97595215,2.0429993
6252,-1.5480041,-1.0806274,2.0423889
6253,-1.6468811,-1.1981201,1.9338989
6254,-1.4715576,-1.1958313,1.9793701
6255,-1.4810181,-1.3388062,1.8585205
6256,-1.9859314,-1.3809204,1.7567444
6257,-1.4067078,-1.2495422,2.024231
6258,-1.5139771,-1.3594055,1.9917297
6259,-1.9580078,-1.3694763,1.9181824
6260,-1.7514038,-1.7207336,2.0202637
6261,-2.1252441,-1.6436768,1.933136
6262,-1.594696,-1.6677856,2.0021057
6263,-1.5498352,-1.7192078,1.8818665
6264,-1.341095,-2.1482849,1.7610168
6265,-1.5144348,-2.0050049,1.7544556
6266,-1.2013245,-1.6067505,1.9927979
6267,-0.91094971,-1.8217468,2.0451355
6268,-0.8972168,-1.6090393,2.0767212
6269,-0.74707031,-1.791687,1.8850708
6270,-0.86959839,-1.8011475,1.9854736
6271,-0.78964233,-2.0437622,1.9970703
6272,-0.69366455,-2.0181274,1.9866943
6273,-0.62179565,-1.8225098,1.973877
6274,-0.66299438,-1.9342041,1.953125
6275,-0.60134888,-2.0443726,1.8997192
6276,-0.55770874,-2.1224976,1.9044495
6277,-0.51040649,-2.2589111,1.9070435
6278,-0.43457031,-2.1818542,1.7269897
6279,-0.45471191,-2.2509766,1.6459656
6280,-0.35949707,-2.15271,1.652832
6281,-0.28366089,-2.3020935,1.59729
6282,-0.1222229,-2.0635986,1.6641235
6283,-0.11230469,-2.4118042,1.6917419
6284,-0.029602051,-2.5617981,1.4994812
6285,0.017089844,-2.4246216,1.4186096
6286,0.12298584,-2.3847961,1.3822937
6287,0.14968872,-2.3596191,1.3796997
6288,0.20355225,-2.2373962,1.3461304
6289,0.23040772,-2.2753906,1.1959839
6290,0.25558472,-2.2937012,1.2086487
6291,0.29098511,-2.3429871,1.1354065
6292,0.3515625,-2.3490906,1.0923767
6293,0.39916992,-2.4064636,1.0681152
6294,0.33386231,-2.3080444,1.1694336
6295,0.5241394,-2.4078369,0.99685669
6296,0.62698364,-2.3590088,0.92666626
6297,0.44555664,-2.4279785,0.87936401
6298,0.50689697,-2.3361206,0.89263916
6299,0.51864624,-2.2650146,0.90209961
6300,0.64208984,-2.3930359,0.69076538
6301,0.53009033,-2.431488,0.80154419
6302,0.69488525,-2.4034119,0.68054199
6303,0.8102417,-2.3661804,0.66452026
6304,0.78735352,-2.3110962,0.51712036
6305,0.87600708,-2.3342896,0.48461914
6306,0.82717896,-2.1191406,0.27069092
6307,0.99777222,-2.1044922,0.4032898
6308,0.98968506,-2.224884,0.30380249
6309,1.0469055,-2.093811,0.19195557
6310,1.1216736,-2.0875549,0.15594482
6311,1.1763,-2.1426392,0.26550293
6312,1.1251831,-2.0245361,0.17044067
6313,1.1967468,-2.0597839,0.10116577
6314,1.1952209,-2.0170593,-0.064086914
6315,1.2013245,-1.9711304,-0.071105957
6316,1.3014221,-1.9346619,-0.2722168
6317,1.1898804,-1.9104004,-0.33966064
6318,1.3752747,-1.8218994,-0.21484375
6319,1.390686,-1.8493652,-0.33020019
6320,1.3241577,-1.6972351,-0.4019165
6321,1.3653564,-1.6275024,-0.20751953
6322,1.5058899,-1.9064331,-0.3678894
6323,1.3346863,-1.686554,-0.38604736
6324,1.3540649,-1.5977478,-0.26092529
6325,1.3684082,-1.4689636,-0.54779053
6326,1.3272095,-1.5216064,-0.60775757
6327,1.3378906,-1.3911438,-0.60974121
6328,1.2464905,-1.456604,-0.62561035
6329,1.2187195,-1.4306641,-0.6578064
6330,1.2391663,-1.2528992,-0.62850952
6331,1.1732483,-1.2757874,-0.72998047
6332,1.1688232,-1.0520935,-0.90332031
6333,1.3757324,-1.0180664,-0.90515137
6334,1.1036682,-1.0101318,-0.97747803
6335,1.190033,-1.0379028,-0.86425781
6336,1.1624146,-0.99517822,-0.92391968
6337,1.178894,-0.87554932,-1.0560608
6338,1.1482239,-0.76858521,-1.0855103
6339,1.1538696,-0.68481445,-1.0614014
6340,1.0021973,-0.81115723,-1.3041687
6341,1.060791,-0.76278687,-1.1018372
6342,1.0897827,-0.55511475,-1.0536194
6343,1.0131836,-0.61294556,-1.0670471
6344,1.1029053,-0.71792603,-1.0122681
6345,1.1329651,-0.055389404,-1.2229919
6346,1.0540771,-0.37414551,-1.1976624
6347,1.0009766,-0.42022705,-1.309967
6348,0.98114014,-0.32836914,-1.3911438
6349,0.78216553,-0.21743774,-1.3667297
6350,0.83251953,-0.22125244,-1.328125
6351,0.76583862,-0.16784668,-1.4480591
6352,0.77163696,-0.094146729,-1.3452148
6353,0.57922363,-0.27145386,-1.570282
6354,0.35400391,-0.28137207,-1.5313721
6355,0.1751709,-0.22628784,-1.5301514
6356,0.4296875,0.025024414,-1.4753723
6357,0.53741455,0.16021728,-1.2742615
6358,0.52505493,0.14785767,-1.2846375
6359,0.61920166,0.37841797,-1.3447571
6360,0.39428711,0.40237427,-1.4851379
6361,0.35171509,0.49865723,-1.4935303
6362,0.31097412,0.50292969,-1.3919067
6363,0.11489868,0.34698486,-1.4089966
6364,0.26885986,0.63323975,-1.4012146
6365,0.12237549,0.68511963,-1.4274597
6366,0.074615479,0.72036743,-1.2759399
6367,-0.13504028,0.91873169,-1.2850952
6368,-0.08605957,0.82580566,-1.2371826
6369,-0.077362061,0.85769653,-1.210022
6370,-0.073699951,0.88317871,-1.1239624
6371,-0.2822876,0.97869873,-1.1941528
6372,-0.28823853,0.75271606,-1.309967
6373,-0.31799316,0.74310303,-1.2762451
6374,-0.35705566,1.0256958,-1.2683105
6375,-0.3843689,1.073761,-1.194458
6376,-0.22140503,1.1044312,-1.1827087
6377,-0.52490234,1.265564,-1.1282349
6378,-0.52185059,1.2747192,-1.056366
6379,-0.54977417,1.3053894,-1.0440063
6380,-0.71990967,1.4079285,-0.99105835
6381,-0.82427978,1.3357544,-1.0073853
6382,-1.0919189,1.1621094,-0.99212647
6383,-0.87982178,1.3684082,-0.94894409
6384,-0.95581055,1.3269043,-0.78216553
6385,-1.3337708,1.3261414,-0.84640503
6386,-0.88348389,1.2605286,-0.85662842
6387,-1.2030029,1.3470459,-0.70770264
6388,-1.2503052,1.1477661,-0.69992065
6389,-1.3415527,1.1729431,-0.67703247
6390,-1.2519836,1.1849976,-0.60943603
6391,-1.3882446,1.3748169,-0.54473877
6392,-1.4932251,1.521759,-0.51574707
6393,-1.5493774,1.257019,-0.50918579
6394,-1.4561462,1.3568115,-0.58364868
6395,-1.4440918,1.078949,-0.39871216
6396,-1.6372681,1.3259888,-0.54489136
6397,-1.552124,1.3156128,-0.26916504
6398,-1.6017151,1.4822388,-0.18508911
6399,-1.756897,1.3047791,-0.20736694
6400,-1.6223145,1.375885,-0.22689819
6401,-1.7443848,1.2983704,-0.15655518
6402,-1.6976929,1.4297485,0.017852783
6403,-1.815033,1.1190796,0.063476563
6404,-1.6482544,1.2937927,0.099639893
6405,-1.9500732,1.3038635,0.19851685
6406,-1.8638611,1.2796021,0.18234253
6407,-1.8785095,1.2083435,0.17501831
6408,-1.8002319,1.2228394,0.33538818
6409,-1.8908691,1.1347961,0.37185669
6410,-1.9842529,0.94940185,0.38009644
6411,-1.9680786,2.3648071,0.51559448
6412,-2.038269,1.071167,0.58074951
6413,-2.039032,1.0494995,0.65841675
6414,-2.0106506,1.0121155,0.67001343
6415,-1.991272,0.95794678,0.63903809
6416,-2.0561218,0.79437256,0.75500488
6417,-2.1214294,0.73791504,0.77468872
6418,-2.1046448,0.72677612,0.86273193
6419,-2.0466614,0.73684692,0.72891235
6420,-2.1150208,0.71090698,0.86761475
6421,-2.2950745,0.76660156,0.87402344
6422,-2.1365356,0.68008423,0.5847168
6423,-2.1636963,0.23666382,1.1016846
6424,-2.2883606,0.27435303,1.1204529
6425,-2.056427,0.39550781,0.99533081
6426,-2.102356,0.40374756,1.1372375
6427,-2.1343994,0.13580322,1.2162781
6428,-1.9514465,0.32012939,1.076355
6429,-2.3843384,0.28015137,1.1187744
6430,-2.1478271,0.066986084,1.4990234
6431,-1.9831848,0.090637207,1.3444519
6432,-1.855011,-0.045166016,1.3761902
6433,-2.074585,-0.21026611,1.5727234
6434,-2.0739746,-0.096893311,1.4808655
6435,-2.1575928,-0.1083374,1.5692139
6436,-2.1362305,-0.29846191,1.5815735
6437,-2.1765137,-0.030212402,1.6969299
6438,-2.1337891,-0.20309448,1.5402222
6439,-2.3098755,-0.24475098,1.7518616
6440,-1.9894409,-0.47393799,1.5638733
6441,-2.0376587,-0.69488525,1.6815186
6442,-2.3556519,-0.32394409,1.6815186
6443,-2.2512817,-0.45654297,1.7323303
6444,-1.7080688,-0.5960083,1.7420959
6445,-1.9218445,-0.66497803,1.8183899
6446,-1.9406128,-0.82092285,1.9631958
6447,-1.8367004,-0.88150024,1.9111633
6448,-1.7971802,-0.76034546,1.9096375
6449,-1.7539978,-0.91506958,2.066803
6450,-1.7913818,-0.92071533,1.962738
6451,-1.9857788,-1.0577393,1.9361877
6452,-1.7977905,-1.1613464,2.0683289
6453,-1.6178894,-1.4781189,1.9042969
6454,-1.7131042,-1.340332,1.9612122
6455,-1.5014648,-1.6954041,2.0153809
6456,-1.5602112,-1.5148926,1.9685364
6457,-1.5956116,-1.3653564,1.8913269
6458,-1.4028931,-1.2857056,2.0306396
6459,-1.4945984,-1.2814331,2.1034241
6460,-1.4038086,-1.3735962,2.0916748
6461,-1.2535095,-1.4955139,2.0811462
6462,-1.1250305,-1.5826416,2.2161865
6463,-1.3400269,-1.7399597,2.0849609
6464,-1.3032532,-1.8649292,2.0849609
6465,-1.040802,-1.8113709,2.0573425
6466,-0.97000122,-1.8603516,2.0626831
6467,-0.93139648,-1.8374634,2.0111084
6468,-0.83984375,-1.8107605,1.9908142
6469,-0.82260132,-1.93573,2.0321655
6470,-0.74447632,-2.0883179,1.8247986
6471,-0.64315796,-1.9506836,1.6955566
6472,-0.66940308,-1.9940186,1.723938
6473,-0.66558838,-1.9509888,1.7414856
6474,-0.55725098,-1.9265747,1.9885254
6475,-0.62057495,-2.0079041,1.8710327
6476,-0.58105469,-2.3831177,1.7687988
6477,-0.4649353,-2.208252,1.8476868
6478,-0.44662476,-2.2395325,1.632843
6479,-0.38101196,-2.0439148,1.7704773
6480,-0.37216186,-2.1531677,1.6401672
6481,-0.19622803,-2.1551514,1.5995789
6482,-0.12756348,-2.1516418,1.5242004
6483,-0.016479492,-2.2879028,1.5061951
6484,-0.10345459,-2.1328735,1.3909912
6485,-0.14526367,-2.4107361,1.5278625
6486,-0.051269531,-2.192688,1.4776611
6487,0.12176514,-2.3027039,1.2718201
6488,0.10620117,-2.3631287,1.0958862
6489,0.34805298,-2.359314,1.2586975
6490,0.31356811,-2.388916,1.2475586
6491,0.30685425,-2.2363281,1.1863709
6492,0.34805298,-2.2688293,1.162262
6493,0.39520264,-2.2494507,1.1018372
6494,0.40863037,-2.2521973,1.0775757
6495,0.55297852,-2.1418762,1.0766602
6496,0.42678833,-2.3309326,0.98724365
6497,0.63446045,-2.1443176,0.97900391
6498,0.67321777,-2.2817993,0.8102417
6499,0.65551758,-2.1748352,0.82229614
6500,0.72723389,-2.1939087,0.80261231
6501,0.69915772,-2.223053,0.63659668
6502,0.92010498,-2.3246765,0.53222656
6503,0.85083008,-2.394104,0.46554565
6504,0.91033935,-2.315979,0.57800293
6505,0.91308594,-2.0887756,0.55007935
6506,0.93444824,-2.1272278,0.54000854
6507,0.97183228,-2.1255493,0.3894043
6508,0.90332031,-2.1588135,0.47943115
6509,1.0379028,-2.111969,0.25238037
6510,0.84075928,-2.1554565,0.25238037
6511,1.1915588,-1.9866943,0.19287109
6512,1.1422729,-1.9747925,0.11138916
6513,1.0926819,-1.8304443,0.077514648
6514,0.95855713,-1.8865967,-0.01953125
6515,1.1816406,-2.03125,-0.015716553
6516,0.95474243,-1.7681885,-0.053405762
6517,0.87539673,-1.9570923,-0.096740723
6518,0.91690063,-1.7280579,-0.098724365
6519,1.0726929,-1.8125916,-0.1071167
6520,1.1686707,-1.9493103,-0.13580322
6521,1.2490845,-1.703186,-0.17791748
6522,1.3247681,-1.6693115,-0.27816772
6523,0.98815918,-1.6249084,-0.42999268
6524,1.0862732,-1.529541,-0.4788208
6525,1.2168884,-1.3079834,-0.5001831
6526,1.5081787,-1.4775085,-0.63232422
6527,1.1727905,-1.3552856,-0.68908691
6528,1.3070679,-1.1968994,-0.72875977
6529,1.1526489,-1.2811279,-0.80154419
6530,1.050415,-1.3194275,-0.65811157
6531,1.1486816,-1.1116028,-0.75363159
6532,1.4463806,-1.0380554,-0.89813232
6533,1.1383057,-1.0203552,-0.83755493
6534,1.3418579,-0.9727478,-0.92529297
6535,1.2492371,-0.87158203,-0.92697144
6536,1.2277222,-0.99334717,-1.1096191
6537,1.1805725,-0.64682007,-0.9425354
6538,1.0742188,-0.72143555,-0.90820313
6539,1.028595,-0.77026367,-1.0507202
6540,1.015625,-0.45349121,-1.0345459
6541,0.96099853,-0.45196533,-0.9753418
6542,0.95870972,-0.61935425,-1.1000061
6543,0.92834473,-0.19119263,-1.1921692
6544,0.74127197,-0.31768799,-1.1836243
6545,0.90927124,-0.32073975,-1.2512207
6546,0.7901001,-0.1449585,-1.3130188
6547,0.73150635,-0.23025513,-1.3407898
6548,0.92178345,-0.11398315,-1.2484741
6549,0.74462891,-0.23239136,-1.2687683
6550,0.64147949,-0.16815185,-1.2763977
6551,0.58258057,-0.05569458,-1.315918
6552,0.43685913,-0.098876953,-1.3818359
6553,0.47561645,-0.60699463,-1.3214111
6554,0.440979,-0.075683594,-1.3635254
6555,0.34637451,0.020446777,-1.3697815
6556,0.31951904,-0.11047363,-1.5698242
6557,0.48461914,0.12939453,-1.3284302
6558,0.26947022,0.23498535,-1.2872314
6559,0.29067993,0.48156738,-1.3064575
6560,0.32836914,0.40679932,-1.3142395
6561,0.19439697,0.56243897,-1.4105225
6562,0.11444092,0.56747437,-1.3163757
6563,0.14343262,0.54199219,-1.2876892
6564,0.079345703,0.59112549,-1.3291931
6565,0.1260376,0.72296143,-1.4199829
6566,0.024414063,0.79162598,-1.2759399
6567,-0.20431519,0.77178955,-1.1929321
6568,-0.082855225,0.84487915,-1.3626099
6569,-0.10131836,0.88317871,-1.2190247
6570,-0.19134522,0.89248657,-1.2634277
6571,-0.24581909,0.9513855,-0.99975586
6572,-0.49560547,0.92498779,-1.1221313
6573,-0.42633057,0.94985962,-1.0298157
6574,-0.42236328,0.98800659,-1.1225891
6575,-0.61538696,1.1251831,-1.0667419
6576,-0.47988892,1.0128784,-0.98327637
6577,-0.52551269,1.0560608,-0.90072632
6578,-0.5847168,1.1878967,-0.90332031
6579,-0.70541382,1.0151672,-0.93795776
6580,-0.77270508,1.1352539,-0.87097168
6581,-0.85708618,0.96908569,-0.88989258
6582,-0.71990967,1.0647583,-0.99258423
6583,-0.8114624,1.0072327,-0.80947876
6584,-1.073761,1.1265564,-0.68237305
6585,-0.95092773,1.3702393,-0.652771
6586,-1.0403442,1.2261963,-0.65078735
6587,-1.0797119,1.1251831,-0.61203003
6588,-1.3037109,1.2524414,-0.49346924
6589,-1.1056519,1.1364746,-0.45944214
6590,-1.315918,1.3406372,-0.35369873
6591,-1.3375854,1.2272644,-0.44769287
6592,-1.2658691,1.0894775,-0.35293579
6593,-1.4134216,0.88394165,-0.60073853
6594,-1.4772034,1.1621094,-0.38009644
6595,-1.4050293,1.1842346,-0.32073975
6596,-1.3540649,1.2026978,-0.15136719
6597,-1.3900757,1.1235046,-0.12390137
6598,-1.6255188,1.0839844,-0.26657105
6599,-1.5248108,1.073761,0.024414063
6600,-1.5557861,1.2258911,-0.026550293
6601,-1.5116882,1.1560059,0.055541992
6602,-1.5905762,1.0301209,0.069732666
6603,-1.6629028,1.0865784,0.21255493
6604,-1.6879272,1.0653687,0.26535034
6605,-1.7320251,1.100769,0.10803223
6606,-1.829834,1.026001,0.2645874
6607,-1.7880249,1.0684204,0.38696289
6608,-1.8917847,0.97122192,0.34957886
6609,-1.8727112,0.91537476,0.42800903
6610,-1.8870544,1.0256958,0.4989624
6611,-1.9233704,0.98327637,0.50308228
6612,-1.9895935,0.84838867,0.59371948
6613,-1.8377686,0.88088989,0.60775757
6614,-1.9335938,0.90682983,0.63201904
6615,-1.9778442,0.79727173,0.75439453
6616,-1.8811035,0.6489563,0.68481445
6617,-1.9413757,0.63980103,0.85159302
6618,-2.0753479,0.49911499,0.86639404
6619,-1.987915,0.48522949,0.87554932
6620,-1.8670654,0.52093506,0.8291626
6621,-1.8901062,0.46264648,0.94604492
6622,-2.2067261,0.43731689,1.1003113
6623,-2.0610046,0.49560547,1.2268066
6624,-2.1261597,0.40771484,1.1795044
6625,-2.2445679,0.42205811,1.3079834
6626,-2.1911621,0.23834228,1.2188721
6627,-2.0002747,0.15213013,1.0629272
6628,-2.036438,0.052185059,1.2080383
6629,-1.9805908,0.21652222,1.3653564
6630,-1.9088745,0.16937256,1.5338135
6631,-2.046814,0.005645752,1.3470459
6632,-1.9683838,-0.15853882,1.4016724
6633,-2.0098877,-0.2835083,1.4204407
6634,-1.9163513,-0.18295288,1.4802551
6635,-1.8344116,-0.3187561,1.6555786
6636,-1.8113709,-0.32348633,1.5576172
6637,-1.9680786,-0.37567139,1.6026306
6638,-1.9792175,-0.42556763,1.8603516
6639,-2.0524597,-0.58456421,1.938324
6640,-1.8692017,-0.58197022,1.8028259
6641,-1.8157959,-0.50949097,1.9293213
6642,-1.6903687,-0.58929443,1.985321
6643,-1.8440247,-0.7019043,1.7077637
6644,-1.9702148,-0.84091187,1.8849182
6645,-1.6726685,-0.85601807,1.7849731
6646,-1.6520691,-1.0481262,1.9015503
6647,-1.7205811,-1.0707092,1.8023682
6648,-1.686554,-0.95443726,1.8049622
6649,-1.5054321,-0.93444824,1.6824341
6650,-1.5402222,-1.050415,1.7201233
6651,-1.4445496,-1.1581421,1.9018555
6652,-1.4149475,-1.3653564,1.8281555
6653,-1.3348389,-1.3580322,1.723938
6654,-1.4839172,-1.5206909,1.7982483
6655,-1.4974976,-1.8367004,1.5512085
6656,-1.5222168,-1.8022156,1.8141174
6657,-1.7063904,-1.7697144,1.8371582
6658,-1.288147,-1.6003418,1.7240906
6659,-1.2052917,-1.5200806,1.7752075
6660,-1.0612488,-1.4164734,1.8130493
6661,-1.1253357,-1.4285278,1.8670654
6662,-1.1967468,-1.5193176,1.8574524
6663,-0.99136353,-1.5036011,1.7279053
6664,-0.89660644,-1.6404724,1.7604065
6665,-0.8392334,-1.834259,1.7938232
6666,-0.87081909,-1.7948914,1.8231201
6667,-0.75317383,-1.8812561,1.7932129
6668,-0.73226929,-1.9604492,1.9281006
6669,-0.62591553,-2.0483398,1.741333
6670,-0.51559448,-1.9354248,1.7181396
6671,-0.50689697,-2.1098328,1.7901611
6672,-0.44387817,-1.9078064,1.6818237
6673,-0.48416138,-1.8841553,1.7282104
6674,-0.45089722,-2.010498,1.5664673
6675,-0.46981811,-2.2169495,1.4907837
6676,-0.26275635,-2.0333862,1.5934753
6677,-0.25726318,-2.0332336,1.3696289
6678,-0.18600464,-2.0542908,1.3288879
6679,-0.19927978,-2.1179199,1.3519287
6680,-0.18615723,-2.0045471,1.3172913
6681,-0.1361084,-1.9464111,1.3180542
6682,-0.083312988,-1.9961548,1.4190674
6683,-0.032806396,-2.0584106,1.3703918
6684,0.010375977,-2.1331787,1.3140869
6685,0.041809082,-2.0671082,1.3378906
6686,0.12451172,-2.2677612,1.190033
6687,0.14404297,-2.0829773,1.1047363
6688,0.20217895,-2.151947,1.0443115
6689,0.23483276,-2.0985413,0.97412109
6690,0.337677,-2.0574951,0.93353272
6691,0.35385132,-2.0306396,0.88470459
6692,0.37063599,-2.0195007,0.87432861
6693,0.40542603,-2.0869446,0.8782959
6694,0.48278809,-2.1772766,0.88058472
6695,0.53497315,-2.3040771,0.70907593
6696,0.64376831,-2.1194458,0.65002441
6697,0.62011719,-2.1304321,0.57739258
6698,0.68130493,-2.1598816,0.6564331
6699,0.65246582,-2.015686,0.58670044
6700,0.70419312,-1.9906616,0.54550171
6701,0.83404541,-2.1446228,0.37261963
6702,0.75119019,-2.1374512,0.42770386
6703,0.91705322,-2.1188354,0.4460144
6704,0.94177246,-2.0347595,0.2456665
6705,1.0525513,-1.9750977,0.22033691
6706,0.86105347,-1.9273376,0.1826477
6707,1.0139465,-2.0207214,0.12390137
6708,1.0198975,-1.8902588,0.029296875
6709,0.98892212,-1.9493103,0.07019043
6710,0.8694458,-1.8496704,-0.027160645
6711,0.99090576,-1.8521118,-0.01739502
6712,1.0667419,-1.730957,-0.18066406
6713,1.1248779,-1.7320251,-0.14465332
6714,1.2493896,-1.6500854,-0.23635864
6715,1.2121582,-1.7626953,-0.13534546
6716,1.217041,-1.6677856,-0.18997192
6717,1.1335754,-1.5896606,-0.26916504
6718,1.1158752,-1.4227295,-0.28076172
6719,1.0333252,-1.3641357,-0.46875
6720,1.0723877,-1.4355469,-0.54367065
6721,1.1549377,-1.5319824,-0.52261353
6722,1.2237549,-1.3821411,-0.597229
6723,0.8505249,-1.3801575,-0.56304932
6724,1.1328125,-1.2995911,-0.56976318
6725,1.1198425,-1.0968018,-0.61294556
6726,1.0255432,-1.033783,-0.59127808
6727,1.0884094,-0.89797974,-0.72433472
6728,0.59783935,-0.98144531,-0.69885254
6729,1.063385,-0.98495483,-0.79559326
6730,1.2257385,-0.82275391,-0.92956543
6731,0.96359253,-0.86639404,-0.93322754
6732,0.94863892,-0.77209473,-0.76171875
6733,0.95794678,-0.68984985,-0.94772339
6734,0.95977783,-0.65567017,-0.91461182
6735,0.98632813,-0.72387695,-0.96588135
6736,0.95657349,-0.67459106,-0.99807739
6737,0.91629028,-0.67489624,-1.1436462
6738,0.87371826,-0.53817749,-1.0003662
6739,0.81756592,-0.45959473,-1.0617065
6740,0.83145142,-0.42053223,-1.3146973
6741,0.94238281,-0.4750061,-1.1027527
6742,0.7699585,-0.27633667,-0.93582153
6743,0.83221435,-0.34500122,-1.0649109
6744,0.85754394,-0.12176514,-1.0473633
6745,0.65658569,0.065917969,-1.1019897
6746,0.61096191,0.14907837,-1.0787964
6747,0.64971924,0.009460449,-1.2240601
6748,0.28823853,-0.33294678,-1.5548706
6749,0.28808594,-0.24291992,-1.5109253
6750,0.753479,-0.30502319,-1.3247681
6751,0.31387329,-0.11505127,-1.3633728
6752,0.66162109,-0.068359375,-1.2721252
6753,0.42053223,0.094909668,-1.3899231
6754,0.42251587,0.27542114,-1.2733459
6755,0.32608032,0.3515625,-1.2641907
6756,0.32958984,0.54321289,-1.2559509
6757,0.21270752,0.54733276,-1.1129761
6758,0.20248413,0.6312561,-1.212616
6759,-0.006713867,0.5015564,-1.0375977
6760,0.095977783,0.5015564,-1.0096741
6761,-0.1550293,0.58364868,-1.1987305
6762,-0.35400391,0.57662964,-1.0960388
6763,-0.3036499,0.63308716,-1.0935974
6764,-0.23635864,0.57678223,-1.1653137
6765,-0.41244507,0.64300537,-1.0977173
6766,-0.28060913,0.87692261,-1.1633301
6767,-0.31600952,0.99609375,-1.1524963
6768,-0.60852051,0.86303711,-1.1047363
6769,-0.48461914,1.0943604,-0.9664917
6770,-0.58776856,0.95092773,-0.88134766
6771,-0.46127319,1.0725403,-0.88485718
6772,-0.62301636,0.9085083,-0.9475708
6773,-0.69458008,1.0710144,-0.79467773
6774,-0.70709228,0.96588135,-0.73959351
6775,-0.77377319,1.0235596,-0.84411621
6776,-0.80200195,1.0858154,-0.7081604
6777,-0.92269897,1.2101746,-0.92956543
6778,-0.80825806,1.1854553,-0.85083008
6779,-0.88073731,1.0476685,-0.64147949
6780,-0.90896606,1.0414124,-0.80734253
6781,-1.0644531,0.91979981,-0.71334839
6782,-1.072998,1.0307312,-0.51513672
6783,-1.2046814,1.2036133,-0.70281982
6784,-1.1010742,1.3288879,-0.54885864
6785,-1.1665344,1.0502625,-0.54016113
6786,-1.2187195,1.0754395,-0.42053223
6787,-1.2472534,1.0806274,-0.4019165
6788,-1.3014221,1.2287903,-0.32104492
6789,-1.5893555,0.54580688,-0.2104187
6790,-1.6545105,0.83877563,-0.24261475
6791,-1.3406372,1.1369324,-0.18798828
6792,-1.4189148,1.1054993,-0.1071167
6793,-1.3604736,1.2294006,-0.076751709
6794,-1.524353,1.1607361,0.059661865
6795,-1.683197,1.0360718,0.012207031
6796,-1.5481567,1.0198975,0.091705322
6797,-1.6841125,0.9375,-0.003204346
6798,-1.7356873,0.9614563,0.062408447
6799,-1.7825317,0.90270996,0.29724121
6800,-1.728363,1.0139465,0.40039063
6801,-1.8249512,0.80413818,0.40771484
6802,-1.8304443,0.94726563,0.4486084
6803,-1.8473816,0.78918457,0.52444458
6804,-1.8888855,0.86761475,0.57006836
6805,-1.9284058,0.64163208,0.65612793
6806,-1.986084,0.57098389,0.60943603
6807,-1.8356323,0.59692383,0.51986694
6808,-1.8795776,1.6430664,0.62026978
6809,-1.8467712,0.66314697,0.8164978
6810,-1.8525696,0.61599731,0.71395874
6811,-1.9366455,0.69244385,0.76324463
6812,-1.9563293,0.73989868,0.79574585
6813,-2.1313477,0.69976807,0.9375
6814,-2.0300293,0.53329468,0.89050293
6815,-1.9876099,0.50430298,0.99090576
6816,-2.0878601,0.45959473,1.1212158
6817,-2.0799255,0.33111572,0.98403931
6818,-2.149353,0.29602051,0.93536377
6819,-2.0196533,0.37506103,0.94802856
6820,-2.1362305,0.12161255,1.3623047
6821,-1.9447327,0.14038086,1.161499
6822,-2.052002,0.092468262,1.3110352
6823,-1.9555664,-0.11383057,1.3764954
6824,-1.9403076,-0.13565063,1.2626648
6825,-2.0797729,-0.11138916,1.4212036
6826,-2.0091248,-0.13153076,1.4564514
6827,-1.9177246,-0.30761719,1.2654114
6828,-1.9511414,-0.25131226,1.5922546
6829,-1.9322205,-0.14083862,1.5950012
6830,-2.0895386,-0.32653809,1.6595459
6831,-1.8586731,-0.32897949,1.6117859
6832,-1.8035889,-0.48950195,1.5130615
6833,-1.6743469,-0.4284668,1.6213989
6834,-1.8933105,-0.7170105,1.5301514
6835,-1.6445923,-0.58410644,1.5965271
6836,-1.7630005,-0.73303223,1.6255188
6837,-1.4729309,-0.91552734,1.7489624
6838,-1.8273926,-1.1392212,1.5882874
6839,-2.0231628,-1.055603,1.8505859
6840,-1.5858459,-1.0914612,1.6983032
6841,-1.7573547,-1.1169434,1.602478
6842,-1.8034363,-1.1424255,1.7700195
6843,-1.6209412,-1.0270691,1.8161011
6844,-1.6244507,-1.1521912,1.8161011
6845,-1.4323425,-1.1766052,1.738739
6846,-1.4845276,-1.343689,1.8687439
6847,-1.4810181,-1.3671875,1.7510986
6848,-1.3621521,-1.1721802,1.9117737
6849,-1.4207459,-1.210022,1.9229126
6850,-1.293335,-1.5609741,1.8782043
6851,-1.3423157,-1.5782166,1.7953491
6852,-1.275177,-1.8408203,1.7553711
6853,-1.2223816,-1.4334106,1.857605
6854,-1.1122131,-1.6090393,1.8264771
6855,-1.0856628,-1.5861511,1.8226624
6856,-0.99090576,-1.6918945,1.9325256
6857,-1.0551453,-1.8048096,1.844635
6858,-0.96054077,-1.7634583,1.8247986
6859,-0.67855835,-1.7160034,1.8278503
6860,-0.92407227,-1.7993164,1.8780518
6861,-0.83709717,-1.7222595,1.7225647
6862,-0.62744141,-1.7631531,1.8237305
6863,-0.48950195,-1.7802429,1.7388916
6864,-0.57235718,-1.8464661,1.6523743
6865,-0.47790527,-1.9108582,1.7042541
6866,-0.3755188,-2.0535278,1.519165
6867,-0.29647827,-1.9548035,1.5075684
6868,-0.26809692,-2.1026611,1.5968323
6869,-0.35919189,-2.1604919,1.661377
6870,-0.31921387,-2.3123169,1.6436768
6871,-0.28152466,-2.1060181,1.618042
6872,-0.23376465,-2.1185303,1.5466309
6873,-0.20645142,-2.0695496,1.4764404
6874,0.019836426,-1.9992065,1.4517212
6875,-0.004577637,-2.0780945,1.421051
6876,0.036315918,-2.1324158,1.3122559
6877,0.15686035,-2.1963501,1.2713623
6878,0.11672974,-2.215271,1.1167908
6879,0.21942139,-2.2216797,1.259613
6880,0.19195557,-2.3165894,1.078186
6881,0.32958984,-2.2402954,1.0255432
6882,0.37902832,-2.2900391,1.0232544
6883,0.32791138,-2.208252,1.1047363
6884,0.4208374,-2.0146179,0.9236145
6885,0.44189453,-1.9569397,0.96328735
6886,0.57632446,-2.1035767,1.0595703
6887,0.62011719,-2.2053528,0.89172363
6888,0.56060791,-2.1893311,0.77590942
6889,0.71136475,-2.0977783,0.84518433
6890,0.58273315,-2.0111084,0.77301025
6891,0.82565308,-2.0277405,0.64620972
6892,0.65734863,-2.1276855,0.60134888
6893,0.76431274,-2.1516418,0.41198731
6894,0.69473267,-2.1176147,0.59326172
6895,0.84320068,-2.1343994,0.37734985
6896,0.834198,-2.0970154,0.41305542
6897,0.89523315,-2.0329285,0.37246704
6898,0.87402344,-1.7915344,0.22949219
6899,0.95596313,-1.8821716,0.21957398
6900,1.0049438,-1.7660522,0.10650635
6901,0.98724365,-1.7626953,0.11993408
6902,1.0467529,-1.8907166,0.14877319
6903,1.1271667,-1.784668,0.12741089
6904,1.0794067,-1.9769287,-0.050811768
6905,1.1547852,-1.7254639,-0.095672607
6906,1.0661316,-1.8055725,-0.14633179
6907,0.89614868,-1.8043518,-0.10910034
6908,1.0491943,-1.6516113,-0.18157959
6909,1.10672,-1.738739,-0.20004273
6910,1.1767578,-1.5032959,-0.32333374
6911,1.1181641,-1.4770508,-0.38574219
6912,1.0441589,-1.3960266,-0.24597168
6913,1.1886597,-1.3153076,-0.31234741
6914,1.0421753,-1.446228,-0.39306641
6915,1.0726929,-1.2617493,-0.40893555
6916,1.1108398,-1.3487244,-0.45776367
6917,1.1408997,-1.156311,-0.49057007
6918,1.1190796,-1.1289978,-0.5657959
6919,1.2295532,-1.1117554,-0.62026978
6920,1.1335754,-1.3264465,-0.76416016
6921,0.97732544,-1.0913086,-0.73379517
6922,0.85906982,-1.191864,-0.728302
6923,1.0621643,-1.0897827,-0.77178955
6924,1.0768127,-0.91690063,-0.75439453
6925,1.0778809,-0.79589844,-0.82321167
6926,1.0620117,-0.74508667,-0.88775635
6927,0.99594116,-0.69839478,-0.85571289
6928,1.2055969,-0.7522583,-0.98205566
6929,0.99502563,-0.60089111,-1.1009216
6930,0.97549438,-0.58349609,-0.93811035
6931,0.95840454,-0.4788208,-0.98617554
6932,0.8934021,-0.4800415,-0.93856812
6933,0.87036133,-0.43609619,-1.0932922
6934,0.87173462,-0.44387817,-1.1758423
6935,0.71990967,-0.54458618,-1.0571289
6936,0.76370239,-0.30899048,-1.1740112
6937,0.8001709,-0.18478394,-1.2484741
6938,0.70449829,-0.73608398,-1.2867737
6939,0.73623657,-0.30227661,-1.2527466
6940,0.7345581,0.65444946,-1.3479614
6941,0.66650391,-0.23803711,-1.2908936
6942,0.49346924,-0.36254883,-1.3088989
6943,0.50643921,0.002746582,-1.3700867
6944,0.47653198,0.085449219,-1.2432861
6945,0.55664063,0.025634766,-1.1422729
6946,0.42312622,0.18432617,-1.2644959
6947,0.23849487,0.2381897,-1.1346436
6948,0.20706177,0.39367676,-1.5913391
6949,0.23010254,0.4498291,-1.3285828
6950,0.20324707,0.39031982,-1.6914368
6951,0.14755249,0.50933838,-1.3633728
6952,0.20172119,0.35919189,-0.83297729
6953,0.18325806,0.49453735,-1.2348938
6954,0.10253906,0.50613403,-1.2007141
6955,-0.10009766,0.69915772,-1.3069153
6956,-0.076751709,0.76461792,-1.1711121
6957,-0.14251709,0.79528809,-1.026001
6958,-0.14709473,0.86578369,-1.2548828
6959,-0.30059814,1.0441589,-1.1346436
6960,-0.23452759,0.80734253,-0.97290039
6961,-0.27648926,0.89752197,-0.86807251
6962,-0.32775879,1.0153198,-1.0395813
6963,-0.42236328,1.1274719,-1.0317993
6964,-0.49224853,1.1065674,-1.0514832
6965,-0.63232422,1.0543823,-1.0508728
6966,-0.62423706,0.9413147,-1.0444641
6967,-0.76477051,1.0169983,-0.84121704
6968,-0.82641602,1.2002563,-1.0829163
6969,-0.81924438,1.1254883,-1.0136414
6970,-0.85739136,1.1564636,-0.84289551
6971,-1.0006714,1.2380981,-1.038208
6972,-1.0380554,1.0586548,-0.80169678
6973,-0.86166382,1.114502,-0.59402466
6974,-1.09375,1.1856079,-0.58547974
6975,-0.97991943,1.1523438,-0.60043335
6976,-1.0884094,1.3201904,-0.56594849
6977,-1.0942078,1.401825,-0.43899536
6978,-1.2399292,1.4299011,-0.46630859
6979,-1.2098694,1.2188721,-0.35705566
6980,-1.3098145,1.2741089,-0.37155151
6981,-1.3592529,1.4173889,-0.22903442
6982,-1.3491821,1.1169434,-0.17593384
6983,-1.3134766,1.1987305,-0.21438599
6984,-1.4074707,1.010437,-0.15975952
6985,-1.7758179,0.63568115,-0.54153442
6986,-1.7575073,0.98754883,-0.28366089
6987,-1.5603638,1.0379028,-0.07598877
6988,-1.4978027,1.0649109,-0.13412476
6989,-1.6281128,1.1700439,0.062255859
6990,-1.7153931,1.1242676,0.15319824
6991,-1.6943359,1.1573791,0.16952515
6992,-1.6908264,1.0717773,0.24337769
6993,-1.6876221,1.0253906,0.28152466
6994,-1.7857361,1.073761,0.2406311
6995,-1.7666626,0.98220825,0.33630371
6996,-1.8095398,1.005249,0.29556274
6997,-1.9145203,0.77957153,0.40740967
6998,-1.8536377,0.85571289,0.49804688
6999,-1.8319702,0.89614868,0.5406189
7000,-1.8336487,0.81970215,0.44631958
7001,-2.0133972,0.73394775,0.66635132
7002,-1.93573,0.72235107,0.69351196
7003,-2.0600891,0.7951355,0.46356201
7004,-2.0649719,0.85723877,0.64239502
7005,-2.003479,0.42495728,0.82138062
7006,-2.0123291,1.8409729,0.74234009
7007,-1.9926453,0.61767578,0.92483521
7008,-1.9699097,0.47271728,0.94421387
7009,-2.2491455,0.47195435,0.90835571
7010,-2.12677,0.48645019,0.96710205
7011,-1.9833374,0.42724609,0.98205566
7012,-2.1343994,0.32974243,1.0508728
7013,-2.0689392,0.28182983,1.0348511
7014,-2.1395874,0.29006958,0.97412109
7015,-2.1485901,0.31768799,1.1729431
7016,-1.8869019,0.13854981,1.3189697
7017,-2.1365356,-0.11932373,0.82061768
7018,-2.1066284,-0.070800781,1.4556885
7019,-1.9989014,-0.13015747,1.5293884
7020,-2.1557617,-0.086975098,1.4810181
7021,-2.0957947,-0.35385132,1.3540649
7022,-1.8983459,-0.25360107,1.4395142
7023,-1.910553,-0.27694702,1.4871216
7024,-1.76651,-0.22918701,1.4602661
7025,-1.8521118,-0.36560059,1.4660645
7026,-1.7108154,-0.33721924,1.6506958
7027,-2.0118713,-0.30990601,1.7341614
7028,-1.8240356,-0.52581787,1.552124
7029,-1.8862915,-0.4624939,1.5991211
7030,-1.8772888,-0.55908203,1.6004944
7031,-1.807251,-0.75714111,1.6482544
7032,-1.9526672,-0.5619812,1.6900635
7033,-1.9142151,-0.61355591,1.7718506
7034,-1.6879272,-0.77911377,1.8600464
7035,-1.6520691,-0.90393066,1.8722534
7036,-1.6876221,-1.158905,1.7459106
7037,-1.8972778,-1.2231445,1.9223022
7038,-1.6125488,-1.2322998,2.0855713
7039,-1.6362,-1.3395691,1.9091797
7040,-1.5592957,-1.2446594,1.8635559
7041,-1.7475891,-1.2594604,1.9015503
7042,-1.5643311,-1.3070679,1.8154907
7043,-1.4433289,-1.5657043,1.5911865
7044,-1.4768982,-1.4823914,1.7810059
7045,-1.2458801,-1.4520264,1.9122314
7046,-1.2213135,-1.5994263,1.9696045
7047,-1.2307739,-1.884613,1.7944336
7048,-1.3391113,-1.9984436,1.8266296
7049,-1.1407471,-1.8490601,1.76651
7050,-1.0455322,-1.79245,1.9125366
7051,-1.20224,-1.8603516,1.8759155
7052,-0.97976685,-1.8817139,1.9363403
7053,-1.0823059,-1.723938,1.9277954
7054,-0.84381103,-1.7240906,1.7832947
7055,-0.77438354,-1.9197083,1.9267273
7056,-0.80215454,-1.8518066,1.9163513
7057,-1.0237122,-2.23526,1.882782
7058,-0.84884644,-1.9595337,1.8051147
7059,-0.66085815,-1.9125366,1.6836548
7060,-0.75012207,-2.0317078,1.7663574
7061,-0.55465698,-1.9664001,1.7819214
7062,-0.44219971,-2.069397,1.7173767
7063,-0.415802,-1.9291687,1.6941834
7064,-0.25741577,-1.940155,1.6305542
7065,-0.21759033,-1.9226074,1.6738892
7066,-0.2293396,-2.0352173,1.6040039
7067,-0.22796631,-2.2085571,1.602478
7068,-0.062255859,-2.2421265,1.5293884
7069,0.049133301,-2.2912598,1.5155029
7070,0.070800781,-2.3477173,1.497345
7071,0.021209717,-2.6104736,1.3581848
7072,0.031738281,-2.4264526,1.4152527
7073,0.095062256,-2.303009,1.4587402
7074,0.15625,-2.3384094,1.3047791
7075,0.2545166,-2.3840332,1.2838745
7076,0.22598267,-2.3364258,1.2510681
7077,0.26443481,-2.3217773,1.217041
7078,0.29479981,-2.3028564,1.1550903
7079,0.39794922,-2.411499,0.9992981
7080,0.42266846,-2.2085571,0.98846435
7081,0.50415039,-2.1850586,1.015625
7082,0.59020996,-2.2055054,0.93093872
7083,0.61431885,-2.265625,0.78018188
7084,0.72128296,-2.1916199,0.7661438
7085,0.61203003,-2.2085571,0.67520142
7086,0.74295044,-2.1704102,0.65856934
7087,0.67840576,-2.3361206,0.54138184
7088,0.83892822,-2.3640442,0.70480347
7089,0.9173584,-2.3406982,0.48721314
7090,0.97869873,-2.1522522,0.36819458
7091,0.89309692,-2.1005249,0.47698975
7092,0.97320557,-2.0297241,0.2722168
7093,0.83892822,-2.0523071,0.34072876
7094,1.0137939,-2.0617676,0.26412964
7095,1.1004639,-2.0930481,0.19104004
7096,1.1672974,-2.1453857,0.04119873
7097,1.2342834,-2.0184326,0.10681152
7098,1.0591125,-2.0155334,0.021362305
7099,1.0827637,-1.9224548,-0.10025024
7100,1.1764526,-1.9441223,-0.10681152
7101,1.1929321,-1.9522095,-0.046386719
7102,1.2316895,-1.8875122,-0.15060425
7103,1.2261963,-1.7837524,-0.13336182
7104,1.1564636,-1.5838623,-0.25115967
7105,1.1956787,-1.6564941,-0.340271
7106,1.0899353,-1.685791,-0.19302368
7107,1.2052917,-1.6386414,-0.32394409
7108,1.1560059,-1.6052246,-0.36773682
7109,1.1427307,-1.5556335,-0.3704834
7110,1.0891724,-1.4630127,-0.45959473
7111,1.1714172,-1.4538574,-0.50506592
7112,1.1935425,-1.3226318,-0.49377441
7113,1.2055969,-1.2475586,-0.572052
7114,1.2129211,-1.1824036,-0.63018799
7115,1.1013794,-1.0928345,-0.65063477
7116,1.0809326,-1.0877991,-0.70587158
7117,1.1355591,-1.0479736,-0.73272705
7118,1.2796021,-1.1138916,-0.81359863
7119,0.99029541,-1.0290527,-0.96374512
7120,1.0112,-1.1453247,-0.94070435
7121,1.1317444,-0.79940796,-0.99990845
7122,1.1282349,-0.76965332,-0.99411011
7123,1.0673523,-0.77926636,-1.0029602
7124,1.153717,-0.59738159,-0.97595215
7125,1.109314,-0.4675293,-1.0076904
7126,0.96954346,-0.56594849,-1.1126709
7127,1.1865234,-0.56396484,-1.1297607
7128,0.9413147,-0.44647217,-1.3244629
7129,0.87738037,-0.41290283,-1.3493347
7130,0.8366394,-0.3364563,-1.2399292
7131,0.78460693,-0.1524353,-1.181488
7132,0.82061768,-0.083770752,-1.219635
7133,0.79833984,-0.24337769,-1.308136
7134,0.79421997,-0.29876709,-1.2252808
7135,0.72128296,-0.009002686,-1.4752197
7136,0.87890625,0.042419434,-1.2336731
7137,0.93444824,-0.24902344,-1.4167786
7138,0.57601929,1.136322,-1.3648987
7139,0.53131103,0.30197144,-1.3833618
7140,0.58410644,0.21438599,-1.3702393
7141,0.42007446,0.44128418,-1.4552307
7142,0.40313721,0.36987305,-1.362915
7143,0.48583984,0.46890259,-1.3705444
7144,0.38284302,0.55618286,-1.4880371
7145,0.34118652,0.5708313,-1.45401
7146,0.25848389,0.56335449,-1.491394
7147,0.2722168,0.58486938,-1.3227844
7148,0.21286011,0.63095093,-1.3505554
7149,0.12649536,0.63720703,-1.441803
7150,-0.047912598,0.81451416,-1.3539124
7151,0.069885254,0.73623657,-1.4024353
7152,-0.070648193,0.72448731,-1.2478638
7153,-0.019226074,0.74005127,-1.1846924
7154,-0.033416748,0.80963135,-1.192627
7155,-0.056610107,0.86547852,-1.2442017
7156,-0.18600464,0.88012695,-1.3645935
7157,-0.19989014,0.884552,-1.2059021
7158,-0.25299072,0.99258423,-1.1541748
7159,-0.49163818,1.0169983,-0.95153809
7160,-0.39367676,1.1909485,-0.94741821
7161,-0.49423218,1.192627,-1.060791
7162,-0.52947998,1.2617493,-0.97091675
7163,-0.76690674,1.2402344,-1.0249329
7164,-0.72860718,1.210022,-0.91430664
7165,-0.71334839,1.1442566,-0.69839478
7166,-0.83374023,1.2911987,-0.79833984
7167,-0.94818115,1.2028503,-0.76248169
7168,-0.97488403,1.2004089,-0.69473267
7169,-0.80322266,1.1383057,-0.74203491
7170,-0.79528809,1.3383484,-0.68893433
7171,-1.0993958,1.1569214,-0.72280884
7172,-1.1196899,1.177063,-0.60943603
7173,-1.3044739,1.1958313,-0.56854248
7174,-1.2918091,1.2164307,-0.75668335
7175,-1.2922668,1.3587952,-0.69534302
7176,-1.2969971,1.3537598,-0.41305542
7177,-1.5440369,1.1965942,-0.41000366
7178,-1.4054871,1.2921143,-0.33950806
7179,-1.5377808,1.3418579,-0.26794434
7180,-1.6213989,1.3008118,-0.15197754
7181,-1.6151428,1.1331177,0.00793457
7182,-1.6520691,0.95184326,-0.11764526
7183,-1.688385,1.0978699,-0.18035889
7184,-1.7713928,1.0894775,-0.005493164
7185,-1.7709351,1.0223389,0.13397217
7186,-1.6537476,1.1405945,0.14038086
7187,-1.8460083,1.1352539,0.14785767
7188,-1.8450928,1.2026978,0.39886475
7189,-1.8565369,1.1729431,0.35522461
7190,-1.8869019,1.0850525,0.30426025
7191,-1.9989014,0.98861694,0.30639648
7192,-2.003479,0.95245361,0.33798218
7193,-1.975708,0.95199585,0.42282105
7194,-2.0166016,0.99960327,0.51696777
7195,-2.0417786,0.9375,0.44616699
7196,-1.9343567,1.006012,0.58197022
7197,-1.9393921,1.036377,0.67672729
7198,-2.0758057,0.84609985,0.59005737
7199,-2.1572876,0.88424683,0.45974731
7200,-2.1157837,0.70678711,0.76675415
7201,-2.2369385,0.72540283,0.85006714
7202,-2.1635437,0.83801269,0.79421997
7203,-2.2988892,0.45578003,0.82489014
7204,-2.0843506,1.7860413,1.05896
7205,-2.3808289,0.41946411,0.97915649
7206,-2.1858215,0.47363281,1.0197449
7207,-2.1925354,0.51376343,1.0491943
7208,-2.1968079,0.44586182,1.0632324
7209,-2.1733093,0.29632568,1.2469482
7210,-2.2581482,0.086669922,1.194458
7211,-2.3899841,0.10742188,1.1793518
7212,-2.3336792,0.15518188,1.3026428
7213,-2.1977234,0.14068603,1.5060425
7214,-2.1356201,0.062866211,1.3726807
7215,-2.1568298,-0.004882813,1.2088013
7216,-2.091217,-0.18356323,1.4936829
7217,-2.0678711,0.032501221,1.3679504
7218,-2.2859192,-0.18554688,1.2731934
7219,-2.0872498,-0.28289795,1.401825
7220,-1.9104004,-0.40908814,1.3354492
7221,-2.1960449,-0.47729492,1.6876221
7222,-2.0179749,-0.50140381,1.6413879
7223,-1.7810059,-0.70114136,1.703186
7224,-2.0976257,-0.75561523,1.6690063
7225,-1.9725037,-0.5267334,1.7149353
7226,-1.9441223,-0.6791687,1.8048096
7227,-1.8675232,-0.69992065,1.9638062
7228,-1.9772339,-1.0005188,1.8313599
7229,-1.8609619,-0.93109131,1.8945313
7230,-1.7253113,-0.99761963,2.0796204
7231,-1.8730164,-0.97198486,1.7771912
7232,-1.6610718,-0.96679688,1.8713379
7233,-1.7604065,-1.0481262,1.8814087
7234,-1.7552185,-1.1933899,1.8231201
7235,-1.681366,-1.348877,1.9151306
7236,-1.7202759,-1.4396667,1.8403625
7237,-1.7651367,-1.4749146,1.9697571
7238,-1.7102051,-1.4953613,1.8107605
7239,-1.550293,-1.4582825,1.9180298
7240,-1.4547729,-1.451416,1.9580078
7241,-1.2779236,-1.3224792,1.9776916
7242,-1.2908936,-1.2882996,2.0263672
7243,-1.4273071,-1.35849,1.9740295
7244,-1.2806702,-1.3198853,1.9570923
7245,-1.2298584,-1.4404297,2.0751953
7246,-1.0910034,-1.6166687,1.9987488
7247,-1.1657715,-1.75354,1.9927979
7248,-1.0919189,-1.7921448,2.0657349
7249,-1.105957,-1.9229126,1.9998169
7250,-0.91674805,-1.8087769,2.043457
7251,-0.95458984,-2.0185852,2.0004272
7252,-0.77789307,-1.9451904,1.9287109
7253,-0.79086304,-2.1992493,1.8029785
7254,-0.7824707,-2.0928955,1.8292236
7255,-0.56259155,-2.0483398,1.8572998
7256,-0.52886963,-1.9480896,1.7993164
7257,-0.47637939,-2.0304871,1.7758179
7258,-0.55236816,-2.0947266,1.7251587
7259,-0.45898438,-2.3472595,1.7909241
7260,-0.37765503,-2.3181152,1.7875671
7261,-0.32150269,-2.4287415,1.9723511
7262,-0.21438599,-2.3797607,1.8328857
7263,-0.23727417,-2.4801636,1.7227173
7264,-0.2142334,-2.2721863,1.7036438
7265,-0.12359619,-2.3210144,1.6682434
7266,-0.066986084,-2.3262024,1.6583252
7267,-0.018463135,-2.4069214,1.5223694
7268,0.040893555,-2.3828125,1.6055298
7269,0.058898926,-2.4176025,1.4624023
7270,0.10742188,-2.4291992,1.2922668
7271,0.28717041,-2.3564148,1.2269592
7272,0.31936645,-2.3141479,1.1399841
7273,0.34851074,-2.3330688,1.0751343
7274,0.30456543,-2.2451782,1.0797119
7275,0.40283203,-2.4168396,1.1030579
7276,0.31570435,-2.3999023,1.0411072
7277,0.43930054,-2.3022461,1.0015869
7278,0.64682007,-2.3204041,0.97503662
7279,0.57052612,-2.2459412,0.93551636
7280,0.65444946,-2.4450684,0.87844849
7281,0.7963562,-2.5178528,0.80886841
7282,0.83435059,-2.4908447,0.71258545
7283,0.90911865,-2.4726868,0.64605713
7284,1.0267639,-2.3921204,0.63613892
7285,0.95352173,-2.4331665,0.68664551
7286,1.0820007,-2.2840881,0.46234131
7287,0.99609375,-2.3565674,0.35552978
7288,1.0769653,-2.2154236,0.38131714
7289,1.0879517,-2.2492981,0.44815064
7290,1.1108398,-2.2941589,0.2180481
7291,1.3174438,-2.3295593,0.28503418
7292,1.204834,-2.1960449,0.11764526
7293,1.1447144,-2.0074463,0.22903442
7294,1.1184692,-2.1768188,0.13259888
7295,1.2332153,-2.2428894,-0.015716553
7296,1.2380981,-2.0042419,-0.0340271
7297,1.1489868,-1.8647766,-0.042114258
7298,1.3819885,-1.8118286,-0.14678955
7299,1.2426758,-1.7990112,-0.22506714
7300,1.2174988,-1.8391418,-0.1222229
7301,1.3105774,-1.8426514,-0.27709961
7302,1.330719,-1.8286133,-0.37704468
7303,1.3825989,-1.7941284,-0.28091431
7304,1.4370728,-1.7102051,-0.34606934
7305,1.2937927,-1.6015625,-0.32730103
7306,1.3168335,-1.4990234,-0.41168213
7307,1.348114,-1.4352417,-0.56488037
7308,1.4842224,-1.5609741,-0.64941406
7309,1.3330078,-1.4274597,-0.69046021
7310,1.2556458,-1.3352966,-0.62530518
7311,1.3847351,-1.3664246,-0.6237793
7312,1.3945007,-1.2203979,-0.72341919
7313,1.2989807,-1.1470032,-0.80764771
7314,1.2831116,-1.2028503,-0.94970703
7315,1.1448669,-0.96176147,-1.0855103
7316,1.1058044,-0.99578857,-0.94329834
7317,1.1763,-0.76919556,-0.90805054
7318,1.2663269,-0.92971802,-1.0139465
7319,1.2197876,-0.7345581,-1.204071
7320,1.3476563,-0.67947388,-1.0536194
7321,0.99868774,-0.71640015,-1.2327576
7322,1.2634277,-0.64453125,-1.1294556
7323,1.0221863,-0.48446655,-1.0987854
7324,0.95504761,-0.43701172,-1.053772
7325,1.0334778,-0.59127808,-1.0693359
7326,1.0253906,-0.41229248,-1.2559509
7327,1.0374451,-0.3616333,-1.2217712
7328,0.99151611,-0.22384644,-1.2771606
7329,0.92956543,-0.24536133,-1.2046814
7330,0.97290039,-0.20202637,-1.3743591
7331,0.82092285,-0.26519775,-1.3868713
7332,0.90896606,-0.19042969,-1.5309143
7333,0.91003418,-0.035858154,-1.5634155
7334,0.66543579,-0.18447876,-1.6793823
7335,0.59265137,-0.66162109,-1.5919495
7336,0.51879883,0.15090942,-1.5751648
7337,0.82138062,0.094146729,-1.4367676
7338,0.54382324,0.12542725,-1.4682007
7339,0.65216065,0.35690308,-1.3812256
7340,0.51879883,0.51391602,-1.4527893
7341,0.37506103,0.37414551,-1.4050293
7342,0.43991089,0.51071167,-1.4616394
7343,0.41595459,0.59570313,-1.3562012
7344,0.287323,0.47805786,-1.6603088
7345,0.26580811,0.58441162,-1.4428711
7346,0.059661865,0.60272217,-1.3156128
7347,0.14831543,0.81436157,-1.4080811
7348,0.012969971,0.88485718,-1.3851929
7349,0.018157959,0.76751709,-1.5505981
7350,0.084381104,0.83999634,-1.2963867
7351,-0.17181397,0.6326294,-1.3061523
7352,-0.23788452,0.78979492,-1.2483215
7353,-0.33630371,0.98358154,-1.1386108
7354,-0.35400391,0.79818726,-1.2734985
7355,-0.45700073,0.97869873,-1.414032
7356,-0.68069458,0.8744812,-1.2145996
7357,-0.48553467,0.91827393,-1.1558533
7358,-0.54031372,1.2901306,-1.1981201
7359,-0.65338135,1.1102295,-1.3111877
7360,-0.60058594,1.269989,-1.2449646
7361,-0.78567505,1.1637878,-1.16745
7362,-0.89187622,1.2516785,-1.0850525
7363,-0.9387207,1.2261963,-0.96298218
7364,-0.79879761,1.2580872,-0.88027954
7365,-0.80261231,1.3752747,-0.85876465
7366,-1.0762024,1.4396667,-0.77026367
7367,-1.1334229,1.3829041,-0.79177856
7368,-1.0897827,1.4108276,-0.77407837
7369,-1.2826538,1.2841797,-0.71212769
7370,-1.3995361,1.4183044,-0.57250977
7371,-1.3313293,1.3458252,-0.4234314
7372,-1.3496399,1.3864136,-0.521698
7373,-1.4376831,1.4044189,-0.46600342
7374,-1.4408875,1.3899231,-0.49240112
7375,-1.4877319,1.2998962,-0.39825439
7376,-1.4649963,1.192627,-0.44204712
7377,-1.4704895,1.3180542,-0.42297363
7378,-1.7823791,1.0189819,-0.48934936
7379,-1.7755127,1.260376,-0.22705078
7380,-1.6029358,1.2414551,-0.018615723
7381,-1.6519165,1.3079834,-0.16220093
7382,-1.7939758,1.2487793,-0.021820068
7383,-1.7950439,1.1808777,0.036621094
7384,-1.8203735,1.1268616,-0.096740723
7385,-1.774292,1.1175537,-0.019836426
7386,-1.9160461,1.1315918,0.086669922
7387,-2.0860291,1.0214233,0.26260376
7388,-1.8492126,0.90011597,0.21392822
7389,-1.8989563,1.0908508,0.30807495
7390,-2.0779419,1.1012268,0.27770996
7391,-2.1992493,1.1209106,0.47134399
7392,-2.0843506,1.0575867,0.4838562
7393,-2.2375488,0.96755981,0.65139771
7394,-2.1684265,0.81329346,0.70129394
7395,-2.3005676,0.92086792,0.61645508
7396,-2.1336365,0.82214356,0.75500488
7397,-2.2293091,0.55557251,0.80917358
7398,-2.3027039,0.78445435,0.77987671
7399,-2.1018982,0.58441162,0.84030151
7400,-2.12677,0.72509766,0.86608887
7401,-2.0671082,0.58547974,0.8517456
7402,-2.1139526,0.60165405,0.87600708
7403,-2.3062134,0.58609009,0.88867188
7404,-2.353363,0.39398193,0.98983765
7405,-2.0915222,0.4335022,1.0702515
7406,-2.1685791,0.44769287,1.0656738
7407,-2.2358704,0.38406372,1.2165833
7408,-2.2943115,0.28305054,1.2165833
7409,-2.1087646,0.28427124,1.2065125
7410,-2.1859741,0.34179688,1.2892151
7411,-2.150116,0.24215698,1.2574768
7412,-2.1505737,0.28579712,1.4614868
7413,-2.1533203,0.14312744,1.5905762
7414,-2.109375,-0.042724609,1.4451599
7415,-2.183075,-0.1914978,1.5942383
7416,-2.121582,-0.14648438,1.4610291
7417,-2.059021,-0.10406494,1.6323853
7418,-1.9039917,-0.25253296,1.6329956
7419,-1.7546082,-0.55145264,1.5402222
7420,-1.9052124,-0.54931641,1.631012
7421,-2.0521545,-0.50857544,1.803894
7422,-1.6181946,-0.90774536,1.6590881
7423,-1.8701172,-0.77316284,1.8017578
7424,-2.0275879,-0.86135864,1.7218018
7425,-2.0144653,-0.61050415,1.9075012
7426,-1.917572,-0.71624756,1.9033813
7427,-1.8148804,-0.90484619,2.0014954
7428,-1.9644165,-1.1769104,1.7622375
7429,-1.9845581,-1.0726929,1.8695068
7430,-1.8840027,-1.0710144,1.8725586
7431,-1.6160584,-1.0592651,1.9393921
7432,-1.8089294,-1.1795044,1.8519592
7433,-1.3806152,-1.1555481,1.8650818
7434,-1.5032959,-1.1761475,2.0332336
7435,-1.7041016,-1.2106323,2.0103455
7436,-1.6455078,-1.2382507,2.0831299
7437,-1.5527344,-1.305542,2.0051575
7438,-1.3581848,-1.5144348,1.8945313
7439,-1.3195801,-1.5092468,1.8704224
7440,-1.3218689,-1.5829468,1.9680786
7441,-1.2226868,-1.4880371,1.9606018
7442,-1.2994385,-1.4642334,1.953125
7443,-1.027832,-1.6630554,1.8530273
7444,-1.2319946,-1.5750122,1.8942261
7445,-1.1395264,-1.6398621,1.9036865
7446,-0.97198486,-1.67099,1.8528748
7447,-1.0919189,-1.9015503,1.9158936
7448,-0.95550537,-1.9836426,1.8974304
7449,-0.77941894,-1.9432068,2.1226501
7450,-0.90179443,-1.8928528,1.7581177
7451,-0.65216065,-1.9776916,1.8357849
7452,-0.78216553,-1.9308472,1.8708801
7453,-0.60897827,-2.0565796,1.8659973
7454,-0.63156128,-1.9458008,1.8823242
7455,-0.49438477,-1.9998169,1.8182373
7456,-0.48934936,-2.0819092,1.8963623
7457,-0.30807495,-1.9903564,1.7718506
7458,-0.38314819,-2.2494507,1.8177795
7459,-0.206604,-2.2711182,1.660614
7460,-0.12252808,-2.3222351,1.7724609
7461,-0.13244629,-2.4676514,1.5299988
7462,-0.15655518,-2.3542786,1.5715027
7463,-0.12939453,-2.1177673,1.5841675
7464,0.055541992,-2.2903442,1.5977478
7465,0.06149292,-2.3812866,1.4425659
7466,0.15319824,-2.3370361,1.6427612
7467,0.10299683,-2.4888611,1.3726807
7468,0.14678955,-2.4743652,1.2347412
7469,0.21011353,-2.2663879,1.2231445
7470,0.493927,-2.27005,1.2374878
7471,0.43365478,-2.3350525,1.0794067
7472,0.50628662,-2.3912048,1.0964966
7473,0.39505005,-2.322998,1.0209656
7474,0.40161133,-2.290802,1.0221863
7475,0.45379639,-2.2257996,0.97961426
7476,0.62454224,-2.2817993,0.9072876
7477,0.65505981,-2.3800659,0.87219238
7478,0.71121216,-2.311554,0.91934204
7479,0.70129394,-2.2315979,0.79788208
7480,0.72143555,-2.1897888,0.61798096
7481,0.7824707,-2.2010803,0.63491821
7482,0.73394775,-2.293396,0.62561035
7483,0.70007324,-2.3434448,0.61752319
7484,0.93017578,-1.947937,0.56900024
7485,0.90530396,-2.3220825,0.36224365
7486,1.0508728,-2.2273254,0.50064087
7487,0.86456299,-2.0857239,0.28503418
7488,0.99136353,-2.2319031,0.28533936
7489,0.95932007,-2.154541,0.14892578
7490,1.1357117,-2.0901489,0.19012451
7491,0.95718384,-2.1072388,0.22583008
7492,1.1036682,-1.9897461,0.024261475
7493,1.055603,-1.8588257,0.05065918
7494,1.1140442,-1.9454956,-0.001983643
7495,1.159668,-1.9802856,-0.08972168
7496,1.2443542,-1.8783569,-0.13748169
7497,1.20224,-1.807251,-0.096740723
7498,1.2185669,-1.7375183,-0.23498535
7499,1.1897278,-1.6577148,-0.25054932
7500,1.1746216,-1.7230225,-0.37307739
7501,1.2426758,-1.4225769,-0.30029297
7502,1.2519836,-1.7015076,-0.49102783
7503,1.2373352,-1.6116333,-0.4335022
7504,1.2113953,-1.4375305,-0.49072266
7505,1.2841797,-1.4006042,-0.67184448
7506,1.1222839,-1.399231,-0.64056397
7507,1.4405823,-1.4718628,-0.65505981
7508,1.3624573,-1.2799072,-0.68450928
7509,1.252594,-1.2313843,-0.67306519
7510,1.2623596,-1.3778687,-0.85708618
7511,1.2879944,-1.3912964,-0.69580078
7512,1.2759399,-1.2908936,-0.82122803
7513,1.2478638,-1.1984253,-0.87860107
7514,1.2918091,-1.134491,-0.85372925
7515,1.2530518,-0.96588135,-1.022644
7516,1.136322,-0.85968018,-0.82489014
7517,1.0852051,-0.82748413,-1.0205078
7518,1.1517334,-0.86547852,-0.86471558
7519,1.222229,-0.7421875,-0.96115112
7520,0.98327637,-0.72372437,-1.0940552
7521,0.94146728,-0.42327881,-1.0472107
7522,0.88500977,-0.41610718,-1.0523987
7523,1.1172485,-0.56915283,-1.2106323
7524,1.0617065,-0.55633545,-1.2402344
7525,1.0038757,-0.39672852,-1.2545776
7526,0.89126587,-0.31402588,-1.3053894
7527,0.88348389,-0.21026611,-1.3348389
7528,0.78735352,-0.12405395,-1.3508606
7529,0.7383728,-0.078277588,-1.307373
7530,0.75927734,-0.1348877,-1.3519287
7531,0.74127197,-0.036468506,-1.3308716
7532,0.36560059,-0.55419922,-1.5242004
7533,0.47851563,-0.63018799,-1.1833191
7534,0.57510376,-0.18615723,-1.2695313
7535,0.59753418,0.15289307,-1.3923645
7536,0.62988281,0.45440674,-1.2948608
7537,0.39794922,0.58685303,-1.3116455
7538,0.39505005,0.53771973,-1.3543701
7539,0.24368286,0.4057312,-1.5182495
7540,0.32073975,0.50506592,-1.2826538
7541,0.13427734,0.48629761,-1.2521362
7542,0.081329346,0.64682007,-1.4154053
7543,0.131073,0.59326172,-1.4784241
7544,0.040588379,0.52566528,-1.4523315
7545,0.010986328,0.67337036,-1.4373779
7546,-0.053100586,0.89126587,-1.3284302
7547,-0.20324707,0.86395264,-1.3383484
7548,-0.11886597,0.86730957,-1.3301086
7549,-0.16616821,0.75790405,-1.3005066
7550,-0.32867432,0.80230713,-1.277771
7551,-0.35797119,0.95565796,-1.2779236
7552,-0.31478882,0.96374512,-1.1680603
7553,-0.31585693,1.0076904,-1.0554504
7554,-0.46051025,0.98388672,-1.2028503
7555,-0.37399292,0.80932617,-1.0772705
7556,-0.59494019,1.0339355,-1.1346436
7557,-0.50460815,1.1193848,-0.89050293
7558,-0.66741943,0.96679688,-0.96435547
7559,-0.68893433,1.2171936,-0.91247559
7560,-0.69152832,1.4172363,-0.85968018
7561,-0.75653076,1.1856079,-0.92285156
7562,-0.90133667,1.2475586,-0.80627441
7563,-0.94543457,1.2767029,-0.72753906
7564,-0.94482422,1.3522339,-0.70571899
7565,-0.84716797,1.2309265,-0.70007324
7566,-0.94787598,1.3601685,-0.71228027
7567,-1.0070801,1.4035034,-0.61798096
7568,-1.1734009,1.3972473,-0.56610107
7569,-1.0049438,1.2683105,-0.49591064
7570,-1.2736511,1.2057495,-0.58853149
7571,-1.2210083,1.385498,-0.39672852
7572,-1.4311218,1.3645935,-0.34866333
7573,-1.4543152,1.4175415,-0.33081055
7574,-1.4517212,1.2127686,-0.34805298
7575,-1.5306091,1.1326599,-0.28869629
7576,-1.4524841,1.2327576,-0.22994995
7577,-1.4532471,1.1561584,-0.23376465
7578,-1.5834045,1.1862183,-0.11535645
7579,-1.6171265,1.1901855,-0.07522583
7580,-1.5643311,1.2742615,-0.10345459
7581,-1.557312,1.3143921,0.012359619
7582,-1.6978455,1.217041,0.016174316
7583,-1.7028809,1.2338257,-0.009002686
7584,-1.7312622,1.1724854,0.11047363
7585,-1.7987061,1.1187744,0.24673462
7586,-1.7565918,1.1564636,0.29159546
7587,-1.8469238,1.0548401,0.42724609
7588,-2.1246338,1.1068726,0.40588379
7589,-1.7686462,1.0635376,0.41931152
7590,-1.8960571,0.84991455,0.46279907
7591,-2.0042419,0.83877563,0.56335449
7592,-1.8969727,0.93704224,0.52597046
7593,-1.9937134,1.0072327,0.57617188
7594,-2.0794678,0.87402344,0.67352295
7595,-2.0124817,0.91125488,0.63964844
7596,-2.0710754,0.69396973,0.7409668
7597,-1.9541931,0.73562622,0.79528809
7598,-2.1200562,0.73486328,0.99151611
7599,-2.0770264,0.63201904,1.0150146
7600,-1.9415283,0.48751831,1.0609436
7601,-2.1635437,1.0882568,1.0121155
7602,-2.2427368,0.52810669,0.9538269
7603,-2.2450256,0.6388855,0.89767456
7604,-2.1273804,0.50857544,1.0917664
7605,-2.1911621,0.48065186,1.2820435
7606,-2.0698547,0.35507202,1.1297607
7607,-2.0622253,0.29678345,1.2011719
7608,-1.9747925,0.33004761,1.2921143
7609,-1.9328308,0.10665894,1.1616516
7610,-2.2241211,0.33813477,1.2646484
7611,-2.1440125,0.23269653,1.3961792
7612,-2.2509766,0.017700195,1.5118408
7613,-2.1794128,-0.11886597,1.3360596
7614,-2.0852661,-0.074615479,1.3192749
7615,-2.0388794,-0.14770508,1.583252
7616,-1.9488525,-0.20553589,1.652832
7617,-1.9064331,-0.20828247,1.6868591
7618,-2.1211243,-0.58074951,1.647644
7619,-1.8533325,-0.37719727,1.8058777
7620,-1.9180298,-0.61767578,1.9946289
7621,-1.8482971,-0.64758301,1.8006897
7622,-2.0053101,-0.64300537,1.6741943
7623,-1.7416382,-0.71121216,1.8031311
7624,-1.7626953,-0.67016602,1.8276978
7625,-1.8460083,-0.96328735,1.9506836
7626,-1.9364929,-0.99029541,1.9580078
7627,-1.7771912,-1.0308838,2.063446
7628,-1.587677,-0.95870972,1.9195557
7629,-1.5769959,-0.94894409,1.902771
7630,-1.446991,-0.8644104,1.8888855
7631,-1.5029907,-0.94467163,1.7173767
7632,-1.5847778,-1.0910034,1.8742371
7633,-1.4407349,-1.2068176,1.8080139
7634,-1.5538025,-1.3282776,1.9093323
7635,-1.350708,-1.5530396,1.9868469
7636,-1.2989807,-1.5367126,1.9636536
7637,-1.2969971,-1.6326904,1.90979
7638,-1.2173462,-1.6693115,1.8388367
7639,-1.2387085,-1.6055298,1.9439697
7640,-1.1611938,-1.6140747,1.9122314
7641,-1.000061,-1.5768433,2.0455933
7642,-1.0372925,-1.5301514,2.043457
7643,-0.95855713,-1.7674255,1.8171692
7644,-0.92147827,-1.8264771,1.9665527
7645,-0.88119507,-1.885376,1.8684387
7646,-0.78567505,-1.8215942,1.8959045
7647,-0.76171875,-1.8171692,1.8104553
7648,-0.80093384,-1.8685913,1.7938232
7649,-0.67611694,-1.8792725,1.7919922
7650,-0.62438965,-2.0707703,1.8453979
7651,-0.55603027,-2.1936035,1.9264221
7652,-0.58181763,-2.0417786,1.7758179
7653,-0.4335022,-1.9992065,1.6491699
7654,-0.35858154,-2.1122742,1.534729
7655,-0.37658691,-2.1035767,1.6670227
7656,-0.31326294,-2.1195984,1.46698
7657,-0.12008667,-2.1664429,1.6036987
7658,-0.27801514,-2.2776794,1.628418
7659,-0.23620606,-2.3757935,1.394043
7660,-0.35934448,-2.3808289,1.4204407
7661,-0.18661499,-2.2746277,1.4328003
7662,0.039520264,-2.1833801,1.3664246
7663,-0.057678223,-1.9700623,1.5718079
7664,-0.11474609,-2.1151733,1.1776733
7665,-0.052185059,-2.1824646,1.3493347
7666,-0.021820068,-2.4301147,1.3026428
7667,0.14328003,-2.2593689,1.3313293
7668,0.21011353,-2.2229004,1.264801
7669,0.28884888,-2.3368835,1.1637878
7670,0.34881592,-2.4383545,1.1764526
7671,0.42114258,-2.4375916,1.2167358
7672,0.43869019,-2.204895,1.0795593
7673,0.6401062,-2.3097229,1.0165405
7674,0.34957886,-2.4052429,0.93933106
7675,0.42663574,-2.3147583,0.85876465
7676,0.49728394,-2.2991943,0.93658447
7677,0.67138672,-2.3762512,0.70465088
7678,0.57144165,-2.3321533,0.85510254
7679,0.70465088,-2.328186,0.74264526
7680,0.63156128,-2.1850586,0.67855835
7681,0.83099365,-2.183075,0.59997559
7682,0.92178345,-2.2140503,0.54962158
7683,0.83694458,-2.1871948,0.36682129
7684,0.96740723,-2.1766663,0.38894653
7685,0.93994141,-2.0501709,0.1864624
7686,0.87432861,-2.0846558,0.23498535
7687,0.99609375,-1.9657898,0.27557373
7688,0.94436646,-2.0661926,0.24780273
7689,1.2251282,-1.9606018,0.11489868
7690,1.0542297,-1.9535828,0.10925293
7691,0.95245361,-1.9743347,-0.00579834
7692,1.1242676,-1.933136,-0.14938355
7693,0.95092773,-1.8878174,0.063171387
7694,1.1021423,-1.8133545,-0.17730713
7695,1.1552429,-1.8226624,-0.13366699
7696,1.1885071,-1.8045044,-0.21362305
7697,1.1003113,-1.8655396,-0.48797607
7698,1.1123657,-1.68396,-0.51086426
7699,1.0438538,-1.4125061,-0.34820557
7700,1.2168884,-1.5531921,-0.39932251
7701,1.2199402,-1.3833618,-0.40405273
7702,1.3284302,-1.3407898,-0.37826538
7703,1.1404419,-1.3633728,-0.46905518
7704,1.0467529,-1.3853455,-0.47958374
7705,1.1521912,-1.3873291,-0.68023682
7706,1.0798645,-1.104126,-0.46829224
7707,1.207428,-1.0125732,-0.56274414
7708,1.3110352,-1.2072754,-0.72952271
7709,1.0055542,-0.95687866,-0.6552124
7710,1.1816406,-0.990448,-0.79681397
7711,0.98510742,-1.0020447,-0.75180054
7712,0.93811035,-0.83053589,-0.74279785
7713,0.87738037,-0.88272095,-0.82763672
7714,0.93231201,-0.77682495,-0.92819214
7715,0.86669922,-0.79788208,-0.91522217
7716,0.95840454,-0.68313599,-0.93414307
7717,0.94467163,-0.93994141,-1.0049438
7718,0.94985962,-0.70205688,-0.9753418
7719,0.91430664,-0.7723999,-1.0350037
7720,0.94726563,-0.80886841,-1.0864258
7721,0.83587647,-0.64529419,-1.0137939
7722,0.82077026,-0.33309936,-0.98602295
7723,0.81634522,-0.42221069,-0.98083496
7724,0.83938599,-0.44403076,-1.1515808
7725,0.58441162,-0.20751953,-1.0768127
7726,0.74752808,-0.17776489,-1.1837769
7727,0.64834595,-0.17852783,-1.2841797
7728,0.64041138,-0.25604248,-1.2133789
7729,0.72265625,-0.29144287,-1.1721802
7730,0.73684692,-0.23239136,-1.5145874
7731,0.48095703,-0.21850586,-1.2887573
7732,0.56274414,-0.1486206,-1.3183594
7733,0.44937134,1.4668274,-1.3491821
7734,0.55358887,0.12969971,-1.2315369
7735,0.27282715,0.29129028,-1.1752319
7736,0.38131714,0.37353516,-1.2327576
7737,0.31585693,0.32592773,-1.3777161
7738,0.33065796,0.46417236,-1.1885071
7739,0.25497436,0.41412353,-1.0638428
7740,0.1234436,0.53817749,-1.2457275
7741,0.058135986,0.5090332,-1.2466431
7742,0.10574341,0.66040039,-1.0775757
7743,0.049438477,0.48843384,-1.2223816
7744,0.00793457,0.61248779,-1.0995483
7745,-0.046081543,0.61126709,-1.1543274
7746,-0.17974853,0.74691772,-1.1859131
7747,-0.11077881,0.70373535,-1.1605835
7748,-0.22949219,0.68191528,-1.124115
7749,-0.15228272,0.92468262,-1.1607361
7750,-0.32714844,1.0426331,-1.3563538
7751,-0.27587891,0.86257935,-1.3269043
7752,-0.54473877,0.91445923,-1.2117004
7753,-0.39520264,1.0360718,-1.0757446
7754,-0.5267334,1.022644,-0.99075317
7755,-0.68862915,1.0733032,-0.85906982
7756,-0.61660767,1.1099243,-0.91659546
7757,-0.65383911,1.2031555,-0.92956543
7758,-0.77026367,1.2672424,-0.85845947
7759,-0.92071533,1.0783386,-0.80993652
7760,-0.89675903,1.1927795,-0.74371338
7761,-1.0545349,1.0707092,-0.6489563
7762,-0.92941284,1.0499573,-0.60836792
7763,-1.0771179,1.0522461,-0.61309815
7764,-1.1436462,1.0406494,-0.70800781
7765,-1.1833191,1.1422729,-0.43502808
7766,-1.174469,1.156311,-0.59997559
7767,-1.2773132,1.1447144,-0.43579102
7768,-1.3224792,1.2408447,-0.50506592
7769,-1.3406372,1.4428711,-0.31707764
7770,-1.3476563,1.0804749,-0.32104492
7771,-1.3954163,0.64712524,-0.46264648
7772,-1.2626648,1.0275269,-0.24749756
7773,-1.4276123,1.0974121,-0.11917114
7774,-1.3928223,1.1077881,-0.12115479
7775,-1.439209,1.0180664,0.13031006
7776,-1.5133667,0.94802856,0.00793457
7777,-1.522522,1.0108948,-0.022583008
7778,-1.5766907,0.90011597,0.017089844
7779,-1.541748,0.98297119,0.1864624
7780,-1.5376282,1.0456848,0.18081665
7781,-1.7700195,1.111145,0.1222229
7782,-1.8554688,1.0891724,0.22399902
7783,-1.7364502,1.0571289,0.284729
7784,-1.6757202,0.70251465,0.33294678
7785,-1.7752075,0.89279175,0.32104492
7786,-1.7082214,0.70724487,0.36636353
7787,-1.8707275,0.86364746,0.39215088
7788,-1.9920349,0.68527222,0.52032471
7789,-1.8684387,0.78735352,0.5241394
7790,-1.6812134,0.85327148,0.64407349
7791,-1.9018555,0.96603394,0.74462891
7792,-1.8780518,0.8517456,0.61447144
7793,-1.9462585,0.66253662,0.5935669
7794,-1.9345093,0.45410156,0.71380615
7795,-1.9093323,0.58044434,0.88790894
7796,-2.0137024,0.60134888,0.75973511
7797,-2.0391846,0.47012329,1.0610962
7798,-2.0367432,0.41778564,1.1021423
7799,-1.9598389,1.3639832,1.1506653
7800,-1.9235229,0.20599365,0.94818115
7801,-1.885376,0.33950806,1.0623169
7802,-2.0240784,0.35064697,1.0421753
7803,-1.9194031,0.27908325,1.1526489
7804,-2.0458984,0.16784668,1.1407471
7805,-2.0030212,0.089111328,1.2438965
7806,-1.9970703,-0.012664795,1.3607788
7807,-1.8688965,-0.06729126,1.1923218
7808,-2.1022034,0.14007568,1.3961792
7809,-1.9926453,-0.073852539,1.4318848
7810,-1.9616699,-0.3112793,1.5214539
7811,-1.9091797,-0.31311035,1.4050293
7812,-2.1437073,-0.68939209,1.3520813
7813,-1.9833374,-0.54656982,1.565094
7814,-2.0014954,-0.52612305,1.6546631
7815,-1.8481445,-0.7383728,1.439209
7816,-1.8907166,-0.51132202,1.5936279
7817,-1.8545532,-0.69824219,1.5811157
7818,-1.9190979,-0.57800293,1.6741943
7819,-1.9465637,-0.74005127,1.5533447
7820,-1.9006348,-0.70129394,1.7428589
7821,-1.7700195,-0.79589844,1.6615295
7822,-1.6706848,-0.62423706,1.8321228
7823,-1.5643311,-1.0096741,1.7477417
7824,-1.764679,-0.93795776,1.7396545
7825,-1.7494202,-1.1967468,1.7098999
7826,-1.4468384,-1.2001038,1.7326355
7827,-1.6319275,-1.2773132,1.6546631
7828,-1.6769409,-1.1917114,1.5962219
7829,-1.5319824,-1.1714172,1.680603
7830,-1.5441895,-1.2573242,1.7799377
7831,-1.436615,-1.3088989,1.690979
7832,-1.300354,-1.3143921,1.8469238
7833,-1.1482239,-1.2947083,1.8971252
7834,-1.0275269,-1.2217712,1.867981
7835,-1.1425781,-1.2901306,1.8095398
7836,-1.1228943,-1.585083,1.8118286
7837,-0.95352173,-1.5226746,1.8238831
7838,-1.0668945,-1.468811,1.77948
7839,-0.90942383,-1.6378784,1.7877197
7840,-0.8013916,-1.5805054,1.8417358
7841,-0.86257935,-1.6641235,1.8209839
7842,-0.80123901,-1.8074036,1.7312622
7843,-0.8505249,-1.6622925,1.7842102
7844,-0.62484741,-1.6934204,1.6329956
7845,-0.58395386,-1.8247986,1.6348267
7846,-0.51681519,-1.6572571,1.559906
7847,-0.55862427,-1.6215515,1.5655518
7848,-0.48492432,-1.763916,1.4006042
7849,-0.55755615,-1.9497681,1.5049744
7850,-0.48675537,-1.9429016,1.5435791
7851,-0.38024902,-2.0805359,1.3334656
7852,-0.31707764,-2.0718384,1.481781
7853,-0.28869629,-1.9950867,1.2763977
7854,-0.35263061,-2.0420837,1.3053894
7855,-0.093078613,-1.9284058,1.4131165
7856,-0.12634277,-2.1224976,1.3406372
7857,-0.092468262,-2.12677,1.1499023
7858,0.076141357,-2.1488953,1.3949585
7859,0.049438477,-2.0018005,1.1038208
7860,0.18997192,-2.1199036,1.1785889
7861,0.12207031,-2.1514893,1.018219
7862,0.051574707,-2.1412659,1.0697937
7863,0.059661865,-2.2610474,1.0548401
7864,0.24932861,-2.1447754,1.0466003
7865,0.25421143,-2.1546936,0.85281372
7866,0.29083252,-2.0394897,0.74768066
7867,0.30731201,-2.0381165,0.86929321
7868,0.47515869,-2.0732117,0.91339111
7869,0.40557861,-2.1678162,0.90576172
7870,0.47454834,-2.1266174,0.82290649
7871,0.58258057,-2.0849609,0.71411133
7872,0.62164307,-1.9880676,0.59967041
7873,0.69839478,-1.9207764,0.65048218
7874,0.65429688,-2.0593262,0.54870606
7875,0.79528809,-2.021637,0.44799805
7876,0.80566406,-2.142334,0.60409546
7877,0.68466187,-2.1287537,0.52001953
7878,0.8265686,-2.1818542,0.31936645
7879,0.91598511,-1.968689,0.34484863
7880,0.73532104,-1.9120789,0.26947022
7881,0.92803955,-1.9664001,0.42007446
7882,0.86471558,-1.9161987,0.090637207
7883,0.8682251,-1.8952942,0.098876953
7884,0.97610474,-1.7402649,0.1789856
7885,0.94573975,-1.7805481,-0.025024414
7886,1.0424805,-1.6496277,0.053253174
7887,1.0002136,-1.6656494,-0.096740723
7888,1.0084534,-1.7878723,-0.20431519
7889,1.0398865,-1.6653442,-0.10040283
7890,1.1265564,-1.7848206,-0.21209717
7891,1.1639404,-1.5803528,-0.081176758
7892,1.0095215,-1.5060425,-0.27954102
7893,1.1491394,-1.5576172,-0.16601563
7894,1.1247253,-1.5881348,-0.33035278
7895,1.0102844,-1.5275574,-0.25665283
7896,1.1387634,-1.5130615,-0.56549072
7897,1.0073853,-1.4125061,-0.51803589
7898,1.1380005,-1.343689,-0.55053711
7899,1.1785889,-1.1433411,-0.53222656
7900,1.1312866,-1.2857056,-0.55740356
7901,1.1499023,-1.0612488,-0.52642822
7902,0.92910767,-0.99319458,-0.73577881
7903,1.033783,-0.97290039,-0.68267822
7904,0.96374512,-1.0029602,-0.69671631
7905,1.0484314,-0.92483521,-0.87966919
7906,0.93811035,-0.98800659,-0.62927246
7907,0.93505859,-0.69351196,-0.74249268
7908,0.91583252,-0.9173584,-0.94604492
7909,1.0186768,-0.69213867,-0.92941284
7910,0.99456787,-0.72341919,-0.92391968
7911,0.92529297,-0.62225342,-0.83068848
7912,0.95352173,-0.62194824,-0.94558716
7913,0.84762573,-0.61019897,-0.85220337
7914,0.85876465,-0.5607605,-1.05896
7915,0.8670044,-0.52642822,-0.89019775
7916,0.83633423,-0.33477783,-1.0823059
7917,0.84518433,-0.27999878,-1.0513306
7918,0.51300049,-0.10726929,-1.1026001
7919,0.69824219,-0.17501831,-1.4561462
7920,0.71914673,0.035247803,-1.2229919
7921,0.68450928,-0.11672974,-1.2339783
7922,0.67443848,-0.26916504,-1.3243103
7923,0.61157227,-0.12619019,-1.2298584
7924,0.29663086,-0.21240234,-1.4253235
7925,0.15869141,-0.60119629,-1.4367676
7926,0.037384033,-0.37414551,-1.3290405
7927,0.26428223,0.10650635,-1.1747742
7928,0.45578003,0.36590576,-1.1643982
7929,0.28915405,0.38864136,-1.2243652
7930,0.2998352,0.15518188,-1.2115479
7931,0.41564941,0.72143555,-1.1811829
7932,0.19836426,0.58639526,-1.2733459
7933,0.18005371,0.4133606,-1.0667419
7934,0.20812988,0.42984009,-1.1431885
7935,0.15869141,0.3704834,-1.3012695
7936,-0.029449463,0.48278809,-1.1148071
7937,0.002593994,0.60760498,-1.2123108
7938,0.000915527,0.7510376,-1.1717224
7939,-0.16571045,0.74584961,-1.0517883
7940,-0.22842407,0.86807251,-1.0267639
7941,-0.19424438,0.90911865,-1.1206055
7942,-0.32196045,0.86929321,-1.0139465
7943,-0.40420532,0.9475708,-1.1404419
7944,-0.41976929,0.90744019,-0.9463501
7945,-0.50292969,0.86135864,-0.87966919
7946,-0.46951294,0.85357666,-0.83190918
7947,-0.51635742,1.0247803,-0.84259033
7948,-0.51589966,1.061554,-0.86181641
7949,-0.79650879,1.1169434,-0.87509155
7950,-0.89309692,1.0856628,-0.75073242
7951,-0.88470459,1.2341309,-0.75820923
7952,-0.8984375,1.1785889,-0.70632935
7953,-0.98800659,1.2788391,-0.69900513
7954,-0.94329834,1.0473633,-0.81192017
7955,-0.9286499,1.083374,-0.67749023
7956,-0.86883545,1.288147,-0.67749023
7957,-0.99746704,1.3317871,-0.61004639
7958,-1.2045288,1.2007141,-0.46524048
7959,-1.1656189,1.2515259,-0.64239502
7960,-1.1230469,1.2269592,-0.61889648
7961,-1.1149597,1.1483765,-0.46203613
7962,-1.3052368,1.2471008,-0.37475586
7963,-1.2568665,1.3146973,-0.23071289
7964,-1.333313,1.2609863,-0.30761719
7965,-1.4083862,1.2158203,-0.28366089
7966,-1.567688,1.0818481,-0.13595581
7967,-1.524353,0.84106445,-0.33050537
7968,-1.6442871,1.237793,-0.20065308
7969,-1.6696167,1.0707092,-0.12527466
7970,-1.6357422,1.1254883,-0.01159668
7971,-1.469574,1.0513306,0.074157715
7972,-1.6976929,1.1630249,0.1248169
7973,-1.7962646,0.94055176,0.16067505
7974,-1.7460632,1.0842896,0.31784058
7975,-1.8058777,0.9765625,0.43289185
7976,-1.6810608,1.1584473,0.35095215
7977,-1.7272949,0.94940185,0.40405273
7978,-1.9195557,1.0540771,0.47683716
7979,-1.822052,1.0450745,0.53527832
7980,-1.9668579,0.74035644,0.38269043
7981,-1.9003296,0.92681885,0.56488037
7982,-1.9996643,0.94787598,0.59234619
7983,-2.0237732,0.85479736,0.64941406
7984,-2.0248413,0.84686279,0.69168091
7985,-2.1890259,0.59570313,0.64743042
7986,-2.0504761,0.88790894,0.87783813
7987,-2.1780396,0.6086731,0.8013916
7988,-1.9918823,0.62805176,0.79940796
7989,-2.0507813,0.28808594,0.8454895
7990,-1.9639587,0.60317993,0.85647583
7991,-1.9042969,0.46203613,0.96221924
7992,-1.9177246,0.46020508,1.0681152
7993,-2.0614624,0.43701172,1.0717773
7994,-1.9509888,0.22781372,1.0559082
7995,-2.1118164,0.27801514,1.0270691
7996,-1.9680786,-0.058288574,1.0868835
7997,-2.1075439,0.20019531,1.2046814
7998,-1.9908142,0.016784668,1.1946106
7999,-2.1296692,-0.003967285,1.399231
8000,-1.9540405,0.1045227,1.2109375
8001,-1.9049072,0.031280518,1.1483765
8002,-2.076416,0.094146729,1.3961792
8003,-2.0320129,-0.22216797,1.2771606
8004,-1.9628906,-0.23895264,1.4904785
8005,-2.052002,-0.41366577,1.6113281
8006,-1.9883728,-0.40054321,1.6372681
8007,-1.8991089,-0.48416138,1.4073181
8008,-1.950531,-0.39123535,1.4706421
8009,-1.8737793,-0.61004639,1.4198303
8010,-1.8833923,-0.59875488,1.5670776
8011,-1.9702148,-0.61218262,1.6981506
8012,-1.8228149,-0.70144653,1.7610168
8013,-1.7428589,-0.64926147,1.7549133
8014,-1.6000366,-0.68496704,1.8077087
8015,-1.7333984,-0.63339233,1.8580627
8016,-1.681366,-0.87585449,1.7388916
8017,-1.5585327,-1.0139465,1.8203735
8018,-1.5979004,-1.1660767,1.5481567
8019,-1.5077209,-1.1497498,1.8302917
8020,-1.461792,-1.0627747,1.8914795
8021,-1.5011597,-0.92056274,1.9320679
8022,-1.4041138,-0.9954834,1.8783569
8023,-1.2445068,-1.125946,1.8112183
8024,-1.3076782,-1.3027954,1.8367004
8025,-1.3735962,-1.5693665,1.7837524
8026,-1.360321,-1.489563,1.8925476
8027,-1.2939453,-1.3839722,1.8901062
8028,-1.1871338,-1.5290833,1.8969727
8029,-1.1752319,-1.6174316,1.8167114
8030,-1.2728882,-1.8917847,1.6609192
8031,-1.2265015,-1.8360901,1.6081238
8032,-1.2213135,-1.7190552,1.8658447
8033,-1.0569763,-1.783905,1.6662598
8034,-0.88150024,-1.6593933,1.8486023
8035,-0.91796875,-1.7106628,1.7564392
8036,-0.85021973,-1.7556763,1.819458
8037,-0.71365356,-1.8565369,1.8025208
8038,-0.70281982,-1.8406677,1.8261719
8039,-0.74615478,-1.815033,1.8061829
8040,-0.57495117,-1.947937,1.7251587
8041,-0.66162109,-1.8899536,1.7700195
8042,-0.66299438,-1.9810486,1.7868042
8043,-0.53588867,-2.1263123,1.8325806
8044,-0.42877197,-2.1807861,1.7893982
8045,-0.38146973,-2.0785522,1.7141724
8046,-0.28625488,-1.9696045,1.5539551
8047,-0.25726318,-2.0526123,1.5667725
8048,-0.29846191,-2.0730591,1.6116333
8049,-0.12252808,-2.1815491,1.6790771
8050,-0.03036499,-2.2364807,1.463623
8051,-0.083465576,-2.2140503,1.3191223
8052,0.000610352,-2.3313904,1.212616
8053,0.010528564,-2.1765137,1.2928772
8054,0.022125244,-2.146759,1.3339233
8055,0.1260376,-2.2325134,1.3397217
8056,0.19577026,-2.3558044,1.3235474
8057,0.39428711,-2.3680115,1.1813354
8058,0.32440186,-2.3318481,1.0798645
8059,0.42755127,-2.5448608,1.1288452
8060,0.46524048,-2.3068237,1.025238
8061,0.40634155,-2.2686768,0.99685669
8062,0.62805176,-2.2715759,0.91949463
8063,0.59066772,-2.2143555,0.63446045
8064,0.72906494,-2.1403503,0.8001709
8065,0.83206177,-2.1722412,0.79772949
8066,0.65338135,-2.1342468,0.70922852
8067,0.76782227,-2.0343018,0.60562134
8068,0.80200195,-2.2349548,0.69580078
8069,0.63049316,-2.2747803,0.63201904
8070,0.73043823,-2.2598267,0.59890747
8071,0.77880859,-2.2544861,0.45379639
8072,0.82702637,-2.2201538,0.47729492
8073,0.89279175,-2.1853638,0.37475586
8074,0.92575073,-2.1018982,0.26687622
8075,0.95748901,-2.0939636,0.23971558
8076,1.010437,-2.0149231,0.26443481
8077,0.99182129,-2.097168,0.23498535
8078,1.0780334,-1.9845581,0.16616821
8079,1.1804199,-1.9044495,0.021972656
8080,1.0993958,-1.9485474,0.022125244
8081,1.0256958,-1.835022,-0.084838867
8082,1.1349487,-1.9558716,-0.14434815
8083,1.2164307,-1.9335938,-0.058288574
8084,1.2014771,-1.8597412,-0.15182495
8085,1.1732483,-1.7376709,-0.25344849
8086,1.184082,-1.6586304,-0.20324707
8087,1.2068176,-1.6078186,-0.23223877
8088,1.1235046,-1.5246582,-0.50216675
8089,1.1679077,-1.6018677,-0.43289185
8090,1.2487793,-1.5673828,-0.52246094
8091,1.2193298,-1.4859009,-0.5909729
8092,1.2585449,-1.4001465,-0.63949585
8093,1.2257385,-1.2449646,-0.61096191
8094,1.1721802,-1.1035156,-0.55984497
8095,1.2689209,-1.146698,-0.7510376
8096,1.2838745,-1.2174988,-0.7749939
8097,1.2431335,-1.3517761,-0.80856323
8098,1.1317444,-1.1930847,-0.86380005
8099,1.1325073,-1.1781311,-0.81787109
8100,1.0809326,-1.14151,-0.81542969
8101,1.1009216,-1.1074829,-0.90744019
8102,1.04599,-0.93505859,-1.0002136
8103,1.0964966,-0.96176147,-0.9803772
8104,0.74752808,-1.0079956,-0.88409424
8105,1.1958313,-0.9211731,-0.81481934
8106,1.1297607,-0.91369629,-0.84793091
8107,1.1006165,-0.83618164,-0.90393066
8108,1.0357666,-0.7333374,-0.98373413
8109,1.1195374,-0.67672729,-1.111908
8110,0.97473144,-0.50094604,-1.1833191
8111,0.97900391,-0.33660889,-1.1288452
8112,0.83938599,-0.44967651,-1.0446167
8113,0.79620361,-0.46279907,-1.2368774
8114,0.8744812,-0.33325195,-1.1700439
8115,0.89508057,-0.11901856,-1.3038635
8116,0.82244873,-0.012512207,-1.3143921
8117,0.61157227,-0.24780273,-1.474762
8118,0.19851685,-0.36193848,-1.4720154
8119,0.39245606,-0.37719727,-1.6146851
8120,0.51254272,-0.14160156,-1.3821411
8121,0.57388306,-0.027008057,-1.4030457
8122,0.48095703,0.092926025,-1.4619446
8123,0.44021606,0.37765503,-1.3571167
8124,0.38909912,0.45822144,-1.3009644
8125,0.47271728,0.52490234,-1.4405823
8126,0.26565552,0.62744141,-1.2835693
8127,0.33309936,0.50186157,-1.4653015
8128,0.3855896,0.49285889,-1.2864685
8129,0.16967773,0.63171387,-1.3072205
8130,0.3225708,0.72647095,-1.3986206
8131,0.008544922,0.71716309,-1.3720703
8132,-0.006866455,0.75073242,-1.2980652
8133,-0.055847168,0.56167603,-1.2187195
8134,-0.15655518,0.60562134,-1.1965942
8135,-0.13275147,0.79208374,-1.25
8136,-0.25695801,0.8670044,-1.3131714
8137,-0.13854981,0.93612671,-1.146698
8138,-0.2684021,0.98693848,-1.1997986
8139,-0.45761108,0.91094971,-1.136322
8140,-0.42205811,1.0670471,-1.1697388
8141,-0.52627563,1.1358643,-1.1515808
8142,-0.56396484,1.3291931,-1.0310364
8143,-0.52947998,1.0623169,-1.0046387
8144,-0.6350708,1.1572266,-0.98220825
8145,-0.69274902,1.0957336,-1.0411072
8146,-0.73181152,1.2132263,-1.0852051
8147,-0.71716309,1.2107849,-0.95336914
8148,-0.83435059,1.252594,-0.79452515
8149,-0.74707031,1.3729858,-0.71853638
8150,-0.93780518,1.1747742,-0.78796387
8151,-1.0031128,1.2257385,-0.65032959
8152,-1.0775757,1.282196,-0.72723389
8153,-1.1187744,1.1128235,-0.73944092
8154,-1.1553955,1.2554932,-0.67749023
8155,-1.1927795,1.3905334,-0.59997559
8156,-1.1508179,1.3694763,-0.48065186
8157,-1.2283325,1.4234924,-0.59875488
8158,-1.3606262,1.3894653,-0.43014526
8159,-1.4758301,1.2481689,-0.32623291
8160,-1.3972473,1.194458,-0.32424927
8161,-1.3549805,1.2799072,-0.18432617
8162,-1.6134644,1.2625122,-0.1524353
8163,-1.8521118,0.95703125,-0.087890625
8164,-1.6101074,1.1599731,-0.051269531
8165,-1.7425537,1.2054443,-0.22293091
8166,-1.6233826,1.2133789,-0.004119873
8167,-1.7556763,1.146698,0.14984131
8168,-1.8583679,1.1584473,0.14846802
8169,-1.7929077,1.0591125,0.11917114
8170,-1.968689,1.1096191,0.27236939
8171,-1.9361877,1.2582397,0.2607727
8172,-1.902771,0.987854,0.27267456
8173,-2.0001221,1.1572266,0.29907227
8174,-1.8630981,0.97015381,0.40740967
8175,-1.8257141,1.0369873,0.49163818
8176,-1.8331909,0.92773438,0.50567627
8177,-2.0257568,0.94238281,0.52612305
8178,-2.0556641,1.0391235,0.54962158
8179,-1.9236755,0.79803467,0.69152832
8180,-2.1098328,0.81344604,0.73394775
8181,-1.9761658,0.88272095,0.70678711
8182,-2.1524048,0.80291748,0.68771362
8183,-2.1687317,0.81008911,0.81512451
8184,-2.0758057,0.67657471,0.76705933
8185,-2.1453857,0.59417725,0.88363647
8186,-2.2163391,0.43228149,1.0961914
8187,-2.2018433,0.45669556,1.1456299
8188,-2.2808838,0.25970459,1.1558533
8189,-2.1946716,0.36987305,1.138916
8190,-2.0803833,0.45669556,1.020813
8191,-2.256012,0.22109985,1.2020874
8192,-2.212677,-0.046081543,1.1705017
8193,-2.1052551,0.20874023,1.1584473
8194,-2.0671082,-0.015563965,1.4454651
8195,-2.2065735,-0.15991211,1.3783264
8196,-2.1487427,0.63903809,0.85037231
8197,-2.2003174,-0.20568848,1.2426758
8198,-2.1131897,-0.13763428,1.3519287
8199,-2.1690369,-0.22216797,1.4900208
8200,-2.1180725,-0.11398315,1.5130615
8201,-2.1807861,-0.33981323,1.590271
8202,-1.9346619,-0.18035889,1.6773987
8203,-1.9836426,-0.21621704,1.6934204
8204,-1.9816589,-0.44143677,1.7358398
8205,-2.0191956,-0.5317688,1.7016602
8206,-2.0576477,-0.28488159,1.8136597
8207,-2.0857239,-0.49209595,1.9268799
8208,-2.0700073,-0.46890259,1.9927979
8209,-1.8086243,-0.78857422,1.9288635
8210,-1.9735718,-0.92178345,1.917572
8211,-1.75354,-0.85083008,1.9110107
8212,-1.8132019,-0.77377319,1.8693542
8213,-1.8844604,-1.0151672,1.7797852
8214,-1.902771,-1.0562134,1.98349
8215,-1.6551209,-1.1489868,1.9830322
8216,-1.8804932,-1.2078857,2.0652771
8217,-1.8844604,-1.4537048,1.847229
8218,-1.580658,-1.4103699,2.0050049
8219,-1.5785217,-1.103363,2.0605469
8220,-1.5353394,-1.4286804,1.9815063
8221,-1.5597534,-1.4653015,2.0046997
8222,-1.4801025,-1.5460205,1.9271851
8223,-1.3801575,-1.6333008,1.8087769
8224,-1.3954163,-1.6596985,1.8829346
8225,-1.2939453,-1.4938354,2.0788574
8226,-1.2472534,-1.7288208,1.9702148
8227,-1.1390686,-1.7807007,1.9406128
8228,-1.0821533,-1.6235352,1.8762207
8229,-1.1425781,-1.990509,2.0233154
8230,-0.93597412,-1.7770386,2.0339966
8231,-0.98388672,-1.8974304,2.09198
8232,-0.77453613,-2.1206665,1.9360352
8233,-0.753479,-1.9371033,1.8836975
8234,-0.77148438,-2.0043945,1.8014526
8235,-0.59768677,-2.0825195,1.8193054
8236,-0.82702637,-2.1827698,1.9416809
8237,-0.51025391,-2.0246887,1.7295837
8238,-0.54122925,-1.8856812,1.7834473
8239,-0.57022095,-2.1214294,1.6963196
8240,-0.46936035,-2.1624756,1.6719055
8241,-0.39840698,-2.2459412,1.7123413
8242,-0.28091431,-2.2885132,1.7462158
8243,-0.25787353,-2.225647,1.660614
8244,-0.23239136,-2.183075,1.6796875
8245,-0.15930176,-2.2766113,1.6615295
8246,-0.16311645,-2.2543335,1.6491699
8247,-0.10040283,-2.2142029,1.5979004
8248,-0.041656494,-2.2801208,1.5196228
8249,0.0,-2.2892761,1.5216064
8250,0.050964355,-2.2628784,1.3562012
8251,0.08972168,-2.2753906,1.3659668
8252,0.13946533,-2.3014832,1.3635254
8253,0.24536133,-2.1612549,1.2147522
8254,0.35430908,-2.2259521,1.1116028
8255,0.39398193,-2.1856689,1.0948181
8256,0.45532227,-2.3104858,1.0131836
8257,0.48629761,-2.3690796,1.0629272
8258,0.45150757,-2.3536682,0.89141846
8259,0.55206299,-1.9482422,0.91445923
8260,0.58319092,-2.34375,0.88348389
8261,0.65246582,-2.5837708,0.94482422
8262,0.69015503,-2.8340149,0.61767578
8263,0.71792603,-2.5862122,0.56304932
8264,0.74707031,-2.3545837,0.63598633
8265,0.81665039,-2.3248291,0.54428101
8266,0.90896606,-2.2494507,0.4498291
8267,0.89050293,-2.041626,0.47485352
8268,0.965271,-2.1414185,0.38665772
8269,0.90438843,-2.0265198,0.43548584
8270,1.0336304,-2.1517944,0.26229858
8271,0.96923828,-2.0368958,0.3125
8272,1.0377502,-1.9903564,0.2255249
8273,0.9576416,-1.8927002,0.27328491
8274,1.0168457,-1.8515015,0.25024414
8275,1.1470032,-1.9433594,0.19287109
8276,1.1506653,-1.9015503,0.093536377
8277,1.2307739,-1.9465637,-0.11230469
8278,1.1816406,-1.9192505,-0.047607422
8279,1.1143494,-1.9422913,-0.11901856
8280,1.3476563,-1.7655945,-0.2142334
8281,1.3256836,-1.7362976,-0.36987305
8282,1.2054443,-1.7506409,-0.24307251
8283,1.0560608,-1.7953491,-0.24688721
8284,1.1981201,-1.713562,-0.2923584
8285,1.2765503,-1.7056274,-0.27435303
8286,1.3072205,-1.5042114,-0.25161743
8287,1.4726257,-1.6197205,-0.43792725
8288,1.2767029,-1.4971924,-0.5027771
8289,1.2553406,-1.3182068,-0.54931641
8290,1.179657,-1.5205383,-0.60409546
8291,1.2623596,-1.5600586,-0.69656372
8292,1.2799072,-1.3658142,-0.66192627
8293,1.3050842,-1.2135315,-0.74371338
8294,1.2075806,-1.0198975,-0.76385498
8295,1.2661743,-0.93841553,-0.84503174
8296,1.2776184,-0.90805054,-1.1054993
8297,1.3630676,-0.88134766,-1.0884094
8298,1.3215637,-0.87387085,-1.0264587
8299,1.254425,-0.82672119,-0.98190308
8300,1.2310791,-0.8152771,-1.0934448
8301,1.1907959,-0.74050903,-1.1393738
8302,1.0461426,-0.54443359,-1.1158752
8303,1.0087585,-0.53985596,-1.1672974
8304,1.1036682,-0.54016113,-1.2477112
8305,1.1320496,-0.44143677,-1.1331177
8306,0.99990845,-0.28961182,-1.1361694
8307,0.97915649,-0.39749145,-1.2188721
8308,0.97595215,-0.25024414,-1.3037109
8309,0.95932007,-0.21621704,-1.2475586
8310,0.87203979,-0.29327393,-1.3513184
8311,0.73745728,-0.2305603,-1.3879395
8312,0.85830688,-0.1248169,-1.3150024
8313,0.81176758,-0.22277832,-1.4561462
8314,0.75088501,-0.19470215,-1.5039063
8315,0.35995483,-0.11505127,-1.4839172
8316,0.55023193,0.10070801,-1.3552856
8317,0.61706543,0.19805908,-1.6011047
8318,0.49804688,0.20019531,-1.5429688
8319,0.59936523,0.26916504,-1.2539673
8320,0.66299438,0.19119263,-1.3819885
8321,0.4788208,0.21408081,-1.3948059
8322,0.37597656,0.38650513,-1.484375
8323,0.25817871,0.40847778,-1.2664795
8324,0.38024902,0.54122925,-1.4749146
8325,0.19119263,0.42373657,-1.4923096
8326,0.2116394,0.17272949,-1.3519287
8327,0.13519287,0.45944214,-1.3282776
8328,0.045928955,0.48919678,-1.3665771
8329,-0.030059814,0.85159302,-1.6589355
8330,-0.006103516,1.6421509,-1.2130737
8331,-0.18157959,0.84365845,-1.1985779
8332,-0.1486206,0.78903198,-1.2211609
8333,-0.23849487,0.91186523,-1.1721802
8334,-0.25054932,0.74188232,-1.1935425
8335,-0.35598755,0.8972168,-1.2423706
8336,-0.33096314,1.0830688,-1.0995483
8337,-0.42602539,0.98388672,-1.212616
8338,-0.43930054,1.0861206,-1.1064148
8339,-0.62362671,1.1825562,-1.0968018
8340,-0.5557251,1.2478638,-1.1076355
8341,-0.71624756,1.2644959,-1.1366272
8342,-0.87402344,1.318512,-1.0212708
8343,-0.81695557,1.1990356,-1.1735535
8344,-0.98373413,1.2504578,-1.0876465
8345,-0.88699341,1.1567688,-1.0287476
8346,-0.9463501,1.2535095,-0.84411621
8347,-1.0559082,1.3230896,-0.77835083
8348,-1.0404968,1.2913513,-0.85693359
8349,-1.1149597,1.2145996,-0.57281494
8350,-1.0675049,1.2583923,-0.58013916
8351,-1.0498047,1.2243652,-0.59005737
8352,-1.1911011,1.1886597,-0.4246521
8353,-1.2872314,1.3751221,-0.3968811
8354,-1.2739563,1.2973022,-0.38986206
8355,-1.3034058,1.3568115,-0.35766602
8356,-1.3023376,1.1973572,-0.41656494
8357,-1.234436,1.2275696,-0.37689209
8358,-1.4196777,1.2358093,-0.32028198
8359,-1.769104,0.9765625,-0.33447266
8360,-1.620636,1.1158752,-0.32913208
8361,-1.6015625,1.28479,-0.22949219
8362,-1.5956116,1.2179565,-0.081939697
8363,-1.6903687,1.4205933,0.041503906
8364,-1.6558838,1.166687,0.15289307
8365,-1.8457031,1.1495972,0.06942749
8366,-1.7694092,1.252594,0.17623901
8367,-1.9180298,1.3421631,0.17425537
8368,-1.9529724,1.1334229,0.35430908
8369,-1.8069458,1.2957764,0.26687622
8370,-1.9833374,0.97244263,0.34881592
8371,-1.9671631,1.0108948,0.3565979
8372,-2.2036743,0.91247559,0.51971435
8373,-1.8746948,0.94146728,0.58639526
8374,-2.1337891,1.0150146,0.50064087
8375,-2.0391846,1.0360718,0.72463989
8376,-2.2200012,0.96191406,0.83633423
8377,-2.1031189,1.0501099,0.80108643
8378,-2.0782471,0.76446533,0.80734253
8379,-2.0571899,0.92498779,0.86929321
8380,-2.1951294,0.67382813,0.84503174
8381,-2.1911621,0.44631958,0.91522217
8382,-2.0106506,0.73913574,0.74920654
8383,-2.2673035,0.83847046,0.98754883
8384,-1.9799805,0.55801392,0.96084595
8385,-2.127533,0.52642822,1.100769
8386,-2.097168,0.37872314,1.1639404
8387,-2.0603943,0.33569336,1.2860107
8388,-2.0785522,0.16525269,1.1384583
8389,-2.1487427,0.26870728,1.1763
8390,-2.2372437,0.27984619,1.2277222
8391,-2.2138977,0.16830444,1.3775635
8392,-2.2434998,0.15396118,1.4805603
8393,-2.076416,-0.20675659,1.477356
8394,-2.0768738,-0.21270752,1.194458
8395,-2.1841431,-0.49072266,1.2783813
8396,-2.1455383,-0.41122436,1.348114
8397,-1.990509,0.12374878,1.5687561
8398,-1.9924927,0.93566894,1.6708374
8399,-1.9378662,-0.26062012,1.7842102
8400,-2.1427917,-0.35110474,1.8322754
8401,-1.7700195,-0.68847656,1.7358398
8402,-2.0776367,-0.62850952,1.5596008
8403,-1.9914246,-0.76202393,1.5492249
8404,-2.0466614,-0.6791687,1.6723633
8405,-1.9577026,-0.57601929,1.7169189
8406,-1.9348145,-0.56549072,1.7832947
8407,-1.8659973,-0.81207275,1.8354797
8408,-1.741333,-0.8670044,1.8406677
8409,-1.8516541,-1.1555481,1.8840027
8410,-1.725769,-1.1599731,1.9302368
8411,-1.9648743,-1.2065125,2.1078491
8412,-1.7086792,-1.2446594,2.1032715
8413,-1.6918945,-1.3308716,1.9058228
8414,-1.6241455,-1.1961365,1.9436646
8415,-1.5458679,-1.2767029,1.9068909
8416,-1.434021,-1.3812256,1.8078613
8417,-1.5667725,-1.5118408,2.0269775
8418,-1.3638306,-1.4250183,1.844635
8419,-1.452179,-1.4213562,2.008667
8420,-1.4352417,-1.4035034,2.0471191
8421,-1.431427,-1.6783142,1.8270874
8422,-1.3549805,-1.4598084,1.9297791
8423,-1.3677979,-1.6059875,1.9265747
8424,-1.254425,-1.8167114,1.8743896
8425,-1.159668,-1.8153381,1.7189026
8426,-0.98007202,-1.6928101,1.9070435
8427,-0.97503662,-1.746521,1.8981934
8428,-0.87875366,-1.9619751,1.8153381
8429,-0.91751099,-1.960907,1.8637085
8430,-0.9375,-1.9589233,1.9070435
8431,-0.80184937,-2.0487976,1.8695068
8432,-0.66390991,-1.9519043,1.8699646
8433,-0.58532715,-2.0513916,1.8386841
8434,-0.5847168,-2.102356,1.8515015
8435,-0.39657593,-1.927948,1.7977905
8436,-0.48156738,-1.8954468,1.7633057
8437,-0.35217285,-1.9490051,1.8223572
8438,-0.45532227,-2.1069336,1.8487549
8439,-0.33325195,-1.7593384,1.6375732
8440,-0.1399231,-1.9625854,1.5032959
8441,-0.14694214,-2.041626,1.552124
8442,-0.10437012,-1.8328857,1.521759
8443,-0.035552979,-1.7532349,1.4227295
8444,0.032958984,-2.0251465,1.4421082
8445,0.050201416,-1.986084,1.4678955
8446,-0.01449585,-2.1461487,1.4053345
8447,0.10101318,-2.2401428,1.3723755
8448,0.33370972,-2.6023865,1.2651062
8449,0.19470215,-2.5485229,1.2567139
8450,0.35720825,-2.5180054,1.300354
8451,0.38085938,-2.4812317,1.3516235
8452,0.56152344,-2.4913025,1.2255859
8453,0.51681519,-2.2486877,1.1192322
8454,0.41488647,-2.2738647,1.0160828
8455,0.54458618,-2.2930908,0.96847534
8456,0.63247681,-2.3777771,0.8039856
8457,0.63934326,-2.2515869,0.84411621
8458,0.71395874,-2.3191833,0.82550049
8459,0.72555542,-2.375946,0.76156616
8460,0.89431763,-2.3377991,0.675354
8461,0.78094482,-2.2897339,0.7522583
8462,0.83892822,-2.3472595,0.67276001
8463,0.90393066,-2.1072388,0.56121826
8464,0.78460693,-2.4230957,0.51254272
8465,0.97488403,-2.1940613,0.5406189
8466,1.0282898,-2.1795654,0.46524048
8467,1.0955811,-2.1394348,0.40283203
8468,1.0165405,-2.1096802,0.42907715
8469,1.0237122,-2.0671082,0.30471802
8470,1.0255432,-2.1588135,0.23117065
8471,1.1456299,-2.171936,-0.009307861
8472,1.1962891,-2.0831299,0.093231201
8473,1.1560059,-2.0983887,0.012512207
8474,1.1889648,-1.9792175,-0.00793457
8475,1.1476135,-2.0123291,0.040283203
8476,1.2356567,-1.9184875,-0.061645508
8477,1.2820435,-1.8289185,-0.12405395
8478,1.3783264,-1.8179321,-0.17776489
8479,1.4157104,-1.7985535,-0.23773193
8480,1.2702942,-1.5612793,-0.24505615
8481,1.3423157,-1.7359924,-0.4977417
8482,1.3484192,-1.7021179,-0.55297852
8483,1.2904358,-1.6964722,-0.5796814
8484,1.3204956,-1.6693115,-0.48065186
8485,1.2463379,-1.4573669,-0.51132202
8486,1.2594604,-1.6371155,-0.54870606
8487,1.1973572,-1.3505554,-0.6312561
8488,1.2773132,-1.0882568,-0.62408447
8489,1.3450623,-1.1201477,-0.82107544
8490,1.3082886,-1.1758423,-0.81390381
8491,1.2852478,-1.0626221,-0.75195313
8492,1.2399292,-1.1239624,-0.7824707
8493,1.2301636,-1.0775757,-0.81588745
8494,1.1772156,-0.87768555,-0.86105347
8495,1.322937,-0.94146728,-0.92529297
8496,1.1947632,-0.84365845,-0.98937988
8497,1.1006165,-0.94604492,-0.85083008
8498,1.1170959,-0.92056274,-0.99273682
8499,1.1894226,-0.73425293,-1.0023499
8500,1.1450195,-0.54016113,-1.0614014
8501,1.0092163,-0.49987793,-1.0942078
8502,1.0333252,-0.38696289,-1.1747742
8503,1.2605286,-0.40390015,-1.2121582
8504,1.0050964,-0.42480469,-1.2573242
8505,0.91674805,-0.284729,-1.3339233
8506,1.0380554,-0.25558472,-1.2191772
8507,0.83251953,-0.18890381,-1.3856506
8508,0.83709717,-0.10742188,-1.4376831
8509,0.6149292,-0.14190674,-1.313324
8510,0.71456909,0.006103516,-1.259613
8511,0.76141357,-0.16448975,-1.3476563
8512,0.7232666,0.025482178,-1.3540649
8513,0.33401489,-0.53039551,-1.574707
8514,0.55480957,-0.22659302,-1.443634
8515,0.70343018,0.19363403,-1.3130188
8516,0.6930542,0.32775879,-1.3983154
8517,0.60852051,0.39993286,-1.4245605
8518,0.45715332,0.33721924,-1.3262939
8519,0.44082642,0.41854858,-1.4350891
8520,0.4284668,0.45471191,-1.3320923
8521,0.35232544,0.44433594,-1.3807678
8522,0.18997192,0.45776367,-1.3134766
8523,0.17318726,0.54046631,-1.5525818
8524,0.19500732,0.59814453,-1.3885498
8525,0.098266602,0.57510376,-1.1535645
8526,-0.012359619,0.57250977,-1.3241577
8527,0.13977051,0.66085815,-1.4807129
8528,-0.26550293,0.50582886,-1.4877319
8529,0.050048828,0.85647583,-1.3241577
8530,0.008544922,0.92437744,-1.3131714
8531,-0.093688965,1.0029602,-1.1845398
8532,-0.1675415,1.0879517,-1.2922668
8533,-0.25772095,1.1044312,-1.184845
8534,-0.33508301,0.93719482,-1.1549377
8535,-0.21514893,0.96069336,-1.1679077
8536,-0.25085449,1.0070801,-1.1584473
8537,-0.55725098,1.0401916,-1.0345459
8538,-0.52917481,1.1386108,-1.0047913
8539,-0.61035156,1.2521362,-1.1198425
8540,-0.81222534,1.1599731,-1.0388184
8541,-0.64620972,1.3154602,-0.81253052
8542,-0.70831299,1.1305237,-0.89645386
8543,-0.85510254,1.2001038,-0.9451294
8544,-0.82763672,1.2472534,-0.92758179
8545,-0.93139648,1.3002014,-0.92041016
8546,-1.0263062,1.4434814,-0.77758789
8547,-1.1503601,1.4227295,-0.61004639
8548,-1.0961914,1.3632202,-0.72952271
8549,-1.3096619,1.2988281,-0.53543091
8550,-1.3963318,1.1360168,-0.61065674
8551,-1.2832642,1.2965393,-0.64086914
8552,-1.4022827,1.2469482,-0.41030884
8553,-1.4892578,1.265564,-0.42068481
8554,-1.3757324,1.3536072,-0.35858154
8555,-1.516571,1.2782288,-0.15060425
8556,-1.6360474,1.2117004,-0.30761719
8557,-1.5982056,1.3182068,-0.22521973
8558,-1.6778564,1.2979126,-0.22705078
8559,-1.7050171,1.3708496,-0.034637451
8560,-1.7977905,1.2153625,0.06439209
8561,-1.7610168,1.2969971,0.040130615
8562,-1.6635132,1.2744141,0.049591064
8563,-1.7404175,1.2107849,0.083618164
8564,-1.9798279,1.2480164,0.181427
8565,-1.8281555,1.204071,0.11993408
8566,-1.9877625,1.0493469,0.29113769
8567,-1.988678,1.1538696,0.065002441
8568,-1.8429565,1.0202026,0.20019531
8569,-1.8659973,1.0092163,0.39474487
8570,-1.9335938,0.99716187,0.43167114
8571,-1.9749451,1.1297607,0.45257568
8572,-2.0336914,1.0168457,0.55740356
8573,-2.0425415,0.95779419,0.62210083
8574,-1.9224548,1.0087585,0.57098389
8575,-1.9030762,0.87234497,0.70770264
8576,-2.1562195,0.94085693,0.51712036
8577,-2.1205139,0.93383789,0.80749512
8578,-1.9924927,0.84976196,0.92468262
8579,-2.1061707,0.80200195,1.0972595
8580,-2.0820618,0.5696106,1.0488892
8581,-2.30896,0.61218262,1.164093
8582,-2.0887756,0.58853149,1.0145569
8583,-2.2117615,0.52902222,1.2164307
8584,-2.1394348,0.50430298,1.007843
8585,-2.1148682,0.38970947,1.0140991
8586,-2.0355225,0.52429199,1.1819458
8587,-2.2225952,0.40237427,1.2431335
8588,-2.3435974,0.25482178,1.1669922
8589,-2.1652222,0.18112183,1.1872864
8590,-2.3690796,0.059204102,1.3375854
8591,-2.322998,0.009918213,1.6287231
8592,-2.3098755,0.105896,1.1863709
8593,-2.208252,-0.028076172,1.3572693
8594,-2.1124268,-0.17379761,1.4527893
8595,-2.0483398,-0.29281616,1.5045166
8596,-2.0098877,-0.20812988,1.583252
8597,-2.0838928,-0.42572022,1.6416931
8598,-2.0075989,-0.4637146,1.595459
8599,-1.9644165,-0.082397461,1.6531372
8600,-1.8695068,-0.35690308,1.5101624
8601,-1.8803406,-0.54367065,1.8406677
8602,-2.0021057,-0.61401367,1.7077637
8603,-1.8600464,-0.56686401,1.769104
8604,-1.7950439,-0.68878174,1.7047119
8605,-1.7788696,-0.61721802,1.8751526
8606,-1.7961121,-0.84716797,1.77948
8607,-1.7366028,-0.8430481,1.7443848
8608,-1.8345642,-0.96359253,1.97052
8609,-1.6636658,-0.94894409,1.7211914
8610,-1.7385864,-0.75042725,1.9548035
8611,-1.5171814,-1.0002136,1.8502808
8612,-1.5365601,-0.95886231,1.7939758
8613,-1.5461731,-1.1532593,1.8838501
8614,-1.4466858,-1.1531067,1.7858887
8615,-1.5986633,-1.3426209,1.9276428
8616,-1.5917969,-1.5534973,2.1684265
8617,-1.4370728,-1.6821289,1.9750977
8618,-1.3465881,-1.5390015,2.2035217
8619,-1.3412476,-1.7663574,1.8852234
8620,-1.3056946,-1.7201233,1.847229
8621,-1.3316345,-1.9032288,1.9039917
8622,-1.2257385,-1.5441895,1.9831848
8623,-1.1676025,-1.570282,2.0611572
8624,-0.98556519,-1.6348267,2.0384216
8625,-0.96878052,-1.8243408,2.1136475
8626,-0.90927124,-1.7288208,1.9699097
8627,-0.93505859,-1.6792297,1.9606018
8628,-0.8694458,-1.9526672,1.9129944
8629,-0.86090088,-1.8638611,1.9396973
8630,-0.69290161,-2.0280457,1.920166
8631,-0.70922852,-2.1360779,2.0344543
8632,-0.59295654,-2.1517944,1.7532349
8633,-0.55252075,-1.9935608,1.8054199
8634,-0.57220459,-1.9549561,1.750946
8635,-0.47119141,-1.9430542,1.6937256
8636,-0.34851074,-2.0350647,1.8055725
8637,-0.43945313,-2.1066284,1.6169739
8638,-0.25283814,-2.1781921,1.6455078
8639,-0.27954102,-2.2355652,1.5162659
8640,-0.08972168,-2.1881104,1.6377258
8641,-0.20935059,-2.1469116,1.5270996
8642,-0.18127441,-2.2032166,1.5649414
8643,0.008239746,-2.2625732,1.4541626
8644,-0.041503906,-2.1588135,1.4352417
8645,-0.10040283,-2.3127747,1.3087463
8646,0.034637451,-2.2184753,1.2780762
8647,0.04486084,-2.4777222,1.4492798
8648,0.22888184,-2.4371338,1.194458
8649,0.1751709,-2.4554443,1.1979675
8650,0.26611328,-2.419281,1.2269592
8651,0.42572022,-2.3176575,1.2138367
8652,0.3604126,-2.4809265,1.1238098
8653,0.29205322,-2.4150085,0.97518921
8654,0.43045044,-2.3110962,1.0316467
8655,0.57678223,-2.3365784,0.85449219
8656,0.71334839,-2.2209167,0.77941894
8657,0.60089111,-2.1708679,0.81420898
8658,0.7119751,-2.3956299,1.0150146
8659,0.75531006,-2.3016357,0.86425781
8660,0.64270019,-2.3295593,0.69061279
8661,0.61889648,-2.3545837,0.75469971
8662,0.82214356,-2.2746277,0.58654785
8663,0.77102661,-2.2796631,0.61920166
8664,0.9375,-2.2221375,0.4045105
8665,0.91903687,-2.2389221,0.37872314
8666,0.96633911,-2.094574,0.46386719
8667,1.0121155,-2.1220398,0.30685425
8668,0.97320557,-2.0126343,0.2456665
8669,0.99441528,-1.913147,0.33599853
8670,1.1026001,-1.8237305,0.20187378
8671,1.0296631,-1.9781494,0.10025024
8672,0.82885742,-1.932373,0.084991455
8673,1.0125732,-1.8783569,0.090332031
8674,1.0266113,-1.8618774,0.041351318
8675,1.0690308,-1.806488,-0.01953125
8676,1.0998535,-1.791687,-0.20858765
8677,1.2611389,-1.7605591,-0.075378418
8678,1.0209656,-1.8708801,-0.10665894
8679,1.083374,-1.628418,-0.35461426
8680,1.2298584,-1.7686462,-0.37292481
8681,1.2835693,-1.5010071,-0.20599365
8682,1.139679,-1.3206482,-0.37261963
8683,1.0768127,-1.3909912,-0.43289185
8684,1.038208,-1.424408,-0.38375855
8685,1.1196899,-1.4561462,-0.36560059
8686,1.2652588,-1.4271545,-0.54626465
8687,1.0516357,-1.4500427,-0.56350708
8688,1.1196899,-1.3201904,-0.6312561
8689,1.1625671,-1.2428284,-0.80322266
8690,1.0865784,-1.1404419,-0.68664551
8691,1.1723328,-1.1819458,-0.82183838
8692,1.2089539,-1.1065674,-0.74432373
8693,1.1512756,-1.2101746,-0.82992554
8694,0.92788696,-1.2155151,-0.92971802
8695,0.98175049,-1.111145,-0.92483521
8696,1.1843872,-0.93231201,-0.89111328
8697,1.1820984,-0.84579468,-0.90042114
8698,1.1083984,-0.77346802,-0.91903687
8699,1.0995483,-0.56213379,-1.015625
8700,1.0119629,-0.42800903,-1.0099792
8701,1.0429382,-0.53878784,-1.05896
8702,0.94909668,-0.51254272,-1.1398315
8703,0.86578369,-0.4145813,-1.1447144
8704,0.85128784,-0.39627075,-1.1206055
8705,0.8303833,-0.42556763,-1.073761
8706,0.81665039,-0.22628784,-1.2628174
8707,0.66711426,-0.20309448,-1.2123108
8708,0.73745728,-0.1675415,-1.1572266
8709,0.6010437,-0.018768311,-1.2785339
8710,0.61233521,-0.068206787,-1.4163208
8711,0.64361572,-0.081939697,-1.4511108
8712,0.4737854,-0.50674438,-1.6490173
8713,0.33416748,-0.12039185,-1.4694214
8714,0.40206909,0.21774292,-1.2779236
8715,0.39627075,0.050201416,-1.3021851
8716,0.47058106,0.25802612,-1.1502075
8717,0.39382935,0.44906616,-1.3163757
8718,0.27954102,0.40649414,-1.3179016
8719,0.17410278,0.47851563,-1.1601257
8720,0.27481079,0.48217773,-1.0858154
8721,0.23498535,0.43746948,-1.190033
8722,0.11566162,0.61325073,-1.2043762
8723,0.094146729,0.37841797,-1.1720276
8724,0.026397705,0.41442871,-1.3464355
8725,-0.001678467,0.67932129,-1.1437988
8726,-0.040283203,0.76858521,-1.2210083
8727,-0.13793945,0.80810547,-1.1352539
8728,-0.12741089,0.78155518,-1.1955261
8729,-0.087585449,0.86273193,-1.1160278
8730,-0.234375,0.89981079,-1.0403442
8731,-0.33721924,1.1434937,-1.15448
8732,-0.28167725,0.99533081,-1.1582947
8733,-0.33432007,1.0694885,-1.1947632
8734,-0.58929443,0.98052978,-1.1114502
8735,-0.5368042,1.1491394,-1.1138916
8736,-0.652771,1.1288452,-1.0121155
8737,-0.58578491,1.184082,-1.0650635
8738,-0.63552856,1.3317871,-0.97732544
8739,-0.66131592,1.2361145,-0.71014404
8740,-0.71807861,1.2870789,-0.86029053
8741,-0.82763672,1.118927,-0.73684692
8742,-0.79040527,1.0546875,-0.69610596
8743,-0.95336914,1.0742188,-0.6729126
8744,-1.0121155,1.2921143,-0.57525635
8745,-1.0754395,1.111145,-0.61676025
8746,-1.2329102,1.1134338,-0.56610107
8747,-1.027832,1.2329102,-0.59402466
8748,-1.1032104,1.2113953,-0.65078735
8749,-1.2802124,1.2069702,-0.65063477
8750,-1.4385986,1.0995483,-0.39596558
8751,-1.3632202,1.295166,-0.30273438
8752,-1.6241455,0.76065063,-0.46554565
8753,-1.427002,0.84793091,-0.35919189
8754,-1.4743042,1.0455322,-0.13397217
8755,-1.5267944,1.1320496,-0.092163086
8756,-1.5779114,1.0276794,-0.11230469
8757,-1.6236877,0.965271,-0.073699951
8758,-1.6462708,1.0290527,0.045166016
8759,-1.6859436,1.1166382,-0.12863159
8760,-1.7106628,1.1489868,-0.17333984
8761,-1.8231201,0.96801758,0.083312988
8762,-1.7601013,1.0945129,0.29937744
8763,-1.6860962,1.1341858,0.19302368
8764,-1.8722534,0.94558716,0.23223877
8765,-1.7671204,0.9928894,0.337677
8766,-1.8075562,1.0751343,0.35522461
8767,-1.9517517,1.1268616,0.38406372
8768,-1.9801331,0.86975098,0.38696289
8769,-1.9252014,0.92483521,0.66360474
8770,-1.9396973,0.76477051,0.4951477
8771,-1.9352722,0.83633423,0.71060181
8772,-1.8928528,0.73760986,0.54763794
8773,-1.8582153,0.82962036,0.67352295
8774,-2.0297241,0.9286499,0.71838379
8775,-1.9290161,0.5178833,0.68054199
8776,-1.9555664,0.73959351,0.86853027
8777,-2.0732117,0.82870483,0.80490112
8778,-2.1174622,0.61126709,0.76187134
8779,-1.9869995,0.52688599,0.85220337
8780,-1.9499207,0.49926758,1.0620117
8781,-2.0098877,0.41534424,1.1047363
8782,-1.9012451,0.39001465,1.0493469
8783,-1.9148254,0.31158447,0.8908081
8784,-1.9143677,0.31341553,1.1772156
8785,-1.980896,0.16876221,1.2623596
8786,-1.9755554,0.030059814,1.2615967
8787,-1.999054,0.011901855,1.2985229
8788,-2.1359253,0.053710938,1.1517334
8789,-1.7773438,-0.34881592,1.3484192
8790,-1.8595886,-0.11932373,1.3592529
8791,-2.0080566,-0.20721435,1.3604736
8792,-2.0532227,-0.23620606,1.3432312
8793,-2.0141602,-0.10009766,1.5603638
8794,-2.0132446,-0.025024414,1.6519165
8795,-1.8978882,-0.37643433,1.5921021
8796,-1.9024658,-0.29083252,1.7214966
8797,-1.9082642,-0.3225708,1.7016602
8798,-1.8009949,-0.44677734,1.6976929
8799,-1.9055176,-0.53771973,1.6720581
8800,-1.872406,-0.55389404,1.7990112
8801,-1.862793,-0.52246094,1.7294312
8802,-1.834259,-0.68634033,1.7268372
8803,-1.6635132,-0.67855835,1.9168091
8804,-1.7863464,-0.73608398,1.893158
8805,-1.7041016,-0.82305908,1.9400024
8806,-1.7523193,-0.93643188,1.9049072
8807,-1.7698669,-1.1265564,1.8157959
8808,-1.5872192,-1.1637878,1.8132019
8809,-1.5287781,-1.0499573,1.9300842
8810,-1.4544678,-1.0455322,1.7103577
8811,-1.288147,-1.421814,1.7254639
8812,-1.4859009,-1.4012146,1.6668701
8813,-1.3829041,-1.4746094,1.673584
8814,-1.3496399,-1.3623047,1.7832947
8815,-1.3015747,-1.3262939,1.8424988
8816,-1.2091064,-1.4793396,1.7388916
8817,-1.2379456,-1.7805481,1.9161987
8818,-0.97473144,-1.7285156,1.7829895
8819,-1.0118103,-1.6520691,1.8348694
8820,-0.96160889,-1.4851379,1.8904114
8821,-0.99517822,-1.6101074,1.9042969
8822,-1.0313416,-1.4996338,1.9471741
8823,-0.84686279,-1.6720581,1.8792725
8824,-0.75683594,-1.710968,1.8075562
8825,-0.89569092,-1.8179321,1.9007874
8826,-0.92910767,-1.7480469,1.8066406
8827,-0.63186646,-1.8417358,1.9445801
8828,-0.46630859,-1.8331909,1.7417908
8829,-0.62286377,-1.9529724,1.7077637
8830,-0.54382324,-2.0812988,1.6337585
8831,-0.36743164,-1.9970703,1.6436768
8832,-0.48339844,-1.9589233,1.7475891
8833,-0.34545898,-1.9525146,1.6589355
8834,-0.26855469,-2.0193481,1.5226746
8835,-0.3086853,-1.9110107,1.5632629
8836,-0.28625488,-2.069397,1.5539551
8837,-0.16143799,-2.2418213,1.5478516
8838,-0.24093628,-2.1591187,1.4326477
8839,-0.07019043,-2.2451782,1.4199829
8840,-0.005187988,-2.2369385,1.4984131
8841,-0.019378662,-2.0523071,1.4422607
8842,0.054016113,-1.9926453,1.2628174
8843,0.039672852,-2.1357727,1.2072754
8844,0.013885498,-2.1194458,1.2750244
8845,0.27908325,-2.1540833,1.1244202
8846,0.31707764,-2.1487427,1.0678101
8847,0.2961731,-2.1772766,1.0137939
8848,0.29449463,-2.1438599,0.98770142
8849,0.33325195,-2.0848083,0.89309692
8850,0.29602051,-2.2080994,0.83831787
8851,0.37414551,-2.1699524,0.77667236
8852,0.43182373,-2.2677612,0.78582764
8853,0.55130005,-2.1704102,0.72509766
8854,0.59951782,-2.1907043,0.57342529
8855,0.56121826,-2.1052551,0.72860718
8856,0.49697876,-1.9670105,0.65795898
8857,0.60241699,-1.9044495,0.62179565
8858,0.82901001,-1.9488525,0.47866821
8859,0.70327759,-1.8389893,0.51132202
8860,0.77774048,-2.0249939,0.46691894
8861,0.87615967,-2.0503235,0.62408447
8862,0.84152222,-2.0158386,0.2633667
8863,0.78155518,-1.8174744,0.21575928
8864,0.83801269,-1.7703247,0.36712647
8865,0.87005615,-1.9219971,0.34103394
8866,1.0134888,-2.0295715,0.13702393
8867,1.0392761,-1.9656372,0.11550903
8868,1.0488892,-1.9973755,0.009918213
8869,1.1180115,-1.7854309,-0.006256104
8870,1.0810852,-1.7570496,-0.037536621
8871,0.96588135,-1.8232727,-0.019226074
8872,0.98510742,-1.6976929,-0.049591064
8873,1.1357117,-1.6508484,-0.19622803
8874,1.0350037,-1.6995239,-0.25665283
8875,1.0296631,-1.5208435,-0.27801514
8876,1.2117004,-1.3977051,-0.23071289
8877,1.1334229,-1.421051,-0.29434204
8878,1.1779785,-1.4979553,-0.46722412
8879,1.0406494,-1.3777161,-0.48339844
8880,1.1300659,-1.4805603,-0.38696289
8881,0.99990845,-1.2252808,-0.43182373
8882,0.94497681,-1.047821,-0.49438477
8883,0.93109131,-1.0742188,-0.55923462
8884,1.0806274,-0.98754883,-0.69915772
8885,0.9703064,-0.95336914,-0.63064575
8886,1.1834717,-0.8757019,-0.74539185
8887,1.0588074,-0.8013916,-0.75881958
8888,0.85266113,-0.69229126,-0.74081421
8889,1.0084534,-0.71350098,-0.86425781
8890,0.94741821,-0.70861816,-1.0675049
8891,0.92376709,-0.75744629,-1.0237122
8892,0.98983765,-0.60821533,-0.95718384
8893,0.94482422,-0.56503296,-0.85876465
8894,0.99609375,-0.53131103,-0.94528198
8895,1.0900879,-0.5166626,-0.89538574
8896,0.90377808,-0.40908814,-0.93765259
8897,0.91003418,-0.34973144,-1.1190796
8898,0.83618164,-0.37887573,-1.21521
8899,0.70571899,-0.20324707,-1.2391663
8900,0.71762085,-0.11810303,-1.3771057
8901,0.70373535,-0.16723633,-1.1151123
8902,0.78598022,0.029296875,-1.2371826
8903,0.71594238,0.022888184,-1.3140869
8904,0.66558838,0.23254395,-1.1323547
8905,0.7119751,-0.07232666,-1.2452698
8906,0.52444458,0.17745972,-1.1575317
8907,0.28640747,-0.19317627,-1.4215088
8908,0.53771973,-0.24093628,-1.1901855
8909,0.21026611,0.018463135,-1.0855103
8910,0.2381897,0.087585449,-1.3009644
8911,0.28442383,0.18096924,-1.1384583
8912,0.46463013,0.35186768,-1.2733459
8913,0.36254883,0.33813477,-1.230011
8914,0.22354126,0.27618408,-1.1631775
8915,0.17303467,0.33477783,-1.0620117
8916,0.28411865,0.5380249,-1.2237549
8917,0.11688232,0.4574585,-1.1106873
8918,0.036773682,0.47653198,-1.0649109
8919,-0.001525879,0.54824829,-1.2695313
8920,-0.033416748,0.49942017,-1.2908936
8921,-0.17700195,0.62454224,-1.1401367
8922,-0.44006348,0.63751221,-1.1425781
8923,-0.22857666,0.60150147,-1.2005615
8924,-0.35247803,0.67581177,-1.3783264
8925,-0.35232544,0.65872192,-1.0058594
8926,-0.48156738,0.74142456,-1.0836792
8927,-0.53222656,1.0153198,-1.0142517
8928,-0.53833008,1.1799622,-1.0629272
8929,-0.55984497,1.1923218,-0.93597412
8930,-0.65139771,1.0800171,-0.81802368
8931,-0.68237305,1.1901855,-0.87081909
8932,-0.57952881,1.1108398,-0.82946777
8933,-0.76156616,1.0871887,-0.93841553
8934,-0.84106445,1.1535645,-0.90621948
8935,-0.77972412,1.2185669,-0.73547363
8936,-0.66894531,1.2011719,-0.703125
8937,-0.79116821,1.1482239,-0.66162109
8938,-0.99807739,1.2255859,-0.66894531
8939,-0.87646484,1.1677551,-0.64651489
8940,-0.93917847,1.1447144,-0.52505493
8941,-1.0894775,1.0635376,-0.53100586
8942,-1.0852051,1.0972595,-0.42053223
8943,-1.2109375,1.1500549,-0.36361694
8944,-1.1842346,1.1260986,-0.37826538
8945,-1.3233948,1.1187744,-0.14465332
8946,-1.3374329,1.1721802,-0.20858765
8947,-1.3796997,1.2561035,-0.12939453
8948,-1.4634705,1.137085,-0.37261963
8949,-1.4451599,1.2203979,-0.16464233
8950,-1.4349365,1.2919617,-0.11138916
8951,-1.6177368,1.0656738,0.056762695
8952,-1.6091919,1.1044312,-0.16326904
8953,-1.5385437,0.93292236,-0.036315918
8954,-1.6874695,1.0153198,0.21148682
8955,-1.6445923,1.0888672,0.24719238
8956,-1.6455078,1.0682678,0.34225464
8957,-1.7047119,0.98648071,0.23590088
8958,-1.7982483,0.94818115,0.25024414
8959,-1.8795776,0.93597412,0.38482666
8960,-1.8998718,1.1012268,0.46722412
8961,-1.6975403,0.89782715,0.4914856
8962,-1.8049622,0.7901001,0.61843872
8963,-1.9302368,0.82839966,0.45394897
8964,-1.9245911,0.74371338,0.55175781
8965,-1.8699646,0.72082519,0.54077148
8966,-1.8952942,0.72448731,0.79620361
8967,-1.8928528,0.6111145,0.65917969
8968,-1.8165588,0.59646606,0.63751221
8969,-2.028656,0.69168091,0.90240478
8970,-1.9259644,0.67932129,0.64361572
8971,-1.8385315,0.69061279,0.90896606
8972,-2.071228,0.71380615,0.99822998
8973,-2.0092773,0.5154419,1.1090088
8974,-2.0928955,0.47729492,0.97290039
8975,-2.0864868,0.4699707,1.0002136
8976,-2.1847534,0.53039551,1.02005
8977,-2.0739746,0.35552978,1.0842896
8978,-2.0057678,0.024871826,1.2539673
8979,-2.0252991,0.16815185,1.2335205
8980,-2.1229553,0.065612793,1.3424683
8981,-1.9869995,0.077362061,1.2034607
8982,-1.9813538,0.072021484,1.2199402
8983,-1.915741,-0.090332031,1.211853
8984,-1.9128418,-0.24032593,1.3264465
8985,-1.9711304,-0.18875122,1.418457
8986,-1.8133545,-0.17974853,1.4099121
8987,-1.875,-0.33874512,1.4981079
8988,-1.9039917,-0.53283691,1.5892029
8989,-1.8684387,-0.53726196,1.0731506
8990,-1.8972778,-0.47912598,1.3853455
8991,-1.8034363,-0.57159424,1.6537476
8992,-1.8655396,-0.52215576,1.6212463
8993,-1.847229,-0.46813965,1.8118286
8994,-1.7674255,-0.60256958,1.8710327
8995,-1.7199707,-0.73440552,1.7070007
8996,-1.8667603,-0.7572937,1.5995789
8997,-1.6986084,-0.93048096,1.7041016
8998,-1.714325,-0.98739624,1.6143799
8999,-1.5574646,-0.98098755,1.6519165
9000,-1.6339111,-0.909729,1.7935181
9001,-1.6914368,-1.0031128,1.5686035
9002,-1.600647,-1.0542297,1.5971375
9003,-1.5916443,-1.0572815,1.7289734
9004,-1.4523315,-1.534729,1.8687439
9005,-1.5348816,-1.1459351,2.0233154
9006,-1.3592529,-1.2287903,1.887207
9007,-1.3119507,-1.1643982,1.8121338
9008,-1.3897705,-1.3208008,1.7630005
9009,-1.3545227,-1.3916016,1.9059753
9010,-1.1953735,-1.4865112,1.7312622
9011,-1.1659241,-1.4047241,1.9665527
9012,-1.181488,-1.4579773,2.0037842
9013,-1.0229492,-1.545105,1.8041992
9014,-1.1042786,-1.5063477,1.9010925
9015,-1.1045837,-1.4508057,1.9136047
9016,-1.0263062,-1.5931702,1.8525696
9017,-0.87203979,-1.7477417,1.7803955
9018,-0.8782959,-1.8783569,1.789856
9019,-0.77392578,-1.9177246,1.7019653
9020,-0.65917969,-1.8391418,1.6035461
9021,-0.71899414,-1.7918396,1.6760254
9022,-0.65994263,-1.9161987,1.6525269
9023,-0.54321289,-2.0532227,1.7366028
9024,-0.51437378,-2.0223999,1.6166687
9025,-0.27175903,-1.8994141,1.6851807
9026,-0.47195435,-1.991272,1.5412903
9027,-0.31784058,-1.9845581,1.7498779
9028,-0.23193359,-2.2613525,1.8154907
9029,-0.17990112,-2.1954346,1.5753174
9030,-0.11291504,-2.3860168,1.5292358
9031,-0.072631836,-2.3274231,1.5930176
9032,-0.17669678,-2.2688293,1.3754272
9033,-0.043945313,-2.2026062,1.477356
9034,-0.099334717,-2.1333313,1.2619019
9035,0.10955811,-2.2819519,1.2261963
9036,0.092468262,-2.288208,1.0974121
9037,0.33111572,-2.3144531,1.2042236
9038,0.1574707,-2.2392273,1.0708618
9039,0.19607544,-2.3526001,1.0653687
9040,0.24017334,-2.0596313,1.1230469
9041,0.46630859,-2.1447754,1.0592651
9042,0.2734375,-2.2387695,0.91079712
9043,0.31860352,-2.3420715,1.000061
9044,0.55099487,-2.1636963,0.79910278
9045,0.44342041,-1.9648743,1.0089111
9046,0.46630859,-1.9769287,1.1056519
9047,0.58563232,-2.1191406,0.82458496
9048,0.57983398,-2.076416,0.65353394
9049,0.65139771,-1.895752,0.70236206
9050,0.72280884,-2.1934509,0.67092896
9051,0.7460022,-2.1685791,0.57022095
9052,0.64025879,-2.1835327,0.54595947
9053,0.73486328,-2.134552,0.39993286
9054,0.82321167,-2.1269226,0.42648315
9055,0.81832886,-1.99646,0.17288208
9056,1.0142517,-1.9799805,0.24002075
9057,0.95703125,-2.0654297,0.14678955
9058,1.1457825,-1.9949341,0.25207519
9059,1.0151672,-1.9245911,0.19546509
9060,1.0003662,-1.8736267,0.21667481
9061,1.1129761,-1.9126892,-0.018310547
9062,1.0188293,-1.6696167,0.032958984
9063,1.0902405,-1.8540955,-0.010681152
9064,1.1904907,-1.9134521,-0.17379761
9065,1.0997009,-1.9529724,-0.16952515
9066,1.2687683,-1.7889404,-0.2130127
9067,1.1178589,-1.7176819,-0.25421143
9068,1.1621094,-1.6471863,-0.4057312
9069,1.1483765,-1.5779114,-0.28198242
9070,1.116333,-1.3792419,-0.37490845
9071,1.1999512,-1.4282227,-0.35186768
9072,1.3017273,-1.4181519,-0.45104981
9073,1.2467957,-1.4633179,-0.59020996
9074,1.3160706,-1.4498901,-0.51345825
9075,1.2702942,-1.2652588,-0.6892395
9076,1.1514282,-1.0731506,-0.81924438
9077,1.187439,-1.053772,-0.5859375
9078,1.1991882,-1.1483765,-0.77987671
9079,1.1888123,-1.2602234,-0.82611084
9080,1.0842896,-1.1203003,-0.72875977
9081,1.0931396,-1.3366699,-0.84533691
9082,0.98815918,-1.1756897,-0.87020874
9083,0.97747803,-1.1595154,-0.83282471
9084,1.0272217,-1.0562134,-0.92254639
9085,1.0177612,-0.85998535,-0.92788696
9086,0.85876465,-0.90942383,-0.95825195
9087,1.0484314,-0.80841065,-0.97839356
9088,1.1454773,-0.63110352,-0.91384888
9089,0.97167969,-0.69610596,-0.97427368
9090,1.0183716,-0.52032471,-1.1747742
9091,0.98434448,-0.34362793,-1.2559509
9092,0.95520019,-0.40115356,-1.1631775
9093,0.95840454,-0.47241211,-1.1782837
9094,0.7888794,-0.41107178,-1.2825012
9095,0.70632935,-0.29876709,-1.1608887
9096,0.69946289,-0.14251709,-1.2937927
9097,0.78811646,-0.15457153,-1.1802673
9098,0.67672729,-0.12145996,-1.2701416
9099,0.68115234,0.055999756,-1.3058472
9100,0.67947388,-0.045776367,-1.2538147
9101,0.37185669,-0.23635864,-1.5609741
9102,0.37658691,0.022583008,-1.2416077
9103,0.43228149,-0.30426025,-1.4402771
9104,0.55618286,0.17669678,-1.4358521
9105,0.3779602,0.093688965,-1.3316345
9106,0.43762207,0.086975098,-1.2828064
9107,0.29495239,0.11962891,-1.3230896
9108,0.19897461,0.27770996,-1.2718201
9109,0.36956787,0.4447937,-1.2034607
9110,0.16372681,0.46386719,-1.3259888
9111,0.20858765,0.50354004,-1.2901306
9112,0.11459351,0.54214478,-1.2677002
9113,0.070343018,0.67199707,-1.1061096
9114,0.128479,0.61553955,-1.0571289
9115,0.02456665,0.69091797,-1.0572815
9116,-0.14892578,0.8303833,-1.1128235
9117,-0.1651001,0.96115112,-1.0098267
9118,-0.24536133,1.0516357,-1.1540222
9119,-0.27679443,0.96099853,-1.1843872
9120,-0.35110474,1.0107422,-1.0842896
9121,-0.33935547,0.99365234,-1.1590576
9122,-0.49636841,1.0293579,-1.2750244
9123,-0.44662476,1.0638428,-1.1532593
9124,-0.48202515,1.0522461,-1.12854
9125,-0.5796814,1.0229492,-1.0894775
9126,-0.64575195,1.1260986,-0.94955444
9127,-0.82046509,1.2277222,-0.88790894
9128,-0.83969116,1.3981628,-0.78659058
9129,-0.96450806,1.2084961,-0.74569702
9130,-0.83343506,1.2609863,-0.77575684
9131,-0.92468262,1.1947632,-0.69976807
9132,-0.99975586,1.1547852,-0.62164307
9133,-0.98388672,1.2149048,-0.67901611
9134,-1.0923767,1.2588501,-0.60531616
9135,-1.1651611,1.1836243,-0.43151856
9136,-1.2576294,1.3432312,-0.53009033
9137,-1.0809326,1.2750244,-0.44067383
9138,-1.3490295,1.2408447,-0.44509888
9139,-1.2254334,1.2408447,-0.30456543
9140,-1.4231873,1.2680054,-0.2861023
9141,-1.61026,1.2353516,-0.29968262
9142,-1.4898682,1.1143494,-0.36468506
9143,-1.4228821,1.2576294,-0.21789551
9144,-1.5611267,0.88867188,-0.31890869
9145,-1.9309998,1.0777283,-0.30761719
9146,-1.7097473,1.1181641,-0.30456543
9147,-1.6253662,1.075592,0.14419556
9148,-1.7651367,0.96588135,-0.010223389
9149,-1.7660522,1.1044312,0.10772705
9150,-1.6880798,0.965271,0.099639893
9151,-1.8241882,0.94207764,0.18707275
9152,-1.6682434,1.088562,0.24337769
9153,-1.8453979,1.1949158,0.33111572
9154,-1.7341614,1.0394287,0.40023804
9155,-2.0039368,0.92483521,0.37704468
9156,-1.9163513,0.97961426,0.37322998
9157,-1.9792175,0.99853516,0.58731079
9158,-1.8630981,0.97717285,0.56503296
9159,-1.8637085,0.89157104,0.64483643
9160,-1.9396973,0.82885742,0.61965942
9161,-2.0419312,0.8531189,0.75439453
9162,-2.2433472,0.69107056,0.76004028
9163,-2.162323,0.68145752,0.84732056
9164,-2.1578979,0.59646606,0.82702637
9165,-2.1447754,0.66467285,0.90209961
9166,-2.0533752,0.64102173,0.80459595
9167,-2.2091675,0.55023193,1.0725403
9168,-2.0349121,0.53588867,1.0148621
9169,-2.0204163,0.28167725,1.1315918
9170,-2.0796204,0.24276733,1.2042236
9171,-2.1136475,0.31982422,1.0552979
9172,-2.0812988,0.074005127,1.0409546
9173,-2.3667908,0.077972412,1.1503601
9174,-2.1611023,0.068664551,1.1607361
9175,-2.1138,0.12832642,1.2568665
9176,-1.9880676,0.045928955,1.1613464
9177,-1.9407654,-0.037078857,1.4163208
9178,-1.9252014,-0.02746582,1.4179993
9179,-1.8864441,-0.080413818,1.28479
9180,-2.0359802,-0.066986084,1.4279175
9181,-2.0359802,-0.097045898,1.4572144
9182,-1.9284058,-0.22384644,1.5441895
9183,-2.0046997,-0.21652222,1.5959167
9184,-1.8963623,-0.48797607,1.3195801
9185,-2.0466614,-0.58868408,1.3873291
9186,-1.8289185,-0.31433106,1.6888428
9187,-1.8014526,-0.46340942,1.2915039
9188,-1.8218994,-0.40283203,1.6410828
9189,-1.9512939,-0.69610596,1.6246033
9190,-1.9438171,-0.62332153,1.7628479
9191,-1.8205261,-0.61218262,1.9454956
9192,-1.763916,-0.77560425,1.7680359
9193,-1.668396,-0.56869507,1.9265747
9194,-1.7704773,-0.74584961,1.8499756
9195,-1.8730164,-1.0722351,1.7398071
9196,-1.7935181,-1.1802673,1.7669678
9197,-1.6113281,-1.1993408,1.9403076
9198,-1.683197,-1.1845398,1.9132996
9199,-1.567688,-1.184082,1.9317627
9200,-1.5116882,-1.1239624,2.1640015
9201,-1.4649963,-1.2567139,2.1635437
9202,-1.4335632,-1.4718628,2.1531677
9203,-1.4085388,-1.4115906,2.0986938
9204,-1.2742615,-1.5345764,2.0547485
9205,-1.1291504,-1.6113281,1.9825745
9206,-1.0491943,-1.5785217,2.0111084
9207,-1.1035156,-1.7726135,1.960907
9208,-1.1149597,-1.7489624,1.9197083
9209,-1.1392212,-1.9271851,1.8688965
9210,-1.0682678,-1.7419434,1.6156006
9211,-0.9866333,-1.8215942,1.7228699
9212,-0.74584961,-1.7825317,1.8965149
9213,-0.78933716,-1.8530273,1.8977356
9214,-0.83023071,-2.0092773,1.8597412
9215,-0.61172485,-1.8748474,1.8463135
9216,-0.61355591,-2.0042419,1.8338013
9217,-0.51086426,-1.8908691,1.8859863
9218,-0.52810669,-1.9578552,1.8391418
9219,-0.40084839,-2.0588684,1.6252136
9220,-0.46310425,-2.1669006,1.6897583
9221,-0.51452637,-2.1009827,1.7033386
9222,-0.42480469,-2.0120239,1.6712952
9223,-0.34301758,-2.077179,1.6220093
9224,-0.45150757,-1.9728088,1.5231323
9225,-0.29937744,-1.965332,1.427002
9226,-0.072021484,-2.1922302,1.4631653
9227,-0.17196655,-2.2015381,1.4428711
9228,-0.086975098,-2.2460938,1.5608215
9229,0.09475708,-2.183075,1.4364624
9230,-0.036315918,-2.2827148,1.4007568
9231,0.15197754,-2.1374512,1.2432861
9232,0.22338867,-1.9700623,1.3134766
9233,0.18859863,-2.2053528,1.361084
9234,0.34469605,-2.2731018,1.3014221
9235,0.43212891,-2.2090149,1.156311
9236,0.21881103,-2.3233032,1.1553955
9237,0.27770996,-2.4983215,1.0787964
9238,0.49957275,-2.2703552,1.0108948
9239,0.52261353,-2.3999023,0.86837769
9240,0.36300659,-2.5494385,0.79910278
9241,0.56060791,-2.205658,0.78674316
9242,0.56838989,-2.558136,0.6930542
9243,0.61309815,-2.13974,0.58853149
9244,0.79437256,-2.2065735,0.73135376
9245,0.69335938,-2.2644043,0.6628418
9246,0.79208374,-2.208252,0.51513672
9247,0.89767456,-2.1563721,0.5670166
9248,0.85449219,-2.2735596,0.68222046
9249,0.8644104,-2.2650146,0.44372559
9250,0.76370239,-2.0916748,0.47302246
9251,0.89019775,-2.0899963,0.52444458
9252,0.99258423,-2.0755005,0.2961731
9253,0.97991943,-1.9873047,0.26031494
9254,0.93276978,-2.0317078,0.18127441
9255,1.0183716,-1.9673157,0.21240234
9256,1.0575867,-1.9754028,0.091247559
9257,1.0437012,-1.8638611,0.10742188
9258,1.1450195,-1.8383789,-0.037841797
9259,1.1425781,-1.7906189,-0.030670166
9260,1.1665344,-1.9017029,-0.1234436
9261,1.0925293,-1.8179321,-0.14923096
9262,1.0095215,-1.9091797,-0.028839111
9263,1.1901855,-1.6802979,-0.13061523
9264,1.1776733,-1.6625977,-0.27862549
9265,1.222229,-1.5776062,-0.3918457
9266,1.2484741,-1.5942383,-0.51742554
9267,1.15448,-1.3931274,-0.45135498
9268,1.2602234,-1.4035034,-0.55877685
9269,1.2414551,-1.4627075,-0.67626953
9270,1.1572266,-1.1398315,-0.60302734
9271,1.2553406,-1.2423706,-0.65795898
9272,1.2446594,-1.2246704,-0.59005737
9273,1.0910034,-1.4129639,-0.72937012
9274,1.2138367,-1.3009644,-0.59783935
9275,1.1335754,-1.2110901,-0.82931519
9276,1.1726379,-1.2306213,-0.66833496
9277,1.1885071,-1.164093,-0.72113037
9278,1.0258484,-1.317749,-0.8001709
9279,1.0296631,-1.0575867,-0.97747803
9280,1.0829163,-0.78094482,-0.96969604
9281,1.0116577,-0.82366943,-0.92819214
9282,1.0539246,-0.87844849,-0.91796875
9283,0.93017578,-0.70510864,-1.1387634
9284,0.9185791,-0.79803467,-1.0693359
9285,1.0806274,-0.65231323,-1.1859131
9286,0.94314575,-0.48095703,-1.3128662
9287,1.0884094,-0.45562744,-1.2599182
9288,0.99121094,-0.47668457,-1.3098145
9289,0.97381592,-0.28121948,-1.4738464
9290,0.92483521,-0.33630371,-1.2808228
9291,0.8052063,-0.2204895,-1.2785339
9292,0.91674805,-0.14648438,-1.2776184
9293,0.85586548,-0.17333984,-1.2145996
9294,0.70846558,-0.072021484,-1.1196899
9295,0.79742432,0.058441162,-1.2960815
9296,0.46203613,-0.17471313,-1.3218689
9297,0.67901611,0.19866943,-1.4091492
9298,0.65597534,0.19287109,-1.4083862
9299,0.46936035,0.16204834,-1.4079285
9300,0.46112061,0.38284302,-1.4743042
9301,0.44754028,0.35247803,-1.3223267
9302,0.42297363,0.41809082,-1.312561
9303,0.31707764,0.60821533,-1.2310791
9304,0.25680542,0.66879272,-1.3146973
9305,0.32913208,0.62225342,-1.3235474
9306,-0.003051758,0.55282593,-1.4311218
9307,0.1701355,0.69671631,-1.4408875
9308,0.18127441,0.71578979,-1.3179016
9309,0.043792725,0.63232422,-1.3214111
9310,-0.027313232,0.74890137,-1.2643433
9311,-0.008392334,0.83251953,-1.2670898
9312,-0.094604492,0.81008911,-1.3121033
9313,-0.12054443,0.92056274,-1.272583
9314,-0.28106689,1.0069275,-1.4726257
9315,-0.184021,1.103363,-1.072998
9316,-0.42663574,1.2765503,-1.1216736
9317,-0.37399292,1.305542,-1.2759399
9318,-0.46188355,1.2709045,-1.211853
9319,-0.64102173,1.1270142,-1.1012268
9320,-0.48110962,1.114502,-1.048584
9321,-0.55496216,1.0855103,-1.1164856
9322,-0.61340332,1.0804749,-0.99319458
9323,-0.83618164,1.0571289,-0.81054688
9324,-0.73486328,1.1618042,-0.89111328
9325,-0.9185791,1.2431335,-1.0461426
9326,-0.81283569,1.3632202,-0.9513855
9327,-1.0572815,1.4215088,-1.0269165
9328,-0.97473144,1.1549377,-0.84320068
9329,-1.1915588,1.1074829,-0.65887451
9330,-1.1250305,1.1795044,-0.88470459
9331,-1.2117004,1.1935425,-0.77728272
9332,-1.3040161,1.3174438,-0.68283081
9333,-1.3417053,1.4004517,-0.56182861
9334,-1.1949158,1.4295959,-0.52230835
9335,-1.2794495,1.3305664,-0.46966553
9336,-1.3722229,1.3186646,-0.36911011
9337,-1.5544128,1.2193298,-0.30441284
9338,-1.4842224,1.4141846,-0.15106201
9339,-1.6548157,1.3671875,0.024871826
9340,-1.625061,1.2182617,-0.15655518
9341,-1.7501831,0.78872681,-0.27191162
9342,-1.7337036,1.3400269,-0.1625061
9343,-1.6725159,1.3021851,-0.11322022
9344,-1.7774963,1.302948,-0.032653809
9345,-1.7578125,1.2173462,0.10406494
9346,-1.8591309,1.1846924,0.17044067
9347,-1.8995666,1.1868286,0.22491455
9348,-1.8464661,1.1573791,0.16571045
9349,-1.9671631,1.1082459,0.31051636
9350,-2.1035767,0.98068237,0.48217773
9351,-1.999054,0.99090576,0.45959473
9352,-2.0123291,0.90942383,0.39672852
9353,-2.0845032,1.0438538,0.44967651
9354,-2.0133972,1.0076904,0.55526733
9355,-2.0599365,1.0650635,0.64498901
9356,-1.9593811,0.93963623,0.52261353
9357,-1.9963074,0.88302612,0.54641724
9358,-2.215271,0.79895019,0.58166504
9359,-2.0117188,0.69244385,0.80444336
9360,-1.9039917,0.62713623,0.753479
9361,-2.1913147,0.67520142,0.65856934
9362,-2.0756531,0.55709839,1.0253906
9363,-2.1386719,0.52001953,1.0972595
9364,-2.2402954,0.59082031,1.006012
9365,-2.2315979,0.50415039,1.1885071
9366,-2.1113586,0.44281006,1.1602783
9367,-2.2418213,0.27389526,1.1404419
9368,-2.3179626,0.36560059,1.2371826
9369,-2.2639465,0.26519775,1.1526489
9370,-2.1542358,0.22613525,1.0945129
9371,-2.2396851,0.29174805,1.3607788
9372,-2.0915222,0.001831055,1.4892578
9373,-2.2602844,0.047912598,1.414032
9374,-2.2453308,-0.56793213,1.2173462
9375,-2.0581055,-0.042114258,1.554718
9376,-2.3080444,-0.067901611,1.4108276
9377,-2.277832,-0.15457153,1.4373779
9378,-2.101593,-0.081481934,1.8103027
9379,-2.0152283,-0.13916016,1.577301
9380,-2.1658325,-0.3616333,1.5289307
9381,-2.1069336,-0.44921875,1.8487549
9382,-1.9372559,-0.519104,1.8624878
9383,-1.9221497,-0.64025879,1.5922546
9384,-1.9041443,-0.7661438,1.7453003
9385,-1.8353271,-0.73242188,1.663208
9386,-1.9384766,-0.64208984,1.852417
9387,-1.8641663,-0.95535278,1.8521118
9388,-1.7770386,-0.83023071,2.101593
9389,-1.8772888,-1.0223389,2.0092773
9390,-1.703949,-0.95962524,1.9894409
9391,-1.7745972,-0.93399048,1.9654846
9392,-1.7306519,-1.2249756,1.9017029
9393,-1.7956543,-1.3719177,1.9569397
9394,-1.8110657,-1.4234924,1.9691467
9395,-1.7736816,-1.4447021,2.0098877
9396,-1.6827393,-1.2388611,1.9288635
9397,-1.6842651,-1.3928223,2.0646667
9398,-1.4302063,-1.2464905,1.940918
9399,-1.4390564,-1.265564,1.940918
9400,-1.3829041,-1.5061951,2.0249939
9401,-1.3372803,-1.4933777,2.1464539
9402,-1.3485718,-1.7573547,1.963501
9403,-1.2884521,-1.706543,1.9519043
9404,-1.3690186,-1.8237305,1.9992065
9405,-1.222229,-2.0140076,1.8254089
9406,-1.1726379,-1.9944763,1.9665527
9407,-1.2179565,-1.8783569,2.0622253
9408,-0.97381592,-1.7732239,2.0330811
9409,-1.101532,-1.8434143,2.0314026
9410,-0.97015381,-1.9142151,2.0187378
9411,-0.95336914,-1.8927002,1.9354248
9412,-0.71746826,-1.9960022,1.8367004
9413,-0.61477661,-2.1286011,1.8067932
9414,-0.56854248,-2.066803,1.8745422
9415,-0.50933838,-2.1539307,1.8347168
9416,-0.54794312,-2.1801758,1.8948364
9417,-0.42175293,-2.1994019,1.8406677
9418,-0.28701782,-2.2949219,1.6986084
9419,-0.26107788,-2.2589111,1.7738342
9420,-0.30059814,-2.1368408,1.7489624
9421,-0.16983032,-2.109375,1.6593933
9422,-0.17730713,-2.197113,1.7359924
9423,-0.067901611,-2.2319031,1.6842651
9424,0.044708252,-2.4514771,1.5814209
9425,0.053100586,-2.4334717,1.6146851
9426,0.077209473,-2.4372864,1.5423584
9427,0.086364746,-2.5158691,1.4570618
9428,0.12496948,-2.4389648,1.2893677
9429,0.11642456,-2.2221375,1.3746643
9430,0.22994995,-2.3020935,1.2049866
9431,0.31494141,-2.4060059,1.2207031
9432,0.34210205,-2.4717712,1.1764526
9433,0.40557861,-2.3951721,1.0868835
9434,0.47653198,-2.5019836,1.0926819
9435,0.53115845,-2.4134827,1.0769653
9436,0.54412842,-2.4621582,1.0467529
9437,0.53863525,-2.3757935,1.0148621
9438,0.5368042,-2.3074341,1.0096741
9439,0.57098389,-2.2799683,0.91964722
9440,0.56060791,-2.4055481,0.79711914
9441,0.61645508,-2.3287964,0.66452026
9442,0.63446045,-2.3249817,0.67840576
9443,0.74172974,-2.2406006,0.68969727
9444,0.83511353,-2.233429,0.53497315
9445,0.90423584,-2.2167969,0.61599731
9446,0.93536377,-2.1572876,0.47729492
9447,0.97702026,-2.1073914,0.44143677
9448,0.95947266,-2.2517395,0.57006836
9449,1.0499573,-2.3683167,0.25573731
9450,1.1006165,-2.2109985,0.43914795
9451,1.3119507,-2.1853638,0.35476685
9452,1.2574768,-2.1194458,0.21240234
9453,1.2475586,-2.2033691,0.050811768
9454,1.1314392,-2.0881653,0.090026855
9455,1.2762451,-2.0002747,-0.079193115
9456,1.3140869,-2.0094299,-0.18936157
9457,1.3526916,-1.9358826,-0.1864624
9458,1.2705994,-1.9335938,-0.2420044
9459,1.3825989,-2.0053101,-0.37567139
9460,1.4823914,-1.7985535,-0.31326294
9461,1.337738,-1.7637634,-0.27328491
9462,1.3374329,-1.7950439,-0.27191162
9463,1.3150024,-1.7961121,-0.3742981
9464,1.3020325,-1.6645813,-0.33050537
9465,1.134491,-1.6357422,-0.365448
9466,1.3319397,-1.494751,-0.64300537
9467,1.3615417,-1.4141846,-0.74081421
9468,1.3653564,-1.3653564,-0.72174072
9469,1.3536072,-1.4006042,-0.68557739
9470,1.3543701,-1.4575195,-0.63781738
9471,1.2399292,-1.2945557,-0.76171875
9472,1.151886,-1.3500977,-0.85998535
9473,1.348877,-1.309967,-0.97900391
9474,1.2464905,-1.4204407,-0.82351685
9475,1.0700989,-1.114502,-0.88195801
9476,1.2065125,-1.0290527,-0.94726563
9477,1.0974121,-1.0110474,-0.88272095
9478,1.1697388,-0.78033447,-0.99822998
9479,1.0534668,-0.9475708,-0.94177246
9480,1.2129211,-0.81634522,-1.081543
9481,1.2548828,-0.72647095,-1.1387634
9482,1.3252258,-0.63705444,-1.1254883
9483,1.1138916,-0.60562134,-1.2071228
9484,1.1038208,-0.50735474,-1.2303162
9485,1.0388184,-0.38375855,-1.1943054
9486,1.0595703,-0.39199829,-1.2908936
9487,0.95245361,-0.15991211,-1.3531494
9488,1.0110474,-0.27862549,-1.2828064
9489,0.89920044,-0.18096924,-1.3700867
9490,0.90194702,-0.12298584,-1.434021
9491,0.95031738,-0.029449463,-1.4546204
9492,0.83877563,0.027618408,-1.4097595
9493,0.78735352,0.17608643,-1.40625
9494,0.64453125,-0.14068603,-1.3156128
9495,0.61325073,0.041046143,-1.2806702
9496,0.53161621,0.074310303,-1.2254334
9497,0.64239502,0.27130127,-1.3375854
9498,0.36575317,0.2961731,-1.3137817
9499,0.39993286,0.37567139,-1.4169312
9500,0.24536133,0.45974731,-1.4857483
9501,0.45654297,0.45318603,-1.4318848
9502,0.34072876,0.41763306,-1.333313
9503,0.3213501,0.46829224,-1.2341309
9504,0.32470703,0.50537109,-1.4349365
9505,0.021972656,0.79147339,-1.4801025
9506,0.084686279,0.41931152,-1.3513184
9507,0.090026855,0.57510376,-1.3299561
9508,0.062866211,0.84655762,-1.257019
9509,0.11672974,0.67337036,-1.1547852
9510,-0.1399231,0.86639404,-1.09375
9511,0.00579834,0.84732056,-1.197052
9512,-0.18753052,0.86288452,-1.1579895
9513,-0.22277832,0.91308594,-1.3172913
9514,-0.18051148,1.0552979,-1.133728
9515,-0.33111572,1.0681152,-1.1427307
9516,-0.37567139,1.2527466,-1.2812805
9517,-0.57220459,1.2457275,-1.2817383
9518,-0.34179688,1.2841797,-1.2612915
9519,-0.46508789,1.2184143,-1.2902832
9520,-0.53588867,1.1503601,-1.0699463
9521,-0.52597046,1.0516357,-0.96969604
9522,-0.78674316,1.1447144,-0.87112427
9523,-0.78613281,1.2391663,-1.0664368
9524,-0.83251953,1.4051819,-0.9854126
9525,-0.92666626,1.4021301,-0.7182312
9526,-0.97824097,1.4530945,-0.67321777
9527,-1.0420227,1.3160706,-0.70037842
9528,-1.1959839,1.2588501,-0.55786133
9529,-1.1175537,1.2802124,-0.62805176
9530,-1.3644409,1.2806702,-0.60852051
9531,-1.1895752,1.4547729,-0.53710938
9532,-1.2634277,1.2915039,-0.63949585
9533,-1.3270569,1.2141418,-0.6237793
9534,-1.3821411,1.3398743,-0.59020996
9535,-1.4416504,1.2619019,-0.57678223
9536,-1.6156006,1.2619019,-0.23101807
9537,-1.6610718,1.2097168,-0.49407959
9538,-1.6038513,1.2322998,-0.30731201
9539,-1.5917969,1.2518311,-0.067901611
9540,-1.7532349,1.1665344,-0.15808106
9541,-1.7375183,1.2298584,-0.11383057
9542,-1.7860413,1.3288879,0.017089844
9543,-1.8171692,1.2336731,0.10986328
9544,-1.8763733,1.1752319,0.15258789
9545,-1.8843079,1.2768555,0.2204895
9546,-1.9761658,1.1073303,0.24902344
9547,-1.9975281,1.1747742,0.29541016
9548,-2.0115662,1.2106323,0.26809692
9549,-2.0433044,1.1027527,0.54077148
9550,-1.8641663,1.0864258,0.48690796
9551,-2.0025635,1.0945129,0.53146362
9552,-1.9116211,1.0452271,0.58425903
9553,-1.9694519,0.82672119,0.59295654
9554,-2.109375,0.9022522,0.57479858
9555,-1.9790649,0.90637207,0.72113037
9556,-1.9963074,0.84915161,0.77346802
9557,-2.2193909,0.78369141,0.84350586
9558,-2.1821594,0.81176758,0.68817139
9559,-2.4276733,0.76080322,0.80352783
9560,-2.4021912,0.73822022,0.91522217
9561,-2.1694946,0.62072754,0.94482422
9562,-2.203064,0.64315796,0.75790405
9563,-2.2451782,0.52947998,0.99243164
9564,-2.177124,0.35675049,1.2385559
9565,-2.2303772,0.25268555,1.227417
9566,-2.4514771,0.40115356,1.2506104
9567,-2.2619629,0.2722168,1.2654114
9568,-2.1211243,0.36331177,1.2437439
9569,-2.1139526,0.27420044,1.1795044
9570,-2.2091675,0.20278931,1.1108398
9571,-2.3545837,0.061340332,1.4068604
9572,-2.3303223,-0.21408081,1.3943481
9573,-2.2865295,-0.23925781,1.5853882
9574,-2.2590637,-0.19897461,1.5652466
9575,-2.0936584,-0.21194458,1.5908813
9576,-2.1618652,-0.23391724,1.5042114
9577,-2.3254395,-0.21957398,1.4512634
9578,-1.9943237,-0.29281616,1.4582825
9579,-1.8577576,-0.29113769,1.7102051
9580,-1.9316101,-0.41275024,1.2843323
9581,-1.9787598,-0.45074463,1.6349792
9582,-1.9708252,-0.52612305,1.7874146
9583,-1.8325806,-0.61355591,1.8302917
9584,-2.0068359,-0.63339233,1.1578369
9585,-1.8676758,-0.79147339,1.4894104
9586,-1.8000793,-0.75027466,1.8928528
9587,-1.7675781,-0.78826904,1.802063
9588,-1.8640137,-0.71090698,1.9070435
9589,-1.7074585,-1.0009766,1.8325806
9590,-1.4996338,-1.1541748,1.6809082
9591,-1.6239929,-1.1831665,1.95755
9592,-1.6664124,-1.3287354,2.0097351
9593,-1.8113709,-1.3998413,2.0326233
9594,-1.5356445,-1.3018799,2.0419312
9595,-1.5974426,-1.3356018,2.0809937
9596,-1.3900757,-1.3793945,1.995697
9597,-1.4924622,-1.386261,2.0265198
9598,-1.3391113,-1.5205383,1.9404602
9599,-1.4355469,-1.4778137,2.0404053
9600,-1.4015198,-1.6738892,2.0944214
9601,-1.3796997,-1.7240906,1.9708252
9602,-1.2356567,-1.6880798,1.8518066
9603,-1.1987305,-1.8035889,2.0140076
9604,-1.1201477,-1.7987061,1.8609619
9605,-1.0588074,-1.8151855,1.9844055
9606,-1.1186218,-1.6755676,2.024231
9607,-0.80368042,-1.6119385,2.0114136
9608,-0.9336853,-1.5950012,1.9656372
9609,-0.86898804,-1.7927551,1.7364502
9610,-0.77209473,-1.8450928,1.8942261
9611,-0.72280884,-1.8443298,1.8716431
9612,-0.60592651,-1.8469238,1.7904663
9613,-0.64956665,-1.8942261,1.7010498
9614,-0.62545776,-2.1105957,1.6494751
9615,-0.46615601,-2.0581055,1.8725586
9616,-0.45135498,-2.1168518,1.7060852
9617,-0.36239624,-2.1046448,1.6864014
9618,-0.39001465,-2.0918274,1.6479492
9619,-0.18478394,-2.1122742,1.6738892
9620,-0.071563721,-2.1965027,1.5997314
9621,-0.057220459,-2.2485352,1.5473938
9622,-0.10757446,-2.2319031,1.5467834
9623,0.043334961,-2.3735046,1.6235352
9624,0.018157959,-2.3883057,1.5658569
9625,0.079345703,-2.376709,1.5411377
9626,0.1953125,-2.3297119,1.2635803
9627,0.26931763,-2.1818542,1.3217163
9628,0.093231201,-2.1777344,1.2918091
9629,0.21591187,-2.2857666,1.3105774
9630,0.234375,-2.341156,1.1529541
9631,0.28747559,-2.4093628,1.1976624
9632,0.39825439,-2.434082,0.94070435
9633,0.54260254,-2.4072266,0.94940185
9634,0.50064087,-2.4887085,1.0317993
9635,0.52124023,-2.3406982,1.0498047
9636,0.56472778,-2.3377991,0.78338623
9637,0.63079834,-2.5022888,0.84381103
9638,0.6640625,-2.4893188,0.97412109
9639,0.69458008,-2.4302673,0.66375732
9640,0.78125,-2.2477722,0.88623047
9641,0.84503174,-2.3210144,0.57983398
9642,0.92529297,-2.1655273,0.55709839
9643,0.91461182,-2.1400452,0.51849365
9644,0.96237183,-2.3060608,0.39581299
9645,1.0171509,-2.1731567,0.55664063
9646,0.96603394,-2.0291138,0.49804688
9647,1.1572266,-2.0443726,0.28915405
9648,1.0079956,-1.9393921,0.31326294
9649,0.97229004,-1.9659424,0.13046265
9650,1.0809326,-2.1443176,0.042877197
9651,1.0076904,-2.0957947,0.078430176
9652,1.2234497,-2.0556641,0.064849854
9653,1.2228394,-1.8569946,-0.039215088
9654,1.2304688,-1.7819214,-0.11810303
9655,1.0919189,-1.5965271,0.005187988
9656,1.1508179,-1.7951965,-0.065765381
9657,1.2089539,-1.7810059,-0.13366699
9658,1.247406,-1.7590332,-0.29525757
9659,1.0585022,-1.8093872,-0.33599853
9660,1.0699463,-1.6067505,-0.54214478
9661,1.2077332,-1.5753174,-0.46340942
9662,1.1158752,-1.6279602,-0.33294678
9663,1.1508179,-1.6268921,-0.34439087
9664,1.186676,-1.5948486,-0.35385132
9665,1.3114929,-1.4562988,-0.59387207
9666,1.1413574,-1.3699341,-0.60516357
9667,1.3043213,-1.3220215,-0.58135986
9668,1.2016296,-1.3339233,-0.48217773
9669,1.151123,-1.2863159,-0.49987793
9670,1.16745,-1.2249756,-0.86166382
9671,1.2782288,-1.0713196,-0.75637817
9672,1.1103821,-1.0009766,-0.79177856
9673,1.1891174,-0.95962524,-0.87722778
9674,1.217804,-0.82870483,-0.79772949
9675,1.1849976,-0.74905396,-0.92315674
9676,1.0202026,-0.70587158,-0.89431763
9677,1.0110474,-0.66696167,-1.0797119
9678,1.0021973,-0.65917969,-0.97213745
9679,1.0298157,-0.66970825,-1.1463928
9680,0.9324646,-0.52474976,-1.0653687
9681,1.1209106,-0.57006836,-1.1575317
9682,0.96832275,-0.42388916,-1.0496521
9683,0.87860107,-0.5001831,-1.169281
9684,0.88851929,-0.39855957,-1.1631775
9685,0.82733154,-0.3855896,-1.1795044
9686,0.78079224,-0.1272583,-1.0868835
9687,0.89096069,-0.32943726,-1.1193848
9688,0.74951172,-0.27938843,-1.2728882
9689,0.84793091,-0.094299316,-1.0565186
9690,0.72967529,-0.16662598,-1.3005066
9691,0.7144165,0.079956055,-1.2562561
9692,0.43457031,-0.093078613,-1.3269043
9693,0.25527954,-0.15197754,-1.2506104
9694,0.23849487,-0.14633179,-1.3938904
9695,0.284729,0.18615723,-1.3233948
9696,0.32470703,0.29586792,-1.5144348
9697,0.39886475,0.30532837,-1.4572144
9698,0.35491943,0.37216186,-1.4031982
9699,0.34866333,0.28564453,-1.3723755
9700,0.17150879,0.37246704,-1.1801147
9701,0.27420044,0.53649902,-1.3812256
9702,0.1890564,0.60394287,-1.3079834
9703,0.10818481,0.73608398,-1.2275696
9704,0.021057129,0.71563721,-1.3723755
9705,0.1638794,0.86486816,-1.383667
9706,0.06362915,0.65048218,-1.3742065
9707,-0.27587891,0.88867188,-1.3545227
9708,-0.31173706,0.85128784,-1.1911011
9709,-0.18981934,0.86654663,-1.2249756
9710,-0.19973755,0.98648071,-1.1929321
9711,-0.3817749,0.87905884,-1.0241699
9712,-0.32409668,0.92453003,-0.91796875
9713,-0.46813965,0.89920044,-1.1004639
9714,-0.66802978,1.0418701,-0.75958252
9715,-0.63598633,1.1540222,-0.99273682
9716,-0.64758301,1.2045288,-0.97686768
9717,-1.0246277,1.3369751,-0.99487305
9718,-0.96542358,1.0673523,-0.87402344
9719,-1.0437012,1.1534119,-0.95565796
9720,-1.0978699,1.2295532,-0.90805054
9721,-0.96252441,1.2657166,-0.87020874
9722,-0.91766357,1.2228394,-0.75531006
9723,-0.94116211,1.2782288,-0.66452026
9724,-1.1329651,1.21521,-0.63461304
9725,-1.0668945,1.2445068,-0.63827515
9726,-0.95397949,1.2992859,-0.62103272
9727,-1.2081909,1.4042664,-0.53237915
9728,-1.2165833,1.3639832,-0.46966553
9729,-1.2936401,1.2667847,-0.40710449
9730,-1.3447571,1.2825012,-0.37307739
9731,-1.4108276,1.2355041,-0.27023315
9732,-1.3163757,1.2184143,-0.43273926
9733,-1.6915894,1.15448,-0.39901733
9734,-1.5364075,1.1398315,-0.31799316
9735,-1.4241028,1.0752869,-0.38757324
9736,-1.5328979,1.2901306,-0.19577026
9737,-1.580658,1.1114502,-0.19470215
9738,-1.6777039,1.3076782,-0.041503906
9739,-1.7027283,1.1973572,0.088653564
9740,-1.5307617,1.1221313,0.11749268
9741,-1.6717529,1.3771057,0.1184082
9742,-1.6325378,1.2451172,0.094909668
9743,-1.7861938,1.3842773,0.17974853
9744,-1.912384,1.1431885,0.3036499
9745,-1.8386841,0.98388672,0.29296875
9746,-1.8840027,0.97137451,0.45562744
9747,-1.8577576,0.99792481,0.42938232
9748,-2.0092773,1.0095215,0.44677734
9749,-1.9081116,0.99121094,0.40908814
9750,-2.093811,1.0900879,0.52490234
9751,-1.9932556,0.98144531,0.53894043
9752,-2.008667,0.95321655,0.68054199
9753,-1.9602966,0.82489014,0.70495606
9754,-2.0854187,0.73394775,0.73364258
9755,-2.0018005,0.70922852,0.68161011
9756,-2.0623779,0.65307617,0.80108643
9757,-2.0611572,0.71655273,0.85449219
9758,-1.913147,0.66925049,0.88485718
9759,-2.0454407,0.55908203,0.8670044
9760,-2.1409607,0.42800903,0.73059082
9761,-2.1099854,0.42694092,0.83847046
9762,-2.1507263,0.49743652,0.98770142
9763,-1.9841003,0.32363892,1.1328125
9764,-2.159729,0.31982422,1.2051392
9765,-2.0075989,0.29464722,1.1297607
9766,-2.1075439,0.20111084,1.0336304
9767,-2.0413208,-0.007171631,1.3302612
9768,-2.046051,0.032958984,1.4466858
9769,-2.0664978,0.20675659,1.3861084
9770,-2.0135498,0.007171631,1.3548279
9771,-1.8753052,-0.024719238,1.3626099
9772,-2.0306396,-0.070648193,1.6601563
9773,-1.9778442,-0.14434815,1.461792
9774,-2.0707703,-0.21484375,1.6166687
9775,-1.8516541,-0.57769775,1.4552307
9776,-2.0487976,-0.27664185,1.4257813
9777,-1.993866,-0.51177978,1.328125
9778,-1.8991089,-0.52566528,1.4796448
9779,-1.9749451,-0.4170227,1.4825439
9780,-1.8559265,-0.51513672,1.542511
9781,-1.8278503,-0.60333252,1.8824768
9782,-1.7861938,-0.66146851,1.6290283
9783,-1.5489197,-0.90118408,1.5383911
9784,-1.7437744,-0.89599609,1.7457581
9785,-1.7964172,-0.87188721,1.9941711
9786,-1.6952515,-0.82763672,1.8699646
9787,-1.6543579,-0.88684082,1.8440247
9788,-1.6925049,-0.95886231,1.8881226
9789,-1.6534424,-1.0517883,1.6931152
9790,-1.5841675,-1.2094116,1.7382813
9791,-1.5715027,-1.2979126,1.7694092
9792,-1.4764404,-1.1799622,1.8763733
9793,-1.4186096,-1.259613,2.1107483
9794,-1.4503479,-1.1688232,2.0388794
9795,-1.280365,-1.3012695,2.0854187
9796,-1.3047791,-1.2606812,1.9184875
9797,-1.3137817,-1.289978,1.9470215
9798,-1.184082,-1.3330078,2.0349121
9799,-1.2554932,-1.4013672,1.8954468
9800,-1.1761475,-1.4030457,1.973877
9801,-1.0043335,-1.635437,1.8418884
9802,-0.99395752,-1.6650391,1.7553711
9803,-0.91812134,-1.7529297,1.9596863
9804,-0.95077515,-1.7897034,1.907196
9805,-0.84701538,-1.987915,1.8135071
9806,-0.8126831,-1.7878723,1.857605
9807,-0.89874268,-1.907959,1.875
9808,-0.80688477,-1.962738,1.9143677
9809,-0.62515259,-1.902771,1.76651
9810,-0.49285889,-1.8087769,1.8315125
9811,-0.46813965,-1.960907,1.902771
9812,-0.48248291,-2.0448303,1.9189453
9813,-0.50308228,-2.1020508,1.8360901
9814,-0.40252686,-2.1170044,1.6574097
9815,-0.37384033,-2.1757507,1.7709351
9816,-0.26580811,-2.3027039,1.5226746
9817,-0.17242432,-2.088623,1.7279053
9818,-0.1763916,-2.1539307,1.5211487
9819,-0.17486572,-2.1772766,1.6340637
9820,-0.20858765,-2.1784973,1.6052246
9821,-0.036010742,-2.3001099,1.3606262
9822,-0.038299561,-2.3240662,1.4328003
9823,-0.006713867,-2.3800659,1.4056396
9824,0.30212402,-2.252655,1.2297058
9825,0.25024414,-2.1484375,1.1541748
9826,0.23681641,-2.247467,1.1477661
9827,0.25268555,-2.0846558,1.2239075
9828,0.22338867,-2.0829773,1.1479187
9829,0.22415161,-1.9403076,1.0704041
9830,0.36972046,-2.0074463,0.90087891
9831,0.46554565,-2.0330811,0.93353272
9832,0.39505005,-2.2192383,0.93765259
9833,0.42633057,-2.1939087,0.97503662
9834,0.51513672,-2.3100281,0.78674316
9835,0.54931641,-2.1673584,0.90744019
9836,0.63171387,-2.17453,0.74829102
9837,0.67230225,-2.2348022,0.61965942
9838,0.71502685,-2.1479797,0.64483643
9839,0.7510376,-2.1733093,0.79864502
9840,0.67565918,-2.0362854,0.60272217
9841,0.77453613,-2.2079468,0.40832519
9842,0.73883057,-2.1327209,0.46585083
9843,0.89523315,-2.1759033,0.41275024
9844,0.95520019,-2.1443176,0.40603638
9845,0.87814331,-2.0896912,0.38604736
9846,0.86715698,-1.8917847,0.36132813
9847,0.98327637,-2.0259094,0.15289307
9848,1.0037231,-2.0721436,0.12008667
9849,0.98754883,-1.9429016,-0.14724731
9850,1.1222839,-1.9018555,-0.006408691
9851,0.97732544,-1.9447327,0.0050354
9852,0.98220825,-1.8859863,-0.11077881
9853,1.1654663,-1.9664001,-0.131073
9854,1.1486816,-1.8684387,-0.17349243
9855,1.0684204,-1.7198181,-0.13565063
9856,1.0346985,-1.7236328,-0.032196045
9857,1.0296631,-1.5129089,-0.043945313
9858,1.1192322,-1.5759277,-0.15106201
9859,1.1921692,-1.5602112,-0.32180786
9860,1.1627197,-1.5213013,-0.38848877
9861,1.1795044,-1.3223267,-0.48950195
9862,1.118927,-1.3694763,-0.41015625
9863,1.229248,-1.2785339,-0.55786133
9864,0.96496582,-1.3946533,-0.53695679
9865,1.1064148,-1.317749,-0.53527832
9866,0.93414307,-1.3684082,-0.80932617
9867,0.95962524,-1.441803,-0.79177856
9868,0.9362793,-1.4175415,-0.76538086
9869,0.93154907,-1.1927795,-0.75668335
9870,0.99075317,-1.072998,-0.74447632
9871,1.0427856,-1.0293579,-0.79345703
9872,1.0990906,-0.81588745,-0.82763672
9873,0.93811035,-0.78964233,-0.90835571
9874,1.053009,-0.74157715,-0.88775635
9875,1.0144043,-0.52658081,-0.91308594
9876,0.93338013,-0.58273315,-1.0124207
9877,1.0296631,-0.55389404,-1.1550903
9878,1.036377,-0.4737854,-1.0345459
9879,0.83450317,-0.35873413,-1.0551453
9880,0.7800293,-0.5140686,-1.0983276
9881,0.77606201,-0.30731201,-1.0388184
9882,0.9085083,-0.23834228,-1.1068726
9883,0.70983887,-0.24353027,-1.2362671
9884,0.85510254,-0.094604492,-1.1653137
9885,0.67779541,-0.16815185,-1.2005615
9886,0.77850342,-0.038146973,-1.1613464
9887,0.5960083,-0.11871338,-1.2260437
9888,0.51986694,0.1045227,-1.2350464
9889,0.55801392,-0.099487305,-1.2060547
9890,0.27770996,-0.30181885,-1.4115906
9891,0.11779785,-0.35888672,-1.4305115
9892,0.23712158,0.057678223,-1.3818359
9893,0.47927856,0.22979736,-1.2478638
9894,0.30029297,0.23406982,-1.1471558
9895,0.39154053,0.22003174,-1.1608887
9896,0.22033691,0.45028686,-1.1959839
9897,0.23529053,0.46630859,-1.2863159
9898,0.23803711,0.32958984,-1.1305237
9899,0.16967773,0.47393799,-1.2791443
9900,0.1449585,0.43457031,-1.1369324
9901,0.10421753,0.58181763,-1.1222839
9902,-0.003967285,0.53359985,-1.2452698
9903,0.002441406,0.56610107,-1.1911011
9904,-0.20965576,0.58822632,-1.2960815
9905,-0.20446777,0.80947876,-1.1607361
9906,-0.2470398,0.77896118,-1.0159302
9907,-0.30715942,0.82168579,-1.0910034
9908,-0.41870117,0.95397949,-0.97015381
9909,-0.34912109,0.82199097,-1.0101318
9910,-0.27099609,0.92971802,-1.0484314
9911,-0.38818359,1.086731,-0.89447022
9912,-0.49713135,0.9463501,-0.73028565
9913,-0.52398682,1.0903931,-0.85678101
9914,-0.66253662,1.2077332,-0.95062256
9915,-0.75775147,1.2716675,-0.87814331
9916,-0.81878662,1.0527039,-0.85617065
9917,-0.72540283,1.1647034,-0.84060669
9918,-0.78292847,1.0531616,-0.68634033
9919,-0.7699585,1.1270142,-0.75088501
9920,-0.97290039,1.1408997,-0.88745117
9921,-0.92102051,1.1526489,-0.83312988
9922,-1.033783,1.1218262,-0.59646606
9923,-0.94497681,1.0809326,-0.54718018
9924,-1.1499023,1.0490417,-0.39230347
9925,-1.1029053,1.0913086,-0.4246521
9926,-1.2522888,1.2704468,-0.29342651
9927,-1.2129211,1.1410522,-0.27923584
9928,-1.2719727,0.95046997,-0.26290894
9929,-1.302948,0.98678589,-0.33111572
9930,-1.2944031,0.99578857,-0.12649536
9931,-1.4556885,1.0812378,-0.22827148
9932,-1.2628174,1.0366821,-0.2671814
9933,-1.4785767,1.0136414,-0.063323975
9934,-1.4280701,1.015625,-0.025024414
9935,-1.6436768,0.97137451,0.057525635
9936,-1.6131592,1.1834717,0.083007813
9937,-1.6146851,0.90057373,0.18814087
9938,-1.6091919,0.89004517,0.04486084
9939,-1.6146851,0.99151611,0.032348633
9940,-1.5487671,0.98297119,0.21820068
9941,-1.6371155,0.93826294,0.33660889
9942,-1.7321777,1.0150146,0.45288086
9943,-1.8244934,0.78216553,0.47821045
9944,-1.7333984,0.84442139,0.36651611
9945,-1.7424011,0.88928223,0.44067383
9946,-1.8162537,0.90103149,0.62927246
9947,-1.9883728,0.7359314,0.59585571
9948,-1.8661499,0.67947388,0.60699463
9949,-1.8447876,0.77224731,0.63568115
9950,-1.940155,0.85144043,0.71289063
9951,-2.0184326,0.70480347,0.69259644
9952,-2.0211792,0.59753418,0.87539673
9953,-1.980896,0.58288574,0.70983887
9954,-1.920166,0.54870606,0.79864502
9955,-2.0205688,0.56838989,0.76202393
9956,-1.9610596,0.51834106,0.93719482
9957,-2.0129395,0.45516968,1.0519409
9958,-2.0706177,0.46264648,1.121521
9959,-2.0780945,0.40588379,0.95291138
9960,-1.9902039,0.32730103,1.0275269
9961,-1.9067383,0.11505127,1.0266113
9962,-2.0384216,0.12573242,1.1018372
9963,-1.8771362,0.1689148,1.2710571
9964,-1.8780518,0.14404297,1.3499451
9965,-1.8603516,-0.010223389,1.3598633
9966,-1.8803406,-0.014953613,1.348877
9967,-1.9088745,0.043487549,1.2702942
9968,-1.8823242,-0.22994995,1.3961792
9969,-1.8493652,-0.6729126,1.4639282
9970,-1.9633484,-0.37994385,1.4437866
9971,-1.7816162,-0.19134522,1.509552
9972,-1.9134521,-0.50292969,1.494751
9973,-1.9702148,-0.45257568,1.4979553
9974,-1.9186401,-0.47531128,1.5179443
9975,-1.8960571,-0.56564331,1.6833496
9976,-1.8528748,-0.59417725,1.7172241
9977,-1.7556763,-0.76568603,1.4811707
9978,-1.721344,-0.78643799,1.5272522
9979,-1.5884399,-0.72341919,1.9436646
9980,-1.7329407,-0.85021973,1.4607239
9981,-1.6950989,-0.97808838,1.3471985
9982,-1.6659546,-1.0449219,1.8016052
9983,-1.4866638,-0.91369629,1.7959595
9984,-1.5814209,-0.82931519,1.9625854
9985,-1.6505432,-0.95504761,1.859436
9986,-1.5423584,-1.0375977,1.831665
9987,-1.5065002,-1.0604858,2.0039368
9988,-1.3687134,-1.2524414,1.7219543
9989,-1.3600159,-1.287384,1.7735291
9990,-1.2438965,-1.413269,1.7854309
9991,-1.2576294,-1.4668274,1.802063
9992,-1.1849976,-1.5127563,1.9290161
9993,-1.1405945,-1.5136719,1.7138672
9994,-1.0470581,-1.4576721,1.9096375
9995,-1.081543,-1.4242554,1.7936707
9996,-1.0188293,-1.4846802,1.9439697
9997,-0.98190308,-1.5171814,1.7300415
9998,-0.99853516,-1.6172791,1.8606567
9999,-0.81665039,-1.7279053,1.6786194
10000,-0.80413818,-1.8215942,1.7713928
10001,-0.79269409,-1.7773438,1.746521
10002,-0.76187134,-1.7462158,1.7141724
10003,-0.66192627,-1.7785645,1.635437
10004,-0.4649353,-1.8092346,1.6670227
10005,-0.50323486,-1.8901062,1.7797852
10006,-0.4699707,-1.7990112,1.7526245
10007,-0.58654785,-2.0111084,1.8061829
10008,-0.44662476,-1.8940735,1.6925049
10009,-0.53314209,-2.0082092,1.6166687
10010,-0.34210205,-1.912384,1.4738464
10011,-0.26885986,-1.9940186,1.6329956
10012,-0.22476196,-2.0581055,1.4042664
10013,-0.24291992,-2.1472168,1.4532471
10014,-0.031433105,-2.1012878,1.3768005
10015,-0.19378662,-2.1063232,1.137085
10016,-0.025634766,-2.0214844,1.2550354
10017,-0.062866211,-1.9970703,1.1206055
10018,-0.12054443,-1.9810486,1.3142395
10019,0.048828125,-2.0747375,1.1354065
10020,0.042877197,-1.9775391,1.2579346
10021,0.22827148,-2.1603394,1.1099243
10022,0.26184082,-2.1125793,1.1134338
10023,0.41183472,-2.2235107,1.0690308
10024,0.34393311,-2.2634888,0.95123291
10025,0.32073975,-2.1232605,0.96191406
10026,0.43884277,-2.2138977,0.81237793
10027,0.55007935,-2.0664978,0.86807251
10028,0.63995361,-2.1420288,0.83374023
10029,0.49209595,-2.0680237,0.75897217
10030,0.53100586,-2.0326233,0.70632935
10031,0.5619812,-2.0851135,0.53329468
10032,0.67825317,-2.2174072,0.51116943
10033,0.59814453,-2.1502686,0.60852051
10034,0.72784424,-1.8260193,0.42938232
10035,0.77056885,-1.9004822,0.43502808
10036,0.85296631,-1.8890381,0.34210205
10037,0.8102417,-1.990509,0.21148682
10038,0.7951355,-1.9122314,0.37521362
10039,0.93643188,-1.8722534,0.25161743
10040,1.1230469,-1.8385315,0.17745972
10041,0.9085083,-1.6850281,0.19195557
10042,1.1065674,-1.7004395,0.087432861
10043,0.84915161,-1.7977905,0.030822754
10044,1.0160828,-1.8791199,0.074768066
10045,1.0696411,-1.9506836,-0.12832642
10046,1.1157227,-1.7520142,-0.27023315
10047,1.0968018,-1.6053772,-0.42877197
10048,1.0855103,-1.5058899,-0.30166626
10049,1.0699463,-1.5339661,-0.36514282
10050,1.0754395,-1.5856934,-0.18859863
10051,1.0473633,-1.5461731,-0.34240723
10052,1.139679,-1.4709473,-0.3503418
10053,1.1997986,-1.4080811,-0.35598755
10054,0.94207764,-1.3259888,-0.33874512
10055,0.9765625,-1.3433838,-0.44509888
10056,0.8946228,-1.3230896,-0.53070068
10057,0.95092773,-1.1235046,-0.47027588
10058,0.962677,-1.1460876,-0.75195313
10059,1.1602783,-1.1016846,-0.58807373
10060,1.0205078,-1.3310242,-0.67352295
10061,1.0380554,-1.2710571,-0.71746826
10062,0.89599609,-0.97518921,-0.77835083
10063,0.97061157,-0.92010498,-0.67321777
10064,0.9703064,-0.8517456,-0.75592041
10065,0.8908081,-0.84640503,-0.88134766
10066,1.0342407,-0.90927124,-0.8480835
10067,1.0070801,-0.79177856,-0.92880249
10068,1.0165405,-0.68115234,-0.86929321
10069,1.1042786,-0.59753418,-0.93322754
10070,0.9425354,-0.52246094,-0.96221924
10071,1.0946655,-0.51101685,-1.0830688
10072,0.97579956,-0.50796509,-1.1608887
10073,0.84518433,-0.30059814,-1.0758972
10074,0.75576782,-0.40847778,-1.0934448
10075,0.76629639,-0.34484863,-0.98632813
10076,0.87432861,-0.22659302,-1.1882019
10077,0.77301025,-0.31097412,-1.1654663
10078,0.72799683,-0.18249512,-1.1499023
10079,0.73516846,-0.184021,-0.9564209
10080,0.82565308,-0.27496338,-1.1230469
10081,0.77407837,0.006561279,-1.1676025
10082,0.58166504,0.10269165,-1.2548828
10083,0.42404175,-0.25054932,-1.1561584
10084,0.24688721,-0.37521362,-1.4227295
10085,0.57144165,0.052185059,-1.401825
10086,0.3855896,0.092315674,-1.3642883
10087,0.35644531,0.41229248,-1.1869812
10088,0.36300659,0.45211792,-1.1643982
10089,0.24795532,0.56594849,-1.0839844
10090,0.26000977,0.4888916,-1.2466431
10091,0.20263672,0.35842895,-1.247406
10092,0.15197754,0.44311523,-1.2159729
10093,0.16433716,0.45028686,-1.0787964
10094,0.043945313,0.58395386,-1.2297058
10095,-0.083618164,0.62026978,-1.0758972
10096,-0.14312744,0.73608398,-1.0641479
10097,-0.077056885,0.53482056,-1.1888123
10098,-0.20645142,0.62133789,-1.1959839
10099,-0.21972656,0.625,-0.98083496
10100,-0.25253296,0.65551758,-1.1808777
10101,-0.44006348,0.47210693,-1.1250305
10102,-0.35507202,0.75958252,-1.1343384
10103,-0.35736084,1.03302,-1.0049438
10104,-0.38787842,1.1177063,-1.0115051
10105,-0.48370361,1.1909485,-1.0115051
10106,-0.58807373,1.1650085,-0.96160889
10107,-0.67077637,1.0806274,-0.90301514
10108,-0.73562622,1.0742188,-0.80612183
10109,-0.68283081,1.0575867,-0.80917358
10110,-0.85327148,1.0412598,-0.68099976
10111,-0.93734741,1.138916,-0.64804077
10112,-1.007843,1.2110901,-0.63232422
10113,-1.0205078,1.2033081,-0.72509766
10114,-0.97183228,1.1975098,-0.65948486
10115,-0.98999023,1.184082,-0.55541992
10116,-1.0943604,1.103363,-0.42205811
10117,-1.2190247,1.1096191,-0.48995972
10118,-1.2449646,1.2237549,-0.48217773
10119,-1.2190247,1.2297058,-0.45059204
10120,-1.3386536,1.219635,-0.36056519
10121,-1.302948,1.3775635,-0.27084351
10122,-1.3955688,1.2252808,-0.43167114
10123,-1.4648438,1.3078308,-0.25665283
10124,-1.2945557,1.3072205,-0.14572144
10125,-1.4546204,1.1624146,-0.10620117
10126,-1.5098572,1.0762024,-0.082702637
10127,-1.4517212,1.1801147,-0.074157715
10128,-1.602478,1.1712646,-0.000152588
10129,-1.6557312,1.2289429,-0.063171387
10130,-1.6932678,1.2120056,0.043182373
10131,-1.6851807,1.1767578,0.088653564
10132,-1.6226196,1.1212158,0.071716309
10133,-1.6975403,1.1108398,0.1461792
10134,-1.7285156,1.0562134,0.22094727
10135,-1.7163086,0.99822998,0.23803711
10136,-1.7950439,0.86593628,0.31051636
10137,-1.8746948,0.95184326,0.37261963
10138,-1.9232178,1.0099792,0.42526245
10139,-1.9508362,0.93109131,0.57662964
10140,-1.9389343,0.88729858,0.61553955
10141,-1.8850708,0.82382202,0.58883667
10142,-1.9250488,0.80810547,0.72845459
10143,-2.1200562,0.71411133,0.88058472
10144,-2.064209,0.64178467,0.76660156
10145,-2.0057678,0.63659668,0.87554932
10146,-2.0205688,0.59829712,0.91079712
10147,-2.1092224,0.62789917,0.93902588
10148,-2.0709229,0.63781738,0.81695557
10149,-2.1903992,0.44403076,1.0736084
10150,-2.1147156,0.35736084,1.0292053
10151,-2.036438,0.42419434,0.96847534
10152,-1.9395447,0.44143677,1.0340881
10153,-2.0135498,0.38650513,1.1283875
10154,-1.9908142,0.28396606,1.1387634
10155,-1.9221497,0.19729614,1.2519836
10156,-2.0124817,0.067138672,1.3256836
10157,-2.1388245,0.30700684,1.254425
10158,-1.9610596,0.10681152,1.1785889
10159,-1.9692993,0.22491455,1.1877441
10160,-2.0407104,0.015716553,1.2988281
10161,-1.9538879,-0.064697266,1.4543152
10162,-1.8795776,0.054016113,1.3529968
10163,-1.849823,-0.081176758,1.4570618
10164,-2.0162964,-0.33996582,1.446991
10165,-1.8031311,-0.2734375,1.6868591
10166,-1.7747498,-0.25573731,1.673584
10167,-1.8927002,-0.72952271,1.5953064
10168,-1.8151855,-0.68084717,1.6299438
10169,-2.0751953,-0.47332764,1.7097473
10170,-1.940155,-0.62042236,1.6577148
10171,-2.0005798,-0.79589844,1.6233826
10172,-1.7956543,-0.93017578,1.6387939
10173,-1.8615723,-0.97976685,1.8811035
10174,-1.6743469,-0.90026856,1.75354
10175,-1.65802,-0.92651367,1.8399048
10176,-1.7901611,-0.97320557,1.9638062
10177,-1.711731,-0.97442627,1.95755
10178,-1.7118835,-1.0551453,1.7720032
10179,-1.599884,-1.2498474,1.6049194
10180,-1.5016174,-1.4196777,1.6799927
10181,-1.4343262,-1.3998413,2.0043945
10182,-1.67099,-1.522522,1.8804932
10183,-1.4746094,-1.3067627,1.985321
10184,-1.3633728,-1.1949158,2.0983887
10185,-1.1827087,-1.2246704,1.9447327
10186,-1.1793518,-1.4796448,1.7979431
10187,-1.0957336,-1.428833,1.8914795
10188,-1.2773132,-1.4785767,1.6694641
10189,-1.2425232,-1.673584,1.8496704
10190,-1.3378906,-1.6477966,1.776123
10191,-1.1856079,-1.6653442,1.8075562
10192,-1.1372375,-1.8254089,1.9767761
10193,-0.95748901,-1.6342163,1.9142151
10194,-0.87249756,-1.7459106,1.897583
10195,-0.88562012,-1.6960144,1.7634583
10196,-0.79360962,-1.6752625,1.9546509
10197,-0.84625244,-1.9046021,1.8095398
10198,-0.7649231,-1.8725586,1.7179871
10199,-0.65460205,-1.9555664,1.8557739
10200,-0.54122925,-1.9329834,1.6816711
10201,-0.64056397,-1.8894959,1.7614746
10202,-0.49667358,-1.8263245,1.8118286
10203,-0.45135498,-2.0405579,1.764679
10204,-0.42953491,-2.1743774,1.6726685
10205,-0.29815674,-2.1282959,1.5542603
10206,-0.45333862,-2.1783447,1.5440369
10207,-0.33493042,-2.2045898,1.77948
10208,-0.017700195,-2.2640991,1.5437317
10209,-0.083312988,-2.1516418,1.3508606
10210,0.017547607,-2.4069214,1.3459778
10211,-0.021057129,-2.4012756,1.2957764
10212,0.094909668,-2.2993469,1.1901855
10213,0.15716553,-2.4787903,1.2030029
10214,0.27099609,-2.4113464,1.2475586
10215,0.24459839,-2.2924805,1.1541748
10216,0.15014648,-2.4272156,1.0435486
10217,0.29708862,-2.3397827,0.95504761
10218,0.40237427,-2.3840332,0.9362793
10219,0.22125244,-2.298584,0.91079712
10220,0.44174194,-2.3562622,0.83618164
10221,0.54046631,-2.2987366,0.85571289
10222,0.63018799,-2.1905518,0.79406738
10223,0.77270508,-2.155304,0.80429077
10224,0.60333252,-2.227478,0.77163696
10225,0.6060791,-2.2967529,0.8921814
10226,0.80123901,-2.3895264,0.61416626
10227,0.92956543,-2.2052002,0.62210083
10228,0.73760986,-2.1316528,0.58776856
10229,0.80383301,-2.1002197,0.52612305
10230,0.86791992,-2.1598816,0.41854858
10231,1.0202026,-2.0011902,0.39352417
10232,1.0128784,-2.1311951,0.48645019
10233,0.93521118,-2.2712708,0.42236328
10234,0.96878052,-2.3934937,0.36148071
10235,1.1532593,-1.8969727,0.2645874
10236,1.0005188,-1.9970703,0.23620606
10237,1.1270142,-1.9514465,0.13870239
10238,1.0417175,-2.0179749,-0.050811768
10239,1.0392761,-2.0503235,-0.005340576
10240,1.1364746,-2.0458984,0.000152588
10241,1.1734009,-1.8891907,-0.014953613
10242,1.1270142,-1.8167114,-0.039520264
10243,1.1804199,-1.7677307,-0.16357422
10244,1.088562,-1.7469788,-0.1121521
10245,1.1978149,-1.6467285,-0.48492432
10246,1.1856079,-1.7219543,-0.33004761
10247,1.2675476,-1.5814209,-0.39825439
10248,1.2039185,-1.5655518,-0.44204712
10249,1.2115479,-1.5029907,-0.51101685
10250,1.1853027,-1.4105225,-0.55252075
10251,1.2744141,-1.5301514,-0.4927063
10252,1.230011,-1.4668274,-0.47149658
10253,1.2460327,-1.3298035,-0.61645508
10254,1.2594604,-1.2309265,-0.69198608
10255,1.3882446,-1.0958862,-0.68542481
10256,1.0371399,-1.0868835,-0.73120117
10257,1.1463928,-0.95367432,-0.76171875
10258,1.1601257,-0.88241577,-0.69732666
10259,1.0668945,-0.85205078,-0.79956055
10260,0.99304199,-0.84503174,-0.93917847
10261,0.94207764,-0.89324951,-0.91537476
10262,0.99761963,-0.82397461,-0.96221924
10263,1.0528564,-0.85784912,-0.89385986
10264,0.93292236,-0.67352295,-1.0801697
10265,0.96359253,-0.42755127,-0.94451904
10266,1.0610962,-0.50842285,-0.88851929
10267,0.97610474,-0.44952393,-1.1364746
10268,0.97671509,-0.41793823,-1.0377502
10269,0.8140564,-0.57739258,-1.0997009
10270,0.89736938,-0.54992676,-1.2304688
10271,0.91674805,-0.31616211,-1.2405396
10272,0.75134277,-0.41213989,-1.2599182
10273,0.89248657,-0.22827148,-1.2026978
10274,0.65185547,-0.13015747,-1.2225342
10275,0.79589844,-0.1171875,-1.2805176
10276,0.9487915,-0.035400391,-1.2597656
10277,0.63476563,-0.025787354,-1.2536621
10278,0.87036133,-0.095062256,-1.3922119
10279,0.31433106,0.088043213,-1.3684082
10280,0.44204712,-0.013427734,-1.4228821
10281,0.32974243,0.26275635,-1.4390564
10282,0.38619995,0.36956787,-1.5458679
10283,0.3805542,0.38497925,-1.5332031
10284,0.41870117,0.54840088,-1.3673401
10285,0.2796936,0.62652588,-1.265564
10286,0.22399902,0.73730469,-1.280365
10287,0.19470215,0.61950684,-1.390686
10288,0.2041626,0.71792603,-1.3198853
10289,0.040283203,0.62515259,-1.3002014
10290,0.016784668,0.74768066,-1.479187
10291,0.12084961,0.91430664,-1.2748718
10292,-0.011291504,0.90408325,-1.0690308
10293,-0.063476563,0.85723877,-1.2434387
10294,-0.12542725,0.87936401,-1.2297058
10295,-0.22460938,0.89797974,-1.0926819
10296,-0.30578613,0.99990845,-1.1445618
10297,-0.35934448,0.99426269,-1.1456299
10298,-0.38879394,0.96191406,-1.2948608
10299,-0.4095459,0.87875366,-1.2905884
10300,-0.31036377,0.96435547,-1.2216187
10301,-0.50750732,1.1358643,-1.0818481
10302,-0.67153931,1.1157227,-1.231842
10303,-0.55999756,1.2696838,-1.1039734
10304,-0.58319092,1.3583374,-1.0693359
10305,-0.64041138,1.3475037,-1.0087585
10306,-0.83389282,1.3601685,-0.95016479
10307,-0.86791992,1.3061523,-0.93353272
10308,-0.91659546,1.3037109,-0.90316772
10309,-1.0411072,1.3560486,-0.79147339
10310,-1.0339355,1.3458252,-0.59921265
10311,-1.08078,1.5185547,-0.56518555
10312,-1.0414124,1.5701294,-0.57403565
10313,-1.3890076,1.4083862,-0.45318603
10314,-1.2731934,1.4945984,-0.49240112
10315,-1.3853455,1.3241577,-0.44845581
10316,-1.2223816,1.2553406,-0.31341553
10317,-1.5412903,1.3360596,-0.33203125
10318,-1.4797974,1.3967896,-0.33996582
10319,-1.4678955,1.2661743,-0.36880493
10320,-1.529541,1.3621521,-0.35522461
10321,-1.6545105,1.3031006,-0.16281128
10322,-1.6223145,1.0054016,-0.30166626
10323,-1.6314697,1.1424255,-0.16357422
10324,-1.5440369,1.2408447,0.035858154
10325,-1.7207336,1.3049316,-0.11260986
10326,-1.7071533,1.293335,-0.050506592
10327,-1.7486572,1.2213135,0.030975342
10328,-1.8687439,1.1932373,0.22247315
10329,-1.8711853,1.2475586,0.19851685
10330,-1.9825745,1.0644531,0.25085449
10331,-1.9171143,1.1203003,0.27038574
10332,-1.8014526,1.2084961,0.30853272
10333,-1.9995117,1.222229,0.41259766
10334,-1.9995117,1.0098267,0.38085938
10335,-1.9949341,1.0559082,0.47485352
10336,-1.8771362,1.0427856,0.48828125
10337,-1.9818115,0.99395752,0.66238403
10338,-2.1031189,0.85510254,0.64422607
10339,-2.134552,0.71105957,0.6552124
10340,-1.9689941,0.83328247,0.76766968
10341,-2.0359802,0.82855225,0.67199707
10342,-2.0025635,0.73287964,0.77484131
10343,-2.1273804,0.82870483,0.89920044
10344,-2.1151733,0.67962647,0.79238892
10345,-2.2302246,0.72753906,0.82565308
10346,-2.1846008,0.73776245,0.92544556
10347,-2.3284912,0.64117432,0.92163086
10348,-2.1185303,0.5569458,1.0552979
10349,-2.2225952,0.50491333,1.2245178
10350,-2.3480225,0.35354614,1.3952637
10351,-2.3387146,0.3024292,1.2649536
10352,-2.3324585,0.26382446,1.0321045
10353,-2.3402405,0.2180481,1.3557434
10354,-2.1510315,0.021514893,1.2814331
10355,-2.0588684,-0.24032593,1.3282776
10356,-2.0466614,-0.090484619,1.6079712
10357,-2.0417786,-0.016326904,1.5324402
10358,-2.1325684,-0.32623291,1.4761353
10359,-1.9888306,-0.32699585,1.5605164
10360,-2.1963501,-0.32714844,1.5875244
10361,-2.0227051,-0.34484863,1.5382385
10362,-2.0774841,-0.75744629,1.7303467
10363,-2.1221924,-0.58349609,1.7955017
10364,-2.0037842,-0.43579102,1.7565918
10365,-1.993103,-0.69519043,1.6387939
10366,-1.9854736,-0.93917847,1.7684937
10367,-2.0602417,-0.70602417,1.7823791
10368,-2.0361328,-0.71929932,1.7097473
10369,-1.9665527,-0.64407349,1.8014526
10370,-1.9070435,-0.74417114,1.927948
10371,-1.8811035,-0.97579956,1.7080688
10372,-1.8200684,-1.1151123,1.9714355
10373,-1.7668152,-0.99502563,1.8444824
10374,-1.6409302,-1.2863159,1.8238831
10375,-1.5930176,-1.0494995,1.9776916
10376,-1.5690613,-1.0534668,1.9491577
10377,-1.6296387,-1.0562134,1.8740845
10378,-1.5615845,-1.3002014,1.7080688
10379,-1.5063477,-1.2060547,2.0770264
10380,-1.5693665,-1.5197754,1.8179321
10381,-1.4456177,-1.5287781,1.9033813
10382,-1.4727783,-1.5995789,1.8066406
10383,-1.4660645,-1.6665649,1.8270874
10384,-1.413269,-1.68396,1.9050598
10385,-1.3024902,-1.6940308,1.9619751
10386,-1.2208557,-1.7282104,2.1113586
10387,-1.1582947,-1.8060303,1.8771362
10388,-1.2149048,-1.8417358,1.8759155
10389,-0.99487305,-1.8450928,2.026062
10390,-0.97305298,-1.9923401,1.9161987
10391,-0.8946228,-1.8580627,2.071991
10392,-0.89538574,-1.8955994,1.8792725
10393,-0.61157227,-1.9754028,1.9784546
10394,-0.73348999,-2.038269,1.880188
10395,-0.65078735,-1.9786072,1.9226074
10396,-0.57418823,-2.1324158,1.7390442
10397,-0.50460815,-2.1887207,1.8257141
10398,-0.42037964,-2.0413208,1.7980957
10399,-0.39367676,-2.2546387,1.8217468
10400,-0.36621094,-1.9987488,1.824646
10401,-0.40084839,-2.0980835,1.7909241
10402,-0.2923584,-2.1690369,1.6593933
10403,-0.19927978,-2.1682739,1.7514038
10404,-0.30334473,-2.4687195,1.5666199
10405,-0.11138916,-2.4349976,1.4627075
10406,-0.12039185,-2.3388672,1.4373779
10407,0.056152344,-2.2874451,1.439209
10408,0.13305664,-2.2079468,1.4808655
10409,0.0050354,-2.1847534,1.4160156
10410,0.077667236,-2.3246765,1.295929
10411,0.15991211,-2.2485352,1.302948
10412,0.16708374,-2.4223328,1.2043762
10413,0.20965576,-2.3587036,1.0670471
10414,0.18127441,-2.4105835,1.1315918
10415,0.39123535,-2.4067688,1.0119629
10416,0.48782349,-2.2892761,1.0571289
10417,0.49026489,-2.3847961,0.90652466
10418,0.58929443,-2.2109985,0.94345093
10419,0.63919067,-2.1054077,0.90515137
10420,0.60974121,-2.0623779,0.87310791
10421,0.62774658,-2.1754456,0.79528809
10422,0.7043457,-2.0431519,0.72998047
10423,0.68817139,-2.1304321,0.75088501
10424,0.77178955,-2.1818542,0.68328857
10425,0.79681397,-2.1166992,0.66223144
10426,0.76095581,-2.2596741,0.55130005
10427,0.86746216,-2.3094177,0.55480957
10428,0.94146728,-2.1896362,0.39825439
10429,0.88485718,-2.2492981,0.55053711
10430,1.0275269,-2.0939636,0.40130615
10431,1.1087036,-2.0877075,0.19989014
10432,1.0380554,-2.1618652,0.046539307
10433,1.1404419,-2.1101379,0.0730896
10434,1.1862183,-2.0350647,0.13275147
10435,1.1882019,-1.9898987,0.17456055
10436,1.1508179,-1.9857788,0.050354004
10437,1.1430359,-1.9360352,0.12512207
10438,1.1804199,-1.867981,0.04486084
10439,1.2466431,-1.8696594,-0.10528565
10440,1.1889648,-1.8728638,-0.083312988
10441,1.2228394,-1.7332459,-0.11901856
10442,1.2982178,-1.5359497,-0.24459839
10443,1.3069153,-1.4868164,-0.31723022
10444,1.3200378,-1.4501953,-0.44692993
10445,1.237793,-1.4041138,-0.42617798
10446,1.2365723,-1.3816834,-0.51483154
10447,1.2605286,-1.3890076,-0.51391602
10448,1.2319946,-1.2628174,-0.59371948
10449,1.3105774,-1.2159729,-0.61553955
10450,1.3389587,-1.1825562,-0.62423706
10451,1.3198853,-1.1354065,-0.74279785
10452,1.3832092,-1.1174011,-0.72006226
10453,1.1901855,-1.0369873,-0.76400757
10454,1.2496948,-1.1694336,-0.89599609
10455,1.2518311,-1.0957336,-0.92773438
10456,1.0490417,-1.1178589,-0.92315674
10457,1.0627747,-0.94924927,-0.84960938
10458,1.0679626,-0.75546265,-0.99334717
10459,1.1224365,-0.68389893,-1.0554504
10460,1.0842896,-0.76599121,-1.1343384
10461,1.0803223,-0.72906494,-1.1628723
10462,1.0722351,-0.72677612,-1.1631775
10463,1.1260986,-0.66390991,-1.1315918
10464,1.0502625,-0.45776367,-1.2036133
10465,0.88729858,-0.4145813,-1.0667419
10466,0.90805054,-0.30212402,-1.2466431
10467,0.92559815,-0.41519165,-1.3313293
10468,0.95123291,-0.29586792,-1.3131714
10469,0.92926025,-0.28869629,-1.2870789
10470,0.89141846,-0.2116394,-1.2973022
10471,0.87600708,-0.061798096,-1.2091064
10472,0.65826416,-0.022888184,-1.2663269
10473,0.89599609,0.077514648,-1.2832642
10474,0.71487427,-0.023498535,-1.3598633
10475,0.64697266,-0.057678223,-1.4717102
10476,0.63919067,0.087432861,-1.4312744
10477,0.53161621,0.15930176,-1.3424683
10478,0.43914795,0.28106689,-1.385498
10479,0.54199219,0.48812866,-1.333313
10480,0.43365478,0.49972534,-1.4782715
10481,0.40985107,0.58700562,-1.4254761
10482,0.39321899,0.47073364,-1.4474487
10483,0.30960083,0.51803589,-1.3973999
10484,0.23345947,0.6942749,-1.3232422
10485,0.1210022,0.78033447,-1.3174438
10486,0.032501221,0.59463501,-1.3903809
10487,0.15960693,0.69458008,-1.3343811
10488,-0.043792725,0.55221558,-1.2297058
10489,-0.033569336,0.85586548,-1.2393188
10490,0.021972656,0.82763672,-1.20224
10491,-0.065002441,0.89248657,-1.2179565
10492,-0.15548706,1.0249329,-1.1305237
10493,-0.26901245,1.1373901,-0.99884033
10494,-0.24673462,1.1724854,-1.0665894
10495,-0.32501221,1.1901855,-1.2149048
10496,-0.40756226,1.181488,-1.085968
10497,-0.49072266,1.1132813,-1.1233521
10498,-0.51025391,1.0688782,-0.98068237
10499,-0.60546875,1.0145569,-0.98831177
10500,-0.51132202,1.0726929,-1.0620117
10501,-0.60913086,1.1062622,-0.94497681
10502,-0.76034546,1.2185669,-1.139679
10503,-0.72845459,1.2283325,-0.99792481
10504,-1.0368347,1.3166809,-0.79177856
10505,-0.8152771,1.2260437,-0.84320068
10506,-0.98510742,1.2011719,-0.87341309
10507,-1.1039734,1.328125,-0.70343018
10508,-1.1262512,1.1665344,-0.50628662
10509,-1.1373901,1.3093567,-0.58135986
10510,-1.2580872,1.3415527,-0.52749634
10511,-1.2106323,1.2628174,-0.36300659
10512,-1.3284302,1.2904358,-0.38818359
10513,-1.3265991,1.2249756,-0.4258728
10514,-1.3771057,1.1914063,-0.46829224
10515,-1.3569641,1.3026428,-0.44891357
10516,-1.5055847,1.3694763,-0.38650513
10517,-1.4915466,1.2094116,-0.41564941
10518,-1.7614746,1.0565186,-0.32928467
10519,-1.9447327,0.75637817,-0.58486938
10520,-1.6860962,0.97869873,-0.10437012
10521,-1.678772,1.0946655,-0.089416504
10522,-1.600647,1.1753845,-0.096588135
10523,-1.6998291,1.002655,-0.014648438
10524,-1.7463684,1.1871338,0.14801025
10525,-1.8431091,1.0806274,0.085754395
10526,-1.8856812,1.2347412,0.1399231
10527,-1.9630432,1.2733459,0.29449463
10528,-2.026825,1.02005,0.34820557
10529,-1.8696594,0.93719482,0.3918457
10530,-2.1305847,0.99502563,0.42831421
10531,-2.0436096,0.93795776,0.48675537
10532,-2.0779419,1.0443115,0.61462402
10533,-2.1377563,1.0676575,0.69030762
10534,-2.2033691,0.84884644,0.71716309
10535,-2.2169495,0.83877563,0.82321167
10536,-2.1580505,0.75469971,0.76782227
10537,-2.1632385,0.72555542,0.95947266
10538,-2.1017456,0.7194519,0.9463501
10539,-2.131958,0.60119629,0.85617065
10540,-2.1615601,0.59783935,0.92575073
10541,-2.1992493,0.50933838,0.92529297
10542,-2.2558594,0.4359436,1.0968018
10543,-2.2325134,0.52810669,1.1413574
10544,-2.1820068,0.27877808,1.0220337
10545,-2.1374512,0.39001465,1.2136841
10546,-2.3434448,0.30319214,1.1732483
10547,-2.1893311,0.1713562,1.3735962
10548,-2.228241,0.20950317,1.2875366
10549,-2.1673584,0.11795044,1.1967468
10550,-2.0715332,0.082702637,1.2130737
10551,-2.1257019,0.015258789,1.3354492
10552,-2.2076416,0.066223145,1.4468384
10553,-2.0544434,-0.023193359,1.5542603
10554,-2.0523071,-0.069274902,1.4503479
10555,-1.9145203,-0.14221191,1.4544678
10556,-2.096405,-0.033874512,1.5463257
10557,-1.9741821,-0.11428833,1.5859985
10558,-2.0301819,-0.25024414,1.7344666
10559,-2.0498657,-0.42556763,1.5153503
10560,-1.9702148,-0.37353516,1.7779541
10561,-1.9029236,-0.52337647,1.897583
10562,-1.9482422,-0.39352417,1.5759277
10563,-1.913147,-0.86914063,1.6714478
10564,-1.8811035,-1.1676025,1.8185425
10565,-1.9125366,-0.63690185,1.8185425
10566,-1.8174744,-0.71090698,1.862793
10567,-1.8554688,-0.55587769,1.9918823
10568,-1.8530273,-0.73547363,1.8940735
10569,-1.7486572,-0.9928894,1.6877747
10570,-1.8977356,-1.178894,1.8968201
10571,-1.8229675,-1.2962341,1.942749
10572,-1.5402222,-1.2837219,1.9172668
10573,-1.6532898,-1.2745666,2.0439148
10574,-1.5196228,-1.2944031,2.1629333
10575,-1.4720154,-1.2675476,1.9299316
10576,-1.494751,-1.2332153,1.8429565
10577,-1.499939,-1.1810303,1.9187927
10578,-1.3845825,-1.5139771,1.9171143
10579,-1.3896179,-1.5402222,2.0959473
10580,-1.3397217,-1.5246582,2.0001221
10581,-1.2979126,-1.6061401,1.9538879
10582,-1.1427307,-1.6615295,1.9221497
10583,-1.1276245,-1.5827942,2.0315552
10584,-1.153717,-1.6770935,1.8881226
10585,-1.0327148,-1.6943359,1.7829895
10586,-1.0568237,-1.7245483,1.8060303
10587,-0.93688965,-1.8017578,1.8754578
10588,-0.85220337,-1.7243958,1.9165039
10589,-0.77056885,-1.8559265,1.9563293
10590,-0.72418213,-1.9364929,2.0059204
10591,-0.7611084,-1.8643188,2.0300293
10592,-0.67672729,-1.9979858,2.0013428
10593,-0.54168701,-1.960907,1.8469238
10594,-0.61218262,-1.9831848,1.8553162
10595,-0.59188843,-2.2085571,1.8280029
10596,-0.45181274,-2.0501709,1.7919922
10597,-0.30075073,-2.2073364,1.6812134
10598,-0.209198,-2.0939636,1.6581726
10599,-0.36407471,-2.1028137,1.5109253
10600,-0.27084351,-2.1986389,1.5463257
10601,-0.2532959,-2.1382141,1.656189
10602,-0.021209717,-2.3098755,1.5821838
10603,-0.024871826,-2.396698,1.4550781
10604,-0.11581421,-2.1946716,1.5054321
10605,0.16311645,-2.2016907,1.3999939
10606,-0.005645752,-2.1101379,1.4335632
10607,0.32089233,-2.1699524,1.3713074
10608,0.16403198,-2.3712158,1.2870789
10609,0.20935059,-2.4691772,1.210022
10610,0.37536621,-2.5447083,1.1886597
10611,0.33050537,-2.4411011,1.0658264
10612,0.42312622,-2.5721741,1.1044312
10613,0.48873901,-2.5021362,1.0101318
10614,0.58364868,-2.5933838,0.90881348
10615,0.64300537,-2.4069214,0.84564209
10616,0.68450928,-2.3086548,0.92575073
10617,0.67230225,-2.348938,0.9185791
10618,0.63842773,-2.4017334,0.86044312
10619,0.71731567,-2.5003052,0.73165894
10620,0.77026367,-2.4203491,0.65475464
10621,0.83587647,-2.3120117,0.64620972
10622,0.80261231,-2.4226379,0.68466187
10623,0.92193603,-2.3890686,0.47653198
10624,1.030426,-2.1940613,0.55877685
10625,1.0452271,-2.2280884,0.37368774
10626,1.04599,-2.1806335,0.284729
10627,1.1450195,-2.240448,0.19515991
10628,0.99060059,-2.1286011,0.28091431
10629,1.1013794,-2.1524048,0.14556885
10630,1.125946,-2.0707703,0.052947998
10631,1.1642456,-2.0243835,0.018310547
10632,1.1755371,-2.0407104,0.039978027
10633,1.1639404,-2.0291138,-0.038299561
10634,1.2220764,-2.0457458,-0.093231201
10635,1.2503052,-1.9824219,-0.063781738
10636,1.2275696,-1.9261169,-0.08026123
10637,1.1027527,-1.8980408,-0.13336182
10638,1.2336731,-1.7729187,-0.26275635
10639,1.153717,-1.8310547,-0.25024414
10640,1.3386536,-1.7610168,-0.3465271
10641,1.285553,-1.6871643,-0.48233032
10642,1.2373352,-1.504364,-0.50888062
10643,1.1883545,-1.5274048,-0.44723511
10644,1.2902832,-1.4456177,-0.49621582
10645,1.3639832,-1.5240479,-0.54885864
10646,1.2585449,-1.3600159,-0.55908203
10647,1.2283325,-1.4097595,-0.73760986
10648,1.229248,-1.3981628,-0.81741333
10649,1.3583374,-1.4903259,-0.80566406
10650,1.2239075,-1.2628174,-0.75531006
10651,1.2490845,-1.1569214,-0.88195801
10652,1.2322998,-1.1775208,-0.9286499
10653,1.1572266,-0.94726563,-0.89111328
10654,1.3540649,-0.97961426,-1.0058594
10655,1.1392212,-0.81115723,-0.94543457
10656,1.2161255,-0.89645386,-0.93856812
10657,1.272583,-0.75546265,-1.0229492
10658,1.2142944,-0.80093384,-1.0173035
10659,1.1132813,-0.90087891,-0.97625732
10660,1.0198975,-0.80459595,-1.2139893
10661,1.0437012,-0.7019043,-1.3790894
10662,1.1122131,-0.52658081,-1.2484741
10663,0.83190918,-0.56823731,-1.244812
10664,0.87615967,-0.22369385,-1.1419678
10665,0.75744629,-0.26916504,-1.1778259
10666,0.87463379,-0.24291992,-1.350708
10667,0.8203125,-0.1739502,-1.2115479
10668,0.91125488,-0.16281128,-1.1857605
10669,0.87127685,-0.068969727,-1.3523865
10670,0.86029053,-0.10223389,-1.3230896
10671,0.78155518,0.042419434,-1.3793945
10672,0.69534302,-0.014953613,-1.6036987
10673,0.61843872,0.043487549,-1.5393066
10674,0.51208496,0.019683838,-1.5454102
10675,0.53817749,0.22872925,-1.4527893
10676,0.5708313,0.23696899,-1.4282227
10677,0.38864136,0.28076172,-1.3734436
10678,0.47210693,0.34545898,-1.3505554
10679,0.48416138,0.32608032,-1.2814331
10680,0.39108276,0.51315308,-1.5049744
10681,0.42053223,0.49240112,-1.4646912
10682,0.24139404,0.61904907,-1.4326477
10683,0.073547363,0.69763184,-1.3638306
10684,-0.064086914,0.62942505,-1.3218689
10685,0.099182129,0.6942749,-1.4476013
10686,0.026092529,0.67138672,-1.4155579
10687,-0.061798096,0.6022644,-1.3267517
10688,0.011901855,0.74295044,-1.3539124
10689,-0.048980713,0.77270508,-1.31073
10690,-0.13412476,0.80215454,-1.1955261
10691,-0.21896362,0.81344604,-1.4703369
10692,-0.25695801,0.81085205,-1.1477661
10693,-0.29602051,0.96923828,-1.204071
10694,-0.50140381,1.0787964,-1.1212158
10695,-0.39840698,1.1909485,-1.1494446
10696,-0.57373047,0.81436157,-0.97839356
10697,-0.49255371,0.98632813,-0.76583862
10698,-0.57571411,1.1860657,-0.89584351
10699,-0.46905518,1.2028503,-0.89675903
10700,-0.67703247,1.2564087,-0.96725464
10701,-0.831604,1.3294983,-0.99334717
10702,-0.87158203,1.394043,-0.77331543
10703,-0.82885742,1.3885498,-0.87646484
10704,-0.9147644,1.3392639,-0.79406738
10705,-0.9916687,1.421814,-0.86791992
10706,-1.0412598,1.4237976,-0.83938599
10707,-1.0809326,1.3632202,-0.77072144
10708,-1.1669922,1.4065552,-0.74066162
10709,-1.295166,1.3809204,-0.71762085
10710,-1.3696289,1.5859985,-0.51071167
10711,-1.3218689,1.2197876,-0.54672241
10712,-1.4308166,1.3430786,-0.48538208
10713,-1.4785767,1.2998962,-0.3868103
10714,-1.44104,1.5328979,-0.34515381
10715,-1.6616821,1.1488342,-0.45562744
10716,-1.756897,1.1906433,-0.36575317
10717,-1.6120911,1.4363098,-0.13626099
10718,-1.7048645,1.5499878,-0.11474609
10719,-1.7559814,1.4859009,-0.12130737
10720,-1.7274475,1.4068604,-0.056610107
10721,-1.8632507,1.2330627,0.004272461
10722,-1.7617798,1.2246704,0.10559082
10723,-1.8356323,1.1427307,0.27389526
10724,-1.7494202,1.0560608,0.11138916
10725,-1.7474365,1.2290955,0.090637207
10726,-1.8638611,0.94848633,0.1802063
10727,-1.9464111,1.105957,0.3314209
10728,-2.1279907,0.96191406,0.38757324
10729,-1.8547058,1.0379028,0.45211792
10730,-1.8463135,1.0443115,0.49041748
10731,-2.0310974,1.0461426,0.33279419
10732,-2.0410156,1.0032654,0.493927
10733,-1.9847107,0.85388184,0.54092407
10734,-1.9778442,0.92193603,0.6968689
10735,-2.1154785,0.76461792,0.69274902
10736,-2.106781,0.7107544,0.76980591
10737,-2.1725464,0.77606201,0.70953369
10738,-2.2033691,0.84487915,0.87646484
10739,-2.2001648,0.72463989,1.027832
10740,-2.2047424,0.69122315,1.0873413
10741,-2.1551514,0.48355103,0.96969604
10742,-2.1272278,0.51925659,1.151123
10743,-2.0471191,0.54534912,1.0165405
10744,-2.086792,0.39276123,1.0678101
10745,-2.1974182,0.55770874,1.2884521
10746,-2.1739197,0.30960083,1.2350464
10747,-2.0429993,0.28381348,1.3308716
10748,-2.0175171,0.22445679,1.1987305
10749,-2.0277405,0.24185181,1.2812805
10750,-2.1316528,0.10681152,1.3790894
10751,-2.2190857,0.0,1.494751
10752,-2.0724487,0.11581421,1.5557861
10753,-2.1508789,-0.27282715,1.3882446
10754,-2.1931458,-0.15991211,1.5248108
10755,-2.084198,-0.14923096,1.4630127
10756,-2.0576477,-0.35964966,1.5869141
10757,-2.0153809,-0.46310425,1.6795349
10758,-1.9720459,-0.41717529,1.7114258
10759,-2.0054626,-0.68786621,1.665802
10760,-1.913147,-0.3616333,1.676178
10761,-1.9480896,-0.40588379,1.8447876
10762,-1.9256592,-0.77407837,1.8661499
10763,-1.9061279,-0.84823608,1.8145752
10764,-1.8553162,-0.67260742,1.8673706
10765,-1.8759155,-0.68359375,1.9433594
10766,-1.7741394,-0.92483521,1.762085
10767,-1.758728,-0.90805054,1.806488
10768,-1.6571045,-0.89141846,1.8704224
10769,-1.6525269,-0.98449707,1.6914368
10770,-1.6764832,-1.2550354,1.7687988
10771,-1.756134,-1.235199,1.986084
10772,-1.6552734,-1.0441589,1.9621277
10773,-1.5710449,-1.1482239,1.7736816
10774,-1.5280151,-1.1500549,1.5879822
10775,-1.3650513,-1.0900879,1.9952393
10776,-1.4508057,-1.1225891,2.1722412
10777,-1.3308716,-1.2117004,2.0332336
10778,-1.4468384,-1.3575745,1.8188477
10779,-1.4361572,-1.2670898,1.8888855
10780,-1.318512,-1.4863586,1.8768311
10781,-1.0945129,-1.6160584,1.9451904
10782,-1.1779785,-1.519165,1.9813538
10783,-1.1456299,-1.690979,2.1112061
10784,-1.0250854,-1.6960144,1.9384766
10785,-1.0296631,-1.6564941,1.9741821
10786,-0.86425781,-1.6920471,1.8920898
10787,-0.8215332,-1.9734192,1.8586731
10788,-0.8517456,-2.0266724,2.0132446
10789,-0.80413818,-1.9554138,1.8786621
10790,-0.60791016,-1.993103,1.8696594
10791,-0.49758911,-1.9543457,1.854248
10792,-0.55831909,-2.0285034,1.7556763
10793,-0.40008545,-2.1096802,1.8310547
10794,-0.48416138,-2.1237183,1.8460083
10795,-0.23864746,-2.1492004,1.7311096
10796,-0.38375855,-2.1636963,1.71875
10797,-0.42861939,-2.1748352,1.6230774
10798,-0.19668579,-2.1337891,1.6011047
10799,-0.2545166,-2.0910645,1.6706848
10800,-0.22537231,-2.2210693,1.6200256
10801,-0.24108887,-2.3223877,1.4825439
10802,-0.042419434,-2.3101807,1.4788818
10803,-0.018463135,-2.2659302,1.3012695
10804,0.034179688,-2.2424316,1.3459778
10805,0.042266846,-2.1910095,1.2539673
10806,0.25192261,-2.1536255,1.3771057
10807,0.11383057,-2.1920776,1.1624146
10808,0.30166626,-2.166748,1.2355041
10809,0.20324707,-2.2302246,1.0922241
10810,0.33569336,-2.3158264,1.1610413
10811,0.45074463,-2.3779297,1.1831665
10812,0.52947998,-2.3426819,1.1300659
10813,0.48980713,-2.3614502,0.86456299
10814,0.53741455,-2.4328613,0.88088989
10815,0.49362183,-2.281189,0.68130493
10816,0.59692383,-2.4472046,0.78948975
10817,0.48782349,-2.3254395,0.90515137
10818,0.59906006,-2.1101379,0.8706665
10819,0.65689087,-2.1284485,0.6930542
10820,0.67596435,-2.3072815,0.62362671
10821,0.67947388,-2.3947144,0.60882568
10822,0.7736206,-2.1974182,0.60180664
10823,0.82702637,-2.1520996,0.51239014
10824,0.97259522,-2.1257019,0.50598144
10825,0.94497681,-2.1765137,0.47058106
10826,0.98876953,-2.2015381,0.27786255
10827,0.95886231,-2.1147156,0.42007446
10828,0.92300415,-2.0046997,0.26412964
10829,1.025238,-1.9036865,0.25634766
10830,0.99487305,-1.9828796,0.25207519
10831,1.0314941,-1.8769836,0.19897461
10832,1.043396,-1.879425,0.12695313
10833,1.1199951,-1.9026184,0.022125244
10834,0.91598511,-1.8614197,0.047607422
10835,0.96084595,-1.8495178,0.01373291
10836,1.0879517,-1.5164185,0.071868896
10837,1.1759949,-1.6114807,0.025177002
10838,1.1128235,-1.5272522,-0.14953613
10839,1.051178,-1.6213989,-0.25238037
10840,1.0919189,-1.6143799,-0.30563355
10841,1.0414124,-1.5370178,-0.55755615
10842,1.0662842,-1.4837646,-0.3314209
10843,1.2515259,-1.3287354,-0.4196167
10844,1.0754395,-1.3040161,-0.34072876
10845,1.1097717,-1.2512207,-0.47424316
10846,1.1038208,-1.1665344,-0.60729981
10847,1.2202454,-1.1468506,-0.67321777
10848,1.125946,-1.0636902,-0.66741943
10849,1.0498047,-1.0929871,-0.66513062
10850,1.1303711,-0.98907471,-0.6237793
10851,1.1764526,-1.0122681,-0.68618774
10852,1.0992432,-0.99212647,-0.90209961
10853,1.0325623,-0.92819214,-0.86654663
10854,1.018219,-0.72128296,-0.8493042
10855,1.1735535,-0.72982788,-0.93841553
10856,1.0995483,-0.87799072,-0.87631226
10857,0.95428467,-0.54748535,-0.84289551
10858,0.92803955,-0.65765381,-0.97946167
10859,0.92422485,-0.5305481,-1.1752319
10860,1.0395813,-0.39840698,-1.0810852
10861,0.98266602,-0.54656982,-1.0810852
10862,0.89263916,-0.35583496,-1.0540771
10863,0.82138062,-0.36880493,-1.0307312
10864,0.92666626,-0.21636963,-1.1207581
10865,0.86425781,-0.19989014,-1.1167908
10866,0.84472656,-0.20843506,-1.1743164
10867,0.79864502,-0.17120361,-1.1798096
10868,0.69702148,-0.10406494,-1.2020874
10869,0.59707642,0.030212402,-1.2039185
10870,0.6237793,-0.040893555,-1.343689
10871,0.33126831,-0.17822266,-1.295166
10872,0.34454346,-0.074462891,-1.4199829
10873,0.36727905,0.23956299,-1.2065125
10874,0.38879394,0.17166138,-1.0470581
10875,0.50720215,0.28182983,-1.1901855
10876,0.46936035,0.35812378,-1.2451172
10877,0.31402588,0.41687012,-1.2036133
10878,0.37979126,0.3767395,-1.2503052
10879,0.37384033,0.45089722,-1.2036133
10880,0.085144043,0.58441162,-1.2623596
10881,0.31539917,0.58959961,-1.2519836
10882,-0.059661865,0.50415039,-1.0791016
10883,-0.010223389,0.57403565,-1.0945129
10884,-0.19485474,0.78582764,-1.1433411
10885,0.010986328,0.88317871,-1.1045837
10886,-0.071105957,0.87844849,-1.0641479
10887,-0.28900147,0.81817627,-1.0954285
10888,-0.18447876,0.81222534,-1.240387
10889,-0.23193359,0.92086792,-1.2457275
10890,-0.30593872,0.86837769,-1.1459351
10891,-0.39031982,0.78613281,-1.0360718
10892,-0.42572022,0.79772949,-1.2014771
10893,-0.52734375,0.94436646,-1.0388184
10894,-0.49133301,0.91384888,-1.0635376
10895,-0.6161499,0.96450806,-0.9564209
10896,-0.71899414,1.0983276,-1.0671997
10897,-0.60150147,1.0661316,-0.86425781
10898,-0.82336426,1.0491943,-0.74325562
10899,-0.81695557,1.0073853,-0.7421875
10900,-0.97000122,1.0498047,-0.56732178
10901,-0.90515137,1.2316895,-0.52780151
10902,-0.95993042,1.192627,-0.58288574
10903,-1.0569763,1.1436462,-0.66070557
10904,-1.0743713,1.0861206,-0.43487549
10905,-1.0923767,1.2258911,-0.56564331
10906,-1.1961365,1.0502625,-0.60974121
10907,-1.038208,1.0466003,-0.57922363
10908,-1.2290955,1.1138916,-0.36239624
10909,-1.2744141,1.0343933,-0.3918457
10910,-1.3589478,1.1218262,-0.31539917
10911,-1.5231323,1.0856628,-0.40130615
10912,-1.3868713,1.1042786,-0.30212402
10913,-1.4076233,0.93933106,-0.2217102
10914,-1.4291382,0.9286499,-0.22079468
10915,-1.5235901,1.0639954,-0.28686523
10916,-1.4607239,1.0903931,-0.11199951
10917,-1.5429688,1.0890198,0.051727295
10918,-1.5116882,1.0159302,0.15350342
10919,-1.6600037,1.1343384,0.000762939
10920,-1.6926575,1.1534119,0.1461792
10921,-1.59729,1.1698914,0.1272583
10922,-1.784668,1.1044312,0.071716309
10923,-1.7675781,0.89996338,0.2217102
10924,-1.8476868,0.91995239,0.38452148
10925,-1.7211914,1.055603,0.32455444
10926,-1.8447876,0.80749512,0.33020019
10927,-1.8655396,0.83801269,0.3666687
10928,-1.9664001,0.95520019,0.37017822
10929,-2.0054626,1.0188293,0.56838989
10930,-1.9282532,0.7409668,0.5480957
10931,-1.8519592,0.8454895,0.56732178
10932,-1.8078613,0.81756592,0.63049316
10933,-1.9306946,0.75866699,0.66162109
10934,-1.8823242,0.753479,0.59417725
10935,-1.7883301,0.7484436,0.7359314
10936,-1.8203735,0.52536011,0.8706665
10937,-1.8864441,0.6880188,0.8706665
10938,-1.7492676,0.57617188,0.95977783
10939,-1.9180298,0.47851563,0.91567993
10940,-1.9850159,0.51040649,1.1376953
10941,-1.9210815,0.21484375,0.99990845
10942,-1.9259644,0.13092041,1.0469055
10943,-1.9200134,0.036315918,1.0559082
10944,-1.9735718,0.15670776,1.0562134
10945,-1.8719482,0.032958984,1.3175964
10946,-1.8014526,-0.075531006,1.2232971
10947,-1.9241333,0.12939453,1.3491821
10948,-1.9171143,-0.17715454,1.2918091
10949,-1.9451904,-0.08895874,1.4355469
10950,-1.8865967,-0.10787964,1.3606262
10951,-1.8685913,-0.22338867,1.4949036
10952,-1.946106,-0.31341553,1.4274597
10953,-1.8858337,-0.60409546,1.6238403
10954,-1.9352722,-0.55343628,1.6319275
10955,-1.8586731,-0.65078735,1.5374756
10956,-1.8611145,-0.56686401,1.6293335
10957,-1.7001343,-0.73303223,1.8504334
10958,-1.8516541,-0.37063599,1.6470337
10959,-1.7565918,-0.85494995,1.6996765
10960,-1.8559265,-1.0020447,1.5821838
10961,-1.6967773,-1.005249,1.8249512
10962,-1.7977905,-0.69000244,1.8972778
10963,-1.6372681,-0.84030151,1.8696594
10964,-1.7121887,-0.90316772,1.8353271
10965,-1.8763733,-0.9753418,1.829834
10966,-1.5667725,-0.93582153,1.8676758
10967,-1.5332031,-1.0942078,1.9891357
10968,-1.5864563,-1.1878967,2.0584106
10969,-1.3931274,-1.3130188,2.0150757
10970,-1.2878418,-1.5151978,1.7623901
10971,-1.3870239,-1.3815308,1.8386841
10972,-1.3195801,-1.2640381,1.8411255
10973,-1.2896729,-1.4250183,1.6816711
10974,-1.2411499,-1.4962769,1.8434143
10975,-1.1151123,-1.6320801,1.758728
10976,-1.1235046,-1.4160156,1.8157959
10977,-1.0481262,-1.4796448,1.9093323
10978,-1.0174561,-1.6722107,1.862793
10979,-0.99365234,-1.6595459,1.8930054
10980,-0.92849731,-1.7073059,1.7652893
10981,-0.87646484,-1.7391968,1.7951965
10982,-0.82336426,-1.8170166,1.7669678
10983,-0.75973511,-1.8232727,1.7041016
10984,-0.70785522,-1.8440247,1.7701721
10985,-0.61126709,-1.8522644,1.5844727
10986,-0.60043335,-2.0214844,1.5412903
10987,-0.67947388,-1.95755,1.6003418
10988,-0.50628662,-1.8730164,1.5254211
10989,-0.43380737,-1.7962646,1.5756226
10990,-0.54046631,-1.8374634,1.5594482
10991,-0.47531128,-1.9569397,1.6078186
10992,-0.41046143,-2.0635986,1.7431641
10993,-0.28366089,-2.1885681,1.4981079
10994,-0.38543701,-2.1426392,1.484375
10995,-0.1675415,-2.1476746,1.4027405
10996,-0.30075073,-2.0513916,1.607666
10997,-0.13580322,-2.0162964,1.5142822
10998,-0.23132324,-2.1659851,1.4509583
10999,-0.010070801,-2.2189331,1.2623596
11000,0.23162842,-2.1235657,1.2518311
11001,0.15609741,-2.2380066,1.2371826
11002,0.094451904,-2.2969055,1.1984253
11003,0.13259888,-2.073822,1.3076782
11004,0.13366699,-2.1897888,1.2435913
11005,0.19577026,-2.0620728,1.0774231
11006,0.33691406,-2.1606445,0.97167969
11007,0.32897949,-2.2273254,1.0806274
11008,0.52276611,-2.1113586,0.98007202
11009,0.31051636,-2.0237732,0.80856323
11010,0.2986145,-2.0111084,0.79711914
11011,0.41870117,-2.0359802,0.806427
11012,0.51010132,-2.0799255,0.76782227
11013,0.5065918,-1.9992065,0.72448731
11014,0.55801392,-2.0869446,0.49926758
11015,0.57113647,-1.9918823,0.64712524
11016,0.65490723,-2.1394348,0.64865112
11017,0.75439453,-2.0845032,0.4548645
11018,0.83496094,-1.9441223,0.44387817
11019,0.87997437,-1.9055176,0.47241211
11020,0.7888794,-2.0822144,0.30685425
11021,0.84014893,-1.9313049,0.37902832
11022,0.9236145,-2.0169067,0.34362793
11023,0.83572388,-1.9732666,0.36575317
11024,0.82015991,-1.8518066,0.22979736
11025,0.84945679,-1.686554,0.098419189
11026,1.0351563,-1.6575623,0.090942383
11027,1.0151672,-1.8421936,-0.077514648
11028,1.0664368,-1.8678284,-0.07019043
11029,1.088562,-1.8478394,-0.082397461
11030,1.0217285,-1.6946411,-0.2029419
11031,1.0827637,-1.6096497,-0.31646728
11032,1.05896,-1.6265869,-0.40512085
11033,1.0206604,-1.5356445,-0.38696289
11034,1.1036682,-1.5234375,-0.4309082
11035,1.0461426,-1.5164185,-0.47027588
11036,0.89630127,-1.5023804,-0.29754639
11037,1.1956787,-1.3192749,-0.34332275
11038,1.0287476,-1.4273071,-0.3918457
11039,1.0838318,-1.2724304,-0.48324585
11040,1.0340881,-1.3406372,-0.48812866
11041,1.1117554,-1.3613892,-0.58334351
11042,0.9928894,-1.255188,-0.4423523
11043,1.081543,-1.2014771,-0.55358887
11044,0.94177246,-1.0534668,-0.74890137
11045,0.93505859,-1.1074829,-0.78933716
11046,0.95214844,-0.98617554,-0.83435059
11047,1.0040283,-0.90103149,-0.89263916
11048,0.99258423,-0.89157104,-0.83862305
11049,0.99639893,-0.8164978,-0.84167481
11050,1.0351563,-0.73791504,-0.88409424
11051,1.0124207,-0.69137573,-0.95718384
11052,0.97747803,-0.7131958,-0.92407227
11053,1.0449219,-0.53756714,-0.99380493
11054,0.94360352,-0.46356201,-1.1360168
11055,0.84472656,-0.47744751,-1.1393738
11056,0.85662842,-0.32623291,-1.1691284
11057,0.66650391,-0.29190064,-1.0505676
11058,0.93536377,-0.38146973,-1.1534119
11059,0.8392334,-0.33279419,-1.0745239
11060,0.72021484,-0.23117065,-1.2303162
11061,0.76583862,-0.15380859,-1.2564087
11062,0.61279297,-0.1876831,-1.0626221
11063,0.70327759,-0.024108887,-1.2510681
11064,0.6149292,-0.10848999,-1.2782288
11065,0.51757813,-0.14602661,-1.3615417
11066,0.43258667,0.15686035,-1.1750793
11067,0.32836914,0.22369385,-1.2869263
11068,0.29800415,0.13671875,-1.4044189
11069,0.38986206,0.27053833,-1.2695313
11070,0.30822754,0.30059814,-1.3772583
11071,0.47637939,0.42526245,-1.2055969
11072,0.31005859,0.44921875,-1.2240601
11073,0.2041626,0.4699707,-1.2995911
11074,0.092163086,0.55114746,-1.3113403
11075,0.054931641,0.48461914,-1.1216736
11076,0.16616821,0.546875,-1.1557007
11077,0.095214844,0.59020996,-1.1315918
11078,0.003662109,0.47973633,-1.1950684
11079,-0.31234741,0.55358887,-1.1491394
11080,-0.17562866,0.83251953,-1.053772
11081,-0.054779053,0.62362671,-1.139679
11082,-0.27450561,0.7623291,-1.0188293
11083,-0.30380249,0.88638306,-1.0861206
11084,-0.42327881,0.94314575,-0.90164185
11085,-0.35903931,1.0430908,-0.86120606
11086,-0.38223267,0.99578857,-0.68649292
11087,-0.546875,1.0072327,-0.83251953
11088,-0.55587769,1.0113525,-0.87814331
11089,-0.64453125,0.98709106,-0.99151611
11090,-0.65582275,0.89065552,-0.83190918
11091,-0.71777344,1.1140442,-0.70617676
11092,-0.79681397,1.0975647,-0.69396973
11093,-0.86227417,1.0058594,-0.74188232
11094,-0.78918457,1.2591553,-0.79025269
11095,-0.85922241,1.1347961,-0.81329346
11096,-0.8984375,1.018219,-0.71472168
11097,-1.053772,1.2145996,-0.54351807
11098,-1.0662842,1.0450745,-0.65414429
11099,-1.0690308,1.217804,-0.44921875
11100,-1.2173462,1.1552429,-0.37979126
11101,-1.1422729,1.1322021,-0.4498291
11102,-1.2135315,1.1585999,-0.3225708
11103,-1.2780762,1.0736084,-0.22323608
11104,-1.2646484,1.0215759,-0.55587769
11105,-1.2849426,1.0092163,-0.35110474
11106,-1.2971497,0.99639893,-0.11779785
11107,-1.5814209,0.9185791,-0.1171875
11108,-1.468811,0.80169678,-0.28778076
11109,-1.6300964,0.93322754,-0.006103516
11110,-1.4820862,0.87661743,-0.14282227
11111,-1.6207886,1.0775757,-0.074157715
11112,-1.6430664,1.1352539,0.046539307
11113,-1.6674805,1.1676025,0.064697266
11114,-1.6859436,1.1508179,0.18463135
11115,-1.7034912,1.0275269,0.25024414
11116,-1.7626953,0.95733643,0.337677
11117,-1.7251587,0.83084106,0.30181885
11118,-1.8138123,0.91079712,0.39855957
11119,-1.914978,1.0824585,0.36895752
11120,-1.8164063,0.95413208,0.47088623
11121,-1.8295288,0.91567993,0.5456543
11122,-1.7874146,0.80810547,0.58959961
11123,-1.8832397,0.7170105,0.71136475
11124,-1.907196,0.70159912,0.57174683
11125,-2.0747375,0.76354981,0.73944092
11126,-1.9013977,0.72525024,0.78125
11127,-1.9636536,0.68435669,0.74249268
11128,-2.0903015,0.61965942,0.8908081
11129,-2.0355225,0.68450928,0.91186523
11130,-2.0658875,0.64270019,0.79589844
11131,-2.1702576,0.4145813,0.94833374
11132,-2.015686,0.38894653,0.97366333
11133,-1.9270325,0.51849365,0.91766357
11134,-2.1853638,0.44754028,1.0591125
11135,-2.1765137,0.26168823,1.23703
11136,-2.1258545,0.15350342,1.2785339
11137,-1.990509,0.030975342,1.1482239
11138,-2.0910645,0.15579224,1.3172913
11139,-2.0266724,0.2746582,1.4331055
11140,-1.9204712,0.014038086,1.44104
11141,-1.8937683,-0.012359619,1.4538574
11142,-1.9482422,0.058441162,1.3897705
11143,-1.962738,-0.007476807,1.4483643
11144,-2.0501709,-0.11917114,1.4859009
11145,-2.1725464,-0.12084961,1.4123535
11146,-1.7512512,-0.28915405,1.413269
11147,-2.1380615,-0.27450561,1.6505432
11148,-1.918335,-0.32699585,1.7082214
11149,-1.8508911,-0.46646118,1.5844727
11150,-1.7636108,-0.3767395,1.6108704
11151,-1.7202759,-0.50430298,1.6035461
11152,-1.7837524,-0.67672729,1.6899109
11153,-1.802063,-0.67367554,1.6819763
11154,-1.7024231,-0.86273193,1.7419434
11155,-1.6551209,-1.055603,1.8737793
11156,-1.5737915,-0.81924438,1.8782043
11157,-1.6674805,-0.62225342,1.8051147
11158,-1.7018127,-0.93475342,1.8119812
11159,-1.5252686,-1.1280823,1.8385315
11160,-1.3752747,-1.1482239,1.831665
11161,-1.5423584,-1.1685181,1.9178772
11162,-1.5153503,-1.3108826,1.8530273
11163,-1.5422058,-1.1880493,1.8179321
11164,-1.4048767,-1.0548401,1.9511414
11165,-1.421051,-1.187439,1.9252014
11166,-1.2989807,-1.2760925,1.8473816
11167,-1.3595581,-1.2550354,1.9763184
11168,-1.2181091,-1.2615967,1.9393921
11169,-1.2376404,-1.2796021,1.9602966
11170,-1.186676,-1.6177368,1.806488
11171,-1.28479,-1.6256714,1.5026855
11172,-1.1030579,-1.6099548,1.762085
11173,-0.98251343,-1.6596985,1.7880249
11174,-0.96984863,-1.6746521,1.8614197
11175,-0.96847534,-1.6162109,1.8447876
11176,-0.96572876,-1.7092896,1.9085693
11177,-0.7901001,-1.7228699,1.7845154
11178,-0.7421875,-1.8048096,1.6674805
11179,-0.73547363,-1.9612122,1.703186
11180,-0.77819824,-1.7300415,1.7666626
11181,-0.66833496,-1.8988037,1.7845154
11182,-0.45272827,-1.8247986,1.7115784
11183,-0.44143677,-2.0730591,1.8019104
11184,-0.39657593,-2.1403503,1.6026306
11185,-0.32470703,-2.2677612,1.5802002
11186,-0.28717041,-2.0983887,1.6075134
11187,-0.38192749,-2.1096802,1.4230347
11188,-0.23651123,-2.0811462,1.5255737
11189,-0.15792847,-2.1682739,1.4959717
11190,-0.098114014,-2.1986389,1.6430664
11191,-0.10681152,-2.1528625,1.4849854
11192,-0.069274902,-2.2532654,1.4541626
11193,0.033111572,-2.2532654,1.3131714
11194,-0.058441162,-2.0959473,1.4546204
11195,0.065460205,-2.2654724,1.3798523
11196,0.22705078,-2.2895813,1.2136841
11197,0.23498535,-2.1516418,1.3336182
11198,0.19165039,-2.2239685,1.1528015
11199,0.26611328,-2.2198486,1.0484314
11200,0.37979126,-2.2624207,1.1024475
11201,0.41061401,-2.2903442,0.87539673
11202,0.42800903,-2.4194336,0.92956543
11203,0.50338745,-2.3922729,1.0133362
11204,0.53070068,-2.4092102,0.884552
11205,0.54275513,-2.2425842,0.8013916
11206,0.7019043,-2.4491882,0.82489014
11207,0.72189331,-2.4452209,0.64910889
11208,0.74890137,-2.3643494,0.73791504
11209,0.76690674,-2.2618103,0.59997559
11210,0.72525024,-2.2697449,0.69213867
11211,0.73379517,-2.1522522,0.38482666
11212,0.83297729,-2.0878601,0.48583984
11213,0.93856812,-2.2531128,0.48614502
11214,0.79711914,-2.0588684,0.37261963
11215,0.87432861,-2.1893311,0.38299561
11216,0.94116211,-2.1786499,0.15319824
11217,0.92834473,-2.2012329,0.31890869
11218,1.038208,-2.1362305,0.17730713
11219,0.91827393,-1.9363403,0.1914978
11220,0.90332031,-2.0333862,0.099945068
11221,1.0742188,-2.0462036,-0.080413818
11222,1.0746765,-1.9189453,-0.14602661
11223,1.0324097,-1.832428,-0.1802063
11224,1.1845398,-1.7927551,-0.23849487
11225,1.3020325,-1.7405701,-0.16815185
11226,1.108551,-1.5974426,-0.21774292
11227,1.0874939,-1.7520142,-0.25375366
11228,1.2808228,-1.7947388,-0.28366089
11229,1.139679,-1.7481995,-0.33752441
11230,1.2353516,-1.678009,-0.43380737
11231,1.2765503,-1.5057373,-0.37719727
11232,1.2426758,-1.4187622,-0.49163818
11233,1.1354065,-1.3183594,-0.55343628
11234,1.1123657,-1.3253784,-0.44494629
11235,1.1715698,-1.1914063,-0.55862427
11236,1.199646,-1.2162781,-0.53253174
11237,1.3563538,-1.0949707,-0.67718506
11238,1.144104,-1.0057068,-0.76049805
11239,1.0284424,-1.1557007,-0.79925537
11240,1.1621094,-0.92712402,-0.81375122
11241,1.2414551,-0.77835083,-0.75805664
11242,1.1488342,-0.67886353,-0.73776245
11243,1.0852051,-0.69396973,-0.76400757
11244,1.0978699,-0.9451294,-0.91583252
11245,1.1621094,-0.76293945,-0.90820313
11246,1.0372925,-0.59539795,-0.83984375
11247,0.94985962,-0.70678711,-0.90927124
11248,1.0546875,-0.68588257,-1.0417175
11249,0.87509155,-0.62454224,-1.0670471
11250,0.99243164,-0.42007446,-1.1216736
11251,0.77545166,-0.4914856,-1.192627
11252,0.78948975,-0.36361694,-1.4405823
11253,0.74050903,-0.37857056,-1.1901855
11254,0.85723877,-0.17974853,-1.1601257
11255,0.80947876,-0.28747559,-1.0797119
11256,0.83816528,-0.30288696,-1.1747742
11257,0.80032349,-0.13534546,-1.2379456
11258,0.7333374,0.000915527,-1.2014771
11259,0.74127197,-0.01083374,-1.2672424
11260,0.6489563,-0.010070801,-1.3061523
11261,0.56152344,0.065002441,-1.4457703
11262,0.46524048,0.030822754,-1.5548706
11263,0.56549072,0.23666382,-1.5097046
11264,0.49331665,0.24810791,-1.2748718
11265,0.44799805,0.32562256,-1.403656
11266,0.34957886,0.38696289,-1.1973572
11267,0.38223267,0.42510986,-1.1743164
11268,0.3086853,0.40222168,-1.2849426
11269,0.2746582,0.5531311,-1.3104248
11270,0.2015686,0.48294067,-1.3586426
11271,0.12237549,0.73440552,-1.2966919
11272,0.03326416,0.69885254,-1.2509155
11273,0.044403076,0.60195923,-1.2359619
11274,-0.11322022,0.6326294,-1.227417
11275,-0.016174316,0.76049805,-1.1621094
11276,-0.30212402,0.7824707,-1.2608337
11277,-0.26275635,0.77941894,-1.1993408
11278,-0.25207519,0.85388184,-1.0391235
11279,-0.41030884,0.82489014,-1.0151672
11280,-0.3314209,0.86914063,-0.91705322
11281,-0.38070679,0.82519531,-1.0923767
11282,-0.41534424,1.0906982,-1.1090088
11283,-0.43640137,1.2063599,-0.99594116
11284,-0.58166504,1.159668,-0.93475342
11285,-0.69213867,1.1828613,-0.87860107
11286,-0.72921753,1.1048889,-0.68374634
11287,-0.80261231,0.94100952,-0.90316772
11288,-0.83190918,1.2023926,-1.0534668
11289,-0.73394775,1.2307739,-0.88424683
11290,-1.0366821,1.2203979,-0.63064575
11291,-0.81634522,1.2953186,-0.75683594
11292,-0.94238281,1.2492371,-0.72799683
11293,-1.1405945,1.2277222,-0.70571899
11294,-1.2098694,1.2820435,-0.59326172
11295,-1.2528992,1.217041,-0.49041748
11296,-1.2257385,1.2837219,-0.4284668
11297,-1.240387,1.3134766,-0.31402588
11298,-1.3371277,1.353302,-0.26824951
11299,-1.363678,1.3137817,-0.27313232
11300,-1.3864136,1.2437439,-0.22720337
11301,-1.4704895,1.2586975,-0.1071167
11302,-1.4889526,1.2893677,-0.62240601
11303,-1.5658569,1.2197876,-0.50582886
11304,-1.5762329,1.1045837,-0.19241333
11305,-1.6726685,1.048584,-0.098419189
11306,-1.6796875,1.2606812,-0.15701294
11307,-1.558075,1.2031555,0.05355835
11308,-1.7204285,1.1737061,0.20431519
11309,-1.6253662,1.1584473,0.21636963
11310,-1.7927551,1.1087036,0.23880005
11311,-1.9665527,1.063385,0.24749756
11312,-1.8145752,1.0575867,0.26519775
11313,-1.7668152,1.1450195,0.32958984
11314,-1.9616699,1.1636353,0.28762817
11315,-1.8765259,1.0064697,0.31463623
11316,-1.9566345,1.0617065,0.41275024
11317,-2.0448303,1.0688782,0.56915283
11318,-2.0950317,0.8656311,0.64697266
11319,-2.1113586,0.82092285,0.67428589
11320,-2.1022034,0.78979492,0.63659668
11321,-2.0715332,0.81314087,0.53131103
11322,-2.0259094,0.6010437,0.68984985
11323,-2.177887,0.66101074,0.92071533
11324,-1.9810486,0.69488525,0.75927734
11325,-1.9917297,0.68374634,0.86242676
11326,-2.130127,0.68786621,1.0697937
11327,-2.1394348,0.65734863,1.1091614
11328,-2.150116,0.57052612,1.1941528
11329,-2.1337891,0.43167114,1.0037231
11330,-2.0484924,0.33569336,1.1743164
11331,-2.1456909,0.3388977,1.2974548
11332,-1.991272,0.31890869,1.1550903
11333,-2.1846008,0.17379761,1.3310242
11334,-2.1536255,0.29541016,1.3244629
11335,-2.0158386,0.128479,1.439209
11336,-2.0576477,0.051269531,1.3793945
11337,-2.0910645,-0.090484619,1.3780212
11338,-2.0181274,-0.21148682,1.5330505
11339,-2.0185852,-0.16479492,1.5089416
11340,-2.0472717,-0.13839722,1.5678406
11341,-1.9177246,-0.31387329,1.4143372
11342,-2.0635986,-0.18920898,1.5478516
11343,-2.0431519,-0.16479492,1.7388916
11344,-1.784668,-0.32821655,1.7379761
11345,-2.0805359,-0.48126221,1.9377136
11346,-1.8878174,-0.72967529,1.7453003
11347,-1.9142151,-0.44189453,1.7530823
11348,-2.0043945,-0.67932129,1.5084839
11349,-1.8658447,-0.87966919,1.7500305
11350,-1.9369507,-0.77575684,1.6082764
11351,-1.8348694,-0.83114624,1.7396545
11352,-1.7315674,-0.82351685,1.8792725
11353,-1.5567017,-1.0760498,1.8287659
11354,-1.7004395,-0.67245483,1.8106079
11355,-1.7733765,-0.96694946,1.9613647
11356,-1.6497803,-0.88546753,1.930542
11357,-1.570282,-1.4193726,1.867981
11358,-1.6061401,-1.2670898,1.8800354
11359,-1.6612244,-1.305542,1.8882751
11360,-1.4335632,-1.3253784,1.7315674
11361,-1.4881897,-1.4289856,1.6351318
11362,-1.3192749,-1.3668823,1.739502
11363,-1.4471436,-1.4451599,1.7869568
11364,-1.293335,-1.4160156,2.0420837
11365,-1.1793518,-1.5646362,1.8505859
11366,-1.1445618,-1.5142822,1.8121338
11367,-1.231842,-1.6555786,2.0288086
11368,-1.0774231,-1.6807556,1.9276428
11369,-1.1325073,-1.9319153,1.8278503
11370,-1.0411072,-1.7893982,1.3679504
11371,-0.93292236,-1.9636536,1.7805481
11372,-0.81970215,-1.9984436,1.7359924
11373,-0.5545044,-1.8147278,1.7329407
11374,-0.70953369,-1.9096375,1.7416382
11375,-0.69152832,-1.9284058,1.7375183
11376,-0.67047119,-1.8980408,1.9047546
11377,-0.52597046,-2.1476746,1.7831421
11378,-0.48156738,-1.9816589,1.7242432
11379,-0.53497315,-2.0608521,1.6610718
11380,-0.50415039,-1.955719,1.5557861
11381,-0.4675293,-2.0561218,1.6680908
11382,-0.45654297,-2.1810913,1.7414856
11383,-0.31860352,-2.2796631,1.6004944
11384,-0.2835083,-2.2465515,1.5246582
11385,-0.46859741,-2.1688843,1.521759
11386,-0.12512207,-1.9555664,1.4953613
11387,-0.10574341,-2.0578003,1.4962769
11388,-0.14038086,-2.0013428,1.5655518
11389,0.037994385,-2.1160889,1.3075256
11390,0.074615479,-2.1853638,1.2585449
11391,0.12298584,-2.2418213,1.1776733
11392,0.27404785,-2.2709656,1.1499023
11393,0.31738281,-2.3439026,1.2820435
11394,0.26351929,-2.2427368,1.2637329
11395,0.30761719,-2.2302246,1.1291504
11396,0.29205322,-2.2116089,1.1978149
11397,0.49377441,-2.183075,1.0025024
11398,0.66940308,-2.1459961,1.0221863
11399,0.61645508,-2.1980286,0.85479736
11400,0.57373047,-2.1141052,0.94497681
11401,0.84197998,-2.1920776,0.77270508
11402,0.58181763,-2.1566772,0.80093384
11403,0.72799683,-2.2372437,0.51177978
11404,0.71380615,-2.166748,0.52078247
11405,0.78811646,-2.2029114,0.63476563
11406,0.68557739,-2.1006775,0.47409058
11407,0.81115723,-1.9718933,0.53283691
11408,0.84625244,-2.0231628,0.46051025
11409,0.87341309,-2.1429443,0.30471802
11410,0.92407227,-2.0545959,0.19638062
11411,0.95779419,-2.2360229,0.22583008
11412,1.0585022,-2.0445251,0.27648926
11413,1.056366,-2.1665955,0.20980835
11414,1.1450195,-1.9314575,0.16464233
11415,1.0974121,-1.9564819,0.077362061
11416,1.0771179,-2.0558167,0.24490356
11417,1.0824585,-2.122345,-0.025482178
11418,1.0905457,-1.8867493,-0.20980835
11419,1.282959,-1.7694092,-0.059204102
11420,1.1611938,-1.7074585,-0.11474609
11421,1.1698914,-1.6853333,-0.13366699
11422,1.2809753,-1.6142273,-0.21789551
11423,1.1836243,-1.6691589,-0.32775879
11424,1.1494446,-1.5701294,-0.31341553
11425,1.1117554,-1.6712952,-0.35644531
11426,1.1273193,-1.3528442,-0.3527832
11427,1.1245728,-1.4834595,-0.50048828
11428,1.178894,-1.4984131,-0.58670044
11429,1.1283875,-1.4067078,-0.53085327
11430,1.2744141,-1.3366699,-0.66513062
11431,1.3087463,-1.2329102,-0.69595337
11432,1.3146973,-1.1720276,-0.67459106
11433,1.2609863,-1.1289978,-0.7359314
11434,1.2414551,-0.98526001,-0.74920654
11435,1.2619019,-0.98571777,-0.74493408
11436,1.1607361,-1.0261536,-0.83435059
11437,1.1135864,-0.90362549,-0.97839356
11438,1.1550903,-0.77148438,-1.0383606
11439,1.206665,-0.75408935,-1.0966492
11440,1.0971069,-0.75531006,-1.0673523
11441,1.116333,-0.84487915,-0.92041016
11442,0.99365234,-0.64880371,-1.1032104
11443,1.1282349,-0.49438477,-1.0641479
11444,0.98236084,-0.44784546,-1.027832
11445,0.94482422,-0.38421631,-1.0780334
11446,1.0365295,-0.38482666,-1.2179565
11447,0.84625244,-0.46417236,-1.277771
11448,0.93933106,-0.35354614,-1.2963867
11449,0.86227417,-0.26519775,-1.1743164
11450,0.84915161,-0.2029419,-1.192627
11451,0.94970703,0.030212402,-1.2409973
11452,0.67749023,-0.04776001,-1.2277222
11453,0.71258545,0.08682251,-1.242218
11454,0.64880371,-0.2130127,-1.3999939
11455,0.75195313,-0.1361084,-1.6104126
11456,0.57952881,-0.015563965,-1.4868164
11457,0.44631958,0.11749268,-1.3847351
11458,0.46447754,0.41137695,-1.3528442
11459,0.47866821,0.30502319,-1.54953
11460,0.34423828,0.37414551,-1.4837646
11461,0.36392212,0.27236939,-1.6844177
11462,0.27572632,0.36224365,-1.3316345
11463,0.23101807,0.64498901,-1.3354492
11464,0.21331787,0.50720215,-1.3768005
11465,0.23376465,0.45379639,-1.4552307
11466,0.39077759,0.71716309,-1.4305115
11467,0.2041626,0.70266724,-1.3555908
11468,0.061645508,0.71014404,-1.2155151
11469,0.081481934,0.9147644,-1.1660767
11470,-0.006103516,0.89248657,-1.1888123
11471,0.010986328,0.96237183,-1.2199402
11472,-0.16296387,0.987854,-1.2722778
11473,-0.23590088,0.95825195,-1.4289856
11474,-0.29342651,0.96755981,-1.1729431
11475,-0.40679932,1.0714722,-1.2744141
11476,-0.46539307,1.0546875,-1.3475037
11477,-0.57281494,1.0336304,-1.2884521
11478,-0.58059692,1.1587524,-1.1424255
11479,-0.50598144,0.98403931,-1.1654663
11480,-0.59951782,1.1625671,-1.1134338
11481,-0.66131592,1.2173462,-1.022644
11482,-0.65170288,1.2805176,-1.0250854
11483,-0.77270508,1.370697,-1.006012
11484,-0.80718994,1.2893677,-0.79895019
11485,-1.0385132,1.2231445,-0.69885254
11486,-0.98632813,1.2106323,-0.71853638
11487,-0.96359253,1.2945557,-0.90988159
11488,-1.1074829,1.3398743,-0.72174072
11489,-1.1381531,1.3067627,-0.81130981
11490,-1.1528015,1.4385986,-0.74447632
11491,-1.1334229,1.5130615,-0.78857422
11492,-1.2670898,1.3458252,-0.50964356
11493,-1.2663269,1.3172913,-0.51971435
11494,-1.3168335,1.3671875,-0.57922363
11495,-1.3302612,1.3375854,-0.26412964
11496,-1.3378906,1.3046265,-0.35995483
11497,-1.365509,1.4047241,-0.39901733
11498,-1.4968872,1.3233948,-0.24230957
11499,-1.4245605,1.3839722,-1.1143494
11500,-1.6534424,1.1824036,-0.18417358
11501,-1.5434265,1.3516235,-0.1171875
11502,-1.6467285,1.3641357,0.0831604
11503,-1.6539001,1.4179993,-0.066680908
11504,-1.7733765,1.5119934,0.14816284
11505,-1.6578674,1.3633728,0.15304565
11506,-1.842804,1.2733459,0.1940918
11507,-1.9616699,1.1349487,0.31021118
11508,-1.9969177,1.2091064,0.31005859
11509,-2.0043945,1.0961914,0.35430908
11510,-1.9418335,1.0386658,0.30334473
11511,-2.0487976,1.0577393,0.55587769
11512,-2.0263672,0.98022461,0.58120728
11513,-2.1183777,0.92056274,0.67733765
11514,-2.0440674,0.84381103,0.56594849
11515,-2.0587158,0.95352173,0.69915772
11516,-2.0176697,0.85647583,0.59402466
11517,-2.0913696,0.85159302,0.61050415
11518,-1.9619751,0.89477539,0.7232666
11519,-2.1386719,0.82519531,0.63186646
11520,-2.0709229,0.80780029,0.78369141
11521,-2.0683289,0.80703735,0.8732605
11522,-2.1156311,0.66619873,0.93704224
11523,-2.1742249,0.75317383,1.144104
11524,-2.1568298,0.45288086,1.0231018
11525,-2.2113037,0.46600342,1.3154602
11526,-2.1084595,0.46447754,1.1633301
11527,-2.1786499,0.519104,1.2548828
11528,-2.2190857,0.36239624,1.0502625
11529,-2.0036316,0.3642273,1.2042236
11530,-2.1951294,0.30914307,1.3645935
11531,-2.2125244,0.22399902,1.3795471
11532,-2.0524597,0.14694214,1.5129089
11533,-2.2698975,-0.021820068,1.5438843
11534,-2.167511,0.057983398,1.6088867
11535,-2.0793152,-0.06072998,1.6047668
11536,-2.0695496,-0.16571045,1.5960693
11537,-2.0832825,-0.21438599,1.8153381
11538,-2.0758057,-0.27664185,1.7402649
11539,-1.932373,-0.40115356,1.799469
11540,-2.1800232,-0.44281006,1.8544006
11541,-2.0291138,-0.47729492,1.6830444
11542,-1.9351196,-0.66131592,1.7326355
11543,-2.0106506,-0.5166626,1.8919373
11544,-2.0976257,-0.75195313,1.696167
11545,-2.0245361,-0.59326172,1.9232178
11546,-2.0080566,-0.75286865,1.9238281
11547,-1.8453979,-0.83084106,1.9995117
11548,-1.887207,-1.0183716,1.9747925
11549,-1.7721558,-1.0856628,1.8984985
11550,-1.7295837,-1.0644531,2.1139526
11551,-1.7913818,-1.0388184,1.9680786
11552,-1.6183472,-1.2895203,1.8901062
11553,-1.7434692,-0.94207764,2.0440674
11554,-1.6574097,-1.1151123,1.9598389
11555,-1.6340637,-1.2106323,1.9677734
11556,-1.5249634,-1.5101624,2.0610046
11557,-1.469574,-1.2783813,1.854248
11558,-1.3882446,-1.4794922,1.958313
11559,-1.4059448,-1.5313721,1.9256592
11560,-1.3467407,-1.6009521,2.1286011
11561,-1.1480713,-1.5097046,1.9857788
11562,-1.3755798,-1.7184448,2.0458984
11563,-1.295929,-1.6941834,1.9836426
11564,-1.0580444,-1.7111206,1.8225098
11565,-1.2750244,-1.8127441,2.063446
11566,-1.1032104,-1.6545105,1.9863892
11567,-1.0639954,-1.6868591,2.0732117
11568,-1.0383606,-1.7828369,2.0483398
11569,-1.1117554,-1.9728088,2.0036316
11570,-0.82504272,-1.9674683,2.1081543
11571,-0.7661438,-2.10495,1.9700623
11572,-0.67626953,-2.0968628,1.9009399
11573,-0.64620972,-2.0648193,1.7240906
11574,-0.59326172,-2.1714783,1.7198181
11575,-0.47454834,-2.1606445,1.7967224
11576,-0.56182861,-2.0431519,1.8505859
11577,-0.54702759,-2.1691895,1.8849182
11578,-0.32058716,-2.0800781,1.6677856
11579,-0.34118652,-2.2210693,1.6680908
11580,-0.29693603,-2.2572327,1.8244934
11581,-0.20172119,-2.4497986,1.5724182
11582,-0.14678955,-2.3339844,1.5748596
11583,-0.062561035,-2.2892761,1.6320801
11584,-0.11672974,-2.4487305,1.6633606
11585,0.063171387,-2.3243713,1.4707947
11586,0.06652832,-2.2621155,1.3461304
11587,0.2583313,-2.3112488,1.3983154
11588,0.19866943,-2.4871826,1.3168335
11589,0.18981934,-2.5068665,1.2564087
11590,0.27648926,-2.4537659,1.2443542
11591,0.32958984,-2.6042175,1.1517334
11592,0.37109375,-2.5143433,1.0972595
11593,0.36209106,-2.2891235,1.0804749
11594,0.38726807,-2.43927,1.1231995
11595,0.51849365,-2.2970581,1.0995483
11596,0.59295654,-2.2471619,0.99273682
11597,0.63064575,-2.1714783,0.97244263
11598,0.60516357,-2.0388794,0.99609375
11599,0.58700562,-2.0884705,0.73791504
11600,0.89675903,-2.17453,0.76629639
11601,0.78903198,-2.2119141,0.78567505
11602,0.84320068,-2.1923828,0.64117432
11603,0.88226318,-2.3002625,0.59143066
11604,1.0041809,-2.2323608,0.64727783
11605,0.80413818,-2.2373962,0.48217773
11606,0.97412109,-2.1708679,0.55770874
11607,0.90499878,-2.0791626,0.52001953
11608,0.9803772,-2.0333862,0.40679932
11609,1.0232544,-2.0903015,0.2973938
11610,1.0394287,-2.0730591,0.29052734
11611,1.1097717,-2.0965576,0.064697266
11612,1.1186218,-1.9995117,0.08392334
11613,1.0266113,-2.0054626,0.058898926
11614,1.1201477,-1.9992065,-0.11672974
11615,1.3444519,-1.8577576,-0.14251709
11616,1.245575,-1.8942261,-0.20751953
11617,1.2631226,-1.9277954,-0.29510498
11618,1.3230896,-2.0362854,-0.22964478
11619,1.2411499,-1.9104004,-0.22293091
11620,1.4251709,-1.7431641,-0.24612427
11621,1.4047241,-1.803894,-0.42724609
11622,1.3844299,-1.8061829,-0.5708313
11623,1.4196777,-1.4968872,-0.55984497
11624,1.4794922,-1.5789795,-0.48706055
11625,1.459198,-1.5504456,-0.40466309
11626,1.4801025,-1.5556335,-0.60455322
11627,1.3391113,-1.5083313,-0.51376343
11628,1.4599609,-1.4569092,-0.64453125
11629,1.4477539,-1.2773132,-0.79895019
11630,1.2211609,-1.3253784,-0.68817139
11631,1.3195801,-1.3360596,-0.82473755
11632,1.4126587,-1.2849426,-0.78979492
11633,1.2359619,-1.3218689,-0.81481934
11634,1.3954163,-1.1515808,-0.81893921
11635,1.1103821,-1.1326599,-0.86380005
11636,1.2045288,-1.0369873,-0.92208862
11637,1.295929,-0.85403442,-0.9286499
11638,1.0188293,-0.85021973,-0.90362549
11639,1.2747192,-0.73196411,-1.068573
11640,1.18927,-0.75439453,-0.97686768
11641,1.0894775,-0.58227539,-1.1169434
11642,1.1102295,-0.48187256,-1.076355
11643,0.97991943,-0.51345825,-1.1624146
11644,1.0780334,-0.41473389,-1.3491821
11645,1.1573791,-0.34545898,-1.2492371
11646,0.95703125,-0.3918457,-1.2081909
11647,0.96115112,-0.20782471,-1.2025452
11648,0.90820313,-0.1574707,-1.2527466
11649,0.85235596,-0.075378418,-1.2307739
11650,1.0577393,0.026550293,-1.2921143
11651,0.93719482,-0.023193359,-1.4260864
11652,0.89599609,0.01953125,-2.2213745
11653,0.68435669,-0.089874268,-1.3554382
11654,0.74661255,0.073699951,-1.5011597
11655,0.64254761,0.11001587,-1.6362
11656,0.64666748,0.27954102,-1.5641785
11657,0.54824829,0.38116455,-1.5002441
11658,0.46768189,0.28259277,-1.3291931
11659,0.55267334,0.43991089,-1.4370728
11660,0.39520264,0.42419434,-1.337738
11661,0.41366577,0.59951782,-1.4619446
11662,0.34881592,0.55084228,-1.5473938
11663,0.28945923,0.57907104,-1.3720703
11664,0.2154541,0.52642822,-1.4152527
11665,0.30471802,0.58074951,-1.3246155
11666,0.20904541,0.68389893,-1.3101196
11667,0.045318604,0.78125,-1.15448
11668,0.065155029,0.79940796,-1.2924194
11669,-0.078125,0.9526062,-1.1547852
11670,-0.059051514,0.82672119,-1.1346436
11671,-0.20172119,0.98464966,-1.2649536
11672,-0.19943237,0.99746704,-1.0696411
11673,-0.34927368,1.1871338,-1.1653137
11674,-0.3704834,1.1421204,-1.2579346
11675,-0.43502808,1.1355591,-1.2971497
11676,-0.42861939,1.058197,-1.2812805
11677,-0.66650391,0.9777832,-1.161499
11678,-0.62911987,1.2825012,-1.0800171
11679,-0.77880859,1.162262,-1.0470581
11680,-0.7232666,1.2687683,-0.95062256
11681,-0.84960938,1.3391113,-0.96389771
11682,-0.83206177,1.4480591,-0.85952759
11683,-0.95016479,1.3368225,-0.82809448
11684,-0.89309692,1.1109924,-0.94055176
11685,-1.1184692,1.1312866,-0.81970215
11686,-1.0319519,1.217041,-0.73760986
11687,-1.2792969,1.3644409,-0.65933228
11688,-1.2237549,1.2945557,-0.8140564
11689,-1.02005,1.6197205,-0.6338501
11690,-1.2315369,1.3926697,-0.62194824
11691,-1.2528992,1.4353943,-0.53039551
11692,-1.401825,1.3607788,-0.53543091
11693,-1.3221741,1.3996887,-0.64208984
11694,-1.3916016,1.4501953,-0.42221069
11695,-1.3960266,1.2510681,-0.46218872
11696,-1.5594482,1.2976074,-0.57403565
11697,-1.8267822,0.97702026,-0.55648804
11698,-1.6636658,1.1317444,-0.51574707
11699,-1.6023254,1.2239075,-0.17913818
11700,-1.5811157,1.3433838,-0.097198486
11701,-1.6670227,1.3111877,-0.061035156
11702,-1.8125916,1.2008667,0.23254395
11703,-1.6751099,1.3427734,0.11688232
11704,-1.7921448,1.1976624,0.043945313
11705,-1.8424988,1.0380554,0.14450073
11706,-1.9245911,1.214447,0.32714844
11707,-2.0368958,1.0961914,0.17623901
11708,-1.993866,1.0417175,0.3565979
11709,-1.9303894,1.0388184,0.42327881
11710,-1.9451904,1.0299683,0.44433594
11711,-1.9924927,1.0191345,0.52734375
11712,-1.9847107,1.0629272,0.54595947
11713,-2.026825,0.94116211,0.62835693
11714,-2.0243835,0.95733643,0.66818237
11715,-2.1017456,1.0302734,0.72647095
11716,-2.1676636,0.86746216,0.75561523
11717,-2.0582581,0.82977295,0.77758789
11718,-2.2715759,0.70404053,0.95230103
11719,-2.2590637,0.6401062,0.90637207
11720,-2.1209717,0.63140869,0.8883667
11721,-2.3538208,0.49102783,0.89782715
11722,-2.1427917,0.6312561,1.0160828
11723,-2.3402405,0.67214966,1.1775208
11724,-2.2122192,0.4776001,1.1997986
11725,-2.3510742,0.35797119,1.3545227
11726,-2.1463013,0.43548584,1.199646
11727,-2.2698975,0.35125732,1.2905884
11728,-2.2254944,0.25650024,1.3371277
11729,-2.1582031,0.21728516,1.3070679
11730,-2.2666931,0.2192688,1.464386
11731,-1.9471741,-0.16769409,1.3671875
11732,-2.1508789,0.095214844,1.5097046
11733,-2.1469116,0.036621094,1.5087891
11734,-2.2293091,-0.098724365,1.5353394
11735,-2.073822,-0.2053833,1.5319824
11736,-2.048645,-0.32333374,1.5562439
11737,-1.9827271,-0.31692505,1.8205261
11738,-2.177887,-0.24215698,1.7997742
11739,-1.975708,-0.32714844,1.8307495
11740,-1.75354,-0.54168701,1.6851807
11741,-1.9087219,-0.42907715,1.7515564
11742,-1.9744873,-0.52963257,1.7308044
11743,-1.9967651,-0.57479858,1.8702698
11744,-1.855011,-0.55236816,1.8823242
11745,-1.9294739,-0.66574097,1.9329834
11746,-1.6445923,-0.68222046,1.8409729
11747,-1.693573,-0.82626343,1.8617249
11748,-1.8476868,-0.78735352,1.8353271
11749,-1.6572571,-1.0516357,1.9195557
11750,-1.5904236,-1.0725403,2.0252991
11751,-1.7324829,-1.0189819,2.0550537
11752,-1.6796875,-0.90621948,1.920166
11753,-1.7597961,-1.4929199,2.0036316
11754,-1.6619873,-1.505127,1.9961548
11755,-1.4585876,-1.3459778,1.9934082
11756,-1.711731,-1.5257263,1.9522095
11757,-1.3957214,-1.4163208,2.0478821
11758,-1.3774109,-1.5885925,2.0553589
11759,-1.3909912,-1.6955566,2.0419312
11760,-1.4170837,-1.7756653,2.1516418
11761,-1.232605,-1.8981934,1.9210815
11762,-1.2579346,-1.9577026,1.8087769
11763,-1.0450745,-1.8452454,1.7544556
11764,-1.0256958,-1.6743469,2.0924377
11765,-1.0775757,-1.738739,1.7399597
11766,-0.96160889,-1.8017578,1.9558716
11767,-0.84869385,-1.8339539,1.8450928
11768,-0.77438354,-1.8663025,1.7980957
11769,-0.79116821,-1.784668,1.8286133
11770,-0.97412109,-1.9688416,1.8066406
11771,-0.82229614,-1.9425964,1.7492676
11772,-0.63796997,-2.1798706,1.6748047
11773,-0.72631836,-1.9897461,1.8217468
11774,-0.60928345,-2.1124268,1.8270874
11775,-0.57067871,-2.07901,1.9268799
11776,-0.50842285,-2.0562744,1.5942383
11777,-0.24627685,-2.0372009,1.7092896
11778,-0.2571106,-2.1481323,1.68396
11779,-0.24215698,-2.2741699,1.5634155
11780,-0.11611939,-2.1914673,1.6323853
11781,-0.23178101,-2.1896362,1.6064453
11782,0.042114258,-2.1406555,1.5565491
11783,-0.067749023,-2.1470642,1.6143799
11784,-0.018768311,-2.1716309,1.3827515
11785,-0.008392334,-2.121582,1.4402771
11786,0.15945435,-2.3727417,1.2811279
11787,0.19775391,-2.3320007,1.3098145
11788,0.21621704,-2.3338318,1.3197327
11789,0.4876709,-2.4891663,1.1767578
11790,0.43991089,-2.3774719,1.1665344
11791,0.34179688,-2.4833679,1.2414551
11792,0.49804688,-2.4890137,1.0914612
11793,0.37994385,-2.4510193,1.1483765
11794,0.64758301,-2.4263,1.0102844
11795,0.72021484,-2.2949219,0.9664917
11796,0.55938721,-2.3060608,0.90835571
11797,0.51376343,-2.4737549,0.77896118
11798,0.60623169,-2.3977661,0.83221435
11799,0.81512451,-2.4127197,0.79391479
11800,0.74249268,-2.4676514,0.62286377
11801,0.73577881,-2.263031,0.77468872
11802,0.91247559,-2.2601318,0.5456543
11803,0.83190918,-2.1459961,0.52993774
11804,0.7510376,-2.0819092,0.5090332
11805,0.87234497,-2.0355225,0.50170898
11806,0.86853027,-2.1987915,0.37261963
11807,0.95794678,-1.9923401,0.34133911
11808,1.1242676,-2.1708679,0.16281128
11809,1.1357117,-1.9683838,0.11474609
11810,1.2493896,-1.8896484,0.2607727
11811,1.1738586,-1.9456482,0.27694702
11812,1.1465454,-2.0162964,0.097961426
11813,1.2275696,-1.9223022,0.12207031
11814,1.1775208,-1.8739319,-0.048065186
11815,1.3195801,-1.8693542,0.038146973
11816,1.1431885,-1.7817688,-0.072937012
11817,1.1378479,-1.7745972,-0.053253174
11818,1.1117554,-1.6481018,-0.10177612
11819,1.1103821,-1.8275452,-0.18386841
11820,1.1592102,-1.6624451,-0.32043457
11821,1.1865234,-1.4620972,-0.35736084
11822,1.2252808,-1.5950012,-0.49926758
11823,1.0595703,-1.4834595,-0.41122436
11824,1.1476135,-1.3311768,-0.40679932
11825,1.222229,-1.5544128,-0.54550171
11826,1.3198853,-1.3131714,-0.52978516
11827,1.3246155,-1.3061523,-0.62942505
11828,1.3157654,-1.2425232,-0.81222534
11829,1.2567139,-1.0839844,-0.75592041
11830,1.3311768,-1.2077332,-0.88745117
11831,1.1450195,-1.1793518,-0.65917969
11832,1.232605,-1.1694336,-0.9526062
11833,1.3204956,-0.9362793,-0.95077515
11834,1.1706543,-0.86853027,-1.1009216
11835,1.0649109,-0.77178955,-1.0336304
11836,1.0464478,-0.92895508,-1.1186218
11837,1.1488342,-0.89813232,-1.0498047
11838,1.1073303,-0.9526062,-1.0571289
11839,1.1444092,-0.69747925,-1.0557556
11840,1.0125732,-0.67718506,-1.0449219
11841,1.0643005,-0.49041748,-1.0307312
11842,0.96679688,-0.2532959,-1.0949707
11843,1.0705566,-0.27755737,-1.1978149
11844,0.92590332,-0.34057617,-1.3305664
11845,0.87982178,-0.39535522,-1.2858582
11846,0.77560425,-0.29144287,-1.2649536
11847,0.84945679,-0.22186279,-1.1647034
11848,0.74737549,-0.1083374,-1.2638855
11849,0.65673828,-0.040893555,-1.3085938
11850,0.69778442,-0.099639893,-1.2838745
11851,0.69595337,0.06652832,-1.5341187
11852,0.53588867,0.003967285,-1.2860107
11853,0.521698,0.054931641,-1.2986755
11854,0.519104,0.095214844,-1.3726807
11855,0.48461914,0.25375366,-1.2870789
11856,0.34988403,0.35949707,-1.2728882
11857,0.37155151,0.38101196,-1.2940979
11858,0.3553772,0.390625,-1.3278198
11859,0.31326294,0.47241211,-1.3212585
11860,0.26275635,0.47119141,-1.4329529
11861,0.13092041,0.54962158,-1.137085
11862,0.1348877,0.61721802,-1.325531
11863,0.051727295,0.62072754,-1.1743164
11864,0.078125,0.62759399,-1.3645935
11865,-0.07522583,0.64056397,-1.3945007
11866,-0.13671875,0.77575684,-1.2319946
11867,-0.20889282,0.6640625,-1.2243652
11868,-0.15045166,0.82321167,-1.2921143
11869,-0.23925781,0.79208374,-1.337738
11870,-0.3678894,0.91400147,-1.3583374
11871,-0.2935791,0.92453003,-0.91751099
11872,-0.32791138,1.1256409,-0.90789795
11873,-0.39703369,1.2660217,-0.79559326
11874,-0.69290161,1.1483765,-0.95108032
11875,-0.52764893,1.1811829,-0.98739624
11876,-0.6578064,1.1645508,-0.82122803
11877,-0.56762695,1.1213684,-0.96878052
11878,-0.70098877,1.1021423,-0.66833496
11879,-0.85510254,1.1170959,-0.57861328
11880,-0.83709717,1.1811829,-0.69915772
11881,-0.84259033,1.2905884,-0.90454102
11882,-0.83862305,1.1657715,-0.5430603
11883,-0.92147827,1.0177612,-0.66574097
11884,-1.0365295,1.0325623,-0.59341431
11885,-1.0466003,0.96359253,-0.47561645
11886,-1.0949707,1.0925293,-0.45837402
11887,-1.1547852,1.1627197,-0.56594849
11888,-1.3214111,1.1756897,-0.46112061
11889,-1.1061096,1.2521362,-0.43380737
11890,-1.3580322,1.2033081,-0.40817261
11891,-1.3119507,1.28479,-0.48873901
11892,-1.4743042,1.3664246,-0.70968628
11893,-1.5516663,1.0720825,-0.49468994
11894,-1.4575195,1.1914063,-0.2355957
11895,-1.5631104,1.3014221,-0.090026855
11896,-1.5571594,1.3052368,-0.068969727
11897,-1.6329956,1.3751221,-0.16113281
11898,-1.6577148,1.1534119,-0.056762695
11899,-1.7045593,1.2754822,0.10818481
11900,-1.7150879,1.1158752,0.031433105
11901,-1.7855835,1.1187744,0.11703491
11902,-1.7495728,1.1735535,0.12741089
11903,-1.6725159,1.1845398,0.15380859
11904,-1.8527222,1.1123657,0.19851685
11905,-1.7758179,1.0998535,0.19592285
11906,-1.8302917,1.0095215,0.26016235
11907,-1.8537903,0.93933106,0.34408569
11908,-1.9294739,0.92544556,0.44830322
11909,-1.77948,1.0398865,0.48278809
11910,-1.7697144,1.0502625,0.52215576
11911,-1.8048096,1.0289001,0.57601929
11912,-1.8989563,0.9576416,0.58898926
11913,-1.8806458,0.80535889,0.6187439
11914,-1.8600464,0.74768066,0.67382813
11915,-2.0013428,0.76660156,0.71884155
11916,-2.0336914,0.75790405,0.77316284
11917,-2.1936035,0.61798096,0.74417114
11918,-2.0230103,0.63568115,0.68572998
11919,-2.0526123,0.496521,0.8581543
11920,-2.1954346,0.49118042,0.95611572
11921,-2.0240784,0.34439087,0.96221924
11922,-2.0410156,0.25146484,0.99243164
11923,-2.0411682,0.38116455,1.015625
11924,-2.1279907,0.38986206,1.2382507
11925,-2.1342468,0.29510498,1.2889099
11926,-2.0977783,0.17059326,1.2060547
11927,-2.0889282,-0.10528565,1.3647461
11928,-2.0556641,0.068054199,1.2243652
11929,-2.06604,0.039825439,1.3510132
11930,-2.184906,-0.29434204,1.2580872
11931,-2.01828,-0.009155273,1.295166
11932,-2.0849609,-0.068817139,1.4190674
11933,-2.0327759,-0.14587402,1.288147
11934,-1.8739319,-0.11550903,1.4897156
11935,-1.9274902,-0.3112793,1.4735413
11936,-1.9332886,-0.4196167,1.4282227
11937,-1.8778992,-0.27389526,1.5307617
11938,-1.8197632,-0.35064697,1.5185547
11939,-1.739502,-0.36972046,1.4920044
11940,-1.778717,-0.56655884,1.6052246
11941,-1.8710327,-0.5847168,1.3838196
11942,-1.7648315,-0.60897827,1.5736389
11943,-1.7382813,-0.63171387,1.4550781
11944,-1.68396,-0.809021,1.4941406
11945,-1.7558289,-0.89782715,1.5859985
11946,-1.5745544,-0.90240478,1.8206787
11947,-1.5548706,-1.0473633,1.9306946
11948,-1.4756775,-1.1022949,1.7811584
11949,-1.5437317,-1.0643005,1.9396973
11950,-1.4601135,-1.0902405,1.9137573
11951,-1.3685608,-1.0372925,2.0715332
11952,-1.4830017,-1.4225769,1.9570923
11953,-1.2994385,-1.2635803,1.8652344
11954,-1.3842773,-1.3728333,1.8118286
11955,-1.383667,-1.15448,1.9506836
11956,-1.3723755,-1.2550354,2.0074463
11957,-1.3092041,-1.2954712,1.7420959
11958,-1.2530518,-1.4396667,1.816864
11959,-1.3264465,-1.5368652,1.9903564
11960,-1.0560608,-1.5818787,1.8486023
11961,-1.2165833,-1.5866089,1.9076538
11962,-1.0139465,-1.6333008,1.8495178
11963,-0.88378906,-1.6786194,1.8757629
11964,-0.86669922,-1.6708374,1.8618774
11965,-0.75332642,-1.8487549,1.8249512
11966,-0.69885254,-1.8334961,1.786499
11967,-0.66131592,-1.791687,1.746521
11968,-0.70602417,-1.7808533,1.7765808
11969,-0.50964356,-1.955719,1.7260742
11970,-0.46829224,-1.9529724,1.6326904
11971,-0.5001831,-2.0298767,1.5063477
11972,-0.42526245,-1.9927979,1.690979
11973,-0.39901733,-1.9895935,1.5797424
11974,-0.3074646,-2.0782471,1.4956665
11975,-0.28076172,-2.0426941,1.5029907
11976,-0.26412964,-2.0471191,1.5223694
11977,-0.23513794,-2.0716858,1.5354919
11978,-0.08895874,-2.2479248,1.459198
11979,-0.065307617,-2.2402954,1.3739014
11980,-0.14129639,-2.2924805,1.3464355
11981,-0.054931641,-2.1697998,1.3043213
11982,-0.046691895,-2.2840881,1.3142395
11983,0.14297485,-2.1784973,1.2799072
11984,0.16937256,-2.1310425,1.3705444
11985,0.15197754,-2.0040894,1.4535522
11986,0.23925781,-2.1083069,1.1376953
11987,0.45822144,-2.0420837,1.1058044
11988,0.1826477,-2.1575928,1.071167
11989,0.29388428,-2.0574951,0.96755981
11990,0.36621094,-2.177124,1.0224915
11991,0.56503296,-2.1620178,0.94390869
11992,0.48629761,-2.2312927,0.77529907
11993,0.50735474,-2.1691895,0.77072144
11994,0.47317505,-2.1739197,0.78048706
11995,0.51269531,-1.9935608,0.96969604
11996,0.6326294,-2.194519,0.68191528
11997,0.71762085,-2.0646667,0.62866211
11998,0.67993164,-2.0726013,0.46386719
11999,0.72235107,-2.1762085,0.38574219
12000,0.71533203,-2.0791626,0.28427124
12001,0.67504883,-2.049408,0.29083252
12002,0.84014893,-1.9450378,0.059509277
12003,0.93109131,-2.0074463,-0.00213623
12004,0.91888428,-2.0690918,0.26275635
12005,1.0095215,-2.0877075,-0.02166748
12006,0.9715271,-1.914978,-0.22491455
12007,0.92178345,-2.1008301,-0.26535034
12008,1.0519409,-1.897583,-0.079040527
12009,1.1424255,-1.8684387,0.009307861
12010,1.1328125,-1.8284607,-0.36529541
12011,1.0693359,-1.7962646,-0.259552
12012,1.2155151,-1.7390442,-0.31341553
12013,1.063385,-1.603241,-0.45196533
12014,1.1935425,-1.6287231,-0.38452148
12015,1.1114502,-1.5354919,-0.34912109
12016,1.1547852,-1.5800476,-0.45394897
12017,1.1083984,-1.5254211,-0.21972656
12018,1.1071777,-1.6424561,-0.3678894
12019,1.1233521,-1.4978027,-0.097045898
12020,0.98968506,-1.3885498,-0.21957398
12021,1.1094666,-1.2805176,-0.37567139
12022,1.0839844,-1.259613,-0.45837402
12023,1.2023926,-1.1358643,-0.54412842
12024,1.1038208,-1.2062073,-0.60714722
12025,1.1193848,-1.1393738,-0.49804688
12026,1.078949,-1.0476685,-0.54138184
12027,1.0592651,-1.0232544,-0.81466675
12028,1.088562,-0.96160889,-0.75622559
12029,1.0470581,-0.88348389,-0.66116333
12030,1.2202454,-0.80947876,-0.80505371
12031,0.99151611,-0.82229614,-0.86166382
12032,1.1618042,-0.72891235,-0.99243164
12033,1.0498047,-0.62973022,-1.0479736
12034,0.99624634,-0.64239502,-1.0671997
12035,0.91918945,-0.47286987,-0.76812744
12036,0.91064453,-0.55114746,-1.1482239
12037,0.81192017,-0.32974243,-1.0853577
12038,0.93215942,-0.38742065,-1.1909485
12039,0.8531189,-0.3062439,-1.0836792
12040,0.7699585,-0.27404785,-1.0702515
12041,0.81863403,-0.18127441,-1.1929321
12042,0.84609985,-0.17532349,-1.0839844
12043,0.65063477,-0.21072388,-1.0977173
12044,0.6640625,-0.14846802,-1.2358093
12045,0.65063477,-0.052337646,-1.3168335
12046,0.5758667,-0.001831055,-1.3916016
12047,0.5847168,0.029296875,-1.2504578
12048,0.3894043,-0.12649536,-1.4573669
12049,0.50003052,0.00793457,-1.5945435
12050,0.55603027,0.13549805,-1.547699
12051,0.46340942,0.15380859,-1.2910461
12052,0.50567627,0.19287109,-1.146698
12053,0.35491943,0.29190064,-0.97885132
12054,0.26397705,0.36712647,-1.2930298
12055,0.23132324,0.340271,-1.1654663
12056,0.12069702,0.41229248,-1.2695313
12057,0.19134522,0.42175293,-1.3237
12058,-0.11993408,0.42816162,-1.0934448
12059,0.13397217,0.54702759,-1.2355041
12060,0.043945313,0.61523438,-1.2887573
12061,0.055999756,0.80627441,-1.3192749
12062,0.13381958,0.89950562,-1.1802673
12063,-0.040588379,0.9262085,-1.1668396
12064,-0.16601563,0.89172363,-1.3803101
12065,-0.22888184,0.84609985,-1.0417175
12066,-0.23162842,0.83023071,-1.0397339
12067,-0.38040161,0.652771,-1.4382935
12068,-0.32226563,0.73547363,-1.2059021
12069,-0.47302246,0.7510376,-1.0917664
12070,-0.62728882,0.98266602,-0.95565796
12071,-0.59173584,0.95733643,-1.1280823
12072,-0.68191528,1.02005,-0.96008301
12073,-0.71716309,1.1181641,-1.1196899
12074,-0.60852051,1.006012,-1.022644
12075,-0.85159302,1.0432434,-0.9841919
12076,-0.91415405,1.078186,-0.89004517
12077,-0.91247559,1.0890198,-0.93353272
12078,-0.93200684,1.1752319,-0.85693359
12079,-0.99746704,1.2475586,-0.70175171
12080,-1.0446167,1.184082,-0.67459106
12081,-1.1056519,1.1973572,-0.60775757
12082,-1.0333252,1.1291504,-0.75042725
12083,-1.1349487,1.144104,-0.48309326
12084,-1.1090088,1.0693359,-0.51834106
12085,-1.2957764,0.93399048,-0.66390991
12086,-1.133728,1.1895752,-0.45837402
12087,-1.153717,1.0112,-0.26184082
12088,-1.3111877,0.97412109,-0.4876709
12089,-1.5332031,0.93200684,-0.36346436
12090,-1.3717651,1.0635376,-0.30273438
12091,-1.4822388,1.0528564,-0.27587891
12092,-1.4427185,1.0809326,-0.15686035
12093,-1.5693665,1.0195923,-0.13076782
12094,-1.517334,0.95001221,-0.11199951
12095,-1.6001892,1.0809326,0.12802124
12096,-1.6905212,1.0169983,0.15106201
12097,-1.746521,1.1543274,0.16357422
12098,-1.799469,0.91491699,0.084533691
12099,-1.7381287,1.1019897,0.2192688
12100,-1.6061401,1.038208,0.31555176
12101,-1.8856812,0.87402344,0.27832031
12102,-1.8273926,0.85006714,0.40542603
12103,-1.907959,0.9538269,0.37185669
12104,-1.9297791,0.8013916,0.49438477
12105,-1.9465637,0.96038818,0.49118042
12106,-1.7340088,0.86975098,0.51727295
12107,-1.9503784,0.91842651,0.63110352
12108,-1.7723084,0.83129883,0.5783081
12109,-1.9102478,0.79589844,0.56274414
12110,-2.0132446,0.66192627,0.6602478
12111,-2.0365906,0.85418701,0.74462891
12112,-2.1528625,0.62835693,0.52902222
12113,-2.1221924,0.65185547,0.65093994
12114,-2.0533752,0.58349609,0.31433106
12115,-1.9769287,0.53253174,0.60119629
12116,-1.9999695,0.39749145,0.49942017
12117,-2.0172119,0.42648315,0.90362549
12118,-1.9293213,0.28152466,0.8605957
12119,-2.0083618,0.3125,0.81817627
12120,-1.9554138,0.24963379,0.98587036
12121,-2.0239258,0.17669678,1.1813354
12122,-1.8917847,0.076141357,1.144104
12123,-1.8661499,0.056915283,1.1671448
12124,-1.8106079,0.045471191,1.0908508
12125,-1.8222046,-0.16815185,0.97702026
12126,-1.9261169,-0.11795044,0.98190308
12127,-1.8920898,-0.11566162,1.3369751
12128,-1.8742371,-0.27908325,1.3891602
12129,-1.8966675,-0.16677856,1.5200806
12130,-1.7843628,-0.30212402,1.1624146
12131,-1.7507935,-0.3427124,1.2556458
12132,-1.9976807,-0.51651001,1.3279724
12133,-1.8981934,-0.64483643,1.8431091
12134,-1.736908,-0.55831909,1.6027832
12135,-1.7417908,-0.6439209,1.8798828
12136,-1.6415405,-0.56274414,1.7002869
12137,-1.5545654,-0.60897827,1.7025757
12138,-1.5905762,-0.78521728,1.3946533
12139,-1.7424011,-0.95779419,1.7973328
12140,-1.5588379,-0.89416504,1.4515686
12141,-1.5855408,-0.94161987,1.6969299
12142,-1.5817261,-0.81939697,1.262207
12143,-1.6317749,-0.99777222,2.0272827
12144,-1.4332581,-0.99822998,1.2593079
12145,-1.4189148,-1.0620117,1.5498352
12146,-1.4616394,-1.2309265,1.4871216
12147,-1.3514709,-1.401825,0.85800171
12148,-1.2496948,-1.2904358,1.0777283
12149,-1.4318848,-1.3700867,1.5454102
12150,-1.3218689,-1.4331055,1.186676
12151,-1.2251282,-1.5974426,1.3987732
12152,-1.2948608,-1.5687561,1.2190247
12153,-1.2210083,-1.6375732,1.7028809
12154,-1.2017822,-1.4265442,1.750946
12155,-1.0498047,-1.4682007,1.7176819
12156,-1.0157776,-1.4128113,1.6291809
12157,-1.0496521,-1.4022827,1.8032837
12158,-0.80718994,-1.6300964,1.6226196
12159,-0.74951172,-1.7814636,1.6348267
12160,-0.65048218,-1.7306519,1.7936707
12161,-0.6552124,-1.8440247,1.7207336
12162,-0.69488525,-1.7199707,1.7469788
12163,-0.54504394,-1.9537354,1.8444824
12164,-0.52536011,-2.0246887,1.594696
12165,-0.42266846,-1.8870544,1.5036011
12166,-0.47103882,-1.7979431,1.6264343
12167,-0.34454346,-1.8464661,1.6088867
12168,-0.37322998,-1.9299316,1.5350342
12169,-0.27160644,-2.1411133,1.4390564
12170,-0.20065308,-2.1104431,1.5014648
12171,-0.18554688,-2.2370911,1.3493347
12172,-0.060882568,-2.1212769,1.4154053
12173,-0.03112793,-2.122345,1.4550781
12174,-0.077209473,-1.9763184,1.315918
12175,0.11077881,-1.9987488,1.2744141
12176,0.021362305,-2.0625305,1.1221313
12177,0.069885254,-2.1290588,1.2329102
12178,0.29129028,-2.0857239,1.2265015
12179,0.16723633,-2.1994019,1.0035706
12180,0.19668579,-2.2595215,1.0649109
12181,0.22918701,-2.1331787,1.0443115
12182,0.33096314,-2.0495605,0.95031738
12183,0.3956604,-2.0849609,0.69900513
12184,0.38284302,-2.1124268,0.71563721
12185,0.44708252,-2.1069336,0.64178467
12186,0.44586182,-2.0481873,0.7182312
12187,0.55755615,-2.0466614,0.69061279
12188,0.54199219,-2.069397,0.57006836
12189,0.53482056,-1.9790649,0.43029785
12190,0.50064087,-2.0405579,0.39932251
12191,0.69503784,-2.1315002,0.31173706
12192,0.62576294,-2.1839905,0.28198242
12193,0.77667236,-2.0310974,0.3477478
12194,0.73852539,-2.0906067,0.33691406
12195,0.95336914,-1.9320679,0.40313721
12196,0.72753906,-1.8267822,0.34454346
12197,0.80886841,-1.9308472,0.31723022
12198,0.96984863,-1.8795776,0.21484375
12199,0.83297729,-1.8974304,0.19317627
12200,0.88821411,-1.9857788,0.36804199
12201,0.98892212,-1.937561,0.065917969
12202,1.005249,-1.6833496,0.011901855
12203,1.027832,-1.743927,-0.014648438
12204,1.0328674,-1.8713379,-0.12771606
12205,1.0253906,-1.8499756,-0.001983643
12206,1.1257935,-1.6421509,-0.33813477
12207,0.95825195,-1.7108154,-0.20431519
12208,1.0296631,-1.6775513,-0.28045654
12209,1.1853027,-1.5731812,-0.26473999
12210,1.159668,-1.651001,-0.17578125
12211,1.08078,-1.4828491,-0.22735596
12212,1.1270142,-1.678009,-0.50750732
12213,1.1499023,-1.5335083,-0.5480957
12214,1.0508728,-1.4248657,-0.8203125
12215,1.1306763,-1.2583923,-0.47592163
12216,1.0917664,-1.2199402,-0.99060059
12217,1.2167358,-1.2284851,-0.68588257
12218,1.2106323,-1.23703,-0.95535278
12219,1.1473084,-1.1906433,-0.91278076
12220,1.1488342,-1.0758972,-0.67230225
12221,1.1331177,-1.2164307,-0.79452515
12222,1.1299133,-1.0453796,-0.83831787
12223,1.0600281,-1.0820007,-0.82870483
12224,1.1434937,-0.9614563,-0.8404541
12225,1.0308838,-0.90148926,-0.82458496
12226,1.0557556,-0.94238281,-0.86029053
12227,1.1030579,-0.88012695,-0.86364746
12228,1.083374,-0.85617065,-0.96466065
12229,0.93688965,-0.83999634,-0.8366394
12230,0.91018677,-0.50796509,-0.88729858
12231,0.83587647,-0.61981201,-0.85189819
12232,0.87738037,-0.4208374,-0.94711304
12233,0.80780029,-0.27084351,-0.96572876
12234,0.65429688,-0.26351929,-1.0392761
12235,0.69030762,-0.26519775,-1.0925293
12236,0.78125,-0.17654419,-1.1013794
12237,0.75531006,-0.28717041,-1.2838745
12238,0.70114136,-0.079498291,-1.3247681
12239,0.71533203,0.036773682,-1.1979675
12240,0.59997559,-0.04776001,-1.2088013
12241,0.62744141,-0.037689209,-1.2828064
12242,0.5078125,-0.078125,-1.2145996
12243,0.52505493,-0.16113281,-1.26297
12244,0.45455933,0.11962891,-1.1203003
12245,0.39916992,0.16815185,-1.1711121
12246,0.35705566,0.43136597,-1.1853027
12247,0.30166626,0.33615112,-1.3867188
12248,0.30273438,0.28411865,-1.4170837
12249,0.35293579,0.41381836,-1.3592529
12250,0.34790039,0.50048828,-1.2466431
12251,0.11413574,0.4598999,-1.2670898
12252,0.17593384,0.54992676,-1.2559509
12253,0.00289917,0.64575195,-1.2709045
12254,-0.02243042,0.58654785,-1.5161133
12255,0.035705566,0.48171997,-1.1351013
12256,-0.067138672,0.59417725,-1.2350464
12257,-0.15029907,0.6048584,-1.2638855
12258,-0.11886597,0.74325562,-1.1656189
12259,-0.25482178,0.76583862,-1.1787415
12260,-0.096588135,0.92910767,-0.98022461
12261,-0.2456665,1.008606,-1.0412598
12262,-0.23971558,1.0949707,-0.92697144
12263,-0.43609619,0.98876953,-1.0820007
12264,-0.50750732,1.098175,-0.94314575
12265,-0.55496216,0.8984375,-0.94360352
12266,-0.49194336,0.91644287,-0.8757019
12267,-0.56762695,0.97137451,-0.84381103
12268,-0.61813354,1.1613464,-0.80322266
12269,-0.60852051,1.2324524,-0.77438354
12270,-0.72189331,1.2748718,-0.66558838
12271,-0.8140564,1.2854004,-0.58822632
12272,-0.85083008,1.3241577,-0.56411743
12273,-0.8821106,1.2348938,-0.56213379
12274,-0.92315674,1.2416077,-0.5506897
12275,-0.98724365,1.2368774,-0.49362183
12276,-1.1256409,1.1903381,-0.65551758
12277,-1.1756897,1.2225342,-0.5015564
12278,-1.1764526,1.2437439,-0.44830322
12279,-1.2356567,1.1090088,-0.45852661
12280,-1.171875,1.1499023,-0.40359497
12281,-1.335144,1.186676,-0.31646728
12282,-1.3479614,1.2008667,-0.23986816
12283,-1.3598633,1.3061523,-0.27023315
12284,-1.5008545,1.2005615,-0.59631348
12285,-1.7126465,0.95001221,-0.29510498
12286,-1.6107178,1.0531616,-0.10986328
12287,-1.5925598,1.0925293,0.009307861
12288,-1.4976501,1.1924744,0.11566162
12289,-1.5623474,1.2341309,0.20111084
12290,-1.678772,1.2405396,0.16723633
12291,-1.6566467,1.2049866,0.22994995
12292,-1.7485046,1.18927,0.2973938
12293,-1.7132568,1.0772705,0.31646728
12294,-1.7211914,0.93658447,0.40130615
12295,-1.7854309,0.95703125,0.5078125
12296,-1.7326355,0.93322754,0.47698975
12297,-1.885376,0.92483521,0.53833008
12298,-1.8836975,0.81466675,0.43380737
12299,-2.013092,0.90332031,0.64254761
12300,-1.8214416,0.8039856,0.49819946
12301,-1.8702698,0.85083008,0.675354
12302,-1.9554138,0.95321655,0.65872192
12303,-1.9158936,0.77056885,0.54077148
12304,-2.0840454,0.76934815,0.81604004
12305,-1.9439697,0.61035156,0.7723999
12306,-2.12677,0.61950684,1.0067749
12307,-2.0298767,0.53497315,1.0076904
12308,-2.1482849,0.71289063,1.1465454
12309,-2.0591736,0.46722412,1.1151123
12310,-2.0123291,0.46890259,1.040802
12311,-2.0947266,0.4989624,1.0462952
12312,-2.0285034,0.23223877,1.2416077
12313,-2.0384216,0.31311035,1.2973022
12314,-2.086792,0.22064209,0.91156006
12315,-2.0292664,0.2142334,0.74493408
12316,-2.0706177,0.16662598,1.375885
12317,-2.1307373,0.22735596,1.0597229
12318,-1.9998169,0.011901855,0.46646118
12319,-2.1580505,-0.050964355,0.75927734
12320,-1.8896484,-0.063476563,0.86837769
12321,-1.9462585,-0.22094727,1.5690613
12322,-1.9682312,-0.066223145,1.3485718
12323,-1.8148804,-0.22277832,1.6552734
12324,-1.8276978,-0.16998291,1.681366
12325,-1.9297791,-0.37521362,1.672821
12326,-1.8952942,-0.39260864,1.4564514
12327,-1.8565369,-0.53573608,1.7987061
12328,-1.9082642,-0.58258057,1.7303467
12329,-1.9393921,-0.6489563,1.7903137
12330,-1.9389343,-0.5619812,1.7251587
12331,-1.783905,-0.69122315,1.4505005
12332,-1.6841125,-0.80322266,1.9702148
12333,-1.7303467,-0.61264038,1.7884827
12334,-1.6772461,-0.92163086,1.8113709
12335,-1.6943359,-0.75439453,1.7785645
12336,-1.8840027,-1.088562,1.8307495
12337,-1.8237305,-1.0458374,1.8145752
12338,-1.5803528,-1.2638855,1.8280029
12339,-1.5492249,-1.4302063,1.8045044
12340,-1.5679932,-1.1489868,1.9297791
12341,-1.5567017,-1.3414001,1.9714355
12342,-1.4582825,-1.3540649,2.1096802
12343,-1.3140869,-1.3243103,1.9702148
12344,-1.2545776,-1.5376282,1.9036865
12345,-1.2129211,-1.681366,1.8743896
12346,-1.1932373,-1.6799927,1.9348145
12347,-1.1166382,-1.5612793,1.5361023
12348,-1.0513306,-1.5609741,1.7337036
12349,-0.91644287,-1.6148376,1.6720581
12350,-1.0357666,-1.7720032,1.0263062
12351,-1.0400391,-1.789856,1.5325928
12352,-0.90194702,-1.7271423,1.4620972
12353,-0.8694458,-1.831665,1.7529297
12354,-0.75408935,-1.6975403,1.6929626
12355,-0.78125,-1.7559814,1.8226624
12356,-0.70114136,-1.7155457,1.8132019
12357,-0.54473877,-1.9906616,1.7407227
12358,-0.68908691,-1.8299866,1.8154907
12359,-0.60302734,-1.8711853,1.7807007
12360,-0.63446045,-2.1160889,1.7173767
12361,-0.48461914,-2.2166443,1.65802
12362,-0.46203613,-2.2257996,1.6741943
12363,-0.37643433,-2.2102356,1.6625977
12364,-0.30914307,-2.2163391,1.6238403
12365,-0.19897461,-2.0996094,1.652832
12366,-0.3125,-2.2038269,1.6467285
12367,-0.25466919,-2.3204041,1.3130188
12368,-0.20690918,-2.3239136,1.4971924
12369,0.001525879,-2.3419189,1.4485168
12370,-0.018310547,-2.3542786,1.4247131
12371,0.028381348,-2.2473145,1.41922
12372,0.13122559,-2.2044373,1.3110352
12373,0.29968262,-2.2581482,1.3038635
12374,0.33111572,-2.3168945,1.0600281
12375,0.41198731,-2.34375,1.3024902
12376,0.3213501,-2.2268677,1.0717773
12377,0.52352905,-2.454071,1.1541748
12378,0.49224853,-2.4554443,0.94451904
12379,0.44036865,-2.4081421,1.0177612
12380,0.55480957,-2.3074341,0.95489502
12381,0.49636841,-2.384491,0.86410522
12382,0.61218262,-2.2624207,0.88134766
12383,0.79345703,-2.2792053,0.56152344
12384,0.65948486,-2.2236633,0.72235107
12385,0.831604,-2.2796631,0.72616577
12386,0.81817627,-2.1665955,0.92880249
12387,0.90560913,-2.3301697,0.48583984
12388,0.89920044,-2.3008728,0.25146484
12389,0.96832275,-2.3669434,0.37658691
12390,0.94207764,-2.2598267,0.46081543
12391,0.91613769,-2.142334,0.39337158
12392,0.87585449,-2.0118713,0.32501221
12393,0.96969604,-2.0596313,0.22109985
12394,1.0762024,-2.1159363,0.1638794
12395,0.99609375,-2.1699524,0.068359375
12396,1.0803223,-2.1006775,-0.16998291
12397,1.2133789,-1.9229126,-0.23895264
12398,1.3052368,-1.8896484,-0.065002441
12399,1.0665894,-1.8519592,-0.1423645
12400,1.0868835,-1.9468689,-0.1121521
12401,1.2049866,-1.6914368,-0.22979736
12402,1.3217163,-1.9332886,-0.36087036
12403,1.0778809,-1.7567444,-0.12237549
12404,1.1761475,-1.6671753,-0.21087647
12405,1.1631775,-1.5675354,-0.33416748
12406,1.1886597,-1.6392517,-0.4359436
12407,1.1962891,-1.6766357,-0.42068481
12408,1.1901855,-1.4874268,-0.59265137
12409,1.1824036,-1.443634,-0.62408447
12410,1.2413025,-1.3842773,-0.6880188
12411,1.2854004,-1.2620544,-0.60791016
12412,1.285553,-1.293335,-0.66436768
12413,1.2602234,-1.4022827,-0.75119019
12414,1.26297,-1.321106,-0.74325562
12415,1.2715149,-1.2850952,-0.83175659
12416,1.2135315,-1.2567139,-0.80978394
12417,1.2411499,-0.98190308,-1.1035156
12418,1.156311,-0.81573486,-0.87921143
12419,1.0212708,-0.83572388,-0.69259644
12420,0.99456787,-0.97763062,-0.83999634
12421,0.99960327,-0.806427,-0.86761475
12422,1.0232544,-0.74798584,-0.91079712
12423,1.0583496,-0.76843262,-1.0247803
12424,0.99090576,-0.60821533,-1.1351013
12425,1.1024475,-0.67245483,-1.1766052
12426,1.1250305,-0.52490234,-1.3221741
12427,1.1679077,-0.47058106,-1.2458801
12428,0.94726563,-0.33660889,-1.2576294
12429,0.85266113,-0.39825439,-1.1279297
12430,0.93276978,-0.23803711,-1.3012695
12431,0.76858521,-0.099487305,-1.1752319
12432,0.87371826,-0.20584106,-1.1755371
12433,0.71029663,-0.16433716,-1.3217163
12434,0.66162109,0.004272461,-1.1486816
12435,0.78186035,-0.03036499,-1.2966919
12436,0.81512451,0.081787109,-1.4399719
12437,0.61965942,-0.049133301,-1.5635681
12438,0.6137085,0.022583008,-1.5357971
12439,0.51483154,0.29144287,-1.4794922
12440,0.5557251,0.17715454,-1.5104675
12441,0.47073364,0.32852173,-1.4837646
12442,0.46401978,0.45410156,-1.5057373
12443,0.43823242,0.42953491,-1.4535522
12444,0.45593262,0.44769287,-1.2852478
12445,0.22796631,0.65093994,-1.2896729
12446,0.27801514,0.69396973,-1.366272
12447,0.23406982,0.63568115,-1.5708923
12448,0.16235352,0.78338623,-1.2646484
12449,0.02746582,0.76797485,-1.3420105
12450,-0.011291504,0.99136353,-1.4468384
12451,-0.000305176,0.85800171,-1.2828064
12452,-0.098266602,0.7699585,-1.4137268
12453,-0.25466919,0.88226318,-1.6171265
12454,-0.19943237,0.93032837,-1.3316345
12455,-0.1763916,0.9487915,-1.1853027
12456,-0.27984619,0.89324951,-1.247406
12457,-0.45684814,1.0079956,-1.1218262
12458,-0.43930054,1.1872864,-1.2329102
12459,-0.58547974,1.0728455,-0.97869873
12460,-0.3944397,1.190033,-1.0926819
12461,-0.70205688,1.3406372,-1.1091614
12462,-0.57113647,1.1976624,-1.0774231
12463,-0.61828613,1.2017822,-1.0746765
12464,-0.72021484,1.1412048,-1.0420227
12465,-0.70358276,1.1607361,-1.0043335
12466,-0.77346802,1.2280273,-0.98922729
12467,-0.82397461,1.3038635,-0.87158203
12468,-1.0835266,1.3015747,-0.90148926
12469,-1.0441589,1.3510132,-0.77987671
12470,-1.109314,1.3327026,-0.6628418
12471,-1.1769104,1.2438965,-0.7131958
12472,-1.2486267,1.1531067,-0.48660278
12473,-1.3079834,1.3298035,-0.43182373
12474,-1.3276672,1.2759399,-0.42160034
12475,-1.3981628,1.45401,-0.46966553
12476,-1.4790344,1.4408875,-0.28945923
12477,-1.504364,1.365509,-0.31433106
12478,-1.4126587,1.3470459,-0.3553772
12479,-1.4891052,1.3768005,-0.32455444
12480,-1.5435791,1.1943054,-0.32272339
12481,-1.6009521,0.92041016,-0.20065308
12482,-1.6255188,1.1405945,-0.25344849
12483,-1.7253113,0.95275879,-0.14434815
12484,-1.7935181,1.0092163,-0.22644043
12485,-1.7727661,1.2359619,0.18997192
12486,-1.8983459,1.244812,0.15838623
12487,-1.8049622,1.289978,0.14099121
12488,-1.7720032,1.2054443,0.24551392
12489,-1.9587708,1.1804199,0.11962891
12490,-2.0013428,0.99807739,0.28198242
12491,-1.9494629,1.0848999,0.19165039
12492,-1.9252014,0.92193603,0.36132813
12493,-2.1009827,0.99685669,0.4019165
12494,-2.0669556,1.1730957,0.57052612
12495,-1.953125,0.95657349,0.45181274
12496,-2.0948792,0.91766357,0.62942505
12497,-2.1328735,0.89767456,0.64559937
12498,-2.0175171,0.98587036,0.4536438
12499,-2.059021,0.87234497,0.73410034
12500,-2.0994568,0.80535889,0.7333374
12501,-2.1636963,0.7951355,0.85449219
12502,-2.1853638,0.66818237,0.92254639
12503,-2.1005249,0.675354,0.67779541
12504,-2.0939636,0.69641113,0.72860718
12505,-2.217865,0.64208984,1.0287476
12506,-2.1151733,0.58486938,0.79986572
12507,-2.1720886,0.59265137,1.1895752
12508,-2.1807861,0.54702759,1.1245728
12509,-2.1813965,0.40863037,1.1729431
12510,-2.1717834,0.35491943,1.1572266
12511,-2.2827148,0.20599365,1.2251282
12512,-2.1585083,0.13381958,1.3873291
12513,-2.0663452,0.18692017,1.3827515
12514,-2.1160889,0.13885498,1.353302
12515,-2.1003723,0.033569336,1.3127136
12516,-2.1520996,-0.091094971,1.5301514
12517,-2.0347595,-0.23513794,1.229248
12518,-2.1517944,-0.24993897,1.4361572
12519,-2.0985413,-0.33874512,1.252594
12520,-1.9061279,-0.36087036,1.4312744
12521,-2.0062256,-0.36376953,1.7050171
12522,-2.1305847,-0.3251648,1.6070557
12523,-1.9683838,-0.4989624,1.5003967
12524,-1.809082,-0.65429688,1.4295959
12525,-2.0837402,-0.52932739,1.3433838
12526,-1.9250488,-0.62744141,1.5237427
12527,-1.8862915,-0.71014404,1.5016174
12528,-1.8617249,-0.80429077,1.6595459
12529,-1.9761658,-0.86914063,1.5209961
12530,-1.8089294,-0.94482422,1.8930054
12531,-1.7671204,-0.76644897,1.7950439
12532,-1.8270874,-0.92025757,1.8199158
12533,-1.8161011,-0.98007202,1.8310547
12534,-1.6801453,-1.0618591,1.8579102
12535,-1.8719482,-1.1488342,1.9464111
12536,-1.5533447,-1.2063599,1.7362976
12537,-1.5226746,-1.3749695,1.5759277
12538,-1.6542053,-1.5046692,1.4471436
12539,-1.4465332,-1.5473938,1.5997314
12540,-1.4518738,-1.5496826,1.5901184
12541,-1.3446045,-1.4311218,1.6860962
12542,-1.2367249,-1.5684509,1.8113709
12543,-1.3153076,-1.6581726,2.051239
12544,-1.1398315,-1.6653442,1.7649841
12545,-1.0931396,-1.6255188,1.842804
12546,-1.0450745,-1.7225647,2.0219421
12547,-1.0296631,-1.8569946,2.0306396
12548,-1.1386108,-2.4235535,2.286377
12549,-0.97244263,-2.0768738,1.5782166
12550,-0.78689575,-2.3051453,1.8066406
12551,-0.92788696,-2.1284485,1.8881226
12552,-0.71121216,-1.9471741,1.8417358
12553,-0.64498901,-2.0837402,1.9433594
12554,-0.546875,-2.0957947,1.8182373
12555,-0.38330078,-2.0777893,1.9293213
12556,-0.52276611,-1.9578552,1.9364929
12557,-0.28076172,-2.0166016,1.8060303
12558,-0.31906128,-2.1400452,1.5945435
12559,-0.284729,-2.2587585,1.6543579
12560,-0.4309082,-2.3078918,1.6403198
12561,-0.33325195,-2.2770691,1.5684509
12562,-0.15991211,-2.2149658,1.7710876
12563,-0.053710938,-2.1652222,1.734314
12564,-0.005340576,-2.1389771,1.5936279
12565,0.016021729,-2.2122192,1.4944458
12566,0.063018799,-2.3353577,1.4767456
12567,-0.011749268,-2.4223328,1.4888
12568,0.10757446,-2.4493408,1.44104
12569,0.13061523,-2.4845886,1.4955139
12570,0.17211914,-2.4189758,1.3838196
12571,0.22644043,-2.4359131,1.2283325
12572,0.22949219,-2.3765564,1.2373352
12573,0.22323608,-2.3127747,1.1988831
12574,0.28366089,-2.3092651,1.0752869
12575,0.36590576,-2.2392273,1.0620117
12576,0.42282105,-2.2746277,1.0253906
12577,0.48065186,-2.3135376,0.95108032
12578,0.62362671,-2.3162842,0.78063965
12579,0.56686401,-2.2288513,0.79742432
12580,0.62011719,-2.2285461,0.70098877
12581,0.63659668,-2.3173523,0.59188843
12582,0.69946289,-2.2045898,0.65429688
12583,0.74050903,-2.1080017,0.70922852
12584,0.89324951,-2.2637939,0.54260254
12585,0.83175659,-2.310791,0.52047729
12586,0.94238281,-2.3291016,0.38330078
12587,0.9954834,-2.3054504,0.36605835
12588,0.94924927,-2.3101807,0.3503418
12589,1.0879517,-2.1759033,0.32653809
12590,1.1199951,-2.0530701,0.26763916
12591,1.3119507,-2.1098328,0.23849487
12592,1.1610413,-2.0083618,0.1864624
12593,1.1721802,-2.0471191,0.02166748
12594,1.2020874,-2.1070862,0.052337646
12595,1.1654663,-2.1479797,0.045776367
12596,1.2677002,-2.0848083,-0.1322937
12597,1.2475586,-1.9755554,-0.08605957
12598,1.2823486,-1.7825317,-0.18966675
12599,1.2062073,-1.6455078,-0.25131226
12600,1.3079834,-1.6792297,-0.37780762
12601,1.2097168,-1.6107178,-0.24749756
12602,1.2527466,-1.6960144,-0.35491943
12603,1.2731934,-1.5789795,-0.50613403
12604,1.2960815,-1.6549683,-0.46142578
12605,1.2962341,-1.5582275,-0.52612305
12606,1.2882996,-1.5368652,-0.51651001
12607,1.3313293,-1.5167236,-0.51574707
12608,1.2733459,-1.4503479,-0.52856445
12609,1.089325,-1.4379883,-0.59753418
12610,1.1108398,-1.3366699,-0.97900391
12611,1.2181091,-1.2789917,-0.76904297
12612,1.2419128,-1.4910889,-0.86380005
12613,1.1862183,-1.0595703,-0.7107544
12614,1.1773682,-1.0742188,-0.70159912
12615,1.1981201,-1.1869812,-0.78277588
12616,1.124115,-1.1801147,-1.1608887
12617,1.171875,-0.89904785,-0.99746704
12618,1.1830139,-0.76324463,-1.084137
12619,1.1849976,-0.5456543,-1.0974121
12620,1.0513306,-0.47058106,-0.99609375
12621,1.1836243,-0.49224853,-1.1967468
12622,1.0861206,-0.4296875,-1.1605835
12623,1.0035706,-0.21453857,-1.1791992
12624,1.0043335,-0.31829834,-1.212616
12625,0.94741821,-0.46218872,-1.1485291
12626,0.99594116,-0.30258179,-1.4654541
12627,1.0353088,-0.18005371,-1.3064575
12628,0.8493042,-0.037384033,-1.2870789
12629,0.7888794,-0.13442993,-1.2295532
12630,0.84243774,-0.061035156,-1.3117981
12631,0.78948975,0.088195801,-1.2530518
12632,0.95687866,-0.012817383,-1.3037109
12633,0.88577271,-0.13656616,-1.4343262
12634,0.71456909,-0.098571777,-1.5133667
12635,0.59936523,0.066375732,-1.3571167
12636,0.59005737,0.03036499,-1.5087891
12637,0.61065674,0.37490845,-1.5795898
12638,0.42892456,0.18341065,-1.5255737
12639,0.45959473,0.14221191,-1.4608765
12640,0.57983398,0.41229248,-1.302948
12641,0.37475586,-0.28045654,-1.3839722
12642,0.36331177,-0.39581299,-1.4671326
12643,0.29037476,0.41946411,-1.3583374
12644,0.23742676,0.63522339,-1.3426209
12645,0.21194458,0.53970337,-1.2765503
12646,0.18569946,0.69992065,-1.3690186
12647,0.14648438,0.41641235,-1.2606812
12648,0.062255859,0.85693359,-1.2704468
12649,-0.037078857,0.88943481,-1.4056396
12650,-0.06652832,0.62225342,-1.2840271
12651,-0.29602051,0.63232422,-1.3374329
12652,-0.21530151,0.89401245,-1.2156677
12653,-0.20599365,0.83816528,-1.2702942
12654,-0.37536621,0.86181641,-1.0668945
12655,-0.37658691,0.83114624,-1.2542725
12656,-0.51956177,0.90484619,-1.129303
12657,-0.53588867,1.0783386,-1.0147095
12658,-0.58517456,1.1856079,-0.98815918
12659,-0.64956665,1.3415527,-0.91003418
12660,-0.66040039,1.4097595,-0.91186523
12661,-0.82061768,1.2094116,-1.0359192
12662,-0.78063965,1.3064575,-0.82855225
12663,-0.88562012,1.1807251,-0.90698242
12664,-0.9262085,1.1810303,-0.70510864
12665,-0.87371826,1.3134766,-0.76507568
12666,-1.0888672,1.1833191,-0.78155518
12667,-1.0623169,1.3775635,-0.77011108
12668,-1.2142944,1.2432861,-0.71243286
12669,-1.1761475,1.25,-0.62423706
12670,-1.1408997,1.2615967,-0.62744141
12671,-1.1151123,1.2734985,-0.60195923
12672,-1.2461853,1.2011719,-0.39352417
12673,-1.408844,1.224823,-0.39993286
12674,-1.4689636,1.2486267,-0.30471802
12675,-1.4294434,1.1651611,-0.2923584
12676,-1.4170837,1.1299133,-0.27770996
12677,-1.5724182,0.29830933,-0.52124023
12678,-1.6029358,1.1906433,-0.23925781
12679,-1.5328979,1.1877441,-0.38208008
12680,-1.6020203,1.1503601,0.008544922
12681,-1.8106079,1.2600708,0.1248169
12682,-1.7744446,1.116333,-0.25909424
12683,-1.7318726,1.0848999,-0.01663208
12684,-1.8423462,1.1961365,0.11047363
12685,-1.7481995,1.1878967,0.18997192
12686,-1.7889404,1.100769,0.23590088
12687,-1.942749,1.1398315,0.34851074
12688,-1.9578552,0.9324646,0.37017822
12689,-2.0932007,1.0884094,0.4850769
12690,-2.0687866,1.1024475,0.45730591
12691,-2.0932007,0.8215332,0.39306641
12692,-1.9993591,0.84991455,0.58868408
12693,-2.0471191,0.78430176,0.49697876
12694,-2.0959473,0.82489014,0.52108765
12695,-1.9897461,0.7421875,0.5267334
12696,-2.1166992,0.94314575,0.76324463
12697,-2.09198,0.73120117,0.7345581
12698,-2.1334839,0.67932129,1.0108948
12699,-2.2315979,0.52490234,0.86624146
12700,-2.2210693,0.68145752,0.98220825
12701,-2.1641541,0.60791016,1.0932922
12702,-2.1505737,0.56274414,1.0916138
12703,-2.1208191,0.54931641,1.1727905
12704,-2.2550964,0.50186157,1.2322998
12705,-2.2671509,0.39260864,1.2280273
12706,-2.2817993,0.39901733,1.3015747
12707,-2.2502136,0.35140991,1.4233398
12708,-2.2097778,0.35049439,1.5037537
12709,-2.0733643,0.12145996,1.2260437
12710,-2.0123291,0.11779785,1.3314819
12711,-1.9161987,0.10223389,1.0726929
12712,-2.0980835,0.052947998,1.4996338
12713,-2.0372009,-0.029296875,1.1526489
12714,-2.0223999,-0.13870239,1.4900208
12715,-2.0211792,-0.26748657,1.4875793
12716,-2.1005249,-0.10650635,1.6040039
12717,-2.0066833,-0.35369873,1.5951538
12718,-1.9993591,-0.16372681,1.6845703
12719,-2.1487427,-0.44296265,1.5982056
12720,-1.8580627,-0.38909912,1.6122437
12721,-2.0996094,-0.6338501,1.7219543
12722,-2.0004272,-0.39428711,1.7462158
12723,-1.9540405,-0.48797607,1.9996643
12724,-1.882782,-0.63552856,1.8865967
12725,-1.9161987,-0.56793213,2.0248413
12726,-1.7697144,-0.75027466,1.7819214
12727,-1.7384338,-1.0359192,1.7366028
12728,-1.6352844,-1.1303711,1.7619324
12729,-1.8403625,-1.0046387,1.7776489
12730,-1.7999268,-1.1703491,1.8254089
12731,-1.7301941,-1.1044312,1.9718933
12732,-1.7025757,-1.1392212,1.8496704
12733,-1.8597412,-1.3064575,1.9047546
12734,-1.6792297,-1.4312744,1.8344116
12735,-1.5319824,-1.3963318,2.1047974
12736,-1.6281128,-1.6001892,2.1646118
12737,-1.4096069,-1.5475464,2.0446777
12738,-1.3896179,-1.6162109,2.0922852
12739,-1.3145447,-1.5356445,2.0124817
12740,-1.0993958,-1.567688,2.0001221
12741,-1.076355,-1.6441345,1.8739319
12742,-1.0636902,-1.728363,1.5802002
12743,-1.0888672,-1.8315125,1.8513489
12744,-1.1102295,-1.7066956,1.8960571
12745,-0.93902588,-1.6674805,1.8994141
12746,-0.7925415,-1.675415,1.7893982
12747,-0.78170776,-1.7428589,1.907196
12748,-0.831604,-1.8493652,1.8914795
12749,-0.77697754,-1.9322205,1.8902588
12750,-0.63583374,-2.0205688,1.9215393
12751,-0.62072754,-1.9969177,1.8998718
12752,-0.68893433,-2.1014404,1.8209839
12753,-0.57098389,-1.9168091,1.8182373
12754,-0.51651001,-1.9946289,1.743927
12755,-0.47332764,-2.0623779,1.8473816
12756,-0.48675537,-2.1139526,1.8226624
12757,-0.33432007,-2.2080994,1.7214966
12758,-0.31463623,-2.1655273,1.6365051
12759,-0.3175354,-2.3521423,1.5431213
12760,-0.18966675,-2.1948242,1.5255737
12761,-0.209198,-2.2731018,1.5725708
12762,-0.11474609,-2.1392822,1.4285278
12763,-0.09262085,-2.257843,1.4398193
12764,-0.040435791,-2.3014832,1.4053345
12765,0.18417358,-2.2688293,1.4082336
12766,0.12298584,-2.2868347,1.4051819
12767,0.087280273,-2.5021362,1.317749
12768,0.16693115,-2.3861694,1.2686157
12769,0.20111084,-2.4266052,1.2161255
12770,0.51513672,-2.2538757,1.1914063
12771,0.34301758,-2.4137878,1.2619019
12772,0.42221069,-2.2293091,1.2065125
12773,0.50674438,-2.2421265,1.1843872
12774,0.54214478,-2.2189331,0.96389771
12775,0.59371948,-2.2331238,0.94970703
12776,0.55587769,-2.2241211,0.91430664
12777,0.59341431,-2.1470642,0.80810547
12778,0.65979004,-2.1438599,0.80230713
12779,0.67825317,-2.3161316,0.64971924
12780,0.87707519,-2.252655,0.66482544
12781,0.87020874,-2.2833252,0.6173706
12782,0.87493897,-2.472229,0.41946411
12783,0.78338623,-2.41745,0.54611206
12784,0.79589844,-2.1871948,0.2784729
12785,0.87158203,-2.1347046,0.27404785
12786,1.1506653,-2.003479,0.3477478
12787,1.0151672,-1.9828796,0.12054443
12788,0.9803772,-2.1548462,0.18356323
12789,1.1782837,-2.1313477,0.25161743
12790,1.1793518,-2.1075439,0.16372681
12791,1.2289429,-2.0599365,0.006256104
12792,1.2721252,-2.1362305,-0.065917969
12793,1.1474609,-2.019043,-0.13580322
12794,1.1891174,-1.9174194,-0.12161255
12795,1.3117981,-1.8742371,-0.20233154
12796,1.3476563,-1.8936157,-0.18600464
12797,1.3446045,-1.8716431,-0.18875122
12798,1.4105225,-1.6636658,-0.27252197
12799,1.217041,-1.5649414,-0.39718628
12800,1.2991333,-1.5808105,-0.25680542
12801,1.3705444,-1.542511,-0.28259277
12802,1.4080811,-1.5390015,-0.50979614
12803,1.3949585,-1.5132141,-0.51742554
12804,1.3879395,-1.4877319,-0.63659668
12805,1.3995361,-1.4263916,-0.65246582
12806,1.3764954,-1.3232422,-0.68527222
12807,1.3545227,-1.3223267,-0.72128296
12808,1.2710571,-1.3569641,-0.77758789
12809,1.3180542,-1.3163757,-0.84060669
12810,1.2614441,-1.4079285,-1.0115051
12811,1.3517761,-1.2652588,-0.93505859
12812,1.1776733,-1.051178,-0.8682251
12813,1.2684631,-0.92041016,-0.68939209
12814,1.302948,-0.94497681,-1.2115479
12815,1.0534668,-0.90026856,-0.99456787
12816,1.1198425,-0.85067749,-0.96954346
12817,1.083374,-0.70663452,-1.0227966
12818,1.0804749,-0.81253052,-1.1549377
12819,1.1631775,-0.66177368,-1.0264587
12820,0.99594116,-0.47607422,-1.0620117
12821,1.0769653,-0.50338745,-1.1907959
12822,1.0717773,-0.41091919,-1.2733459
12823,1.0180664,-0.52734375,-1.260376
12824,1.0185242,-0.32211304,-1.3699341
12825,0.89797974,-0.35568237,-1.3679504
12826,0.88134766,-0.1802063,-1.3024902
12827,0.91690063,-0.1335144,-1.3766479
12828,0.8517456,-0.1222229,-1.2806702
12829,0.834198,-0.19775391,-1.3920593
12830,0.78918457,-1.015625,-1.2887573
12831,0.6173706,-1.2255859,-1.3093567
12832,0.80917358,-0.86929321,-1.3812256
12833,0.64834595,0.16113281,-1.3902283
12834,0.61386108,0.25421143,-1.2727356
12835,0.72463989,0.17501831,-1.3514709
12836,0.68206787,0.2607727,-1.4678955
12837,0.48904419,0.24261475,-1.4518738
12838,0.56823731,0.41992188,-1.4115906
12839,0.42617798,0.45257568,-1.3658142
12840,0.42007446,0.49530029,-1.3485718
12841,0.2696228,0.4524231,-1.3230896
12842,0.31326294,0.55038452,-1.4378357
12843,0.14968872,0.47576904,-1.362915
12844,0.17364502,0.69259644,-1.5567017
12845,0.095825195,0.75134277,-1.3191223
12846,-0.096740723,0.93231201,-1.2867737
12847,-0.1461792,0.94985962,-1.4448547
12848,-0.13412476,0.92498779,-1.3409424
12849,-0.1524353,1.0617065,-1.3609314
12850,-0.29495239,1.0675049,-1.3658142
12851,-0.14816284,1.0435486,-1.3188171
12852,-0.28060913,1.0409546,-1.2313843
12853,-0.3968811,0.92819214,-1.227417
12854,-0.22216797,0.89920044,-1.1871338
12855,-0.60180664,1.0534668,-1.0147095
12856,-0.66177368,0.9967041,-1.0417175
12857,-0.71212769,1.1103821,-0.79818726
12858,-0.77957153,1.2376404,-0.92391968
12859,-0.64758301,1.2863159,-0.95031738
12860,-0.70526123,1.1421204,-0.94024658
12861,-0.75378418,1.2892151,-0.85006714
12862,-0.89035034,1.2098694,-0.77331543
12863,-0.98724365,1.1756897,-0.74905396
12864,-0.96878052,1.2969971,-0.72540283
12865,-1.0343933,1.3742065,-0.68664551
12866,-1.1274719,1.3752747,-0.62957764
12867,-1.2089539,1.3835144,-0.61782837
12868,-1.3114929,1.2745666,-0.69671631
12869,-1.3227844,1.2980652,-0.75698853
12870,-1.1903381,1.2872314,-0.64666748
12871,-1.4866638,1.2324524,-0.69580078
12872,-1.4202881,1.3227844,-0.49789429
12873,-1.4102173,1.1509705,-0.39764404
12874,-1.5592957,0.94528198,-0.33462524
12875,-1.6104126,1.3482666,-0.32165527
12876,-1.7025757,1.3059998,-0.5241394
12877,-1.6551209,1.2619019,-0.25680542
12878,-1.6748047,1.1865234,-0.1184082
12879,-1.6667175,1.2138367,0.034637451
12880,-1.7495728,1.2533569,-0.54733276
12881,-1.6894531,1.295166,-0.20080566
12882,-1.7140198,1.2765503,0.091705322
12883,-2.0288086,1.2068176,0.2432251
12884,-1.8284607,1.2091064,0.16708374
12885,-1.9340515,1.1288452,0.11810303
12886,-1.9296265,1.0380554,0.2822876
12887,-1.855011,1.164856,0.36178589
12888,-1.9525146,1.1044312,0.3237915
12889,-1.8778992,1.1279297,0.65383911
12890,-1.9367981,0.94329834,0.57128906
12891,-1.8795776,1.0476685,0.77072144
12892,-1.882019,1.0041809,0.62576294
12893,-2.0347595,0.9387207,0.69732666
12894,-2.1359253,0.78720093,0.63247681
12895,-2.1147156,0.72509766,0.71868897
12896,-2.0068359,0.75744629,0.64208984
12897,-2.1278381,0.71456909,0.6161499
12898,-2.2671509,0.58868408,0.69946289
12899,-2.315979,0.61920166,0.84152222
12900,-2.2375488,0.52520752,0.59570313
12901,-2.1882629,0.58380127,1.0461426
12902,-2.2767639,0.54229736,0.96740723
12903,-2.2497559,0.59463501,1.1120605
12904,-2.1795654,0.40771484,1.0171509
12905,-2.2599792,0.46096802,1.2286377
12906,-2.2944641,0.23468018,1.1845398
12907,-2.2822571,0.28884888,1.3374329
12908,-2.2413635,0.26763916,1.2275696
12909,-2.1893311,0.23269653,1.3496399
12910,-2.1812439,0.18981934,1.2854004
12911,-2.1798706,0.057373047,1.3563538
12912,-2.1328735,-0.15838623,1.3420105
12913,-2.1595764,0.00579834,1.4884949
12914,-2.1133423,0.043945313,1.5667725
12915,-2.1652222,-0.21469116,1.5205383
12916,-1.9790649,-0.22094727,1.5966797
12917,-2.1768188,-0.37902832,1.5434265
12918,-1.9033813,-0.28381348,1.8200684
12919,-1.9003296,-0.55175781,1.7840576
12920,-1.8580627,-0.62133789,1.7378235
12921,-2.0214844,-0.50720215,1.8756104
12922,-1.8882751,-0.65658569,1.6275024
12923,-1.6795349,-0.69229126,1.6827393
12924,-1.9422913,-0.73791504,1.5609741
12925,-1.8019104,-0.9854126,1.7344666
12926,-1.8370056,-0.98861694,1.771698
12927,-1.6984558,-0.94284058,1.7256165
12928,-1.6891479,-1.010437,1.658783
12929,-1.6677856,-0.91506958,1.6659546
12930,-1.6209412,-1.0343933,1.791687
12931,-1.4324951,-0.94390869,2.0365906
12932,-1.645813,-1.1010742,1.7817688
12933,-1.4308166,-1.3978577,1.6848755
12934,-1.6390991,-1.312561,1.7607117
12935,-1.4584351,-1.4045715,1.7410278
12936,-1.4302063,-1.5649414,1.8173218
12937,-1.4212036,-1.5991211,1.9692993
12938,-1.2239075,-1.4012146,1.8637085
12939,-1.191864,-1.502533,1.9148254
12940,-1.1535645,-1.3819885,1.9088745
12941,-1.2113953,-1.5242004,1.9361877
12942,-1.068573,-1.5950012,2.0050049
12943,-1.0717773,-1.7398071,1.9107056
12944,-0.91430664,-1.6973877,1.9198608
12945,-0.86547852,-1.8179321,1.88797
12946,-0.79299927,-1.7633057,1.7372131
12947,-0.71533203,-1.8101501,1.7585754
12948,-0.65582275,-1.816864,1.8572998
12949,-0.59143066,-1.9143677,1.8334961
12950,-0.58883667,-1.8826294,1.7933655
12951,-0.57312012,-1.9367981,1.8171692
12952,-0.41519165,-2.0404053,1.7578125
12953,-0.39978027,-2.0518494,1.7687988
12954,-0.40084839,-1.9818115,1.8188477
12955,-0.34454346,-2.0993042,1.6067505
12956,-0.2935791,-2.1574402,1.5400696
12957,-0.26016235,-2.184906,1.5240479
12958,-0.1171875,-2.280426,1.4863586
12959,-0.19866943,-2.1253967,1.6133118
12960,-0.10177612,-1.9902039,1.598053
12961,-0.055847168,-2.1116638,1.4967346
12962,-0.017242432,-2.1577454,1.3331604
12963,0.016784668,-2.1369934,1.3098145
12964,0.1234436,-2.2036743,1.2467957
12965,0.1625061,-2.3448181,1.2197876
12966,0.067443848,-2.3776245,1.3946533
12967,0.30197144,-2.4324036,1.1305237
12968,0.32119751,-2.2546387,1.0054016
12969,0.36087036,-2.4206543,1.08078
12970,0.32867432,-2.1549988,1.0914612
12971,0.25924683,-2.2964478,1.0591125
12972,0.37002564,-2.0678711,1.0137939
12973,0.4560852,-2.3492432,0.94024658
12974,0.59310913,-2.1520996,0.85479736
12975,0.62683106,-2.2897339,0.82946777
12976,0.53253174,-2.2106934,0.82122803
12977,0.61004639,-2.3001099,0.68237305
12978,0.61248779,-2.2511292,0.72738647
12979,0.75149536,-2.3072815,0.6413269
12980,0.79956055,-2.1784973,0.62469482
12981,0.72875977,-2.2111511,0.39978027
12982,0.81207275,-2.2009277,0.52474976
12983,0.74020386,-2.2285461,0.31417847
12984,0.95169067,-2.2036743,0.34683228
12985,0.99243164,-2.1774292,0.36102295
12986,0.97091675,-1.9230652,0.34759522
12987,1.1759949,-1.9192505,0.27053833
12988,1.051178,-2.0210266,0.22033691
12989,1.1541748,-1.9407654,0.17654419
12990,1.0638428,-1.9166565,0.13336182
12991,1.0140991,-1.8739319,0.074157715
12992,1.0566711,-1.9181824,0.16845703
12993,1.1373901,-1.8605041,-0.049743652
12994,1.1392212,-1.8583679,-0.008392334
12995,1.0816956,-1.7837524,-0.15182495
12996,1.1837769,-1.789093,-0.262146
12997,1.0923767,-1.6763306,-0.24795532
12998,1.0508728,-1.6954041,-0.22262573
12999,1.2814331,-1.7111206,-0.31982422
13000,1.0955811,-1.4967346,-0.25878906
13001,1.1201477,-1.4620972,-0.28808594
13002,1.051178,-1.5307617,-0.54779053
13003,1.0180664,-1.4741516,-0.48065186
13004,1.0287476,-1.2915039,-0.42663574
13005,1.0583496,-1.2939453,-0.48873901
13006,1.1170959,-1.3621521,-0.48065186
13007,1.0150146,-1.2539673,-0.58563232
13008,1.1003113,-1.1468506,-0.81665039
13009,1.244812,-1.1410522,-0.65765381
13010,1.1050415,-1.3137817,-0.72250366
13011,1.0598755,-1.0980225,-0.8215332
13012,1.1250305,-1.043396,-0.89508057
13013,1.0317993,-1.020813,-0.72753906
13014,1.0307312,-0.98587036,-0.77865601
13015,0.89126587,-0.86807251,-0.82382202
13016,0.97213745,-0.83892822,-1.0299683
13017,0.89859009,-0.67749023,-0.8682251
13018,0.93109131,-0.54504394,-1.0427856
13019,0.81726074,-0.52551269,-0.95214844
13020,0.97747803,-0.46203613,-1.0600281
13021,0.93887329,-0.46691894,-0.94085693
13022,0.81085205,-0.29388428,-1.0897827
13023,0.77941894,-0.25924683,-1.0784912
13024,0.86013794,-0.2961731,-1.1560059
13025,0.70831299,-0.15975952,-1.060791
13026,0.68634033,-0.085906982,-1.0380554
13027,0.70053101,-0.15960693,-1.1740112
13028,0.62316894,0.017700195,-1.2173462
13029,0.57540894,-0.22232056,-1.1955261
13030,0.56335449,-0.53909302,-1.1491394
13031,0.49865723,-0.15731812,-1.2483215
13032,0.51376343,-0.13641357,-1.0733032
13033,0.33859253,0.30426025,-1.2632751
13034,0.40161133,0.22537231,-1.2518311
13035,0.39611816,0.24291992,-1.2840271
13036,0.40985107,0.48339844,-1.1381531
13037,0.20324707,0.54077148,-1.3258362
13038,0.2607727,0.6048584,-1.1529541
13039,0.11825561,0.38238525,-1.2493896
13040,0.2003479,0.59906006,-1.3320923
13041,0.11123657,0.5355835,-1.101532
13042,0.005340576,0.29327393,-1.2817383
13043,0.029449463,0.39871216,-1.239624
13044,-0.016784668,0.55786133,-1.3298035
13045,-0.14907837,0.79330444,-1.3801575
13046,-0.31707764,0.82641602,-1.1351013
13047,-0.33401489,0.61218262,-1.0791016
13048,-0.21850586,0.67382813,-1.0897827
13049,-0.26504517,1.4837646,-0.9576416
13050,-0.49682617,1.9715881,-0.79040527
13051,-0.55633545,1.6133118,-0.90835571
13052,-0.57403565,2.5062561,-0.8732605
13053,-0.62210083,2.4897766,-1.0075378
13054,-0.63278198,1.9836426,-0.95687866
13055,-0.66619873,2.2843933,-0.85586548
13056,-0.66680908,2.3628235,-0.93032837
13057,-0.81985474,2.0172119,-0.85617065
13058,-0.78857422,1.4825439,-0.79040527
13059,-0.95733643,1.1886597,-0.75820923
13060,-0.96618652,1.0943604,-0.73394775
13061,-1.0322571,1.2023926,-0.69763184
13062,-1.0055542,1.1003113,-0.51727295
13063,-0.95901489,1.1383057,-0.50491333
13064,-1.207428,1.1160278,-0.44830322
13065,-1.1981201,1.1656189,-0.43136597
13066,-1.0870361,1.1566162,-0.34118652
13067,-1.1578369,1.1430359,-0.19958496
13068,-1.2232971,1.1465454,-0.31402588
13069,-1.2814331,1.0791016,-0.56350708
13070,-1.4154053,0.74645996,-0.59524536
13071,-1.5589905,1.1047363,-0.48278809
13072,-1.4250183,1.0722351,-0.16784668
13073,-1.4840698,1.1289978,-0.11047363
13074,-1.5730286,1.2480164,-0.040283203
13075,-1.4306641,1.2167358,-0.18783569
13076,-1.6203308,1.1769104,-0.15594482
13077,-1.5307617,1.1065674,0.00869751
13078,-1.6163635,1.0513306,-0.041503906
13079,-1.7843628,0.95581055,0.030822754
13080,-1.7753601,1.2904358,0.48919678
13081,-1.64505,1.151886,0.29296875
13082,-1.7903137,1.2036133,0.24658203
13083,-1.8661499,1.0244751,0.30456543
13084,-1.8722534,1.1871338,0.39428711
13085,-1.968689,0.95886231,0.39749145
13086,-1.8988037,1.0902405,0.42678833
13087,-2.0629883,0.84167481,0.45196533
13088,-1.9778442,1.0145569,0.50979614
13089,-2.0108032,0.86242676,0.59204102
13090,-2.038269,0.87341309,0.57098389
13091,-1.9567871,0.77072144,0.56015015
13092,-2.0466614,0.69396973,0.71624756
13093,-1.973877,0.73059082,0.80932617
13094,-2.0372009,0.79971313,0.8656311
13095,-2.0637512,0.66940308,0.98083496
13096,-1.8379211,0.69595337,0.89111328
13097,-2.0141602,0.48858643,0.97503662
13098,-1.9877625,0.5392456,0.79147339
13099,-1.9645691,0.44006348,1.1134338
13100,-1.9088745,0.51757813,1.1486816
13101,-1.8945313,0.42678833,1.184082
13102,-1.9073486,0.33691406,1.0279846
13103,-2.1702576,0.18463135,1.1038208
13104,-2.073822,0.062866211,1.1695862
13105,-1.8911743,0.071411133,1.2086487
13106,-1.9354248,-0.009765625,1.1038208
13107,-1.7852783,0.062866211,1.3696289
13108,-1.8952942,0.03112793,1.3487244
13109,-1.8743896,0.016479492,1.5196228
13110,-1.9142151,-0.28121948,1.2930298
13111,-1.9509888,-0.31204224,1.3554382
13112,-2.0074463,-0.42953491,1.4004517
13113,-1.946106,-0.40557861,1.5220642
13114,-1.865387,-0.45898438,1.6796875
13115,-1.7308044,-0.52368164,1.6589355
13116,-1.8603516,-0.77941894,1.750946
13117,-1.8429565,-0.92651367,1.673584
13118,-1.8533325,-0.88592529,1.6571045
13119,-1.6288757,-1.072998,1.651001
13120,-1.8299866,-1.0334778,1.3604736
13121,-1.7539978,-1.1392212,1.6316223
13122,-1.5960693,-0.93505859,1.6023254
13123,-1.615448,-1.1088562,1.7976379
13124,-1.5013123,-1.0682678,1.9296265
13125,-1.441803,-1.1253357,1.545105
13126,-1.3859558,-1.3934326,1.8737793
13127,-1.4035034,-1.1454773,1.8763733
13128,-1.4808655,-1.1460876,1.8745422
13129,-1.386261,-1.0636902,1.7304993
13130,-1.5322876,-1.2599182,1.8475342
13131,-1.4431763,-1.2382507,1.95755
13132,-1.2794495,-1.3113403,1.8434143
13133,-1.1804199,-1.3980103,1.8330383
13134,-1.1828613,-1.3699341,1.7529297
13135,-0.97061157,-1.5109253,1.7756653
13136,-0.95062256,-1.6253662,1.831665
13137,-0.97000122,-1.5653992,1.8751526
13138,-0.9664917,-1.4497375,1.6619873
13139,-1.0105896,-1.5480041,1.8186951
13140,-0.88943481,-1.6381836,1.6548157
13141,-0.82305908,-1.6641235,1.7930603
13142,-0.80123901,-1.7822266,1.7004395
13143,-0.75485229,-1.7150879,1.8513489
13144,-0.69030762,-1.8791199,1.7468262
13145,-0.63583374,-1.9171143,1.5748596
13146,-0.64575195,-1.8363953,1.6955566
13147,-0.48156738,-2.09198,1.5620422
13148,-0.3994751,-1.9619751,1.5039063
13149,-0.32745361,-1.681366,1.4968872
13150,-0.32043457,-2.0599365,1.5432739
13151,-0.28839111,-2.003479,1.5509033
13152,-0.29281616,-2.0555115,1.47995
13153,-0.19378662,-2.1360779,1.4465332
13154,-0.23178101,-2.1842957,1.4424133
13155,-0.09765625,-2.2697449,1.3539124
13156,-0.040893555,-2.3109436,1.3409424
13157,-0.04776001,-2.3184204,1.3342285
13158,-0.028686523,-2.3168945,1.295166
13159,-0.012207031,-2.1354675,1.2942505
13160,0.071105957,-2.0874023,1.1793518
13161,0.15686035,-1.4190674,1.2289429
13162,0.13626099,-1.5579224,1.2661743
13163,0.16616821,-1.716156,1.125946
13164,0.25283814,-2.1185303,1.1854553
13165,0.28549194,-2.1354675,1.1091614
13166,0.33355713,-2.0526123,0.98907471
13167,0.40176392,-2.0840454,0.89370728
13168,0.41763306,-2.155304,0.99090576
13169,0.5305481,-2.2497559,0.84167481
13170,0.54199219,-2.1566772,0.71334839
13171,0.51147461,-2.0922852,0.6741333
13172,0.57006836,-1.8260193,0.81802368
13173,0.63858032,-1.3357544,0.65139771
13174,0.6892395,-1.0667419,0.56671143
13175,0.67901611,-1.9952393,0.76202393
13176,0.7975769,-2.2834778,0.45715332
13177,0.84197998,-2.285614,0.62103272
13178,0.85037231,-2.3323059,0.51467896
13179,0.90270996,-2.3162842,0.24871826
13180,0.77819824,-2.1890259,0.40985107
13181,0.90087891,-2.2952271,0.22491455
13182,1.0513306,-2.0347595,0.18661499
13183,0.83465576,-2.1308899,0.085449219
13184,0.84487915,-2.149353,0.25405884
13185,1.1540222,-2.0210266,0.1260376
13186,1.0253906,-1.9836426,0.097503662
13187,1.105957,-1.8173218,0.078735352
13188,0.92880249,-1.932373,0.10116577
13189,1.1096191,-2.0916748,-0.081939697
13190,1.0688782,-2.0178223,-0.1210022
13191,0.89675903,-1.7947388,-0.25100708
13192,1.1552429,-1.8766785,-0.29266357
13193,1.0014343,-1.7042541,-0.087127686
13194,1.1196899,-1.638031,-0.20202637
13195,0.99792481,-1.4161682,-0.48965454
13196,0.95825195,-0.56457519,-0.5519104
13197,1.1776733,-0.72021484,-0.39703369
13198,1.0572815,-1.2887573,-0.51559448
13199,1.0638428,-1.2217712,-0.4977417
13200,1.0908508,-1.2193298,-0.69702148
13201,1.2542725,-1.206665,-0.68725586
13202,1.1047363,-1.2025452,-0.58517456
13203,1.0704041,-1.1000061,-0.60897827
13204,1.0720825,-0.95413208,-0.84899902
13205,1.0342407,-0.9841919,-0.79940796
13206,1.0206604,-0.85693359,-0.76400757
13207,0.9866333,-0.79147339,-0.9060669
13208,0.96099853,-0.80718994,-0.68527222
13209,0.87203979,-0.52474976,-0.83312988
13210,0.9463501,-0.54534912,-1.1245728
13211,0.90560913,0.73638916,-1.1477661
13212,0.91278076,-0.30807495,-1.2159729
13213,0.95275879,-0.5368042,-1.1416626
13214,0.94329834,-0.53329468,-1.0592651
13215,0.99761963,-0.44616699,-1.0903931
13216,0.77941894,-0.48233032,-1.2117004
13217,0.72128296,-0.56259155,-1.1308289
13218,0.79269409,-0.28991699,-1.1993408
13219,0.76538086,-0.25802612,-1.0292053
13220,0.63659668,-0.50460815,-1.0939026
13221,0.7220459,-0.27374268,-0.93856812
13222,0.75164795,-0.23193359,-1.1460876
13223,0.63903809,-0.13549805,-1.3157654
13224,0.58837891,-0.35400391,-1.466217
13225,0.43045044,-0.2734375,-1.2982178
13226,0.38986206,0.033874512,-1.1895752
13227,0.35903931,0.06942749,-1.2788391
13228,0.45257568,0.14923096,-1.0531616
13229,0.40771484,1.7051697,-1.2930298
13230,0.2003479,1.9204712,-1.1839294
13231,0.28808594,1.7428589,-1.2614441
13232,0.31036377,0.37231445,-1.2593079
13233,0.1789856,0.47729492,-1.2567139
13234,0.11367798,0.46279907,-1.1605835
13235,0.12939453,1.1578369,-1.1164856
13236,0.047454834,1.8902588,-0.98800659
13237,-0.065155029,1.7826843,-1.1418152
13238,-0.14846802,1.1906433,-1.3088989
13239,-0.1222229,0.68664551,-1.0830688
13240,-0.19760132,0.70877075,-1.222229
13241,-0.3288269,0.73745728,-1.1691284
13242,-0.33843994,0.59906006,-1.1859131
13243,-0.34393311,0.67520142,-1.2060547
13244,-0.40176392,0.71731567,-1.1019897
13245,-0.45959473,0.74310303,-1.0649109
13246,-0.57434082,0.84030151,-0.98373413
13247,-0.74035644,0.95336914,-0.95794678
13248,-0.59555054,1.0791016,-0.87142944
13249,-0.76858521,1.1395264,-0.89172363
13250,-0.77087402,1.1312866,-0.76278687
13251,-0.86120606,1.0743713,-0.75668335
13252,-0.90316772,0.9413147,-0.62942505
13253,-0.9324646,0.90423584,-0.67901611
13254,-0.90087891,1.1105347,-0.6867981
13255,-0.82901001,0.67565918,-0.65338135
13256,-0.94833374,0.93582153,-0.65429688
13257,-1.1404419,1.1146545,-0.55206299
13258,-1.0774231,1.0522461,-0.69473267
13259,-1.2464905,0.57388306,-0.62225342
13260,-1.2556458,0.95458984,-0.71014404
13261,-1.2260437,0.7321167,-0.49316406
13262,-1.3043213,1.1491394,-0.38574219
13263,-1.4428711,0.9916687,-0.40466309
13264,-1.4678955,2.4531555,-0.34011841
13265,-1.4225769,2.0581055,-0.23345947
13266,-1.5203857,1.2316895,-0.35507202
13267,-1.5853882,0.95855713,-0.20492554
13268,-1.6093445,1.0400391,-0.10498047
13269,-1.7050171,1.0786438,-0.047912598
13270,-1.6426086,1.2905884,0.015716553
13271,-1.6706848,1.05896,0.15884399
13272,-1.6314697,0.94726563,0.088348389
13273,-1.7991638,0.95779419,0.27557373
13274,-1.6697693,0.94085693,0.18188477
13275,-1.6333008,1.0786438,0.18280029
13276,-1.5612793,1.0766602,0.28579712
13277,-1.6574097,0.89492798,0.20690918
13278,-1.6300964,0.95184326,0.49591064
13279,-1.9361877,0.79711914,0.40908814
13280,-2.0045471,0.68008423,0.49911499
13281,-1.9522095,0.82946777,0.48477173
13282,-1.9012451,0.88027954,0.54046631
13283,-1.9384766,0.91064453,0.55908203
13284,-1.8421936,0.75820923,0.92697144
13285,-1.9467163,0.53665161,0.8493042
13286,-1.8991089,0.24932861,0.78338623
13287,-1.9552612,0.046234131,0.90255737
13288,-1.9534302,0.56610107,0.79650879
13289,-2.1096802,-0.17456055,0.806427
13290,-1.9973755,0.20126343,0.72891235
13291,-1.9841003,0.12268066,0.96221924
13292,-1.9198608,0.23834228,0.98327637
13293,-1.8664551,0.27236939,1.2101746
13294,-2.0123291,0.20812988,0.97610474
13295,-2.0968628,-0.036010742,1.1457825
13296,-1.9293213,0.022277832,1.270752
13297,-1.9714355,0.12710571,1.3543701
13298,-2.0326233,0.04119873,1.3179016
13299,-1.9793701,-0.018920898,1.2913513
13300,-2.1099854,-0.030517578,1.4280701
13301,-1.9143677,-0.16159058,1.259613
13302,-1.9004822,-0.30181885,1.4187622
13303,-2.020874,-0.60195923,1.6300964
13304,-1.9342041,-0.63812256,1.678772
13305,-1.8334961,-0.58532715,1.582489
13306,-1.8786621,-0.47668457,1.7330933
13307,-1.8887329,-0.70709228,1.4422607
13308,-1.9755554,-0.49682617,1.8786621
13309,-1.9184875,-0.58425903,1.7294312
13310,-1.8099976,-0.76293945,1.6653442
13311,-1.9421387,-0.69442749,1.8066406
13312,-1.8191528,-0.67306519,1.8632507
13313,-1.7289734,-0.73165894,1.9111633
13314,-1.6513062,-1.4001465,1.842041
13315,-1.870575,-1.4646912,1.79245
13316,-1.6514587,-1.5681458,2.0275879
13317,-1.6340637,-1.1480713,1.8048096
13318,-1.6140747,-1.6331482,1.811676
13319,-1.5690613,-1.6970825,1.6107178
13320,-1.4839172,-1.7694092,1.8054199
13321,-1.5882874,-1.3165283,1.9540405
13322,-1.5686035,-2.283783,1.9325256
13323,-1.46698,-1.9158936,1.8911743
13324,-1.5579224,-2.5332642,1.8928528
13325,-1.2879944,-2.4285889,1.9247437
13326,-1.307373,-2.2892761,1.8078613
13327,-1.2316895,-2.1513367,1.8035889
13328,-1.1639404,-2.1311951,1.8461609
13329,-1.1862183,-2.0477295,2.0317078
13330,-1.1595154,-1.7016602,1.7675781
13331,-1.2054443,-1.6403198,1.6801453
13332,-1.0314941,-1.438446,1.8031311
13333,-1.1013794,-1.5765381,1.887207
13334,-1.0812378,-1.6403198,1.8667603
13335,-1.0426331,-1.7643738,1.738739
13336,-0.81207275,-1.7243958,1.6918945
13337,-0.91064453,-1.9682312,1.8754578
13338,-0.70343018,-1.9218445,1.7802429
13339,-0.70114136,-2.0166016,1.5063477
13340,-0.53253174,-2.0355225,1.6744995
13341,-0.51025391,-2.1589661,1.6792297
13342,-0.47409058,-2.1066284,1.9476318
13343,-0.44754028,-2.1572876,1.4978027
13344,-0.37536621,-2.0298767,1.723175
13345,-0.28900147,-2.0646667,1.6905212
13346,-0.24902344,-2.1585083,1.6517639
13347,-0.23330688,-2.2091675,1.6371155
13348,-0.17456055,-2.2555542,1.5371704
13349,-0.16433716,-2.2676086,1.6040039
13350,-0.11276245,-2.1289063,1.502533
13351,-0.079803467,-2.1287537,1.3366699
13352,-0.036468506,-2.1858215,1.3262939
13353,-0.029296875,-2.1847534,1.3146973
13354,0.062255859,-2.2299194,1.3075256
13355,0.096588135,-2.4586487,1.3067627
13356,0.23132324,-2.4665833,1.2568665
13357,0.34606934,-2.5682068,1.1383057
13358,0.1965332,-2.3513794,1.0197449
13359,0.35934448,-2.3657227,0.96923828
13360,0.44021606,-2.3101807,0.94787598
13361,0.48095703,-2.4028015,0.89096069
13362,0.35430908,-2.6869202,0.74645996
13363,0.50720215,-2.3320007,0.8291626
13364,0.62637329,-2.24823,0.84701538
13365,0.61004639,-2.1676636,0.86074829
13366,0.62469482,-2.2254944,0.70800781
13367,0.72067261,-2.2119141,0.68847656
13368,0.71121216,-2.489624,0.62042236
13369,0.83114624,-2.303772,0.70953369
13370,0.85357666,-2.4812317,0.54534912
13371,0.84228516,-2.6176453,0.5166626
13372,0.81222534,-2.1481323,0.39367676
13373,0.7749939,-2.2076416,0.40039063
13374,0.89813232,-2.192688,0.062713623
13375,0.99517822,-2.2608948,0.13839722
13376,1.0121155,-2.0681763,0.31829834
13377,1.100769,-2.0266724,0.042877197
13378,0.8631897,-1.9451904,-0.027770996
13379,1.0676575,-1.875,0.059661865
13380,1.1911011,-1.7245483,-0.096435547
13381,1.2016296,-1.7655945,-0.031738281
13382,1.2661743,-1.7349243,-0.20751953
13383,1.068573,-1.7520142,-0.30151367
13384,1.1474609,-1.774292,-0.25299072
13385,1.1529541,-1.7129517,-0.21179199
13386,1.1157227,-1.789093,-0.4423523
13387,1.1462402,-1.4595032,-0.30853272
13388,1.2506104,-1.5061951,-0.43914795
13389,1.1540222,-1.5219116,-0.57296753
13390,1.2309265,-1.6171265,-0.41809082
13391,1.313324,-1.9721985,-0.52581787
13392,1.2002563,-1.7181396,-0.45883179
13393,1.2533569,-1.4414978,-0.53100586
13394,1.2561035,-1.5144348,-0.51208496
13395,1.2019348,-1.3433838,-0.8102417
13396,1.2286377,-1.7263794,-0.74310303
13397,1.1689758,-1.3600159,-0.60272217
13398,1.2133789,0.16983032,-0.69488525
13399,1.0670471,-1.0905457,-0.58624268
13400,1.1399841,-1.0702515,-0.89584351
13401,1.1381531,-1.0723877,-0.88516235
13402,1.1251831,-0.98083496,-0.85205078
13403,1.105957,-0.83374023,-0.86181641
13404,1.0948181,-0.73852539,-0.85662842
13405,1.1230469,-0.71166992,-0.89706421
13406,1.1842346,-0.74066162,-0.95611572
13407,1.0748291,-0.59539795,-1.0443115
13408,1.1427307,-0.56945801,-1.1743164
13409,0.97366333,-0.55755615,-1.2677002
13410,0.97717285,-0.45913696,-1.3850403
13411,0.90164185,-0.46875,-1.3230896
13412,0.92071533,-0.38513184,-1.2579346
13413,1.0131836,-0.32608032,-1.1943054
13414,0.93185425,-0.34576416,-1.2338257
13415,0.91400147,-0.19119263,-1.2623596
13416,0.80657959,-0.13336182,-1.1813354
13417,0.7736206,-0.014648438,-1.2796021
13418,0.62011719,0.19577026,-1.2937927
13419,0.54473877,-0.074920654,-1.5385437
13420,0.54199219,0.055084229,-1.3122559
13421,0.55084228,0.046234131,-1.4152527
13422,0.46081543,0.23925781,-1.3661194
13423,0.45333862,0.31768799,-1.3206482
13424,0.4246521,0.35720825,-1.288147
13425,0.38772583,0.29800415,-1.2030029
13426,0.3477478,0.30441284,-1.2797546
13427,0.40496826,0.33721924,-1.2995911
13428,0.32867432,0.45898438,-1.3371277
13429,0.37277222,0.47302246,-1.3272095
13430,0.1789856,0.39505005,-1.0655212
13431,0.05279541,0.51116943,-1.2162781
13432,-0.11169434,0.48019409,-1.0453796
13433,-0.11047363,0.69641113,-1.0876465
13434,-0.15686035,0.73730469,-1.2199402
13435,-0.19790649,0.74630737,-1.1328125
13436,-0.3024292,0.70800781,-0.97457886
13437,-0.23010254,0.9614563,-0.7913208
13438,-0.24917603,0.93017578,-0.92224121
13439,-0.31616211,1.0011291,-1.0559082
13440,-0.39550781,0.95092773,-1.1941528
13441,-0.26184082,1.0301209,-1.0327148
13442,-0.49255371,1.0186768,-0.88607788
13443,-0.54626465,0.81253052,-1.1021423
13444,-0.69198608,1.0610962,-1.280365
13445,-0.53009033,1.0691834,-0.95581055
13446,-0.73394775,1.0072327,-0.97473144
13447,-0.64086914,1.1256409,-0.93139648
13448,-0.82809448,1.14151,-0.81771851
13449,-0.88226318,1.2680054,-0.72311401
13450,-0.82260132,1.2556458,-0.74523926
13451,-1.0217285,1.3243103,-0.6741333
13452,-1.1352539,1.1454773,-0.56335449
13453,-1.1116028,1.1061096,-0.53970337
13454,-1.2124634,1.3554382,-0.43029785
13455,-1.1982727,1.3807678,-0.36300659
13456,-1.0908508,1.3548279,-0.46432495
13457,-1.3175964,1.2123108,-0.35980225
13458,-1.4205933,1.3485718,-0.29144287
13459,-1.2756348,1.219635,-0.24917603
13460,-1.5254211,1.191864,-0.47332764
13461,-1.5206909,1.0945129,-0.22369385
13462,-1.5429688,0.67764282,-0.60211182
13463,-1.6355896,1.005249,-0.19638062
13464,-1.5232849,1.3224792,-0.048370361
13465,-1.5246582,1.0549927,0.099487305
13466,-1.6059875,1.162262,0.063171387
13467,-1.603241,1.1192322,0.009918213
13468,-1.6116333,1.1006165,0.18859863
13469,-1.7184448,1.0668945,0.072784424
13470,-1.7507935,1.0961914,0.20645142
13471,-1.8115234,1.0902405,0.14312744
13472,-1.7027283,1.1865234,0.26428223
13473,-1.8557739,1.199646,0.2696228
13474,-1.9747925,1.0415649,0.46157837
13475,-1.925354,0.97808838,0.42922974
13476,-2.0803833,0.91125488,0.37216186
13477,-2.0129395,1.1425781,0.60699463
13478,-1.7829895,0.93261719,0.60699463
13479,-2.0808411,0.83877563,0.73883057
13480,-2.0584106,0.99822998,0.44937134
13481,-1.9754028,0.71777344,0.78033447
13482,-1.9564819,0.58364868,0.81588745
13483,-1.9377136,0.67489624,0.95001221
13484,-1.8896484,0.70037842,0.8430481
13485,-2.0198059,0.60333252,0.84365845
13486,-2.1072388,0.65429688,0.92605591
13487,-2.0700073,0.70404053,0.90789795
13488,-2.0707703,0.55343628,0.95397949
13489,-2.01828,0.39749145,1.048584
13490,-2.076416,0.57174683,1.121521
13491,-2.1151733,0.59875488,1.2324524
13492,-2.0449829,0.12695313,1.0131836
13493,-2.1168518,0.18218994,1.3124084
13494,-2.177887,-0.61264038,1.2716675
13495,-2.0275879,-0.45455933,1.2728882
13496,-2.0001221,-0.64224243,1.4050293
13497,-1.9503784,-0.35797119,1.4823914
13498,-2.0097351,-0.60760498,1.5142822
13499,-1.9885254,-0.34515381,1.4341736
13500,-1.9003296,-0.31814575,1.5310669
13501,-1.9775391,-0.22415161,1.4019775
13502,-1.8743896,-0.32272339,1.5596008
13503,-2.0054626,-0.28137207,1.4511108
13504,-1.852417,-0.33782959,1.7073059
13505,-1.855011,-0.39413452,1.2101746
13506,-1.8450928,-0.37506103,1.6181946
13507,-1.894989,-0.597229,1.5077209
13508,-1.9145203,-0.76004028,1.6130066
13509,-1.8014526,-0.89508057,1.6496277
13510,-1.8417358,-0.82763672,1.7132568
13511,-1.7181396,-0.83251953,1.6986084
13512,-1.5802002,-0.85357666,1.5887451
13513,-1.7442322,-0.96343994,1.9018555
13514,-1.5609741,-1.0632324,1.8453979
13515,-1.3551331,-1.2184143,1.7286682
13516,-1.6290283,-1.2786865,1.8815613
13517,-1.5074158,-1.1953735,1.8415833
13518,-1.5438843,-1.2016296,1.7486572
13519,-1.5844727,-1.1512756,1.7530823
13520,-1.4233398,-1.4607239,1.5870666
13521,-1.3235474,-1.6479492,1.8632507
13522,-1.4183044,-1.5731812,1.8261719
13523,-1.1955261,-1.5856934,1.9259644
13524,-1.1401367,-1.5647888,1.6905212
13525,-1.1816406,-1.8473816,1.8299866
13526,-1.2965393,-2.1482849,1.9282532
13527,-1.4407349,-2.3039246,1.7550659
13528,-1.0826111,-2.4377441,1.7530823
13529,-0.94909668,-1.9006348,1.9311523
13530,-0.97290039,-1.9192505,1.9711304
13531,-0.77911377,-1.847229,1.6918945
13532,-0.69488525,-1.7456055,1.890564
13533,-0.80780029,-1.7976379,1.7895508
13534,-0.5897522,-1.8406677,1.832428
13535,-0.59646606,-1.8933105,1.6860962
13536,-0.45578003,-1.9319153,1.8139648
13537,-0.48599243,-1.9842529,1.6766357
13538,-0.57495117,-2.0272827,1.7779541
13539,-0.50720215,-2.2296143,1.7504883
13540,-0.43746948,-2.2924805,1.6331482
13541,-0.34561157,-2.1820068,1.52771
13542,-0.20187378,-2.1774292,1.5353394
13543,-0.30136108,-2.0137024,1.651001
13544,-0.18341065,-2.2874451,1.6035461
13545,-0.10925293,-2.1257019,1.4300537
13546,-0.054626465,-2.4395752,1.4376831
13547,-0.057983398,-2.4267578,1.5234375
13548,0.003967285,-2.4620056,1.4019775
13549,0.048980713,-2.4073792,1.5753174
13550,0.094909668,-2.2705078,1.4599609
13551,0.10726929,-2.2569275,1.2785339
13552,0.31219482,-2.2506714,1.116333
13553,0.43411255,-2.2113037,0.99395752
13554,0.18005371,-2.2967529,0.96115112
13555,0.29846191,-2.2904968,0.91369629
13556,0.40405273,-2.3204041,0.97793579
13557,0.42449951,-2.2331238,0.76904297
13558,0.57357788,-2.2961426,0.76004028
13559,0.58868408,-2.326355,0.77484131
13560,0.56762695,-2.3100281,0.82275391
13561,0.73928833,-2.2393799,0.93536377
13562,0.7736206,-2.3550415,0.67886353
13563,0.68450928,-2.1929932,0.59402466
13564,0.80581665,-2.2061157,0.68145752
13565,0.97702026,-2.2224426,0.54153442
13566,0.95672607,-2.1058655,0.59173584
13567,0.96664429,-2.250824,0.30334473
13568,0.87661743,-2.0661926,0.29785156
13569,0.88684082,-2.0465088,0.24414063
13570,0.93612671,-2.066803,0.23696899
13571,0.87097168,-2.1842957,0.34973144
13572,1.1325073,-2.1121216,0.23025513
13573,1.0290527,-2.1385193,0.13702393
13574,1.05896,-2.0367432,0.12695313
13575,1.1708069,-2.1231079,0.13977051
13576,1.0777283,-1.8463135,-0.028533936
13577,1.1022949,-1.9296265,0.065155029
13578,1.1769104,-1.8673706,-0.089111328
13579,1.3046265,-1.918335,-0.12145996
13580,1.1218262,-1.7945862,-0.11962891
13581,1.0920715,-1.6261291,-0.2192688
13582,1.1358643,-1.5849304,-0.24597168
13583,1.1816406,-1.5939331,-0.24856567
13584,1.1557007,-1.627655,-0.19500732
13585,1.151123,-1.5686035,-0.23101807
13586,1.2353516,-1.6212463,-0.34118652
13587,1.2097168,-1.5090942,-0.41870117
13588,1.1314392,-1.3124084,-0.52108765
13589,1.1798096,-1.2533569,-0.58349609
13590,1.2236023,-1.2579346,-0.63842773
13591,1.2463379,-1.2846375,-0.76400757
13592,1.2088013,-1.186676,-0.60668945
13593,1.1726379,-1.1880493,-0.78262329
13594,1.0662842,-1.2809753,-0.75332642
13595,1.0620117,-1.1891174,-0.85571289
13596,1.1805725,-1.0876465,-0.7975769
13597,1.2284851,0.03326416,-0.9689331
13598,1.026001,-1.0690308,-0.90789795
13599,1.0420227,-0.72463989,-0.90148926
13600,1.0455322,-0.85266113,-1.0664368
13601,1.023407,-0.69854736,-1.0264587
13602,0.93048096,-0.55130005,-1.0502625
13603,0.95581055,-0.54367065,-1.1709595
13604,0.97808838,-0.52124023,-1.3456726
13605,0.95046997,-0.61157227,-1.1775208
13606,1.0571289,-0.3994751,-1.3452148
13607,0.81619263,-0.2281189,-1.5016174
13608,0.79864502,-0.25634766,-1.4268494
13609,0.85327148,-0.26367188,-1.1755371
13610,0.91644287,-0.2784729,-1.2304688
13611,0.70648193,-0.18920898,-1.2113953
13612,0.67138672,-0.23193359,-1.1546326
13613,0.83435059,-0.044555664,-1.3348389
13614,0.70419312,-0.26672363,-1.3223267
13615,0.69946289,-0.093383789,-1.5713501
13616,0.51223755,0.022583008,-1.3916016
13617,0.52780151,0.16525269,-1.2785339
13618,0.5859375,0.17333984,-1.3830566
13619,0.47927856,0.26306152,-1.4981079
13620,0.50064087,0.33386231,-1.3964844
13621,0.56457519,0.4560852,-1.4141846
13622,0.44372559,0.34240723,-1.3609314
13623,0.34103394,0.47607422,-1.3948059
13624,0.24368286,0.39886475,-1.4294434
13625,0.16113281,0.57891846,-1.3121033
13626,0.24139404,0.67337036,-1.3647461
13627,-0.00289917,0.68435669,-1.3815308
13628,-0.049591064,0.71304321,-1.3607788
13629,0.012969971,0.64102173,-1.3180542
13630,-0.032501221,0.65429688,-1.3803101
13631,-0.089874268,0.76873779,-1.3650513
13632,-0.10864258,0.85708618,-1.2850952
13633,-0.25985718,0.8934021,-1.2115479
13634,-0.29022217,0.96557617,-1.1534119
13635,-0.49530029,0.90270996,-0.86578369
13636,-0.45166016,1.0484314,-1.0598755
13637,-0.49728394,1.2472534,-1.0368347
13638,-0.63110352,1.2936401,-1.0954285
13639,-0.6149292,1.2133789,-1.177063
13640,-0.66268921,1.0934448,-1.1332703
13641,-0.65002441,1.2191772,-0.84915161
13642,-0.73822022,1.3705444,-0.92803955
13643,-0.70068359,1.2411499,-1.0644531
13644,-0.83251953,1.4237976,-0.91888428
13645,-0.85510254,1.4596558,-0.83587647
13646,-0.95733643,1.4054871,-0.9060669
13647,-1.2174988,1.3536072,-0.74035644
13648,-1.0913086,1.3923645,-0.68435669
13649,-1.2336731,1.2167358,-0.53833008
13650,-1.3407898,1.2966919,-0.64208984
13651,-1.3459778,1.3160706,-0.58410644
13652,-1.2496948,1.2013245,-0.5279541
13653,-1.3067627,1.3110352,-0.33279419
13654,-1.3856506,1.0827637,-0.46813965
13655,-1.4682007,1.2013245,-0.4826355
13656,-1.3963318,1.0388184,-0.39581299
13657,-1.4219666,1.2478638,-0.26748657
13658,-1.5991211,1.2336731,-0.17807007
13659,-2.1722412,1.1309814,-0.31829834
13660,-1.8171692,1.3703918,-0.33966064
13661,-1.7929077,0.9298706,-0.12008667
13662,-1.8670654,0.9298706,-0.076446533
13663,-1.809845,2.7883911,0.2029419
13664,-1.8722534,1.1273193,0.036621094
13665,-1.7727661,1.2554932,0.362854
13666,-1.9006348,1.3311768,0.16418457
13667,-1.9500732,1.1445618,0.14831543
13668,-1.9288635,1.1105347,0.23635864
13669,-1.9647217,0.98968506,0.47515869
13670,-1.9158936,1.0958862,0.46508789
13671,-2.1186829,1.09375,0.55908203
13672,-2.1589661,1.0557556,0.68130493
13673,-2.1107483,0.9664917,0.39230347
13674,-2.2895813,0.77850342,0.52124023
13675,-2.1786499,0.44204712,0.97930908
13676,-2.2122192,0.93338013,0.6942749
13677,-2.1624756,0.64605713,0.71517944
13678,-2.1095276,0.77972412,0.71914673
13679,-2.1221924,0.86273193,0.75531006
13680,-2.1665955,0.67962647,0.86196899
13681,-2.1212769,0.52444458,1.1029053
13682,-2.1403503,0.32501221,1.0198975
13683,-2.1853638,0.39398193,1.0076904
13684,-2.2575378,0.26916504,1.0231018
13685,-2.2200012,0.39611816,1.1846924
13686,-2.1495056,0.47225952,1.3117981
13687,-2.2569275,0.35339356,0.96572876
13688,-2.2547913,0.33126831,1.0754395
13689,-2.1516418,0.02822876,1.4051819
13690,-2.0968628,0.14877319,1.4595032
13691,-2.0773315,0.20263672,1.4328003
13692,-2.2186279,0.19683838,1.4576721
13693,-2.1153259,-0.11230469,1.2251282
13694,-2.0478821,-0.038452148,1.1108398
13695,-2.0803833,-0.28106689,1.4770508
13696,-2.1203613,-0.10284424,1.5113831
13697,-2.119751,-0.35522461,1.6134644
13698,-2.0463562,-0.45639038,1.7140198
13699,-2.0603943,-0.22659302,1.4611816
13700,-1.9354248,-0.6552124,1.6584778
13701,-2.0158386,-0.5267334,1.8328857
13702,-1.9848633,-0.61004639,2.0083618
13703,-2.099762,-0.69564819,1.7929077
13704,-2.01828,-0.79788208,1.7131042
13705,-1.9151306,-0.92788696,1.7987061
13706,-1.9366455,-1.0171509,1.8084717
13707,-1.7996216,-1.2724304,1.9242859
13708,-1.9223022,-1.20224,1.8824768
13709,-1.8429565,-1.022644,1.9018555
13710,-1.7076111,-0.9727478,2.0832825
13711,-1.6516113,-1.3232422,2.0669556
13712,-1.7424011,-1.1734009,2.0732117
13713,-1.7723084,-1.3955688,2.1199036
13714,-1.4128113,-1.6418457,2.1330261
13715,-1.5151978,-1.2522888,1.8475342
13716,-1.4814758,-1.474762,2.026062
13717,-1.3873291,-1.5725708,1.940918
13718,-1.2297058,-1.5870666,2.0549011
13719,-1.3397217,-1.499176,2.1105957
13720,-1.2469482,-1.6012573,1.8357849
13721,-1.4047241,-1.6795349,2.1151733
13722,-1.0861206,-1.9929504,1.882782
13723,-1.2094116,-1.6992188,1.6189575
13724,-1.156311,-1.786499,1.9728088
13725,-1.2850952,-2.1005249,1.8858337
13726,-1.1140442,-1.8792725,2.0292664
13727,-1.1367798,-1.9708252,1.9857788
13728,-1.1999512,-1.9740295,1.900177
13729,-0.90316772,-1.9950867,1.9264221
13730,-0.82977295,-2.0118713,1.9496155
13731,-0.83114624,-2.0256042,2.1047974
13732,-0.67520142,-1.9897461,1.9544983
13733,-0.56182861,-1.9094849,2.0278931
13734,-0.4032898,-1.9032288,1.869812
13735,-0.57952881,-2.1224976,1.907959
13736,-0.33798218,-2.1360779,1.729126
13737,-0.29663086,-2.3461914,1.6069031
13738,-0.29693603,-2.467804,1.6543579
13739,-0.25268555,-2.3667908,1.7831421
13740,-0.22628784,-2.4169922,1.3354492
13741,-0.28488159,-2.30896,1.5467834
13742,-0.19836426,-2.2961426,1.5750122
13743,-0.027923584,-2.3728943,1.5190125
13744,0.001983643,-2.4194336,1.6665649
13745,0.048828125,-2.530365,1.5011597
13746,-0.034637451,-2.4613953,1.4703369
13747,0.066375732,-2.3956299,1.3369751
13748,0.22506714,-2.5312805,1.28479
13749,0.28381348,-2.2962952,1.2541199
13750,0.22277832,-2.2158813,1.4041138
13751,0.18508911,-2.4430847,1.3035584
13752,0.31326294,-2.3937988,1.1772156
13753,0.3314209,-2.2900391,0.91567993
13754,0.62438965,-2.4014282,0.94924927
13755,0.57495117,-2.3667908,0.965271
13756,0.50338745,-2.6174927,0.99411011
13757,0.6149292,-2.5909424,0.90621948
13758,0.55618286,-2.5241089,0.68740845
13759,0.66497803,-2.5401306,0.90301514
13760,0.73760986,-2.5422668,0.68893433
13761,0.63400269,-2.4415588,0.58227539
13762,0.85479736,-2.3193359,0.5392456
13763,0.84411621,-2.2592163,0.62423706
13764,0.86761475,-2.2900391,0.46325684
13765,0.89324951,-2.3110962,0.4725647
13766,0.88699341,-2.2650146,0.43212891
13767,0.91995239,-2.3379517,0.3717041
13768,0.91598511,-2.1839905,0.23101807
13769,1.1421204,-2.1713257,0.2772522
13770,1.0852051,-2.1786499,0.19638062
13771,1.1149597,-2.1781921,0.21148682
13772,1.0940552,-2.0980835,0.12176514
13773,1.1587524,-2.0654297,0.05859375
13774,1.2309265,-2.0294189,-0.032043457
13775,1.178894,-1.9494629,-0.10848999
13776,1.3056946,-1.8528748,-0.080566406
13777,1.2260437,-1.6790771,-0.28396606
13778,1.1630249,-1.7489624,-0.22796631
13779,1.3952637,-1.8252563,-0.35629272
13780,1.4300537,-1.7018127,-0.42541504
13781,1.3919067,-1.7344666,-0.39901733
13782,1.3717651,-1.5533447,-0.25497436
13783,1.2532043,-1.5550232,-0.29541016
13784,1.37146,-1.5966797,-0.41290283
13785,1.3131714,-1.5463257,-0.43792725
13786,1.2886047,-1.552124,-0.49468994
13787,1.2667847,-1.5264893,-0.49179077
13788,1.2814331,-1.524353,-0.52566528
13789,1.292572,-1.4718628,-0.54656982
13790,1.3702393,-1.2371826,-0.83435059
13791,1.3114929,-1.1801147,-0.72341919
13792,1.23703,-0.93017578,-0.84564209
13793,1.0876465,-1.1013794,-0.89279175
13794,1.0151672,-0.79788208,-1.0296631
13795,1.0949707,0.56793213,-1.0273743
13796,1.2130737,-0.7371521,-1.1001587
13797,1.1161804,-0.79559326,-1.1325073
13798,1.1177063,-0.82077026,-0.95123291
13799,1.2103271,-0.88562012,-1.1553955
13800,1.2240601,-0.65811157,-1.1540222
13801,1.1274719,-0.69793701,-1.0122681
13802,1.1582947,-0.63278198,-1.1531067
13803,1.0586548,-0.46127319,-1.262207
13804,0.95016479,-0.33096314,-1.1981201
13805,0.98068237,-0.47927856,-1.3218689
13806,0.96694946,-0.22872925,-1.6958618
13807,0.92834473,-0.29373169,-1.4407349
13808,0.81604004,-0.32196045,-1.2680054
13809,1.0015869,-0.2029419,-1.4187622
13810,0.88562012,-0.08895874,-1.4807129
13811,0.7144165,-0.24551392,-1.3981628
13812,0.55892944,-0.22018433,-1.5893555
13813,0.33447266,0.2053833,-1.338501
13814,0.59204102,0.17486572,-1.3238525
13815,0.55786133,0.17456055,-1.2518311
13816,0.5569458,0.32562256,-1.3623047
13817,0.49499512,0.35018921,-1.4408875
13818,0.46905518,0.37246704,-1.4105225
13819,0.43319702,0.44754028,-1.5567017
13820,0.50247192,0.55725098,-1.5454102
13821,0.39733887,0.57113647,-1.3859558
13822,0.36102295,0.47714233,-1.5052795
13823,0.28869629,0.51574707,-1.4648438
13824,0.11428833,0.54855347,-1.3243103
13825,0.22033691,0.67749023,-1.5509033
13826,0.14465332,0.68237305,-1.3282776
13827,0.10803223,0.69290161,-1.4624023
13828,-0.011749268,0.63690185,-1.4562988
13829,-0.15991211,0.72570801,-1.451416
13830,-0.13916016,0.77819824,-1.2817383
13831,-0.16647339,0.8543396,-1.2284851
13832,-0.23956299,0.86029053,-1.1691284
13833,-0.28045654,0.81192017,-1.1654663
13834,-0.30181885,0.92300415,-1.0571289
13835,-0.43426514,1.0505676,-1.0345459
13836,-0.47790527,1.2226868,-1.022644
13837,-0.45227051,1.0914612,-0.92590332
13838,-0.46356201,1.2304688,-0.99472046
13839,-0.61126709,0.98312378,-0.93444824
13840,-0.69229126,1.2637329,-0.95001221
13841,-0.76477051,1.265564,-1.1535645
13842,-0.76263428,1.1659241,-0.9298706
13843,-0.89233398,1.3589478,-0.8656311
13844,-0.96130371,1.4341736,-1.1929321
13845,-1.026001,1.4389038,-0.74157715
13846,-0.89202881,1.4379883,-0.86334228
13847,-1.0630798,1.3519287,-0.93215942
13848,-1.0749817,1.3246155,-0.88241577
13849,-1.2705994,1.3319397,-0.58914185
13850,-1.1283875,1.3122559,-0.64819336
13851,-1.1044312,1.3122559,-0.48736572
13852,-1.2753296,1.4183044,-0.42541504
13853,-1.439209,1.2568665,-0.55023193
13854,-1.5133667,1.3887024,-0.28198242
13855,-2.0480347,0.79177856,-0.79238892
13856,-1.5124512,1.2371826,-0.44113159
13857,-1.4590454,1.3104248,-0.22506714
13858,-1.343689,1.4682007,-0.11779785
13859,-1.6072083,1.0314941,-0.18554688
13860,-1.595459,0.97442627,0.026092529
13861,-1.6838074,1.1018372,-0.12695313
13862,-1.7449951,1.260376,0.034179688
13863,-1.9393921,1.1950684,0.14831543
13864,-1.759491,1.2167358,0.14602661
13865,-1.869812,1.2036133,0.18753052
13866,-1.8992615,1.2078857,0.16937256
13867,-1.8572998,1.1184692,0.22842407
13868,-1.8766785,1.0810852,0.28320313
13869,-1.9400024,1.1154175,0.40222168
13870,-1.9692993,0.98388672,0.5480957
13871,-1.9172668,0.93536377,0.38101196
13872,-1.9775391,0.92971802,0.48675537
13873,-2.0195007,0.96343994,0.55114746
13874,-2.0132446,0.82244873,0.66070557
13875,-2.0823669,0.69992065,0.77545166
13876,-2.0785522,0.66360474,0.77941894
13877,-2.230835,0.62759399,0.83953857
13878,-2.2335815,0.78292847,0.70343018
13879,-2.1174622,0.65689087,0.7359314
13880,-2.0950317,0.60668945,0.67810059
13881,-2.0349121,0.62149048,0.88012695
13882,-2.1330261,0.5392456,0.80322266
13883,-2.0994568,0.60821533,1.0945129
13884,-2.2564697,0.54595947,1.1828613
13885,-2.172699,0.39276123,1.0998535
13886,-2.183075,0.42953491,1.1309814
13887,-2.1069336,0.12786865,1.1988831
13888,-2.13974,0.052642822,1.1950684
13889,-2.1665955,-0.24887085,1.3874817
13890,-2.1252441,0.13336182,1.5266418
13891,-2.1118164,-0.14831543,1.6145325
13892,-2.0574951,-0.001068115,1.3700867
13893,-2.0953369,0.007019043,1.4176941
13894,-1.9741821,-0.15350342,1.6342163
13895,-1.8995666,-0.209198,1.4974976
13896,-2.1315002,-0.40939331,1.5405273
13897,-2.109375,-0.36956787,1.577301
13898,-2.1028137,-0.55801392,1.6368103
13899,-1.9522095,-0.62179565,1.8223572
13900,-1.9226074,-0.6880188,1.6514587
13901,-2.0823669,-0.6137085,1.7733765
13902,-2.0394897,-0.57418823,1.8652344
13903,-1.9442749,-0.4776001,1.7297363
13904,-1.8276978,-0.55480957,1.7584229
13905,-1.7887878,-0.87615967,1.7384338
13906,-1.8450928,-0.86242676,1.8305969
13907,-1.8118286,-0.76843262,1.8751526
13908,-1.7886353,-0.8265686,1.8986511
13909,-1.6708374,-0.82885742,1.9458008
13910,-1.661377,-1.0638428,2.0201111
13911,-1.6137695,-1.0116577,1.9755554
13912,-1.663208,-1.348114,2.0065308
13913,-1.4686584,-1.3249207,2.0770264
13914,-1.6760254,-1.4498901,2.0108032
13915,-1.4703369,-1.2696838,1.9624329
13916,-1.4170837,-1.3569641,1.7878723
13917,-1.2236023,-1.3040161,1.7822266
13918,-1.2542725,-1.4048767,1.9723511
13919,-1.315918,-1.4949036,1.8333435
13920,-1.1656189,-1.3763428,1.8133545
13921,-1.1737061,-1.5083313,1.9503784
13922,-1.1576843,-1.7356873,1.8687439
13923,-1.1520386,-1.7211914,1.7781067
13924,-1.0159302,-1.6270447,2.0428467
13925,-0.98999023,-1.7988586,1.9851685
13926,-0.91888428,-2.0054626,1.9766235
13927,-0.80612183,-2.0059204,1.9398499
13928,-0.81893921,-1.9047546,1.7166138
13929,-0.86257935,-1.8482971,1.8792725
13930,-0.8366394,-1.9224548,1.9509888
13931,-0.58776856,-1.9961548,1.8655396
13932,-0.62362671,-1.8505859,1.9326782
13933,-0.37963867,-1.8852234,1.8591309
13934,-0.46203613,-2.071228,1.7230225
13935,-0.44052124,-2.097168,1.7504883
13936,-0.37826538,-2.144928,1.7181396
13937,-0.24047852,-2.1746826,1.643219
13938,-0.33981323,-2.0347595,1.5733337
13939,-0.25085449,-2.0664978,1.4753723
13940,-0.20080566,-2.2227478,1.395874
13941,-0.19683838,-2.1435547,1.4797974
13942,-0.15884399,-2.1427917,1.449585
13943,-0.09979248,-2.1716309,1.4323425
13944,-0.061950684,-2.4053955,1.2792969
13945,0.02456665,-2.2581482,1.2942505
13946,0.23712158,-2.2361755,1.26297
13947,0.10116577,-2.3321533,1.3517761
13948,0.17654419,-2.336731,1.184845
13949,0.37536621,-2.1520996,1.0902405
13950,0.39810181,-2.1440125,1.1787415
13951,0.4208374,-2.3008728,1.0668945
13952,0.50750732,-2.1542358,1.1978149
13953,0.5657959,-2.1961975,0.97106934
13954,0.51147461,-2.2669983,0.97717285
13955,0.52978516,-2.1594238,0.98388672
13956,0.57846069,-2.2346497,1.0263062
13957,0.75927734,-2.149353,0.90042114
13958,0.64041138,-2.2471619,0.68328857
13959,0.8493042,-2.2294617,0.59677124
13960,0.76522827,-2.4394226,0.60241699
13961,0.92285156,-2.5021362,0.51422119
13962,1.0140991,-2.2865295,0.68328857
13963,0.95230103,-2.3356628,0.42602539
13964,0.96679688,-2.1984863,0.49591064
13965,0.95275879,-2.1751404,0.30319214
13966,0.93231201,-2.1903992,0.25039673
13967,1.0131836,-2.1751404,0.15411377
13968,1.0137939,-2.0835876,0.14129639
13969,1.1402893,-2.0127869,0.12634277
13970,1.0908508,-1.999054,0.2003479
13971,1.1470032,-1.8707275,0.18554688
13972,1.1889648,-1.8109131,0.13412476
13973,1.1114502,-1.9015503,0.10391235
13974,1.199646,-1.7799377,0.077819824
13975,1.2625122,-1.8493652,-0.074310303
13976,1.2588501,-1.6864014,-0.27618408
13977,1.1468506,-1.7266846,-0.12451172
13978,1.1495972,-1.8367004,-0.390625
13979,1.1767578,-1.6876221,-0.49957275
13980,1.1610413,-1.8435669,-0.34698486
13981,1.2088013,-1.6551209,-0.42327881
13982,1.2843323,-1.5661621,-0.45913696
13983,1.2879944,-1.4529419,-0.54550171
13984,1.290741,-1.37146,-0.63568115
13985,1.2477112,-1.2957764,-0.66955566
13986,1.2376404,-1.3639832,-0.48568726
13987,1.2280273,-1.1854553,-0.56686401
13988,1.1479187,-1.3761902,-0.69366455
13989,1.3098145,-1.275177,-0.7875061
13990,1.1853027,-1.1289978,-0.67428589
13991,0.90118408,-1.1842346,-0.67749023
13992,1.2501526,-1.3705444,-0.85952759
13993,1.0491943,-1.0348511,-0.93536377
13994,1.1669922,-0.96496582,-0.68847656
13995,1.1413574,-0.74462891,-0.95321655
13996,1.0339355,-0.64697266,-1.0722351
13997,1.0385132,-0.39077759,-1.0290527
13998,1.0424805,-0.47485352,-1.0122681
13999,1.26297,-0.28442383,-1.2138367
14000,0.93933106,-0.40969849,-1.1717224
14001,1.0229492,-0.47012329,-1.2527466
14002,0.83236694,-0.48065186,-1.0389709
14003,0.85723877,-0.22064209,-1.0554504
14004,0.87265015,-0.30578613,-1.2387085
14005,0.77819824,-0.26153564,-1.0121155
14006,0.74920654,-0.20751953,-1.0253906
14007,0.94314575,-0.062561035,-1.1410522
14008,0.69824219,-0.17364502,-1.1154175
14009,0.77316284,-0.15548706,-1.2997437
14010,0.75210571,0.020294189,-1.3319397
14011,0.026702881,-0.57113647,-1.4523315
14012,-0.023193359,-0.32943726,-1.4910889
14013,0.46524048,0.096130371,-1.2783813
14014,0.43685913,0.15563965,-1.2927246
14015,0.37902832,0.31723022,-1.2489319
14016,0.29724121,0.42327881,-1.2828064
14017,0.26794434,0.32623291,-1.2010193
14018,0.27359009,0.59188843,-1.2094116
14019,0.12405395,0.38543701,-1.2322998
14020,0.16677856,0.35598755,-1.1820984
14021,0.081787109,0.49819946,-1.1242676
14022,0.046386719,0.45425415,-1.2268066
14023,0.11322022,0.58242798,-1.35849
14024,0.019073486,0.47775269,-1.1317444
14025,-0.070495605,0.46447754,-1.0916138
14026,-0.022735596,0.72479248,-1.0948181
14027,-0.45166016,0.86334228,-1.1669922
14028,-0.10818481,0.78811646,-1.2339783
14029,-0.42098999,1.0189819,-1.1700439
14030,-0.38726807,0.94894409,-1.2007141
14031,-0.32684326,1.1239624,-1.1743164
14032,-0.35736084,0.82275391,-1.2210083
14033,-0.50216675,0.93399048,-1.0812378
14034,-0.55648804,0.99700928,-1.1706543
14035,-0.46630859,1.0418701,-0.93917847
14036,-0.64468384,1.1616516,-1.1050415
14037,-0.67184448,1.0952759,-0.97381592
14038,-0.83969116,1.0403442,-0.8505249
14039,-0.77346802,1.0838318,-0.65673828
14040,-0.93017578,0.99365234,-0.73028565
14041,-0.86624146,1.0015869,-0.65460205
14042,-0.91094971,1.0987854,-0.51513672
14043,-0.93978882,1.2826538,-0.61340332
14044,-0.97183228,1.3067627,-0.58578491
14045,-1.0549927,1.2770081,-0.59432983
14046,-1.171875,1.2712097,-0.56671143
14047,-1.1811829,1.1724854,-0.53848267
14048,-1.2690735,1.2768555,-0.51757813
14049,-1.1715698,1.2458801,-0.49636841
14050,-1.3687134,1.2023926,-0.4548645
14051,-1.6569519,0.81665039,-0.69091797
14052,-1.5792847,1.0751343,-0.34042358
14053,-1.7599487,1.1889648,-0.19668579
14054,-1.7370605,1.1715698,-0.082092285
14055,-1.7547607,1.0656738,-0.20767212
14056,-1.676178,1.1927795,-0.064239502
14057,-1.5968323,1.0900879,-0.034484863
14058,-1.5609741,0.81878662,-0.043334961
14059,-1.6015625,0.96466065,0.029296875
14060,-1.713562,1.8717957,0.097961426
14061,-1.7608643,1.1196899,0.1675415
14062,-1.7672729,1.2690735,0.17822266
14063,-1.6999817,1.2026978,0.15579224
14064,-1.8608093,1.0140991,0.20629883
14065,-1.9032288,1.1169434,0.2835083
14066,-1.8460083,1.2098694,0.33782959
14067,-1.9049072,1.0902405,0.4284668
14068,-1.9758606,1.0345459,0.3868103
14069,-1.8960571,0.95718384,0.53344727
14070,-1.9300842,0.84472656,0.3503418
14071,-1.9584656,0.97610474,0.37399292
14072,-1.9169617,0.94726563,0.66802978
14073,-2.0150757,0.87112427,0.59753418
14074,-2.0597839,0.74783325,0.67672729
14075,-2.0684814,0.69992065,0.69381714
14076,-1.8791199,0.63171387,0.89416504
14077,-1.9898987,0.65460205,0.99136353
14078,-1.9517517,0.61035156,0.92712402
14079,-2.0611572,0.49194336,0.9324646
14080,-2.1095276,0.43685913,0.99304199
14081,-2.0672607,0.40222168,1.0693359
14082,-1.9842529,0.39672852,1.0783386
14083,-1.9447327,0.27633667,1.1569214
14084,-2.0031738,0.21331787,1.1715698
14085,-2.0355225,0.087890625,1.1560059
14086,-2.1203613,0.1272583,1.1637878
14087,-2.0658875,0.024261475,1.0823059
14088,-2.0507813,0.12207031,1.2364197
14089,-2.0928955,-0.1473999,1.3510132
14090,-2.1034241,-0.27389526,1.2994385
14091,-2.0449829,-0.18478394,1.4112854
14092,-1.9972229,-0.26763916,1.3032532
14093,-2.0587158,-0.48797607,1.5000916
14094,-1.932373,-0.41320801,1.3612366
14095,-2.0571899,-0.55282593,1.5736389
14096,-1.9859314,-0.47958374,1.7584229
14097,-1.9682312,-0.61904907,1.7866516
14098,-1.7810059,-0.66223144,1.7974854
14099,-1.8650818,-0.59448242,1.8408203
14100,-1.8087769,-0.74523926,1.8501282
14101,-1.8495178,-0.93093872,1.842041
14102,-1.8823242,-0.92819214,1.7007446
14103,-1.6708374,-0.80612183,1.8701172
14104,-1.711731,-0.79681397,1.7739868
14105,-1.6271973,-0.85388184,1.8562317
14106,-1.6059875,-0.83862305,1.8777466
14107,-1.6558838,-0.96633911,1.7579651
14108,-1.7063904,-1.1225891,1.8299866
14109,-1.5696716,-1.0839844,1.8444824
14110,-1.4929199,-1.114502,1.7785645
14111,-1.4938354,-1.3137817,1.8940735
14112,-1.3935852,-1.1724854,1.900177
14113,-1.2944031,-1.5232849,2.0549011
14114,-1.1917114,-1.5133667,2.0458984
14115,-1.2420654,-1.4263916,1.8998718
14116,-1.2942505,-1.54953,2.0161438
14117,-1.2176514,-1.5878296,1.8075562
14118,-1.1738586,-1.5647888,1.8061829
14119,-1.0762024,-1.4532471,1.8096924
14120,-1.0913086,-1.557312,1.940155
14121,-1.0235596,-1.5731812,1.8031311
14122,-0.87646484,-1.7314148,1.8199158
14123,-0.94299316,-1.5698242,1.937561
14124,-0.87356567,-1.7376709,1.8765259
14125,-0.8013916,-1.7210388,1.7504883
14126,-0.78613281,-1.9992065,1.7724609
14127,-0.67352295,-2.0091248,1.6690063
14128,-0.61950684,-2.0082092,1.6912842
14129,-0.70129394,-1.9865417,1.5031433
14130,-0.5935669,-1.9599915,1.6864014
14131,-0.5116272,-1.9796753,1.6633606
14132,-0.3994751,-1.9616699,1.6590881
14133,-0.27313232,-2.1508789,1.6703796
14134,-0.24749756,-2.1470642,1.661377
14135,-0.1826477,-2.2613525,1.5351868
14136,-0.15518188,-2.3033142,1.40625
14137,-0.13183594,-2.1762085,1.3943481
14138,-0.094299316,-2.1508789,1.4178467
14139,-0.051422119,-2.1507263,1.4202881
14140,0.021514893,-2.2010803,1.3594055
14141,0.067138672,-2.2267151,1.4077759
14142,0.068359375,-2.2824097,1.2322998
14143,0.057220459,-2.3602295,1.2689209
14144,0.13854981,-2.3492432,1.2316895
14145,0.23468018,-2.3196411,1.1878967
14146,0.23468018,-2.2575378,1.0328674
14147,0.40222168,-2.2346497,1.0676575
14148,0.32897949,-2.1194458,0.909729
14149,0.37384033,-2.0495605,0.8757019
14150,0.39825439,-2.1885681,0.90072632
14151,0.50918579,-2.0930481,0.9928894
14152,0.47119141,-2.1139526,0.80566406
14153,0.44174194,-2.2331238,0.77178955
14154,0.6552124,-2.2434998,0.84442139
14155,0.55709839,-2.2421265,0.85220337
14156,0.71472168,-2.1638489,0.68984985
14157,0.75714111,-2.0649719,0.61813354
14158,0.72998047,-1.9810486,0.48919678
14159,0.78521728,-2.0974731,0.46203613
14160,0.87051392,-2.0993042,0.38406372
14161,0.87280273,-2.0436096,0.37445068
14162,0.76049805,-2.0120239,0.18447876
14163,0.82855225,-1.9848633,0.25650024
14164,0.86273193,-1.9085693,0.10498047
14165,0.83099365,-1.887207,0.039367676
14166,0.9286499,-1.8333435,0.2053833
14167,0.94543457,-1.9023132,0.027160645
14168,1.0412598,-1.8791199,0.19515991
14169,0.96252441,-1.8284607,0.18035889
14170,1.0432434,-1.6891479,-0.097045898
14171,1.1068726,-1.7028809,-0.081481934
14172,1.0810852,-1.7160034,-0.043487549
14173,1.1239624,-1.653595,-0.20751953
14174,0.98602295,-1.7747498,-0.38787842
14175,1.0675049,-1.8426514,-0.29724121
14176,1.0992432,-1.5771484,-0.23254395
14177,1.1210632,-1.5859985,-0.31906128
14178,1.1123657,-1.5408325,-0.1159668
14179,1.2542725,-1.4523315,-0.36987305
14180,1.1141968,-1.3882446,-0.45303345
14181,1.096344,-1.4477539,-0.5770874
14182,0.99853516,-1.3928223,-0.5670166
14183,0.98449707,-1.3557434,-0.41290283
14184,1.2115479,-1.1430359,-0.56274414
14185,1.0214233,-1.1158752,-0.59829712
14186,1.0992432,-1.091156,-0.69458008
14187,0.95535278,-1.0670471,-0.7359314
14188,1.1720276,-1.0063171,-0.7522583
14189,0.9916687,-0.90576172,-0.85189819
14190,1.0644531,-1.1463928,-0.75805664
14191,0.95596313,-1.2127686,-0.77102661
14192,0.91506958,-0.14419556,-0.79925537
14193,0.89309692,-0.82519531,-0.88684082
14194,0.88134766,-0.7963562,-1.0258484
14195,0.93612671,-0.67367554,-1.0804749
14196,0.86486816,-0.48583984,-1.0754395
14197,0.90179443,-0.38543701,-1.0960388
14198,0.90393066,-0.40527344,-1.1799622
14199,0.87524414,-0.36865234,-1.2199402
14200,0.80474853,-0.31204224,-1.1540222
14201,0.78186035,-0.30395508,-1.1569214
14202,0.75836182,-0.25146484,-1.2472534
14203,0.74066162,-0.15045166,-1.3220215
14204,0.71060181,-0.065460205,-1.2471008
14205,0.68161011,-0.043792725,-1.2023926
14206,0.67825317,-0.023040771,-1.2023926
14207,0.58349609,0.070648193,-1.2571716
14208,0.44204712,0.19363403,-1.3787842
14209,0.31265259,-0.009765625,-1.4053345
14210,0.27648926,0.043182373,-1.3999939
14211,0.26794434,0.13824463,-1.2147522
14212,0.30517578,0.23849487,-1.1683655
14213,0.30853272,0.3477478,-1.1437988
14214,0.24108887,0.55725098,-1.1572266
14215,0.2835083,0.5519104,-1.0958862
14216,0.31402588,0.68023682,-1.0691834
14217,0.17776489,0.59326172,-1.1579895
14218,0.16372681,0.48400879,-1.156311
14219,-0.16815185,0.47088623,-1.2309265
14220,-0.41625977,0.57403565,-1.1244202
14221,-0.23101807,0.50811768,-1.2600708
14222,-0.42648315,0.65795898,-1.1717224
14223,-0.28244019,0.65338135,-1.2669373
14224,-0.64193726,0.59814453,-1.0229492
14225,-0.42602539,0.72433472,-1.1213684
14226,-0.20431519,0.96160889,-0.86791992
14227,-0.26168823,0.92788696,-1.0531616
14228,-0.20477295,1.063385,-1.174469
14229,-0.28198242,0.95352173,-0.89660644
14230,-0.42510986,0.93292236,-0.73760986
14231,-0.56015015,0.8279419,-0.72067261
14232,-0.53253174,0.91308594,-0.74798584
14233,-0.53253174,1.108551,-0.78063965
14234,-0.45715332,1.0897827,-0.76278687
14235,-0.55236816,1.0783386,-0.83312988
14236,-0.87997437,0.98693848,-0.81588745
14237,-0.83984375,1.0980225,-0.72814941
14238,-0.97763062,1.0290527,-0.6326294
14239,-0.89004517,1.0264587,-0.69824219
14240,-0.97625732,1.0366821,-0.53359985
14241,-1.0414124,1.0421753,-0.60409546
14242,-1.2304688,1.2130737,-0.59127808
14243,-1.1412048,1.2739563,-0.51651001
14244,-1.1325073,1.2101746,-0.40344238
14245,-1.1938477,1.1871338,-0.32592773
14246,-1.3070679,1.2052917,-0.25970459
14247,-1.2477112,0.98297119,-0.24169922
14248,-1.2226868,0.97702026,-0.25878906
14249,-1.3386536,0.98632813,-0.14953613
14250,-1.4007568,0.89538574,-0.065155029
14251,-1.4585876,0.95428467,0.003814697
14252,-1.51474,1.0183716,0.054016113
14253,-1.6479492,1.0910034,-0.11871338
14254,-1.5887451,1.1584473,0.024108887
14255,-1.5586853,1.0700989,0.077514648
14256,-1.5916443,0.75286865,0.16265869
14257,-1.6490173,0.95108032,0.11474609
14258,-1.7709351,2.2103882,0.27664185
14259,-1.7483521,1.0321045,0.29449463
14260,-1.7681885,0.98846435,0.27389526
14261,-1.8026733,0.9602356,0.39138794
14262,-1.794281,0.9262085,0.34576416
14263,-1.7886353,0.88989258,0.32028198
14264,-1.8869019,0.99578857,0.51513672
14265,-1.855011,0.83557129,0.57128906
14266,-1.8473816,0.71487427,0.58227539
14267,-1.8780518,0.87677002,0.71090698
14268,-1.8112183,0.9336853,0.47714233
14269,-1.8745422,0.60775757,0.57144165
14270,-2.0027161,0.67596435,1.1061096
14271,-1.9429016,0.48278809,0.91415405
14272,-2.0474243,0.50827026,1.1325073
14273,-1.9146729,0.5557251,1.1303711
14274,-2.0031738,0.49346924,1.0653687
14275,-1.9129944,0.40634155,1.027832
14276,-1.937561,0.45120239,0.98602295
14277,-1.8756104,0.41564941,1.1340332
14278,-1.9993591,0.40100098,1.1097717
14279,-2.0475769,0.19927978,1.0691834
14280,-1.9216919,0.084533691,1.1193848
14281,-1.8466187,0.16113281,1.3296509
14282,-1.92276,-0.0390625,1.3160706
14283,-1.9769287,-0.069122314,1.2065125
14284,-1.9021606,0.003967285,1.2435913
14285,-2.015686,-0.19317627,1.4355469
14286,-1.9487,-0.21560669,1.2478638
14287,-1.8574524,-0.009765625,1.5106201
14288,-1.8258667,-0.1461792,1.3682556
14289,-1.8161011,-0.37872314,1.4874268
14290,-1.897583,-0.362854,1.583252
14291,-1.7169189,-0.42221069,1.4050293
14292,-1.8484497,-0.29571533,1.6091919
14293,-1.7630005,-0.67901611,1.6207886
14294,-1.9187927,-0.74188232,1.6937256
14295,-1.8229675,-0.83007813,1.5293884
14296,-1.8283081,-0.70465088,1.672821
14297,-2.000885,-0.82763672,1.802063
14298,-1.8908691,-0.83786011,1.86203
14299,-1.9114685,-0.88058472,1.8696594
14300,-1.8357849,-0.87371826,1.8096924
14301,-1.7468262,-1.2290955,1.8043518
14302,-1.6848755,-1.1929321,1.8838501
14303,-1.5390015,-1.1392212,1.5049744
14304,-1.4910889,-1.1975098,1.7175293
14305,-1.4715576,-1.3499451,1.6235352
14306,-1.2329102,-1.0758972,1.6120911
14307,-1.2353516,-1.1412048,1.7501831
14308,-1.1691284,-1.2313843,1.7254639
14309,-1.1972046,-1.2445068,1.8185425
14310,-1.1558533,-1.5011597,1.9909668
14311,-1.1094666,-1.4682007,1.791687
14312,-1.1349487,-1.6641235,1.7414856
14313,-1.2139893,-1.6413879,1.8026733
14314,-1.1242676,-1.8237305,1.761322
14315,-1.055603,-1.9586182,1.8510437
14316,-0.96405029,-1.6882324,1.829834
14317,-0.85784912,-1.5582275,1.7832947
14318,-0.76461792,-1.7276001,1.7759705
14319,-0.90988159,-1.8107605,1.6525269
14320,-0.74325562,-1.7701721,1.7929077
14321,-0.70114136,-1.7776489,1.6127014
14322,-0.67398071,-1.8563843,1.7422485
14323,-0.60546875,-2.0683289,1.7248535
14324,-0.48736572,-1.9760132,1.6412354
14325,-0.48965454,-1.9976807,1.6012573
14326,-0.41854858,-2.0489502,1.5144348
14327,-0.26947022,-2.0960999,1.5246582
14328,-0.38742065,-2.0185852,1.5658569
14329,-0.37719727,-2.0732117,1.5621948
14330,-0.29724121,-1.993866,1.3877869
14331,-0.11138916,-2.0025635,1.373291
14332,-0.25115967,-2.0803833,1.2489319
14333,-0.009155273,-2.118988,1.506958
14334,-0.057220459,-2.208252,1.3168335
14335,-0.098114014,-2.179718,1.1103821
14336,0.13046265,-2.2257996,1.1665344
14337,0.024261475,-2.2271729,1.0945129
14338,0.1348877,-2.0658875,1.3249207
14339,0.18112183,-2.0417786,1.0864258
14340,0.26367188,-2.0120239,1.0121155
14341,0.31509399,-2.0600891,1.0940552
14342,0.38024902,-2.0475769,1.0612488
14343,0.42419434,-2.0794678,0.89736938
14344,0.41275024,-2.137146,0.89263916
14345,0.52261353,-2.1784973,0.90148926
14346,0.49575806,-2.1861267,0.90423584
14347,0.59005737,-2.2445679,0.72219849
14348,0.58166504,-2.0246887,0.74920654
14349,0.5871582,-2.3904419,0.55923462
14350,0.66177368,-2.1655273,0.45455933
14351,0.60745239,-1.9769287,0.57022095
14352,0.64758301,-2.1104431,0.53955078
14353,0.58959961,-2.0652771,0.38116455
14354,0.58395386,-1.9787598,0.46905518
14355,0.78491211,-2.1829224,0.44021606
14356,0.7383728,-2.1459961,0.28335571
14357,0.88882446,-1.882019,0.030822754
14358,0.70205688,-1.8896484,0.2532959
14359,0.60729981,-1.9604492,0.082397461
14360,0.88272095,-1.8234253,0.27648926
14361,0.85037231,-1.8533325,0.017700195
14362,1.002655,-1.8435669,0.10513306
14363,1.091156,-1.7100525,0.008544922
14364,0.97381592,-1.7147827,0.16021728
14365,1.0362244,-1.557312,-0.055999756
14366,1.2030029,-1.5667725,-0.053863525
14367,0.83938599,-1.7337036,-0.12908935
14368,0.97732544,-1.7533875,-0.16448975
14369,0.9854126,-1.648407,-0.24917603
14370,1.0629272,-1.5808105,-0.19180298
14371,0.98709106,-1.3986206,-0.33615112
14372,0.88531494,-1.4587402,-0.35064697
14373,1.0375977,-1.4413452,-0.38009644
14374,0.99212647,-1.4329529,-0.34011841
14375,1.0456848,-1.3653564,-0.36224365
14376,1.0272217,-1.1170959,-0.47576904
14377,1.1775208,-1.1972046,-0.57861328
14378,1.0269165,-1.0992432,-0.49682617
14379,1.1068726,-0.94085693,-0.5581665
14380,1.0224915,-1.0508728,-0.5871582
14381,1.0446167,-0.94818115,-0.67108154
14382,1.1135864,-0.90148926,-0.86914063
14383,1.1419678,-0.96511841,-0.69793701
14384,1.0646057,-0.78811646,-0.70648193
14385,0.94360352,-0.6451416,-0.71640015
14386,0.94650269,-0.61218262,-0.80108643
14387,0.88424683,-0.51712036,-0.83206177
14388,0.85739136,-0.55206299,-0.88073731
14389,0.85662842,-0.64453125,-1.0501099
14390,0.86914063,-0.39260864,-1.0903931
14391,0.83908081,-0.47912598,-1.1282349
14392,0.84716797,-0.46173096,-1.113739
14393,0.87356567,-0.32699585,-1.1909485
14394,0.88150024,-0.2961731,-1.0762024
14395,0.80978394,-0.18539429,-1.051178
14396,0.73577881,-0.12893677,-1.0522461
14397,0.68328857,-0.10818481,-1.1161804
14398,0.65368652,-0.19119263,-1.3536072
14399,0.62942505,-0.16433716,-1.1778259
14400,0.54519653,-0.087127686,-1.179657
14401,0.40176392,-0.25375366,-1.6801453
14402,0.64758301,0.024871826,-1.4530945
14403,0.46630859,0.01083374,-1.40625
14404,0.57418823,0.06362915,-1.3699341
14405,0.38391113,0.17105103,-1.2002563
14406,0.34072876,0.19546509,-1.1929321
14407,0.24078369,0.30380249,-1.0665894
14408,0.29251099,0.31982422,-1.0664368
14409,0.21362305,0.38085938,-1.1701965
14410,0.20187378,0.48370361,-1.3253784
14411,0.19210815,0.61096191,-1.2402344
14412,0.046539307,0.56518555,-1.1595154
14413,-0.10192871,0.66650391,-1.1064148
14414,-0.007476807,0.74386597,-1.0671997
14415,0.026245117,0.7824707,-1.1604309
14416,-0.15975952,0.71655273,-0.95550537
14417,-0.22369385,0.86929321,-1.053772
14418,-0.17288208,0.66940308,-1.09375
14419,-0.23849487,0.83526611,-1.0447693
14420,-0.2822876,0.74829102,-1.1070251
14421,-0.37094116,0.76843262,-1.0176086
14422,-0.54412842,0.84899902,-0.95336914
14423,-0.54824829,0.85327148,-1.0276794
14424,-0.34103394,0.9765625,-1.0578918
14425,-0.5545044,1.0119629,-1.0675049
14426,-0.62774658,1.0342407,-0.98205566
14427,-0.64575195,1.0606384,-0.88424683
14428,-1.0369873,1.0725403,-0.93200684
14429,-0.66055298,1.2953186,-1.1224365
14430,-1.0168457,1.0523987,-0.67260742
14431,-0.91064453,1.1491394,-0.86898804
14432,-0.97671509,1.1834717,-0.62850952
14433,-1.022644,1.1540222,-0.63934326
14434,-0.98373413,1.2260437,-0.41137695
14435,-1.0864258,1.3545227,-0.45196533
14436,-1.2458801,1.1018372,-0.58288574
14437,-1.0903931,1.0858154,-0.49499512
14438,-1.1618042,1.178894,-0.5065918
14439,-1.214447,1.2736511,-0.3352356
14440,-1.381073,1.1778259,-0.32012939
14441,-1.4367676,1.1042786,-0.31707764
14442,-1.3796997,1.0298157,-0.27297974
14443,-1.3247681,0.98495483,-0.31387329
14444,-1.68396,0.54901123,-0.2079773
14445,-1.6259766,0.96282959,-0.32592773
14446,-1.5956116,0.98510742,0.032958984
14447,-1.5202332,1.1282349,-0.005340576
14448,-1.5080261,1.0345459,0.080566406
14449,-1.5698242,1.1206055,0.075836182
14450,-1.6557312,1.0533142,0.2029419
14451,-1.7160034,1.0064697,0.10864258
14452,-1.8092346,0.82473755,0.17547607
14453,-1.8562317,0.88439941,0.26443481
14454,-1.8746948,0.89706421,0.41717529
14455,-1.9111633,0.64498901,0.45104981
14456,-1.817627,0.66772461,0.42205811
14457,-1.7922974,1.0281372,0.50567627
14458,-1.8180847,0.85784912,0.54534912
14459,-1.9833374,0.77087402,0.73059082
14460,-1.9529724,0.79574585,0.74661255
14461,-1.9064331,0.88775635,0.71258545
14462,-1.8713379,0.82397461,0.69610596
14463,-1.9403076,0.7220459,0.87509155
14464,-2.0301819,0.65353394,0.80810547
14465,-2.0117188,0.74020386,0.77423096
14466,-2.1743774,0.55267334,0.90576172
14467,-1.9877625,0.64453125,0.87875366
14468,-2.1894836,0.68557739,0.91781616
14469,-2.4163818,0.45211792,0.91766357
14470,-1.9810486,0.34851074,1.0752869
14471,-2.3080444,0.4057312,1.1169434
14472,-2.1107483,0.39337158,1.2646484
14473,-2.1836853,0.21194458,1.2319946
14474,-2.2210693,0.087585449,1.3121033
14475,-2.1160889,0.15487671,1.1590576
14476,-1.9450378,0.19363403,1.2321472
14477,-1.9671631,0.13916016,1.3885498
14478,-1.9245911,-0.086975098,1.2759399
14479,-2.1975708,0.036468506,1.2823486
14480,-2.3187256,-0.28488159,1.5655518
14481,-2.4679565,-0.33309936,1.5718079
14482,-2.6274109,-0.33676147,1.4891052
14483,-2.3614502,-0.28869629,1.4822388
14484,-2.4261475,-0.37902832,1.4489746
14485,-2.2361755,-0.45471191,1.6244507
14486,-2.2387695,-0.48355103,1.6757202
14487,-2.0074463,-0.59631348,1.6479492
14488,-1.7941284,-0.47439575,1.6500854
14489,-2.0584106,-0.65689087,1.7221069
14490,-1.77948,-0.63537598,1.5505981
14491,-1.9425964,-0.86853027,1.6757202
14492,-1.7500305,-1.013031,1.7700195
14493,-1.4736938,-0.8984375,1.7692566
14494,-1.9848633,-1.0069275,1.7895508
14495,-1.9003296,-0.85525513,1.9026184
14496,-1.8666077,-0.91079712,1.8841553
14497,-1.7315674,-0.98800659,1.8595886
14498,-1.9320679,-1.04599,1.8292236
14499,-1.7375183,-1.2863159,1.9091797
14500,-1.2454224,-1.3314819,1.7791748
14501,-1.5917969,-1.421814,1.9154358
14502,-1.5435791,-1.4057922,1.9328308
14503,-1.5653992,-1.2963867,1.9367981
14504,-1.6140747,-1.2988281,2.0562744
14505,-1.5080261,-1.4553833,2.0552063
14506,-1.8336487,-1.6914368,1.9606018
14507,-1.1271667,-1.5164185,1.5844727
14508,-1.4477539,-1.6210938,1.7703247
14509,-1.3975525,-1.7979431,1.784668
14510,-1.186676,-1.6789246,1.8539429
14511,-0.912323,-1.7895508,1.8858337
14512,-1.0011291,-1.8676758,1.8052673
14513,-0.85525513,-1.7854309,1.822052
14514,-0.9274292,-1.802063,1.8179321
14515,-0.74371338,-1.9593811,1.7791748
14516,-0.7119751,-1.8696594,1.7932129
14517,-0.70831299,-1.8919373,1.7651367
14518,-0.75744629,-2.0439148,1.6448975
14519,-0.63110352,-1.6159058,1.7628479
14520,-0.72143555,-1.962738,1.8241882
14521,-0.62988281,-1.9692993,1.6790771
14522,-0.58807373,-2.0930481,1.4266968
14523,-0.48309326,-2.1206665,1.5176392
14524,-0.37109375,-2.3588562,1.5864563
14525,-0.25466919,-2.350769,1.552124
14526,-0.27114868,-2.2325134,1.7564392
14527,-0.1335144,-2.4546814,1.4903259
14528,-0.14892578,-2.2193909,1.5136719
14529,0.062866211,-2.1868896,1.6340637
14530,-0.002288818,-2.2439575,1.4741516
14531,0.12710571,-2.3747253,1.4698791
14532,0.067749023,-2.5305176,1.3237
14533,0.18920898,-2.3600769,1.2414551
14534,0.21118164,-2.2668457,1.1367798
14535,0.13824463,-2.4052429,1.1096191
14536,0.31280518,-2.2825623,1.2672424
14537,0.31692505,-2.2312927,1.0046387
14538,0.27130127,-2.2599792,1.1222839
14539,0.25344849,-2.1356201,0.93154907
14540,0.27832031,-2.305603,0.96313477
14541,0.50811768,-2.3399353,0.95916748
14542,0.61218262,-2.2340393,0.79345703
14543,0.60852051,-2.2462463,0.71685791
14544,0.70907593,-2.3422241,0.74539185
14545,0.73150635,-2.3258972,0.73165894
14546,0.72906494,-2.2358704,0.72296143
14547,0.64117432,-2.2584534,0.63018799
14548,0.84167481,-2.1263123,0.54336548
14549,0.72189331,-2.1757507,0.55877685
14550,0.83099365,-2.1440125,0.43258667
14551,0.91308594,-2.1376038,0.26824951
14552,1.0469055,-2.0225525,0.25787353
14553,1.0192871,-2.0658875,0.18035889
14554,1.0217285,-2.1432495,0.18692017
14555,1.0151672,-1.8595886,0.27450561
14556,1.1378479,-1.9979858,0.1373291
14557,1.1842346,-1.9732666,0.23956299
14558,1.2687683,-2.0109558,0.1335144
14559,1.239624,-1.9580078,0.008392334
14560,1.2207031,-1.7436218,-0.34515381
14561,1.3409424,-1.8771362,-0.16204834
14562,1.2672424,-1.8115234,-0.25573731
14563,1.2480164,-1.7723084,-0.28305054
14564,1.2199402,-1.7379761,-0.30090332
14565,1.2872314,-1.7340088,-0.22598267
14566,1.1129761,-1.6098022,-0.22827148
14567,1.2866211,-1.5887451,-0.26260376
14568,1.2393188,-1.3883972,-0.41442871
14569,1.1236572,-1.5034485,-0.52261353
14570,1.1871338,-1.2838745,-0.51223755
14571,1.3937378,-1.5332031,-0.66146851
14572,1.2478638,-1.3049316,-0.72341919
14573,1.0430908,-1.2812805,-0.66268921
14574,1.2088013,-1.1427307,-0.64407349
14575,1.3070679,-1.1050415,-0.69274902
14576,1.25,-1.0125732,-0.92895508
14577,1.2362671,-1.0868835,-0.91186523
14578,1.3819885,-1.0450745,-0.92163086
14579,1.1546326,-0.99563599,-1.0385132
14580,1.0836792,-0.92453003,-0.94146728
14581,1.0591125,-0.87005615,-0.84274292
14582,1.1091614,-0.70220947,-0.93490601
14583,1.0421753,-0.62545776,-1.0173035
14584,1.0041809,-0.58700562,-1.0083008
14585,1.0063171,-0.62713623,-0.99334717
14586,0.96069336,-0.44677734,-1.1206055
14587,0.88226318,-0.46005249,-0.98449707
14588,0.88363647,-0.54748535,-1.0588074
14589,0.909729,0.70678711,-1.2724304
14590,1.0185242,-0.41503906,-1.1378479
14591,0.99441528,-0.12512207,-1.3796997
14592,0.95443726,-0.1373291,-1.2567139
14593,0.78323364,-0.12954712,-1.1929321
14594,0.79208374,0.008544922,-1.2715149
14595,0.70556641,-0.037536621,-1.4367676
14596,0.4914856,-0.50476074,-1.4202881
14597,0.38787842,-0.27526856,-1.1560059
14598,0.38589478,-0.13946533,-1.3380432
14599,0.41198731,0.29190064,-1.2417603
14600,0.51773071,0.39932251,-1.3504028
14601,0.5317688,0.41687012,-1.1138916
14602,0.58258057,0.40374756,-1.3240051
14603,0.46936035,0.41732788,-1.4515686
14604,0.40557861,0.29388428,-1.4768982
14605,0.26473999,0.41107178,-1.4855957
14606,0.24597168,0.51986694,-1.3789368
14607,0.2053833,0.57998657,-1.3546753
14608,0.10665894,0.52841187,-1.3150024
14609,0.081939697,0.73699951,-1.3920593
14610,-0.16021728,0.82275391,-1.2661743
14611,-0.15167236,0.92575073,-1.3899231
14612,-0.10742188,1.0723877,-1.341095
14613,-0.15319824,0.96878052,-1.1991882
14614,-0.17913818,0.94543457,-1.3163757
14615,-0.17379761,1.053772,-1.2277222
14616,-0.31585693,0.96984863,-1.3378906
14617,-0.31555176,0.98770142,-1.0920715
14618,-0.52154541,1.0102844,-1.2271118
14619,-0.43121338,1.0752869,-0.9765625
14620,-0.50003052,1.1080933,-0.97839356
14621,-0.54458618,1.1557007,-1.0804749
14622,-0.61447144,1.1732483,-1.0505676
14623,-0.63583374,1.2979126,-1.1216736
14624,-0.71655273,1.3252258,-1.0144043
14625,-0.79162598,1.3723755,-1.1453247
14626,-0.82382202,1.1947632,-0.90866089
14627,-1.03302,1.3378906,-0.8430481
14628,-1.0150146,1.2992859,-0.84167481
14629,-1.1254883,1.4076233,-0.74035644
14630,-1.0891724,1.4700317,-0.63232422
14631,-1.1671448,1.3763428,-0.63781738
14632,-1.2446594,1.4074707,-0.4637146
14633,-1.2565613,1.4273071,-0.49560547
14634,-1.2574768,1.3583374,-0.49560547
14635,-1.4074707,1.4299011,-0.50811768
14636,-1.499176,1.4120483,-0.33569336
14637,-1.4675903,1.4228821,-0.29571533
14638,-1.4660645,1.3647461,-0.32028198
14639,-1.5078735,1.3375854,-0.24398804
14640,-1.5745544,1.3363647,-0.2772522
14641,-1.628418,0.96633911,-0.29037476
14642,-1.7526245,1.2637329,-0.29464722
14643,-1.7694092,1.2036133,0.018615723
14644,-1.6596985,1.3342285,-0.072174072
14645,-1.6392517,1.3070679,-0.020446777
14646,-1.8373108,1.139679,0.1272583
14647,-1.8106079,1.0572815,0.1272583
14648,-1.9406128,1.1763,0.30319214
14649,-1.9000244,1.2078857,0.1574707
14650,-1.8136597,1.1872864,0.24215698
14651,-1.8583679,1.1793518,0.30166626
14652,-1.8505859,1.1721802,0.41854858
14653,-1.9639587,1.063385,0.39779663
14654,-2.0152283,0.85266113,0.53512573
14655,-2.0651245,1.2939453,0.52047729
14656,-2.0458984,1.0699463,0.49743652
14657,-2.0294189,1.0830688,0.59249878
14658,-1.9274902,0.9185791,0.53771973
14659,-1.8154907,0.79391479,0.78552246
14660,-2.2802734,0.85296631,0.73104858
14661,-2.2528076,0.66009522,0.85205078
14662,-2.0527649,0.82565308,0.77636719
14663,-2.0872498,0.831604,0.8354187
14664,-2.243042,0.57250977,1.0479736
14665,-2.0341492,0.33950806,0.82870483
14666,-2.0410156,0.57937622,0.73318481
14667,-2.1202087,0.35491943,0.95474243
14668,-2.1508789,0.45974731,0.95703125
14669,-2.162323,0.43548584,0.99609375
14670,-2.0568848,0.49636841,1.2568665
14671,-2.0671082,0.19592285,1.1894226
14672,-1.9152832,0.2180481,1.1364746
14673,-2.3960876,-0.097198486,1.2394714
14674,-2.7519226,-0.048828125,1.3537598
14675,-2.0379639,0.074310303,1.4297485
14676,-1.8101501,-0.034637451,1.4126587
14677,-2.0849609,-0.052337646,1.5612793
14678,-1.8963623,-0.1991272,1.5019226
14679,-2.0523071,-0.31448364,1.3725281
14680,-2.0806885,-0.35705566,1.5246582
14681,-1.867981,-0.45562744,1.5971375
14682,-1.9396973,-0.56930542,1.5792847
14683,-2.1208191,-0.48202515,1.804657
14684,-1.9921875,-0.58563232,1.5917969
14685,-1.9772339,-0.61538696,1.8641663
14686,-1.8861389,-0.75973511,1.8055725
14687,-2.147522,-0.55175781,1.9218445
14688,-2.0014954,-0.85235596,1.8421936
14689,-2.1043396,-0.91293335,1.7877197
14690,-1.8548584,-1.038208,1.8572998
14691,-1.9403076,-1.2051392,1.7729187
14692,-2.2659302,-1.2496948,1.9787598
14693,-2.1606445,-1.0992432,1.7285156
14694,-1.9070435,-1.0012817,1.8753052
14695,-1.9267273,-1.1791992,1.9548035
14696,-1.628418,-1.035614,1.938324
14697,-1.5565491,-1.158905,2.0152283
14698,-1.5869141,-1.4324951,2.0753479
14699,-1.3232422,-1.4855957,1.9287109
14700,-1.3233948,-1.8609619,1.9827271
14701,-1.2573242,-1.4956665,1.8664551
14702,-1.3101196,-1.8919373,1.9779968
14703,-1.2266541,-1.690979,1.9018555
14704,-0.94161987,-1.6192627,1.8415833
14705,-0.9236145,-1.4733887,1.8487549
14706,-1.2745666,-1.6299438,1.9659424
14707,-0.90881348,-1.4961243,1.7984009
14708,-1.1146545,-1.6854858,1.9204712
14709,-1.219635,-1.7192078,1.8174744
14710,-0.82962036,-1.8382263,1.8466187
14711,-0.88623047,-2.0524597,1.8690491
14712,-0.81680298,-1.9226074,1.9345093
14713,-0.80688477,-1.9360352,1.8441772
14714,-0.68008423,-2.0610046,1.7941284
14715,-0.58700562,-2.0423889,1.7578125
14716,-0.63934326,-2.04422,1.9189453
14717,-0.55084228,-2.1965027,1.943512
14718,-0.52276611,-2.2183228,1.7456055
14719,-0.45837402,-2.1740723,1.7243958
14720,-0.38818359,-2.4261475,1.6043091
14721,-0.18478394,-2.2671509,1.7883301
14722,-0.14282227,-2.4829102,1.572876
14723,-0.13214111,-2.2982788,1.7602539
14724,0.051574707,-2.4659729,1.423645
14725,-0.18798828,-2.2735596,1.4767456
14726,0.0390625,-2.3339844,1.4924622
14727,0.13168335,-2.3323059,1.5048218
14728,0.09765625,-2.3895264,1.4584351
14729,0.15228272,-2.3886108,1.4804077
14730,0.17456055,-2.4456787,1.421814
14731,0.26428223,-2.5053406,1.1131287
14732,0.33126831,-2.3553467,0.96130371
14733,0.3604126,-2.2865295,1.151123
14734,0.44754028,-2.3677063,1.1280823
14735,0.49240112,-2.371521,1.1407471
14736,0.51422119,-2.2807312,1.063385
14737,0.5519104,-2.1342468,0.97015381
14738,0.55618286,-2.1560669,0.86730957
14739,0.66635132,-2.2029114,0.81436157
14740,0.70953369,-2.2361755,0.73608398
14741,0.75637817,-2.1420288,0.6729126
14742,0.74996948,-2.3197937,0.6867981
14743,0.81985474,-2.1786499,0.56854248
14744,0.85723877,-2.1505737,0.65231323
14745,0.76553345,-2.1688843,0.57037353
14746,0.71212769,-2.2547913,0.61309815
14747,0.89431763,-2.2747803,0.37124634
14748,0.97900391,-2.2120667,0.58563232
14749,0.95809937,-2.1609497,0.32669067
14750,0.97167969,-2.1261597,0.51757813
14751,0.98937988,-2.1589661,0.1612854
14752,1.0791016,-2.0916748,0.1574707
14753,1.2358093,-2.0573425,-0.028076172
14754,1.2983704,-1.8293762,-0.12542725
14755,1.1747742,-2.1331787,-0.009307861
14756,1.2608337,-1.9184875,-0.039672852
14757,1.2939453,-1.6679382,-0.26504517
14758,1.3819885,-1.8652344,-0.31082153
14759,1.2182617,-1.8211365,-0.39016724
14760,1.2335205,-1.9247437,-0.28762817
14761,1.2792969,-1.6815186,-0.22750855
14762,1.2445068,-1.6108704,-0.31387329
14763,1.3514709,-1.6381836,-0.56488037
14764,1.2538147,-1.5219116,-0.68099976
14765,1.4633179,-1.4582825,-0.66574097
14766,1.2974548,-1.4413452,-0.49545288
14767,1.254425,-1.512146,-0.4548645
14768,1.1578369,-1.3201904,-0.52932739
14769,1.2893677,-1.5182495,-0.64437866
14770,1.1689758,-1.1724854,-0.66223144
14771,1.1346436,-1.1712646,-0.68572998
14772,1.3021851,-1.2124634,-0.69274902
14773,1.2110901,-1.1636353,-0.68817139
14774,0.8732605,-1.0871887,-0.74111938
14775,0.95352173,-1.0527039,-0.68466187
14776,1.1758423,-1.0369873,-0.81542969
14777,1.2263489,-0.87585449,-1.0046387
14778,1.2582397,-0.79101563,-1.008606
14779,1.309967,-0.77056885,-0.98526001
14780,1.04599,-0.61035156,-0.95413208
14781,1.2304688,-0.64453125,-1.2213135
14782,1.0081482,-0.75286865,-1.2223816
14783,1.056366,-0.82489014,-1.1831665
14784,1.0092163,-0.46432495,-1.0958862
14785,0.91323853,-0.31295776,-1.1734009
14786,0.91690063,-0.47958374,-1.3116455
14787,0.85235596,-0.23071289,-1.1528015
14788,0.94726563,-0.27130127,-1.3166809
14789,0.95565796,-0.061340332,-1.1689758
14790,0.84991455,-0.084838867,-1.3049316
14791,0.74310303,0.11886597,-1.300354
14792,0.4800415,-0.21026611,-1.4201355
14793,0.26123047,-0.16494751,-1.5701294
14794,0.65155029,-0.028991699,-1.5086365
14795,0.65673828,0.11932373,-1.4315796
14796,0.65338135,0.29373169,-1.3998413
14797,0.61935425,0.33508301,-1.4593506
14798,0.59173584,0.34439087,-1.6059875
14799,0.48095703,0.42098999,-1.5054321
14800,0.48599243,0.36834717,-1.3565063
14801,0.42007446,0.44433594,-1.3346863
14802,0.35644531,0.52154541,-1.3549805
14803,0.24414063,0.59066772,-1.537323
14804,0.20874023,0.46951294,-1.3531494
14805,0.078125,0.52902222,-1.3214111
14806,-0.021209717,0.63980103,-1.3938904
14807,0.057220459,0.64666748,-1.2489319
14808,-0.065917969,0.92391968,-1.1515808
14809,0.035400391,0.8581543,-1.2625122
14810,-0.09185791,0.97839356,-1.1209106
14811,-0.1486206,1.0302734,-1.2452698
14812,-0.29937744,0.89904785,-1.2948608
14813,-0.30761719,1.0154724,-1.2893677
14814,-0.3779602,0.98724365,-1.21521
14815,-0.37277222,0.98373413,-1.3716125
14816,-0.6098938,0.91110229,-1.1509705
14817,-0.70480347,1.0731506,-1.2159729
14818,-0.57312012,1.1073303,-0.99151611
14819,-0.61721802,1.111145,-1.1312866
14820,-0.6880188,1.3012695,-0.91827393
14821,-0.80947876,1.2992859,-0.806427
14822,-0.52200317,1.3165283,-0.76583862
14823,-0.73242188,1.2286377,-0.72677612
14824,-0.87707519,1.2393188,-0.67855835
14825,-0.97518921,1.3873291,-0.81451416
14826,-0.89279175,1.4370728,-0.78430176
14827,-0.95947266,1.4009094,-0.74142456
14828,-1.015625,1.3711548,-0.70678711
14829,-1.0491943,1.3182068,-0.58410644
14830,-1.1753845,1.461792,-0.55587769
14831,-1.2310791,1.2501526,-0.66574097
14832,-1.2489319,1.3470459,-0.52780151
14833,-1.3508606,1.2547302,-0.48980713
14834,-1.3778687,1.2675476,-0.43823242
14835,-1.5313721,1.2663269,-0.43884277
14836,-1.4318848,1.2039185,-0.26748657
14837,-1.9090271,1.2153625,-0.5418396
14838,-1.6871643,1.0986328,-0.06439209
14839,-1.4369202,1.1326599,-0.048828125
14840,-1.4569092,1.0906982,0.011138916
14841,-1.6473389,1.2023926,0.050048828
14842,-1.6244507,1.1952209,0.037994385
14843,-1.7738342,1.1897278,0.036773682
14844,-1.7428589,1.2348938,0.10665894
14845,-1.8504334,0.98266602,0.13580322
14846,-1.8762207,1.051178,0.19042969
14847,-1.8315125,1.0702515,0.29907227
14848,-1.9715881,1.0044861,0.089111328
14849,-1.9984436,1.0038757,0.30273438
14850,-1.9261169,1.0525513,0.38879394
14851,-1.9984436,0.9362793,0.31951904
14852,-2.0349121,0.84671021,0.39825439
14853,-1.9659424,0.77011108,0.52688599
14854,-2.1139526,0.74798584,0.4989624
14855,-2.1586609,0.76202393,0.53375244
14856,-2.1595764,0.88500977,0.574646
14857,-2.0846558,0.69503784,0.77178955
14858,-2.088623,0.76766968,0.86761475
14859,-2.2027588,0.52886963,0.74554443
14860,-2.1899414,0.2671814,0.55953979
14861,-2.2758484,0.50125122,0.80169678
14862,-2.286377,0.58227539,0.97412109
14863,-2.2546387,0.57861328,1.159668
14864,-2.1289063,0.4876709,0.87783813
14865,-2.2369385,0.39886475,1.0276794
14866,-2.5802612,0.27038574,1.2202454
14867,-2.469635,0.098266602,1.3070679
14868,-2.3158264,0.34225464,1.4596558
14869,-2.1064758,0.33294678,1.4492798
14870,-2.1772766,0.22460938,1.4871216
14871,-1.99646,-0.008392334,1.3111877
14872,-2.3675537,0.16235352,1.489563
14873,-2.1208191,0.092010498,1.524353
14874,-2.1646118,-0.3855896,1.1878967
14875,-2.3918152,-0.26641846,1.4697266
14876,-1.8249512,-0.1600647,1.5979004
14877,-2.3368835,-0.23101807,1.5859985
14878,-1.9662476,-0.27252197,1.5783691
14879,-2.0904541,-0.31509399,1.6143799
14880,-2.0048523,-0.54702759,1.7068481
14881,-2.0553589,-0.68664551,1.7704773
14882,-1.8464661,-0.64682007,1.5917969
14883,-1.7071533,-0.5871582,1.7572021
14884,-1.7834473,-0.70053101,1.7126465
14885,-1.7344666,-0.59616089,1.8585205
14886,-1.7268372,-0.90332031,1.762085
14887,-1.7147827,-0.98922729,1.6732788
14888,-1.8377686,-1.0470581,1.932373
14889,-1.6751099,-1.3163757,1.9189453
14890,-1.6589355,-0.91217041,2.0239258
14891,-1.6351318,-0.9602356,1.8240356
14892,-1.484375,-0.9928894,1.9978333
14893,-1.4651489,-1.2808228,2.1871948
14894,-1.6923523,-1.4019775,2.2554016
14895,-1.5010071,-1.5603638,2.088623
14896,-1.5818787,-1.7950439,1.8621826
14897,-1.5475464,-1.7485046,1.9035339
14898,-1.5063477,-1.502533,1.9499207
14899,-1.7501831,-1.6188049,1.9090271
14900,-1.5045166,-1.5805054,1.8455505
14901,-1.3667297,-1.6574097,2.081604
14902,-1.3053894,-1.806488,1.9786072
14903,-1.1521912,-2.0352173,1.9052124
14904,-1.0964966,-1.6894531,1.8945313
14905,-1.0766602,-1.7521667,1.8569946
14906,-1.2449646,-1.8377686,1.9412231
14907,-0.95962524,-1.8963623,2.0326233
14908,-0.8744812,-1.9467163,2.0117188
14909,-0.81573486,-2.089386,1.8193054
14910,-0.831604,-1.9908142,1.9091797
14911,-0.7232666,-2.0016479,1.8859863
14912,-0.58486938,-2.0124817,1.8214416
14913,-0.61584473,-2.0561218,1.7852783
14914,-0.572052,-2.1298218,1.8252563
14915,-0.48904419,-1.9386291,1.8179321
14916,-0.42175293,-1.9662476,1.8078613
14917,-0.40313721,-2.1205139,1.8487549
14918,-0.38040161,-2.2679138,1.8025208
14919,-0.30487061,-2.1765137,1.6091919
14920,-0.26397705,-2.3204041,1.5246582
14921,-0.20874023,-2.2183228,1.6233826
14922,-0.11230469,-2.2523499,1.5344238
14923,0.018310547,-2.233429,1.3424683
14924,-0.041656494,-2.1881104,1.3908386
14925,-0.003204346,-2.2621155,1.3449097
14926,0.069885254,-2.3558044,1.267395
14927,0.1638794,-2.5,1.2612915
14928,0.2003479,-2.338562,1.2200928
14929,0.32089233,-2.4285889,1.1949158
14930,0.26321411,-2.3994446,1.0725403
14931,0.38818359,-2.3271179,0.91995239
14932,0.27328491,-2.3921204,1.0513306
14933,0.34820557,-2.1316528,1.118927
14934,0.67825317,-2.2401428,0.99273682
14935,0.60211182,-2.2061157,1.137085
14936,0.65246582,-2.20047,0.92575073
14937,0.68618774,-2.0140076,0.97900391
14938,0.72982788,-2.17453,0.85678101
14939,0.77590942,-2.180481,0.71273804
14940,0.74951172,-2.1891785,0.70983887
14941,0.72052002,-2.2329712,0.62805176
14942,0.80749512,-2.1640015,0.58868408
14943,0.81710815,-2.2146606,0.58502197
14944,0.89202881,-2.3661804,0.4788208
14945,0.92575073,-2.1940613,0.38970947
14946,0.91079712,-2.119751,0.38085938
14947,0.92575073,-2.0674133,0.26504517
14948,1.056366,-2.09198,0.17578125
14949,1.1051941,-2.0629883,0.1411438
14950,1.0723877,-2.1549988,0.077514648
14951,1.1994934,-2.0202637,0.008239746
14952,1.138916,-1.9898987,0.016021729
14953,1.2019348,-1.7922974,0.097045898
14954,1.4169312,-1.8426514,0.029449463
14955,1.3294983,-1.9154358,-0.17089844
14956,1.3850403,-1.8148804,-0.043945313
14957,1.1328125,-1.8276978,-0.11642456
14958,1.3400269,-1.8310547,-0.24291992
14959,1.2419128,-1.6645813,-0.48690796
14960,1.3792419,-1.759491,-0.51696777
14961,1.2191772,-1.5667725,-0.5078125
14962,1.2077332,-1.5960693,-0.61096191
14963,1.31073,-1.5684509,-0.39550781
14964,1.20224,-1.5496826,-0.54229736
14965,1.2316895,-1.3900757,-0.5267334
14966,1.3041687,-1.3859558,-0.6930542
14967,1.3407898,-1.1984253,-0.8102417
14968,1.5489197,-1.2742615,-0.72753906
14969,0.99578857,-1.1819458,-0.71105957
14970,1.2677002,-1.1956787,-0.74417114
14971,1.3839722,-1.1872864,-0.85647583
14972,1.0176086,-1.1329651,-0.93994141
14973,1.1610413,-0.90362549,-0.89004517
14974,1.3464355,-0.93795776,-0.85189819
14975,1.2599182,-0.87402344,-0.79528809
14976,1.1843872,-1.002655,-0.97610474
14977,0.98922729,-0.86395264,-0.91491699
14978,1.2283325,-0.66467285,-1.1564636
14979,1.1532593,-0.57144165,-1.1456299
14980,1.0290527,-0.72143555,-1.2733459
14981,1.0643005,-0.62805176,-1.1907959
14982,1.0554504,-0.53848267,-1.2399292
14983,1.0665894,-0.44937134,-1.2461853
14984,1.1328125,-0.44891357,-1.1833191
14985,1.0237122,-0.43746948,-1.1679077
14986,1.0282898,-0.28656006,-1.1912537
14987,0.90652466,0.005950928,-1.2091064
14988,0.76889038,-0.13641357,-1.3058472
14989,0.82427978,-0.081787109,-1.4125061
14990,0.86364746,-0.11550903,-1.2863159
14991,0.72265625,-0.088806152,-1.3963318
14992,0.50231934,0.13076782,-1.5849304
14993,0.67626953,-0.023956299,-1.4123535
14994,0.8140564,-0.044555664,-1.4427185
14995,0.58135986,0.1335144,-1.2258911
14996,0.4133606,0.30639648,-1.5362549
14997,0.46157837,0.36209106,-1.4585876
14998,0.52551269,0.38330078,-1.5362549
14999,0.33172607,0.35919189,-1.4541626
15000,0.25588989,0.46218872,-1.3427734
15001,0.25558472,0.50323486,-1.5074158
15002,0.25726318,0.52307129,-1.4125061
15003,0.086364746,0.54138184,-1.4627075
15004,0.099029541,0.55206299,-1.4390564
15005,0.12817383,0.59738159,-1.4245605
15006,0.004119873,0.74081421,-1.391449
15007,0.002593994,0.7019043,-1.3671875
15008,-0.13442993,0.84533691,-1.2138367
15009,-0.12771606,0.94345093,-1.237793
15010,-0.28656006,0.99945068,-1.1529541
15011,-0.29037476,0.98327637,-1.2167358
15012,-0.33432007,0.88775635,-1.1859131
15013,-0.35842895,0.94024658,-1.1715698
15014,-0.60913086,0.94772339,-0.97564697
15015,-0.44494629,0.99884033,-1.0325623
15016,-0.63171387,1.1216736,-1.1631775
15017,-0.62301636,1.2005615,-1.0189819
15018,-0.72494507,1.1712646,-0.96084595
15019,-0.73974609,1.1526489,-0.84625244
15020,-0.76354981,1.0687256,-0.93307495
15021,-0.81558228,1.1102295,-0.79925537
15022,-1.0150146,1.0978699,-0.7661438
15023,-0.89752197,1.1445618,-0.89431763
15024,-0.91781616,1.3032532,-0.67657471
15025,-0.97946167,1.3412476,-0.806427
15026,-1.0105896,1.3296509,-0.59387207
15027,-1.1705017,1.1372375,-0.52093506
15028,-1.3456726,1.0069275,-0.72662353
15029,-1.1581421,1.2374878,-0.56640625
15030,-1.3586426,1.1723328,-0.39474487
15031,-1.2097168,1.4112854,-0.46768189
15032,-1.4399719,1.3763428,-0.39733887
15033,-1.4120483,1.2374878,-0.44723511
15034,-1.4131165,1.2023926,-0.53878784
15035,-1.59729,1.1489868,-0.22369385
15036,-1.5608215,1.3604736,-0.25100708
15037,-1.524353,1.3110352,-0.24597168
15038,-1.6639709,1.2045288,-0.17288208
15039,-1.8106079,1.2719727,-0.016479492
15040,-1.6235352,1.2123108,-0.093231201
15041,-1.8489075,1.2936401,-0.10940552
15042,-1.7501831,1.307373,0.0390625
15043,-1.9789124,1.1833191,0.23239136
15044,-1.7733765,1.2667847,0.14678955
15045,-1.9065857,1.1457825,0.26519775
15046,-1.7683411,1.1968994,0.31097412
15047,-1.7947388,1.0144043,0.19439697
15048,-1.8486023,1.1975098,0.19195557
15049,-1.9169617,0.98815918,0.5001831
15050,-2.0840454,0.83786011,0.48812866
15051,-2.1180725,0.75790405,0.58837891
15052,-2.0426941,1.21521,0.48583984
15053,-2.0004272,1.0958862,0.6326294
15054,-2.0170593,0.99197388,0.8454895
15055,-2.2093201,0.90270996,0.71395874
15056,-2.1852112,0.7321167,0.76416016
15057,-2.03125,0.83969116,0.7383728
15058,-2.0974731,0.84899902,0.76919556
15059,-1.9647217,0.80490112,0.81298828
15060,-2.2743225,0.61645508,0.90240478
15061,-2.2053528,0.53726196,0.9513855
15062,-1.9984436,0.55709839,1.0003662
15063,-2.1246338,0.68908691,1.005249
15064,-2.0935059,0.59204102,1.4888
15065,-2.1147156,0.60348511,1.1468506
15066,-1.9415283,0.35247803,1.2088013
15067,-1.9319153,0.2204895,1.3621521
15068,-2.0831299,0.057983398,1.2281799
15069,-2.0683289,0.26199341,1.2445068
15070,-2.0152283,0.073547363,1.3383484
15071,-2.2073364,-0.003814697,1.2858582
15072,-1.9778442,-0.23544312,1.3169861
15073,-2.1356201,-0.1159668,1.5481567
15074,-2.1316528,-0.26031494,1.4651489
15075,-2.2035217,-0.16555786,1.6156006
15076,-1.9625854,-0.34957886,1.6899109
15077,-2.0437622,-0.46844482,1.5817261
15078,-2.1127319,-0.50033569,1.6288757
15079,-1.942749,-0.41717529,1.791687
15080,-2.03125,-0.66268921,1.8780518
15081,-1.8946838,-0.47042847,1.7642212
15082,-1.9682312,-0.69122315,1.7591858
15083,-1.8310547,-0.71716309,1.8440247
15084,-1.9506836,-0.74584961,1.7668152
15085,-1.7970276,-0.7649231,1.7825317
15086,-1.9270325,-1.0667419,1.7744446
15087,-1.7147827,-0.84365845,1.8739319
15088,-1.8675232,-0.89920044,1.9433594
15089,-1.7707825,-0.93856812,1.9985962
15090,-1.7088318,-0.99731445,1.9715881
15091,-1.756897,-1.2454224,1.8621826
15092,-1.6387939,-1.3209534,1.8286133
15093,-1.683197,-1.4575195,1.7700195
15094,-1.4364624,-1.4506531,1.8310547
15095,-1.4213562,-1.4004517,1.7214966
15096,-1.3432312,-1.441803,1.8782043
15097,-1.4471436,-1.2182617,1.8525696
15098,-1.3677979,-1.5193176,1.907959
15099,-1.2916565,-1.4387512,2.088623
15100,-1.2214661,-1.5310669,1.9682312
15101,-1.2956238,-1.6308594,1.8624878
15102,-1.0870361,-1.5437317,1.8322754
15103,-1.0646057,-1.7373657,1.8237305
15104,-1.0623169,-1.6421509,1.8789673
15105,-1.0493469,-1.7077637,1.8655396
15106,-0.92956543,-1.6952515,1.8919373
15107,-0.80718994,-1.8115234,1.8464661
15108,-0.68939209,-2.0071411,1.7562866
15109,-0.70999146,-1.940918,1.8859863
15110,-0.72692871,-1.955719,1.856842
15111,-0.56686401,-1.8963623,1.7962646
15112,-0.45898438,-1.9128418,1.7466736
15113,-0.42434692,-1.9174194,1.6416931
15114,-0.38833618,-2.0343018,1.6052246
15115,-0.34866333,-2.0005798,1.663208
15116,-0.29113769,-2.1333313,1.494751
15117,-0.19821167,-2.2109985,1.4836121
15118,-0.1435852,-2.1572876,1.4297485
15119,-0.1184082,-2.069397,1.4596558
15120,-0.071563721,-2.1228027,1.3803101
15121,-0.11581421,-2.2058105,1.4715576
15122,0.03112793,-2.1296692,1.3978577
15123,0.1763916,-2.2595215,1.4208984
15124,0.22949219,-2.33078,1.4300537
15125,0.23483276,-2.3103333,1.3070679
15126,0.17456055,-2.2541809,1.2361145
15127,0.061645508,-2.2158813,1.403656
15128,0.27252197,-2.243042,1.1743164
15129,0.33386231,-2.2471619,1.2515259
15130,0.36804199,-2.243042,1.0107422
15131,0.33828735,-2.03125,1.0389709
15132,0.46234131,-2.0089722,0.99700928
15133,0.52917481,-2.1852112,0.83175659
15134,0.41717529,-2.1673584,0.91308594
15135,0.59387207,-2.0489502,0.77636719
15136,0.54412842,-2.0500183,0.78201294
15137,0.5166626,-2.17453,0.79238892
15138,0.71670532,-2.1609497,0.76553345
15139,0.65246582,-2.2541809,0.69473267
15140,0.79528809,-2.2503662,0.59646606
15141,0.84655762,-2.1569824,0.55007935
15142,0.81298828,-2.0622253,0.47042847
15143,0.85388184,-2.1185303,0.37277222
15144,0.95291138,-2.1382141,0.25634766
15145,0.95794678,-2.2192383,0.32012939
15146,0.93856812,-1.9395447,0.14175415
15147,0.94070435,-2.0503235,0.10437012
15148,0.9538269,-2.0550537,0.24536133
15149,0.97961426,-2.0599365,0.17105103
15150,1.0107422,-2.0962524,-0.010528564
15151,1.0046387,-2.0472717,0.010070801
15152,1.0258484,-2.0753479,-0.037078857
15153,1.0510254,-1.9050598,0.019836426
15154,1.023407,-1.6387939,0.000305176
15155,1.0098267,-1.7230225,-0.10543823
15156,1.0827637,-1.6400146,-0.36605835
15157,1.2733459,-1.633606,-0.27496338
15158,1.0139465,-1.5078735,-0.28594971
15159,0.99960327,-1.6134644,-0.31890869
15160,1.0050964,-1.461792,-0.34622192
15161,1.2382507,-1.4093018,-0.33615112
15162,1.0374451,-1.3450623,-0.43151856
15163,1.230011,-1.4135742,-0.47531128
15164,1.0798645,-1.335907,-0.51116943
15165,1.1135864,-1.2425232,-0.4951477
15166,1.1430359,-1.3108826,-0.64544678
15167,1.0368347,-1.1761475,-0.59875488
15168,0.93200684,-1.1949158,-0.65368652
15169,1.0307312,-1.2316895,-0.75653076
15170,1.0342407,-1.1791992,-0.62194824
15171,0.98495483,-1.1079407,-0.75897217
15172,1.1650085,-1.0165405,-0.76782227
15173,1.1012268,-0.92880249,-0.83831787
15174,1.0678101,-0.89096069,-0.86074829
15175,1.0099792,-0.72067261,-0.85922241
15176,1.0012817,-0.76400757,-0.99182129
15177,0.95108032,-0.60836792,-1.0099792
15178,0.88607788,-0.5027771,-1.0340881
15179,0.84167481,-0.59204102,-1.0009766
15180,0.87219238,-0.48828125,-1.0150146
15181,0.81497192,-0.54168701,-0.962677
15182,0.91384888,-0.55053711,-1.015625
15183,0.7510376,-0.52490234,-1.15448
15184,0.77346802,0.71044922,-1.212616
15185,0.69595337,-0.23956299,-1.0656738
15186,0.7409668,-0.20782471,-1.1968994
15187,0.57861328,-0.1902771,-1.1061096
15188,0.66497803,-0.14694214,-1.1698914
15189,0.66329956,-0.000762939,-1.2246704
15190,0.30639648,-0.50521851,-1.4456177
15191,0.06439209,-0.57373047,-1.5176392
15192,0.13824463,-0.49316406,-1.6342163
15193,-0.10391235,-0.051574707,-1.3346863
15194,0.34912109,0.15914917,-1.272583
15195,0.088195801,0.18783569,-1.2242126
15196,0.32623291,0.36636353,-1.1222839
15197,0.26229858,0.39794922,-1.1665344
15198,0.21377563,0.44677734,-1.1830139
15199,0.19195557,0.46005249,-1.1660767
15200,0.16479492,0.47653198,-1.1221313
15201,0.043945313,0.55999756,-1.138916
15202,0.068969727,0.6829834,-1.0852051
15203,-0.045928955,0.68618774,-1.0366821
15204,-0.24108887,0.71655273,-1.0482788
15205,-0.036315918,0.82229614,-1.1532593
15206,-0.12008667,0.85479736,-1.0995483
15207,-0.074920654,1.0551453,-1.1105347
15208,-0.27038574,0.93383789,-0.94909668
15209,-0.34439087,0.87158203,-1.1010742
15210,-0.44372559,1.0655212,-0.990448
15211,-0.45211792,0.9046936,-1.0371399
15212,-0.42724609,0.94665527,-1.1120605
15213,-0.59570313,1.0424805,-1.0044861
15214,-0.63079834,1.008606,-0.92468262
15215,-0.70053101,1.1787415,-0.88287353
15216,-0.8052063,1.1181641,-0.92529297
15217,-0.7043457,1.0913086,-0.96313477
15218,-0.80947876,0.88928223,-0.71105957
15219,-0.78781128,0.94024658,-0.80993652
15220,-0.87982178,0.96603394,-0.61828613
15221,-0.89828491,1.0560608,-0.56213379
15222,-1.0699463,1.174469,-0.47180176
15223,-0.98022461,1.2510681,-0.42572022
15224,-1.0922241,1.1201477,-0.52505493
15225,-1.103363,1.2875366,-0.37185669
15226,-1.2159729,1.0612488,-0.48156738
15227,-1.2084961,1.2055969,-0.36712647
15228,-1.2460327,1.1268616,-0.46966553
15229,-1.1358643,1.20224,-0.27740478
15230,-1.5335083,0.66940308,-0.65322876
15231,-1.6120911,0.93017578,-0.19134522
15232,-1.4300537,1.1737061,-0.28137207
15233,-1.3818359,1.1930847,-0.1423645
15234,-1.4227295,1.0107422,-0.1574707
15235,-1.4605713,1.1135864,0.020599365
15236,-1.5364075,1.0638428,-0.12512207
15237,-1.6378784,0.79360962,0.078735352
15238,-1.7221069,0.9803772,0.20950317
15239,-1.5161133,0.95153809,-0.030059814
15240,-1.730957,0.98480225,0.20431519
15241,-1.6311646,0.80718994,0.20050049
15242,-1.7503357,0.84838867,0.38070679
15243,-1.6719055,0.94284058,0.38589478
15244,-1.8547058,1.0253906,0.48370361
15245,-1.9422913,0.79086304,0.50796509
15246,-1.8469238,0.82595825,0.50720215
15247,-1.9566345,0.95809937,0.59036255
15248,-1.9839478,0.66162109,0.71624756
15249,-1.9252014,0.71762085,0.50796509
15250,-1.9483948,1.8490601,0.68359375
15251,-1.9869995,0.90774536,0.68710327
15252,-1.7883301,0.75805664,0.69503784
15253,-1.9569397,0.66894531,0.77987671
15254,-1.7706299,0.62194824,0.68237305
15255,-1.9871521,0.59127808,0.80444336
15256,-1.8478394,0.50735474,0.83007813
15257,-1.9015503,0.5847168,0.88134766
15258,-1.8942261,0.44311523,0.86959839
15259,-2.0146179,0.33157349,1.0105896
15260,-2.019043,0.1864624,1.1430359
15261,-2.0205688,0.030517578,0.8921814
15262,-1.9432068,0.12710571,1.1250305
15263,-1.8693542,0.20935059,1.2127686
15264,-1.9265747,0.1171875,1.2660217
15265,-2.0188904,-0.009002686,1.3311768
15266,-1.9848633,0.020599365,1.3352966
15267,-1.7900085,-0.032196045,1.3980103
15268,-1.8693542,-0.028839111,1.3760376
15269,-1.9215393,-0.1322937,1.5779114
15270,-1.8180847,-0.14648438,1.3583374
15271,-1.7207336,-0.19561768,1.5419006
15272,-1.9604492,-0.30685425,1.550293
15273,-1.8637085,-0.49041748,1.4796448
15274,-1.7289734,-0.51834106,1.618042
15275,-1.7889404,-0.65231323,1.5234375
15276,-1.8606567,-0.52261353,1.5740967
15277,-1.7906189,-0.45974731,1.6584778
15278,-1.6934204,-0.62286377,1.7843628
15279,-1.869812,-0.80566406,1.7654419
15280,-1.7965698,-0.66925049,1.7826843
15281,-1.7272949,-0.72052002,1.8334961
15282,-1.7681885,-0.94039917,1.7523193
15283,-1.7893982,-0.9463501,1.7242432
15284,-1.7164612,-0.98022461,1.7608643
15285,-1.5771484,-1.0273743,1.6943359
15286,-1.5597534,-1.2142944,1.5252686
15287,-1.5795898,-1.1315918,1.6609192
15288,-1.4471436,-1.2231445,1.7472839
15289,-1.3153076,-1.275177,1.7301941
15290,-1.4929199,-1.2605286,1.8159485
15291,-1.1938477,-1.4231873,1.8231201
15292,-1.2916565,-1.5074158,1.8052673
15293,-1.2614441,-1.572113,1.697998
15294,-1.0951233,-1.5026855,1.8719482
15295,-1.1331177,-1.6210938,1.6799927
15296,-1.0162354,-1.4794922,1.7703247
15297,-0.98892212,-1.4888,1.6337585
15298,-0.95916748,-1.6540527,1.7100525
15299,-0.85418701,-1.5364075,1.6984558
15300,-0.81970215,-1.7254639,1.7947388
15301,-0.9274292,-1.6691589,1.6848755
15302,-0.85128784,-1.7622375,1.7532349
15303,-0.69595337,-1.7433166,1.8141174
15304,-0.66009522,-1.7948914,1.7700195
15305,-0.61523438,-1.9035339,1.6740417
15306,-0.54504394,-2.0153809,1.7622375
15307,-0.47775269,-2.0227051,1.7120361
15308,-0.38208008,-2.0343018,1.643219
15309,-0.39428711,-2.0431519,1.5365601
15310,-0.38711548,-1.9317627,1.5774536
15311,-0.3036499,-2.1574402,1.5724182
15312,-0.30883789,-2.2052002,1.4826965
15313,-0.20751953,-2.1626282,1.5260315
15314,-0.1423645,-2.2061157,1.5327454
15315,-0.11962891,-2.4766541,1.4385986
15316,-0.060424805,-2.2698975,1.3392639
15317,0.001525879,-2.1134949,1.4002991
15318,0.082397461,-2.171936,1.3090515
15319,0.057373047,-2.23526,1.3308716
15320,0.028076172,-2.1621704,1.2811279
15321,0.18188477,-2.147522,1.1598206
15322,0.14755249,-2.2267151,1.129303
15323,0.21102905,-2.2102356,0.96298218
15324,0.22369385,-2.3516846,1.0618591
15325,0.25650024,-2.1589661,1.0720825
15326,0.26062012,-2.2453308,0.91583252
15327,0.34545898,-2.1278381,0.65063477
15328,0.4284668,-2.1720886,0.93093872
15329,0.40893555,-2.1624756,0.83328247
15330,0.51696777,-2.1792603,0.64941406
15331,0.48706055,-2.2390747,0.75469971
15332,0.53955078,-2.1086121,0.52078247
15333,0.73150635,-2.084198,0.60241699
15334,0.64834595,-2.1060181,0.46585083
15335,0.7220459,-2.0874023,0.53771973
15336,0.7875061,-2.0256042,0.59066772
15337,0.7723999,-1.9424438,0.47317505
15338,0.83709717,-1.9641113,0.44967651
15339,0.80123901,-1.9979858,0.36651611
15340,0.90011597,-2.0158386,0.22125244
15341,0.81237793,-1.8904114,0.34881592
15342,0.9425354,-1.9926453,0.26748657
15343,0.87615967,-1.8777466,0.27374268
15344,0.94970703,-1.7553711,0.24932861
15345,0.95336914,-1.8412781,0.059509277
15346,0.93994141,-1.6110229,0.06439209
15347,0.93811035,-1.6827393,0.019683838
15348,0.90576172,-1.537323,0.014343262
15349,0.86151123,-1.5609741,-0.069885254
15350,1.0388184,-1.5577698,-0.051269531
15351,1.2089539,-1.7189026,-0.15411377
15352,1.0922241,-1.622467,-0.17425537
15353,1.0887146,-1.6387939,-0.24475098
15354,1.0636902,-1.5040588,-0.31799316
15355,0.91674805,-1.4956665,-0.2986145
15356,1.1624146,-1.381073,-0.39535522
15357,1.0899353,-1.3053894,-0.47424316
15358,0.97717285,-1.2362671,-0.42022705
15359,1.0955811,-1.2892151,-0.59814453
15360,0.94650269,-1.2614441,-0.4776001
15361,0.96633911,-1.1680603,-0.54595947
15362,0.97244263,-1.1656189,-0.6161499
15363,0.8631897,-1.0639954,-0.65658569
15364,0.86990356,-0.90789795,-0.68389893
15365,0.85418701,-1.0090637,-0.74707031
15366,0.8732605,-0.92483521,-0.73501587
15367,0.97457886,-0.86761475,-0.75805664
15368,0.91674805,-0.68023682,-0.90362549
15369,0.84594727,-0.62179565,-0.90545654
15370,0.85800171,-0.68817139,-1.0284424
15371,0.82962036,-0.6791687,-1.0021973
15372,0.91842651,-0.54458618,-1.2149048
15373,1.0064697,-0.44967651,-1.1186218
15374,0.82519531,-0.51605225,-1.1505127
15375,0.87814331,-0.34088135,-1.1581421
15376,0.73776245,-0.33309936,-1.1750793
15377,0.75408935,-0.33660889,-1.2069702
15378,0.84487915,-0.25024414,-1.0775757
15379,0.62866211,-0.33477783,-0.9954834
15380,0.68954468,-0.28167725,-1.1836243
15381,0.73822022,-0.16708374,-1.231842
15382,0.79650879,0.19592285,-1.2077332
15383,0.66772461,0.073547363,-1.0314941
15384,0.42984009,-0.29754639,-1.5148926
15385,0.21392822,-0.11581421,-1.5116882
15386,0.29968262,-0.097351074,-1.3726807
15387,0.45776367,0.1940918,-1.2944031
15388,0.25344849,0.17700195,-1.2213135
15389,0.22293091,0.36193848,-1.1883545
15390,0.27481079,0.26306152,-1.3217163
15391,0.23696899,0.32623291,-1.272583
15392,0.10787964,0.41015625,-1.0415649
15393,0.31646728,0.46783447,-1.293335
15394,0.056152344,0.69366455,-1.1994934
15395,0.042724609,0.6829834,-1.1022949
15396,-0.007171631,0.52886963,-1.0716248
15397,-0.048065186,0.77667236,-1.1221313
15398,-0.04486084,0.6640625,-1.2490845
15399,-0.1763916,0.5947876,-1.0800171
15400,-0.31921387,0.61386108,-0.98892212
15401,-0.26489258,0.78964233,-1.0862732
15402,-0.35888672,0.77987671,-1.1297607
15403,-0.36437988,0.88699341,-1.1419678
15404,-0.37322998,0.78125,-1.1114502
15405,-0.53512573,0.93704224,-1.0435486
15406,-0.70556641,1.1291504,-1.0527039
15407,-0.71884155,1.1735535,-0.97061157
15408,-0.60470581,1.0449219,-0.87646484
15409,-0.59616089,1.0650635,-0.87249756
15410,-0.6716919,1.2049866,-0.70617676
15411,-0.74203491,1.1703491,-0.68542481
15412,-0.86639404,1.0525513,-0.73760986
15413,-0.88638306,1.182251,-0.83862305
15414,-0.91537476,1.0002136,-0.81329346
15415,-1.1160278,1.056366,-0.84381103
15416,-1.0215759,1.1907959,-0.61523438
15417,-1.1721802,1.1064148,-0.55847168
15418,-1.0801697,1.1074829,-0.59448242
15419,-1.078186,1.1547852,-0.52459717
15420,-1.091156,1.1701965,-0.67337036
15421,-1.2390137,1.0107422,-0.55603027
15422,-1.2852478,1.1427307,-0.37414551
15423,-1.2486267,1.2512207,-0.34210205
15424,-1.288147,1.2117004,-0.36376953
15425,-1.4149475,1.3085938,-0.32226563
15426,-1.4656067,0.88165283,-0.34179688
15427,-1.5486145,1.0832214,-0.17211914
15428,-1.4335632,1.0229492,-0.080871582
15429,-1.4482117,1.1233521,-0.12969971
15430,-1.5864563,1.0440063,-0.025482178
15431,-1.5818787,1.1109924,0.12710571
15432,-1.6036987,1.0949707,0.11398315
15433,-1.6041565,1.0830688,0.068664551
15434,-1.6659546,1.0902405,0.076446533
15435,-1.6894531,1.0295105,0.18753052
15436,-1.76651,1.0476685,0.28289795
15437,-1.6598511,0.98190308,0.27832031
15438,-1.7633057,0.93383789,0.415802
15439,-1.7330933,1.0241699,0.45196533
15440,-1.7477417,0.96679688,0.56335449
15441,-1.8424988,0.80703735,0.55999756
15442,-1.7883301,0.89538574,0.57495117
15443,-1.9615173,0.63644409,0.67016602
15444,-1.8865967,0.4560852,0.59494019
15445,-2.0225525,0.61553955,0.73974609
15446,-1.9281006,0.46966553,0.74111938
15447,-1.9650269,0.49041748,0.95428467
15448,-2.1237183,0.45806885,0.78933716
15449,-2.1124268,0.46020508,0.97976685
15450,-2.2610474,0.40527344,0.90454102
15451,-2.2357178,0.34744263,0.83084106
15452,-2.0767212,0.35186768,0.84136963
15453,-2.056427,0.24719238,1.0110474
15454,-2.1191406,0.48965454,1.2249756
15455,-1.8759155,0.33081055,1.2310791
15456,-2.2444153,0.099334717,1.3070679
15457,-1.9537354,0.19012451,1.2275696
15458,-2.0892334,0.19195557,1.2895203
15459,-2.0736694,0.18112183,1.2908936
15460,-2.0393372,-0.055541992,1.2744141
15461,-1.9760132,-0.096435547,1.3552856
15462,-2.0567322,0.05065918,1.468811
15463,-2.046814,-0.16815185,1.4727783
15464,-1.958313,-0.12283325,1.7805481
15465,-1.9474792,-0.37750244,1.4242554
15466,-1.8812561,-0.39871216,1.566925
15467,-2.0274353,-0.39550781,1.7982483
15468,-1.9033813,-0.36727905,1.6448975
15469,-1.8669128,-0.40008545,1.6256714
15470,-1.733551,-0.47546387,1.6943359
15471,-1.875,-0.71960449,1.4170837
15472,-1.8249512,-0.80322266,1.5536499
15473,-1.963501,-0.72113037,1.5771484
15474,-1.77948,-0.80932617,1.6378784
15475,-1.894989,-0.82519531,1.7402649
15476,-1.7498779,-0.68023682,1.8484497
15477,-1.7906189,-0.94802856,1.9168091
15478,-1.6210938,-1.116333,1.7887878
15479,-1.4819336,-1.4778137,1.7521667
15480,-1.7149353,-1.089325,1.8821716
15481,-1.5934753,-1.1401367,1.5310669
15482,-1.6911316,-1.0993958,1.7694092
15483,-1.524353,-1.5618896,1.6137695
15484,-1.6653442,-1.3316345,1.7706299
15485,-1.4427185,-1.4605713,1.7260742
15486,-1.484375,-1.4077759,1.8692017
15487,-1.4825439,-1.4820862,1.9059753
15488,-1.2742615,-1.6081238,1.8554688
15489,-1.1793518,-1.6619873,1.9764709
15490,-1.267395,-1.6682434,1.9230652
15491,-1.1831665,-1.8766785,1.8507385
15492,-0.86746216,-1.8174744,1.8682861
15493,-0.96298218,-1.6699219,1.9699097
15494,-0.92651367,-1.6220093,1.9586182
15495,-0.96481323,-1.4334106,1.9441223
15496,-0.95092773,-1.4976501,1.8927002
15497,-0.89950562,-1.6900635,1.7633057
15498,-0.72280884,-1.8678284,1.6403198
15499,-0.93414307,-1.7861938,1.7071533
15500,-0.5758667,-1.7790222,1.7643738
15501,-0.68572998,-2.0191956,1.7596436
15502,-0.54000854,-1.9458008,1.8229675
15503,-0.44082642,-2.0426941,1.6520691
15504,-0.3994751,-2.1141052,1.5588379
15505,-0.33538818,-2.1403503,1.473999
15506,-0.32546997,-2.0336914,1.5548706
15507,-0.27770996,-1.9818115,1.5731812
15508,-0.18875122,-2.1276855,1.6410828
15509,-0.16815185,-2.2190857,1.4213562
15510,-0.23773193,-2.3632813,1.5020752
15511,-0.015106201,-2.1743774,1.305542
15512,0.082092285,-2.1762085,1.4520264
15513,0.022583008,-2.2125244,1.4419556
15514,0.023345947,-2.3744202,1.5216064
15515,0.060272217,-2.2061157,1.3925171
15516,0.16738892,-2.1713257,1.0905457
15517,0.18051148,-2.1302795,1.1012268
15518,0.36514282,-2.1551514,1.0691834
15519,0.2456665,-2.2599792,1.0881042
15520,0.32928467,-2.1722412,0.91644287
15521,0.41503906,-2.3109436,0.88546753
15522,0.44937134,-2.2949219,0.94940185
15523,0.64102173,-2.517395,0.8303833
15524,0.62866211,-2.2627258,0.93948364
15525,0.51055908,-2.2290039,0.76065063
15526,0.64208984,-2.204895,0.67825317
15527,0.55603027,-2.2827148,0.75546265
15528,0.68069458,-2.195282,0.60897827
15529,0.68786621,-2.0907593,0.65216065
15530,0.66986084,-2.1948242,0.54992676
15531,0.87921143,-2.0635986,0.48538208
15532,0.86425781,-2.0050049,0.43579102
15533,0.80062866,-2.1313477,0.39169311
15534,1.1422729,-2.3228455,0.31784058
15535,0.90774536,-1.5994263,0.36331177
15536,0.89065552,-2.2169495,0.23162842
15537,1.047821,-1.9482422,0.24688721
15538,1.0417175,-1.9445801,0.1171875
15539,1.1578369,-1.9340515,0.042114258
15540,1.2025452,-1.9467163,0.040893555
15541,1.282196,-1.9430542,0.10131836
15542,1.2142944,-1.8688965,-0.003509521
15543,1.1427307,-1.7247009,-0.05355835
15544,1.04599,-1.8180847,-0.13671875
15545,1.036377,-1.7799377,-0.13076782
15546,1.2065125,-1.6886902,-0.31677246
15547,1.212616,-1.7886353,-0.55831909
15548,1.2866211,-1.7158508,-0.57678223
15549,1.1914063,-1.5969849,-0.52505493
15550,1.1349487,-1.6213989,-0.56564331
15551,1.289978,-1.5065002,-0.60943603
15552,1.231842,-1.5759277,-0.52429199
15553,1.3002014,-1.3793945,-0.48660278
15554,1.2487793,-1.3453674,-0.69641113
15555,1.0940552,-1.1936951,-0.63995361
15556,1.1740112,-1.0713196,-0.74310303
15557,1.0455322,-1.2870789,-0.80871582
15558,1.0554504,-1.0464478,-0.74508667
15559,1.035614,-0.85403442,-0.73562622
15560,1.2120056,-0.92391968,-0.89523315
15561,1.0063171,-0.7723999,-0.8013916
15562,0.92529297,-0.91674805,-0.88729858
15563,1.0929871,-0.94436646,-0.99365234
15564,1.1672974,-0.91110229,-0.83068848
15565,1.0661316,-0.71502685,-0.92163086
15566,1.1193848,-0.72677612,-1.0046387
15567,1.0540771,-0.4989624,-1.0179138
15568,0.91064453,-0.52078247,-1.1712646
15569,1.0360718,-0.5039978,-1.1300659
15570,0.96618652,-0.37384033,-1.2127686
15571,0.91461182,-0.34545898,-1.1865234
15572,0.85372925,-0.27648926,-1.3021851
15573,0.81573486,-0.33355713,-1.2532043
15574,0.77346802,-0.16921997,-1.3320923
15575,0.81253052,-0.15625,-1.2533569
15576,0.80078125,-0.12680054,-1.3792419
15577,0.81054688,-0.063781738,-1.1668396
15578,0.68527222,0.058288574,-1.1657715
15579,0.62072754,-0.35888672,-1.2657166
15580,0.59646606,-0.25436401,-1.4808655
15581,0.54275513,0.87600708,-1.5792847
15582,0.49804688,0.045471191,-1.5525818
15583,0.45883179,0.2583313,-1.4561462
15584,0.29602051,0.43746948,-1.3786316
15585,0.3427124,0.4335022,-1.2919617
15586,0.33874512,0.42419434,-1.2185669
15587,0.27923584,0.43624878,-1.3137817
15588,0.2041626,0.39245606,-1.5409851
15589,0.23757935,0.65765381,-1.2864685
15590,0.17242432,0.69000244,-1.1618042
15591,0.08972168,0.79727173,-1.2889099
15592,0.18493652,0.8291626,-1.2322998
15593,0.037994385,0.70953369,-1.1849976
15594,-0.025177002,0.66772461,-1.391449
15595,-0.17501831,0.77041626,-1.2782288
15596,-0.21011353,0.91766357,-1.1872864
15597,-0.25619507,0.7321167,-1.2068176
15598,-0.31036377,0.91003418,-1.1001587
15599,-0.30395508,0.9703064,-1.0145569
15600,-0.45440674,1.033783,-1.0171509
15601,-0.33630371,1.1006165,-1.1143494
15602,-0.60760498,1.0083008,-1.0409546
15603,-0.6401062,1.0275269,-0.97412109
15604,-0.60668945,1.0527039,-0.98571777
15605,-0.54626465,1.0958862,-1.0527039
15606,-0.65368652,1.0664368,-1.0360718
15607,-0.7421875,1.0632324,-0.93582153
15608,-0.87600708,1.2797546,-0.90362549
15609,-1.0067749,1.2007141,-0.75485229
15610,-0.98129272,1.2051392,-0.76065063
15611,-1.0624695,1.2687683,-0.62866211
15612,-1.09375,1.244812,-0.59906006
15613,-1.1630249,1.1332703,-0.54244995
15614,-1.2641907,1.1488342,-0.50354004
15615,-1.2088013,1.2597656,-0.37231445
15616,-1.2875366,1.3356018,-0.3427124
15617,-1.2008667,1.3253784,-0.53619385
15618,-1.2884521,1.3754272,-0.30929565
15619,-1.2031555,1.0743713,-0.41763306
15620,-1.4318848,1.2231445,-0.35079956
15621,-1.4996338,1.2637329,-0.29129028
15622,-1.452179,1.1927795,-0.22125244
15623,-1.7596436,0.8782959,-0.32455444
15624,-1.599884,0.96237183,-0.21850586
15625,-1.6697693,1.0359192,-0.14892578
15626,-1.5840149,1.2586975,0.071411133
15627,-1.7710876,1.0626221,0.11169434
15628,-1.6564941,1.1676025,0.14801025
15629,-1.864624,1.1515808,0.048828125
15630,-1.7047119,1.2020874,0.2432251
15631,-1.8696594,1.1601257,0.2998352
15632,-1.6473389,1.0935974,0.31082153
15633,-1.8634033,1.0902405,0.3968811
15634,-1.8322754,1.0519409,0.38818359
15635,-2.0573425,0.99029541,0.32653809
15636,-2.0220947,0.87875366,0.47927856
15637,-1.9961548,0.99563599,0.59997559
15638,-2.1125793,0.75195313,0.68328857
15639,-1.999054,0.8265686,0.69396973
15640,-2.0080566,0.68847656,0.60699463
15641,-1.9812012,0.78369141,0.75469971
15642,-2.1113586,0.81161499,0.71212769
15643,-2.0294189,0.61416626,0.72097778
15644,-2.1606445,0.56686401,0.82946777
15645,-2.0687866,0.40664673,0.95108032
15646,-2.1847534,0.39031982,0.87738037
15647,-2.0805359,1.8234253,0.965271
15648,-2.0211792,0.48614502,1.0572815
15649,-1.987915,0.32363892,1.0832214
15650,-2.0890808,0.37826538,1.0435486
15651,-2.0922852,0.2305603,1.113739
15652,-2.1720886,0.092926025,1.1828613
15653,-2.2279358,0.18585205,1.1981201
15654,-2.2187805,0.18615723,1.2518311
15655,-2.0330811,0.084075928,1.2585449
15656,-2.0826721,0.098876953,1.3235474
15657,-2.0446777,0.009918213,1.517334
15658,-2.0144653,0.000305176,1.4118958
15659,-1.9107056,0.034179688,1.5698242
15660,-1.9232178,0.005493164,1.5429688
15661,-1.9541931,-0.30822754,1.3459778
15662,-1.8240356,-0.33020019,1.3157654
15663,-1.8994141,-0.3465271,1.4447021
15664,-1.9610596,-0.33798218,1.7689514
15665,-1.8321228,-0.34378052,1.6035461
15666,-1.8257141,-0.56396484,1.6072083
15667,-1.8383789,-0.55053711,1.6618347
15668,-1.8058777,-0.60394287,1.6133118
15669,-1.9718933,-0.64041138,1.7855835
15670,-1.8386841,-0.85388184,1.7445374
15671,-1.8673706,-0.80718994,1.6766357
15672,-1.8669128,-0.86425781,1.8519592
15673,-1.7054749,-0.86914063,1.8618774
15674,-1.6928101,-1.0858154,1.7544556
15675,-1.854248,-0.9475708,1.8560791
15676,-1.7155457,-1.1444092,1.8096924
15677,-1.6319275,-1.1756897,1.8299866
15678,-1.6288757,-1.1430359,1.864624
15679,-1.5492249,-1.4147949,1.7272949
15680,-1.6000366,-1.335907,1.7192078
15681,-1.2277222,-1.5328979,1.6828918
15682,-1.3142395,-1.3793945,1.7630005
15683,-1.2243652,-1.4279175,1.8788147
15684,-1.2615967,-1.5214539,1.9032288
15685,-1.2663269,-1.6352844,1.8408203
15686,-1.222229,-1.6564941,1.6659546
15687,-1.3035584,-1.855011,1.6378784
15688,-1.2664795,-1.6427612,1.7597961
15689,-1.1207581,-1.9151306,1.8151855
15690,-1.0180664,-1.9721985,1.751709
15691,-0.79910278,-1.7900085,1.9880676
15692,-0.79544067,-1.77948,1.8710327
15693,-0.62454224,-1.7358398,1.7990112
15694,-0.77529907,-1.6810608,1.8966675
15695,-0.73257446,-1.8293762,1.7672729
15696,-0.63079834,-1.9784546,1.7440796
15697,-0.58029175,-1.9671631,1.8518066
15698,-0.56838989,-2.1342468,1.592865
15699,-0.48126221,-2.0339966,1.5307617
15700,-0.38452148,-2.1032715,1.6149902
15701,-0.20309448,-2.2177124,1.6879272
15702,-0.21240234,-2.2297668,1.4598084
15703,-0.28869629,-2.1788025,1.3313293
15704,-0.24459839,-2.2709656,1.4372253
15705,-0.15701294,-2.1147156,1.4457703
15706,0.09185791,-2.0559692,1.5142822
15707,-0.058135986,-2.1743774,1.4657593
15708,0.17196655,-2.1975708,1.3523865
15709,0.054626465,-2.3558044,1.2765503
15710,0.097045898,-2.4659729,1.3117981
15711,0.23803711,-2.4351501,1.3183594
15712,0.27374268,-2.5569153,1.2017822
15713,0.34210205,-2.2491455,1.2411499
15714,0.3616333,-2.1316528,1.1282349
15715,0.38269043,-2.293396,1.0102844
15716,0.37963867,-2.2996521,0.99517822
15717,0.48233032,-2.3348999,0.80780029
15718,0.62210083,-2.3187256,0.96206665
15719,0.6048584,-2.3570251,0.89202881
15720,0.69900513,-2.2027588,0.76751709
15721,0.86395264,-2.509613,0.52581787
15722,0.61309815,-2.3925781,0.61416626
15723,0.60852051,-2.1925354,0.72448731
15724,0.76950073,-2.2097778,0.63461304
15725,0.80703735,-2.2422791,0.51193237
15726,0.91766357,-2.1914673,0.45684814
15727,0.78903198,-2.0239258,0.54016113
15728,1.0107422,-2.0858765,0.47210693
15729,0.98587036,-2.2123718,0.38009644
15730,0.78140259,-2.0852661,0.34469605
15731,0.94161987,-2.1290588,0.36376953
15732,1.0317993,-2.2355652,0.38970947
15733,0.8833313,-2.2172546,0.17593384
15734,0.96755981,-1.9737244,0.22415161
15735,1.1216736,-1.9165039,0.1763916
15736,1.0467529,-2.0053101,0.23529053
15737,1.1920166,-1.9622803,0.054168701
15738,1.015625,-2.0872498,-0.031433105
15739,1.1239624,-1.9769287,-0.042419434
15740,1.1856079,-1.8479919,-0.23239136
15741,1.1642456,-1.7259216,-0.19851685
15742,1.2322998,-1.6783142,-0.17501831
15743,1.2734985,-1.6645813,-0.17532349
15744,1.2599182,-1.5565491,-0.28121948
15745,1.1526489,-1.4564514,-0.30517578
15746,1.2322998,-1.5625,-0.22247315
15747,1.1618042,-1.3157654,-0.31326294
15748,1.1477661,-1.572113,-0.50979614
15749,1.2995911,-1.4715576,-0.63842773
15750,1.1549377,-1.4157104,-0.69747925
15751,1.2298584,-1.3365173,-0.58837891
15752,1.2477112,-1.2608337,-0.6628418
15753,1.2078857,-1.1499023,-0.7220459
15754,1.2028503,-0.9866333,-0.66482544
15755,1.1784363,-1.0557556,-0.81954956
15756,0.98876953,-1.1410522,-0.96557617
15757,1.0620117,-0.92025757,-1.0220337
15758,1.0314941,-0.72097778,-0.90026856
15759,1.081543,-0.79193115,-0.85083008
15760,1.022644,-0.67245483,-0.92849731
15761,1.015625,-0.76004028,-1.05896
15762,0.91796875,-0.53070068,-1.0429382
15763,0.98373413,-0.43518066,-1.2510681
15764,1.0845947,-0.44677734,-1.2017822
15765,1.0533142,-0.44677734,-1.0743713
15766,0.91613769,-0.51361084,-1.0704041
15767,0.91918945,-0.47348022,-1.0473633
15768,0.97091675,-0.38330078,-1.1077881
15769,0.85906982,-0.23986816,-1.255188
15770,0.70877075,-0.16662598,-1.2828064
15771,0.77194214,-0.21453857,-1.3269043
15772,0.77972412,-0.26184082,-1.3645935
15773,0.88531494,-0.038452148,-1.3250732
15774,0.69198608,-0.34423828,-1.3890076
15775,0.61660767,-0.47851563,-1.414032
15776,0.50979614,-0.30822754,-1.4642334
15777,0.41824341,0.11322022,-1.348114
15778,0.42373657,-0.053405762,-1.2994385
15779,0.42495728,0.37734985,-1.4463806
15780,0.35415649,0.3755188,-1.2205505
15781,0.17303467,0.19104004,-1.3104248
15782,0.23635864,0.27099609,-1.3735962
15783,0.23529053,0.36575317,-1.4657593
15784,0.21469116,0.42495728,-1.3259888
15785,0.16647339,0.44845581,-1.2182617
15786,0.21438599,0.52429199,-1.3751221
15787,0.18417358,0.75759888,-1.3563538
15788,0.044403076,0.85266113,-1.3208008
15789,0.035095215,0.71960449,-1.4724731
15790,0.087280273,0.84762573,-1.3046265
15791,-0.055389404,0.74615478,-1.2886047
15792,-0.1083374,0.72753906,-1.3026428
15793,-0.074157715,0.88012695,-1.3470459
15794,-0.16571045,0.91247559,-1.1950684
15795,-0.30883789,0.87081909,-1.2385559
15796,-0.43579102,0.92849731,-1.1679077
15797,-0.37155151,1.0372925,-1.2197876
15798,-0.49209595,1.1743164,-1.1889648
15799,-0.54382324,1.2188721,-1.0394287
15800,-0.73852539,1.2496948,-0.84289551
15801,-0.6867981,1.3723755,-0.89172363
15802,-0.66650391,1.3130188,-1.0047913
15803,-0.73776245,1.2322998,-0.9538269
15804,-0.7623291,1.1801147,-0.94863892
15805,-0.79345703,1.2149048,-0.89706421
15806,-0.88317871,1.2136841,-0.83511353
15807,-0.95611572,1.3438416,-0.6867981
15808,-0.99121094,1.4056396,-0.88577271
15809,-1.0298157,1.5136719,-0.73364258
15810,-0.98587036,1.4601135,-0.63354492
15811,-1.3102722,1.3096619,-0.50735474
15812,-1.2957764,1.2382507,-0.43518066
15813,-1.3555908,1.3037109,-0.44723511
15814,-1.3037109,1.1843872,-0.49606323
15815,-1.3545227,1.1917114,-0.41793823
15816,-1.6253662,1.2628174,-0.22689819
15817,-1.603241,1.2039185,-0.14877319
15818,-1.5332031,1.2075806,-0.39810181
15819,-1.6184998,0.85205078,-0.74768066
15820,-1.7362976,1.330719,-0.24856567
15821,-1.6925049,1.1981201,-0.077209473
15822,-1.5454102,1.3848877,-0.13366699
15823,-1.8434143,1.3058472,0.045166016
15824,-1.7303467,1.335907,-0.079650879
15825,-1.7518616,1.2658691,0.045471191
15826,-1.8054199,1.234436,0.11489868
15827,-1.8240356,1.1849976,0.24810791
15828,-1.8800354,1.0629272,0.26794434
15829,-1.8615723,1.1517334,0.2532959
15830,-1.7080688,1.0255432,0.3086853
15831,-2.0094299,1.1752319,0.44403076
15832,-2.0193481,1.0168457,0.34835815
15833,-2.1911621,1.061554,0.521698
15834,-1.9052124,1.0606384,0.50857544
15835,-2.0579529,0.91827393,0.58517456
15836,-2.0751953,0.7875061,0.65429688
15837,-2.1652222,0.92529297,0.66360474
15838,-2.1336365,0.70571899,0.76324463
15839,-2.0927429,0.83557129,0.82855225
15840,-2.2302246,0.69366455,0.75866699
15841,-2.0892334,0.59570313,0.83755493
15842,-2.1643066,0.67138672,0.90316772
15843,-2.1044922,0.73242188,0.91125488
15844,-2.2851563,0.65063477,0.9689331
15845,-2.250824,0.41656494,1.0092163
15846,-2.2416687,0.98754883,1.0031128
15847,-2.2216797,0.42251587,1.1752319
15848,-2.2187805,0.29266357,1.2109375
15849,-2.1551514,0.24169922,1.2420654
15850,-2.2071838,0.22125244,1.2400818
15851,-2.2557068,0.27587891,1.3772583
15852,-2.124939,-0.016784668,1.2664795
15853,-2.1386719,-0.13549805,1.2619019
15854,-2.1107483,-0.21438599,1.317749
15855,-2.0594788,0.010223389,0.99395752
15856,-2.1037292,-0.1612854,1.3368225
15857,-2.0491028,-0.19424438,1.3261414
15858,-2.0475769,-0.46844482,1.4959717
15859,-2.0671082,-0.53695679,1.522522
15860,-1.9642639,-0.62438965,1.7315674
15861,-1.980896,-0.54931641,1.6203308
15862,-1.971283,-0.61553955,1.8629456
15863,-1.8437195,-0.6098938,1.6976929
15864,-1.9326782,-0.54870606,1.7359924
15865,-1.6178894,-0.63598633,1.7329407
15866,-2.040863,-0.625,1.9456482
15867,-1.9451904,-1.0150146,1.7327881
15868,-1.8289185,-0.92071533,1.7953491
15869,-1.7666626,-1.1181641,1.9094849
15870,-1.7930603,-1.15448,1.836853
15871,-1.6452026,-1.0740662,1.9793701
15872,-1.7425537,-1.1897278,2.0973206
15873,-1.6146851,-1.1032104,2.0890808
15874,-1.5620422,-1.2484741,2.0053101
15875,-1.6003418,-1.184845,2.076416
15876,-1.6194153,-1.4457703,1.9830322
15877,-1.6207886,-1.5386963,1.9049072
15878,-1.4459229,-1.469574,2.0228577
15879,-1.8000793,-1.4945984,1.9287109
15880,-1.4558411,-1.552124,2.020874
15881,-1.3664246,-1.5361023,2.0988464
15882,-1.2246704,-1.6867065,1.9819641
15883,-1.1959839,-1.673584,1.8595886
15884,-1.1051941,-1.592865,1.6229248
15885,-1.2237549,-1.7832947,1.8696594
15886,-1.1340332,-1.8688965,2.0622253
15887,-1.1485291,-1.8934631,1.95755
15888,-1.0032654,-2.0666504,1.9094849
15889,-0.93811035,-2.0654297,1.9674683
15890,-0.8543396,-1.9578552,2.0263672
15891,-0.66772461,-1.9952393,1.9854736
15892,-0.59967041,-1.9726563,1.9551086
15893,-0.74005127,-1.9992065,1.8252563
15894,-0.49819946,-2.015686,1.9306946
15895,-0.55618286,-2.0184326,1.9364929
15896,-0.51177978,-2.0729065,2.0077515
15897,-0.49362183,-2.1138,1.7849731
15898,-0.35888672,-2.3480225,1.7910767
15899,-0.30853272,-2.2265625,1.7468262
15900,-0.27709961,-2.5250244,1.6957092
15901,-0.18676758,-2.3416138,1.8373108
15902,-0.17929077,-2.3648071,1.5423584
15903,0.047149658,-2.3738098,1.595459
15904,-0.050048828,-2.3532104,1.5145874
15905,-0.024414063,-2.3638916,1.3519287
15906,0.02456665,-2.412262,1.4630127
15907,0.076141357,-2.4511719,1.2573242
15908,0.11474609,-2.539978,1.4668274
15909,0.16876221,-2.318573,1.2342834
15910,0.18234253,-2.3162842,1.3450623
15911,0.22293091,-2.5062561,1.2532043
15912,0.33950806,-2.5013733,1.1347961
15913,0.42755127,-2.2567749,1.3067627
15914,0.43487549,-2.3883057,1.038208
15915,0.42724609,-2.3774719,1.2123108
15916,0.50750732,-2.4208069,0.92666626
15917,0.61172485,-2.3306274,0.92376709
15918,0.62515259,-2.5057983,0.88043213
15919,0.79711914,-2.3490906,0.93154907
15920,0.6010437,-2.4125671,0.96618652
15921,0.8694458,-2.2805786,0.82275391
15922,0.86181641,-2.2962952,0.7824707
15923,0.79193115,-2.2879028,0.58029175
15924,0.76080322,-2.2709656,0.61203003
15925,0.97183228,-2.4163818,0.56640625
15926,0.97991943,-2.2413635,0.51574707
15927,1.0379028,-2.2753906,0.50079346
15928,0.87539673,-2.0480347,0.4486084
15929,0.94024658,-2.137146,0.44815064
15930,1.0897827,-2.0664978,0.25482178
15931,1.0375977,-2.0347595,0.17105103
15932,1.0250854,-2.0924377,0.14404297
15933,1.0617065,-1.9743347,0.095214844
15934,1.0035706,-2.0906067,0.000305176
15935,1.1862183,-2.0080566,0.014953613
15936,1.280365,-1.9863892,-0.14968872
15937,1.1260986,-2.0140076,-0.022735596
15938,1.2127686,-2.0393372,-0.19958496
15939,1.2031555,-1.8643188,-0.11611939
15940,1.1294556,-1.7578125,-0.35583496
15941,1.2928772,-1.7118835,-0.4826355
15942,1.3783264,-1.5312195,-0.4447937
15943,1.3000488,-1.5322876,-0.39154053
15944,1.2304688,-1.519928,-0.58837891
15945,1.3247681,-1.4572144,-0.58990478
15946,1.3752747,-1.4932251,-0.5871582
15947,1.34552,-1.6059875,-0.64788818
15948,1.1663818,-1.4846802,-0.53863525
15949,1.3075256,-1.4060974,-0.78948975
15950,1.3087463,-1.2113953,-0.70724487
15951,1.1938477,-1.2011719,-0.6880188
15952,1.1598206,-1.2927246,-0.6362915
15953,1.1352539,-1.0641479,-0.71685791
15954,1.2713623,-1.0542297,-0.90072632
15955,1.1999512,-1.027832,-0.887146
15956,1.1639404,-0.77087402,-0.92880249
15957,1.2557983,-0.90942383,-1.0641479
15958,1.1535645,-0.72296143,-0.94696045
15959,1.139679,-0.67840576,-1.0327148
15960,1.0926819,-0.62927246,-1.1669922
15961,1.1190796,-0.65429688,-1.0708618
15962,1.1044312,-0.46661377,-1.1790466
15963,1.0423279,-0.41625977,-1.2864685
15964,1.1262512,-0.46203613,-1.1749268
15965,0.94116211,-0.42816162,-1.3430786
15966,1.0679626,-0.46264648,-1.3987732
15967,0.98434448,-0.22964478,-1.2280273
15968,1.0153198,-0.18981934,-1.394043
15969,1.0015869,-0.33126831,-1.2532043
15970,0.87661743,-0.1133728,-1.2454224
15971,0.77651978,-0.21118164,-1.2480164
15972,0.89935303,-0.1473999,-1.3438416
15973,0.40344238,-0.34210205,-1.3040161
15974,0.63186646,-0.34927368,-1.5048218
15975,0.64804077,0.034790039,-1.7022705
15976,0.59783935,-0.087890625,-1.4556885
15977,0.362854,0.13671875,-1.4245605
15978,0.29190064,1.5063477,-1.4675903
15979,0.62210083,0.47912598,-1.3871765
15980,0.35140991,0.40466309,-1.4379883
15981,0.27191162,0.36071777,-1.4854431
15982,0.21484375,0.40435791,-1.6296387
15983,0.29968262,0.57022095,-1.4303589
15984,0.2607727,0.5581665,-1.3195801
15985,0.38024902,0.7409668,-1.34552
15986,0.2633667,0.78414917,-1.3146973
15987,0.18859863,0.93521118,-1.4048767
15988,0.15701294,0.90438843,-1.411438
15989,-0.063476563,1.0644531,-1.3891602
15990,0.068664551,0.93643188,-1.2963867
15991,-0.064544678,0.90301514,-1.3487244
15992,-0.23895264,0.85601807,-1.4118958
15993,-0.13702393,0.91506958,-1.3011169
15994,-0.26245117,0.88760376,-1.361084
15995,-0.46875,0.84609985,-1.162262
15996,-0.52124023,0.89416504,-1.0253906
15997,-0.57281494,1.1262512,-1.1112976
15998,-0.51696777,1.0461426,-0.98999023
15999,-0.46432495,1.2762451,-1.0778809
16000,-0.58746338,1.2962341,-0.93994141
16001,-0.71014404,1.2486267,-0.81695557
16002,-0.79910278,1.2023926,-0.6703186
16003,-0.80062866,1.2966919,-0.7673645
16004,-0.78598022,1.2989807,-0.79849243
16005,-0.89248657,1.3240051,-0.68969727
16006,-1.028595,1.4717102,-0.83709717
16007,-1.2149048,1.4653015,-0.75393677
16008,-1.222229,1.4497375,-0.65444946
16009,-1.2844849,1.2748718,-0.63461304
16010,-1.2586975,1.194458,-0.79391479
16011,-1.337738,1.2281799,-0.61126709
16012,-1.2762451,1.2208557,-0.49636841
16013,-1.2260437,1.3761902,-0.44219971
16014,-1.2571716,1.3787842,-0.47698975
16015,-1.5461731,1.3537598,-0.31814575
16016,-1.4395142,1.0267639,-0.27008057
16017,-1.4360046,1.09375,-0.15823364
16018,-1.6191101,1.1689758,-0.14297485
16019,-1.5203857,1.3301086,-0.20965576
16020,-1.6636658,1.224823,-0.2003479
16021,-1.7703247,1.184845,0.003509521
16022,-1.697998,1.244812,-0.18447876
16023,-1.8339539,1.0324097,-0.026092529
16024,-1.7823791,1.1181641,0.010986328
16025,-1.6894531,1.1805725,0.10955811
16026,-1.8534851,1.1355591,0.18051148
16027,-1.729126,1.1610413,0.14007568
16028,-1.9418335,1.2045288,0.22506714
16029,-1.9517517,1.0166931,0.082702637
16030,-2.0016479,1.0525513,0.26382446
16031,-2.0614624,0.97854614,0.28686523
16032,-2.0196533,1.0482788,0.36300659
16033,-1.8902588,1.0394287,0.43945313
16034,-2.0671082,0.77819824,0.46661377
16035,-1.9856262,0.85830688,0.62103272
16036,-2.0025635,0.64865112,0.65795898
16037,-2.0503235,0.82122803,0.71365356
16038,-2.0768738,0.76446533,0.90209961
16039,-2.1713257,0.61279297,0.95321655
16040,-2.1020508,0.37918091,0.90591431
16041,-2.0478821,0.62194824,1.0122681
16042,-2.1940613,0.67672729,1.0406494
16043,-2.1920776,0.14312744,0.99868774
16044,-2.0295715,0.59890747,0.99853516
16045,-2.0625305,0.45913696,1.1077881
16046,-2.2138977,0.4788208,1.2043762
16047,-2.258606,0.31890869,1.2886047
16048,-2.1984863,0.18615723,1.2393188
16049,-2.1388245,0.14022827,1.2434387
16050,-2.2007751,0.06439209,1.2911987
16051,-1.8481445,0.10696411,1.0348511
16052,-2.1452332,0.086212158,1.427002
16053,-1.9906616,-0.030212402,1.6323853
16054,-2.0205688,0.31158447,1.625824
16055,-2.1755981,-0.30105591,1.5884399
16056,-2.0048523,-0.18539429,1.6081238
16057,-2.0077515,-0.26000977,1.6119385
16058,-1.9329834,-0.27801514,1.6038513
16059,-1.9406128,-0.33752441,1.6864014
16060,-2.0613098,-0.54046631,1.8544006
16061,-1.9689941,-0.76568603,1.6995239
16062,-1.9451904,-0.74432373,1.7225647
16063,-2.0098877,-0.65948486,1.758728
16064,-1.8663025,-0.70907593,1.6996765
16065,-1.8537903,-0.87844849,1.900177
16066,-1.7179871,-1.0592651,1.7883301
16067,-1.8762207,-1.1161804,1.729126
16068,-1.7094421,-0.94802856,1.8609619
16069,-1.7826843,-0.90560913,1.7791748
16070,-1.8699646,-1.0229492,1.9070435
16071,-1.5576172,-0.89996338,1.9438171
16072,-1.6517639,-1.0758972,2.0199585
16073,-1.6938782,-1.2417603,1.8719482
16074,-1.434021,-1.2564087,2.0065308
16075,-1.3925171,-1.3066101,2.1409607
16076,-1.4448547,-1.5190125,1.9683838
16077,-1.3825989,-1.4730835,1.9062805
16078,-1.4138794,-1.3293457,2.0910645
16079,-1.3813782,-1.594696,1.8966675
16080,-1.2390137,-1.4938354,2.0056152
16081,-1.3896179,-1.5591431,2.0837402
16082,-1.2385559,-1.6157532,1.9732666
16083,-1.1628723,-1.6108704,2.0278931
16084,-1.0743713,-1.6610718,2.1380615
16085,-0.99227905,-1.6506958,2.0658875
16086,-0.97961426,-1.7713928,2.0932007
16087,-0.91796875,-1.7733765,2.0239258
16088,-0.92285156,-1.8397522,2.0553589
16089,-0.73791504,-1.7979431,1.9430542
16090,-0.68313599,-1.8527222,1.9190979
16091,-0.76202393,-1.9322205,1.7785645
16092,-0.58761597,-1.9766235,1.7900085
16093,-0.61187744,-1.9500732,1.8856812
16094,-0.4675293,-1.8151855,1.7907715
16095,-0.44036865,-2.0283508,1.7327881
16096,-0.41381836,-1.9563293,1.630249
16097,-0.43289185,-2.1224976,1.6618347
16098,-0.33599853,-2.2200012,1.6352844
16099,-0.20614624,-2.2039795,1.8339539
16100,-0.22460938,-2.177887,1.4347839
16101,-0.10696411,-2.0788574,1.5075684
16102,-0.12817383,-2.2468567,1.4151001
16103,-0.031738281,-2.1548462,1.3717651
16104,0.026855469,-2.0651245,1.4047241
16105,0.083007813,-2.3773193,1.4306641
16106,0.13946533,-2.3492432,1.1584473
16107,0.23498535,-2.328186,1.0725403
16108,0.20233154,-2.170105,1.1585999
16109,0.25680542,-2.5350952,1.2945557
16110,0.16204834,-2.1087646,1.2435913
16111,0.20202637,-2.3744202,1.1566162
16112,0.37475586,-2.1498108,1.0400391
16113,0.29846191,-2.0487976,1.0864258
16114,0.35171509,-2.2193909,1.0113525
16115,0.53375244,-2.2254944,1.0119629
16116,0.46432495,-2.1282959,0.98220825
16117,0.54718018,-2.1897888,0.85357666
16118,0.60089111,-2.086792,0.87158203
16119,0.80734253,-2.0343018,0.78109741
16120,0.71105957,-2.3149109,0.68023682
16121,0.53833008,-2.1435547,0.63873291
16122,0.80474853,-2.2599792,0.56060791
16123,0.89599609,-2.219696,0.59448242
16124,0.86914063,-2.1583557,0.54122925
16125,0.87203979,-2.0910645,0.46463013
16126,0.87402344,-1.9117737,0.51681519
16127,1.0035706,-2.0936584,0.39642334
16128,1.1024475,-2.127533,0.29968262
16129,1.0617065,-2.0654297,0.30563355
16130,1.0440063,-1.9216919,0.21392822
16131,1.0723877,-1.9604492,0.23254395
16132,1.1296082,-1.817627,0.1461792
16133,1.2449646,-1.8383789,0.074920654
16134,1.0507202,-1.7532349,0.012817383
16135,0.93048096,-1.8916321,0.007019043
16136,1.1761475,-1.762085,-0.23010254
16137,1.3198853,-1.6534424,-0.13626099
16138,1.1514282,-1.6638184,-0.12207031
16139,1.2902832,-1.599884,-0.26733398
16140,1.1726379,-1.5670776,-0.21438599
16141,1.1323547,-1.5936279,-0.26123047
16142,1.1279297,-1.6525269,-0.22659302
16143,1.2303162,-1.5473938,-0.46417236
16144,1.0595703,-1.4872742,-0.46600342
16145,1.1048889,-1.2335205,-0.47241211
16146,1.1817932,-1.244812,-0.51635742
16147,1.121521,-1.2689209,-0.59661865
16148,1.0713196,-1.2944031,-0.57601929
16149,1.0246277,-1.2898254,-0.77087402
16150,1.0687256,-1.2808228,-0.75469971
16151,1.0720825,-1.0906982,-0.84762573
16152,1.0147095,-1.0453796,-0.8013916
16153,1.1254883,-1.0412598,-0.78735352
16154,1.063385,-1.098175,-0.97442627
16155,1.0797119,-0.84274292,-0.88592529
16156,1.1090088,-0.69137573,-0.85281372
16157,1.1569214,-0.63064575,-1.0667419
16158,1.1694336,-0.47897339,-1.0049438
16159,1.1170959,-0.43869019,-0.99319458
16160,1.0559082,-0.51956177,-0.92208862
16161,0.9286499,-0.40512085,-0.97000122
16162,0.90530396,-0.36209106,-1.0830688
16163,0.73104858,-0.41946411,-1.1665344
16164,0.82717896,-0.43243408,-1.3194275
16165,0.91079712,-0.27252197,-1.3478088
16166,0.82809448,-0.15533447,-1.5901184
16167,0.76293945,-0.20339966,-1.1750793
16168,0.71136475,-0.1171875,-1.4251709
16169,0.68939209,-0.20431519,-1.2258911
16170,0.69030762,-0.10375977,-1.2789917
16171,0.69824219,0.014801025,-1.0668945
16172,0.050201416,-0.24536133,-1.3287354
16173,0.38833618,-0.49118042,-1.3400269
16174,0.32501221,-0.10528565,-1.3952637
16175,0.39398193,-0.17684937,-1.3157654
16176,0.50689697,0.075836182,-1.2576294
16177,0.15869141,0.8265686,-1.2438965
16178,0.3237915,0.30609131,-1.0324097
16179,0.18218994,0.46691894,-1.3078308
16180,0.40176392,0.45776367,-1.1779785
16181,0.19226074,0.51696777,-1.4067078
16182,0.1486206,0.65139771,-1.282196
16183,0.20111084,0.52612305,-1.1230469
16184,-0.000915527,0.64025879,-1.1643982
16185,0.052185059,0.48797607,-1.1605835
16186,-0.15655518,0.70724487,-1.2515259
16187,-0.099639893,0.73104858,-1.0974121
16188,-0.067749023,0.84701538,-1.2724304
16189,-0.047912598,0.76873779,-1.1483765
16190,-0.1574707,0.9274292,-1.2561035
16191,-0.26931763,0.78216553,-1.257782
16192,-0.3717041,0.76629639,-1.1758423
16193,-0.39245606,0.96038818,-1.2757874
16194,-0.57678223,0.84167481,-1.282196
16195,-0.38787842,0.86166382,-1.2670898
16196,-0.44631958,1.0803223,-1.2156677
16197,-0.54489136,1.1395264,-0.94299316
16198,-0.7409668,1.2289429,-0.92010498
16199,-0.65582275,1.027832,-0.96328735
16200,-0.77529907,0.95886231,-0.81985474
16201,-0.87982178,0.98999023,-0.74951172
16202,-0.88394165,1.1923218,-0.83465576
16203,-0.82473755,1.2493896,-0.69976807
16204,-0.92788696,1.2406921,-0.63049316
16205,-1.0830688,1.1657715,-0.45547485
16206,-1.1442566,1.3378906,-0.56427002
16207,-1.0415649,1.1811829,-0.54534912
16208,-1.1672974,1.1470032,-0.4826355
16209,-1.1953735,1.2132263,-0.4196167
16210,-1.365509,1.4131165,-0.37445068
16211,-1.4086914,1.1317444,-0.30303955
16212,-1.5429688,1.1276245,-0.36468506
16213,-1.5257263,0.6451416,-0.83282471
16214,-1.5318298,0.79925537,-0.46783447
16215,-1.3938904,0.81176758,-0.30471802
16216,-1.5522766,1.0017395,-0.31555176
16217,-1.5122986,1.084137,-0.11672974
16218,-1.6618347,1.1442566,-0.20324707
16219,-1.8322754,1.0818481,0.026855469
16220,-1.676178,1.0742188,-0.15594482
16221,-1.7826843,0.98571777,0.021209717
16222,-1.6781616,0.99105835,0.072937012
16223,-1.803894,1.0218811,0.20263672
16224,-1.8403625,0.96420288,0.20477295
16225,-1.9668579,1.02005,0.17883301
16226,-1.8728638,0.93505859,0.31890869
16227,-1.7405701,1.1328125,0.20324707
16228,-1.8968201,0.86502075,0.39825439
16229,-1.9638062,0.78842163,0.37445068
16230,-2.043457,0.88027954,0.56793213
16231,-2.0617676,0.72509766,0.51223755
16232,-2.0350647,0.7913208,0.42724609
16233,-1.9203186,0.84793091,0.60882568
16234,-1.9795227,0.82046509,0.62545776
16235,-2.127533,0.90393066,0.70220947
16236,-2.0602417,0.546875,0.61248779
16237,-2.1836853,0.56152344,0.55023193
16238,-2.076416,0.47821045,0.7194519
16239,-1.9134521,0.50857544,0.61355591
16240,-2.0671082,0.31082153,0.96618652
16241,-1.9754028,0.4284668,1.1105347
16242,-1.998291,0.2545166,1.1273193
16243,-2.0266724,1.1857605,1.1141968
16244,-2.1076965,0.23895264,1.174469
16245,-1.9923401,0.33660889,1.3769531
16246,-2.1621704,0.25375366,1.3674927
16247,-1.9966125,0.35369873,1.46698
16248,-2.1481323,0.19699097,1.4666748
16249,-1.9450378,0.079803467,1.3722229
16250,-1.9781494,-0.1171875,1.2718201
16251,-1.9351196,-0.069122314,1.3381958
16252,-1.9161987,-0.21957398,1.3980103
16253,-2.049408,-0.17547607,1.4582825
16254,-2.0571899,-0.29373169,1.6203308
16255,-1.9203186,-0.37002564,1.6619873
16256,-1.9863892,-0.39962769,1.4318848
16257,-1.8844604,-0.72769165,1.5913391
16258,-1.9558716,-0.57266235,1.6540527
16259,-1.8048096,-1.053009,1.6300964
16260,-1.9828796,-0.51452637,1.3569641
16261,-1.7901611,-0.93963623,1.6357422
16262,-1.7092896,-0.84136963,1.7634583
16263,-1.7788696,-0.92468262,1.6903687
16264,-1.776886,-0.9375,1.630249
16265,-1.6168213,-0.87219238,1.6938782
16266,-1.6053772,-0.91156006,1.7921448
16267,-1.5254211,-0.8366394,1.7492676
16268,-1.5960693,-0.89645386,1.8360901
16269,-1.6893005,-0.94741821,1.9064331
16270,-1.5454102,-1.005249,1.9134521
16271,-1.5644836,-1.1816406,1.9708252
16272,-1.2960815,-1.255188,1.8717957
16273,-1.3916016,-1.2815857,1.6931152
16274,-1.3989258,-1.3726807,1.5826416
16275,-1.3768005,-1.5338135,1.7152405
16276,-1.1433411,-1.3427734,1.8325806
16277,-1.3516235,-1.4497375,1.9317627
16278,-1.3058472,-1.5101624,1.7189026
16279,-1.2611389,-1.4642334,1.7749023
16280,-1.0643005,-1.5988159,1.7376709
16281,-1.1335754,-1.4993286,1.8287659
16282,-0.92590332,-1.612854,1.552887
16283,-0.95184326,-1.7907715,1.8354797
16284,-0.86212158,-1.8637085,1.675415
16285,-0.90194702,-1.7134094,1.7315674
16286,-0.84182739,-1.9093323,1.9171143
16287,-0.79879761,-2.0608521,1.729126
16288,-0.68435669,-1.9773865,1.6677856
16289,-0.5430603,-1.9398499,1.7340088
16290,-0.6703186,-1.8544006,1.7416382
16291,-0.61462402,-1.9926453,1.6477966
16292,-0.58166504,-1.9378662,1.7002869
16293,-0.47821045,-2.0021057,1.7105103
16294,-0.42327881,-2.1224976,1.7074585
16295,-0.31738281,-2.1330261,1.6090393
16296,-0.25192261,-2.2201538,1.6049194
16297,-0.22323608,-2.1492004,1.5661621
16298,-0.1789856,-2.0599365,1.4630127
16299,-0.11123657,-1.9798279,1.4874268
16300,-0.095214844,-1.9902039,1.468811
16301,0.010528564,-2.0741272,1.4117432
16302,0.054321289,-2.0951843,1.3761902
16303,0.11489868,-2.2137451,1.2919617
16304,0.1234436,-2.240448,1.2078857
16305,0.15380859,-2.2283936,1.1889648
16306,0.19378662,-2.1066284,1.1233521
16307,0.26702881,-2.1340942,1.0269165
16308,0.36224365,-2.2021484,0.88867188
16309,0.42816162,-2.2293091,0.79284668
16310,0.46569824,-1.9871521,0.95397949
16311,0.50308228,-1.8815613,0.98999023
16312,0.53375244,-1.7962646,0.95123291
16313,0.56564331,-1.9937134,0.86975098
16314,0.57647705,-2.1316528,0.67489624
16315,0.64315796,-2.1252441,0.65093994
16316,0.70770264,-2.2499084,0.57540894
16317,0.70755005,-2.154541,0.52383423
16318,0.64605713,-2.2479248,0.47821045
16319,0.7711792,-2.0666504,0.36270142
16320,0.8833313,-1.9839478,0.48751831
16321,0.83694458,-2.0384216,0.28137207
16322,0.85205078,-2.0056152,0.41351318
16323,0.81161499,-1.9895935,0.27206421
16324,0.99060059,-2.0767212,0.21865845
16325,0.86837769,-1.9631958,0.02746582
16326,0.9375,-1.9174194,0.080871582
16327,0.89355469,-1.7196655,0.16357422
16328,0.95336914,-1.7753601,0.10864258
16329,1.0366821,-1.8278503,0.15655518
16330,1.033783,-1.8464661,0.063018799
16331,0.94482422,-1.6416931,0.059661865
16332,1.0101318,-1.7269897,-0.14877319
16333,1.1035156,-1.6468811,-0.051269531
16334,1.1050415,-1.7179871,-0.25024414
16335,1.0888672,-1.6938782,-0.17608643
16336,1.1755371,-1.6589355,-0.31005859
16337,1.0774231,-1.8261719,-0.44830322
16338,0.98510742,-1.5907288,-0.40969849
16339,1.0635376,-1.5606689,-0.41320801
16340,1.0165405,-1.4431763,-0.53253174
16341,1.0639954,-1.3674927,-0.39978027
16342,1.0140991,-1.4199829,-0.58242798
16343,1.0806274,-1.4108276,-0.57922363
16344,1.1094666,-1.3005066,-0.58029175
16345,0.96160889,-1.2368774,-0.50445557
16346,1.133728,-1.1367798,-0.59555054
16347,0.99502563,-1.2263489,-0.54443359
16348,1.0664368,-1.0986328,-0.74737549
16349,1.1035156,-1.1355591,-0.62744141
16350,0.98999023,-0.99151611,-0.83023071
16351,0.98403931,-0.87905884,-0.74768066
16352,1.0543823,-0.91629028,-0.83633423
16353,0.9463501,-0.81741333,-0.80841065
16354,1.0070801,-0.72433472,-1.0301209
16355,1.0246277,-0.6803894,-1.0740662
16356,0.95153809,-0.56396484,-1.0418701
16357,0.87234497,-0.44128418,-1.1016846
16358,0.83496094,-0.48721314,-1.0877991
16359,0.83404541,-0.55236816,-0.87722778
16360,0.80154419,-0.39306641,-1.0690308
16361,0.9034729,-0.41641235,-1.0346985
16362,0.63293457,-0.25253296,-1.0144043
16363,0.7762146,-0.13839722,-0.99853516
16364,0.81054688,0.036621094,-1.0256958
16365,0.79879761,-0.11306763,-1.0231018
16366,0.5871582,-0.10299683,-1.2631226
16367,0.67611694,-0.12878418,-1.2231445
16368,0.47027588,-0.36178589,-1.3731384
16369,0.27816772,-0.40023804,-1.6362
16370,0.4737854,-0.16311645,-1.5324402
16371,0.40740967,0.024719238,-1.355896
16372,0.40649414,0.16983032,-1.1099243
16373,0.36712647,0.39672852,-1.1238098
16374,0.26184082,0.30029297,-1.2269592
16375,0.3364563,0.30090332,-1.2002563
16376,0.22766113,0.43807983,-1.2112427
16377,0.25726318,0.51803589,-1.114502
16378,0.20278931,0.39916992,-1.1187744
16379,0.019836426,0.46173096,-1.098175
16380,-0.13168335,0.48706055,-1.1080933
16381,-0.16952515,0.59494019,-1.2260437
16382,-0.13458252,0.63674927,-1.2966919
16383,-0.17456055,0.72143555,-1.2350464
16384,-0.29693603,0.81695557,-1.033783
16385,-0.35812378,0.82077026,-0.9487915
16386,-0.32836914,0.73745728,-1.1170959
16387,-0.31356811,0.97351074,-0.9703064
16388,-0.44372559,0.94619751,-0.87997437
16389,-0.53955078,0.93856812,-1.0447693
16390,-0.49957275,0.88256836,-1.0403442
16391,-0.43273926,0.85128784,-1.0162354
16392,-0.68359375,0.94619751,-1.0612488
16393,-0.66314697,1.0438538,-0.93109131
16394,-0.71456909,1.0899353,-0.81253052
16395,-0.64361572,1.0964966,-0.97229004
16396,-0.63766479,1.1938477,-0.91262817
16397,-0.90560913,1.2600708,-0.83511353
16398,-1.0058594,0.990448,-0.76873779
16399,-0.96343994,1.0853577,-0.71777344
16400,-0.94558716,1.0629272,-0.66207886
16401,-0.91812134,1.2182617,-0.49255371
16402,-1.0144043,1.2413025,-0.52871704
16403,-1.1981201,1.3446045,-0.37445068
16404,-1.1209106,1.1578369,-0.37963867
16405,-1.1575317,1.1161804,-0.27572632
16406,-1.2588501,1.114502,-0.35949707
16407,-1.3188171,1.1106873,-0.32501221
16408,-1.4015198,1.1010742,-0.21881103
16409,-1.3154602,0.98968506,-0.27893066
16410,-1.2991333,0.91323853,-0.31692505
16411,-1.3983154,0.93185425,-0.10131836
16412,-1.414032,0.99517822,-0.1550293
16413,-1.5667725,0.97320557,0.014953613
16414,-1.5461731,0.93414307,-0.05859375
16415,-1.5962219,0.99899292,-0.02822876
16416,-1.5830994,1.1083984,-0.016784668
16417,-1.648407,1.1087036,0.069580078
16418,-1.5939331,0.99121094,0.12542725
16419,-1.678772,1.0467529,0.22369385
16420,-1.8701172,1.03302,0.21453857
16421,-1.7250061,1.0926819,0.25924683
16422,-1.920166,1.0678101,0.36529541
16423,-1.8530273,0.99029541,0.43319702
16424,-1.8139648,0.96817017,0.4776001
16425,-1.9021606,0.84869385,0.58197022
16426,-1.9398499,0.73760986,0.6803894
16427,-1.973877,0.68969727,0.59265137
16428,-1.9729614,0.67626953,0.58029175
16429,-1.9294739,0.50704956,0.56518555
16430,-2.0019531,0.61599731,0.71868897
16431,-1.8759155,0.63400269,0.65734863
16432,-1.8943787,0.572052,0.7649231
16433,-1.8479919,0.49331665,0.84564209
16434,-2.0037842,0.46630859,0.78811646
16435,-1.9908142,0.48538208,0.91308594
16436,-1.9572449,0.46340942,0.97671509
16437,-2.0062256,0.35644531,1.104126
16438,-1.8708801,0.21408081,1.2451172
16439,-1.9981384,0.25207519,1.1175537
16440,-1.8598938,0.13336182,1.0882568
16441,-1.8057251,0.041809082,1.0696411
16442,-1.9238281,1.1837769,1.2817383
16443,-1.8937683,0.15319824,1.1024475
16444,-1.864624,0.096740723,1.5110779
16445,-1.7977905,0.044250488,1.3282776
16446,-1.8484497,0.031890869,1.3705444
16447,-1.8136597,-0.034179688,1.4562988
16448,-1.897583,-0.18615723,1.5228271
16449,-1.7869568,-0.39001465,1.3798523
16450,-1.8185425,-0.40588379,1.471405
16451,-1.8103027,-0.33477783,1.6064453
16452,-1.8395996,-0.54931641,1.6011047
16453,-1.7955017,-0.67520142,1.5063477
16454,-1.8388367,-0.68832397,1.5298462
16455,-1.7637634,-0.7107544,1.4935303
16456,-1.7074585,-0.73257446,1.6442871
16457,-1.738739,-0.76538086,1.7825317
16458,-1.7411804,-0.74645996,1.7695618
16459,-1.7056274,-0.85952759,1.7622375
16460,-1.5518188,-0.76202393,1.8333435
16461,-1.5823364,-0.96008301,1.8177795
16462,-1.6723633,-1.0575867,1.8136597
16463,-1.5489197,-1.1747742,1.7333984
16464,-1.5313721,-1.0247803,1.8310547
16465,-1.4201355,-0.94696045,1.8762207
16466,-1.4984131,-0.93231201,1.8743896
16467,-1.3830566,-1.1759949,2.0567322
16468,-1.3711548,-1.3079834,1.8266296
16469,-1.2908936,-1.4216614,1.7640686
16470,-1.2304688,-1.3540649,1.7788696
16471,-1.3743591,-1.3571167,1.8531799
16472,-1.2129211,-1.7074585,1.769104
16473,-1.0662842,-1.7599487,1.6766357
16474,-1.1294556,-1.6131592,1.8203735
16475,-0.9854126,-1.7370605,1.7694092
16476,-1.0783386,-1.5953064,1.8424988
16477,-1.0025024,-1.4518738,1.8289185
16478,-0.98190308,-1.7033386,1.7906189
16479,-0.84075928,-1.7333984,1.8295288
16480,-0.78781128,-1.7276001,1.7863464
16481,-0.61035156,-1.8708801,1.762085
16482,-0.71304321,-1.746521,1.8522644
16483,-0.68832397,-1.9386291,1.5899658
16484,-0.51940918,-1.9186401,1.5930176
16485,-0.40557861,-2.0877075,1.5351868
16486,-0.49072266,-2.0565796,1.7167664
16487,-0.30212402,-1.9989014,1.6995239
16488,-0.19485474,-2.0530701,1.6035461
16489,-0.30303955,-2.0397949,1.5534973
16490,-0.30807495,-2.0831299,1.5539551
16491,-0.30548096,-2.0800781,1.3522339
16492,-0.19943237,-2.1662903,1.3220215
16493,-0.14511108,-2.2203064,1.3883972
16494,-0.20446777,-2.0262146,1.4451599
16495,-0.056762695,-2.0922852,1.3623047
16496,0.076751709,-2.1116638,1.2649536
16497,0.030059814,-2.0001221,1.2084961
16498,0.20141602,-2.0147705,1.204834
16499,0.16113281,-2.1472168,1.2272644
16500,0.17684937,-2.2402954,1.3542175
16501,0.26763916,-2.1711731,1.0559082
16502,0.18707275,-2.0869446,1.0183716
16503,0.29174805,-2.192688,1.0144043
16504,0.29251099,-2.2492981,0.98632813
16505,0.35018921,-2.1568298,0.80261231
16506,0.45898438,-2.3417664,0.8744812
16507,0.42984009,-2.2320557,0.85235596
16508,0.50231934,-2.2396851,0.77880859
16509,0.56915283,-2.2216797,0.64483643
16510,0.59417725,-2.1234131,0.74707031
16511,0.53619385,-1.9973755,0.74615478
16512,0.78735352,-2.0588684,0.57907104
16513,0.59371948,-2.1865845,0.51239014
16514,0.7661438,-1.9825745,0.47912598
16515,0.86364746,-1.9152832,0.50262451
16516,0.87203979,-1.9500732,0.43060303
16517,0.94985962,-1.9241333,0.38787842
16518,0.81329346,-1.9270325,0.24185181
16519,0.93643188,-1.9090271,0.17471313
16520,1.0470581,-1.8667603,0.21087647
16521,0.85327148,-1.7253113,0.21072388
16522,0.98312378,-1.8292236,0.009765625
16523,0.92330933,-1.7933655,-0.09262085
16524,1.0890198,-1.8510437,-0.10055542
16525,1.2052917,-1.802063,-0.13000488
16526,1.0015869,-1.6984558,-0.14053345
16527,0.87890625,-1.7080688,-0.16113281
16528,1.0681152,-1.8223572,-0.27557373
16529,1.0549927,-1.6387939,-0.38284302
16530,1.065979,-1.7399597,-0.26550293
16531,1.1172485,-1.6017151,-0.39733887
16532,1.1256409,-1.505127,-0.4296875
16533,1.1437988,-1.6435242,-0.55358887
16534,1.1434937,-1.4425659,-0.61584473
16535,1.1453247,-1.4463806,-0.51071167
16536,1.2709045,-1.2756348,-0.50048828
16537,1.0882568,-1.1698914,-0.52337647
16538,1.1624146,-1.2945557,-0.69717407
16539,1.2348938,-1.2413025,-0.60302734
16540,1.0006714,-1.0263062,-0.61157227
16541,0.97854614,-0.93490601,-0.67016602
16542,0.97457886,-1.1027527,-0.88256836
16543,1.0116577,-1.0534668,-0.86288452
16544,1.0217285,-0.94604492,-0.86288452
16545,0.90011597,-1.0249329,-0.83480835
16546,0.99761963,-0.92285156,-0.9046936
16547,0.9664917,-0.93795776,-0.9034729
16548,1.008606,-0.6842041,-0.94573975
16549,1.0212708,-0.62652588,-0.91369629
16550,0.93383789,-0.59829712,-1.0180664
16551,1.0977173,-0.51696777,-1.0391235
16552,0.87997437,-0.39535522,-1.1662292
16553,0.80932617,-0.46905518,-1.1857605
16554,0.87051392,-0.2230835,-1.1860657
16555,0.77728272,-0.25909424,-1.1616516
16556,0.78491211,-0.23803711,-1.0852051
16557,0.87295532,-0.11306763,-1.0864258
16558,0.62988281,-0.18341065,-1.2068176
16559,0.6678772,-0.17807007,-1.2417603
16560,0.63903809,0.072937012,-1.1079407
16561,0.42648315,-0.39535522,-1.4588928
16562,0.66894531,-0.22583008,-1.3711548
16563,0.59524536,0.010986328,-1.2983704
16564,0.51269531,0.037078857,-1.5560913
16565,0.36437988,0.13595581,-1.3218689
16566,0.3642273,0.23223877,-1.4233398
16567,0.31188965,0.34637451,-1.3731384
16568,0.19714356,0.34957886,-1.2483215
16569,0.31051636,0.31738281,-1.3201904
16570,0.23803711,0.28656006,-1.2594604
16571,0.21789551,0.69229126,-1.2738037
16572,0.061035156,0.62316894,-1.1026001
16573,0.16998291,0.51773071,-1.242981
16574,0.1625061,0.42617798,-1.4047241
16575,0.20019531,1.5266418,-1.4344788
16576,-0.016174316,0.50033569,-1.1521912
16577,-0.033111572,0.62652588,-1.2063599
16578,0.007324219,0.77667236,-1.1784363
16579,-0.1751709,0.78323364,-1.3592529
16580,-0.21316528,0.85922241,-1.1714172
16581,-0.28198242,0.96069336,-1.0757446
16582,-0.4826355,0.99014282,-1.0308838
16583,-0.56686401,1.0977173,-1.0070801
16584,-0.53756714,1.0076904,-1.0780334
16585,-0.6237793,1.0455322,-1.0972595
16586,-0.61645508,0.92758179,-0.97198486
16587,-0.59280396,1.0325623,-0.79040527
16588,-0.65734863,1.1035156,-0.93429565
16589,-0.65139771,0.88775635,-0.86410522
16590,-0.78964233,0.96801758,-0.79116821
16591,-0.89553833,1.0333252,-0.80505371
16592,-0.90667725,1.1549377,-0.77636719
16593,-0.8215332,1.3201904,-0.71426392
16594,-0.93795776,1.2516785,-0.76522827
16595,-1.1309814,1.2112427,-0.85754394
16596,-1.3171387,1.0821533,-0.66146851
16597,-1.214447,1.2283325,-0.58135986
16598,-1.2861633,1.3342285,-0.44555664
16599,-1.3648987,1.1592102,-0.38635254
16600,-1.3439941,1.2295532,-0.54122925
16601,-1.2864685,1.2110901,-0.26702881
16602,-1.4300537,1.2504578,-0.13595581
16603,-1.4801025,1.2535095,-0.12893677
16604,-1.3945007,1.0049438,-0.21911621
16605,-1.3761902,1.1209106,-0.15548706
16606,-1.6307068,0.98846435,-0.33691406
16607,-1.5264893,0.92926025,-0.13381958
16608,-1.6894531,0.97900391,-0.015411377
16609,-1.5827942,0.87554932,-0.11581421
16610,-1.6329956,1.048584,-0.060272217
16611,-1.6369629,1.2861633,-0.052185059
16612,-1.6249084,1.3587952,0.082397461
16613,-1.7166138,1.0174561,0.050354004
16614,-1.6267395,1.0284424,0.24475098
16615,-1.7312622,0.88409424,0.2053833
16616,-1.7492676,0.94238281,0.21499634
16617,-2.0429993,0.86929321,0.43762207
16618,-1.9812012,0.79101563,0.34973144
16619,-1.9538879,0.89202881,0.55755615
16620,-1.9277954,0.77667236,0.45898438
16621,-1.8937683,0.8934021,0.56121826
16622,-2.0742798,0.7749939,0.59997559
16623,-2.23526,0.72784424,0.72662353
16624,-2.0932007,0.60394287,0.78231812
16625,-2.0274353,0.7345581,0.81985474
16626,-1.9662476,0.52215576,0.84777832
16627,-2.1376038,0.59783935,0.89538574
16628,-2.1124268,0.54595947,1.1218262
16629,-2.0150757,0.51696777,0.90866089
16630,-1.9891357,0.53161621,0.90179443
16631,-1.9000244,0.50033569,1.0505676
16632,-1.8536377,0.56442261,0.98114014
16633,-2.1069336,0.728302,1.2254334
16634,-1.9754028,0.52749634,1.2762451
16635,-2.1881104,0.15823364,1.2107849
16636,-2.0518494,0.055541992,1.089325
16637,-2.0988464,0.002288818,1.2023926
16638,-1.9921875,0.002593994,1.3520813
16639,-2.0370483,-0.23742676,1.3867188
16640,-2.0683289,-0.36758423,1.3122559
16641,-2.1258545,-0.29815674,1.0707092
16642,-2.0602417,0.39871216,1.4755249
16643,-2.0349121,1.4987183,1.4907837
16644,-2.0071411,-0.032501221,1.6261291
16645,-1.9096375,-0.32577515,1.5434265
16646,-1.9116211,-0.47515869,1.5431213
16647,-1.8490601,-0.50048828,1.472168
16648,-1.8154907,-0.7975769,1.5888977
16649,-1.8276978,-0.53665161,1.5991211
16650,-1.8049622,-0.83816528,1.7248535
16651,-1.7922974,-0.86746216,1.8083191
16652,-1.6275024,-1.1624146,1.7427063
16653,-1.8067932,-0.91125488,1.711731
16654,-1.9010925,-0.81420898,1.9009399
16655,-1.6433716,-0.8782959,1.8247986
16656,-1.6738892,-0.7901001,1.9258118
16657,-1.7214966,-1.0499573,1.7433166
16658,-1.7243958,-1.2210083,1.8475342
16659,-1.5402222,-1.252594,1.9245911
16660,-1.6165161,-1.239624,1.7765808
16661,-1.6307068,-1.2484741,1.9520569
16662,-1.6867065,-1.4247131,1.9430542
16663,-1.4532471,-1.350708,1.9499207
16664,-1.5109253,-1.2915039,2.1792603
16665,-1.3917541,-1.3285828,1.8440247
16666,-1.1289978,-1.4865112,1.889801
16667,-1.1889648,-1.5686035,1.9020081
16668,-1.0964966,-1.506958,1.9801331
16669,-1.073761,-1.6665649,2.0562744
16670,-1.0722351,-1.7163086,2.0263672
16671,-1.055603,-1.7797852,1.887207
16672,-0.96176147,-1.8199158,1.7773438
16673,-1.0409546,-1.7773438,1.7138672
16674,-0.77423096,-1.8644714,1.6897583
16675,-0.85144043,-1.8389893,1.743927
16676,-0.74737549,-1.960907,1.7707825
16677,-0.73852539,-1.9848633,1.7713928
16678,-0.69747925,-1.9500732,1.743927
16679,-0.55709839,-1.8580627,1.7208862
16680,-0.59631348,-1.8865967,1.7236328
16681,-0.54641724,-1.7582703,1.725769
16682,-0.54077148,-1.6687012,1.6821289
16683,-0.45349121,-2.0471191,1.7098999
16684,-0.48812866,-1.9493103,1.7765808
16685,-0.30944824,-2.1276855,1.700592
16686,-0.42770386,-2.2471619,1.652832
16687,-0.22109985,-2.2145081,1.5737915
16688,-0.24169922,-2.1022034,1.5229797
16689,-0.19821167,-2.3979187,1.4692688
16690,-0.23544312,-2.2566223,1.3763428
16691,-0.29998779,-2.2012329,1.408844
16692,-0.20431519,-2.228241,1.3220215
16693,0.088348389,-2.1681213,1.3955688
16694,0.097045898,-1.9960022,1.2423706
16695,0.21850586,-2.0709229,1.1816406
16696,0.14892578,-1.8540955,1.1172485
16697,0.38787842,-2.2680664,1.14151
16698,0.39581299,-2.3899841,1.0516357
16699,0.46630859,-2.3834229,1.177063
16700,0.53253174,-2.3420715,0.94787598
16701,0.6703186,-2.2483826,0.95031738
16702,0.7572937,-2.3162842,0.84274292
16703,0.64025879,-2.3394775,0.8670044
16704,0.57937622,-2.412262,0.76797485
16705,0.71411133,-2.5259399,0.71517944
16706,0.75973511,-2.3851013,0.66146851
16707,0.76049805,-2.5090027,0.38955689
16708,0.88150024,-2.2372437,0.5935669
16709,0.80841065,-2.2544861,0.69580078
16710,0.91003418,-2.237854,0.40100098
16711,0.78399658,-2.2119141,0.48370361
16712,0.95291138,-2.303009,0.30944824
16713,0.99441528,-2.1894836,0.35568237
16714,1.0542297,-2.2343445,0.15075684
16715,1.1772156,-2.1322632,0.25650024
16716,0.99685669,-2.1337891,0.21316528
16717,1.0420227,-2.2332764,0.059356689
16718,1.0838318,-2.2290039,0.016326904
16719,1.12854,-2.01828,0.037384033
16720,1.242981,-2.052002,0.000152588
16721,1.1341858,-1.7625427,-0.076446533
16722,1.2928772,-1.8591309,-0.084838867
16723,1.1289978,-1.7828369,-0.089416504
16724,1.222229,-1.7953491,-0.28625488
16725,1.1251831,-1.8338013,-0.30487061
16726,1.3742065,-1.8154907,-0.25390625
16727,1.2446594,-1.7999268,-0.49133301
16728,1.3366699,-1.6439819,-0.52566528
16729,1.2493896,-1.5725708,-0.62835693
16730,1.3929749,-1.5405273,-0.48583984
16731,1.2811279,-1.4950562,-0.56930542
16732,1.2814331,-1.4202881,-0.6173706
16733,1.2472534,-1.2910461,-0.57022095
16734,1.4102173,-1.3179016,-0.72418213
16735,1.164093,-1.4285278,-0.92712402
16736,1.3452148,-1.2162781,-0.86791992
16737,1.1308289,-1.1534119,-0.94207764
16738,1.2286377,-1.0935974,-0.84274292
16739,1.0466003,-1.006012,-0.96603394
16740,1.040802,-0.87936401,-0.87646484
16741,1.1358643,-0.7913208,-1.0018921
16742,1.060791,-0.54367065,-0.95123291
16743,1.0386658,-0.77484131,-0.91384888
16744,1.0475159,-0.6829834,-1.0191345
16745,1.0388184,-0.60852051,-1.0031128
16746,1.1347961,-0.6401062,-1.0650635
16747,0.9753418,-0.57189941,-1.1468506
16748,1.1264038,-0.39825439,-1.2414551
16749,1.0791016,-0.36346436,-1.2934875
16750,0.97854614,-0.42251587,-1.2243652
16751,0.95214844,-0.31677246,-1.2443542
16752,0.99334717,-0.1789856,-1.4212036
16753,0.9703064,-0.065612793,-1.2200928
16754,0.85189819,-0.23803711,-1.3638306
16755,0.62255859,-0.21667481,-1.321106
16756,0.72311401,-0.12634277,-1.3653564
16757,0.84274292,-0.006256104,-1.2353516
16758,0.63476563,0.031738281,-1.3150024
16759,0.49377441,-0.2432251,-1.5357971
16760,0.4536438,0.057525635,-1.4372253
16761,0.55099487,0.30517578,-1.3938904
16762,0.56350708,0.26321411,-1.5124512
16763,0.54855347,0.27786255,-1.4134216
16764,0.35705566,0.27496338,-1.4213562
16765,0.3678894,0.33950806,-1.2350464
16766,0.41900635,0.43273926,-1.2918091
16767,0.2267456,0.32440186,-1.2680054
16768,0.26855469,0.46279907,-1.5159607
16769,0.26412964,0.5909729,-1.5209961
16770,0.2772522,0.73944092,-1.3111877
16771,0.07232666,0.6968689,-1.1479187
16772,0.033569336,0.64422607,-1.2089539
16773,-0.19805908,0.3894043,-1.4176941
16774,-0.19271851,0.42297363,-1.5562439
16775,-0.14984131,0.56243897,-1.3671875
16776,-0.20431519,0.92041016,-1.3821411
16777,-0.35949707,0.90270996,-1.2641907
16778,-0.3288269,0.89157104,-1.3589478
16779,-0.2482605,0.95993042,-1.0639954
16780,-0.50338745,0.95489502,-1.0021973
16781,-0.56503296,1.1425781,-1.1524963
16782,-0.56777954,1.1611938,-1.0551453
16783,-0.62225342,1.2161255,-1.1270142
16784,-0.76263428,1.1854553,-0.86166382
16785,-0.80688477,1.1174011,-0.98770142
16786,-0.83511353,1.3058472,-0.8253479
16787,-0.9324646,1.1219788,-0.78781128
16788,-0.82626343,1.2005615,-0.89904785
16789,-0.88287353,1.2654114,-0.90255737
16790,-1.0139465,1.3040161,-0.73028565
16791,-0.95230103,1.4199829,-0.70953369
16792,-1.0894775,1.3206482,-0.72860718
16793,-1.1901855,1.2319946,-0.57128906
16794,-1.1242676,1.2001038,-0.7069397
16795,-1.184845,1.1779785,-0.42449951
16796,-1.1953735,1.3653564,-0.39733887
16797,-1.2823486,1.418457,-0.35018921
16798,-1.5133667,1.4859009,-0.262146
16799,-1.52771,1.4031982,-0.33706665
16800,-1.5888977,1.3691711,-0.1940918
16801,-1.633606,1.3233948,-0.046691895
16802,-1.6711426,1.2988281,-0.06942749
16803,-1.6867065,1.2884521,-0.068206787
16804,-1.5464783,1.3722229,-0.16067505
16805,-1.7750549,1.3214111,-0.016784668
16806,-1.8545532,1.2469482,0.044555664
16807,-1.7932129,1.3072205,0.007476807
16808,-1.8113709,1.2161255,0.11901856
16809,-1.8855286,1.3163757,0.085601807
16810,-1.8655396,1.2258911,0.15777588
16811,-2.036438,1.2869263,0.19729614
16812,-1.9746399,1.2190247,0.27191162
16813,-2.1276855,1.1056519,0.19607544
16814,-2.1368408,1.0906982,0.39154053
16815,-2.0834351,1.1463928,0.40283203
16816,-2.1426392,1.1097717,0.60089111
16817,-1.9515991,1.1019897,0.56442261
16818,-2.0297241,0.99304199,0.60119629
16819,-2.1766663,0.9375,0.71746826
16820,-2.1031189,0.80688477,0.84243774
16821,-2.1937561,0.81314087,0.58227539
16822,-2.2599792,0.91491699,0.83847046
16823,-2.3126221,0.69198608,0.85952759
16824,-2.4713135,0.59585571,0.86273193
16825,-2.2970581,0.63323975,1.0147095
16826,-2.3075867,0.52993774,0.89492798
16827,-2.2061157,0.50704956,0.93444824
16828,-2.1603394,0.5128479,0.98007202
16829,-2.0536804,0.5116272,1.0887146
16830,-1.9662476,0.23849487,1.03302
16831,-2.240448,0.26489258,1.325531
16832,-2.1398926,0.21530151,1.1956787
16833,-2.0495605,0.3779602,1.3388062
16834,-1.9163513,-0.084228516,1.4503479
16835,-2.1867371,0.095214844,1.5608215
16836,-2.1832275,0.052337646,1.3244629
16837,-2.0700073,-0.021820068,1.5234375
16838,-2.1853638,-0.10223389,1.608429
16839,-2.1954346,-0.23178101,1.3482666
16840,-2.0042419,-0.35186768,1.2579346
16841,-2.0739746,-0.49880981,1.4329529
16842,-2.2015381,-0.57617188,1.7062378
16843,-2.1788025,0.038299561,1.7706299
16844,-1.9436646,-0.25207519,1.7623901
16845,-2.1739197,-0.58578491,1.8060303
16846,-2.0228577,-0.53451538,1.8211365
16847,-1.88797,-0.5430603,1.8583679
16848,-2.1525574,-0.58135986,1.6040039
16849,-1.9239807,-0.7572937,1.6688538
16850,-1.920166,-0.71502685,1.7800903
16851,-1.8133545,-0.68405151,1.9129944
16852,-1.9400024,-0.87982178,1.8380737
16853,-1.794281,-0.95535278,1.8963623
16854,-1.7330933,-1.1106873,1.6696167
16855,-1.5809631,-1.1677551,1.8383789
16856,-1.54953,-0.99121094,1.9076538
16857,-1.5710449,-1.0369873,1.9667053
16858,-1.5625,-1.3269043,1.8380737
16859,-1.5763855,-1.3993835,1.7327881
16860,-1.4112854,-1.3609314,1.9573975
16861,-1.3252258,-1.449585,1.8173218
16862,-1.5280151,-1.2860107,1.9348145
16863,-1.47995,-1.5525818,1.9398499
16864,-1.2979126,-1.519165,2.1203613
16865,-1.370697,-1.3761902,2.1159363
16866,-1.0668945,-1.4219666,2.0318604
16867,-1.1239624,-1.5776062,1.9673157
16868,-1.0150146,-1.6809082,2.0414734
16869,-1.0404968,-1.6915894,2.0756531
16870,-0.9185791,-1.8893433,1.9467163
16871,-0.82427978,-1.9615173,1.9729614
16872,-0.75149536,-2.0697021,2.0140076
16873,-0.83618164,-2.0178223,1.9929504
16874,-0.62408447,-1.978302,1.729126
16875,-0.67489624,-1.9555664,1.8508911
16876,-0.54473877,-2.1536255,2.0547485
16877,-0.62469482,-2.1403503,1.8418884
16878,-0.47195435,-2.0759583,1.7230225
16879,-0.51895142,-1.9950867,1.6633606
16880,-0.32897949,-2.1562195,1.6941834
16881,-0.12390137,-2.4339294,1.7268372
16882,-0.35873413,-2.2796631,1.7410278
16883,-0.23773193,-2.428894,1.676178
16884,-0.31326294,-2.4458313,1.5846252
16885,-0.20523071,-2.3562622,1.5837097
16886,-0.095062256,-2.2927856,1.4880371
16887,-0.05569458,-2.2509766,1.5104675
16888,-0.16296387,-2.3283386,1.3154602
16889,-0.090637207,-2.3875427,1.5040588
16890,0.14160156,-2.3554993,1.4030457
16891,0.20599365,-2.4736023,1.309967
16892,0.21072388,-2.5523376,1.3580322
16893,0.18798828,-2.4858093,1.2930298
16894,0.35934448,-2.3883057,1.2290955
16895,0.36834717,-2.2653198,1.0462952
16896,0.44616699,-2.3602295,1.0990906
16897,0.47988892,-2.3181152,1.2130737
16898,0.45913696,-2.3419189,1.0388184
16899,0.69335938,-2.3025513,1.0806274
16900,0.58685303,-2.3963928,1.0189819
16901,0.65322876,-2.5158691,0.82763672
16902,0.64605713,-2.3831177,0.7585144
16903,0.65185547,-2.2970581,0.7093811
16904,0.75714111,-2.1557617,0.73745728
16905,0.68496704,-2.2210693,0.64529419
16906,0.88302612,-2.2079468,0.55496216
16907,1.0023499,-2.250824,0.53161621
16908,0.88821411,-2.1903992,0.3213501
16909,0.8126831,-2.1916199,0.42999268
16910,0.92956543,-2.2016907,0.44540405
16911,0.95550537,-2.084198,0.36987305
16912,1.0473633,-2.0640564,0.19775391
16913,1.020813,-2.0477295,0.27160644
16914,1.0255432,-1.9873047,0.27252197
16915,1.1221313,-2.0489502,0.18829346
16916,1.1357117,-2.0272827,0.10406494
16917,1.2065125,-1.9622803,0.038452148
16918,1.2355041,-1.9708252,-0.020446777
16919,1.184845,-1.8865967,-0.09979248
16920,1.2072754,-1.8440247,-0.19515991
16921,1.2229919,-1.8559265,-0.32211304
16922,1.2203979,-1.8296814,-0.40969849
16923,1.2101746,-1.6880798,-0.18676758
16924,1.2165833,-1.8165588,-0.17028809
16925,1.3200378,-1.693573,-0.20782471
16926,1.2702942,-1.5100098,-0.2305603
16927,1.4273071,-1.5403748,-0.45806885
16928,1.4338684,-1.5658569,-0.41000366
16929,1.1029053,-1.6171265,-0.57800293
16930,1.3034058,-1.541748,-0.49072266
16931,1.3204956,-1.3705444,-0.62744141
16932,1.3471985,-1.1921692,-0.59036255
16933,1.1843872,-1.2684631,-0.69763184
16934,1.204071,-1.1497498,-0.8190918
16935,1.2135315,-0.99502563,-0.73196411
16936,1.2612915,-1.1534119,-0.93643188
16937,1.3800049,-0.90866089,-0.83282471
16938,1.2043762,-0.90042114,-0.81893921
16939,1.158905,-1.0107422,-0.97244263
16940,1.1721802,-0.78292847,-0.9916687
16941,1.0400391,-0.71502685,-1.1169434
16942,0.98937988,-0.52551269,-0.94711304
16943,1.0005188,-0.31616211,-1.0203552
16944,0.87585449,-0.51467896,-1.1688232
16945,1.2783813,-0.68450928,-1.3064575
16946,0.99121094,-0.37200928,-1.2736511
16947,0.93994141,-0.28778076,-1.2147522
16948,0.94177246,-0.46691894,-1.3134766
16949,0.93383789,-0.36605835,-1.3386536
16950,0.85510254,-0.21148682,-1.3494873
16951,0.85388184,-0.16647339,-1.3719177
16952,0.79956055,-0.18218994,-1.3659668
16953,0.86837769,-0.055389404,-1.3986206
16954,0.7220459,-0.082550049,-1.3237
16955,0.69458008,-0.31463623,-1.4299011
16956,0.48278809,-0.43823242,-1.4059448
16957,0.52307129,-0.02456665,-1.5252686
16958,0.55557251,0.099945068,-1.4047241
16959,0.58807373,0.29266357,-1.398468
16960,0.45288086,0.36376953,-1.4828491
16961,0.44967651,0.35644531,-1.3038635
16962,0.39871216,0.37353516,-1.3024902
16963,0.47546387,0.46844482,-1.4750671
16964,0.20446777,0.39550781,-1.2689209
16965,0.33462524,0.44799805,-1.4335632
16966,0.098266602,0.35797119,-1.2391663
16967,0.072021484,0.59432983,-1.3818359
16968,0.24307251,0.60333252,-1.5002441
16969,0.16708374,0.62026978,-1.2312317
16970,-0.044708252,0.95367432,-1.2852478
16971,-0.10940552,1.0176086,-1.2615967
16972,-0.20812988,1.068573,-1.3208008
16973,-0.092010498,0.96939087,-1.3272095
16974,-0.28549194,0.93383789,-1.1630249
16975,-0.30517578,0.94680786,-1.2014771
16976,-0.4246521,0.94696045,-1.2101746
16977,-0.47164917,0.92697144,-1.2072754
16978,-0.45181274,1.0145569,-1.1976624
16979,-0.59173584,1.0621643,-1.0813904
16980,-0.58807373,1.1541748,-1.1068726
16981,-0.66345215,1.2684631,-1.0246277
16982,-0.75302124,1.3650513,-0.98327637
16983,-0.77987671,1.3156128,-0.90393066
16984,-0.89584351,1.3592529,-0.77072144
16985,-0.90698242,1.1659241,-0.77880859
16986,-0.92636108,1.1845398,-0.81100464
16987,-1.1056519,1.2062073,-0.75881958
16988,-1.0919189,1.230011,-0.77804565
16989,-1.2139893,1.3378906,-0.72174072
16990,-1.350708,1.3694763,-0.61706543
16991,-1.2052917,1.3893127,-0.57174683
16992,-1.2199402,1.3485718,-0.65795898
16993,-1.3378906,1.3310242,-0.49911499
16994,-1.3252258,1.2477112,-0.64605713
16995,-1.4247131,1.2475586,-0.50247192
16996,-1.3368225,1.3101196,-0.35400391
16997,-1.3751221,1.3093567,-0.28488159
16998,-1.3891602,1.2573242,-0.31280518
16999,-1.6844177,0.9828186,-0.23925781
17000,-1.6044617,1.1521912,-0.17242432
17001,-1.698761,1.0888672,-0.13641357
17002,-1.8225098,1.0391235,-0.072631836
17003,-1.6986084,0.93475342,-0.1020813
17004,-1.6824341,1.0961914,-0.043792725
17005,-1.6346741,1.1994934,0.068664551
17006,-1.7941284,1.2025452,0.11642456
17007,-1.8692017,1.1993408,0.29571533
17008,-2.0375061,1.2249756,0.28121948
17009,-1.9329834,1.0952759,0.28152466
17010,-1.9250488,1.1323547,0.28442383
17011,-1.8704224,1.1022949,0.37353516
17012,-2.0056152,1.1605835,0.45257568
17013,-1.9117737,1.0383606,0.32897949
17014,-1.9657898,0.96038818,0.46020508
17015,-1.9755554,1.0487366,0.48339844
17016,-2.1568298,1.0067749,0.57617188
17017,-2.1928406,0.88378906,0.70236206
17018,-2.1234131,0.83068848,0.70648193
17019,-2.129364,0.62744141,0.76675415
17020,-2.1299744,0.8694458,0.77026367
17021,-2.1832275,0.76171875,0.88012695
17022,-2.0726013,0.70877075,1.0571289
17023,-2.22229,0.62850952,0.94818115
17024,-2.1476746,0.58685303,0.97213745
17025,-2.2337341,0.41320801,0.84854126
17026,-2.2624207,0.39794922,1.0281372
17027,-2.2431946,0.39138794,1.1863709
17028,-2.0288086,0.25588989,1.1680603
17029,-2.0927429,0.23010254,1.2644959
17030,-1.9415283,0.25100708,1.2716675
17031,-1.9921875,0.15991211,1.3842773
17032,-2.1769714,-0.069122314,1.4833069
17033,-2.1920776,-0.02456665,1.3526916
17034,-2.1142578,-0.11322022,1.403656
17035,-2.2019958,-0.14877319,1.2854004
17036,-2.0965576,-0.13702393,1.46698
17037,-2.0692444,-0.27938843,1.6479492
17038,-2.0077515,-0.19882202,1.2663269
17039,-2.1376038,-0.54550171,1.3832092
17040,-2.1022034,-0.41442871,1.5385437
17041,-2.1914673,-0.44387817,1.5106201
17042,-1.9439697,-0.60333252,1.7045593
17043,-1.9416809,-0.56488037,1.7355347
17044,-1.9540405,-0.6477356,1.9616699
17045,-1.893158,-0.70587158,1.849823
17046,-1.8685913,-0.60394287,1.940155
17047,-1.9163513,-0.71014404,1.8733215
17048,-1.9137573,-0.89920044,1.9047546
17049,-1.8441772,-1.0354614,1.7636108
17050,-1.7410278,-1.0778809,1.7495728
17051,-1.8127441,-1.2504578,1.7378235
17052,-1.6827393,-1.2132263,1.9488525
17053,-1.7778015,-1.1703491,1.7518616
17054,-1.7137146,-0.96313477,1.9241333
17055,-1.555481,-1.2480164,2.1347046
17056,-1.5061951,-1.1471558,2.0132446
17057,-1.5046692,-1.1288452,2.1739197
17058,-1.572876,-1.6119385,1.9999695
17059,-1.424408,-1.4935303,2.2241211
17060,-1.3598633,-1.5196228,1.9194031
17061,-1.2730408,-1.6184998,2.0393372
17062,-1.3142395,-1.4874268,2.1069336
17063,-1.2805176,-1.6113281,1.9772339
17064,-1.2072754,-1.9261169,1.7272949
17065,-1.2045288,-2.0161438,1.6616821
17066,-1.0850525,-1.7169189,1.8000793
17067,-1.0571289,-1.7756653,1.8762207
17068,-1.0952759,-1.6998291,1.968689
17069,-1.0983276,-1.8710327,1.8826294
17070,-0.76202393,-1.9140625,1.8661499
17071,-0.84762573,-1.8121338,1.8476868
17072,-0.753479,-1.9078064,1.8896484
17073,-0.76416016,-1.9665527,1.835022
17074,-0.61798096,-2.068634,1.8299866
17075,-0.59341431,-2.0429993,1.8017578
17076,-0.51757813,-2.0599365,1.7425537
17077,-0.43624878,-2.0596313,1.7773438
17078,-0.38467407,-1.9268799,1.7141724
17079,-0.33782959,-1.9604492,1.6943359
17080,-0.22964478,-2.1807861,1.7370605
17081,-0.2444458,-2.244873,1.7585754
17082,-0.30822754,-2.1748352,1.6885376
17083,-0.15335083,-2.2065735,1.5692139
17084,-0.093994141,-2.1760559,1.4779663
17085,-0.012817383,-2.1342468,1.4529419
17086,-0.009307861,-2.2273254,1.4794922
17087,0.000152588,-2.3278809,1.3563538
17088,0.065460205,-2.3156738,1.3293457
17089,0.11749268,-2.3214722,1.1485291
17090,0.17990112,-2.4571228,1.1581421
17091,0.12023926,-2.3744202,1.3101196
17092,0.42419434,-2.4403381,1.1962891
17093,0.27679443,-2.3478699,1.2211609
17094,0.33279419,-2.4171448,1.1315918
17095,0.47668457,-2.4519348,1.156311
17096,0.47836304,-2.5285339,0.95016479
17097,0.53970337,-2.2340393,1.007843
17098,0.56365967,-2.1240234,0.95672607
17099,0.6338501,-2.1598816,0.99365234
17100,0.68405151,-2.1084595,0.79589844
17101,0.67871094,-2.2839355,0.80596924
17102,0.73410034,-2.4099731,0.68847656
17103,0.76919556,-2.3136902,0.58914185
17104,0.78277588,-2.4223328,0.49163818
17105,0.7498169,-2.2721863,0.47393799
17106,0.8895874,-2.1646118,0.50964356
17107,0.93643188,-2.1340942,0.46279907
17108,0.95489502,-2.1188354,0.48187256
17109,1.0049438,-2.3143005,0.37307739
17110,0.99685669,-2.2525024,0.32531738
17111,1.0453796,-2.2039795,0.24734497
17112,1.0977173,-1.9917297,0.27557373
17113,1.1520386,-1.8856812,0.1789856
17114,1.1116028,-1.8569946,0.15426636
17115,1.1608887,-1.8249512,0.094451904
17116,1.1755371,-1.8713379,-0.073242188
17117,1.2121582,-1.9415283,-0.11032105
17118,1.2542725,-1.7581177,-0.11749268
17119,1.2586975,-1.8066406,-0.16098023
17120,1.3479614,-1.8278503,-0.1435852
17121,1.2748718,-1.62323,-0.16357422
17122,1.341095,-1.6737366,-0.23757935
17123,1.3726807,-1.635437,-0.24032593
17124,1.4202881,-1.6377258,-0.49362183
17125,1.3456726,-1.6624451,-0.54977417
17126,1.2850952,-1.3388062,-0.55862427
17127,1.3356018,-1.388092,-0.51971435
17128,1.2893677,-1.4221191,-0.56777954
17129,1.3342285,-1.3360596,-0.7232666
17130,1.3174438,-1.3563538,-0.69702148
17131,1.300354,-1.3458252,-0.70510864
17132,1.35849,-1.3487244,-0.92849731
17133,1.3124084,-1.3566589,-0.96328735
17134,1.4459229,-1.3259888,-0.728302
17135,1.3978577,-1.1460876,-0.91171265
17136,1.3374329,-1.1253357,-0.84533691
17137,1.1271667,-0.98648071,-0.95596313
17138,1.2283325,-0.94558716,-0.95062256
17139,1.1270142,-0.9413147,-1.1038208
17140,1.0012817,-0.79330444,-1.1766052
17141,1.2112427,-0.66040039,-0.95855713
17142,1.076355,-0.54138184,-0.94528198
17143,1.0061646,-0.58502197,-1.1352539
17144,0.81329346,-0.4133606,-1.0958862
17145,1.1141968,-0.34698486,-1.1038208
17146,1.0795593,-0.3112793,-1.177063
17147,0.89065552,-0.32958984,-1.1198425
17148,0.92559815,-0.23376465,-1.4004517
17149,0.753479,-0.18356323,-1.1575317
17150,0.77606201,-0.11032105,-1.3261414
17151,0.77590942,-0.18356323,-1.3034058
17152,0.72799683,-0.11154175,-1.1114502
17153,0.67749023,-0.002593994,-1.2878418
17154,0.48477173,-0.22827148,-1.2399292
17155,0.496521,-0.002441406,-1.2646484
17156,0.67108154,0.16357422,-1.3182068
17157,0.43884277,0.20767212,-1.4137268
17158,0.52902222,0.2671814,-1.3310242
17159,0.50079346,0.39764404,-1.4485168
17160,0.40359497,0.41122436,-1.4483643
17161,0.30334473,0.33660889,-1.3737488
17162,0.34088135,0.34667969,-1.3594055
17163,0.24902344,0.49575806,-1.424408
17164,0.086364746,0.55831909,-1.3206482
17165,-0.01373291,0.53985596,-1.4257813
17166,0.14129639,0.65734863,-1.2928772
17167,0.0831604,0.64437866,-1.4675903
17168,-0.071258545,0.78735352,-1.290741
17169,0.038146973,0.80764771,-1.078949
17170,-0.19287109,0.84518433,-1.3293457
17171,-0.13626099,0.88317871,-1.4428711
17172,-0.25024414,1.0552979,-1.1935425
17173,-0.25512695,1.0238647,-1.1386108
17174,-0.29388428,0.94467163,-1.2368774
17175,-0.42419434,0.99517822,-1.0029602
17176,-0.48110962,0.98922729,-1.0496521
17177,-0.50949097,1.02005,-1.0879517
17178,-0.48675537,1.1248779,-1.2608337
17179,-0.70602417,1.0054016,-0.95947266
17180,-0.61279297,1.0455322,-1.0650635
17181,-0.64376831,1.0675049,-0.86303711
17182,-0.83206177,1.3298035,-0.88150024
17183,-0.79376221,1.3140869,-0.88668823
17184,-0.84014893,1.0968018,-0.81985474
17185,-0.81161499,1.305542,-0.73272705
17186,-0.93215942,1.1972046,-0.69290161
17187,-0.93322754,1.2168884,-0.67428589
17188,-1.0644531,1.2472534,-0.6628418
17189,-1.0630798,1.2524414,-0.62988281
17190,-1.1657715,1.2974548,-0.61538696
17191,-1.3005066,1.2774658,-0.57891846
17192,-1.353302,1.2301636,-0.56411743
17193,-1.3323975,1.2837219,-0.43609619
17194,-1.2101746,1.3276672,-0.48797607
17195,-1.5859985,1.3032532,-0.37246704
17196,-1.4497375,1.2139893,-0.79940796
17197,-1.4054871,0.98083496,-0.44876099
17198,-1.504364,1.28479,-0.25756836
17199,-1.474762,1.2889099,-0.22857666
17200,-1.5493774,1.1894226,-0.083312988
17201,-1.4910889,1.2277222,-0.089569092
17202,-1.7472839,1.1250305,0.013122559
17203,-1.622467,1.2484741,0.042114258
17204,-1.8013,1.1230469,0.23193359
17205,-1.7817688,1.2120056,0.072174072
17206,-1.8756104,1.3600159,0.27618408
17207,-1.8240356,1.2501526,0.27801514
17208,-1.6970825,1.2435913,0.37826538
17209,-1.8553162,1.2437439,0.39520264
17210,-1.9554138,1.26297,0.48919678
17211,-1.938324,1.1660767,0.40649414
17212,-1.8630981,1.0961914,0.43182373
17213,-1.9694519,0.93505859,0.60119629
17214,-2.0675659,0.88943481,0.41778564
17215,-2.0684814,0.96191406,0.59768677
17216,-2.0674133,0.87554932,0.57693481
17217,-2.1127319,0.78659058,0.5871582
17218,-2.0817566,0.8442688,0.73974609
17219,-1.9656372,0.63674927,0.7800293
17220,-2.1504211,0.77514648,0.72463989
17221,-2.1125793,0.66955566,0.75454712
17222,-2.2085571,0.47073364,0.8883667
17223,-2.1316528,0.41671753,1.0720825
17224,-2.1282959,0.43487549,1.1767578
17225,-2.0721436,0.52322388,1.2413025
17226,-2.0857239,0.46386719,1.0121155
17227,-2.0545959,0.20629883,1.1291504
17228,-2.2061157,0.3187561,1.2684631
17229,-2.2137451,0.22186279,1.3935852
17230,-2.1780396,0.13153076,1.2986755
17231,-2.1363831,0.13641357,1.5133667
17232,-2.1908569,0.054016113,1.3980103
17233,-2.111969,-0.089263916,1.4002991
17234,-1.930542,-0.13320923,1.4241028
17235,-2.127533,-0.092773438,1.6688538
17236,-2.1937561,-0.25573731,1.6441345
17237,-2.0230103,-0.4107666,1.4532471
17238,-2.1618652,-0.20217895,1.5483093
17239,-1.9816589,-0.56152344,1.504364
17240,-1.9018555,-0.27572632,1.7338562
17241,-1.9706726,-0.34973144,1.6162109
17242,-1.9464111,-0.43457031,1.759491
17243,-1.8293762,-0.36880493,1.7037964
17244,-1.8449402,-0.49377441,1.7520142
17245,-1.8421936,-0.50292969,1.6719055
17246,-1.889801,-0.53833008,1.5426636
17247,-1.8379211,-0.53894043,1.8067932
17248,-1.8089294,-0.7975769,1.9917297
17249,-1.7642212,-0.90057373,1.9384766
17250,-1.697998,-0.90835571,1.8231201
17251,-1.7640686,-0.98754883,1.6836548
17252,-1.6946411,-0.806427,1.9180298
17253,-1.6691589,-1.0395813,1.8055725
17254,-1.5414429,-0.95977783,1.8959045
17255,-1.4225769,-1.3124084,1.7134094
17256,-1.5205383,-1.0952759,1.9058228
17257,-1.5710449,-1.3783264,1.7579651
17258,-1.3961792,-1.4089966,1.6854858
17259,-1.3261414,-1.5112305,1.9447327
17260,-1.2301636,-1.6113281,2.0425415
17261,-1.1871338,-1.6123962,1.7970276
17262,-1.1273193,-1.552887,1.8096924
17263,-1.061554,-1.534729,2.0214844
17264,-1.076355,-1.5263367,1.892395
17265,-1.0446167,-1.5325928,2.0024109
17266,-1.0023499,-1.701355,1.839447
17267,-1.0385132,-1.6007996,1.9592285
17268,-0.92010498,-1.7715454,1.9619751
17269,-0.87158203,-1.7658997,1.750946
17270,-0.76812744,-1.7480469,1.975708
17271,-0.80703735,-1.7211914,1.7657471
17272,-0.66574097,-1.9662476,1.8948364
17273,-0.73547363,-1.8252563,1.6316223
17274,-0.64498901,-2.0469666,1.6360474
17275,-0.50125122,-2.0481873,1.5496826
17276,-0.34912109,-2.0114136,1.6644287
17277,-0.40588379,-2.1130371,1.680603
17278,-0.47012329,-2.1916199,1.6900635
17279,-0.40847778,-2.0903015,1.6885376
17280,-0.21972656,-2.3898315,1.5744019
17281,-0.27984619,-2.303009,1.4936829
17282,-0.16052246,-2.2941589,1.5533447
17283,-0.19271851,-2.2555542,1.5151978
17284,-0.12313843,-2.0439148,1.4941406
17285,0.055541992,-2.1478271,1.4649963
17286,0.0390625,-2.1092224,1.3366699
17287,0.061035156,-2.0280457,1.321106
17288,0.12405395,-2.243042,1.3064575
17289,0.1675415,-2.2314453,1.2501526
17290,0.2217102,-2.2445679,1.1470032
17291,0.26382446,-2.2329712,1.0531616
17292,0.30639648,-2.2155762,1.053772
17293,0.37277222,-2.2047424,1.1001587
17294,0.47637939,-2.2111511,0.90515137
17295,0.58746338,-2.1362305,0.91506958
17296,0.54397583,-2.1459961,0.91598511
17297,0.52917481,-2.2703552,0.80230713
17298,0.59753418,-2.2134399,0.79772949
17299,0.61218262,-2.1710205,0.79666138
17300,0.67443848,-2.1899414,0.73181152
17301,0.74279785,-2.0776367,0.73501587
17302,0.8732605,-2.1496582,0.68634033
17303,0.85418701,-2.10495,0.60089111
17304,0.88592529,-2.1334839,0.42633057
17305,0.80978394,-2.0048523,0.62301636
17306,0.84381103,-2.1582031,0.35095215
17307,0.89645386,-2.1943665,0.34683228
17308,0.95687866,-2.1157837,0.21560669
17309,0.93048096,-2.0918274,0.10803223
17310,0.84838867,-1.9496155,0.21255493
17311,1.0710144,-2.0092773,0.11505127
17312,0.95748901,-1.8470764,0.25939941
17313,1.0514832,-2.0103455,0.29403686
17314,1.0437012,-1.8222046,0.03112793
17315,1.1846924,-1.6966248,0.10787964
17316,1.056366,-1.6311646,0.065460205
17317,1.0746765,-1.857605,-0.12130737
17318,1.1322021,-1.8840027,-0.22628784
17319,1.1044312,-1.8832397,-0.24368286
17320,1.1685181,-1.723938,-0.33309936
17321,1.0853577,-1.530304,-0.17166138
17322,1.0890198,-1.3735962,-0.32058716
17323,1.0653687,-1.4068604,-0.25894165
17324,1.0853577,-1.431427,-0.43533325
17325,1.1080933,-1.415863,-0.66375732
17326,1.0740662,-1.2800598,-0.51513672
17327,1.2149048,-1.2837219,-0.40557861
17328,1.1816406,-1.2779236,-0.40405273
17329,1.1489868,-1.2207031,-0.5557251
17330,1.1555481,-1.09375,-0.70129394
17331,1.05896,-1.0494995,-0.68832397
17332,1.1276245,-1.2260437,-0.75469971
17333,1.0575867,-1.0169983,-0.7711792
17334,0.99227905,-1.1166382,-0.8215332
17335,1.0414124,-1.0942078,-0.92056274
17336,1.1100769,-0.89599609,-0.89202881
17337,0.86608887,-0.99899292,-0.94802856
17338,0.97747803,-0.91827393,-1.0018921
17339,0.80184937,-0.68359375,-0.94055176
17340,1.0314941,-0.68222046,-0.95031738
17341,0.99090576,-0.49972534,-1.0424805
17342,0.85449219,-0.5821228,-1.0153198
17343,0.95306397,-0.43212891,-0.90988159
17344,0.82977295,-0.46310425,-1.1499023
17345,0.82519531,-0.418396,-0.95062256
17346,0.80993652,-0.42282105,-1.1178589
17347,0.74645996,-0.2305603,-1.010437
17348,0.67382813,-0.19210815,-1.1872864
17349,0.70678711,-0.24078369,-0.99700928
17350,0.66375732,-0.22827148,-1.2852478
17351,0.42480469,-0.011901855,-1.2705994
17352,0.59768677,-0.18310547,-1.1859131
17353,0.5380249,-0.43624878,-1.3438416
17354,-0.076293945,-0.21682739,-1.5466309
17355,0.021972656,-0.1449585,-1.2190247
17356,0.32562256,0.033416748,-1.1068726
17357,0.38406372,0.33569336,-1.1372375
17358,0.27954102,0.22506714,-1.1677551
17359,0.25192261,0.41625977,-1.0780334
17360,0.21972656,0.51864624,-1.073761
17361,-0.10635376,0.44921875,-1.230011
17362,0.087890625,0.53161621,-1.1335754
17363,0.061187744,0.4826355,-1.3391113
17364,-0.14404297,0.41946411,-1.0601807
17365,-0.018463135,0.47393799,-1.2112427
17366,-0.1550293,0.56396484,-1.0139465
17367,-0.19195557,0.66436768,-1.0516357
17368,-0.22216797,0.7069397,-1.1592102
17369,-0.32714844,0.90805054,-1.0716248
17370,-0.31280518,0.90332031,-0.92010498
17371,-0.43167114,1.1312866,-0.8972168
17372,-0.42541504,1.0218811,-1.1283875
17373,-0.49911499,0.9375,-0.97518921
17374,-0.55084228,0.98815918,-1.02005
17375,-0.45455933,0.92834473,-0.99197388
17376,-0.56915283,0.92559815,-1.0923767
17377,-0.73883057,0.8706665,-0.7611084
17378,-0.68511963,1.0902405,-0.8279419
17379,-0.69580078,1.0293579,-0.97045898
17380,-0.75561523,1.1187744,-0.87585449
17381,-0.74386597,1.0017395,-0.75714111
17382,-0.92315674,1.0055542,-0.67596435
17383,-0.85647583,0.97137451,-0.63110352
17384,-0.98480225,0.91796875,-0.52536011
17385,-0.98724365,0.86715698,-0.61904907
17386,-1.0441589,0.97900391,-0.50704956
17387,-1.078186,1.1672974,-0.39855957
17388,-1.0852051,1.0517883,-0.43029785
17389,-1.055603,1.038208,-0.30288696
17390,-1.2112427,0.92193603,-0.34286499
17391,-1.2823486,1.0261536,-0.3894043
17392,-1.5258789,0.8605957,-0.4246521
17393,-1.6156006,0.65063477,-0.64407349
17394,-1.4733887,0.91110229,-0.49591064
17395,-1.4750671,1.1282349,-0.17623901
17396,-1.3092041,1.0351563,-0.061187744
17397,-1.5185547,0.97946167,-0.10498047
17398,-1.5963745,1.0116577,0.055847168
17399,-1.5570068,0.85128784,-0.053405762
17400,-1.5203857,1.0049438,0.12329102
17401,-1.7712402,1.0345459,0.15869141
17402,-1.5463257,1.0751343,0.14297485
17403,-1.6931152,1.0736084,0.1133728
17404,-1.7021179,0.90209961,0.22644043
17405,-1.8157959,0.9777832,0.41198731
17406,-1.8841553,0.99273682,0.42480469
17407,-1.716156,1.0777283,0.39749145
17408,-1.8032837,0.88348389,0.41610718
17409,-1.9010925,0.831604,0.46264648
17410,-1.9746399,0.85998535,0.62835693
17411,-2.0225525,0.88943481,0.67993164
17412,-1.9917297,0.84838867,0.67108154
17413,-1.9989014,0.82595825,0.70922852
17414,-1.8734741,0.72433472,0.71777344
17415,-1.8638611,0.60928345,0.81741333
17416,-1.9119263,0.63400269,0.75714111
17417,-1.9920349,0.53573608,0.84335327
17418,-1.9271851,0.56365967,0.87905884
17419,-1.9607544,0.33081055,0.86914063
17420,-1.8847656,0.4170227,0.89630127
17421,-2.048645,0.35766602,0.89904785
17422,-1.920166,0.37841797,0.93887329
17423,-1.9522095,0.27832031,0.83404541
17424,-1.9221497,0.40390015,1.0780334
17425,-1.880188,0.32394409,1.1625671
17426,-1.8626404,0.15945435,1.2142944
17427,-1.8658447,0.080566406,1.3220215
17428,-1.8862915,0.015258789,1.2371826
17429,-1.9242859,-0.022888184,1.1747742
17430,-1.8667603,-0.040588379,1.3349915
17431,-1.8656921,-0.06652832,1.4279175
17432,-1.8540955,-0.13778687,1.3812256
17433,-1.8367004,-0.20446777,1.4785767
17434,-1.8940735,-0.26321411,1.5522766
17435,-1.769104,-0.22460938,1.2278748
17436,-1.9270325,-0.34591675,1.2240601
17437,-1.7442322,-0.39962769,1.5089416
17438,-1.8118286,-0.31173706,1.5664673
17439,-1.6815186,-0.67977905,1.6471863
17440,-1.7436218,-0.69274902,1.6525269
17441,-1.6781616,-0.72082519,1.6430664
17442,-1.6537476,-0.76568603,1.6885376
17443,-1.6758728,-0.80535889,1.5931702
17444,-1.655426,-0.84854126,1.789856
17445,-1.598053,-0.99838257,1.7776489
17446,-1.517334,-1.0119629,1.7427063
17447,-1.6836548,-1.0549927,1.6101074
17448,-1.4399719,-1.1485291,1.8663025
17449,-1.4346313,-1.056366,1.7388916
17450,-1.2374878,-1.0749817,1.7802429
17451,-1.2619019,-1.4569092,1.786499
17452,-1.3726807,-1.3850403,1.7388916
17453,-1.4089966,-1.3665771,1.5867615
17454,-1.3621521,-1.4122009,1.6630554
17455,-1.3063049,-1.4898682,1.7958069
17456,-1.2870789,-1.4685059,1.77948
17457,-1.1679077,-1.2266541,1.6381836
17458,-1.0256958,-1.451416,1.8371582
17459,-0.90866089,-1.6081238,1.7388916
17460,-0.80841065,-1.6844177,1.7756653
17461,-0.87417603,-1.5507507,1.7626953
17462,-0.90454102,-1.5097046,1.6889954
17463,-0.74295044,-1.5792847,1.6664124
17464,-0.63690185,-1.615448,1.7883301
17465,-0.73379517,-1.6697693,1.6053772
17466,-0.60211182,-1.7662048,1.7684937
17467,-0.60974121,-1.8600464,1.697998
17468,-0.4814148,-1.8159485,1.6467285
17469,-0.63583374,-1.8443298,1.7468262
17470,-0.52917481,-1.9810486,1.6589355
17471,-0.36605835,-2.1101379,1.6236877
17472,-0.44723511,-2.0196533,1.5751648
17473,-0.34454346,-1.7926025,1.5461731
17474,-0.28259277,-1.7932129,1.5470886
17475,-0.32424927,-1.9598389,1.5962219
17476,-0.26260376,-1.9940186,1.5956116
17477,-0.14633179,-2.1487427,1.4299011
17478,-0.075683594,-2.2773743,1.4587402
17479,-0.057220459,-2.2146606,1.4356995
17480,0.001220703,-2.208252,1.5873718
17481,0.023651123,-2.2982788,1.3075256
17482,0.11230469,-2.2036743,1.4093018
17483,0.25726318,-2.1328735,1.2687683
17484,0.19348145,-2.116394,1.2460327
17485,0.12329102,-2.2187805,1.0879517
17486,0.25146484,-2.2938538,1.0845947
17487,0.30212402,-2.2189331,1.002655
17488,0.3352356,-2.2950745,0.95001221
17489,0.38375855,-2.2860718,0.91064453
17490,0.39916992,-2.1618652,0.85098267
17491,0.43991089,-2.2277832,0.89065552
17492,0.51071167,-2.2772217,0.8895874
17493,0.42892456,-2.3869324,0.7321167
17494,0.46707153,-2.3040771,0.57128906
17495,0.62149048,-2.1185303,0.6892395
17496,0.54046631,-1.9769287,0.70053101
17497,0.61782837,-2.1328735,0.61676025
17498,0.76660156,-2.0648193,0.43609619
17499,0.73776245,-2.0123291,0.45043945
17500,0.79086304,-2.0620728,0.41824341
17501,0.89660644,-2.04422,0.34790039
17502,0.75012207,-1.912384,0.062103271
17503,0.93490601,-1.9030762,0.45120239
17504,0.83801269,-1.8240356,0.3388977
17505,1.026001,-1.7745972,0.20324707
17506,1.0012817,-1.8161011,0.096282959
17507,0.94985962,-1.9366455,-0.054321289
17508,0.89904785,-1.8717957,0.050354004
17509,1.0742188,-1.7344666,-0.066833496
17510,1.0144043,-1.7340088,-0.15945435
17511,0.88104248,-1.6986084,-0.070037842
17512,0.91201782,-1.7384338,-0.056915283
17513,1.0665894,-1.7628479,-0.27435303
17514,1.0545349,-1.6552734,-0.22354126
17515,1.257782,-1.4649963,-0.1914978
17516,1.1419678,-1.3806152,-0.21667481
17517,1.1065674,-1.4508057,-0.35919189
17518,1.0742188,-1.5065002,-0.37902832
17519,1.1437988,-1.3894653,-0.4560852
17520,1.1299133,-1.2911987,-0.44326782
17521,1.1456299,-1.2649536,-0.45883179
17522,1.1120605,-1.1688232,-0.52078247
17523,0.96481323,-1.0192871,-0.54367065
17524,0.97976685,-0.94390869,-0.56838989
17525,0.96618652,-1.113739,-0.65307617
17526,1.1775208,-0.9387207,-0.70159912
17527,1.1224365,-1.0015869,-0.78552246
17528,1.0423279,-0.99075317,-0.82107544
17529,1.0264587,-0.76080322,-0.88317871
17530,1.0534668,-0.71502685,-0.94192505
17531,1.0235596,-0.74615478,-0.9564209
17532,0.99746704,-0.5090332,-0.93597412
17533,0.96054077,-0.38742065,-0.89355469
17534,1.0139465,-0.34042358,-0.97717285
17535,0.91461182,-0.36682129,-1.164093
17536,0.83374023,-0.48370361,-1.0522461
17537,0.80352783,-0.46142578,-0.91873169
17538,0.6628418,-0.22491455,-1.2463379
17539,0.65353394,-0.29006958,-1.0296631
17540,0.70007324,-0.20568848,-1.2075806
17541,0.71914673,-0.18356323,-1.1901855
17542,0.66833496,-0.10742188,-1.1875916
17543,0.73608398,-0.20889282,-1.2165833
17544,0.60623169,0.005645752,-1.312561
17545,0.60455322,-0.026855469,-1.1416626
17546,0.67016602,-0.12207031,-1.262207
17547,0.20904541,-0.046844482,-1.2472534
17548,0.30181885,0.1826477,-1.2124634
17549,0.13214111,0.033111572,-1.2036133
17550,0.38986206,0.18432617,-1.0906982
17551,0.37536621,0.19958496,-1.3623047
17552,0.16860962,0.35949707,-1.2817383
17553,0.36346436,0.39596558,-1.2658691
17554,0.28182983,0.44586182,-1.0693359
17555,0.22735596,0.32302856,-1.2243652
17556,0.28442383,0.55923462,-1.2509155
17557,-0.028076172,0.57678223,-1.0020447
17558,0.000457764,0.69091797,-1.1706543
17559,-0.058898926,0.65551758,-1.1276245
17560,-0.14083862,0.85891724,-1.1782837
17561,-0.19287109,0.69519043,-1.114502
17562,-0.32470703,0.75927734,-1.0997009
17563,-0.21865845,0.88897705,-1.2510681
17564,-0.41000366,0.84106445,-1.1175537
17565,-0.34408569,0.80108643,-1.2728882
17566,-0.37567139,0.83618164,-0.96176147
17567,-0.51254272,0.85220337,-0.95153809
17568,-0.56152344,0.79391479,-1.1038208
17569,-0.59692383,0.83084106,-1.0302734
17570,-0.58425903,1.1099243,-0.86990356
17571,-0.76904297,1.096344,-0.78994751
17572,-0.59951782,1.1631775,-0.70297241
17573,-0.75942993,1.1552429,-0.89553833
17574,-0.67245483,1.1235046,-0.83435059
17575,-0.93719482,1.1427307,-0.84381103
17576,-0.86242676,1.033783,-0.61416626
17577,-0.94711304,1.1599731,-0.63613892
17578,-1.006012,1.3552856,-0.70404053
17579,-0.98693848,1.3761902,-0.73883057
17580,-1.0548401,1.3578796,-0.62774658
17581,-1.1738586,1.2025452,-0.57815552
17582,-1.1428833,1.1555481,-0.43029785
17583,-1.2208557,1.1451721,-0.41412353
17584,-1.3885498,1.2915039,-0.32608032
17585,-1.3674927,1.151886,-0.14602661
17586,-1.3031006,1.0839844,-0.15304565
17587,-1.3546753,1.1743164,-0.1399231
17588,-1.5083313,1.1035156,-0.10284424
17589,-1.5428162,0.68603516,-0.29464722
17590,-1.4865112,0.99761963,-0.1725769
17591,-1.6326904,1.0894775,-0.18722534
17592,-1.5385437,1.0946655,-0.085144043
17593,-1.6070557,1.0803223,0.086364746
17594,-1.6226196,1.1351013,0.009002686
17595,-1.6862488,1.0714722,0.2192688
17596,-1.6452026,1.0568237,0.21957398
17597,-1.6914368,1.0993958,0.22842407
17598,-1.6488647,1.0949707,0.31005859
17599,-1.7759705,1.0287476,0.340271
17600,-1.8040466,0.87646484,0.45852661
17601,-1.7840576,0.85769653,0.45715332
17602,-1.9030762,0.91537476,0.36056519
17603,-1.8711853,0.82641602,0.49957275
17604,-1.8530273,0.72952271,0.44250488
17605,-1.811676,0.87890625,0.47058106
17606,-1.8339539,0.78659058,0.52047729
17607,-1.8218994,0.90087891,0.65185547
17608,-2.0127869,0.92300415,0.72174072
17609,-1.9628906,0.57144165,0.71304321
17610,-1.9306946,0.67565918,0.71746826
17611,-1.9923401,0.67321777,0.85388184
17612,-2.0581055,0.69030762,0.87814331
17613,-2.0675659,0.47119141,1.2332153
17614,-2.0544434,0.32821655,1.26297
17615,-2.094574,0.35690308,1.1383057
17616,-2.1842957,0.27542114,1.1347961
17617,-2.1116638,0.22186279,1.0287476
17618,-2.0404053,0.26184082,1.1940002
17619,-2.1490479,0.11047363,1.1776733
17620,-2.1473694,0.057373047,1.4379883
17621,-2.026825,-0.10009766,1.4515686
17622,-2.0103455,-0.52902222,1.4456177
17623,-2.0358276,-0.035552979,1.0357666
17624,-1.985321,-0.1210022,1.386261
17625,-1.9000244,-0.22567749,1.4367676
17626,-2.1018982,-0.30578613,1.4041138
17627,-1.988678,-0.36483765,1.4404297
17628,-1.8516541,-0.29037476,1.5527344
17629,-1.8688965,-0.28030395,1.6029358
17630,-1.998291,-0.35964966,1.5611267
17631,-1.9903564,-0.4006958,1.7353821
17632,-1.9673157,-0.53405762,1.5589905
17633,-1.7222595,-0.50354004,1.5238953
17634,-1.6877747,-0.46310425,1.6644287
17635,-1.7755127,-0.49194336,1.7285156
17636,-1.8217468,-0.45898438,2.0059204
17637,-1.6525269,-0.78964233,1.8264771
17638,-1.7648315,-0.84243774,1.8907166
17639,-1.5753174,-0.9173584,1.8289185
17640,-1.7861938,-1.0884094,1.9345093
17641,-1.6545105,-1.0972595,1.8783569
17642,-1.6677856,-0.9841919,1.9165039
17643,-1.6487122,-1.1683655,1.7996216
17644,-1.4665222,-1.179657,1.9917297
17645,-1.4381409,-1.1987305,1.8383789
17646,-1.4195251,-1.4990234,1.812439
17647,-1.3381958,-1.5155029,1.8867493
17648,-1.2516785,-1.5586853,1.8025208
17649,-1.3237,-1.529541,1.8455505
17650,-1.368103,-1.5402222,1.864624
17651,-1.1257935,-1.8736267,1.7559814
17652,-1.2446594,-1.5332031,1.7626953
17653,-1.1203003,-1.4974976,1.8759155
17654,-1.114502,-1.4123535,1.9621277
17655,-1.1027527,-1.4299011,1.8782043
17656,-1.0456848,-1.5310669,1.7727661
17657,-0.89630127,-1.7207336,1.8334961
17658,-0.85693359,-1.7771912,1.834259
17659,-0.78201294,-1.8624878,1.693573
17660,-0.79940796,-1.7021179,1.8080139
17661,-0.67245483,-1.8409729,1.8621826
17662,-0.73272705,-1.9358826,1.7030334
17663,-0.64239502,-2.0889282,1.7033386
17664,-0.51834106,-1.9999695,1.6868591
17665,-0.41290283,-2.0341492,1.743927
17666,-0.51361084,-1.7590332,1.7443848
17667,-0.26672363,-1.8681335,1.546936
17668,-0.23620606,-1.9721985,1.5884399
17669,-0.24749756,-2.2013855,1.4555359
17670,-0.2444458,-2.2784424,1.6300964
17671,-0.10894775,-2.2340393,1.3996887
17672,-0.099182129,-2.2377014,1.3592529
17673,-0.088500977,-2.3487854,1.3067627
17674,-0.051574707,-2.3429871,1.2547302
17675,0.072937012,-2.1755981,1.1604309
17676,0.11505127,-2.4127197,1.2052917
17677,0.052490234,-2.4194336,1.2158203
17678,0.17166138,-2.5296021,1.1592102
17679,0.21484375,-2.3861694,1.1094666
17680,0.3717041,-2.3316956,1.0189819
17681,0.30044556,-2.3530579,1.2585449
17682,0.43365478,-2.3324585,1.1009216
17683,0.58822632,-2.437439,1.0205078
17684,0.40679932,-2.1855164,0.91339111
17685,0.48217773,-2.1755981,0.965271
17686,0.53955078,-1.9937134,1.0449219
17687,0.54351807,-2.0223999,0.756073
17688,0.77804565,-1.9970703,0.753479
17689,0.62774658,-2.1012878,0.74462891
17690,0.62591553,-1.9198608,0.77148438
17691,0.71350098,-2.1173096,0.70297241
17692,0.73226929,-1.9927979,0.64910889
17693,0.80108643,-2.2399902,0.42175293
17694,0.75592041,-2.1780396,0.50827026
17695,0.83496094,-2.1565247,0.58609009
17696,0.82565308,-1.9651794,0.4347229
17697,0.93338013,-2.1138,0.18600464
17698,0.89279175,-2.026062,0.23345947
17699,1.0023499,-2.1179199,0.39093018
17700,1.0400391,-2.0376587,0.12039185
17701,1.0748291,-1.9981384,-0.041351318
17702,1.0717773,-1.9673157,0.08972168
17703,1.0229492,-1.8478394,0.087585449
17704,0.99243164,-1.9296265,0.057220459
17705,1.0858154,-1.8260193,0.022125244
17706,1.0534668,-1.8759155,-0.053100586
17707,1.144104,-2.0184326,-0.2116394
17708,1.0929871,-1.9219971,-0.32318115
17709,1.2832642,-1.660614,-0.3515625
17710,1.2207031,-1.4761353,-0.29876709
17711,1.1950684,-1.5153503,-0.43151856
17712,1.3800049,-1.5458679,-0.52001953
17713,1.1631775,-1.6764832,-0.48416138
17714,1.1390686,-1.6253662,-0.53421021
17715,1.2588501,-1.6009521,-0.54763794
17716,1.3314819,-1.3442993,-0.63079834
17717,1.439209,-1.2059021,-0.56823731
17718,1.1528015,-1.3031006,-0.66802978
17719,1.2748718,-1.1419678,-0.72097778
17720,1.2727356,-1.1608887,-0.79299927
17721,1.1351013,-1.1134338,-0.68191528
17722,1.1953735,-1.1715698,-0.85113525
17723,1.0424805,-1.0697937,-0.90011597
17724,1.139679,-1.1836243,-0.98358154
17725,1.1225891,-0.9034729,-0.98388672
17726,1.033783,-0.85800171,-1.0072327
17727,1.1453247,-0.7498169,-0.98022461
17728,1.0327148,-0.70724487,-1.0693359
17729,1.2312317,-0.57861328,-0.9866333
17730,0.92727661,-0.675354,-0.99517822
17731,1.0221863,-0.6451416,-1.1883545
17732,1.1170959,-0.41992188,-1.1885071
17733,0.89874268,-0.39871216,-1.295166
17734,0.82382202,-0.49942017,-1.1553955
17735,0.91567993,-0.44937134,-1.3127136
17736,0.9841919,-0.27496338,-1.2358093
17737,0.81481934,-0.25222778,-1.1811829
17738,0.63232422,-0.27313232,-1.1987305
17739,0.85342407,-0.15197754,-1.3594055
17740,0.96313477,-0.023803711,-1.2164307
17741,0.58441162,-0.19500732,-1.4535522
17742,0.67565918,-0.46081543,-1.4929199
17743,0.5657959,-0.15075684,-1.4512634
17744,0.52642822,-0.020599365,-1.5142822
17745,0.5090332,0.14526367,-1.5109253
17746,0.57998657,0.40130615,-1.4137268
17747,0.44067383,0.39306641,-1.2860107
17748,0.40161133,0.3515625,-1.3220215
17749,0.18280029,0.60836792,-1.4222717
17750,0.42480469,0.54519653,-1.3218689
17751,0.61462402,0.54382324,-1.3064575
17752,0.36254883,0.54016113,-1.2911987
17753,0.2142334,0.47012329,-1.2890625
17754,0.094299316,0.53344727,-1.2884521
17755,0.11978149,0.443573,-1.2416077
17756,-0.014038086,0.79223633,-1.2825012
17757,-0.054168701,0.76477051,-1.1375427
17758,-0.082244873,0.84945679,-1.2416077
17759,-0.2015686,0.87127685,-1.2730408
17760,-0.2420044,0.94573975,-1.1817932
17761,-0.13305664,1.0629272,-1.1730957
17762,-0.40740967,0.93811035,-1.1450195
17763,-0.33111572,0.91125488,-1.2661743
17764,-0.40939331,1.0348511,-1.0298157
17765,-0.44967651,1.0379028,-1.0375977
17766,-0.64575195,0.98526001,-1.2756348
17767,-0.6022644,1.0736084,-1.0571289
17768,-0.64453125,1.1540222,-0.90087891
17769,-0.68481445,1.2716675,-0.85998535
17770,-0.72601318,1.3037109,-0.80368042
17771,-0.79559326,1.2739563,-0.69839478
17772,-1.0067749,1.1572266,-0.62774658
17773,-0.95870972,1.0830688,-0.60974121
17774,-0.94573975,1.1108398,-0.69488525
17775,-1.139679,1.199646,-0.61447144
17776,-1.1289978,1.1894226,-0.56716919
17777,-1.1601257,1.2966919,-0.58898926
17778,-1.2155151,1.1712646,-0.60562134
17779,-1.2799072,1.2709045,-0.53161621
17780,-1.2330627,1.2771606,-0.44555664
17781,-1.410675,1.2928772,-0.31524658
17782,-1.401062,1.1901855,-0.2671814
17783,-1.3317871,1.2658691,-0.32684326
17784,-1.6482544,1.1689758,-0.18569946
17785,-1.6430664,1.1877441,-0.25299072
17786,-1.5715027,1.1328125,-0.047302246
17787,-1.7010498,1.1271667,0.11306763
17788,-1.5881348,0.97991943,-0.043182373
17789,-1.5667725,0.93536377,-0.009460449
17790,-1.7115784,1.0507202,0.06729126
17791,-1.8237305,1.1743164,0.22186279
17792,-1.8347168,1.0275269,0.1625061
17793,-1.9091797,1.0255432,0.35430908
17794,-1.8597412,1.0726929,0.34912109
17795,-1.7927551,1.0421753,0.23498535
17796,-1.9132996,0.96252441,0.36956787
17797,-1.9248962,1.0809326,0.38421631
17798,-2.0072937,1.0830688,0.44311523
17799,-1.975708,1.0751343,0.50720215
17800,-2.0133972,1.0513306,0.58013916
17801,-1.9703674,1.0217285,0.60134888
17802,-2.0397949,0.90759277,0.64941406
17803,-2.0619202,0.84564209,0.68984985
17804,-2.0088196,0.71578979,0.68771362
17805,-2.129364,0.78689575,0.88546753
17806,-2.0837402,0.73944092,0.87875366
17807,-2.1109009,0.58013916,0.78460693
17808,-2.1917725,0.6149292,0.8694458
17809,-2.1957397,0.47180176,0.79544067
17810,-2.0352173,0.40283203,0.93887329
17811,-2.1162415,0.42480469,0.98892212
17812,-2.1212769,0.58486938,1.1730957
17813,-2.1858215,0.46936035,1.1949158
17814,-2.0922852,0.35980225,1.2774658
17815,-2.0722961,0.33111572,1.3349915
17816,-2.0166016,0.094299316,1.3212585
17817,-2.0422363,0.092163086,1.2051392
17818,-2.0820618,0.085449219,1.3427734
17819,-2.1492004,-0.020904541,1.4863586
17820,-2.0500183,-0.070648193,1.5089416
17821,-1.9807434,-0.32623291,1.5716553
17822,-2.0600891,-0.19287109,1.395874
17823,-1.9158936,-0.27389526,1.5161133
17824,-1.9100952,-0.11047363,1.6349792
17825,-1.8389893,-0.11993408,1.6734314
17826,-1.9299316,-0.29891968,1.632843
17827,-1.9166565,-0.50811768,1.6674805
17828,-2.0417786,-0.4914856,1.8226624
17829,-1.7904663,-0.44647217,1.7315674
17830,-1.9618225,-0.66223144,1.8548584
17831,-1.8132019,-0.84960938,1.7727661
17832,-1.9682312,-0.81130981,1.8162537
17833,-1.8997192,-0.80795288,1.5313721
17834,-1.8284607,-0.81130981,1.8728638
17835,-1.6871643,-0.76721191,1.8969727
17836,-1.6412354,-0.92315674,1.7797852
17837,-1.6409302,-1.1195374,1.7985535
17838,-1.651001,-1.2095642,1.7546082
17839,-1.6314697,-1.1924744,1.9018555
17840,-1.5936279,-1.3006592,1.8093872
17841,-1.5209961,-1.2518311,1.9096375
17842,-1.5142822,-1.2150574,1.925354
17843,-1.5328979,-1.2483215,1.8414307
17844,-1.3433838,-1.3575745,1.973877
17845,-1.4750671,-1.5222168,2.0080566
17846,-1.2828064,-1.8301392,1.8548584
17847,-1.335907,-1.647644,1.7826843
17848,-1.1532593,-1.7549133,2.0655823
17849,-1.1071777,-1.7538452,1.8305969
17850,-1.1154175,-1.8817139,1.8655396
17851,-0.99594116,-1.8916321,1.7637634
17852,-0.99502563,-1.8251038,1.8675232
17853,-0.98449707,-1.9099426,1.8582153
17854,-0.78369141,-1.7901611,1.7626953
17855,-0.84579468,-1.9288635,1.9288635
17856,-0.82809448,-1.8417358,1.822052
17857,-0.73791504,-1.8630981,1.7781067
17858,-0.67184448,-2.0140076,1.7100525
17859,-0.74310303,-1.9250488,1.7556763
17860,-0.69747925,-1.8136597,1.812439
17861,-0.59799194,-2.0925903,1.6636658
17862,-0.40222168,-2.2207642,1.8382263
17863,-0.42098999,-2.2567749,1.7655945
17864,-0.50674438,-2.2169495,1.6963196
17865,-0.44830322,-2.1357727,1.7752075
17866,-0.262146,-2.1963501,1.7379761
17867,-0.15075684,-2.2038269,1.7295837
17868,-0.040283203,-2.2407532,1.6090393
17869,0.009765625,-2.1829224,1.5188599
17870,-0.061035156,-2.1566772,1.5480041
17871,-0.033416748,-2.3577881,1.4543152
17872,0.17440796,-2.3016357,1.3876343
17873,0.13519287,-2.4147034,1.3409424
17874,0.47454834,-2.1789551,1.2841797
17875,0.2470398,-2.2587585,1.0678101
17876,0.33691406,-2.3762512,1.104126
17877,0.390625,-2.2877502,1.035614
17878,0.32424927,-2.3347473,1.0314941
17879,0.50888062,-2.303009,0.88943481
17880,0.65032959,-2.3376465,1.047821
17881,0.60974121,-2.4053955,0.93963623
17882,0.64361572,-2.5468445,0.84487915
17883,0.53955078,-2.351532,0.7345581
17884,0.77255249,-2.3632813,0.72784424
17885,0.66619873,-2.3144531,0.75561523
17886,0.69595337,-2.4513245,0.7824707
17887,0.70068359,-2.6187134,0.58776856
17888,0.82427978,-2.3397827,0.60409546
17889,0.78094482,-2.3062134,0.55053711
17890,0.91491699,-2.028656,0.54763794
17891,0.91445923,-2.1435547,0.33813477
17892,1.0127258,-2.0550537,0.36636353
17893,1.0115051,-2.1130371,0.29220581
17894,1.0386658,-1.9580078,0.31829834
17895,1.0110474,-1.9671631,0.17211914
17896,1.1175537,-1.8676758,0.31219482
17897,1.1305237,-1.9528198,0.1298523
17898,1.0768127,-1.9021606,0.10009766
17899,1.0536194,-1.8652344,0.045623779
17900,1.1627197,-2.0121765,-0.1802063
17901,1.1416626,-1.9203186,-0.1008606
17902,1.1096191,-1.7816162,-0.11352539
17903,1.1404419,-1.8606567,-0.27511597
17904,1.1141968,-1.734314,-0.13885498
17905,1.1689758,-1.6699219,-0.17761231
17906,1.2498474,-1.5948486,-0.27435303
17907,1.2252808,-1.7312622,-0.23284912
17908,1.7150879,-1.5945435,-0.34210205
17909,1.6818237,-1.5600586,-0.32989502
17910,1.242981,-1.567688,-0.40924072
17911,1.1935425,-1.4929199,-0.46524048
17912,1.1894226,-1.5022278,-0.69915772
17913,1.1885071,-1.3424683,-0.65490723
17914,1.151886,-1.4746094,-0.69046021
17915,1.2081909,-1.2734985,-0.63964844
17916,1.2982178,-1.2361145,-0.79742432
17917,1.1886597,-1.12854,-0.68710327
17918,1.1117554,-1.1434937,-0.86151123
17919,1.0238647,-1.0426331,-0.82061768
17920,0.99182129,-1.0096741,-0.87402344
17921,1.0809326,-0.94436646,-0.95962524
17922,1.0523987,-0.91323853,-1.0884094
17923,1.0015869,-0.80581665,-0.94085693
17924,1.1282349,-0.65658569,-1.1428833
17925,0.9715271,-0.48629761,-0.97076416
17926,0.92651367,-0.64361572,-1.0098267
17927,1.0958862,-0.57907104,-1.1082459
17928,1.0289001,-0.53695679,-1.2620544
17929,1.0926819,-0.40832519,-1.2393188
17930,1.0177612,-0.28808594,-1.4178467
17931,0.8605957,-0.25527954,-1.2364197
17932,0.95367432,-0.30593872,-1.1784363
17933,0.99792481,-0.35079956,-1.3409424
17934,1.0041809,-0.17349243,-1.2052917
17935,0.78048706,-0.12023926,-1.2507629
17936,0.96252441,-0.071868896,-1.3943481
17937,0.84365845,0.01739502,-1.3491821
17938,0.68817139,-0.031433105,-1.4216614
17939,0.55541992,-0.097961426,-1.4601135
17940,0.64254761,0.014801025,-1.3511658
17941,0.56945801,0.14312744,-1.2878418
17942,0.47012329,0.21499634,-1.3076782
17943,0.44952393,0.38406372,-1.3398743
17944,0.19760132,0.35583496,-1.4408875
17945,0.32470703,0.45730591,-1.3461304
17946,0.22964478,0.46066284,-1.300354
17947,0.29708862,0.45730591,-1.3948059
17948,0.2444458,0.66635132,-1.3140869
17949,0.35125732,0.53573608,-1.3644409
17950,0.22216797,0.81985474,-1.398468
17951,0.002593994,0.91934204,-1.1978149
17952,-0.071563721,0.85678101,-1.2420654
17953,-0.184021,0.77056885,-1.3842773
17954,-0.15060425,0.71334839,-1.2701416
17955,-0.11749268,0.81924438,-1.3305664
17956,-0.24536133,1.0743713,-1.1898804
17957,-0.21636963,0.94146728,-1.2387085
17958,-0.31600952,0.9854126,-1.2792969
17959,-0.39382935,1.078186,-1.2426758
17960,-0.41625977,1.2762451,-1.0585022
17961,-0.51879883,1.2640381,-1.1283875
17962,-0.57434082,1.3250732,-1.157074
17963,-0.6590271,1.2559509,-1.0710144
17964,-0.63919067,1.1712646,-0.98144531
17965,-0.76370239,1.3493347,-0.97366333
17966,-0.66146851,1.3012695,-0.93399048
17967,-0.91537476,1.4056396,-0.79666138
17968,-1.0144043,1.2690735,-0.71212769
17969,-0.97946167,1.4753723,-0.73806763
17970,-0.91522217,1.3778687,-0.84075928
17971,-0.97381592,1.3500977,-0.53421021
17972,-1.1859131,1.4131165,-0.5607605
17973,-1.1903381,1.3314819,-0.61813354
17974,-1.14151,1.341095,-0.48370361
17975,-1.330719,1.4741516,-0.47363281
17976,-1.4401245,1.517334,-0.42312622
17977,-1.3806152,1.4138794,-0.4069519
17978,-1.4065552,1.5197754,-0.32424927
17979,-1.4306641,1.3305664,-0.34057617
17980,-1.5525818,1.3624573,-0.33676147
17981,-1.509552,1.3441467,-0.35690308
17982,-1.6729736,1.2281799,-0.46463013
17983,-1.5539551,1.1784363,-0.29785156
17984,-1.6799927,1.2472534,-0.23849487
17985,-1.7909241,1.2417603,-0.17105103
17986,-1.789856,1.1395264,0.006866455
17987,-1.8757629,1.3465881,0.13671875
17988,-1.8847656,1.230011,0.19805908
17989,-1.8025208,1.219635,0.1763916
17990,-1.7993164,1.1123657,0.16845703
17991,-1.9367981,1.2117004,0.29708862
17992,-1.9177246,1.0777283,0.42053223
17993,-1.9718933,1.0629272,0.46203613
17994,-2.1568298,0.93215942,0.49697876
17995,-1.8365479,1.0734558,0.38208008
17996,-2.1463013,0.92483521,0.6690979
17997,-2.0652771,0.85296631,0.57617188
17998,-2.2439575,1.0473633,0.7409668
17999,-2.1505737,0.93505859,0.64880371
18000,-2.1768188,0.79528809,0.79086304
18001,-2.2805786,0.95581055,0.7975769
18002,-2.2598267,0.93338013,0.88134766
18003,-2.3681641,0.61279297,1.0055542
18004,-2.3139954,0.68908691,1.0359192
18005,-2.1202087,0.58547974,1.0505676
18006,-2.2154236,0.45532227,1.2277222
18007,-2.1405029,0.5090332,1.2188721
18008,-2.0979309,0.40283203,1.3146973
18009,-2.1691895,0.39733887,1.3095093
18010,-2.2406006,0.22613525,1.2316895
18011,-2.1057129,0.20385742,1.0551453
18012,-2.1820068,0.35308838,1.1708069
18013,-2.2827148,0.18478394,1.315918
18014,-2.2868347,0.21453857,1.4373779
18015,-2.3202515,0.11306763,1.3568115
18016,-2.1044922,-0.09475708,1.2762451
18017,-2.1147156,-0.1651001,1.2858582
18018,-2.1572876,-0.012969971,1.227417
18019,-2.1957397,-0.078125,1.5011597
18020,-2.154541,-0.2041626,1.542511
18021,-2.0565796,-0.13778687,1.6136169
18022,-2.0095825,-0.25054932,1.5475464
18023,-2.1699524,-0.50384522,1.4982605
18024,-2.0285034,-0.49743652,1.4587402
18025,-1.8249512,-0.84350586,1.5621948
18026,-1.9894409,-0.51971435,1.927948
18027,-1.8743896,-0.45562744,1.7312622
18028,-1.9502258,-0.65078735,1.627655
18029,-2.0240784,-0.6716919,1.8843079
18030,-1.9442749,-0.8001709,2.0166016
18031,-1.8003845,-1.013031,1.5693665
18032,-1.8817139,-0.90026856,1.9009399
18033,-1.8078613,-0.86975098,2.0710754
18034,-1.6404724,-0.98983765,1.8511963
18035,-1.741333,-1.1386108,1.9836426
18036,-1.6149902,-1.1862183,2.109375
18037,-1.7015076,-1.2301636,2.0075989
18038,-1.592865,-1.4234924,1.9178772
18039,-1.6012573,-1.3447571,2.0780945
18040,-1.5988159,-1.3024902,2.0748901
18041,-1.4936829,-1.350708,1.856842
18042,-1.5641785,-1.5072632,1.9815063
18043,-1.4604187,-1.292572,2.0202637
18044,-1.270752,-1.4859009,1.8330383
18045,-1.2457275,-1.635437,2.0214844
18046,-1.1950684,-1.6543579,1.9882202
18047,-1.3201904,-1.6281128,1.8966675
18048,-1.2521362,-1.8251038,1.9560242
18049,-0.99502563,-1.8241882,1.8809509
18050,-1.0244751,-1.8783569,2.0072937
18051,-0.88882446,-1.8722534,1.978302
18052,-0.89233398,-1.9865417,1.8760681
18053,-0.82641602,-1.8551636,1.9044495
18054,-0.74707031,-2.0480347,1.985321
18055,-0.78475952,-1.9911194,1.9769287
18056,-0.82641602,-2.1127319,1.8945313
18057,-0.62149048,-2.0368958,1.8460083
18058,-0.63095093,-1.9715881,1.8942261
18059,-0.49285889,-2.033844,1.7546082
18060,-0.45578003,-2.2305298,1.7082214
18061,-0.28671265,-2.2872925,1.7799377
18062,-0.32333374,-2.5111389,1.6670227
18063,-0.2406311,-2.2796631,1.8370056
18064,-0.34759522,-2.228241,1.7196655
18065,-0.08605957,-2.374115,1.6773987
18066,-0.048828125,-2.3480225,1.5853882
18067,-0.003204346,-2.4137878,1.5164185
18068,0.048522949,-2.4847412,1.5675354
18069,0.089263916,-2.5483704,1.6949463
18070,0.0831604,-2.5346375,1.3832092
18071,0.25817871,-2.4353027,1.4311218
18072,0.14892578,-2.4275208,1.3890076
18073,0.20645142,-2.2966003,1.3720703
18074,0.30334473,-2.467041,1.1712646
18075,0.35842895,-2.3529053,1.1024475
18076,0.42419434,-2.3051453,1.0322571
18077,0.42190552,-2.376709,1.0121155
18078,0.47058106,-2.387085,0.97122192
18079,0.48019409,-2.4110413,1.0302734
18080,0.44662476,-2.3745728,1.0310364
18081,0.51025391,-2.4784851,1.0005188
18082,0.5380249,-2.4362183,0.95077515
18083,0.67962647,-2.3907471,0.78475952
18084,0.70053101,-2.3612976,0.81710815
18085,0.76705933,-2.2117615,0.63308716
18086,0.79620361,-2.2184753,0.57479858
18087,0.859375,-2.0901489,0.76904297
18088,0.83801269,-2.2904968,0.45440674
18089,0.94268799,-2.1516418,0.42755127
18090,0.94848633,-2.1958923,0.31204224
18091,1.0925293,-2.1784973,0.37185669
18092,1.1044312,-2.1585083,0.23223877
18093,1.0578918,-2.0315552,0.26748657
18094,1.1120605,-2.1098328,0.20446777
18095,1.1003113,-1.9963074,0.18722534
18096,1.1428833,-1.9766235,0.19134522
18097,1.1610413,-2.0375061,0.041503906
18098,1.1610413,-1.9311523,-0.000915527
18099,1.2193298,-2.03125,0.005340576
18100,1.2171936,-1.7953491,-0.082550049
18101,1.1601257,-1.9046021,-0.13656616
18102,1.2771606,-1.9447327,-0.18753052
18103,1.4295959,-1.7913818,-0.13092041
18104,1.2423706,-1.6914368,-0.10910034
18105,1.4483643,-1.6984558,-0.33218384
18106,1.2692261,-1.7793274,-0.18829346
18107,1.264801,-1.7831421,-0.44113159
18108,1.3809204,-1.5710449,-0.4675293
18109,1.4620972,-1.5646362,-0.69213867
18110,1.4216614,-1.5461731,-0.60729981
18111,1.3778687,-1.4810181,-0.5581665
18112,1.3020325,-1.3446045,-0.55496216
18113,1.2081909,-1.1886597,-0.6602478
18114,1.1077881,-1.1987305,-0.8215332
18115,1.1103821,-1.0203552,-0.88012695
18116,1.1907959,-1.0498047,-1.0066223
18117,1.2533569,-0.86120606,-0.93917847
18118,1.1454773,-0.77636719,-0.84411621
18119,1.169281,-0.77972412,-0.95550537
18120,1.1245728,-0.86532593,-0.95565796
18121,1.2588501,-0.71975708,-1.0250854
18122,1.0969543,-0.79193115,-0.96725464
18123,1.0223389,-0.52017212,-1.0137939
18124,0.98571777,-0.61004639,-1.0571289
18125,1.05896,-0.46325684,-1.0664368
18126,1.0476685,-0.51315308,-1.0961914
18127,1.0267639,-0.30715942,-1.1347961
18128,0.92391968,-0.4196167,-1.2045288
18129,0.97763062,-0.40023804,-1.3331604
18130,0.89172363,-0.26992798,-1.1999512
18131,0.79162598,-0.20904541,-1.2586975
18132,0.83877563,-0.1940918,-1.322937
18133,0.73501587,-0.077056885,-1.3592529
18134,0.8013916,-0.036773682,-1.3301086
18135,0.87783813,-0.11413574,-1.3873291
18136,0.53466797,-0.054779053,-1.373291
18137,0.57739258,0.063018799,-1.4054871
18138,0.64147949,0.15563965,-1.2904358
18139,0.59417725,0.20996094,-1.3064575
18140,0.51879883,0.23162842,-1.2512207
18141,0.46554565,0.33248901,-1.4053345
18142,0.46463013,0.46600342,-1.4581299
18143,0.33813477,0.49377441,-1.4816284
18144,0.35324097,0.40542603,-1.4637756
18145,0.33157349,0.71105957,-1.3504028
18146,0.22277832,0.63232422,-1.3272095
18147,0.14266968,0.61904907,-1.3407898
18148,0.14099121,0.67687988,-1.4907837
18149,0.056915283,0.65963745,-1.3973999
18150,0.064697266,0.84823608,-1.3543701
18151,-0.026855469,0.8102417,-1.2997437
18152,-0.01159668,0.63934326,-1.3131714
18153,-0.03036499,0.9828186,-1.1837769
18154,-0.13000488,0.9022522,-1.3737488
18155,-0.19515991,0.75180054,-1.2042236
18156,-0.2545166,1.0256958,-1.1468506
18157,-0.28015137,1.0346985,-1.0354614
18158,-0.42739868,1.2367249,-0.91995239
18159,-0.39428711,1.1541748,-0.96908569
18160,-0.44845581,1.295929,-0.99990845
18161,-0.4977417,1.2763977,-0.98571777
18162,-0.68878174,1.2008667,-0.86105347
18163,-0.66589356,1.0884094,-0.89569092
18164,-0.80169678,1.081543,-0.91247559
18165,-0.79895019,1.2576294,-1.0168457
18166,-0.93795776,1.2789917,-0.94818115
18167,-0.87402344,1.265564,-0.80307007
18168,-0.95672607,1.3659668,-0.7673645
18169,-1.0261536,1.3647461,-0.85449219
18170,-1.0494995,1.2174988,-0.730896
18171,-1.0432434,1.2536621,-0.63369751
18172,-1.2594604,1.2538147,-0.56762695
18173,-1.3334656,1.3240051,-0.59020996
18174,-1.3299561,1.23703,-0.5065918
18175,-1.3021851,1.2922668,-0.27297974
18176,-1.4637756,1.4823914,-0.34347534
18177,-1.434021,1.4411926,-0.45623779
18178,-1.3949585,1.5652466,-0.35293579
18179,-1.6259766,1.469574,-0.38986206
18180,-1.5994263,1.300354,-0.27099609
18181,-1.5402222,1.3102722,-0.052337646
18182,-1.6696167,1.3844299,-0.18692017
18183,-1.6815186,1.2942505,-0.12176514
18184,-1.6229248,1.4077759,-0.056304932
18185,-1.7552185,1.2713623,-0.015106201
18186,-1.6856384,1.3087463,0.088348389
18187,-1.7575073,1.1071777,0.093383789
18188,-1.8505859,1.3452148,0.16174316
18189,-1.958313,1.2527466,0.012817383
18190,-1.9804382,1.2428284,0.13000488
18191,-1.8565369,1.1523438,0.20324707
18192,-1.8571472,1.0644531,0.23239136
18193,-1.8086243,1.0565186,0.40649414
18194,-1.9676209,1.0017395,0.36300659
18195,-2.1176147,1.1425781,0.56015015
18196,-2.0588684,0.96435547,0.58166504
18197,-1.9975281,0.93521118,0.53466797
18198,-2.1325684,0.73181152,0.72143555
18199,-2.1447754,0.81069946,0.77926636
18200,-2.202301,0.90133667,0.77575684
18201,-2.0808411,0.90332031,0.77789307
18202,-2.1627808,0.72082519,0.68374634
18203,-2.1789551,0.71502685,0.87463379
18204,-2.3150635,0.72158813,0.87524414
18205,-2.328186,0.6137085,0.95733643
18206,-2.2038269,0.57510376,1.0037231
18207,-2.2889709,0.58547974,1.2191772
18208,-2.2958374,0.27557373,1.1376953
18209,-2.3532104,0.24612427,1.0862732
18210,-2.1972656,0.29190064,1.1680603
18211,-2.1917725,0.17105103,1.366272
18212,-2.1363831,0.20980835,1.3337708
18213,-2.2502136,0.037231445,1.5057373
18214,-2.2654724,0.06362915,1.3247681
18215,-2.1818542,-0.22979736,1.5155029
18216,-2.1713257,-0.17822266,1.4648438
18217,-2.0162964,-0.13641357,1.410675
18218,-2.223053,-0.58425903,1.6369629
18219,-2.1368408,-0.43807983,1.554718
18220,-2.167511,-0.40496826,1.6194153
18221,-1.971283,-0.34347534,1.5429688
18222,-1.8075562,-0.50643921,1.5789795
18223,-1.9900513,-0.64666748,1.5194702
18224,-2.144165,-0.67703247,1.3334656
18225,-2.0018005,-0.66894531,1.6053772
18226,-1.8664551,-0.65948486,1.3555908
18227,-1.9906616,-0.68466187,1.7868042
18228,-1.8766785,-0.91903687,2.06604
18229,-1.7015076,-0.8392334,1.6781616
18230,-1.8255615,-1.0952759,1.3619995
18231,-1.8885803,-1.0177612,1.6651916
18232,-1.655426,-0.94985962,1.8473816
18233,-1.7138672,-0.88500977,2.0159912
18234,-1.5515137,-1.0371399,2.0028687
18235,-1.6886902,-1.2939453,1.8170166
18236,-1.6424561,-1.3543701,1.9779968
18237,-1.5586853,-1.4826965,1.9250488
18238,-1.5988159,-1.4280701,2.0001221
18239,-1.4138794,-1.4295959,2.0181274
18240,-1.4483643,-1.4952087,1.9915771
18241,-1.415863,-1.315155,2.0600891
18242,-1.187439,-1.3482666,1.9577026
18243,-1.3226318,-1.3999939,2.0037842
18244,-1.2614441,-1.4050293,1.9430542
18245,-1.235199,-1.5052795,1.9248962
18246,-1.187439,-1.6494751,1.9223022
18247,-1.0389709,-1.6291809,1.9421387
18248,-0.92895508,-1.8585205,2.0330811
18249,-1.0014343,-1.7201233,2.0527649
18250,-0.75592041,-1.7944336,1.9706726
18251,-0.92300415,-1.8804932,2.0120239
18252,-0.77636719,-2.1052551,1.7765808
18253,-0.74935913,-2.0065308,1.918335
18254,-0.72128296,-1.9665527,1.8730164
18255,-0.70205688,-2.0051575,1.934967
18256,-0.57357788,-1.8968201,1.8070984
18257,-0.45074463,-2.0056152,1.656189
18258,-0.31066894,-2.0069885,1.7114258
18259,-0.37384033,-2.1118164,1.6677856
18260,-0.44219971,-2.308197,1.7997742
18261,-0.26000977,-2.013092,1.6043091
18262,-0.36865234,-2.2129822,1.5184021
18263,-0.34179688,-2.1697998,1.2586975
18264,-0.35324097,-2.2181702,1.3716125
18265,-0.12451172,-2.0004272,1.4677429
18266,-0.14419556,-2.247467,1.5170288
18267,-0.078125,-2.2445679,1.4009094
18268,0.18280029,-2.5265503,1.2879944
18269,0.099639893,-2.244873,1.34552
18270,0.062713623,-2.2613525,1.3856506
18271,0.22216797,-2.2218323,1.3166809
18272,0.39627075,-2.3738098,1.2329102
18273,0.23193359,-2.2921753,1.2301636
18274,0.26397705,-2.1916199,1.1697388
18275,0.35812378,-2.3190308,1.194458
18276,0.36575317,-2.3681641,0.96450806
18277,0.42037964,-2.2688293,0.88088989
18278,0.440979,-2.3303223,0.84442139
18279,0.49377441,-2.2010803,0.97045898
18280,0.60913086,-2.28302,0.8303833
18281,0.71655273,-2.3434448,0.82122803
18282,0.73944092,-2.2314453,0.72967529
18283,0.69412231,-2.2154236,0.65689087
18284,0.67901611,-2.3727417,0.71716309
18285,0.8493042,-2.3196411,0.59265137
18286,0.8480835,-2.1055603,0.35049439
18287,0.88729858,-2.0848083,0.41503906
18288,0.87524414,-2.1252441,0.37872314
18289,0.91171265,-2.1360779,0.30471802
18290,0.98098755,-2.1954346,0.15640259
18291,1.0903931,-2.0780945,0.22216797
18292,1.0035706,-2.0874023,0.06149292
18293,1.0314941,-2.0755005,0.13748169
18294,1.0211182,-1.8925476,0.1914978
18295,1.1151123,-1.8460083,0.13137817
18296,1.1651611,-1.8469238,0.06362915
18297,1.1486816,-1.7871094,-0.029602051
18298,1.1941528,-1.7871094,-0.02532959
18299,1.0559082,-1.8383789,-0.029602051
18300,1.0894775,-1.4996338,-0.1461792
18301,1.0380554,-1.7089844,-0.262146
18302,1.0551453,-1.5612793,-0.38345337
18303,1.1813354,-1.4389038,-0.34317017
18304,1.1581421,-1.6239929,-0.38787842
18305,1.1436462,-1.5821838,-0.36819458
18306,1.1752319,-1.5411377,-0.30014038
18307,1.1578369,-1.477356,-0.37521362
18308,1.1817932,-1.4241028,-0.44418335
18309,1.2069702,-1.2982178,-0.5456543
18310,1.2213135,-1.3291931,-0.63812256
18311,1.1605835,-1.1962891,-0.8001709
18312,1.0496521,-1.1282349,-0.90026856
18313,1.1984253,-1.1546326,-0.74081421
18314,1.2225342,-1.0253906,-0.76202393
18315,1.1053467,-0.97564697,-0.71990967
18316,1.2414551,-0.92819214,-0.8480835
18317,1.1669922,-0.9777832,-0.78918457
18318,0.98815918,-0.73257446,-1.0081482
18319,1.0494995,-0.74295044,-1.0165405
18320,1.008606,-0.50369263,-0.89553833
18321,1.0946655,-0.61447144,-0.96969604
18322,1.1279297,-0.46188355,-0.9274292
18323,1.0845947,-0.4536438,-0.89401245
18324,1.2004089,-0.38070679,-1.0424805
18325,0.93170166,-0.38330078,-1.0520935
18326,0.8253479,-0.47409058,-1.1280823
18327,0.86685181,-0.23071289,-1.1465454
18328,0.86090088,-0.23010254,-1.2461853
18329,0.88516235,-0.18066406,-1.1520386
18330,0.77804565,-0.17883301,-1.4053345
18331,0.65475464,-0.18676758,-1.3710022
18332,0.60821533,-0.052947998,-1.4022827
18333,0.7383728,0.017547607,-1.244812
18334,0.71914673,0.032043457,-1.1782837
18335,0.4385376,-0.22445679,-1.4553833
18336,0.42678833,-0.11306763,-1.4187622
18337,0.34393311,0.26245117,-1.2683105
18338,0.36468506,0.15701294,-1.3198853
18339,0.22766113,0.27145386,-1.1459351
18340,0.35903931,0.39321899,-1.2301636
18341,0.2456665,0.26565552,-1.2600708
18342,0.34103394,0.44830322,-1.211853
18343,0.25344849,0.38757324,-1.2690735
18344,0.17318726,0.57006836,-1.1341858
18345,0.20690918,0.4725647,-1.2547302
18346,0.072937012,0.54931641,-1.2911987
18347,-0.003051758,0.61096191,-1.1352539
18348,-0.01373291,0.68496704,-1.149292
18349,-0.0340271,0.73913574,-1.190033
18350,-0.026397705,0.62591553,-1.1790466
18351,-0.087738037,0.61553955,-1.1521912
18352,-0.17562866,0.8706665,-1.1656189
18353,-0.26947022,0.82077026,-1.0183716
18354,-0.36407471,0.81817627,-1.1499023
18355,-0.35995483,0.80780029,-1.0879517
18356,-0.47119141,0.89309692,-1.0362244
18357,-0.5229187,0.93948364,-0.94192505
18358,-0.45043945,1.0614014,-1.033783
18359,-0.50689697,1.0469055,-0.80795288
18360,-0.53833008,1.1671448,-0.78643799
18361,-0.56411743,1.1535645,-0.80459595
18362,-0.51177978,1.178894,-1.1399841
18363,-0.68252563,1.1192322,-0.99868774
18364,-0.77804565,1.1911011,-0.93032837
18365,-0.88745117,1.2130737,-0.87036133
18366,-0.9387207,1.2573242,-0.64468384
18367,-1.0557556,1.2869263,-0.67489624
18368,-1.1207581,1.2547302,-0.56365967
18369,-1.2696838,1.3031006,-0.54550171
18370,-1.2651062,1.1477661,-0.49499512
18371,-1.2846375,1.2283325,-0.44067383
18372,-1.2738037,1.0884094,-0.48065186
18373,-1.3555908,1.156311,-0.35064697
18374,-1.312561,0.99105835,-0.33996582
18375,-1.5646362,0.81039429,-0.3465271
18376,-1.4582825,0.91583252,-0.38696289
18377,-1.438446,1.0505676,-0.42160034
18378,-1.5112305,1.0180664,-0.36819458
18379,-1.5487671,1.1221313,-0.184021
18380,-1.5351868,1.131134,-0.14129639
18381,-1.8206787,1.1508179,-0.043029785
18382,-1.7730713,1.0493469,0.009460449
18383,-1.7332459,1.0035706,0.049743652
18384,-1.8127441,1.2713623,0.18203735
18385,-1.6452026,1.1212158,0.19546509
18386,-1.8969727,1.1019897,0.18203735
18387,-1.8637085,1.1653137,0.33203125
18388,-1.7886353,0.94558716,0.42602539
18389,-1.6717529,1.0403442,0.45410156
18390,-1.9061279,1.0655212,0.30090332
18391,-2.0127869,0.98449707,0.47897339
18392,-2.0431519,0.92895508,0.60333252
18393,-1.920929,0.79467773,0.52917481
18394,-1.8251038,0.96389771,0.59936523
18395,-1.9750977,0.87356567,0.72341919
18396,-2.0243835,0.65704346,0.63110352
18397,-1.9815063,0.89904785,0.77987671
18398,-2.1110535,0.6930542,0.83572388
18399,-2.013855,0.68634033,0.8921814
18400,-2.0376587,0.70281982,0.73608398
18401,-2.0368958,0.70266724,0.89660644
18402,-2.1116638,0.62988281,0.91766357
18403,-2.1705627,0.48675537,0.95687866
18404,-2.1394348,0.54931641,1.111145
18405,-2.0675659,0.49163818,1.1276245
18406,-2.1789551,0.24978638,1.1787415
18407,-2.0291138,0.36254883,1.1219788
18408,-2.074585,0.16494751,1.2171936
18409,-2.1209717,0.058898926,1.2249756
18410,-2.1609497,0.05065918,1.4053345
18411,-2.1112061,0.20507813,1.1764526
18412,-2.0095825,0.12969971,1.1988831
18413,-2.1621704,-0.13214111,1.4035034
18414,-2.0832825,0.18341065,1.3667297
18415,-2.010498,-0.17929077,1.5132141
18416,-1.9244385,-0.2545166,1.723938
18417,-2.0480347,-0.49743652,1.3024902
18418,-1.7553711,-0.22415161,1.5571594
18419,-1.8873596,-0.30181885,1.631012
18420,-1.7320251,-0.3767395,1.5505981
18421,-1.8812561,-0.41885376,1.519928
18422,-1.9541931,-0.56030273,1.6348267
18423,-1.7974854,-0.45272827,1.6499329
18424,-1.7683411,-0.48828125,1.6213989
18425,-1.8753052,-0.53771973,1.5338135
18426,-1.7451477,-0.80383301,1.4810181
18427,-1.6769409,-0.85998535,1.8009949
18428,-1.8664551,-1.0954285,1.4689636
18429,-1.7440796,-0.99716187,1.5536499
18430,-1.668396,-0.81970215,2.0680237
18431,-1.47995,-1.1120605,1.8151855
18432,-1.6119385,-0.95916748,1.9010925
18433,-1.566925,-1.0903931,1.816864
18434,-1.3951111,-1.2854004,1.8379211
18435,-1.3446045,-1.1613464,1.784668
18436,-1.2492371,-1.2341309,1.9740295
18437,-1.3331604,-1.289978,1.627655
18438,-1.1534119,-1.4489746,1.7195129
18439,-1.2185669,-1.5646362,1.7477417
18440,-0.96801758,-1.6766357,1.7375183
18441,-1.3757324,-1.6065979,1.7089844
18442,-1.1054993,-1.4419556,1.7881775
18443,-0.97351074,-1.3961792,1.8266296
18444,-0.91369629,-1.5063477,1.7564392
18445,-0.87814331,-1.655426,1.6871643
18446,-0.76812744,-1.7436218,1.6851807
18447,-0.78613281,-1.676178,1.8125916
18448,-0.92773438,-1.8792725,1.8049622
18449,-0.72341919,-1.9439697,1.7407227
18450,-0.56869507,-1.8664551,1.7462158
18451,-0.60241699,-2.0245361,1.7694092
18452,-0.58654785,-1.9865417,1.7840576
18453,-0.58273315,-1.9869995,1.7855835
18454,-0.46966553,-1.9862366,1.7851257
18455,-0.53039551,-1.9116211,1.7367554
18456,-0.35598755,-2.0420837,1.6773987
18457,-0.33172607,-1.9692993,1.6436768
18458,-0.33981323,-2.1751404,1.4979553
18459,-0.29052734,-2.1244812,1.5722656
18460,-0.18249512,-2.1052551,1.4352417
18461,-0.12130737,-2.1627808,1.4439392
18462,-0.15625,-1.9818115,1.4025879
18463,0.026702881,-2.0365906,1.2846375
18464,0.059814453,-2.0578003,1.262207
18465,0.078125,-2.215271,1.2329102
18466,0.23406982,-2.2521973,1.3034058
18467,0.10665894,-2.0874023,1.3536072
18468,0.11367798,-2.3492432,1.2136841
18469,0.14160156,-2.1888733,1.2773132
18470,0.32226563,-2.2216797,1.1904907
18471,0.3427124,-2.3312378,1.0992432
18472,0.36712647,-2.2450256,0.89584351
18473,0.39535522,-2.22229,0.91064453
18474,0.43548584,-2.2463989,1.0020447
18475,0.52307129,-2.2479248,0.8908081
18476,0.59890747,-2.1737671,0.74493408
18477,0.66772461,-2.3200989,0.74478149
18478,0.58685303,-2.1543884,0.68954468
18479,0.61904907,-2.2972107,0.68786621
18480,0.597229,-1.9958496,0.68603516
18481,0.69412231,-2.0817566,0.63796997
18482,0.70037842,-2.0306396,0.59158325
18483,0.7611084,-1.9795227,0.30136108
18484,0.96466065,-2.0674133,0.34133911
18485,0.88119507,-2.1841431,0.36102295
18486,0.95413208,-2.1711731,0.16876221
18487,0.97503662,-1.9824219,0.072784424
18488,0.98068237,-2.0619202,0.25421143
18489,1.0650635,-2.0602417,0.079193115
18490,1.0289001,-2.0487976,0.010070801
18491,1.1520386,-1.9210815,0.035705566
18492,0.95367432,-1.9277954,0.1234436
18493,0.99563599,-1.9012451,0.10635376
18494,1.1305237,-1.8106079,-0.049133301
18495,1.0394287,-1.8229675,-0.13580322
18496,0.99609375,-1.7172241,-0.10971069
18497,0.97915649,-1.7935181,-0.21774292
18498,1.1358643,-1.6197205,-0.2482605
18499,1.1186218,-1.6625977,-0.37536621
18500,1.2098694,-1.5335083,-0.23849487
18501,1.2460327,-1.4653015,-0.34545898
18502,1.1885071,-1.5896606,-0.37918091
18503,1.1444092,-1.4016724,-0.42449951
18504,1.184845,-1.3674927,-0.49453735
18505,1.2380981,-1.335144,-0.51681519
18506,1.1819458,-1.3247681,-0.49438477
18507,0.99334717,-1.1950684,-0.67520142
18508,1.0412598,-1.2348938,-0.55389404
18509,1.0223389,-1.0006714,-0.67138672
18510,1.0774231,-1.0176086,-0.65673828
18511,0.94085693,-0.94802856,-0.69610596
18512,0.95031738,-0.92468262,-0.87036133
18513,0.85800171,-0.9753418,-0.85037231
18514,0.97488403,-0.96237183,-0.94467163
18515,0.96359253,-0.97885132,-0.88256836
18516,0.88241577,-0.97167969,-0.87112427
18517,0.9387207,-0.97122192,-1.0118103
18518,0.95275879,-0.87783813,-1.0134888
18519,0.9614563,-0.76324463,-0.92819214
18520,0.96572876,-0.62042236,-0.91979981
18521,0.90148926,-0.50811768,-1.1352539
18522,0.88592529,-0.53894043,-1.0798645
18523,0.66772461,-0.46081543,-0.97518921
18524,0.75637817,-0.53390503,-1.1834717
18525,0.80978394,-0.27053833,-1.1222839
18526,0.58853149,-0.32073975,-1.129303
18527,0.63903809,-0.18234253,-1.1169434
18528,0.66650391,-0.10574341,-1.229248
18529,0.68557739,0.012817383,-1.2019348
18530,0.64147949,-0.13977051,-1.3105774
18531,0.2645874,-0.1071167,-1.3275146
18532,0.59326172,-0.2029419,-1.3537598
18533,0.33828735,0.21667481,-1.217804
18534,0.41931152,0.22735596,-1.3191223
18535,0.36010742,0.16296387,-1.2071228
18536,0.35705566,0.33096314,-1.1801147
18537,0.2116394,0.52154541,-1.2432861
18538,0.18203735,0.49179077,-1.2063599
18539,0.1663208,0.54611206,-1.1082459
18540,0.13885498,0.64804077,-1.1058044
18541,0.15823364,0.68649292,-1.1012268
18542,-0.007781982,0.55084228,-1.1816406
18543,0.004272461,0.53482056,-1.161499
18544,-0.10147095,0.60256958,-1.138916
18545,-0.29342651,0.60943603,-1.1941528
18546,-0.36010742,0.62454224,-1.0699463
18547,-0.28335571,0.89447022,-0.9475708
18548,-0.24230957,0.51086426,-1.1331177
18549,-0.34790039,0.6678772,-0.9664917
18550,-0.34408569,1.0375977,-1.0327148
18551,-0.48248291,1.02005,-0.90515137
18552,-0.5506897,1.0357666,-0.91430664
18553,-0.47225952,1.0995483,-0.8996582
18554,-0.70770264,1.0774231,-0.78536987
18555,-0.80322266,1.0231018,-0.62835693
18556,-0.66070557,1.0128784,-0.83938599
18557,-0.75408935,0.9185791,-0.84259033
18558,-0.66268921,1.1598206,-0.73944092
18559,-0.87234497,1.1672974,-0.72174072
18560,-0.87036133,1.2075806,-0.69488525
18561,-1.0618591,1.1849976,-0.68984985
18562,-1.0675049,1.0505676,-0.62850952
18563,-1.0681152,1.1004639,-0.69198608
18564,-1.0800171,1.1021423,-0.7460022
18565,-1.229248,1.137085,-0.47836304
18566,-1.0964966,1.076355,-0.5519104
18567,-1.2591553,1.1459351,-0.26931763
18568,-1.3050842,1.214447,-0.42266846
18569,-1.2695313,1.2373352,-0.38070679
18570,-1.3169861,1.288147,-0.13900757
18571,-1.2385559,1.211853,-0.09185791
18572,-1.6156006,0.85372925,-0.34072876
18573,-1.5623474,1.0855103,-0.16342163
18574,-1.572876,1.1894226,-0.012207031
18575,-1.5316772,1.2306213,-0.00869751
18576,-1.5248108,1.0449219,-0.012512207
18577,-1.6444397,1.2086487,0.14297485
18578,-1.5794373,1.078949,0.10009766
18579,-1.6401672,1.1140442,0.28839111
18580,-1.6438293,1.050415,0.28808594
18581,-1.7227173,1.0614014,0.32821655
18582,-1.7605591,1.0073853,0.21850586
18583,-1.8313599,1.0136414,0.36743164
18584,-1.8339539,1.0533142,0.39352417
18585,-1.7753601,1.0389709,0.42526245
18586,-1.7962646,1.03302,0.46691894
18587,-1.9013977,0.91262817,0.4536438
18588,-1.9358826,0.83221435,0.45349121
18589,-1.938324,0.90332031,0.59112549
18590,-1.915741,0.76293945,0.57662964
18591,-2.0236206,0.8052063,0.56838989
18592,-1.9641113,0.61355591,0.75683594
18593,-1.9346619,0.67642212,0.73440552
18594,-1.8536377,0.66680908,0.80886841
18595,-2.0974731,0.45440674,0.8480835
18596,-2.1398926,0.39123535,0.87112427
18597,-2.0452881,0.43045044,0.8883667
18598,-1.9085693,0.32791138,0.88485718
18599,-1.9433594,0.31829834,1.0540771
18600,-2.068634,0.18585205,1.1231995
18601,-1.9873047,0.28961182,1.1894226
18602,-1.8534851,0.23910523,1.2173462
18603,-1.9384766,-0.077667236,1.1129761
18604,-1.8447876,0.00579834,1.1717224
18605,-1.9451904,0.30609131,1.2059021
18606,-2.0565796,0.15274048,1.2741089
18607,-1.9801331,-0.096130371,1.237793
18608,-2.0976257,-0.070343018,1.3171387
18609,-1.8826294,-0.062255859,1.4582825
18610,-1.7811584,-0.090942383,1.5539551
18611,-1.8624878,-0.48706055,1.341095
18612,-1.8215942,-0.49484253,1.4385986
18613,-1.9244385,-0.53466797,1.4686584
18614,-1.7962646,-0.73135376,1.4550781
18615,-1.7462158,-0.57220459,1.5293884
18616,-1.7332459,-0.54367065,1.6999817
18617,-1.8878174,-0.46524048,1.8222046
18618,-1.7750549,-0.80429077,1.9360352
18619,-1.8171692,-0.74264526,2.0155334
18620,-1.7398071,-0.87890625,1.8080139
18621,-1.7892456,-0.7824707,1.786499
18622,-1.5835571,-0.86593628,1.5473938
18623,-1.7216492,-0.99838257,1.5748596
18624,-1.6265869,-1.2379456,1.6925049
18625,-1.6401672,-1.2071228,1.7869568
18626,-1.4543152,-1.2628174,1.5783691
18627,-1.4680481,-1.2986755,1.4862061
18628,-1.4242554,-1.1833191,1.8643188
18629,-1.3879395,-1.3317871,1.8838501
18630,-1.2586975,-1.2416077,1.9265747
18631,-1.2257385,-1.307373,1.870575
18632,-1.1380005,-1.2968445,1.9496155
18633,-1.3592529,-1.3494873,1.9789124
18634,-1.2451172,-1.6001892,1.789856
18635,-1.0998535,-1.4599609,1.8438721
18636,-1.0139465,-1.7300415,1.6900635
18637,-1.0189819,-1.7832947,1.8307495
18638,-1.0134888,-1.5692139,1.8766785
18639,-0.97854614,-1.7457581,1.9029236
18640,-0.72616577,-1.6368103,1.8557739
18641,-0.79498291,-1.6581726,1.7973328
18642,-0.83450317,-1.7163086,1.8505859
18643,-0.65719604,-1.8725586,1.696167
18644,-0.58868408,-1.781311,1.6903687
18645,-0.41198731,-1.7880249,1.7730713
18646,-0.57006836,-1.8312073,1.7169189
18647,-0.42907715,-2.0756531,1.6015625
18648,-0.39764404,-1.9833374,1.5840149
18649,-0.34637451,-2.0249939,1.6546631
18650,-0.47470093,-2.0413208,1.6145325
18651,-0.26123047,-2.0863342,1.4779663
18652,-0.24291992,-2.0558167,1.3386536
18653,-0.22491455,-2.0628357,1.3490295
18654,-0.31188965,-2.1121216,1.4332581
18655,-0.19836426,-2.0645142,1.3551331
18656,-0.057373047,-2.1946716,1.3684082
18657,0.025024414,-2.1308899,1.288147
18658,-0.011901855,-2.0497131,1.2928772
18659,0.18890381,-2.2102356,1.2443542
18660,0.14816284,-2.0602417,1.2420654
18661,0.13458252,-1.9909668,1.2234497
18662,0.25299072,-2.0695496,1.1933899
18663,0.27191162,-2.0797729,1.1132813
18664,0.33325195,-2.1684265,1.1425781
18665,0.41992188,-2.2111511,1.1390686
18666,0.41534424,-2.1940613,0.98205566
18667,0.26016235,-2.1932983,1.1434937
18668,0.37094116,-2.1974182,1.0661316
18669,0.47225952,-2.3623657,0.91552734
18670,0.51223755,-2.3999023,0.80261231
18671,0.43991089,-2.3461914,0.92376709
18672,0.56976318,-2.2775269,0.74493408
18673,0.57296753,-2.0602417,0.72662353
18674,0.76126099,-2.1644592,0.50476074
18675,0.76095581,-2.1191406,0.56488037
18676,0.81420898,-2.1247864,0.43395996
18677,0.74188232,-2.073822,0.46966553
18678,0.82702637,-2.0373535,0.52703857
18679,0.89767456,-2.1246338,0.31509399
18680,0.83282471,-2.0874023,0.17440796
18681,0.98007202,-2.0950317,0.33706665
18682,0.88165283,-2.01828,0.11657715
18683,0.80657959,-1.7022705,0.026092529
18684,0.95336914,-1.7619324,0.10025024
18685,0.91094971,-1.9154358,0.018310547
18686,0.96450806,-1.7759705,0.087890625
18687,1.0943604,-1.7648315,0.010528564
18688,0.95947266,-1.789856,0.00213623
18689,1.0031128,-1.5643311,-0.097045898
18690,0.98510742,-1.5525818,-0.13748169
18691,1.1042786,-1.6523743,-0.12695313
18692,1.1209106,-1.8325806,-0.32302856
18693,1.108551,-1.6360474,-0.42404175
18694,1.1437988,-1.5737915,-0.56747437
18695,1.0824585,-1.6220093,-0.5001831
18696,0.99945068,-1.4707947,-0.50186157
18697,1.1547852,-1.3505554,-0.47821045
18698,1.0847473,-1.2826538,-0.49865723
18699,1.1071777,-1.3540649,-0.56503296
18700,1.0595703,-1.2165833,-0.57449341
18701,1.0462952,-1.2637329,-0.66604614
18702,1.0745239,-1.1663818,-0.6401062
18703,0.99304199,-1.1557007,-0.60394287
18704,0.98083496,-0.94985962,-0.70251465
18705,1.0482788,-1.0237122,-0.71563721
18706,1.1122131,-0.83587647,-0.95001221
18707,1.1061096,-0.75805664,-0.89431763
18708,0.96084595,-0.62896728,-0.93261719
18709,1.0171509,-0.69976807,-0.8631897
18710,0.99533081,-0.68740845,-0.83572388
18711,0.96847534,-0.51071167,-0.87356567
18712,1.0908508,-0.49453735,-1.0302734
18713,0.96832275,-0.52001953,-0.97900391
18714,0.962677,-0.43914795,-1.169281
18715,0.97686768,-0.38085938,-1.2399292
18716,1.0110474,-0.28747559,-1.1483765
18717,0.88897705,-0.18600464,-1.1235046
18718,0.89675903,-0.086669922,-1.1909485
18719,0.79727173,-0.14877319,-1.0322571
18720,0.77514648,-0.054321289,-1.2573242
18721,0.73883057,-0.022277832,-1.2548828
18722,0.73165894,-0.034790039,-1.3464355
18723,0.59875488,-0.10574341,-1.3850403
18724,0.15151978,-0.13641357,-1.512146
18725,0.39108276,-0.14892578,-1.4520264
18726,0.50765991,-0.046234131,-1.5318298
18727,0.38360596,0.27893066,-1.4231873
18728,0.45379639,0.34973144,-1.4863586
18729,0.49530029,0.37597656,-1.3717651
18730,0.39810181,0.43334961,-1.2831116
18731,0.30319214,0.47302246,-1.2121582
18732,0.07019043,0.38253784,-1.1631775
18733,0.12664795,0.42053223,-1.3038635
18734,0.23330688,0.42190552,-1.4064026
18735,-0.013580322,0.58074951,-1.2634277
18736,0.097351074,0.85128784,-1.3865662
18737,-0.064849854,0.64315796,-1.1425781
18738,-0.068359375,0.88302612,-1.0794067
18739,-0.19042969,0.64285278,-1.078186
18740,-0.089416504,0.70159912,-1.190033
18741,-0.11260986,0.80856323,-1.1909485
18742,-0.18829346,0.76812744,-1.0638428
18743,-0.29800415,0.85021973,-1.0005188
18744,-0.36865234,0.87890625,-1.0411072
18745,-0.42724609,0.96923828,-1.0047913
18746,-0.50109863,1.0220337,-1.0050964
18747,-0.56396484,1.0282898,-1.1141968
18748,-0.54702759,1.0205078,-1.0676575
18749,-0.57952881,1.265564,-0.98846435
18750,-0.67428589,1.0688782,-0.94619751
18751,-0.68267822,1.1630249,-0.95199585
18752,-0.85845947,1.1268616,-0.88043213
18753,-0.85479736,1.1471558,-0.84381103
18754,-0.99212647,1.1555481,-0.74264526
18755,-1.038208,1.2246704,-0.71105957
18756,-0.92941284,1.2658691,-0.57739258
18757,-1.1882019,1.4254761,-0.599823
18758,-1.2399292,1.2271118,-0.63018799
18759,-1.3134766,1.12854,-0.59448242
18760,-1.1424255,1.1289978,-0.51193237
18761,-1.3900757,1.0569763,-0.43075561
18762,-1.3645935,1.3684082,-0.3604126
18763,-1.3194275,1.3391113,-0.48278809
18764,-1.4329529,1.4422607,-0.28900147
18765,-1.4077759,1.0687256,-0.32974243
18766,-1.5541077,1.1750793,-0.36499023
18767,-1.4524841,1.1734009,-0.2041626
18768,-1.5449524,1.211853,-0.048522949
18769,-1.6514587,1.1126709,0.0831604
18770,-1.7459106,1.1598206,0.024414063
18771,-1.7977905,1.061554,0.088500977
18772,-1.7103577,1.0639954,0.032501221
18773,-1.8014526,1.1425781,0.17547607
18774,-1.7407227,1.0844421,0.23712158
18775,-1.7756653,1.0873413,0.26092529
18776,-1.7526245,1.0488892,0.28167725
18777,-1.7950439,1.0037231,0.32470703
18778,-1.7692566,0.94055176,0.39489746
18779,-1.842041,0.90957642,0.37872314
18780,-1.9039917,0.95077515,0.45715332
18781,-1.8658447,0.9375,0.54519653
18782,-1.877594,0.82519531,0.54550171
18783,-1.9549561,0.74401856,0.68206787
18784,-2.0005798,0.81588745,0.675354
18785,-1.9909668,0.70861816,0.70205688
18786,-2.1014404,0.77255249,0.75149536
18787,-2.0571899,0.65185547,0.80566406
18788,-2.0150757,0.62942505,1.0420227
18789,-2.0848083,0.61325073,0.91018677
18790,-2.2561646,0.6652832,1.0206604
18791,-2.1453857,0.34378052,0.94070435
18792,-2.2035217,0.443573,1.1073303
18793,-2.1595764,0.40039063,1.1982727
18794,-2.0713806,0.34194946,1.3252258
18795,-2.1569824,0.26000977,1.2072754
18796,-2.0602417,0.33309936,1.2860107
18797,-1.9458008,0.27145386,1.2759399
18798,-2.1081543,0.16082764,1.3442993
18799,-2.1212769,0.26580811,1.4929199
18800,-2.07901,0.11657715,1.5597534
18801,-2.1282959,0.12084961,1.4494324
18802,-1.9526672,-0.12207031,1.4633179
18803,-1.958313,-0.081634521,1.4463806
18804,-1.9026184,-0.1020813,1.5075684
18805,-2.0510864,-0.14297485,1.4544678
18806,-1.9107056,-0.17120361,1.632843
18807,-2.0178223,-0.36087036,1.6671753
18808,-1.8510437,-0.30303955,1.6015625
18809,-1.9805908,-0.33493042,1.6781616
18810,-1.8501282,-0.58120728,1.6529846
18811,-1.9966125,-0.48828125,1.628418
18812,-1.8994141,-0.61920166,1.6810608
18813,-1.734314,-1.0453796,1.8322754
18814,-1.9174194,-1.0839844,1.8756104
18815,-1.7964172,-0.86990356,1.9256592
18816,-1.8804932,-0.66558838,1.990509
18817,-1.8713379,-0.94055176,1.943512
18818,-1.7558289,-0.72143555,1.943512
18819,-1.7150879,-0.87158203,1.9966125
18820,-1.4532471,-0.88256836,1.946106
18821,-1.541748,-0.97885132,2.0469666
18822,-1.5910339,-1.1116028,1.9320679
18823,-1.4874268,-1.2677002,2.0030212
18824,-1.5148926,-1.269989,2.1411133
18825,-1.5638733,-1.3650513,2.1322632
18826,-1.51474,-1.4041138,1.9856262
18827,-1.3839722,-1.378479,2.0423889
18828,-1.4282227,-1.3818359,1.9326782
18829,-1.2496948,-1.4698791,1.8562317
18830,-1.2287903,-1.5910339,1.8211365
18831,-1.1375427,-1.6239929,1.932373
18832,-1.1216736,-1.5963745,1.8531799
18833,-0.93048096,-1.71875,1.9338989
18834,-0.88058472,-1.736145,1.8125916
18835,-0.8454895,-1.8051147,1.8110657
18836,-0.79971313,-1.8891907,1.8035889
18837,-0.74630737,-1.834259,1.9165039
18838,-0.76034546,-1.9485474,1.8135071
18839,-0.76126099,-1.8978882,1.9067383
18840,-0.68939209,-1.8972778,1.9143677
18841,-0.68023682,-2.051239,1.8348694
18842,-0.60165405,-2.0256042,1.7562866
18843,-0.52337647,-2.0957947,1.703186
18844,-0.54367065,-2.0655823,1.7149353
18845,-0.58181763,-2.1180725,1.8333435
18846,-0.49957275,-2.122345,1.7977905
18847,-0.44281006,-2.2612,1.7115784
18848,-0.29510498,-2.3382568,1.5679932
18849,-0.15045166,-2.3078918,1.6770935
18850,-0.099182129,-2.2648621,1.6390991
18851,-0.22186279,-2.3112488,1.5904236
18852,-0.054931641,-2.4424744,1.4093018
18853,-0.012969971,-2.2996521,1.3970947
18854,0.038146973,-2.3983765,1.2390137
18855,-0.015869141,-2.3358154,1.3461304
18856,0.32150269,-2.348938,1.0647583
18857,0.23529053,-2.3814392,1.2756348
18858,0.17578125,-2.3370361,1.2747192
18859,0.34332275,-2.3422241,1.0624695
18860,0.35461426,-2.3100281,1.0752869
18861,0.52566528,-2.1038818,1.053772
18862,0.57037353,-2.2192383,1.0147095
18863,0.52001953,-2.273407,0.94680786
18864,0.55114746,-2.2331238,0.89599609
18865,0.63812256,-2.2792053,0.71685791
18866,0.5847168,-2.2650146,0.8366394
18867,0.51651001,-2.1951294,0.81710815
18868,0.64865112,-2.414093,0.85510254
18869,0.81924438,-2.4214172,0.72418213
18870,0.8744812,-2.2689819,0.62042236
18871,0.97198486,-2.2467041,0.67825317
18872,0.9236145,-2.1278381,0.49819946
18873,1.0224915,-2.2270203,0.52536011
18874,0.94696045,-2.096405,0.35446167
18875,0.98175049,-2.325592,0.29571533
18876,0.94924927,-2.0480347,0.28884888
18877,1.0319519,-2.0079041,0.24841309
18878,1.0270691,-2.0692444,0.18981934
18879,1.0704041,-2.0845032,0.092163086
18880,1.0844421,-2.1298218,-0.051269531
18881,1.1849976,-1.9752502,-0.057067871
18882,1.1933899,-1.9781494,-0.004425049
18883,1.0717773,-1.968689,-0.003967285
18884,1.1254883,-1.7687988,-0.14770508
18885,1.0787964,-1.7338562,-0.19485474
18886,1.308136,-1.7681885,-0.20874023
18887,1.3313293,-1.7980957,-0.28427124
18888,1.1868286,-1.7097473,-0.43991089
18889,1.4141846,-1.8424988,-0.45089722
18890,1.1953735,-1.6262817,-0.33981323
18891,1.2947083,-1.574707,-0.43823242
18892,1.4915466,-1.451416,-0.4649353
18893,1.3438416,-1.5475464,-0.6237793
18894,1.4289856,-1.5196228,-0.35507202
18895,1.3653564,-1.434021,-0.63858032
18896,1.3397217,-1.4651489,-0.67657471
18897,1.272583,-1.257782,-0.65689087
18898,1.3214111,-1.1756897,-0.77758789
18899,1.2573242,-1.053772,-0.82565308
18900,1.2379456,-1.0945129,-0.70007324
18901,1.3020325,-0.96755981,-0.88134766
18902,1.2052917,-0.93353272,-0.90820313
18903,1.1326599,-0.84136963,-0.92514038
18904,1.0717773,-0.6918335,-1.0281372
18905,1.0340881,-0.78201294,-0.99426269
18906,1.1575317,-0.82977295,-1.0676575
18907,1.0490417,-0.56610107,-0.99365234
18908,1.0766602,-0.57632446,-1.204834
18909,0.98022461,-0.37521362,-1.1062622
18910,1.1262512,-0.40771484,-1.3169861
18911,0.96206665,-0.44189453,-1.1924744
18912,1.0064697,-0.42648315,-1.3986206
18913,1.0647583,-0.32455444,-1.4335632
18914,1.0681152,-0.27709961,-1.2995911
18915,0.93261719,-0.23880005,-1.3285828
18916,0.78796387,-0.15609741,-1.159668
18917,0.79971313,-0.18066406,-1.3131714
18918,0.6187439,-0.13076782,-1.2768555
18919,0.62255859,-0.1071167,-1.3961792
18920,0.52688599,-0.35202026,-1.3511658
18921,0.68283081,-0.16479492,-1.4723206
18922,0.62164307,0.1248169,-1.5216064
18923,0.68908691,0.21636963,-1.5252686
18924,0.58807373,0.27664185,-1.5202332
18925,0.47790527,0.32608032,-1.4334106
18926,0.41931152,0.53390503,-1.4746094
18927,0.3465271,0.55923462,-1.2815857
18928,0.34988403,0.572052,-1.2609863
18929,0.28213501,0.70083618,-1.3920593
18930,0.18859863,0.84350586,-1.3442993
18931,0.10559082,0.61920166,-1.4295959
18932,0.13839722,0.74737549,-1.285553
18933,0.012817383,0.59265137,-1.2536621
18934,0.025024414,0.96588135,-1.2214661
18935,0.065307617,1.0159302,-1.2194824
18936,-0.097045898,0.82092285,-1.2483215
18937,-0.18615723,0.99197388,-1.2509155
18938,-0.31890869,0.98922729,-1.151123
18939,-0.36682129,1.0543823,-1.252594
18940,-0.39016724,1.1392212,-1.1222839
18941,-0.44937134,0.99975586,-1.1773682
18942,-0.45639038,0.89477539,-1.2423706
18943,-0.61523438,0.91079712,-1.1553955
18944,-0.5027771,1.1407471,-1.2475586
18945,-0.52185059,1.295166,-1.1294556
18946,-0.65261841,1.3366699,-1.2316895
18947,-0.69030762,1.3122559,-1.1619568
18948,-0.73547363,1.398468,-1.1112976
18949,-0.83190918,1.4144897,-1.0780334
18950,-0.81695557,1.2762451,-1.0314941
18951,-0.81161499,1.2449646,-0.91430664
18952,-0.88470459,1.260376,-0.73150635
18953,-0.89355469,1.3619995,-0.84884644
18954,-1.1932373,1.2976074,-0.59051514
18955,-1.1340332,1.341095,-0.64407349
18956,-1.169281,1.4016724,-0.63537598
18957,-1.169281,1.2542725,-0.60195923
18958,-1.3119507,1.2402344,-0.44082642
18959,-1.448822,1.2744141,-0.47195435
18960,-1.4932251,1.3305664,-0.52337647
18961,-1.512146,1.2988281,-0.45104981
18962,-1.4820862,1.3166809,-0.19195557
18963,-1.4440918,1.4030457,-0.22720337
18964,-1.6645813,1.3607788,-0.105896
18965,-1.6796875,1.3711548,-0.17059326
18966,-1.6882324,1.3131714,-0.07232666
18967,-1.6751099,1.3458252,0.17288208
18968,-1.6772461,1.5446472,0.026855469
18969,-1.7486572,1.3693237,0.1625061
18970,-1.831665,1.239624,0.078735352
18971,-1.8121338,1.3085938,0.17822266
18972,-1.9122314,1.2329102,0.22003174
18973,-2.0535278,1.282959,0.27877808
18974,-2.0295715,1.3357544,0.16906738
18975,-2.1629333,1.3217163,0.38574219
18976,-2.1577454,1.1965942,0.31341553
18977,-2.0874023,1.1308289,0.55618286
18978,-2.0578003,1.0140991,0.44952393
18979,-2.1621704,1.0282898,0.5406189
18980,-2.0365906,1.0760498,0.68222046
18981,-2.219696,1.0969543,0.72631836
18982,-2.2238159,1.1831665,0.66055298
18983,-2.1426392,0.98724365,0.81817627
18984,-2.2003174,0.86242676,0.78643799
18985,-2.2209167,0.82427978,0.71777344
18986,-2.1476746,0.70632935,0.91949463
18987,-2.1617126,0.69259644,0.73562622
18988,-2.1865845,0.79711914,0.85205078
18989,-2.2262573,0.65872192,0.88806152
18990,-2.177887,0.6741333,0.9072876
18991,-2.3143005,0.53070068,1.0919189
18992,-2.1841431,0.39016724,1.1747742
18993,-2.1957397,0.43457031,1.139679
18994,-2.0413208,0.41946411,1.2623596
18995,-2.1432495,0.27099609,1.2159729
18996,-2.0976257,0.31494141,1.2089539
18997,-2.0309448,0.12573242,1.4178467
18998,-1.9915771,0.14099121,1.4837646
18999,-2.0187378,-0.031890869,1.5444946
19000,-2.2615051,0.030059814,1.4831543
19001,-2.2764587,0.001220703,1.4511108
19002,-2.1490479,-0.39459228,1.6407776
19003,-2.1574402,-0.24856567,1.4755249
19004,-2.0838928,-0.29083252,1.6470337
19005,-2.0605469,-0.31188965,1.7579651
19006,-2.0137024,-0.29815674,1.9560242
19007,-2.0559692,-0.52307129,1.7585754
19008,-1.995697,-0.53741455,1.7485046
19009,-1.9296265,-0.55648804,1.8457031
19010,-2.0419312,-0.5406189,1.8206787
19011,-1.9750977,-0.72601318,1.6456604
19012,-1.9612122,-1.0296631,1.9459534
19013,-1.9117737,-1.1373901,1.854248
19014,-1.842041,-0.91278076,1.8629456
19015,-1.8043518,-0.96755981,2.0835876
19016,-1.783905,-0.90957642,2.0657349
19017,-1.7088318,-1.1357117,1.8545532
19018,-1.7558289,-1.1120605,2.1356201
19019,-1.5905762,-1.0484314,2.0890808
19020,-1.6503906,-1.2744141,1.8429565
19021,-1.6494751,-1.1877441,1.8049622
19022,-1.5270996,-1.6230774,1.852417
19023,-1.4175415,-1.4785767,1.7041016
19024,-1.5122986,-1.5185547,1.8241882
19025,-1.4141846,-1.5151978,1.9998169
19026,-1.4752197,-1.6835022,1.9377136
19027,-1.3882446,-1.4196777,2.01828
19028,-1.3137817,-1.6007996,1.8887329
19029,-1.3095093,-1.625824,2.0146179
19030,-1.2243652,-1.6514587,1.7028809
19031,-1.098938,-1.7030334,1.9859314
19032,-0.95046997,-1.5583801,2.0635986
19033,-0.98297119,-1.703186,2.0788574
19034,-0.90652466,-1.7271423,2.0587158
19035,-0.82305908,-1.9174194,1.9554138
19036,-0.82382202,-1.799469,1.9927979
19037,-0.73486328,-1.8925476,1.8388367
19038,-0.57556152,-1.9618225,1.9177246
19039,-0.58883667,-2.0664978,1.7643738
19040,-0.56243897,-2.1157837,1.721344
19041,-0.4598999,-2.192688,1.6268921
19042,-0.35247803,-2.1966553,1.6152954
19043,-0.37567139,-2.0809937,1.7228699
19044,-0.29830933,-2.1403503,1.7883301
19045,-0.1550293,-2.3725891,1.8579102
19046,-0.040740967,-2.4557495,1.6694641
19047,-0.13290405,-2.5119019,1.5003967
19048,-0.052032471,-2.4749756,1.6413879
19049,0.019226074,-2.4726868,1.6494751
19050,-0.031738281,-2.527771,1.5068054
19051,0.04699707,-2.2581482,1.4483643
19052,0.17044067,-2.3725891,1.4328003
19053,0.14450073,-2.4899292,1.4187622
19054,0.11672974,-2.5144958,1.3954163
19055,0.2986145,-2.5993347,1.3061523
19056,0.31188965,-2.4816895,1.3916016
19057,0.26855469,-2.3699951,1.2387085
19058,0.41381836,-2.374115,1.1341858
19059,0.48583984,-2.354126,1.0038757
19060,0.52261353,-2.5157166,0.94726563
19061,0.46737671,-2.2799683,0.91461182
19062,0.50994873,-2.2039795,0.99578857
19063,0.57449341,-2.155304,0.94329834
19064,0.66390991,-2.1954346,0.80749512
19065,0.67398071,-1.9920349,0.80627441
19066,0.63720703,-2.0744324,0.73699951
19067,0.71670532,-2.3258972,0.60852051
19068,0.77819824,-2.2103882,0.67489624
19069,0.84701538,-2.2727966,0.6060791
19070,0.87265015,-2.3681641,0.43701172
19071,1.0011291,-2.4385071,0.39520264
19072,1.1097717,-2.2860718,0.33950806
19073,1.0690308,-2.2509766,0.30166626
19074,1.159668,-2.0993042,0.3944397
19075,1.1871338,-2.1960449,0.29541016
19076,1.0766602,-2.0761108,0.27511597
19077,1.1265564,-2.2659302,0.22659302
19078,1.2701416,-2.310791,0.028991699
19079,1.3459778,-2.1315002,0.011901855
19080,1.3194275,-2.0243835,-0.15487671
19081,1.2750244,-1.9963074,-0.13824463
19082,1.2722778,-1.9677734,-0.1550293
19083,1.3861084,-1.9515991,-0.21987915
19084,1.4103699,-1.8301392,-0.2571106
19085,1.2910461,-1.7619324,-0.27832031
19086,1.3002014,-1.602478,-0.36071777
19087,1.3296509,-1.7156982,-0.55496216
19088,1.3293457,-1.680603,-0.51620483
19089,1.4399719,-1.5055847,-0.45837402
19090,1.4141846,-1.5394592,-0.65231323
19091,1.1390686,-1.5441895,-0.6161499
19092,1.2753296,-1.4743042,-0.63522339
19093,1.3668823,-1.390686,-0.69625854
19094,1.2631226,-1.2739563,-0.65170288
19095,1.3485718,-1.2701416,-0.69046021
19096,1.1758423,-1.0566711,-0.63446045
19097,1.1749268,-1.3414001,-0.69061279
19098,1.1717224,-1.1633301,-0.68405151
19099,1.1575317,-1.2115479,-0.74935913
19100,1.1976624,-1.0516357,-0.92208862
19101,1.1354065,-0.8744812,-0.88729858
19102,1.0710144,-0.77270508,-0.85754394
19103,1.0473633,-0.74859619,-0.84884644
19104,1.1779785,-0.74752808,-1.0392761
19105,1.0430908,-0.68283081,-1.0473633
19106,1.076355,-0.74081421,-1.2251282
19107,0.92941284,-0.56762695,-1.2373352
19108,0.9034729,-0.54412842,-1.3665771
19109,1.1116028,-0.45059204,-1.3360596
19110,0.98327637,-0.47912598,-1.2634277
19111,1.0539246,-0.29953003,-1.2202454
19112,0.97793579,-0.27709961,-1.2921143
19113,0.8996582,-0.25970459,-1.240387
19114,0.83816528,-0.17669678,-1.20224
19115,0.7699585,0.013427734,-1.4697266
19116,0.72174072,0.05859375,-1.44104
19117,0.58578491,-0.052185059,-1.4129639
19118,0.65856934,0.18737793,-1.4381409
19119,0.68511963,-0.007019043,-1.5930176
19120,0.74356079,0.30929565,-1.5545654
19121,0.64407349,0.38024902,-1.6038513
19122,0.61553955,0.40603638,-1.5093994
19123,0.57128906,0.38452148,-1.4550781
19124,0.47714233,0.40298462,-1.4660645
19125,0.41046143,0.44570923,-1.3000488
19126,0.21575928,0.53894043,-1.2678528
19127,0.12023926,0.61889648,-1.3691711
19128,0.19042969,0.59341431,-1.5068054
19129,0.20828247,0.71350098,-1.3256836
19130,0.14053345,0.74752808,-1.3287354
19131,0.070953369,0.87341309,-1.4097595
19132,-0.015258789,0.86181641,-1.3026428
19133,-0.11566162,0.7258606,-1.3269043
19134,-0.096893311,0.84838867,-1.290741
19135,-0.23330688,1.0920715,-1.2472534
19136,-0.287323,1.0943604,-1.3061523
19137,-0.209198,1.0751343,-1.131897
19138,-0.35980225,1.081543,-1.1131287
19139,-0.37765503,1.1865234,-1.137085
19140,-0.4032898,1.0456848,-1.2199402
19141,-0.45333862,1.0507202,-1.2284851
19142,-0.45852661,1.0943604,-1.0942078
19143,-0.41366577,1.1962891,-1.0856628
19144,-0.55267334,1.2281799,-1.1204529
19145,-0.67947388,1.2663269,-1.035614
19146,-0.7824707,1.5066528,-1.0105896
19147,-0.8581543,1.3865662,-0.99090576
19148,-0.87722778,1.2826538,-0.92773438
19149,-0.88989258,1.2989807,-0.88912964
19150,-0.93307495,1.3027954,-0.77911377
19151,-1.1645508,1.3140869,-0.71121216
19152,-1.1289978,1.3800049,-0.6628418
19153,-1.0638428,1.4611816,-0.6401062
19154,-1.2173462,1.3783264,-0.42327881
19155,-1.3102722,1.428833,-0.38986206
19156,-1.4035034,1.3703918,-0.41061401
19157,-1.3825989,1.2478638,-0.57937622
19158,-1.3517761,1.4421082,-0.37490845
19159,-1.5393066,1.47995,-0.29281616
19160,-1.4239502,1.3496399,-0.32836914
19161,-1.5724182,1.3349915,-0.22094727
19162,-1.7486572,1.1341858,-0.4951477
19163,-1.7216492,1.1209106,-0.15686035
19164,-1.6989136,1.2658691,-0.065612793
19165,-1.6862488,1.3551331,0.02166748
19166,-1.5849304,1.3102722,0.047607422
19167,-1.7947388,1.3046265,0.071868896
19168,-1.7427063,1.2652588,0.10345459
19169,-1.8255615,1.1143494,0.2961731
19170,-1.7951965,1.0037231,0.17196655
19171,-1.8835449,1.1509705,0.26870728
19172,-1.9889832,1.1355591,0.3767395
19173,-1.9624329,0.98220825,0.27740478
19174,-2.0428467,0.96069336,0.47973633
19175,-1.9374084,0.91110229,0.36575317
19176,-1.9819641,1.14151,0.53665161
19177,-2.237854,0.87722778,0.70083618
19178,-1.930542,0.96618652,0.64910889
19179,-2.175293,0.76507568,0.73822022
19180,-2.2125244,0.91125488,0.76263428
19181,-2.1765137,0.8366394,0.79895019
19182,-2.0591736,0.83145142,0.83404541
19183,-1.9963074,0.58654785,0.86517334
19184,-2.0913696,0.52947998,0.91339111
19185,-2.0826721,0.51757813,0.94924927
19186,-2.1075439,0.56869507,1.063385
19187,-2.0957947,0.51757813,1.0527039
19188,-2.1528625,0.30639648,1.0827637
19189,-2.2018433,0.24688721,1.2306213
19190,-2.1601868,0.39154053,1.1917114
19191,-2.1943665,0.34973144,1.3182068
19192,-2.169342,0.16540527,1.3027954
19193,-2.0510864,0.24993897,1.4103699
19194,-2.1936035,0.20690918,1.4263916
19195,-2.4002075,-0.11474609,1.3070679
19196,-2.2058105,0.007324219,1.4302063
19197,-2.0910645,0.000152588,1.4648438
19198,-2.1014404,-0.008239746,1.3949585
19199,-2.2254944,-0.25115967,1.6415405
19200,-2.1566772,-0.4019165,1.6043091
19201,-2.0918274,-0.35675049,1.680603
19202,-2.0446777,-0.31005859,1.7306519
19203,-2.0982361,-0.27832031,1.7094421
19204,-2.1008301,-0.53268433,1.8067932
19205,-1.9792175,-0.47836304,1.6978455
19206,-1.8511963,-0.52185059,1.7584229
19207,-2.0028687,-0.51010132,1.8424988
19208,-2.0195007,-0.4107666,1.6262817
19209,-1.8130493,-0.53985596,1.739502
19210,-2.0149231,-1.0699463,1.8554688
19211,-2.1090698,-1.3052368,1.8614197
19212,-1.9198608,-1.0173035,1.9061279
19213,-1.9281006,-1.0858154,2.0188904
19214,-1.7541504,-1.0752869,2.0365906
19215,-1.5531921,-1.0583496,2.0533752
19216,-1.6247559,-1.1083984,1.9506836
19217,-1.681366,-1.1653137,1.8281555
19218,-1.5475464,-1.2576294,1.6230774
19219,-1.4982605,-1.2225342,2.0385742
19220,-1.5957642,-1.348877,1.9398499
19221,-1.4964294,-1.4505005,2.0758057
19222,-1.5306091,-1.7080688,2.056427
19223,-1.4480591,-1.6108704,1.9648743
19224,-1.3787842,-1.6079712,2.0776367
19225,-1.2693787,-1.849823,2.0101929
19226,-1.2071228,-2.0217896,1.9671631
19227,-1.1224365,-1.8611145,2.1200562
19228,-1.1460876,-1.8876648,2.0269775
19229,-1.0171509,-1.8118286,2.1517944
19230,-1.0238647,-1.9406128,2.0883179
19231,-0.91430664,-1.9184875,2.1295166
19232,-0.89187622,-1.9300842,2.0739746
19233,-0.79589844,-1.9351196,1.8814087
19234,-0.87493897,-1.9300842,1.9328308
19235,-0.68313599,-1.9148254,2.0251465
19236,-0.63400269,-1.9828796,1.9833374
19237,-0.48797607,-2.0556641,1.854248
19238,-0.50613403,-2.162323,1.7060852
19239,-0.45639038,-2.0574951,1.6387939
19240,-0.4989624,-1.9815063,1.7115784
19241,-0.32928467,-2.0137024,1.6040039
19242,-0.34805298,-2.0111084,1.690979
19243,-0.24902344,-2.1780396,1.6236877
19244,-0.15274048,-2.1832275,1.5698242
19245,-0.15594482,-2.3039246,1.5863037
19246,-0.075073242,-2.2235107,1.585083
19247,-0.020141602,-2.1710205,1.6055298
19248,0.10406494,-2.1446228,1.541748
19249,0.13061523,-2.1514893,1.4852905
19250,0.19332886,-2.2013855,1.446228
19251,0.23864746,-2.3550415,1.4204407
19252,0.30273438,-2.3980713,1.3752747
19253,0.36865234,-2.5280762,1.3369751
19254,0.43579102,-2.5575256,1.2658691
19255,0.36529541,-2.4798584,1.1535645
19256,0.36270142,-2.3504639,1.1468506
19257,0.56533813,-2.540741,1.1010742
19258,0.67779541,-2.4021912,0.99075317
19259,0.5116272,-2.4127197,0.77026367
19260,0.5001831,-2.326355,0.80780029
19261,0.66711426,-2.4839783,0.75912476
19262,0.74279785,-2.4975586,0.72540283
19263,0.81787109,-2.5587463,0.70205688
19264,0.76660156,-2.3365784,0.58334351
19265,0.63842773,-2.3558044,0.67504883
19266,0.85388184,-2.1958923,0.71487427
19267,0.79742432,-2.2341919,0.69625854
19268,0.83679199,-2.2735596,0.56365967
19269,0.8984375,-2.2900391,0.49682617
19270,0.92926025,-2.1472168,0.39260864
19271,0.9828186,-2.2628784,0.32440186
19272,1.0217285,-2.2840881,0.32531738
19273,1.0583496,-2.1780396,0.2331543
19274,1.1224365,-2.1749878,0.13824463
19275,1.171875,-1.9868469,0.095672607
19276,1.2162781,-1.9689941,0.027923584
19277,1.2187195,-2.0181274,-0.10482788
19278,1.2237549,-1.7930603,-0.15258789
19279,1.1769104,-1.8681335,-0.11016846
19280,1.2115479,-1.8034363,-0.14053345
19281,1.2139893,-1.5498352,-0.1373291
19282,1.1447144,-1.7051697,-0.45227051
19283,1.2226868,-1.5103149,-0.34835815
19284,1.3323975,-1.6921997,-0.3994751
19285,1.2567139,-1.6619873,-0.59448242
19286,1.3586426,-1.5896606,-0.52520752
19287,1.3406372,-1.5403748,-0.55145264
19288,1.3424683,-1.4585876,-0.47775269
19289,1.3870239,-1.4724731,-0.6137085
19290,1.3824463,-1.3711548,-0.62194824
19291,1.2896729,-1.3604736,-0.6111145
19292,1.2670898,-1.2149048,-0.61126709
19293,1.3175964,-1.3734436,-0.60333252
19294,1.2431335,-1.2072754,-0.86853027
19295,1.3545227,-1.1938477,-0.82138062
19296,1.2434387,-1.1962891,-0.8908081
19297,1.2493896,-1.0198975,-1.0092163
19298,1.2127686,-0.97702026,-1.010437
19299,1.1231995,-0.76782227,-0.92651367
19300,1.1598206,-0.94833374,-1.0632324
19301,1.1958313,-0.90133667,-0.93658447
19302,1.1630249,-0.86547852,-1.125946
19303,1.0913086,-0.72143555,-1.1117554
19304,1.0397339,-0.63598633,-1.2107849
19305,0.96679688,-0.63232422,-1.1843872
19306,1.0858154,-0.53649902,-1.2538147
19307,0.94787598,-0.61416626,-1.1578369
19308,1.0093689,-0.4548645,-1.0910034
19309,0.89797974,-0.36804199,-1.2179565
19310,0.88684082,-0.27587891,-1.158905
19311,0.75698853,-0.19958496,-1.192627
19312,0.8454895,-0.18997192,-1.3172913
19313,0.79483032,-0.010223389,-1.3763428
19314,0.86975098,0.0440979,-1.3056946
19315,0.72006226,-0.049285889,-1.3871765
19316,0.56411743,-0.20401001,-1.5827942
19317,0.63720703,0.077514648,-1.5336609
19318,0.53649902,0.20751953,-1.4607239
19319,0.52246094,0.36514282,-1.5075684
19320,0.50994873,0.29907227,-1.414032
19321,0.44586182,0.34835815,-1.3504028
19322,0.37353516,0.42495728,-1.3571167
19323,0.4699707,0.48782349,-1.4407349
19324,0.43640137,0.52429199,-1.4678955
19325,0.39306641,0.49987793,-1.3569641
19326,0.2822876,0.69290161,-1.3661194
19327,0.22094727,0.66268921,-1.366272
19328,0.20507813,0.66574097,-1.3458252
19329,0.1133728,0.71899414,-1.4198303
19330,0.096282959,0.68862915,-1.293335
19331,-0.024261475,0.85220337,-1.4198303
19332,0.017547607,0.76446533,-1.3777161
19333,-0.1272583,0.98205566,-1.3311768
19334,-0.22872925,1.0342407,-1.159668
19335,-0.234375,1.0961914,-1.139679
19336,-0.34622192,1.1090088,-1.1465454
19337,-0.23544312,1.09375,-1.0438538
19338,-0.37353516,1.0952759,-0.96801758
19339,-0.4699707,0.91888428,-0.92651367
19340,-0.57723999,0.92849731,-0.95413208
19341,-0.60958862,1.1660767,-0.99105835
19342,-0.75119019,1.2316895,-0.94451904
19343,-0.61141968,1.1279297,-0.8480835
19344,-0.73440552,1.1956787,-0.79376221
19345,-0.81161499,1.2408447,-0.71655273
19346,-0.83877563,1.1921692,-0.71777344
19347,-1.0797119,1.1303711,-0.94543457
19348,-0.92422485,1.255188,-0.84136963
19349,-0.91781616,1.3787842,-0.73471069
19350,-0.92849731,1.4067078,-0.63217163
19351,-1.0017395,1.265564,-0.58013916
19352,-1.187439,1.1669922,-0.59646606
19353,-1.1746216,1.174469,-0.56167603
19354,-1.1982727,1.0691834,-0.49087524
19355,-1.2796021,1.1882019,-0.36590576
19356,-1.28479,1.1633301,-0.52947998
19357,-1.3739014,1.3821411,-0.31570435
19358,-1.4067078,0.94909668,-0.26229858
19359,-1.4195251,1.0700989,-0.29663086
19360,-1.5116882,1.1984253,-0.27282715
19361,-1.6369629,1.1038208,-0.22338867
19362,-1.5568542,1.2852478,-0.11291504
19363,-1.5820313,1.2770081,-0.16921997
19364,-1.7108154,1.2924194,-0.066680908
19365,-1.7907715,1.1703491,0.014343262
19366,-1.6937256,1.0720825,0.088806152
19367,-1.7512512,1.1036682,0.079956055
19368,-1.7730713,1.1985779,0.098419189
19369,-1.8888855,1.149292,0.18188477
19370,-1.8606567,1.1203003,0.23376465
19371,-1.8270874,1.2538147,0.35919189
19372,-1.8902588,1.1833191,0.38757324
19373,-1.9274902,1.0461426,0.40420532
19374,-1.9276428,1.1108398,0.41488647
19375,-2.0684814,1.0119629,0.4145813
19376,-1.913147,0.84320068,0.51467896
19377,-1.8714905,0.93505859,0.69839478
19378,-1.9856262,0.78445435,0.6552124
19379,-2.0375061,0.82122803,0.68450928
19380,-2.077179,0.92926025,0.94985962
19381,-2.157135,0.77911377,0.97854614
19382,-2.1209717,0.80368042,1.0189819
19383,-2.1383667,0.67977905,1.1102295
19384,-2.1980286,0.55404663,1.0969543
19385,-2.0024109,0.63171387,0.97290039
19386,-2.0263672,0.50842285,1.0487366
19387,-1.9926453,0.51971435,1.0646057
19388,-2.1875,0.42388916,1.1448669
19389,-2.2036743,0.30685425,1.3771057
19390,-2.0259094,0.3225708,1.2854004
19391,-2.1784973,0.20019531,1.3781738
19392,-2.1572876,0.26367188,1.3432312
19393,-2.052002,-0.077514648,1.2698364
19394,-1.9908142,0.14984131,1.4440918
19395,-2.1340942,0.016326904,1.3290405
19396,-1.9552612,-0.08026123,1.5682983
19397,-2.4084473,-0.15014648,1.5164185
19398,-2.1688843,-0.22567749,1.4434814
19399,-2.0079041,-0.18066406,1.5769959
19400,-1.9439697,-0.31951904,1.5786743
19401,-1.8435669,-0.34240723,1.7037964
19402,-2.048645,-0.39916992,1.7001343
19403,-1.9773865,-0.51696777,1.8382263
19404,-1.9737244,-0.78109741,1.7457581
19405,-2.0730591,-0.72784424,1.8063354
19406,-2.0465088,-0.72738647,1.7677307
19407,-1.877594,-0.53222656,1.8353271
19408,-1.8287659,-0.98068237,2.0635986
19409,-1.8867493,-1.262207,1.8051147
19410,-1.7507935,-0.9513855,1.8009949
19411,-1.6972351,-1.0302734,1.7817688
19412,-1.730957,-1.1061096,1.8273926
19413,-1.7071533,-0.90499878,2.0075989
19414,-1.6918945,-0.97045898,1.7678833
19415,-1.5783691,-1.0977173,1.9070435
19416,-1.6479492,-1.0627747,1.8891907
19417,-1.5393066,-1.186676,1.8836975
19418,-1.5625,-1.2837219,2.2167969
19419,-1.3475037,-1.3354492,1.9885254
19420,-1.4794922,-1.516571,1.9329834
19421,-1.4544678,-1.5618896,1.7254639
19422,-1.2228394,-1.5527344,1.683197
19423,-1.2033081,-1.5283203,2.0310974
19424,-1.1766052,-1.5158081,1.9740295
19425,-1.0794067,-1.463623,2.0449829
19426,-1.0906982,-1.3917541,2.046051
19427,-1.0934448,-1.6661072,1.8835449
19428,-1.0377502,-1.8101501,1.971283
19429,-0.9375,-1.7059326,1.892395
19430,-0.91308594,-1.7440796,2.0373535
19431,-0.79895019,-1.915741,1.8728638
19432,-0.73974609,-1.9129944,1.8212891
19433,-0.67626953,-2.0448303,1.9607544
19434,-0.61264038,-2.0126343,1.7578125
19435,-0.63217163,-1.9694519,1.6864014
19436,-0.63339233,-2.1087646,1.7295837
19437,-0.46112061,-1.8894959,1.6856384
19438,-0.42724609,-1.925354,1.6271973
19439,-0.33340454,-1.9993591,1.7579651
19440,-0.30273438,-2.0619202,1.5899658
19441,-0.31936645,-1.9984436,1.7262268
19442,-0.34500122,-2.1707153,1.6204834
19443,-0.2355957,-2.0179749,1.6049194
19444,-0.06729126,-2.1287537,1.4186096
19445,-0.11489868,-2.0048523,1.4614868
19446,-0.046234131,-2.1807861,1.320343
19447,0.024414063,-2.1450806,1.5309143
19448,0.040588379,-2.040863,1.3798523
19449,0.19271851,-2.2294617,1.2200928
19450,0.1499939,-2.2428894,1.1175537
19451,0.23071289,-2.3197937,1.1932373
19452,0.19302368,-2.3857117,1.1752319
19453,0.26260376,-2.1643066,1.0717773
19454,0.24765015,-2.351532,1.0246277
19455,0.3817749,-2.1894836,0.9777832
19456,0.33905029,-2.2021484,1.0031128
19457,0.49118042,-2.310791,0.83465576
19458,0.4989624,-2.1321106,0.78720093
19459,0.53192139,-2.20047,0.66772461
19460,0.7093811,-2.129364,0.7850647
19461,0.71182251,-2.1578979,0.66619873
19462,0.68939209,-2.0602417,0.53512573
19463,0.78918457,-2.1968079,0.52780151
19464,0.66986084,-2.0895386,0.6829834
19465,0.65582275,-1.9343567,0.57434082
19466,0.67886353,-2.1356201,0.47531128
19467,0.84197998,-2.0503235,0.41503906
19468,0.86837769,-2.2216797,0.40115356
19469,0.90667725,-2.1765137,0.26443481
19470,0.93383789,-2.1025085,0.25817871
19471,0.99411011,-2.0610046,0.34698486
19472,1.0144043,-2.0680237,0.068664551
19473,1.0968018,-2.0578003,0.047149658
19474,1.060791,-1.9767761,0.065307617
19475,1.022644,-2.0332336,-0.092163086
19476,1.1282349,-1.8345642,-0.16235352
19477,1.1639404,-1.7544556,-0.12893677
19478,1.1798096,-1.7611694,-0.096740723
19479,1.2017822,-1.6595459,-0.26306152
19480,1.1495972,-1.6836548,-0.33401489
19481,1.1181641,-1.6236877,-0.065155029
19482,1.1030579,-1.5490723,-0.18066406
19483,1.1557007,-1.3938904,-0.34164429
19484,1.1610413,-1.3761902,-0.55526733
19485,1.1309814,-1.2837219,-0.4069519
19486,1.2763977,-1.2530518,-0.43609619
19487,1.0993958,-1.4073181,-0.7383728
19488,0.99746704,-1.3378906,-0.45471191
19489,1.0510254,-1.2147522,-0.76660156
19490,0.987854,-1.1643982,-0.63049316
19491,1.121521,-1.1639404,-0.45837402
19492,0.99716187,-1.0968018,-0.6187439
19493,0.90988159,-1.0191345,-0.67733765
19494,0.9916687,-0.95016479,-0.70999146
19495,0.98083496,-0.91156006,-0.6716919
19496,1.0197449,-0.93887329,-0.71929932
19497,0.97717285,-0.86120606,-0.79971313
19498,0.86914063,-0.88882446,-0.82092285
19499,0.965271,-0.86334228,-0.79269409
19500,0.98251343,-0.76858521,-0.89767456
19501,0.93841553,-0.68374634,-0.93185425
19502,0.96466065,-0.50567627,-1.0569763
19503,0.85464478,-0.418396,-1.178894
19504,0.86730957,-0.44845581,-1.2463379
19505,0.8670044,-0.35812378,-1.2902832
19506,0.79956055,-0.36254883,-1.1715698
19507,0.79086304,-0.28305054,-1.2643433
19508,0.76690674,-0.14755249,-1.1871338
19509,0.76522827,-0.14587402,-1.1865234
19510,0.79727173,-0.045623779,-1.2081909
19511,0.70281982,-0.06439209,-1.03302
19512,0.5935669,0.035247803,-1.0438538
19513,0.36590576,-0.32867432,-1.3539124
19514,0.25650024,-0.22277832,-1.4039612
19515,0.062255859,-0.22918701,-1.2767029
19516,0.30166626,0.22613525,-1.2194824
19517,0.31845093,0.28808594,-1.1947632
19518,0.39733887,0.29663086,-1.2240601
19519,0.28427124,0.29098511,-1.2211609
19520,0.15625,0.39916992,-1.0949707
19521,0.20629883,0.45379639,-1.1854553
19522,0.18829346,0.49316406,-1.1109924
19523,0.19470215,0.37780762,-1.0826111
19524,0.083770752,0.44998169,-1.151123
19525,0.079498291,0.53100586,-1.0702515
19526,-0.32104492,0.44158936,-1.1700439
19527,-0.03326416,0.58135986,-1.0977173
19528,-0.14831543,0.60943603,-1.234436
19529,-0.11627197,0.51818848,-1.1532593
19530,-0.36804199,0.68710327,-0.96282959
19531,-0.45059204,0.80551147,-1.0603333
19532,-0.39276123,0.91629028,-1.0160828
19533,-0.54412842,0.96282959,-1.0757446
19534,-0.49560547,0.93093872,-1.0430908
19535,-0.50079346,0.98388672,-0.98327637
19536,-0.49255371,1.0392761,-0.92300415
19537,-0.67108154,0.99990845,-0.97549438
19538,-0.79177856,0.89019775,-0.7182312
19539,-0.66558838,1.0974121,-0.77819824
19540,-0.68572998,1.2355041,-0.71273804
19541,-0.7460022,1.3020325,-0.70526123
19542,-0.73226929,1.2176514,-0.60668945
19543,-0.90530396,1.2524414,-0.57022095
19544,-0.99777222,1.0560608,-0.57876587
19545,-1.1433411,1.0430908,-0.67306519
19546,-1.098175,1.0421753,-0.55099487
19547,-1.1625671,1.1384583,-0.42175293
19548,-1.1701965,1.3348389,-0.53207397
19549,-1.1975098,1.1857605,-0.49880981
19550,-1.1296082,1.1433411,-0.48339844
19551,-1.15448,1.1334229,-0.36621094
19552,-1.2420654,1.1660767,-0.35049439
19553,-1.4924622,1.0940552,-0.59310913
19554,-1.4836121,0.87280273,-0.64147949
19555,-1.491394,1.0246277,-0.18417358
19556,-1.5003967,1.0305786,-0.055847168
19557,-1.541748,1.1508179,0.030517578
19558,-1.5881348,1.1854553,0.21072388
19559,-1.5855408,1.1457825,0.16189575
19560,-1.6233826,1.0507202,0.20736694
19561,-1.5841675,1.003418,0.16937256
19562,-1.7704773,0.89630127,0.24932861
19563,-1.7887878,0.84945679,0.38635254
19564,-1.6908264,0.99029541,0.3793335
19565,-1.8606567,0.89920044,0.34820557
19566,-1.8966675,0.83358765,0.50506592
19567,-1.6815186,0.95779419,0.46981811
19568,-1.8852234,0.86181641,0.51025391
19569,-1.8215942,0.84655762,0.3994751
19570,-1.9303894,0.78460693,0.3843689
19571,-1.8373108,0.77713013,0.55969238
19572,-1.9647217,0.72875977,0.57037353
19573,-1.8231201,0.74462891,0.62316894
19574,-1.8516541,0.70800781,0.74783325
19575,-2.0162964,0.64727783,0.84243774
19576,-2.0159912,0.73547363,0.6628418
19577,-1.9651794,0.62179565,0.89019775
19578,-1.9996643,0.64666748,0.85845947
19579,-1.9125366,0.52490234,0.97106934
19580,-2.0256042,0.4624939,1.0552979
19581,-2.0091248,0.37979126,1.0128784
19582,-1.9262695,0.39337158,0.98937988
19583,-2.0365906,0.30654907,1.0702515
19584,-2.0573425,0.128479,1.1676025
19585,-1.968689,0.077819824,1.3391113
19586,-1.9334412,0.12954712,1.1831665
19587,-1.9854736,0.030670166,1.1367798
19588,-2.0495605,-0.1222229,1.1457825
19589,-1.9108582,-0.087890625,1.2046814
19590,-1.9178772,-0.035705566,1.2252808
19591,-1.8031311,-0.16174316,1.4642334
19592,-1.8626404,-0.28945923,1.3708496
19593,-2.0663452,-0.20446777,1.4945984
19594,-1.7097473,-0.33676147,1.5890503
19595,-1.8167114,-0.31921387,1.5342712
19596,-2.0759583,-0.48065186,1.5759277
19597,-1.8786621,-0.54473877,1.6560364
19598,-1.8437195,-0.51071167,1.6056824
19599,-1.7678833,-0.60165405,1.7079163
19600,-1.8789673,-0.78460693,1.7481995
19601,-1.7070007,-0.68099976,1.7346191
19602,-1.8930054,-0.71334839,1.7469788
19603,-1.8096924,-0.66864014,1.7956543
19604,-1.5055847,-0.74432373,1.7773438
19605,-1.4611816,-0.81848144,1.7599487
19606,-1.6926575,-0.99838257,1.7868042
19607,-1.6082764,-1.1251831,1.8328857
19608,-1.4915466,-0.94970703,1.6125488
19609,-1.4703369,-1.1524963,1.9348145
19610,-1.5611267,-1.0301209,1.8489075
19611,-1.401825,-1.1044312,1.7915344
19612,-1.3716125,-1.0704041,1.6125488
19613,-1.2638855,-1.4042664,1.8151855
19614,-1.0797119,-1.3163757,1.9378662
19615,-1.1289978,-1.3589478,1.9392395
19616,-1.156311,-1.3536072,1.8135071
19617,-1.0714722,-1.4726257,1.9274902
19618,-1.1447144,-1.5963745,1.9499207
19619,-1.1187744,-1.5751648,1.7791748
19620,-0.9538269,-1.7152405,1.554718
19621,-0.92147827,-1.7027283,1.7070007
19622,-0.95581055,-1.8507385,1.5098572
19623,-0.70037842,-1.6593933,1.668396
19624,-0.80764771,-1.5855408,1.6871643
19625,-0.67474365,-1.7471313,1.8136597
19626,-0.50491333,-1.8145752,1.6938782
19627,-0.47775269,-1.9549561,1.6300964
19628,-0.49804688,-1.8547058,1.5519714
19629,-0.50643921,-2.0323181,1.6731262
19630,-0.42831421,-1.9595337,1.697998
19631,-0.19424438,-2.0201111,1.6906738
19632,-0.36453247,-2.1653748,1.5380859
19633,-0.34423828,-2.1640015,1.5838623
19634,-0.25009155,-2.1200562,1.5327454
19635,-0.18188477,-2.0414734,1.5470886
19636,-0.16479492,-2.0874023,1.5666199
19637,-0.09185791,-2.1118164,1.496582
19638,-0.053253174,-2.1646118,1.4025879
19639,-0.06439209,-2.2517395,1.373291
19640,-0.06439209,-2.1720886,1.3061523
19641,-0.030975342,-2.1835327,1.2651062
19642,0.058441162,-2.1322632,1.2088013
19643,0.13702393,-2.1640015,1.2884521
19644,0.22155762,-2.1028137,0.99563599
19645,0.24078369,-2.118988,0.96328735
19646,0.30044556,-2.2866821,1.1160278
19647,0.37246704,-2.2096252,1.0723877
19648,0.38635254,-2.2189331,0.98815918
19649,0.34790039,-2.2927856,0.93597412
19650,0.44143677,-2.3883057,0.94787598
19651,0.49636841,-2.419281,0.9274292
19652,0.43365478,-2.2099304,0.87158203
19653,0.43289185,-2.2874451,0.8543396
19654,0.43914795,-2.2674561,0.68054199
19655,0.55099487,-2.1867371,0.51940918
19656,0.84747315,-2.1665955,0.57769775
19657,0.7069397,-2.2132874,0.52124023
19658,0.81924438,-2.048645,0.64758301
19659,0.83297729,-2.1228027,0.45425415
19660,0.94802856,-2.0083618,0.33218384
19661,0.90377808,-1.9934082,0.29205322
19662,0.7119751,-2.0820618,0.26290894
19663,0.83389282,-1.9844055,0.28244019
19664,0.91491699,-1.8026733,0.26321411
19665,0.9614563,-1.9033813,0.11993408
19666,0.85876465,-1.875,0.08972168
19667,0.94543457,-1.8334961,-0.04486084
19668,1.0803223,-1.8066406,-0.22445679
19669,1.1288452,-1.9412231,-0.16357422
19670,1.1959839,-1.8234253,-0.095977783
19671,1.1836243,-1.615448,-0.23529053
19672,1.056366,-1.5177917,-0.19790649
19673,1.1238098,-1.592865,-0.17303467
19674,1.1895752,-1.4920044,-0.3503418
19675,1.1859131,-1.504364,-0.19058228
19676,1.1911011,-1.5374756,-0.26138306
19677,1.1529541,-1.5406799,-0.32852173
19678,1.0784912,-1.3938904,-0.4296875
19679,1.1538696,-1.4796448,-0.49499512
19680,1.0070801,-1.4059448,-0.47943115
19681,1.1505127,-1.4324951,-0.6539917
19682,1.0751343,-1.3037109,-0.60470581
19683,1.2193298,-1.2973022,-0.48828125
19684,1.2182617,-1.151886,-0.60928345
19685,1.0943604,-0.95947266,-1.0836792
19686,1.0282898,-1.050415,-0.90240478
19687,0.92803955,-0.87295532,-0.93917847
19688,1.1497498,-0.67016602,-0.95108032
19689,1.1315918,-0.63522339,-1.121521
19690,1.0351563,-0.67382813,-0.95794678
19691,1.1390686,-0.63217163,-0.89889526
19692,0.93322754,-0.60363769,-0.9413147
19693,0.9866333,-0.77957153,-1.0620117
19694,0.96221924,-0.48629761,-1.1227417
19695,1.0150146,-0.39749145,-0.96664429
19696,0.90576172,-0.4598999,-1.0348511
19697,0.81375122,-0.56030273,-0.97763062
19698,0.69885254,-0.23330688,-0.96572876
19699,0.51391602,-0.30914307,-1.1013794
19700,0.59234619,-0.099334717,-1.1660767
19701,0.75149536,-0.24429321,-1.2582397
19702,0.71182251,-0.10803223,-1.2043762
19703,0.59265137,-0.068817139,-1.4535522
19704,0.73074341,-0.028991699,-0.7699585
19705,0.49942017,-0.049133301,-1.3731384
19706,0.51467896,0.1348877,-1.2705994
19707,0.52825928,0.21240234,-1.4801025
19708,0.62408447,0.33096314,-1.3893127
19709,0.47012329,0.32867432,-1.3288879
19710,0.44921875,0.37704468,-1.4221191
19711,0.37445068,0.40817261,-1.366272
19712,0.33386231,0.56930542,-1.2727356
19713,0.37475586,0.46737671,-1.680603
19714,0.28152466,0.34942627,-1.4559937
19715,0.070953369,0.45043945,-1.7033386
19716,0.1991272,0.58441162,-1.29776
19717,0.26138306,0.64605713,-1.2556458
19718,-0.041351318,0.81893921,-1.2055969
19719,0.034637451,0.69473267,-1.8713379
19720,-0.060424805,0.7321167,-1.5888977
19721,-0.11154175,0.67047119,-1.5589905
19722,-0.0340271,0.67932129,-1.9322205
19723,-0.25299072,0.72784424,-1.4909363
19724,-0.4359436,0.83572388,-1.2574768
19725,-0.48873901,0.94238281,-1.3224792
19726,-0.50094604,0.8404541,-1.2365723
19727,-0.67550659,0.95748901,-1.1434937
19728,-0.51010132,1.0650635,-1.0441589
19729,-0.60348511,1.171875,-1.0211182
19730,-0.74066162,1.2767029,-1.0533142
19731,-0.87005615,1.2445068,-0.94177246
19732,-0.86242676,1.2374878,-1.0722351
19733,-0.73028565,1.3168335,-1.1061096
19734,-0.83023071,1.1448669,-1.0343933
19735,-0.89935303,1.030426,-0.84640503
19736,-0.96694946,1.1224365,-0.72219849
19737,-1.1000061,1.2039185,-0.71456909
19738,-1.138916,1.5060425,-0.56915283
19739,-1.1825562,1.2171936,-0.6262207
19740,-1.2199402,1.3934326,-0.45394897
19741,-1.3252258,1.2194824,-0.4234314
19742,-1.3389587,1.2142944,-0.27954102
19743,-1.3240051,1.2075806,-0.48278809
19744,-1.4915466,1.269989,-0.38223267
19745,-1.3949585,1.3435364,-0.34515381
19746,-1.4801025,1.3943481,-0.29327393
19747,-1.3491821,1.3287354,-0.25192261
19748,-1.3803101,1.3557434,-0.22766113
19749,-1.5434265,1.2371826,-0.24536133
19750,-1.6011047,1.2098694,-0.55160522
19751,-1.5937805,1.0635376,-0.099945068
19752,-1.7512512,1.151886,0.093688965
19753,-1.6801453,1.2475586,-0.24978638
19754,-1.6894531,1.244812,-0.026702881
19755,-1.7955017,1.219635,0.060272217
19756,-1.8415833,1.2257385,0.18447876
19757,-1.8586731,1.1949158,0.34194946
19758,-1.756897,1.1962891,0.4170227
19759,-2.0066833,1.0864258,0.39901733
19760,-1.837616,1.0197449,0.41244507
19761,-1.8392944,1.0923767,0.50201416
19762,-2.0542908,1.1688232,0.51818848
19763,-2.1432495,1.0102844,0.62225342
19764,-1.9769287,0.92071533,0.54931641
19765,-1.9273376,0.90103149,0.61828613
19766,-1.8939209,0.8366394,0.55404663
19767,-2.0423889,0.96282959,0.73760986
19768,-2.0957947,0.9753418,0.7875061
19769,-2.0855713,0.69854736,0.83114624
19770,-2.0256042,0.70922852,0.77972412
19771,-2.1069336,0.67306519,0.92254639
19772,-2.0967102,0.56152344,1.0327148
19773,-2.0875549,0.59432983,1.0333252
19774,-2.0521545,0.56884766,1.1755371
19775,-2.0858765,0.47668457,1.2042236
19776,-2.1138,0.54046631,1.2672424
19777,-2.1659851,0.50064087,1.3000488
19778,-2.2149658,0.25054932,1.2255859
19779,-2.2018433,0.33355713,1.2249756
19780,-2.0664978,0.14328003,1.3613892
19781,-2.1385193,0.15533447,1.3392639
19782,-2.0530701,0.20202637,1.4401245
19783,-2.1492004,0.047454834,1.5332031
19784,-2.164917,-0.018615723,1.4454651
19785,-1.9854736,-0.11978149,1.3801575
19786,-2.1484375,-0.020751953,1.519165
19787,-1.9828796,-0.25985718,1.6578674
19788,-2.144165,-0.30914307,1.6699219
19789,-1.9111633,-0.27328491,1.6592407
19790,-1.8836975,-0.43228149,1.6110229
19791,-2.2680664,-0.69412231,1.7182922
19792,-1.9735718,-0.71044922,1.7233276
19793,-2.0030212,-0.69168091,1.9636536
19794,-2.0916748,-0.50201416,1.8537903
19795,-1.933136,-0.76248169,1.7445374
19796,-1.8984985,-0.73699951,1.7678833
19797,-1.8319702,-0.85632324,2.0140076
19798,-1.8264771,-0.98266602,2.1252441
19799,-1.6928101,-0.98526001,1.9567871
19800,-1.7346191,-0.7333374,1.9918823
19801,-1.6560364,-0.88195801,1.8684387
19802,-1.6519165,-1.1465454,1.9311523
19803,-1.5444946,-1.1378479,2.0925903
19804,-1.6320801,-1.3201904,2.0471191
19805,-1.489563,-1.4447021,2.1168518
19806,-1.4379883,-1.4282227,1.971283
19807,-1.4968872,-1.2623596,1.9636536
19808,-1.4346313,-1.4044189,2.0495605
19809,-1.2934875,-1.346283,2.1247864
19810,-1.2557983,-1.3485718,1.998291
19811,-1.2536621,-1.4295959,1.960907
19812,-1.1886597,-1.6247559,2.0088196
19813,-1.1805725,-1.6903687,1.9348145
19814,-1.1872864,-1.5681458,1.9296265
19815,-1.0641479,-1.9198608,2.036438
19816,-1.0379028,-1.9718933,1.9985962
19817,-0.95184326,-2.0272827,2.036438
19818,-0.91873169,-1.8612671,2.0162964
19819,-1.0368347,-2.0379639,1.9804382
19820,-0.87371826,-2.0423889,2.1095276
19821,-0.62133789,-1.9683838,1.8489075
19822,-0.81832886,-2.1157837,1.8713379
19823,-0.63018799,-2.1708679,1.7532349
19824,-0.63278198,-2.0243835,1.8510437
19825,-0.5001831,-1.9889832,1.8223572
19826,-0.43258667,-2.0751953,1.7236328
19827,-0.38726807,-2.1861267,1.6143799
19828,-0.45349121,-2.2692871,1.6169739
19829,-0.27206421,-2.3822021,1.5335083
19830,-0.2142334,-2.2979736,1.6348267
19831,-0.34408569,-2.2219849,1.7156982
19832,-0.16601563,-2.2434998,1.5557861
19833,-0.093536377,-2.1881104,1.5066528
19834,0.00213623,-2.272644,1.4953613
19835,0.061340332,-2.2465515,1.5516663
19836,0.083770752,-2.3420715,1.5621948
19837,0.15045166,-2.4458313,1.6101074
19838,0.29144287,-2.4351501,1.3328552
19839,0.25375366,-2.3413086,1.3764954
19840,0.33508301,-2.3852539,1.3790894
19841,0.31173706,-2.3179626,1.1233521
19842,0.27954102,-2.3146057,1.1859131
19843,0.37490845,-2.0806885,1.0498047
19844,0.39352417,-2.4415588,0.91903687
19845,0.55419922,-2.2636414,0.95840454
19846,0.67810059,-2.3007202,0.8215332
19847,0.83740234,-2.2723389,0.88272095
19848,0.72463989,-2.2706604,0.81817627
19849,0.73364258,-2.3652649,0.83129883
19850,0.88180542,-2.2344971,0.73913574
19851,0.80184937,-2.1177673,0.81115723
19852,0.7850647,-2.2732544,0.64147949
19853,0.97229004,-2.1055603,0.756073
19854,1.0406494,-2.099762,0.58700562
19855,1.1395264,-2.1871948,0.48065186
19856,1.0597229,-2.2375488,0.49621582
19857,1.0351563,-2.2491455,0.46035767
19858,1.0021973,-2.1342468,0.33691406
19859,1.0064697,-2.089386,0.19470215
19860,0.84747315,-2.1105957,0.34133911
19861,1.0646057,-2.0959473,0.25527954
19862,0.965271,-1.9270325,0.09979248
19863,1.061554,-2.0715332,0.18829346
19864,1.0835266,-2.0628357,0.14892578
19865,1.1994934,-2.0135498,-0.17623901
19866,1.1810303,-1.8565369,-0.13854981
19867,1.1151123,-1.7919922,-0.1083374
19868,1.2188721,-1.8623352,-0.25436401
19869,1.2216187,-1.7047119,-0.26702881
19870,1.3102722,-1.7312622,-0.41992188
19871,1.3870239,-1.6029358,-0.44342041
19872,1.3677979,-1.7843628,-0.50262451
19873,1.2509155,-1.4682007,-0.46279907
19874,1.3259888,-1.6070557,-0.61981201
19875,1.3381958,-1.459198,-0.68634033
19876,1.2460327,-1.6001892,-0.66665649
19877,1.4266968,-1.443634,-0.62652588
19878,1.4001465,-1.4811707,-0.71044922
19879,1.2957764,-1.2014771,-0.74645996
19880,1.2854004,-1.2756348,-0.80718994
19881,1.2507629,-1.0725403,-0.89859009
19882,1.2733459,-1.1669922,-0.9727478
19883,1.2483215,-0.97000122,-0.98449707
19884,1.2132263,-1.0232544,-0.73303223
19885,1.2336731,-0.85205078,-0.8631897
19886,1.1383057,-0.83282471,-0.97976685
19887,1.1602783,-0.84777832,-0.9437561
19888,1.1566162,-0.8013916,-1.1361694
19889,1.0577393,-0.62973022,-1.1390686
19890,1.1688232,-0.54672241,-1.2995911
19891,1.0983276,-0.62988281,-1.2892151
19892,1.1141968,-0.40161133,-1.2904358
19893,1.015625,-0.38955689,-1.1593628
19894,0.96511841,-0.35751343,-1.1917114
19895,0.99212647,-0.3062439,-1.3508606
19896,0.90179443,-0.34500122,-1.3995361
19897,1.0229492,-0.17120361,-1.2693787
19898,0.84564209,-0.095214844,-1.3859558
19899,0.8682251,-0.099487305,-1.4109802
19900,0.78125,0.074005127,-2.3812866
19901,0.81054688,-0.095825195,-1.6798401
19902,0.61035156,-0.19119263,-2.3652649
19903,0.55862427,0.080413818,-1.5615845
19904,0.56640625,0.2154541,-1.6252136
19905,0.46585083,0.48751831,-1.4447021
19906,0.49057007,0.34881592,-1.4749146
19907,0.42160034,0.41748047,-1.4880371
19908,0.55343628,0.53741455,-1.4080811
19909,0.3678894,0.39810181,-1.4141846
19910,0.34118652,0.60684204,-1.2649536
19911,0.23193359,0.65750122,-1.3423157
19912,0.37567139,0.74005127,-1.4231873
19913,0.18005371,0.6892395,-1.3438416
19914,0.18753052,0.65063477,-1.4442444
19915,0.087585449,0.74310303,-1.4091492
19916,0.10604858,0.81817627,-1.1961365
19917,-0.046081543,1.1274719,-1.2918091
19918,-0.041503906,0.965271,-1.3941956
19919,-0.12741089,1.0758972,-1.3293457
19920,-0.31433106,1.187439,-1.1514282
19921,-0.28594971,1.0913086,-1.2207031
19922,-0.31936645,0.9967041,-1.260376
19923,-0.48400879,0.95611572,-1.0839844
19924,-0.43624878,1.0461426,-1.1932373
19925,-0.4927063,0.96008301,-1.1296082
19926,-0.68466187,1.0049438,-1.1477661
19927,-0.62393188,1.1956787,-1.0508728
19928,-0.65155029,1.3398743,-1.0810852
19929,-0.71090698,1.463623,-1.0903931
19930,-0.78094482,1.2301636,-1.0421753
19931,-0.72387695,1.2898254,-0.93795776
19932,-0.76370239,1.2928772,-0.962677
19933,-0.92819214,1.1329651,-1.0404968
19934,-0.91033935,1.2599182,-1.000061
19935,-1.0617065,1.3478088,-0.60348511
19936,-1.0403442,1.4082336,-0.53253174
19937,-1.1653137,1.1665344,-0.61599731
19938,-1.1949158,1.3838196,-0.60745239
19939,-1.1923218,1.4054871,-0.49591064
19940,-1.2141418,1.2512207,-0.4095459
19941,-1.4126587,1.2203979,-0.24475098
19942,-1.4370728,1.2179565,-0.20187378
19943,-1.4875793,1.245575,-0.096130371
19944,-1.5698242,1.2286377,-0.17501831
19945,-1.6438293,1.2228394,-0.10162354
19946,-1.5971375,1.1857605,-0.49819946
19947,-1.7048645,1.3679504,-0.17547607
19948,-1.7047119,1.4851379,-0.13748169
19949,-1.7024231,1.3496399,-0.081634521
19950,-1.6862488,1.3058472,0.056152344
19951,-1.796875,1.1296082,0.037536621
19952,-1.8716431,1.2084961,0.12207031
19953,-1.8615723,1.26297,0.2204895
19954,-1.9126892,1.1894226,0.18737793
19955,-2.0010376,1.0266113,0.24719238
19956,-2.0178223,1.1891174,0.42236328
19957,-2.1372986,1.065979,0.5065918
19958,-1.9807434,1.075592,0.50384522
19959,-2.1122742,1.0739136,0.57342529
19960,-2.1464539,0.95535278,0.57067871
19961,-2.0967102,1.0096741,0.67398071
19962,-2.0158386,0.9815979,0.68969727
19963,-2.1942139,0.9223938,0.7498169
19964,-2.1662903,0.89538574,0.79162598
19965,-2.2523499,0.74859619,0.91812134
19966,-2.2515869,0.79315185,0.94238281
19967,-1.9598389,0.83648682,0.85601807
19968,-2.144928,0.81207275,0.81039429
19969,-2.2151184,0.69793701,0.99227905
19970,-2.1362305,0.72555542,0.859375
19971,-2.0759583,0.58319092,1.0339355
19972,-2.1588135,0.4196167,1.0229492
19973,-2.0932007,0.31433106,1.0853577
19974,-2.2949219,0.28335571,1.2898254
19975,-2.1318054,0.25909424,1.4073181
19976,-2.2286987,0.15487671,1.2876892
19977,-2.1691895,0.077209473,1.3523865
19978,-2.2833252,0.030517578,1.449585
19979,-2.2070313,-0.059509277,1.4112854
19980,-2.0797729,-0.26870728,1.3378906
19981,-2.199707,-0.08972168,1.4620972
19982,-2.1699524,-0.47454834,1.401825
19983,-2.0401001,-0.25878906,1.5055847
19984,-2.1546936,-0.20355225,1.7138672
19985,-2.2134399,-0.44509888,1.7605591
19986,-2.0066833,-0.51071167,1.7547607
19987,-1.9406128,-0.35980225,1.7683411
19988,-2.0477295,-0.69335938,1.7190552
19989,-2.0077515,-0.67260742,1.875
19990,-2.1632385,-0.71594238,1.9674683
19991,-1.9519043,-0.68695068,2.0045471
19992,-1.917572,-0.74310303,1.9683838
19993,-1.9277954,-0.85876465,1.9317627
19994,-1.8144226,-0.89050293,2.101593
19995,-1.847229,-0.88745117,1.8690491
19996,-1.8562317,-1.0577393,1.9998169
19997,-1.9371033,-1.1413574,1.9560242
19998,-1.6215515,-0.92926025,1.8725586
19999,-1.693573,-0.94207764,1.8478394
20000,-1.6757202,-1.1972046,2.0199585
20001,-1.7399597,-1.1491394,2.0701599
20002,-1.630249,-1.151123,2.0500183
20003,-1.5934753,-1.3713074,1.9917297
20004,-1.4862061,-1.796875,2.3706055
20005,-1.4482117,-1.4303589,2.2076416
20006,-1.3337708,-1.5687561,2.1017456
20007,-1.2467957,-1.7834473,1.8600464
20008,-1.2263489,-1.5901184,1.867981
20009,-1.1943054,-1.774292,1.9313049
20010,-1.0919189,-1.7214966,2.0025635
20011,-1.129303,-1.8716431,1.9703674
20012,-1.1209106,-1.8702698,1.683197
20013,-1.0429382,-1.741333,1.8409729
20014,-1.0975647,-1.9021606,1.9927979
20015,-0.79559326,-1.9137573,1.8537903
20016,-0.90118408,-1.9577026,1.8296814
20017,-0.77072144,-2.1490479,1.7724609
20018,-0.73440552,-2.102356,1.7655945
20019,-0.73425293,-2.1958923,1.9215393
20020,-0.49438477,-2.0103455,1.8322754
20021,-0.47439575,-2.0834351,1.9238281
20022,-0.51315308,-2.162323,1.8386841
20023,-0.54626465,-2.0510864,1.8095398
20024,-0.25802612,-2.0443726,1.7601013
20025,-0.27938843,-2.2740173,1.62323
20026,-0.21530151,-2.394104,1.5841675
20027,-0.28320313,-2.3840332,1.7126465
20028,-0.26855469,-2.3982239,1.4852905
20029,-0.054321289,-2.336731,1.5249634
20030,-0.026092529,-2.3243713,1.4402771
20031,-0.13214111,-2.2212219,1.368866
20032,0.050506592,-2.2822571,1.3961792
20033,0.048828125,-2.1250916,1.363678
20034,0.089874268,-2.3368835,1.4755249
20035,0.14160156,-2.4383545,1.2698364
20036,0.19287109,-2.4099731,1.1930847
20037,0.36560059,-2.4136353,1.2228394
20038,0.33737183,-2.3887634,1.2251282
20039,0.59768677,-2.4349976,1.1494446
20040,0.57250977,-2.3887634,1.0610962
20041,0.54992676,-2.3085022,1.0237122
20042,0.68023682,-2.4197388,0.90057373
20043,0.8039856,-2.3869324,0.91766357
20044,0.65338135,-2.1290588,0.88821411
20045,0.76751709,-2.2621155,0.76141357
20046,0.90408325,-2.1281433,0.66421509
20047,0.76782227,-2.1424866,0.66452026
20048,0.84991455,-2.1539307,0.72448731
20049,0.98907471,-2.3048401,0.52368164
20050,0.8392334,-2.293396,0.46035767
20051,0.97518921,-2.407074,0.49880981
20052,0.99975586,-2.2846985,0.39306641
20053,1.050415,-2.1325684,0.23757935
20054,1.0235596,-2.1690369,0.24368286
20055,1.048584,-2.2143555,0.37567139
20056,1.0708618,-2.2303772,0.1914978
20057,1.1489868,-2.1359253,0.076904297
20058,1.1523438,-2.0944214,0.10391235
20059,1.2365723,-2.131958,0.014953613
20060,1.2641907,-1.9480896,-0.061340332
20061,1.3165283,-1.8713379,-0.023651123
20062,1.3124084,-1.9216919,-0.22033691
20063,1.3482666,-1.8986511,-0.13244629
20064,1.3171387,-1.7843628,-0.25161743
20065,1.4442444,-1.7340088,-0.32455444
20066,1.3104248,-1.8214416,-0.34210205
20067,1.3639832,-1.6403198,-0.54672241
20068,1.399231,-1.5957642,-0.50964356
20069,1.3066101,-1.5893555,-0.46707153
20070,1.4060974,-1.7181396,-0.63873291
20071,1.4537048,-1.5530396,-0.59387207
20072,1.4659119,-1.4761353,-0.60348511
20073,1.1775208,-1.5093994,-0.54397583
20074,1.348114,-1.2242126,-0.76095581
20075,1.2808228,-1.0339355,-0.74890137
20076,1.2011719,-1.0449219,-0.71014404
20077,1.3508606,-1.1679077,-0.69198608
20078,1.4105225,-1.1636353,-0.66635132
20079,1.194458,-1.1283875,-0.86669922
20080,1.1882019,-1.0946655,-0.94787598
20081,1.1454773,-1.000824,-0.99182129
20082,1.1132813,-1.0049438,-0.97091675
20083,1.1035156,-0.88562012,-0.97549438
20084,1.1361694,-0.66986084,-0.98449707
20085,1.1433411,-0.76919556,-0.96313477
20086,1.244812,-0.58380127,-1.0717773
20087,1.0031128,-0.49835205,-1.2451172
20088,1.1291504,-0.48629761,-1.270752
20089,0.92437744,-0.48904419,-1.2516785
20090,0.909729,-0.34576416,-1.2341309
20091,0.91918945,-0.42098999,-1.330719
20092,0.89294434,-0.33538818,-1.2567139
20093,0.91079712,-0.29479981,-1.3571167
20094,0.9715271,-0.19454956,-1.3739014
20095,0.83435059,-0.043792725,-1.2893677
20096,0.8052063,0.010528564,-2.5288391
20097,0.68771362,-0.090789795,-1.9413757
20098,0.76324463,-0.020599365,-1.847229
20099,0.55709839,-0.093688965,-1.4041138
20100,0.55603027,0.15686035,-1.4459229
20101,0.43121338,0.2331543,-1.3871765
20102,0.63842773,0.42022705,-1.391449
20103,0.6413269,0.29296875,-1.3711548
20104,0.35568237,0.5166626,-1.3021851
20105,0.3137207,0.47973633,-1.3241577
20106,0.42861939,0.55755615,-1.3938904
20107,0.37719727,0.45318603,-1.3713074
20108,0.44876099,0.58166504,-1.3664246
20109,0.29205322,0.65124512,-1.3890076
20110,0.25283814,0.58288574,-1.3243103
20111,0.054626465,0.75653076,-1.333313
20112,0.16708374,0.69229126,-1.3267517
20113,-0.001831055,0.83435059,-1.2309265
20114,-0.088806152,0.89523315,-1.2103271
20115,0.029602051,0.96496582,-1.2426758
20116,-0.15350342,1.0160828,-1.2741089
20117,-0.32180786,1.0806274,-1.2335205
20118,-0.36834717,1.1457825,-1.1550903
20119,-0.37750244,1.3047791,-1.3407898
20120,-0.45547485,1.2910461,-1.227417
20121,-0.42480469,1.0830688,-1.2524414
20122,-0.4447937,1.1192322,-1.1460876
20123,-0.57723999,1.1865234,-1.089325
20124,-0.72998047,1.2527466,-1.060791
20125,-0.76278687,1.21521,-1.1608887
20126,-0.82565308,1.4074707,-1.0479736
20127,-0.86730957,1.4212036,-0.97122192
20128,-0.91552734,1.4030457,-0.67489624
20129,-0.96221924,1.3845825,-0.89691162
20130,-0.96405029,1.2506104,-0.75088501
20131,-1.0928345,1.2898254,-0.67947388
20132,-1.0787964,1.3287354,-0.64331055
20133,-1.1503601,1.3168335,-0.70739746
20134,-1.2400818,1.4894104,-0.59463501
20135,-1.313324,1.46698,-0.5317688
20136,-1.3717651,1.2916565,-0.65933228
20137,-1.3424683,1.4599609,-0.62454224
20138,-1.4337158,1.3450623,-0.46417236
20139,-1.5237427,1.5057373,-0.36056519
20140,-1.5316772,1.519165,-0.2722168
20141,-1.5361023,1.4889526,-0.25970459
20142,-1.4938354,1.3807678,-0.26184082
20143,-1.5609741,1.3713074,-0.29174805
20144,-1.6896057,1.4193726,-0.27557373
20145,-1.7080688,1.3459778,-0.14144898
20146,-1.8473816,1.2870789,-0.007019043
20147,-1.8792725,1.3217163,0.10375977
20148,-1.9299316,1.2020874,0.1802063
20149,-1.8087769,1.2780762,0.007324219
20150,-1.8499756,1.2350464,0.11047363
20151,-2.074585,1.2187195,0.26000977
20152,-1.9694519,1.1978149,0.2746582
20153,-1.9740295,1.0202026,0.36987305
20154,-2.0716858,1.0343933,0.54840088
20155,-2.0228577,1.0289001,0.36148071
20156,-2.0149231,1.0798645,0.45898438
20157,-2.0620728,0.97717285,0.68817139
20158,-2.2599792,0.92605591,0.64559937
20159,-2.1417236,0.82870483,0.64025879
20160,-2.1202087,0.89294434,0.58547974
20161,-2.2015381,0.81375122,0.75805664
20162,-2.3843384,0.77346802,0.83618164
20163,-2.2129822,0.62255859,0.78582764
20164,-2.1794128,0.81710815,0.81329346
20165,-2.2825623,0.77301025,0.84838867
20166,-2.2729492,0.68588257,1.15448
20167,-2.3477173,0.70068359,1.1933899
20168,-2.1766663,0.5015564,1.1613464
20169,-2.3045349,0.54748535,1.3798523
20170,-2.1864319,0.57434082,1.2077332
20171,-2.2521973,0.5406189,1.2475586
20172,-2.2592163,0.4447937,1.265564
20173,-2.147522,0.39154053,1.3815308
20174,-2.2080994,0.17807007,1.3342285
20175,-2.4049377,0.09185791,1.4590454
20176,-2.3274231,0.087432861,1.4898682
20177,-2.270813,0.12634277,1.3517761
20178,-2.0808411,0.11505127,1.4056396
20179,-2.2186279,0.15426636,1.5457153
20180,-2.141571,0.12695313,1.6615295
20181,-2.1562195,-0.24261475,1.5863037
20182,-2.2080994,-0.20721435,1.4779663
20183,-2.1438599,-0.35690308,1.7262268
20184,-2.1029663,-0.30517578,1.7041016
20185,-2.0776367,-0.4927063,1.6305542
20186,-2.1646118,-0.46417236,1.8081665
20187,-2.0535278,-0.53039551,1.9543457
20188,-1.7456055,-0.66894531,1.7549133
20189,-1.9554138,-0.58349609,1.7498779
20190,-1.9021606,-0.59616089,1.8389893
20191,-1.9554138,-0.70281982,1.9284058
20192,-1.8644714,-0.75408935,1.7379761
20193,-1.7855835,-0.85037231,1.7630005
20194,-1.9404602,-1.1149597,1.6139221
20195,-1.9989014,-1.1663818,1.7181396
20196,-1.9192505,-1.1445618,1.897583
20197,-1.569519,-1.3241577,1.8338013
20198,-1.6656494,-1.317749,2.0394897
20199,-1.6682434,-1.1613464,2.2276306
20200,-1.6368103,-1.3021851,2.2712708
20201,-1.3980103,-1.8292236,2.3757935
20202,-1.4981079,-1.9519043,2.0953369
20203,-1.4343262,-1.5705872,2.2080994
20204,-1.3835144,-1.3580322,2.0849609
20205,-1.3952637,-1.6548157,2.013855
20206,-1.2255859,-1.6583252,2.1585083
20207,-1.2155151,-1.615448,2.0941162
20208,-1.1422729,-1.774292,2.1690369
20209,-1.0058594,-1.6967773,2.0751953
20210,-1.1856079,-1.6168213,1.9764709
20211,-1.1489868,-1.6517639,2.0744324
20212,-1.0801697,-1.9613647,2.1105957
20213,-0.94406128,-2.0283508,2.0251465
20214,-0.94085693,-2.0477295,1.9790649
20215,-0.83435059,-1.8994141,2.0230103
20216,-0.74279785,-2.0066833,1.8505859
20217,-0.74768066,-2.0516968,1.9189453
20218,-0.60043335,-2.3164368,1.8315125
20219,-0.6187439,-2.3278809,1.8560791
20220,-0.51239014,-2.290802,1.9055176
20221,-0.44876099,-2.0953369,1.8969727
20222,-0.36178589,-2.2952271,1.9148254
20223,-0.31799316,-2.1388245,1.7626953
20224,-0.25985718,-2.3277283,1.6218567
20225,-0.14694214,-2.3200989,1.6577148
20226,-0.10040283,-2.3838806,1.5222168
20227,0.027160645,-2.3324585,1.5118408
20228,0.082397461,-2.4656677,1.5673828
20229,0.085754395,-2.3405457,1.5531921
20230,0.075073242,-2.2613525,1.4851379
20231,0.10574341,-2.3074341,1.4678955
20232,0.29434204,-2.3873901,1.4199829
20233,0.29281616,-2.5073242,1.3978577
20234,0.33721924,-2.5718689,1.2211609
20235,0.38131714,-2.6144409,1.1938477
20236,0.2432251,-2.6150513,1.2081909
20237,0.32745361,-2.4977112,1.1750793
20238,0.49530029,-2.6644897,1.0751343
20239,0.55358887,-2.4848938,1.171875
20240,0.5531311,-2.4476624,1.1456299
20241,0.83435059,-2.4771118,1.0935974
20242,0.70114136,-2.3352051,1.0054016
20243,0.69595337,-2.5375366,0.89645386
20244,0.77392578,-2.5808716,0.68832397
20245,0.76522827,-2.4807739,0.61538696
20246,0.82183838,-2.6374817,0.61172485
20247,0.94650269,-2.3504639,0.82885742
20248,0.91888428,-2.1986389,0.70159912
20249,0.8190918,-2.2514343,0.56640625
20250,0.90194702,-2.1743774,0.40740967
20251,0.90744019,-2.2070313,0.36437988
20252,0.94955444,-2.2477722,0.23834228
20253,0.94833374,-2.1611023,0.093688965
20254,1.1233521,-2.2190857,0.087280273
20255,1.1808777,-2.0787048,-0.056915283
20256,1.1912537,-2.038269,-0.086212158
20257,1.1608887,-2.0812988,-0.105896
20258,1.1024475,-2.1144104,-0.12069702
20259,1.1763,-2.0281982,-0.11428833
20260,1.2927246,-1.9833374,-0.23727417
20261,1.2501526,-2.0050049,-0.17868042
20262,1.2225342,-1.8295288,-0.39367676
20263,1.1901855,-1.8466187,-0.25100708
20264,1.2533569,-1.8598938,-0.31311035
20265,1.374054,-1.8977356,-0.31936645
20266,1.4454651,-1.8399048,-0.3515625
20267,1.3951111,-1.7776489,-0.29754639
20268,1.1923218,-1.6888428,-0.2432251
20269,1.2431335,-1.6311646,-0.50079346
20270,1.2805176,-1.5222168,-0.59844971
20271,1.3980103,-1.3978577,-0.60668945
20272,1.2524414,-1.5112305,-0.67810059
20273,1.1875916,-1.4082336,-0.63644409
20274,1.3414001,-1.492157,-0.84777832
20275,1.1799622,-1.2016296,-0.77880859
20276,1.1767578,-1.1286926,-0.8833313
20277,1.3330078,-1.254425,-0.87677002
20278,1.3973999,-1.0562134,-0.83938599
20279,1.3607788,-1.0392761,-0.82244873
20280,1.3366699,-1.0350037,-0.9526062
20281,1.14151,-0.98205566,-1.0494995
20282,1.0949707,-0.95977783,-1.0494995
20283,1.2361145,-0.74066162,-1.0681152
20284,1.0990906,-0.8001709,-0.99563599
20285,1.0479736,-0.56381226,-1.0749817
20286,0.97167969,-0.55786133,-1.0295105
20287,1.0449219,-0.65795898,-1.262207
20288,1.1010742,-0.43197632,-1.2728882
20289,1.0241699,-0.37033081,-1.2651062
20290,1.0494995,-0.42663574,-1.4070129
20291,1.0336304,-0.21896362,-1.5646362
20292,0.94085693,-0.16906738,-1.3876343
20293,0.90820313,-0.11749268,-1.4315796
20294,0.85357666,-0.042572021,-1.446228
20295,0.80596924,0.005493164,-1.3397217
20296,0.8644104,-0.03692627,-1.3760376
20297,0.62957764,-0.093231201,-1.7134094
20298,0.67962647,-0.007324219,-1.5385437
20299,0.61279297,0.087738037,-1.5002441
20300,0.68328857,0.30303955,-1.4672852
20301,0.53665161,0.32165527,-1.4170837
20302,0.61065674,0.23727417,-1.1730957
20303,0.49880981,0.38772583,-1.3769531
20304,0.43212891,0.4486084,-1.5753174
20305,0.3805542,0.64163208,-1.4306641
20306,0.26290894,0.65536499,-1.3659668
20307,0.33798218,0.5406189,-1.5307617
20308,0.11550903,0.60714722,-1.3360596
20309,-0.0440979,0.62210083,-1.2205505
20310,0.023956299,0.66802978,-1.0610962
20311,0.20843506,0.77774048,-1.3986206
20312,-0.06942749,0.70419312,-1.4300537
20313,0.010986328,0.94772339,-1.3896179
20314,-0.12573242,0.8706665,-1.242981
20315,-0.19104004,1.0302734,-1.5370178
20316,-0.21636963,0.99243164,-1.2748718
20317,-0.31677246,1.0592651,-1.4451599
20318,-0.39581299,1.0687256,-1.6374207
20319,-0.42938232,1.0806274,-1.4700317
20320,-0.3793335,1.151123,-1.2524414
20321,-0.60791016,1.2792969,-1.1494446
20322,-0.58410644,1.1447144,-1.3128662
20323,-0.72006226,1.1141968,-1.2426758
20324,-0.63964844,1.2278748,-1.0728455
20325,-0.75836182,1.2701416,-1.1946106
20326,-0.88180542,1.3528442,-1.0314941
20327,-0.93078613,1.3044739,-0.92956543
20328,-1.03302,1.1834717,-0.94406128
20329,-0.9298706,1.1340332,-1.2573242
20330,-0.95565796,1.1772156,-0.89019775
20331,-1.0223389,1.1627197,-0.69824219
20332,-1.1047363,1.3407898,-0.86135864
20333,-1.10672,1.3783264,-0.64987183
20334,-1.1442566,1.2355041,-0.66940308
20335,-1.2260437,1.1450195,-0.6048584
20336,-1.2982178,1.275177,-0.30670166
20337,-1.3200378,1.255188,-0.19241333
20338,-1.4157104,1.3381958,-0.64910889
20339,-1.5896606,1.075592,-0.66589356
20340,-1.4767456,1.1959839,-0.39718628
20341,-1.6326904,1.2089539,-0.54931641
20342,-1.4717102,1.3989258,-0.25619507
20343,-1.4273071,1.1883545,-0.2482605
20344,-1.5170288,1.0406494,-0.21667481
20345,-1.6430664,1.2272644,0.031738281
20346,-1.6827393,1.2915039,0.07522583
20347,-1.6676331,1.268158,0.002593994
20348,-1.8838501,1.1032104,0.10467529
20349,-1.7868042,1.2507629,0.20385742
20350,-1.6844177,1.0644531,0.21850586
20351,-1.7936707,1.0876465,0.17822266
20352,-1.8519592,1.0482788,0.18188477
20353,-1.8692017,0.96313477,0.093994141
20354,-1.8164063,1.0501099,0.19088745
20355,-1.7947388,1.007843,0.15487671
20356,-1.8901062,1.0728455,-0.078430176
20357,-1.8380737,0.98495483,0.34744263
20358,-1.9367981,0.95016479,0.20767212
20359,-1.9909668,0.93429565,0.3968811
20360,-1.9784546,0.99029541,0.57815552
20361,-1.8974304,0.73760986,0.41351318
20362,-2.0916748,0.64422607,0.21316528
20363,-2.1220398,0.77896118,0.26641846
20364,-2.0245361,0.65689087,0.36346436
20365,-1.9223022,0.72082519,0.49621582
20366,-2.0559692,0.68481445,0.69671631
20367,-2.1116638,0.47180176,1.0353088
20368,-1.9995117,0.40847778,0.88699341
20369,-2.0959473,0.37902832,0.97167969
20370,-2.0343018,0.29785156,1.0890198
20371,-2.0120239,0.24841309,1.2393188
20372,-2.116394,0.018310547,1.3520813
20373,-1.9407654,0.13565063,1.2838745
20374,-2.1850586,0.085144043,1.355896
20375,-2.0094299,0.037231445,1.5158081
20376,-2.0793152,-0.041809082,1.2490845
20377,-2.0544434,-0.026550293,0.96557617
20378,-2.0315552,-0.12680054,1.2251282
20379,-2.0124817,-0.25878906,0.85571289
20380,-2.0840454,-0.11230469,0.91186523
20381,-2.1372986,-0.17120361,1.0484314
20382,-2.1165466,-0.15808106,1.0328674
20383,-2.0597839,-0.47973633,1.3847351
20384,-1.8830872,-0.36727905,0.97442627
20385,-2.1081543,-0.37445068,0.93429565
20386,-1.6967773,-0.60714722,1.3433838
20387,-1.967926,-0.60394287,1.5222168
20388,-1.7510986,-0.5519104,1.1782837
20389,-1.9781494,-0.8001709,1.0754395
20390,-1.6226196,-0.80856323,1.1703491
20391,-1.7070007,-0.88729858,1.2142944
20392,-1.6186523,-0.96710205,1.0369873
20393,-1.61026,-1.0404968,1.4637756
20394,-1.6926575,-1.002655,1.2115479
20395,-1.6581726,-1.1502075,0.81069946
20396,-1.558075,-0.96511841,1.006012
20397,-1.4395142,-1.0955811,1.0714722
20398,-1.477356,-0.97320557,1.5322876
20399,-1.2872314,-1.2026978,1.6885376
20400,-1.4190674,-1.5473938,1.8022156
20401,-1.4016724,-1.4390564,1.5170288
20402,-1.254425,-1.4048767,1.5628052
20403,-1.5397644,-1.4796448,1.6624451
20404,-1.2678528,-1.5795898,1.8330383
20405,-1.2835693,-1.6944885,1.9384766
20406,-1.2487793,-1.4808655,1.8936157
20407,-1.1628723,-1.590271,1.8658447
20408,-1.0797119,-1.5583801,1.8547058
20409,-0.96755981,-1.6435242,1.8682861
20410,-0.94284058,-1.8138123,1.8032837
20411,-0.80474853,-1.7987061,2.0587158
20412,-0.80169678,-1.8284607,1.8183899
20413,-0.84075928,-1.6964722,1.9836426
20414,-0.74707031,-1.7622375,1.8371582
20415,-0.63919067,-1.9244385,1.723938
20416,-0.61859131,-2.0922852,1.7811584
20417,-0.64025879,-1.9802856,1.7932129
20418,-0.56152344,-1.9508362,1.8011475
20419,-0.54702759,-2.0323181,1.6999817
20420,-0.48034668,-1.9139099,1.6989136
20421,-0.2772522,-1.9599915,1.6316223
20422,-0.38513184,-2.0870972,1.5063477
20423,-0.22384644,-2.2190857,1.4974976
20424,-0.16571045,-2.194519,1.4537048
20425,-0.20690918,-2.1411133,1.426239
20426,-0.077819824,-2.2213745,1.4231873
20427,-0.058441162,-2.0828247,1.3861084
20428,-0.00213623,-2.0783997,1.343689
20429,0.081481934,-2.1022034,1.3079834
20430,0.094299316,-2.1862793,1.2567139
20431,0.15319824,-2.1339417,1.1000061
20432,0.20950317,-2.3303223,1.1000061
20433,0.18783569,-2.1755981,1.1000061
20434,0.17211914,-2.1246338,1.0925293
20435,0.23391724,-2.3510742,0.98312378
20436,0.35095215,-2.257843,0.91400147
20437,0.44326782,-2.3153687,0.93994141
20438,0.28686523,-2.3406982,0.884552
20439,0.49957275,-2.2764587,0.99975586
20440,0.50933838,-2.3072815,0.75988769
20441,0.43807983,-2.1377563,0.78536987
20442,0.60150147,-2.1591187,0.69030762
20443,0.52825928,-2.0535278,0.64102173
20444,0.87524414,-2.0414734,0.56106567
20445,0.74111938,-2.071991,0.39825439
20446,0.89920044,-1.993866,0.53588867
20447,0.77148438,-2.1640015,0.54901123
20448,0.92193603,-2.1286011,0.43518066
20449,0.99487305,-2.1899414,0.37490845
20450,0.89523315,-2.1353149,0.32531738
20451,0.90942383,-1.9685364,0.30380249
20452,1.0424805,-2.0118713,0.22064209
20453,1.0638428,-2.0028687,0.15655518
20454,1.0566711,-1.9499207,0.048217773
20455,1.1099243,-1.9400024,0.10299683
20456,1.2129211,-1.8478394,0.009002686
20457,1.1160278,-1.6931152,0.053405762
20458,1.1404419,-1.751709,-0.030212402
20459,1.1051941,-1.7631531,-0.10910034
20460,1.1315918,-1.7004395,-0.26489258
20461,1.0473633,-1.7378235,-0.29083252
20462,1.0533142,-1.5908813,-0.34759522
20463,1.0507202,-1.6041565,-0.33401489
20464,1.0089111,-1.5863037,-0.4447937
20465,1.0772705,-1.4938354,-0.30014038
20466,1.068573,-1.3720703,-0.40100098
20467,1.1126709,-1.4103699,-0.51620483
20468,1.1981201,-1.3291931,-0.70159912
20469,1.2265015,-1.3009644,-0.62393188
20470,1.2229919,-1.3092041,-0.5632019
20471,1.2130737,-1.0787964,-0.6552124
20472,1.1192322,-1.0757446,-0.5708313
20473,1.0614014,-1.1549377,-0.75683594
20474,1.1891174,-1.0534668,-0.89431763
20475,1.1543274,-1.0812378,-0.93048096
20476,1.1471558,-0.95169067,-0.89675903
20477,1.0620117,-0.79101563,-0.94055176
20478,1.0191345,-0.89752197,-0.84060669
20479,0.96466065,-0.7901001,-0.93017578
20480,1.0902405,-0.78430176,-1.0423279
20481,1.0964966,-0.85388184,-1.1779785
20482,1.0643005,-0.81817627,-1.1724854
20483,1.0856628,-0.66146851,-1.1708069
20484,0.97564697,-0.62469482,-1.1262512
20485,0.99411011,-0.58578491,-0.95947266
20486,0.86196899,-0.48461914,-1.0275269
20487,0.89935303,-0.38619995,-1.2257385
20488,1.0153198,-0.42358398,-1.1196899
20489,0.79528809,-0.26947022,-1.1947632
20490,0.77926636,-0.29113769,-1.1755371
20491,0.71350098,-0.023651123,-1.1572266
20492,0.6199646,-0.046386719,-1.0725403
20493,0.65719604,0.005187988,-1.3354492
20494,0.60729981,-0.13122559,-1.496582
20495,0.58654785,-0.23284912,-1.5338135
20496,0.37902832,-0.029144287,-1.439209
20497,0.48583984,-0.056304932,-1.3525391
20498,0.54870606,0.17745972,-1.3264465
20499,0.4888916,0.36651611,-1.3139343
20500,0.3742981,0.30593872,-1.5158081
20501,0.27282715,0.49575806,-1.4515686
20502,0.18203735,0.43106079,-1.2719727
20503,0.093994141,0.49911499,-1.2469482
20504,0.004119873,0.56610107,-1.1953735
20505,0.13397217,0.45013428,-1.4544678
20506,0.020141602,0.65292358,-1.3735962
20507,-0.018463135,0.54122925,-1.2745666
20508,-0.050354004,0.62011719,-1.2084961
20509,-0.11611939,0.67626953,-1.1499023
20510,-0.15869141,0.5619812,-1.2242126
20511,-0.32012939,0.81787109,-1.1157227
20512,-0.34667969,0.6930542,-1.0836792
20513,-0.3137207,0.76904297,-1.0198975
20514,-0.53451538,0.91934204,-1.0993958
20515,-0.5569458,1.0055542,-1.1132813
20516,-0.50292969,1.0751343,-0.95703125
20517,-0.52093506,1.0726929,-0.77713013
20518,-0.54138184,1.0650635,-0.71670532
20519,-0.57067871,0.98770142,-0.76324463
20520,-0.76538086,1.058197,-0.82336426
20521,-0.81420898,1.0220337,-0.83694458
20522,-0.75561523,1.2060547,-0.86410522
20523,-0.84213257,1.2225342,-0.78811646
20524,-0.88470459,1.1354065,-0.63720703
20525,-0.89187622,0.99472046,-0.78536987
20526,-0.90301514,1.0137939,-0.68893433
20527,-1.0813904,1.1325073,-0.62789917
20528,-1.2130737,1.0319519,-0.652771
20529,-1.1126709,1.1734009,-0.76522827
20530,-1.0925293,1.2702942,-0.67260742
20531,-1.3079834,1.1433411,-0.65765381
20532,-1.3938904,1.2854004,-0.64910889
20533,-1.3963318,1.3381958,-0.30166626
20534,-1.2739563,1.3427734,-0.71578979
20535,-1.3929749,1.0055542,-0.79711914
20536,-1.6333008,0.8581543,-0.56152344
20537,-1.5032959,1.101532,-0.29724121
20538,-1.6146851,1.1743164,0.009613037
20539,-1.6204834,1.1727905,0.078430176
20540,-1.5332031,1.1424255,-0.036468506
20541,-1.5979004,1.0971069,0.006256104
20542,-1.6140747,1.0604858,0.089569092
20543,-1.6307068,1.1950684,0.083312988
20544,-1.6567993,1.073761,0.1864624
20545,-1.6438293,1.0827637,0.17578125
20546,-1.6928101,1.0580444,0.40466309
20547,-1.6949463,1.0877991,0.38345337
20548,-1.7633057,1.1019897,0.45669556
20549,-1.8334961,1.0365295,0.45089722
20550,-1.8222046,0.90377808,0.39916992
20551,-1.8278503,0.93002319,0.53863525
20552,-1.9406128,0.81481934,0.71334839
20553,-1.8185425,0.87585449,0.47988892
20554,-1.892395,0.79498291,0.56274414
20555,-2.0426941,0.79116821,0.71228027
20556,-1.9255066,0.70419312,0.87295532
20557,-1.9476318,0.49346924,0.88165283
20558,-2.036438,0.57373047,1.0639954
20559,-1.9599915,0.48873901,1.0717773
20560,-2.0329285,0.40710449,1.0868835
20561,-1.9862366,0.44509888,0.90667725
20562,-2.0593262,0.56686401,0.54092407
20563,-2.0904541,0.38269043,0.72921753
20564,-1.9314575,0.39093018,0.57998657
20565,-1.9848633,0.3036499,1.072998
20566,-1.9487,0.32592773,0.59692383
20567,-2.0547485,0.25436401,0.64300537
20568,-1.960907,0.27175903,0.44082642
20569,-2.0553589,0.1361084,0.4737854
20570,-1.9422913,0.039367676,0.69625854
20571,-1.7959595,-0.079345703,1.0890198
20572,-1.8711853,-0.00289917,1.3447571
20573,-2.0321655,-0.043029785,1.2506104
20574,-1.8981934,-0.22415161,1.5777588
20575,-1.9474792,-0.10314941,1.4907837
20576,-1.8235779,-0.39840698,1.5116882
20577,-1.8876648,-0.36193848,1.647644
20578,-1.9381714,-0.43121338,1.8920898
20579,-1.7851257,-0.53787231,1.6847229
20580,-1.8453979,-0.53009033,1.5896606
20581,-1.6905212,-0.70922852,1.7767334
20582,-1.8762207,-0.73135376,2.097168
20583,-1.7640686,-0.65200806,1.7077637
20584,-1.77948,-0.79040527,1.7428589
20585,-1.822052,-0.65734863,1.8032837
20586,-1.5582275,-0.87188721,2.0202637
20587,-1.6143799,-1.0447693,1.7947388
20588,-1.7033386,-1.0665894,1.8122864
20589,-1.6716003,-1.2167358,1.8525696
20590,-1.6342163,-1.2016296,1.7437744
20591,-1.4839172,-1.3336182,1.9673157
20592,-1.4331055,-1.3853455,1.8299866
20593,-1.4498901,-1.0853577,1.7993164
20594,-1.3435364,-1.3114929,1.5750122
20595,-1.2753296,-1.3633728,1.5176392
20596,-1.3597107,-1.3485718,1.1877441
20597,-1.1921692,-1.4196777,1.5164185
20598,-1.227417,-1.4437866,1.1364746
20599,-1.1393738,-1.7456055,1.835022
20600,-1.0444641,-1.6835022,0.86685181
20601,-1.0073853,-1.4997864,2.1063232
20602,-1.0951233,-1.5441895,1.7372131
20603,-1.053009,-1.5826416,1.7982483
20604,-0.92758179,-1.703949,1.7045593
20605,-0.94238281,-1.5563965,1.8278503
20606,-0.79116821,-1.6688538,1.7355347
20607,-0.79620361,-1.7507935,1.6876221
20608,-0.70251465,-1.8026733,1.754303
20609,-0.67077637,-1.8901062,1.7349243
20610,-0.51345825,-1.7765808,1.673584
20611,-0.45120239,-1.8852234,1.6239929
20612,-0.42221069,-1.9076538,1.7367554
20613,-0.22216797,-2.0942688,1.6442871
20614,-0.32699585,-2.0056152,1.686554
20615,-0.28427124,-1.9689941,1.6439819
20616,-0.24383545,-2.0359802,1.6001892
20617,-0.18798828,-1.9934082,1.5869141
20618,-0.12786865,-1.9682312,1.529541
20619,-0.11032105,-2.0298767,1.4772034
20620,0.001068115,-2.0678711,1.4756775
20621,0.16799927,-2.2198486,1.4279175
20622,-0.003356934,-2.1234131,1.3935852
20623,0.030517578,-2.1348572,1.3139343
20624,0.16372681,-2.130127,1.2998962
20625,0.131073,-2.0433044,1.2420654
20626,0.2835083,-2.0896912,1.2078857
20627,0.27206421,-2.1357727,1.1682129
20628,0.30990601,-2.1905518,1.1152649
20629,0.26687622,-2.3254395,1.157074
20630,0.41320801,-2.2463989,1.028595
20631,0.52658081,-2.2109985,1.0559082
20632,0.59570313,-2.2692871,0.9223938
20633,0.61767578,-2.3944092,0.80963135
20634,0.55511475,-2.3510742,0.84472656
20635,0.67138672,-2.4046326,0.70144653
20636,0.7434082,-2.3924255,0.70129394
20637,0.69946289,-2.2218323,0.71090698
20638,0.67764282,-2.1153259,0.65246582
20639,0.88760376,-2.124176,0.55587769
20640,0.87677002,-2.0523071,0.47454834
20641,0.76568603,-2.0585632,0.31204224
20642,0.965271,-2.0124817,0.24169922
20643,0.97839356,-2.0129395,0.24169922
20644,0.89035034,-1.8945313,0.34179688
20645,0.95153809,-1.9342041,0.14984131
20646,0.9564209,-1.8283081,-0.082702637
20647,0.98602295,-1.9168091,0.13366699
20648,1.0443115,-1.8347168,-0.059204102
20649,0.96557617,-1.9702148,-0.076293945
20650,1.0273743,-1.9328308,-0.26489258
20651,1.2043762,-1.8743896,-0.38360596
20652,1.1967468,-1.6184998,-0.43533325
20653,1.2516785,-1.7901611,-0.36926269
20654,1.2504578,-1.6375732,-0.21606445
20655,1.0919189,-1.4118958,-0.38894653
20656,1.0876465,-1.619873,-0.41061401
20657,1.2176514,-1.4775085,-0.36697388
20658,1.2615967,-1.4672852,-0.18356323
20659,1.166687,-1.328125,-0.33676147
20660,1.1553955,-1.368866,-0.43823242
20661,1.2088013,-1.3191223,-0.62469482
20662,1.257782,-1.3745117,-0.65032959
20663,1.0702515,-1.3182068,-0.57235718
20664,1.1364746,-1.3691711,-0.65917969
20665,1.1376953,-1.3583374,-0.59967041
20666,1.0345459,-1.1430359,-0.74523926
20667,1.1320496,-1.0295105,-1.1405945
20668,1.0835266,-1.0429382,-0.87921143
20669,1.210022,-0.90301514,-0.68054199
20670,1.0354614,-0.72570801,-0.95581055
20671,1.0784912,-0.60577393,-0.83740234
20672,1.0899353,-0.5859375,-0.8946228
20673,1.0050964,-0.54412842,-0.86334228
20674,1.0096741,-0.63552856,-0.92437744
20675,1.0171509,-0.52978516,-1.0653687
20676,0.93658447,-0.34637451,-0.91705322
20677,0.93353272,-0.46630859,-0.85327148
20678,0.83953857,-0.39260864,-1.0324097
20679,0.94024658,-0.38192749,-1.133728
20680,0.92208862,-0.30685425,-1.1741638
20681,0.78308106,-0.29602051,-1.0920715
20682,0.80322266,-0.13122559,-1.3446045
20683,0.84594727,-0.058135986,-1.2461853
20684,0.64819336,-0.14465332,-1.2934875
20685,0.72113037,-0.13092041,-1.4611816
20686,0.73638916,0.0,-1.4125061
20687,0.69168091,0.090332031,-1.4555359
20688,0.44250488,-0.27694702,-1.438446
20689,0.54092407,-0.17181397,-1.4956665
20690,0.33950806,0.19363403,-1.2414551
20691,0.4574585,0.28167725,-1.2277222
20692,0.44830322,0.35049439,-1.234436
20693,0.36468506,0.32653809,-1.1618042
20694,0.37185669,0.40832519,-1.2557983
20695,0.2494812,0.44158936,-1.2414551
20696,0.23361206,0.52139282,-1.1875916
20697,0.35339356,0.73013306,-1.1877441
20698,0.020446777,0.57998657,-1.2501526
20699,0.05859375,0.51834106,-1.3096619
20700,0.098419189,0.809021,-1.315918
20701,0.046386719,0.97351074,-1.2260437
20702,0.070648193,0.93353272,-1.3311768
20703,-0.064849854,0.89935303,-0.77789307
20704,-0.22705078,0.82290649,-0.94650269
20705,-0.17303467,0.89996338,-0.99182129
20706,-0.20675659,0.84106445,-1.4331055
20707,-0.49133301,1.0275269,-1.1593628
20708,-0.23803711,0.95275879,-1.1639404
20709,-0.35903931,0.93261719,-0.97229004
20710,-0.43899536,0.86090088,-1.1917114
20711,-0.62789917,1.0012817,-1.0618591
20712,-0.65979004,1.1750793,-1.2307739
20713,-0.69442749,1.2286377,-1.0891724
20714,-0.6211853,1.2512207,-0.92269897
20715,-0.88562012,1.3525391,-0.93399048
20716,-0.63430786,1.020813,-0.87341309
20717,-0.81756592,1.1950684,-0.98175049
20718,-1.0397339,1.2081909,-0.90087891
20719,-1.0722351,1.1831665,-0.79269409
20720,-1.0995483,1.2301636,-0.66650391
20721,-1.1138916,1.2463379,-0.41992188
20722,-1.197052,1.2559509,-0.52520752
20723,-1.2330627,1.1721802,-0.6564331
20724,-1.3702393,1.1528015,-0.4208374
20725,-1.374054,1.3633728,-0.51757813
20726,-1.4129639,1.2600708,-0.38528442
20727,-1.3206482,1.333313,-0.40481567
20728,-1.4826965,1.5164185,-0.53466797
20729,-1.3796997,1.3566589,-0.34790039
20730,-1.3949585,1.3186646,-0.28381348
20731,-1.4813232,0.86990356,-0.05065918
20732,-1.7314148,0.79528809,-0.2142334
20733,-1.7138672,0.99136353,-0.085601807
20734,-1.5745544,1.194458,-0.2394104
20735,-1.5956116,1.4317322,0.20904541
20736,-1.6456604,1.1091614,0.056152344
20737,-1.7463684,1.0754395,0.2053833
20738,-1.6912842,1.1018372,0.22903442
20739,-1.897583,1.0688782,0.19348145
20740,-1.7428589,1.1235046,0.27481079
20741,-1.8711853,1.084137,0.26489258
20742,-1.8338013,1.1312866,0.32012939
20743,-1.98349,1.0620117,0.30685425
20744,-1.9294739,0.91598511,0.37902832
20745,-2.0829773,0.83969116,0.59249878
20746,-1.9772339,0.76812744,0.43304443
20747,-2.0896912,0.80413818,0.59082031
20748,-2.0640564,0.89523315,0.72540283
20749,-2.1430969,0.75820923,0.75241089
20750,-2.150116,0.7232666,0.81344604
20751,-2.1360779,0.74493408,0.79376221
20752,-2.1754456,0.74798584,0.9854126
20753,-2.0854187,0.60379028,0.76446533
20754,-2.0510864,0.64163208,0.54489136
20755,-2.2732544,0.51971435,1.0424805
20756,-2.1522522,0.59494019,0.94039917
20757,-2.0596313,0.5329895,0.67871094
20758,-2.0689392,0.37078857,1.0150146
20759,-2.1786499,0.31234741,1.129303
20760,-2.0320129,0.26092529,1.0249329
20761,-2.064209,0.23406982,1.2490845
20762,-2.1633911,0.32699585,1.333313
20763,-2.0587158,0.052185059,1.4154053
20764,-2.0953369,0.03616333,1.272583
20765,-2.1038818,0.1020813,1.3491821
20766,-1.9335938,-0.050048828,1.5420532
20767,-2.0054626,-0.14968872,1.5324402
20768,-1.9134521,-0.17700195,1.4501953
20769,-2.0960999,-0.12786865,1.1990356
20770,-1.9747925,-0.24597168,1.6000366
20771,-2.013855,-0.24291992,1.600647
20772,-1.942749,-0.21270752,1.5066528
20773,-1.9514465,-0.51269531,1.4129639
20774,-1.914978,-0.52185059,1.1193848
20775,-1.9343567,-0.51055908,1.2173462
20776,-1.8487549,-0.51086426,1.7391968
20777,-1.8096924,-0.58624268,1.6209412
20778,-1.7475891,-0.48675537,1.9743347
20779,-1.68396,-0.77453613,1.8481445
20780,-1.7938232,-0.97061157,1.7895508
20781,-1.6233826,-0.93505859,1.5971375
20782,-1.5740967,-1.2574768,1.7945862
20783,-1.7320251,-1.1474609,1.8267822
20784,-1.5731812,-1.0868835,1.9242859
20785,-1.7311096,-1.2728882,1.7080688
20786,-1.5582275,-1.2568665,1.9207764
20787,-1.5805054,-1.431427,1.7718506
20788,-1.4620972,-1.411438,1.9448853
20789,-1.289978,-1.5852356,2.182312
20790,-1.2757874,-1.5979004,1.7997742
20791,-1.3798523,-1.5272522,1.789093
20792,-1.1776733,-1.4880371,1.7184448
20793,-1.1721802,-1.7526245,1.7280579
20794,-1.0794067,-1.6993713,1.8531799
20795,-1.0903931,-1.5750122,1.9090271
20796,-1.1352539,-1.5600586,2.0048523
20797,-0.96832275,-1.9482422,1.940155
20798,-0.97366333,-1.9308472,1.7242432
20799,-0.83953857,-2.2001648,1.9216919
20800,-0.81451416,-1.9018555,1.6848755
20801,-0.7901001,-2.049408,1.8502808
20802,-0.71548462,-2.0251465,1.879425
20803,-0.75012207,-1.993866,1.8234253
20804,-0.75500488,-1.9422913,1.8270874
20805,-0.63079834,-2.1136475,1.6625977
20806,-0.60852051,-2.0960999,1.706543
20807,-0.55541992,-1.8864441,1.8284607
20808,-0.48400879,-2.0129395,1.6296387
20809,-0.41305542,-2.0797729,1.5438843
20810,-0.35217285,-2.2468567,1.5618896
20811,-0.34545898,-2.1987915,1.6604614
20812,-0.16342163,-2.3184204,1.5548706
20813,-0.14556885,-2.3214722,1.6238403
20814,-0.20248413,-2.3036194,1.5319824
20815,-0.10131836,-2.3283386,1.4318848
20816,0.10681152,-2.2843933,1.4134216
20817,-0.008087158,-2.2718811,1.4741516
20818,0.13977051,-2.2627258,1.4627075
20819,0.32104492,-2.3120117,1.5318298
20820,0.28320313,-2.3236084,1.2358093
20821,0.38223267,-2.4572754,1.1502075
20822,0.37719727,-2.3800659,0.77209473
20823,0.56762695,-2.2740173,1.1521912
20824,0.39138794,-2.1784973,1.1474609
20825,0.48645019,-2.230835,0.87188721
20826,0.55664063,-2.1865845,0.83221435
20827,0.44952393,-2.1502686,0.87387085
20828,0.69946289,-2.0903015,0.83450317
20829,0.56838989,-2.1542358,0.7321167
20830,0.81451416,-2.1324158,0.78948975
20831,0.75256348,-2.2915649,0.60974121
20832,0.76797485,-2.1557617,0.57876587
20833,0.78216553,-2.0504761,0.58380127
20834,0.92636108,-2.1966553,0.48706055
20835,0.73364258,-2.084198,0.44754028
20836,0.63522339,-2.2270203,0.40924072
20837,0.88668823,-2.2033691,0.28335571
20838,0.91033935,-2.1574402,0.34667969
20839,0.73547363,-2.2096252,0.26397705
20840,0.89691162,-2.0022583,0.30166626
20841,1.0758972,-2.1591187,0.18432617
20842,1.1680603,-2.0553589,0.19073486
20843,1.0145569,-2.2055054,0.048522949
20844,1.1653137,-2.1476746,-0.012207031
20845,1.2643433,-1.9329834,-0.0340271
20846,1.1952209,-2.0152283,-0.089263916
20847,1.1029053,-1.8405151,-0.084991455
20848,1.2506104,-1.7759705,-0.13854981
20849,1.3369751,-1.8188477,-0.18997192
20850,1.2814331,-1.8716431,-0.23849487
20851,1.255188,-1.8365479,-0.22842407
20852,1.3464355,-1.7457581,-0.33782959
20853,1.1531067,-1.592865,-0.31738281
20854,1.3084412,-1.5867615,-0.34454346
20855,1.2489319,-1.4605713,-0.40969849
20856,1.207428,-1.6029358,-0.53665161
20857,1.2184143,-1.5339661,-0.625
20858,1.098938,-1.4152527,-0.67993164
20859,1.0470581,-1.2136841,-1.149292
20860,1.1373901,-1.1322021,-0.8164978
20861,1.2231445,-1.1457825,-0.79727173
20862,1.1808777,-1.02005,-0.77880859
20863,1.2818909,-1.0643005,-0.74554443
20864,1.1680603,-1.2236023,-0.8303833
20865,1.1242676,-1.2947083,-1.088562
20866,1.2741089,-1.0827637,-0.91369629
20867,1.0702515,-0.97732544,-0.85800171
20868,1.0063171,-0.91979981,-1.0522461
20869,1.0549927,-0.56808472,-1.1688232
20870,1.1773682,-0.69137573,-1.1514282
20871,1.0853577,-0.61889648,-0.99121094
20872,0.88790894,-0.44937134,-1.190033
20873,1.0545349,-0.57479858,-1.1750793
20874,1.0009766,-0.38314819,-1.0415649
20875,0.86608887,-0.25588989,-1.0572815
20876,0.8013916,-0.35247803,-1.0757446
20877,0.97488403,-0.30059814,-1.2077332
20878,0.97549438,-0.21697998,-1.2806702
20879,0.93200684,-0.19622803,-1.3110352
20880,0.85693359,-0.008087158,-1.3772583
20881,0.8605957,0.027618408,-1.4199829
20882,0.79681397,0.53161621,-1.5866089
20883,0.61798096,0.2406311,-1.5560913
20884,0.51177978,0.21087647,-1.4485168
20885,0.45806885,0.11077881,-1.3720703
20886,0.55328369,0.29937744,-1.2252808
20887,0.48980713,0.40496826,-1.2399292
20888,0.42892456,0.37445068,-1.2258911
20889,0.30181885,0.34622192,-1.3299561
20890,0.34851074,0.22293091,-1.4434814
20891,0.41885376,0.32104492,-1.3189697
20892,0.30822754,0.086517334,-1.4700317
20893,0.28442383,0.58288574,-1.3858032
20894,0.1020813,0.68359375,-1.4065552
20895,0.10299683,0.72891235,-1.3726807
20896,0.061340332,0.69503784,-1.3520813
20897,0.016326904,0.74707031,-1.3287354
20898,-0.13168335,0.74890137,-1.363678
20899,-0.22277832,1.0125732,-1.3363647
20900,-0.30258179,0.71670532,-1.2902832
20901,-0.26870728,0.91995239,-1.1877441
20902,-0.2645874,0.97564697,-1.2063599
20903,-0.25543213,1.1128235,-1.1534119
20904,-0.31829834,1.1360168,-1.0914612
20905,-0.32394409,1.2283325,-1.050415
20906,-0.37002564,1.2275696,-1.1558533
20907,-0.45654297,1.2179565,-1.0600281
20908,-0.62683106,1.1593628,-0.94833374
20909,-0.75592041,1.2158203,-0.93170166
20910,-0.68939209,1.1865234,-0.7913208
20911,-0.7321167,1.2573242,-0.94924927
20912,-0.83572388,1.2330627,-0.88302612
20913,-0.92010498,1.2486267,-0.94161987
20914,-0.92041016,1.2402344,-0.98510742
20915,-0.99975586,1.2037659,-0.70907593
20916,-1.0871887,1.2011719,-0.69839478
20917,-1.1767578,1.3861084,-0.67047119
20918,-1.2658691,1.2213135,-0.60684204
20919,-1.346283,1.2567139,-0.5871582
20920,-1.2225342,1.3525391,-0.48522949
20921,-1.3485718,1.2864685,-0.37384033
20922,-1.328125,1.3005066,-0.35858154
20923,-1.4572144,1.4190674,-0.28762817
20924,-1.5579224,1.2768555,-0.19790649
20925,-1.5231323,1.1740112,-0.40634155
20926,-1.5454102,1.126709,0.018768311
20927,-1.6065979,0.097808838,-0.34500122
20928,-1.6386414,1.0827637,-0.037536621
20929,-1.7715454,1.1749268,0.20614624
20930,-1.8023682,1.1018372,0.13519287
20931,-1.8382263,0.98266602,0.080413818
20932,-1.7118835,1.0845947,-0.003509521
20933,-1.7756653,1.0975647,0.056304932
20934,-1.7063904,1.1642456,0.21179199
20935,-1.9165039,1.1805725,0.17059326
20936,-1.8959045,1.1030579,0.30731201
20937,-1.9761658,1.2513733,0.37597656
20938,-1.9346619,0.95474243,0.51513672
20939,-1.9450378,1.0653687,0.55953979
20940,-1.986084,0.81741333,0.5758667
20941,-2.0240784,0.92803955,0.59524536
20942,-2.097168,0.8883667,0.71792603
20943,-2.0759583,0.87341309,0.64498901
20944,-2.0220947,0.75820923,0.58425903
20945,-2.0533752,0.7107544,0.85876465
20946,-2.0249939,0.67306519,0.62820435
20947,-2.041626,0.71624756,0.90042114
20948,-2.0146179,0.74996948,0.88928223
20949,-2.0144653,0.70983887,1.0688782
20950,-2.0783997,0.81634522,1.0707092
20951,-1.950531,0.65628052,1.0890198
20952,-2.1244812,0.49682617,1.0835266
20953,-2.1775818,0.42556763,1.2149048
20954,-2.2991943,0.29571533,1.0980225
20955,-2.0837402,0.31585693,1.3687134
20956,-2.0622253,0.37261963,1.2838745
20957,-2.1809387,0.23590088,1.2693787
20958,-2.2349548,0.21453857,1.3786316
20959,-2.1954346,0.105896,1.2689209
20960,-2.1588135,0.010375977,1.2805176
20961,-2.0883179,0.025177002,1.3197327
20962,-2.1403503,0.026855469,1.5539551
20963,-2.1168518,-0.038146973,1.620636
20964,-2.1002197,-0.24185181,1.6300964
20965,-2.0013428,-0.13595581,1.7431641
20966,-2.1276855,-0.4397583,1.862793
20967,-2.0831299,-0.47851563,1.7472839
20968,-1.9393921,-0.37826538,1.7504883
20969,-2.0158386,-0.3717041,1.6691589
20970,-1.9906616,-0.65826416,1.7915344
20971,-2.0214844,-0.6993103,1.8522644
20972,-1.7657471,-0.80657959,1.8838501
20973,-1.9566345,-0.72448731,2.0703125
20974,-1.857605,-0.77667236,1.8707275
20975,-1.9136047,-0.81069946,1.9146729
20976,-1.725769,-0.89660644,1.8844604
20977,-1.7025757,-1.0186768,1.9340515
20978,-1.67099,-1.0594177,1.9813538
20979,-1.7779541,-1.1480713,1.8789673
20980,-1.7611694,-1.0166931,1.8875122
20981,-1.6500854,-1.3188171,1.8405151
20982,-1.4387512,-1.2020874,1.8910217
20983,-1.4953613,-1.5042114,2.0162964
20984,-1.6018677,-1.3168335,2.1685791
20985,-1.3946533,-1.3591003,1.9036865
20986,-1.4678955,-1.464386,2.0599365
20987,-1.3908386,-1.7111206,2.2807312
20988,-1.3661194,-1.7178345,1.8391418
20989,-1.3792419,-1.7524719,1.9386291
20990,-1.3348389,-1.690979,2.0257568
20991,-1.0798645,-1.7375183,2.179718
20992,-1.1369324,-1.7021179,1.8345642
20993,-1.0577393,-1.9418335,1.8606567
20994,-1.1186218,-1.8276978,1.7959595
20995,-0.98907471,-1.6323853,1.9351196
20996,-0.8605957,-1.7050171,2.220459
20997,-0.80123901,-1.8156433,1.945343
20998,-0.82504272,-1.8412781,1.9235229
20999,-0.81130981,-2.0758057,1.7860413
21000,-0.69503784,-1.9168091,1.8533325
21001,-0.66650391,-2.0368958,1.8659973
21002,-0.59509277,-2.1054077,1.965332
21003,-0.51330566,-2.2193909,1.9552612
21004,-0.48599243,-2.3246765,1.8377686
21005,-0.41442871,-2.0977783,1.8930054
21006,-0.36590576,-2.2210693,1.8812561
21007,-0.2003479,-2.2241211,1.8148804
21008,-0.17883301,-2.270813,1.6030884
21009,-0.24017334,-2.3934937,1.5304565
21010,-0.1399231,-2.2512817,1.3587952
21011,0.028686523,-2.5057983,1.6371155
21012,0.064697266,-2.4694824,1.3928223
21013,0.14526367,-2.4047852,1.3829041
21014,0.04119873,-2.4337769,1.3020325
21015,0.13687134,-2.3625183,1.1524963
21016,0.33538818,-2.381897,1.2312317
21017,0.24429321,-2.5047302,1.3378906
21018,0.37017822,-2.515564,1.0919189
21019,0.42022705,-2.5112915,1.2106323
21020,0.28289795,-2.5720215,1.1647034
21021,0.52307129,-2.4742126,1.0769653
21022,0.49621582,-2.4273682,1.0417175
21023,0.45715332,-2.4658203,1.0546875
21024,0.66741943,-2.3596191,0.88867188
21025,0.83328247,-2.2941589,0.87997437
21026,0.62637329,-2.3506165,0.7498169
21027,0.87127685,-2.2921753,0.46737671
21028,0.9689331,-2.3406982,0.63842773
21029,0.97167969,-2.2821045,0.62393188
21030,0.88180542,-2.3693848,0.53405762
21031,1.0174561,-2.3428345,0.53329468
21032,0.96298218,-2.333374,0.35552978
21033,1.1102295,-2.3052979,0.3137207
21034,0.9689331,-2.1853638,0.27832031
21035,1.2097168,-2.1827698,0.22796631
21036,1.1097717,-2.270813,0.14312744
21037,1.16745,-2.273407,0.17837524
21038,1.2275696,-2.2715759,0.076751709
21039,1.2750244,-2.074585,0.036010742
21040,1.4883423,-2.0700073,-0.090179443
21041,1.3856506,-2.0715332,-0.13916016
21042,1.3247681,-1.9180298,-0.18280029
21043,1.3372803,-2.0162964,-0.30975342
21044,1.4239502,-1.9667053,-0.30700684
21045,1.3270569,-2.0413208,-0.37918091
21046,1.4331055,-1.8753052,-0.26275635
21047,1.3484192,-1.7912292,-0.44052124
21048,1.2974548,-1.6937256,-0.35171509
21049,1.3188171,-1.7500305,-0.50064087
21050,1.255188,-1.7132568,-0.33111572
21051,1.3800049,-1.4706421,-0.58898926
21052,1.3052368,-1.5664673,-0.43273926
21053,1.4006042,-1.3685608,-0.60256958
21054,1.295166,-1.3731384,-0.5368042
21055,1.2670898,-1.2527466,-0.64971924
21056,1.3002014,-1.288147,-0.57479858
21057,1.3696289,-1.4118958,-0.73242188
21058,1.4611816,-1.2626648,-0.84228516
21059,1.4215088,-1.2203979,-0.80734253
21060,1.1923218,-1.2153625,-0.91613769
21061,1.2985229,-1.1581421,-0.94573975
21062,1.3069153,-1.0298157,-1.0374451
21063,1.1421204,-0.99487305,-1.056366
21064,1.184082,-0.7270813,-1.4682007
21065,1.137085,-0.81680298,-1.1695862
21066,1.2541199,-0.68115234,-1.2745666
21067,1.295929,-0.54946899,-1.1476135
21068,1.1955261,-0.52139282,-1.401062
21069,1.1100769,-0.57769775,-1.3572693
21070,1.137085,-0.50460815,-1.2788391
21071,1.1314392,-0.38391113,-1.3659668
21072,1.1157227,-0.26153564,-1.366272
21073,1.0235596,-0.25436401,-1.4117432
21074,0.85830688,-0.26138306,-1.3993835
21075,0.92559815,-0.086669922,-1.3442993
21076,0.85205078,-0.24291992,-1.3809204
21077,0.91415405,0.026550293,-1.3963318
21078,0.79055786,-0.90179443,-1.4466858
21079,0.78384399,-0.51956177,-1.3746643
21080,0.73196411,-0.53833008,-1.5383911
21081,0.66436768,-0.51330566,-1.3595581
21082,0.71044922,-0.059204102,-1.6148376
21083,0.68191528,0.20050049,-1.444397
21084,0.58944702,0.3388977,-1.5058899
21085,0.48416138,0.4814148,-1.630249
21086,0.30563355,0.42739868,-1.4761353
21087,0.36514282,0.65093994,-1.4170837
21088,0.42282105,0.48217773,-1.2713623
21089,0.18112183,0.49026489,-1.4094543
21090,0.16021728,0.76126099,-1.4517212
21091,0.23117065,0.652771,-1.3272095
21092,0.10803223,0.7131958,-1.3578796
21093,0.060577393,0.7043457,-1.5353394
21094,-0.014648438,0.69335938,-1.4282227
21095,0.10299683,0.73364258,-1.2486267
21096,-0.1159668,0.88012695,-1.4151001
21097,-0.15411377,1.0700989,-1.374054
21098,-0.09552002,1.0102844,-1.4294434
21099,-0.31585693,1.0456848,-1.2971497
21100,-0.37155151,1.1465454,-1.1550903
21101,-0.36193848,1.1706543,-1.1404419
21102,-0.3213501,1.3327026,-1.2287903
21103,-0.47119141,1.2063599,-1.219635
21104,-0.5065918,1.1804199,-1.2748718
21105,-0.6161499,1.1526489,-1.1218262
21106,-0.72753906,1.1776733,-1.0270691
21107,-0.76828003,1.1738586,-0.9614563
21108,-0.77392578,1.290741,-0.92651367
21109,-0.81253052,1.3272095,-0.92849731
21110,-0.95321655,1.5692139,-0.91384888
21111,-1.0757446,1.647644,-0.86746216
21112,-1.1245728,1.4160156,-0.7673645
21113,-1.0992432,1.4575195,-0.75973511
21114,-1.1421204,1.4678955,-0.5657959
21115,-1.2310791,1.5034485,-0.75134277
21116,-1.2626648,1.4453125,-0.73928833
21117,-1.2934875,1.3565063,-0.70755005
21118,-1.295166,1.5142822,-0.5229187
21119,-1.3638306,1.471405,-0.54336548
21120,-1.4610291,1.411438,-0.56457519
21121,-1.5037537,1.459198,-0.68252563
21122,-1.5145874,1.5414429,-0.390625
21123,-1.6963196,1.4581299,-0.31448364
21124,-1.7559814,1.3021851,-0.27770996
21125,-1.7852783,1.295166,-0.11062622
21126,-1.7941284,1.300354,-0.09765625
21127,-1.7562866,1.2860107,-0.006256104
21128,-1.854248,1.2797546,0.045928955
21129,-1.79245,1.4196777,0.13366699
21130,-1.9158936,1.1393738,0.14312744
21131,-1.8052673,1.0925293,0.039978027
21132,-1.889801,1.1817932,0.28320313
21133,-1.8959045,1.1486816,0.15457153
21134,-1.9538879,1.1799622,0.2029419
21135,-1.9625854,1.0377502,0.31951904
21136,-2.013855,1.1212158,0.41778564
21137,-2.06604,1.1573791,0.41763306
21138,-2.0977783,1.0816956,0.51208496
21139,-2.130127,1.0093689,0.56854248
21140,-2.2370911,0.99380493,0.66467285
21141,-2.1342468,1.0426331,0.66360474
21142,-2.1517944,0.96939087,0.69625854
21143,-2.2216797,1.0112,0.75271606
21144,-2.3535156,0.93780518,0.81939697
21145,-2.3838806,0.80337524,0.76354981
21146,-2.280426,0.67993164,0.83282471
21147,-2.3017883,0.85723877,1.0237122
21148,-2.4000549,0.84518433,0.98556519
21149,-2.3187256,0.68817139,1.1283875
21150,-2.2390747,0.62133789,1.0514832
21151,-2.2799683,0.60821533,1.1242676
21152,-2.3733521,0.52581787,1.2341309
21153,-2.3078918,0.51452637,1.2973022
21154,-2.2563171,0.4133606,1.2722778
21155,-2.2018433,0.26367188,1.446228
21156,-2.3265076,0.25970459,1.4541626
21157,-2.2621155,0.14831543,1.4756775
21158,-2.3136902,-0.008544922,1.4089966
21159,-2.1876526,0.082702637,1.5446472
21160,-2.0915222,0.092163086,1.4407349
21161,-2.2454834,0.095672607,1.5185547
21162,-2.1472168,-0.23452759,1.4562988
21163,-2.0903015,-0.17990112,1.4996338
21164,-2.1714783,-0.17929077,1.6830444
21165,-2.1011353,-0.2494812,1.6781616
21166,-2.0097351,-0.24307251,1.8151855
21167,-2.0396423,-0.24963379,1.7311096
21168,-1.9604492,-0.33966064,1.7414856
21169,-2.1061707,-0.57250977,1.6973877
21170,-1.9006348,-0.71228027,1.5492249
21171,-2.0277405,-0.84701538,1.6676331
21172,-1.8830872,-0.76583862,1.4884949
21173,-1.8841553,-0.73074341,1.9537354
21174,-1.975708,-0.74645996,1.8641663
21175,-1.8099976,-0.7800293,2.1115112
21176,-1.8955994,-1.1364746,1.8786621
21177,-1.7636108,-1.1816406,2.0401001
21178,-1.7507935,-1.1924744,1.9390869
21179,-1.6598511,-1.3122559,1.8502808
21180,-1.6569519,-1.2617493,1.9248962
21181,-1.5621948,-1.1985779,1.8385315
21182,-1.5719604,-1.1698914,1.988678
21183,-1.4813232,-1.2979126,2.0385742
21184,-1.5423584,-1.4819336,1.8438721
21185,-1.496582,-1.5774536,1.9883728
21186,-1.4904785,-1.6426086,1.8664551
21187,-1.3066101,-1.627655,1.8466187
21188,-1.1096191,-1.7221069,1.8353271
21189,-1.3165283,-1.7715454,1.8611145
21190,-1.1660767,-1.9682312,1.8963623
21191,-1.2052917,-1.8884277,2.0324707
21192,-1.0180664,-1.882782,1.8026733
21193,-0.85357666,-1.7834473,2.0179749
21194,-0.92453003,-1.860199,2.1908569
21195,-0.77163696,-1.8383789,1.9476318
21196,-0.73822022,-1.726532,2.0149231
21197,-0.80291748,-1.7285156,1.854248
21198,-0.6564331,-1.9390869,1.9474792
21199,-0.5897522,-2.0637512,2.0309448
21200,-0.52108765,-2.1914673,1.6921997
21201,-0.35202026,-2.124176,1.6827393
21202,-0.3805542,-2.2515869,1.7980957
21203,-0.30883789,-2.3503113,1.6369629
21204,-0.23956299,-2.2323608,1.9015503
21205,-0.29602051,-2.240448,1.6973877
21206,-0.21224976,-2.1563721,1.7720032
21207,-0.087585449,-2.1934509,1.698761
21208,-0.10482788,-2.3316956,1.6700745
21209,0.043182373,-2.4252319,1.6615295
21210,-0.034942627,-2.4624634,1.6822815
21211,0.16845703,-2.3564148,1.6148376
21212,0.022583008,-2.3088074,1.5531921
21213,0.20675659,-2.441864,1.3063049
21214,0.32440186,-2.3678589,1.3098145
21215,0.38589478,-2.311554,1.2861633
21216,0.42648315,-2.3330688,1.2579346
21217,0.2796936,-2.4349976,1.1634827
21218,0.40222168,-2.479248,1.1785889
21219,0.45104981,-2.5019836,0.94192505
21220,0.54779053,-2.4078369,1.0554504
21221,0.54199219,-2.4449158,1.031189
21222,0.6829834,-2.6445007,0.83267212
21223,0.70236206,-2.5382996,0.99563599
21224,0.68969727,-2.5392151,0.80368042
21225,0.81054688,-2.5500488,0.72860718
21226,0.79101563,-2.4546814,0.66055298
21227,0.88912964,-2.4411011,0.49560547
21228,0.86135864,-2.3190308,0.65597534
21229,0.86242676,-2.2637939,0.6161499
21230,0.96496582,-2.2180176,0.54626465
21231,1.0302734,-2.2836304,0.48095703
21232,1.0646057,-2.2541809,0.47576904
21233,1.0194397,-2.1839905,0.27587891
21234,1.118927,-2.0881653,0.20675659
21235,1.0957336,-2.127533,0.33752441
21236,1.0798645,-2.0043945,0.16311645
21237,1.1151123,-2.0346069,0.25634766
21238,1.1633301,-2.0573425,0.23086548
21239,1.0292053,-1.98349,0.16769409
21240,1.146698,-2.0562744,0.039825439
21241,1.1642456,-1.7938232,-0.016784668
21242,1.4067078,-1.783905,-0.19195557
21243,1.1895752,-1.8559265,-0.20996094
21244,1.2255859,-1.7988586,-0.32073975
21245,1.2828064,-1.7988586,-0.1550293
21246,1.2414551,-1.6751099,-0.11169434
21247,1.2255859,-1.6647339,-0.23300171
21248,1.2451172,-1.6114807,-0.33996582
21249,1.3171387,-1.5457153,-0.27740478
21250,1.3562012,-1.5859985,-0.58807373
21251,1.3861084,-1.4982605,-0.6326294
21252,1.3265991,-1.494751,-0.53421021
21253,1.2496948,-1.4215088,-0.71899414
21254,1.2918091,-1.3764954,-0.68328857
21255,1.2945557,-1.4231873,-0.77438354
21256,1.3592529,-1.3771057,-0.81695557
21257,1.2831116,-1.181488,-0.78872681
21258,1.3279724,-1.1454773,-0.9841919
21259,1.2263489,-1.0400391,-0.89065552
21260,1.4299011,-1.1547852,-0.99822998
21261,1.3050842,-0.98266602,-1.0015869
21262,1.2023926,-0.965271,-1.0295105
21263,1.1816406,-0.83068848,-1.1434937
21264,1.2884521,-0.7081604,-0.9135437
21265,1.0522461,-0.76019287,-1.0246277
21266,1.0203552,-0.67565918,-1.1990356
21267,1.0470581,-0.66986084,-1.1256409
21268,1.0379028,-0.62942505,-1.0813904
21269,0.97824097,-0.45425415,-1.1506653
21270,0.93780518,-0.29052734,-1.1097717
21271,0.95489502,-0.44372559,-1.1090088
21272,0.84197998,-0.28594971,-1.348114
21273,0.84564209,-0.39199829,-1.1715698
21274,0.91629028,-0.39642334,-1.3796997
21275,0.77560425,-0.009460449,-1.2911987
21276,0.86486816,-0.04119873,-1.2852478
21277,0.76126099,0.001220703,-1.3487244
21278,0.67459106,-0.78567505,-1.2852478
21279,0.52215576,-0.067138672,-1.2432861
21280,0.73989868,0.054931641,-1.2432861
21281,0.59677124,0.090942383,-1.1924744
21282,0.52810669,0.18249512,-1.3356018
21283,0.40557861,0.26367188,-1.4459229
21284,0.60012817,0.45623779,-1.3845825
21285,0.35400391,0.57327271,-1.3945007
21286,0.4145813,0.49865723,-1.3731384
21287,0.27450561,0.69015503,-1.5031433
21288,0.21850586,0.59860229,-1.5385437
21289,0.18463135,0.54901123,-1.4974976
21290,0.089111328,0.67977905,-1.2643433
21291,0.20462036,0.78811646,-1.2535095
21292,-0.036010742,0.95291138,-1.3290405
21293,-0.056152344,0.77804565,-1.2954712
21294,-0.075531006,0.73120117,-1.3223267
21295,-0.14602661,0.87356567,-1.3613892
21296,-0.14816284,0.88073731,-1.2373352
21297,-0.23757935,0.99365234,-1.1734009
21298,-0.30517578,1.0148621,-1.0986328
21299,-0.21820068,1.0585022,-1.1534119
21300,-0.3326416,1.1798096,-1.0296631
21301,-0.50140381,1.0603333,-1.0919189
21302,-0.57174683,1.2310791,-1.0455322
21303,-0.73776245,1.1329651,-1.1677551
21304,-0.5329895,1.0754395,-1.0487366
21305,-0.81054688,1.0987854,-1.1082459
21306,-0.76904297,1.1187744,-1.0803223
21307,-0.77758789,1.2214661,-0.95001221
21308,-0.86608887,1.3806152,-0.87844849
21309,-0.88241577,1.3868713,-0.85266113
21310,-0.81619263,1.3061523,-0.80169678
21311,-0.9173584,1.2106323,-0.7498169
21312,-1.0560608,1.2312317,-0.71166992
21313,-1.0668945,1.1907959,-0.65460205
21314,-1.1506653,1.3473511,-0.56381226
21315,-1.0810852,1.4364624,-0.60562134
21316,-1.0699463,1.4152527,-0.47485352
21317,-1.3497925,1.321106,-0.50262451
21318,-1.3735962,1.2774658,-0.45639038
21319,-1.3363647,1.2802124,-0.29998779
21320,-1.3163757,0.98739624,-0.80474853
21321,-1.6055298,1.1447144,-0.46401978
21322,-1.4744568,1.3485718,-0.21286011
21323,-1.477356,1.2753296,-0.24597168
21324,-1.5397644,1.2458801,-0.082244873
21325,-1.6455078,1.3146973,-0.1600647
21326,-1.6850281,1.2579346,-0.18692017
21327,-1.7085266,1.2057495,-0.022277832
21328,-1.7222595,1.184082,-0.090637207
21329,-1.8630981,1.2304688,-0.017700195
21330,-1.7765808,1.1050415,0.58639526
21331,-1.9207764,1.0874939,0.30960083
21332,-1.9297791,1.0575867,0.3477478
21333,-1.9877625,1.0855103,0.39642334
21334,-2.0176697,1.0075378,0.47836304
21335,-2.0713806,0.99578857,0.49240112
21336,-1.9355774,0.99182129,0.45440674
21337,-2.0524597,1.1340332,0.46722412
21338,-2.0352173,0.91888428,0.47607422
21339,-2.061615,0.93566894,0.4649353
21340,-1.9692993,0.95901489,0.58074951
21341,-2.1461487,0.74356079,0.73638916
21342,-2.1679688,0.71456909,0.72097778
21343,-2.0530701,0.75622559,0.78262329
21344,-2.1881104,0.71685791,0.92849731
21345,-1.9978333,0.64819336,0.94863892
21346,-2.1644592,0.51879883,1.0336304
21347,-2.1659851,0.58944702,0.91674805
21348,-2.1510315,0.51223755,0.8114624
21349,-2.0370483,0.44036865,0.89752197
21350,-2.0585632,0.34072876,1.0296631
21351,-2.0341492,0.38421631,0.95901489
21352,-2.1673584,0.17791748,1.065979
21353,-2.1723938,0.18203735,1.0325623
21354,-2.3312378,0.012207031,1.0031128
21355,-2.2088623,0.073547363,1.2081909
21356,-2.0663452,-0.001983643,1.3674927
21357,-2.0291138,-0.16830444,1.3587952
21358,-2.1180725,-0.13580322,1.3174438
21359,-2.1310425,-0.12664795,1.5415955
21360,-2.0504761,-0.14007568,1.4344788
21361,-2.1713257,-0.26260376,1.3946533
21362,-2.0246887,-0.25253296,1.5719604
21363,-2.0477295,-0.44403076,1.7155457
21364,-2.1179199,-0.57678223,1.7373657
21365,-1.973877,-0.40847778,1.7752075
21366,-1.8728638,-0.53756714,1.8629456
21367,-1.8231201,-0.68115234,1.859436
21368,-1.6693115,-0.7119751,1.7686462
21369,-1.7163086,-0.79284668,1.6799927
21370,-1.7050171,-0.97625732,1.7678833
21371,-1.678009,-0.87677002,1.8583679
21372,-1.8389893,-0.98480225,1.8183899
21373,-1.7767334,-1.0435486,1.8981934
21374,-1.7480469,-1.1273193,1.6842651
21375,-1.6760254,-1.1972046,1.7599487
21376,-1.4326477,-1.4067078,1.9152832
21377,-1.6877747,-1.0562134,1.99646
21378,-1.5776062,-1.2043762,1.99646
21379,-1.3426209,-1.3037109,1.9003296
21380,-1.7225647,-1.4813232,2.0288086
21381,-1.3713074,-1.2229919,1.9360352
21382,-1.3401794,-1.3659668,1.8719482
21383,-1.2994385,-1.3583374,2.0211792
21384,-1.322937,-1.4605713,1.8592834
21385,-1.3299561,-1.5068054,1.6958618
21386,-1.1703491,-1.5475464,1.9946289
21387,-1.1582947,-1.6441345,1.7616272
21388,-0.99517822,-1.6493225,1.8054199
21389,-1.0249329,-1.7793274,1.870575
21390,-0.95886231,-1.6313171,1.7681885
21391,-1.0168457,-1.6601563,1.7370605
21392,-0.88577271,-1.7854309,1.975708
21393,-0.87860107,-1.8803406,1.9511414
21394,-0.79711914,-1.8878174,1.945343
21395,-0.70770264,-1.8562317,1.817627
21396,-0.72097778,-1.8544006,1.9104004
21397,-0.72662353,-1.8841553,1.9068909
21398,-0.57098389,-2.1118164,1.7793274
21399,-0.34942627,-2.1905518,1.796875
21400,-0.49377441,-2.094574,1.7507935
21401,-0.40893555,-1.7608643,1.627655
21402,-0.35964966,-1.9752502,1.730957
21403,-0.33233643,-1.7367554,1.650238
21404,-0.14678955,-2.0413208,1.4630127
21405,-0.089111328,-2.215271,1.4260864
21406,0.012512207,-2.1084595,1.3633728
21407,-0.028686523,-1.9868469,1.4468384
21408,-0.096435547,-1.7245483,1.4337158
21409,-0.054931641,-1.6571045,1.4172363
21410,0.081329346,-1.8452454,1.3475037
21411,0.097808838,-2.151947,1.3052368
21412,0.25360107,-2.2480774,1.1912537
21413,0.22064209,-2.1612549,1.3238525
21414,0.28442383,-2.2192383,1.2478638
21415,0.35186768,-2.1716309,1.0879517
21416,0.38375855,-2.167511,0.98236084
21417,0.41671753,-2.1751404,0.97167969
21418,0.47241211,-2.2259521,0.89309692
21419,0.51559448,-2.2851563,0.8581543
21420,0.5657959,-2.2492981,0.92315674
21421,0.62271118,-2.2987366,0.91201782
21422,0.57510376,-2.1868896,0.83190918
21423,0.61889648,-2.1879578,0.69717407
21424,0.69534302,-1.8685913,0.76309204
21425,0.78262329,-1.4038086,0.63186646
21426,0.80505371,-1.1457825,0.61019897
21427,0.82489014,-1.4730835,0.53146362
21428,0.91156006,-1.660614,0.49255371
21429,0.78170776,-2.059021,0.40863037
21430,0.66192627,-2.1672058,0.4814148
21431,0.83236694,-1.993866,0.36682129
21432,1.043396,-2.1549988,0.27435303
21433,1.0580444,-2.1815491,0.076904297
21434,1.0955811,-2.1318054,0.10498047
21435,1.0012817,-2.099762,0.22384644
21436,1.1018372,-2.1366882,0.030059814
21437,1.2075806,-1.9494629,0.082855225
21438,1.0455322,-2.0527649,0.022583008
21439,1.0995483,-1.8017578,-0.12023926
21440,1.2817383,-1.9044495,-0.095825195
21441,1.0798645,-1.8450928,-0.24383545
21442,1.1445618,-1.7163086,-0.24414063
21443,1.1488342,-1.4533997,-0.33630371
21444,1.1421204,-1.2669373,-0.35888672
21445,1.1470032,-0.831604,-0.32836914
21446,1.0232544,-1.5133667,-0.2734375
21447,1.1335754,-1.6166687,-0.29403686
21448,1.0778809,-1.4538574,-0.43670654
21449,1.1889648,-1.3920593,-0.57647705
21450,1.1746216,-1.4085388,-0.56518555
21451,1.1950684,-1.2666321,-0.58013916
21452,1.0943604,-1.1178589,-0.5531311
21453,1.1096191,-1.1837769,-0.70022583
21454,1.1341858,-1.047821,-0.73562622
21455,1.1154175,-0.97900391,-0.75897217
21456,1.1703491,-0.86273193,-0.78384399
21457,1.0386658,-0.89584351,-0.82061768
21458,1.0626221,-0.912323,-1.003418
21459,1.1073303,-0.87844849,-0.94573975
21460,1.0717773,-0.74127197,-1.0362244
21461,0.99731445,-0.71609497,-1.0133362
21462,1.0824585,-0.57128906,-1.0540771
21463,1.1354065,-0.50872803,-1.0243225
21464,1.0467529,0.43151856,-1.1486816
21465,1.1485291,-0.49728394,-1.0028076
21466,0.93536377,-0.45516968,-1.0656738
21467,0.95275879,-0.56121826,-1.1811829
21468,0.8430481,-0.43045044,-1.2017822
21469,0.84289551,-0.30517578,-1.131134
21470,0.86074829,-0.31982422,-1.2765503
21471,0.84960938,-0.24002075,-1.2854004
21472,0.78582764,-0.25436401,-1.2480164
21473,0.68572998,-0.21072388,-1.2239075
21474,0.71960449,-0.007324219,-1.2834167
21475,0.65200806,-0.026245117,-1.4601135
21476,0.42694092,-0.04486084,-1.4482117
21477,0.4397583,0.34378052,-1.3198853
21478,0.46310425,1.2615967,-1.2638855
21479,0.35903931,1.2825012,-1.2060547
21480,0.41992188,0.76889038,-1.2646484
21481,0.2507019,0.1852417,-1.265564
21482,0.2885437,0.36346436,-1.3262939
21483,0.36972046,0.48339844,-1.2997437
21484,0.23025513,0.54580688,-1.2107849
21485,0.076446533,0.40847778,-1.2193298
21486,0.044250488,0.74584961,-1.139679
21487,-0.091400146,1.0852051,-1.178894
21488,-0.022277832,2.3054504,-1.1708069
21489,-0.070495605,1.782074,-1.234436
21490,-0.18997192,1.0107422,-1.2373352
21491,-0.067749023,0.66177368,-1.1561584
21492,-0.13793945,0.62866211,-1.1148071
21493,-0.33462524,0.69396973,-1.2294006
21494,-0.2684021,0.77148438,-1.0797119
21495,-0.23605347,0.61233521,-1.0739136
21496,-0.30075073,0.69534302,-1.0440063
21497,-0.54504394,0.92071533,-1.116333
21498,-0.53375244,1.0638428,-1.0003662
21499,-0.6652832,1.031189,-1.0797119
21500,-0.65353394,1.0488892,-0.89279175
21501,-0.57647705,0.9777832,-0.87890625
21502,-0.62728882,0.84136963,-0.82885742
21503,-0.86929321,0.94100952,-0.81176758
21504,-0.88867188,0.94787598,-0.86502075
21505,-0.89355469,0.95367432,-0.95001221
21506,-0.89920044,0.86425781,-0.91644287
21507,-0.91522217,0.80276489,-0.83740234
21508,-0.9298706,0.94207764,-0.7383728
21509,-0.99029541,0.81939697,-0.6578064
21510,-1.0186768,0.87768555,-0.66360474
21511,-1.1749268,1.2634277,-0.58624268
21512,-1.2698364,1.5415955,-0.50231934
21513,-1.2973022,2.3373413,-0.40435791
21514,-1.3433838,2.2485352,-0.44631958
21515,-1.2892151,1.0743713,-0.42449951
21516,-1.3938904,0.61004639,-0.52856445
21517,-1.5087891,0.99731445,-0.26489258
21518,-1.5618896,1.0479736,-0.13183594
21519,-1.4602661,1.0630798,-0.25146484
21520,-1.4926147,1.1654663,-0.10925293
21521,-1.5551758,1.0119629,0.006256104
21522,-1.5446472,0.887146,-0.12512207
21523,-1.5338135,1.1424255,-0.14633179
21524,-1.5560913,1.0812378,-0.013427734
21525,-1.6972351,1.1108398,0.15808106
21526,-1.7796326,1.1343384,-0.41305542
21527,-1.6590881,1.0647583,-0.016784668
21528,-1.6172791,1.0168457,0.25848389
21529,-1.7657471,1.0232544,0.29891968
21530,-1.7660522,0.90835571,0.32058716
21531,-1.8740845,0.69381714,0.32043457
21532,-1.7500305,0.86486816,0.49484253
21533,-1.8296814,0.64712524,0.49987793
21534,-1.8450928,0.56030273,0.52261353
21535,-1.9396973,0.25817871,0.56427002
21536,-1.8214416,0.78994751,0.66574097
21537,-1.890564,0.49102783,0.60531616
21538,-1.8409729,0.65673828,0.77560425
21539,-2.0388794,0.068511963,0.71563721
21540,-2.0022583,0.28213501,0.78933716
21541,-2.0315552,0.14785767,1.0488892
21542,-2.1517944,0.262146,1.0726929
21543,-2.0394897,0.16937256,1.0194397
21544,-2.0697021,0.1965332,0.98205566
21545,-2.1810913,0.21453857,1.182251
21546,-1.9895935,0.22720337,0.99685669
21547,-2.0986938,0.18951416,1.0705566
21548,-1.9903564,0.10147095,1.1932373
21549,-2.1630859,0.097503662,1.2454224
21550,-2.0889282,0.077819824,1.2294006
21551,-1.9920349,-0.18585205,0.96008301
21552,-1.8624878,-0.184021,1.3002014
21553,-1.8392944,-0.43746948,1.3166809
21554,-2.0141602,-0.59158325,1.4025879
21555,-2.0491028,-0.48095703,1.3389587
21556,-2.0176697,-0.89050293,1.4254761
21557,-1.9236755,-0.84259033,1.7027283
21558,-2.0391846,-0.86791992,1.3925171
21559,-2.0373535,-0.67489624,1.6569519
21560,-1.8315125,-1.1509705,1.6496277
21561,-1.8963623,-1.1123657,1.6320801
21562,-1.7819214,-1.5548706,1.5356445
21563,-1.8919373,-1.5910339,1.607666
21564,-1.7330933,-0.98236084,1.7669678
21565,-1.8135071,-1.3000488,1.6783142
21566,-1.8336487,-1.6873169,1.7350769
21567,-1.7034912,-1.590271,1.8960571
21568,-1.7315674,-1.7701721,1.8659973
21569,-1.7102051,-1.5556335,1.521759
21570,-1.6435242,-1.5963745,1.6352844
21571,-1.6503906,-1.5548706,1.7895508
21572,-1.572113,-1.6023254,1.7939758
21573,-1.5420532,-1.985321,1.6029358
21574,-1.4196777,-1.8836975,1.7858887
21575,-1.4160156,-1.4775085,1.7486572
21576,-1.4575195,-1.6082764,1.5992737
21577,-1.3876343,-1.6793823,1.8106079
21578,-1.4813232,-1.7172241,1.8202209
21579,-1.3919067,-1.5049744,2.0478821
21580,-1.2741089,-1.6278076,1.9213867
21581,-1.2341309,-1.4419556,1.7382813
21582,-1.1541748,-1.4115906,1.8048096
21583,-1.0221863,-1.3977051,1.7539978
21584,-0.87707519,-1.6278076,1.8417358
21585,-0.97686768,-1.7637634,1.754303
21586,-1.0305786,-1.8377686,1.5605164
21587,-0.85418701,-1.8592834,1.7024231
21588,-0.75698853,-1.8089294,1.7529297
21589,-0.65750122,-1.8989563,1.7172241
21590,-0.62896728,-1.8753052,1.6146851
21591,-0.59936523,-1.9026184,1.6799927
21592,-0.5859375,-1.9972229,1.6796875
21593,-0.51773071,-2.0202637,1.5786743
21594,-0.44036865,-1.9256592,1.6885376
21595,-0.39031982,-2.0701599,1.6139221
21596,-0.36697388,-2.1885681,1.5969849
21597,-0.32043457,-2.1080017,1.6094971
21598,-0.34591675,-2.1203613,1.6955566
21599,-0.29479981,-2.2412109,1.6064453
21600,-0.15228272,-2.0846558,1.4599609
21601,-0.045471191,-2.1734619,1.5187073
21602,-0.036468506,-2.1365356,1.2940979
21603,-0.063934326,-2.0928955,1.3787842
21604,-0.032958984,-2.2268677,1.3554382
21605,0.083312988,-2.2869873,1.2605286
21606,0.26626587,-2.244873,1.2692261
21607,0.23681641,-2.3480225,1.3575745
21608,0.22338867,-2.281189,1.1906433
21609,0.29220581,-2.2305298,0.99792481
21610,0.20324707,-2.2065735,1.1439514
21611,0.26992798,-2.1682739,1.1987305
21612,0.31677246,-2.0814514,1.0221863
21613,0.38513184,-2.1887207,0.9866333
21614,0.51956177,-2.0030212,1.063385
21615,0.546875,-1.6290283,0.97503662
21616,0.59829712,-2.2253418,0.84259033
21617,0.57067871,-2.2782898,0.69366455
21618,0.5796814,-2.1939087,0.65689087
21619,0.68771362,-2.0523071,0.60699463
21620,0.74417114,-2.28302,0.64147949
21621,0.81085205,-2.1995544,0.48843384
21622,0.91323853,-2.1557617,0.45593262
21623,0.98892212,-2.121582,0.39398193
21624,0.91278076,-2.3284912,0.34179688
21625,0.94696045,-2.0632935,0.32455444
21626,0.98236084,-1.9763184,0.33721924
21627,0.99868774,-1.9468689,0.2772522
21628,1.0214233,-2.0454407,0.21759033
21629,0.97076416,-1.9955444,0.17425537
21630,1.0392761,-1.8991089,0.020294189
21631,0.97610474,-1.9677734,0.10498047
21632,1.0852051,-1.9122314,-0.10040283
21633,1.20224,-1.738739,-0.18493652
21634,1.1474609,-1.6937256,-0.051116943
21635,1.1096191,-1.7764282,-0.071716309
21636,1.1029053,-1.7160034,-0.17532349
21637,1.1054993,-1.6105652,-0.24261475
21638,1.1051941,-1.5187073,-0.25573731
21639,1.0754395,-1.4445496,-0.47454834
21640,1.0643005,-1.438446,-0.51986694
21641,1.1375427,-1.4933777,-0.39199829
21642,1.0375977,-1.5098572,-0.37200928
21643,1.0783386,-1.4961243,-0.44128418
21644,1.0725403,-1.4189148,-0.58776856
21645,1.1044312,-1.3316345,-0.64407349
21646,1.1430359,-1.3562012,-0.72753906
21647,1.0890198,-1.2593079,-0.73196411
21648,1.1175537,-0.21057129,-0.54702759
21649,1.0894775,-1.0870361,-0.57128906
21650,1.0876465,-0.96511841,-0.71426392
21651,1.051178,-0.93109131,-0.75424194
21652,1.0949707,-0.90637207,-0.82611084
21653,1.0380554,-0.85113525,-0.83099365
21654,1.0238647,-0.88928223,-0.92529297
21655,0.95336914,-0.88073731,-0.82061768
21656,1.0050964,-0.76416016,-1.0671997
21657,1.0131836,-0.69824219,-0.99334717
21658,0.82092285,-0.48202515,-1.0281372
21659,0.93826294,-0.55328369,-1.0183716
21660,0.79101563,-0.3956604,-1.1315918
21661,0.98327637,-0.41824341,-1.0980225
21662,0.76904297,-0.39398193,-1.0464478
21663,0.85113525,-0.26397705,-1.1308289
21664,0.84564209,-0.28640747,-1.111908
21665,0.76385498,-0.18005371,-1.0359192
21666,0.71014404,-0.1461792,-1.0533142
21667,0.5960083,-0.035705566,-1.0429382
21668,0.65002441,0.0390625,-1.1177063
21669,0.51483154,-0.35827637,-1.3121033
21670,0.53115845,-0.35324097,-1.3668823
21671,0.33203125,0.000610352,-1.3563538
21672,0.46875,0.16906738,-1.2597656
21673,0.41259766,0.2079773,-1.1552429
21674,0.35354614,0.3817749,-1.2532043
21675,0.43273926,0.26931763,-1.3896179
21676,0.2645874,0.41229248,-1.1952209
21677,0.27999878,0.24963379,-1.2478638
21678,0.17211914,0.259552,-1.2747192
21679,0.20263672,0.38909912,-1.2419128
21680,0.030975342,0.24383545,-1.1853027
21681,-0.00213623,0.45761108,-1.2466431
21682,0.020751953,0.38848877,-1.2258911
21683,-0.059814453,0.37155151,-1.0194397
21684,0.018310547,0.62866211,-1.1256409
21685,-0.21377563,0.45043945,-1.0702515
21686,-0.25527954,0.67443848,-1.0418701
21687,-0.2230835,0.7824707,-1.076355
21688,-0.28778076,0.96054077,-1.0289001
21689,-0.35873413,0.95748901,-0.92971802
21690,-0.42602539,0.90713501,-0.89645386
21691,-0.35919189,0.80215454,-0.8946228
21692,-0.46661377,0.70632935,-0.93322754
21693,-0.45959473,0.9425354,-1.0203552
21694,-0.56777954,1.0029602,-0.96603394
21695,-0.53100586,1.0484314,-0.79147339
21696,-0.67092896,1.0244751,-0.85601807
21697,-0.7522583,1.1160278,-0.76217651
21698,-0.87020874,1.0894775,-0.80963135
21699,-0.99609375,1.006012,-0.69869995
21700,-0.96908569,1.0618591,-0.65658569
21701,-1.0687256,1.1413574,-0.54595947
21702,-1.2489319,1.264801,-0.49179077
21703,-1.2226868,1.0980225,-0.47195435
21704,-1.1613464,1.2763977,-0.41030884
21705,-1.2796021,1.2591553,-0.30059814
21706,-1.217041,1.1645508,-0.36224365
21707,-1.3703918,1.1532593,-0.31265259
21708,-1.4067078,0.96405029,-0.36407471
21709,-1.4237976,1.1781311,-0.28320313
21710,-1.4884949,0.9022522,-0.25817871
21711,-1.5216064,1.1421204,-0.19760132
21712,-1.421814,0.75286865,-0.40664673
21713,-1.4497375,0.77056885,-0.42541504
21714,-1.6043091,1.4802551,-0.11489868
21715,-1.5892029,1.0821533,0.095825195
21716,-1.5672302,1.0681152,0.066833496
21717,-1.6001892,1.2130737,0.1361084
21718,-1.681366,0.90774536,0.080108643
21719,-1.6802979,0.89233398,0.15426636
21720,-1.6673279,0.91613769,0.22506714
21721,-1.7436218,0.88134766,0.35552978
21722,-1.7253113,1.1035156,0.26611328
21723,-1.7932129,1.03302,0.40786743
21724,-1.8397522,1.1376953,0.46890259
21725,-1.8510437,0.86990356,0.30090332
21726,-1.8977356,0.99273682,0.21728516
21727,-1.8746948,0.89172363,0.53222656
21728,-1.8074036,0.8972168,0.43380737
21729,-1.8818665,1.1074829,0.43563843
21730,-1.9262695,0.71777344,0.53604126
21731,-2.0085144,0.75332642,0.65063477
21732,-2.1130371,0.60714722,0.80688477
21733,-1.9702148,0.63873291,0.76019287
21734,-2.0318604,0.85968018,0.81878662
21735,-2.0761108,0.51116943,0.78460693
21736,-2.1353149,0.83709717,0.85098267
21737,-2.1139526,0.40725708,0.86578369
21738,-2.0475769,0.19134522,1.0694885
21739,-2.1186829,0.089263916,1.3493347
21740,-2.0220947,0.21453857,1.1152649
21741,-2.1617126,0.33905029,1.1726379
21742,-1.9497681,-0.1171875,1.3430786
21743,-2.0126343,-0.095214844,1.315155
21744,-2.118988,-0.064697266,1.3839722
21745,-1.9348145,-0.36590576,1.3343811
21746,-2.0027161,-0.10055542,1.3531494
21747,-2.0083618,-0.093841553,1.3621521
21748,-2.0367432,-0.025939941,1.3580322
21749,-1.9776916,-0.4208374,1.3601685
21750,-2.0133972,-0.078582764,1.5480041
21751,-1.9606018,-0.12298584,1.6038513
21752,-1.8772888,-0.34973144,1.4831543
21753,-1.8191528,-0.46920776,1.5261841
21754,-2.0454407,-0.35308838,1.4753723
21755,-1.7131042,-0.80047607,1.5657043
21756,-1.9328308,-0.72769165,1.625061
21757,-1.958313,-0.71350098,1.7236328
21758,-1.7767334,-0.72540283,1.8341064
21759,-1.8293762,-0.69564819,1.8173218
21760,-1.6531372,-0.64468384,1.7327881
21761,-1.7181396,-0.92254639,1.733551
21762,-1.9285584,-0.9236145,1.769104
21763,-1.6151428,-1.076355,1.809082
21764,-1.6828918,-1.0710144,1.8534851
21765,-1.7651367,-0.99029541,1.7658997
21766,-1.4878845,-1.2068176,2.0306396
21767,-1.4855957,-1.0546875,1.8612671
21768,-1.4891052,-0.86746216,1.9291687
21769,-1.3600159,-1.2464905,1.7807007
21770,-1.2371826,-1.321106,1.9406128
21771,-1.3548279,-1.374054,2.0800781
21772,-1.2741089,-1.5097046,1.8867493
21773,-1.2878418,-1.3891602,1.9769287
21774,-1.18927,-1.3313293,1.9558716
21775,-1.1514282,-1.8264771,2.1246338
21776,-1.1364746,-1.5097046,1.9721985
21777,-1.1152649,-1.9789124,1.907959
21778,-1.0386658,-2.2174072,1.9734192
21779,-1.0954285,-1.7489624,1.7776489
21780,-0.89141846,-1.7132568,1.9599915
21781,-0.87478638,-1.7276001,1.9973755
21782,-0.8279419,-1.9055176,1.7437744
21783,-0.68634033,-1.855011,1.887207
21784,-0.66726685,-1.9488525,1.7445374
21785,-0.54992676,-2.064209,1.8200684
21786,-0.54016113,-2.0718384,1.7895508
21787,-0.35888672,-2.0892334,1.7651367
21788,-0.51223755,-2.0135498,1.7172241
21789,-0.29937744,-2.0675659,1.6252136
21790,-0.44677734,-2.06604,1.5751648
21791,-0.29098511,-2.1655273,1.3258362
21792,-0.25848389,-2.2000122,1.3809204
21793,-0.16464233,-2.2901917,1.4886475
21794,-0.13595581,-2.2994995,1.4898682
21795,-0.10391235,-2.3207092,1.4794922
21796,-0.007019043,-2.2839355,1.421051
21797,0.045623779,-2.2613525,1.4117432
21798,0.14251709,-2.2323608,1.403656
21799,0.19699097,-2.2523499,1.3772583
21800,0.21331787,-2.3104858,1.3500977
21801,0.24047852,-2.3503113,1.2496948
21802,0.28320313,-2.3944092,1.1006165
21803,0.31188965,-2.5317383,1.0572815
21804,0.38665772,-2.4732971,1.0273743
21805,0.41091919,-2.3890686,1.0717773
21806,0.51620483,-2.3348999,1.0229492
21807,0.51208496,-2.2895813,0.9664917
21808,0.54443359,-2.3536682,0.99121094
21809,0.55709839,-2.3495483,0.95031738
21810,0.66467285,-2.2280884,0.81695557
21811,0.76766968,-2.2575378,0.79574585
21812,0.73913574,-2.2001648,0.80673218
21813,0.71105957,-2.1385193,0.7888794
21814,0.8517456,-2.0401001,0.63140869
21815,0.82931519,-2.0811462,0.74371338
21816,0.81207275,-2.20047,0.62454224
21817,0.82000732,-2.1681213,0.5406189
21818,0.85998535,-2.0248413,0.32546997
21819,0.8543396,-2.1690369,0.41168213
21820,0.97015381,-1.9694519,0.23147583
21821,1.0438538,-2.0654297,0.28930664
21822,1.0658264,-1.9326782,0.24765015
21823,1.0282898,-2.2167969,0.12802124
21824,1.0527039,-1.9320679,0.043640137
21825,1.0882568,-1.9851685,0.23651123
21826,1.1053467,-1.9924927,-0.003051758
21827,1.1607361,-1.8447876,-0.037231445
21828,1.1512756,-1.8400574,-0.090637207
21829,1.2010193,-1.7718506,-0.063476563
21830,1.2904358,-1.7938232,-0.31112671
21831,1.1010742,-1.6270447,-0.46463013
21832,1.2373352,-1.8162537,-0.31661987
21833,1.2884521,-1.6304016,-0.39276123
21834,1.2741089,-1.5339661,-0.47683716
21835,1.2762451,-1.5090942,-0.27435303
21836,1.3136291,-1.5408325,-0.46020508
21837,1.2236023,-1.5464783,-0.51422119
21838,1.2255859,-1.4172363,-0.6137085
21839,1.126709,-1.1686707,-0.62240601
21840,1.0565186,-1.2939453,-0.53070068
21841,1.3102722,-1.1703491,-0.97671509
21842,1.2309265,-1.2467957,-0.87799072
21843,1.2954712,-1.3552856,-0.74798584
21844,1.2272644,-1.3708496,-0.78369141
21845,1.1772156,-1.4056396,-0.86914063
21846,1.0990906,-1.1914063,-0.79849243
21847,1.1585999,-1.0018921,-0.85922241
21848,1.2182617,-0.94573975,-0.94436646
21849,1.1898804,-0.9324646,-1.0073853
21850,1.1608887,-0.77270508,-0.97900391
21851,1.0621643,-0.81115723,-0.95092773
21852,1.0136414,-0.80093384,-0.98693848
21853,1.0534668,-0.71502685,-1.1872864
21854,1.0101318,-0.69366455,-1.3238525
21855,0.99502563,-0.58761597,-1.2973022
21856,0.95001221,-0.46539307,-1.2431335
21857,0.86914063,-0.41793823,-1.2089539
21858,0.86669922,-0.34606934,-1.2924194
21859,0.89630127,-0.33752441,-1.0717773
21860,0.80108643,-0.29022217,-1.1314392
21861,0.8605957,-0.2456665,-1.3284302
21862,0.8052063,-0.14648438,-1.1715698
21863,0.75775147,-0.29098511,-1.5209961
21864,0.64437866,-0.39154053,-1.5335083
21865,0.58914185,-0.35873413,-1.6313171
21866,0.59036255,-0.090026855,-1.4825439
21867,0.59906006,-0.000915527,-1.4479065
21868,0.44342041,0.12588501,-1.4633179
21869,0.54000854,0.27587891,-1.2992859
21870,0.42129517,0.18432617,-1.3917541
21871,0.38497925,0.48110962,-1.2179565
21872,0.26000977,0.85388184,-1.4801025
21873,0.32470703,0.29205322,-1.2332153
21874,0.25054932,0.39611816,-1.4221191
21875,0.10910034,0.51712036,-1.4903259
21876,0.12329102,0.83633423,-1.2469482
21877,0.070037842,0.78094482,-1.3069153
21878,-0.05645752,0.66207886,-1.2533569
21879,-0.021209717,0.65719604,-1.3357544
21880,-0.043792725,0.6842041,-1.2641907
21881,-0.30548096,0.84289551,-1.2432861
21882,-0.29159546,0.87860107,-1.2243652
21883,-0.24261475,0.99945068,-1.2484741
21884,-0.45394897,0.96374512,-1.2271118
21885,-0.42068481,0.99975586,-1.1831665
21886,-0.40145874,1.0786438,-1.1268616
21887,-0.29846191,0.92422485,-1.0261536
21888,-0.54504394,1.0665894,-0.92437744
21889,-0.62744141,1.0662842,-1.0395813
21890,-0.68145752,0.90026856,-0.93139648
21891,-0.68588257,1.0118103,-0.89050293
21892,-0.7699585,1.1062622,-0.91796875
21893,-0.66650391,1.1247253,-0.82351685
21894,-0.86486816,1.2319946,-1.0212708
21895,-0.86273193,1.2243652,-0.96618652
21896,-0.94345093,1.2973022,-0.81970215
21897,-1.000824,1.2437439,-0.70281982
21898,-1.0894775,1.0548401,-0.62973022
21899,-1.0716248,0.81192017,-0.70831299
21900,-1.1904907,1.2101746,-0.74371338
21901,-1.1888123,1.3522339,-0.44036865
21902,-1.3330078,1.0810852,-0.5305481
21903,-1.4346313,1.2471008,-0.24780273
21904,-1.4239502,1.2580872,-0.43823242
21905,-1.4503479,1.1688232,-0.27984619
21906,-1.5187073,1.0147095,-0.21484375
21907,-1.555481,1.0928345,-0.081329346
21908,-1.6996765,1.3172913,-0.005340576
21909,-2.1440125,0.82870483,-0.46691894
21910,-1.7095947,1.0795593,-0.1461792
21911,-1.8040466,1.1047363,-0.2722168
21912,-1.5992737,1.164093,-0.037841797
21913,-1.6976929,1.1875916,0.16174316
21914,-1.8531799,1.187439,0.11322022
21915,-1.8049622,1.2402344,0.040893555
21916,-1.855011,1.1627197,0.181427
21917,-1.8678284,1.2857056,0.21011353
21918,-1.9598389,1.2013245,0.20935059
21919,-1.9050598,1.0748291,0.26977539
21920,-1.9052124,1.0417175,0.32165527
21921,-2.03125,1.0630798,0.46966553
21922,-2.0553589,1.0621643,0.53512573
21923,-2.0602417,0.93963623,0.6413269
21924,-2.0988464,0.96923828,0.54092407
21925,-2.0220947,0.79849243,0.88928223
21926,-2.1432495,0.89111328,0.75683594
21927,-2.1290588,0.7723999,0.69763184
21928,-2.1510315,0.60913086,0.94482422
21929,-2.2061157,0.53466797,0.78079224
21930,-2.0783997,0.58151245,0.78445435
21931,-2.1801758,0.49133301,0.90362549
21932,-2.2135925,0.35354614,0.91552734
21933,-2.1653748,0.52307129,0.99700928
21934,-2.3214722,0.25680542,1.0266113
21935,-2.1676636,0.23742676,1.108551
21936,-2.1212769,0.34805298,1.2014771
21937,-2.1429443,0.30532837,1.2573242
21938,-2.2436523,0.37719727,1.3952637
21939,-2.1983337,0.02166748,1.4784241
21940,-2.2782898,-0.003204346,1.3204956
21941,-2.1055603,-0.004577637,1.4332581
21942,-2.1871948,0.22323608,1.5742493
21943,-2.1279907,-0.05279541,1.5383911
21944,-2.0759583,-0.20904541,1.7803955
21945,-2.1665955,-0.008544922,1.408844
21946,-1.9856262,-0.30426025,1.5737915
21947,-2.0501709,-0.25726318,1.3632202
21948,-1.9528198,-0.39749145,1.6734314
21949,-1.9685364,-0.44876099,1.6976929
21950,-1.9502258,-0.34881592,1.743927
21951,-2.0172119,-0.52963257,1.8617249
21952,-1.8884277,-0.62408447,1.706543
21953,-1.8597412,-0.68984985,1.7802429
21954,-1.7102051,-0.82885742,1.6474915
21955,-1.8591309,-1.0392761,1.8409729
21956,-1.8852234,-0.67138672,1.9003296
21957,-1.791687,-0.92102051,2.015686
21958,-1.8182373,-0.99609375,2.1395874
21959,-1.7030334,-1.3577271,2.0257568
21960,-1.6282654,-1.2420654,2.0462036
21961,-1.8008423,-1.3200378,1.8492126
21962,-1.7398071,-1.4413452,2.0535278
21963,-1.6320801,-1.4990234,1.9972229
21964,-1.6625977,-1.2214661,1.9487
21965,-1.368103,-1.1882019,2.0477295
21966,-1.4663696,-1.3171387,2.0509338
21967,-1.4393616,-1.4375305,2.1040344
21968,-1.2846375,-1.6906738,2.2558594
21969,-1.361084,-1.6300964,2.2000122
21970,-1.3314819,-2.0361328,1.980896
21971,-1.2597656,-1.6363525,2.0095825
21972,-1.1550903,-1.9032288,2.0365906
21973,-1.1911011,-1.8711853,1.9226074
21974,-1.2147522,-1.5478516,2.0930481
21975,-1.0821533,-1.7767334,2.0613098
21976,-0.85678101,-1.7250061,2.0458984
21977,-0.95489502,-1.9830322,1.9204712
21978,-0.97137451,-1.9462585,1.7384338
21979,-0.77865601,-1.8540955,2.0246887
21980,-0.6993103,-2.0207214,2.0330811
21981,-0.71548462,-1.9036865,2.0281982
21982,-0.70404053,-2.0498657,1.8695068
21983,-0.52917481,-2.0915222,1.7144775
21984,-0.44677734,-2.2229004,1.8515015
21985,-0.37734985,-2.2595215,1.9628906
21986,-0.37399292,-2.2869873,1.8952942
21987,-0.33630371,-2.2798157,1.8704224
21988,-0.22766113,-2.3608398,1.8054199
21989,-0.24780273,-2.3327637,1.6764832
21990,-0.25665283,-2.3205566,1.7181396
21991,-0.1890564,-2.4395752,1.6897583
21992,-0.010986328,-2.4023438,1.6122437
21993,-0.1663208,-2.5166321,1.5345764
21994,0.000610352,-2.5027466,1.4260864
21995,0.095977783,-2.4385071,1.3850403
21996,0.18936157,-2.2758484,1.33255
21997,0.24673462,-2.2366333,1.2342834
21998,0.23651123,-2.3318481,1.2451172
21999,0.29312134,-2.4404907,1.2522888
22000,0.47912598,-2.3974609,1.219635
22001,0.32318115,-2.3664856,1.2239075
22002,0.32409668,-2.592926,1.1891174
22003,0.43121338,-2.4821472,1.1721802
22004,0.53039551,-2.552948,1.030426
22005,0.62744141,-2.4594116,0.93017578
22006,0.71228027,-2.3933411,0.78872681
22007,0.78918457,-2.4308777,0.72967529
22008,0.85220337,-2.3362732,0.81314087
22009,0.81710815,-2.4810791,0.7409668
22010,0.88073731,-2.37854,0.60806274
22011,0.84503174,-2.5056458,0.68649292
22012,0.91201782,-2.4031067,0.64025879
22013,0.95153809,-2.3519897,0.55511475
22014,0.7850647,-2.288208,0.4598999
22015,0.87188721,-2.2909546,0.20645142
22016,0.98129272,-2.1333313,0.28717041
22017,1.0473633,-2.225647,0.32958984
22018,1.0795593,-2.1113586,0.14968872
22019,1.1100769,-2.0774841,0.11474609
22020,1.2426758,-1.9978333,0.072937012
22021,1.2388611,-1.8429565,0.022277832
22022,1.1526489,-1.8470764,0.092926025
22023,1.2458801,-1.8360901,-0.076293945
22024,1.1576843,-1.9534302,-0.18676758
22025,1.2231445,-2.059021,-0.206604
22026,1.1749268,-2.0672607,-0.23910523
22027,1.1380005,-1.849823,-0.38146973
22028,1.0302734,-1.751709,-0.40267944
22029,1.0639954,-1.7861938,-0.43731689
22030,1.2057495,-1.6453552,-0.31921387
22031,1.4151001,-1.7199707,-0.29159546
22032,1.4405823,-1.6732788,-0.52947998
22033,1.2382507,-1.5029907,-0.48706055
22034,1.2709045,-1.6564941,-0.60211182
22035,1.3201904,-1.6267395,-0.60028076
22036,1.3009644,-1.439209,-0.76797485
22037,1.4050293,-1.398468,-0.69824219
22038,1.2814331,-1.5699768,-0.56747437
22039,1.3499451,-1.4523315,-0.75881958
22040,1.333313,-1.2208557,-0.90560913
22041,1.2593079,-0.90393066,-0.96054077
22042,1.1457825,-1.0092163,-1.1619568
22043,1.224823,-0.9967041,-1.0665894
22044,1.0896301,-1.027832,-1.0636902
22045,1.2466431,-0.54748535,-1.0588074
22046,1.219635,-0.82092285,-1.1578369
22047,1.210022,-0.71502685,-1.2310791
22048,1.174469,-0.75378418,-1.1332703
22049,1.1227417,-0.69137573,-1.0362244
22050,1.0899353,-0.5355835,-1.1105347
22051,1.1340332,-0.45318603,-1.1853027
22052,1.0725403,-0.49133301,-1.3902283
22053,1.0568237,-0.36849976,-1.3726807
22054,1.0136414,-0.22644043,-1.3635254
22055,0.92071533,-0.22384644,-1.3621521
22056,0.88317871,-0.1248169,-1.4814758
22057,0.96603394,-0.15731812,-1.4421082
22058,0.909729,-0.15655518,-1.5328979
22059,0.88134766,-0.080871582,-1.3822937
22060,1.0858154,-0.37628174,-1.5493774
22061,0.91094971,-0.060119629,-1.5969849
22062,0.7081604,0.084991455,-1.5040588
22063,0.58746338,0.25588989,-1.4387512
22064,0.65185547,0.362854,-1.5023804
22065,0.58425903,0.39886475,-1.5463257
22066,0.52322388,0.50354004,-1.4839172
22067,0.26000977,0.43991089,-1.4526367
22068,0.41259766,0.44448853,-1.5725708
22069,0.15197754,0.50720215,-1.4268494
22070,0.31814575,0.36209106,-1.4178467
22071,0.42541504,0.52871704,-1.315918
22072,0.24749756,0.79498291,-1.3912964
22073,0.22567749,0.77514648,-1.4233398
22074,0.21697998,0.82962036,-1.35849
22075,0.11016846,0.61218262,-1.4308166
22076,0.043640137,0.6111145,-1.3839722
22077,-0.094451904,0.73989868,-1.1582947
22078,-0.096130371,0.82107544,-1.4129639
22079,-0.19363403,0.85327148,-1.2760925
22080,-0.18981934,0.88806152,-1.3568115
22081,-0.25558472,0.96572876,-1.2265015
22082,-0.23406982,0.94467163,-1.309967
22083,-0.32150269,1.0516357,-1.2792969
22084,-0.36865234,1.3090515,-1.2384033
22085,-0.66833496,1.2971497,-1.0324097
22086,-0.72418213,1.4065552,-0.9564209
22087,-0.60852051,1.1738586,-1.043396
22088,-0.67581177,1.3131714,-0.84182739
22089,-0.72555542,1.3890076,-0.96282959
22090,-0.87707519,1.2164307,-0.81680298
22091,-0.95108032,1.2991333,-0.84945679
22092,-1.0958862,1.4653015,-0.75302124
22093,-1.0865784,1.4208984,-0.79742432
22094,-1.1079407,1.4276123,-0.82977295
22095,-1.0758972,1.3583374,-0.84472656
22096,-1.1763,1.2194824,-0.82458496
22097,-1.1799622,1.3475037,-0.57723999
22098,-1.2545776,1.3848877,-0.58532715
22099,-1.1741638,1.40625,-0.60836792
22100,-1.2348938,1.3330078,-0.57632446
22101,-1.3832092,1.3845825,-0.53787231
22102,-1.4645386,1.3664246,-0.34179688
22103,-1.5817261,1.4486694,-0.29754639
22104,-1.4949036,1.3168335,-0.40679932
22105,-1.815033,1.3624573,-0.19958496
22106,-1.6348267,1.3287354,-0.24108887
22107,-1.5112305,1.2687683,-0.10604858
22108,-1.5840149,1.1610413,-0.20675659
22109,-1.6244507,1.1941528,0.00289917
22110,-1.6908264,1.2818909,0.057678223
22111,-1.7979431,2.3873901,0.022125244
22112,-1.7448425,1.3554382,0.11108398
22113,-1.9445801,1.4224243,0.10726929
22114,-1.8742371,1.1724854,0.14755249
22115,-1.8615723,1.2207031,0.42007446
22116,-1.9786072,1.1885071,0.25985718
22117,-2.0542908,1.0842896,0.37963867
22118,-2.1574402,1.0801697,0.53405762
22119,-2.2294617,1.0171509,0.58029175
22120,-2.2097778,1.0612488,0.55297852
22121,-2.1405029,0.9866333,0.44128418
22122,-2.1540833,1.048584,0.62713623
22123,-2.104187,0.78796387,1.2257385
22124,-2.2247314,0.85113525,0.8303833
22125,-2.2660828,0.90087891,0.90057373
22126,-2.3205566,0.67672729,0.9425354
22127,-2.1835327,0.72036743,0.94726563
22128,-2.2250366,0.67443848,1.0192871
22129,-2.1179199,0.62576294,1.0671997
22130,-2.0809937,0.68725586,1.0218811
22131,-2.1594238,0.68161011,1.0801697
22132,-2.1525574,0.58731079,1.1585999
22133,-2.3487854,0.39596558,1.3131714
22134,-2.1760559,0.30334473,1.3017273
22135,-2.2763062,0.10665894,1.1982727
22136,-2.2293091,-0.034790039,1.4030457
22137,-2.3052979,0.056915283,1.4099121
22138,-2.0980835,0.071105957,1.5222168
22139,-2.1032715,-0.046691895,1.4323425
22140,-2.2138977,-0.043334961,1.516571
22141,-2.1377563,-0.024414063,1.5792847
22142,-2.0774841,0.070800781,1.6334534
22143,-2.1936035,-0.11688232,1.4485168
22144,-2.0358276,-0.17089844,1.6592407
22145,-2.1713257,-0.31692505,1.6673279
22146,-1.9950867,-0.31433106,1.7749023
22147,-2.0996094,-0.46035767,1.8029785
22148,-2.1354675,-0.30563355,1.6725159
22149,-2.2225952,-0.48461914,1.8510437
22150,-1.9743347,-0.36895752,1.6790771
22151,-1.7907715,-0.72402954,1.6769409
22152,-1.8942261,-0.66635132,1.7712402
22153,-1.9247437,-0.76934815,1.9264221
22154,-1.8930054,-0.77377319,1.9152832
22155,-1.7504883,-0.69900513,1.9999695
22156,-1.9299316,-0.94863892,2.0051575
22157,-1.7070007,-1.0472107,1.7770386
22158,-1.6624451,-1.0688782,2.0051575
22159,-1.6320801,-1.0621643,2.0906067
22160,-1.7094421,-1.3446045,1.9851685
22161,-1.7562866,-1.2306213,2.0829773
22162,-1.4181519,-1.3000488,1.8589783
22163,-1.534729,-1.2414551,1.8566895
22164,-1.448822,-1.1380005,1.9934082
22165,-1.3473511,-1.4685059,2.0147705
22166,-1.4086914,-1.3502502,1.9818115
22167,-1.2358093,-1.5177917,2.0840454
22168,-1.2353516,-1.6178894,2.0307922
22169,-1.2130737,-2.0327759,2.0251465
22170,-1.1743164,-1.8505859,1.9723511
22171,-1.138916,-1.8383789,2.0440674
22172,-1.078186,-1.7895508,2.0347595
22173,-1.0565186,-1.9525146,2.1549988
22174,-0.79437256,-1.8878174,1.9946289
22175,-0.80093384,-1.8293762,1.9714355
22176,-0.82687378,-2.171936,1.9548035
22177,-0.72921753,-2.0535278,1.9473267
22178,-0.70907593,-2.1330261,1.7947388
22179,-0.59616089,-1.9419861,1.8687439
22180,-0.52459717,-1.9642639,1.7718506
22181,-0.59539795,-1.9613647,1.8005371
22182,-0.53543091,-2.0658875,1.8551636
22183,-0.38299561,-2.2888184,1.8893433
22184,-0.41900635,-2.2596741,1.603241
22185,-0.15609741,-2.1768188,1.6462708
22186,-0.24230957,-2.2712708,1.6914368
22187,-0.1953125,-2.2711182,1.6017151
22188,-0.13290405,-2.2769165,1.2957764
22189,-0.059967041,-2.2738647,1.6281128
22190,-0.02746582,-2.3968506,1.5852356
22191,-0.04699707,-2.3916626,1.5151978
22192,0.019226074,-2.512207,1.3616943
22193,0.11047363,-2.358551,1.3026428
22194,0.19699097,-2.386322,1.2573242
22195,0.20721435,-2.2546387,1.2835693
22196,0.27648926,-2.2906494,1.2809753
22197,0.36712647,-2.396698,1.1233521
22198,0.35736084,-2.4414063,0.97854614
22199,0.58822632,-2.3968506,0.96618652
22200,0.50598144,-2.4499512,1.0124207
22201,0.60852051,-2.3591614,1.0313416
22202,0.66940308,-2.3583984,0.94024658
22203,0.65887451,-2.4371338,0.91217041
22204,0.72677612,-2.45224,0.86456299
22205,0.5897522,-2.532959,0.71350098
22206,0.70068359,-2.2918701,0.80795288
22207,0.84533691,-2.3776245,0.76782227
22208,0.95581055,-2.237854,0.51834106
22209,0.86959839,-2.2566223,0.61813354
22210,0.82641602,-2.2103882,0.4725647
22211,0.91094971,-2.2259521,0.49743652
22212,0.96237183,-2.2093201,0.50292969
22213,0.9022522,-2.2930908,0.42663574
22214,0.9135437,-2.2651672,0.36315918
22215,1.1225891,-2.2737122,0.27252197
22216,1.1727905,-2.2174072,0.19500732
22217,1.1990356,-2.0777893,0.26245117
22218,1.1601257,-2.0585632,0.23086548
22219,1.2922668,-1.9644165,0.02822876
22220,1.2611389,-2.0942688,0.005645752
22221,1.2406921,-1.950531,-0.074462891
22222,1.1508179,-1.8531799,-0.11184692
22223,1.1865234,-1.6725159,-0.14755249
22224,1.1369324,-1.8128967,-0.063934326
22225,1.3026428,-1.8849182,-0.21011353
22226,1.3317871,-1.8235779,-0.30090332
22227,1.1784363,-1.6366577,-0.29968262
22228,1.2051392,-1.6453552,-0.22323608
22229,1.2759399,-1.7752075,-0.45196533
22230,1.3259888,-1.6349792,-0.48233032
22231,1.3531494,-1.464386,-0.69274902
22232,1.3601685,-1.3731384,-0.55496216
22233,1.3638306,-1.4099121,-0.59631348
22234,1.3111877,-1.321106,-0.57037353
22235,1.3040161,-1.1683655,-0.68313599
22236,1.3066101,-1.1836243,-0.72845459
22237,1.2695313,-1.0025024,-0.78460693
22238,1.2538147,-1.1001587,-0.8392334
22239,1.282196,-1.0749817,-0.7649231
22240,1.290741,-0.72952271,-1.0739136
22241,1.2600708,-0.79040527,-0.83877563
22242,1.1138916,-0.89538574,-1.0202026
22243,1.2158203,0.69259644,-1.0064697
22244,1.2817383,-0.67108154,-1.0244751
22245,1.0961914,-0.65155029,-0.98602295
22246,0.99319458,-0.67687988,-1.0647583
22247,1.0848999,-0.56533813,-1.1653137
22248,1.2205505,-0.49102783,-1.0070801
22249,1.0214233,-0.57525635,-0.93185425
22250,1.0243225,-0.60546875,-1.2760925
22251,0.92834473,-0.27786255,-1.1433411
22252,0.87387085,-0.27633667,-1.023407
22253,0.90820313,-0.33050537,-1.2527466
22254,0.87692261,-0.16906738,-1.4207459
22255,0.82336426,-0.19363403,-1.2190247
22256,0.92773438,-0.1499939,-1.4152527
22257,0.55725098,-0.03692627,-1.426239
22258,0.085601807,-0.028076172,-1.6300964
22259,0.29907227,-0.24810791,-1.5516663
22260,0.66574097,0.18875122,-1.3780212
22261,0.56289673,0.11947632,-1.446991
22262,0.47927856,0.025177002,-1.2921143
22263,0.49499512,0.24047852,-1.4379883
22264,0.52734375,0.24032593,-1.4936829
22265,0.22399902,0.18966675,-1.4082336
22266,0.31890869,0.43258667,-1.4079285
22267,0.25787353,0.55801392,-1.3415527
22268,0.3515625,0.52185059,-1.2719727
22269,0.20126343,0.5015564,-1.4297485
22270,0.14816284,0.76507568,-1.3604736
22271,0.10543823,0.77255249,-1.4678955
22272,0.085601807,0.64468384,-1.309967
22273,0.035552979,0.71334839,-1.3061523
22274,-0.059814453,0.69000244,-1.3134766
22275,-0.15304565,0.75592041,-1.3130188
22276,-0.25787353,0.75881958,-1.1230469
22277,-0.36651611,0.81726074,-0.99731445
22278,-0.2923584,0.76049805,-1.1138916
22279,-0.28961182,0.9262085,-0.96038818
22280,-0.44418335,0.9060669,-1.212616
22281,-0.48416138,1.1833191,-1.0908508
22282,-0.61965942,1.2562561,-1.0197449
22283,-0.50094604,1.2579346,-0.92590332
22284,-0.60256958,1.2028503,-0.9487915
22285,-0.52505493,1.3253784,-1.0728455
22286,-0.75119019,1.2156677,-1.0839844
22287,-0.86425781,1.2254334,-1.0444641
22288,-0.72555542,1.3708496,-0.82305908
22289,-0.83328247,1.2417603,-0.84762573
22290,-0.87844849,1.3516235,-0.71228027
22291,-0.92880249,1.3508606,-0.76446533
22292,-1.0700989,1.3221741,-0.75546265
22293,-1.1021423,1.1129761,-0.64865112
22294,-1.1795044,1.1645508,-0.61340332
22295,-1.1914063,1.2731934,-0.58242798
22296,-1.1909485,1.4143372,-0.4826355
22297,-1.3983154,1.3824463,-0.572052
22298,-1.1785889,1.4430237,-0.59692383
22299,-1.3169861,1.3606262,-0.45425415
22300,-1.5385437,1.5092468,-0.3225708
22301,-1.6319275,1.4396667,-0.33447266
22302,-1.5809631,1.5838623,-0.20812988
22303,-1.6642761,1.374054,-0.1399231
22304,-1.7080688,1.5611267,-0.047149658
22305,-1.6375732,1.4001465,-0.067749023
22306,-1.835022,1.3510132,-0.18508911
22307,-1.7634583,1.2498474,0.05065918
22308,-1.852417,1.2858582,-0.07522583
22309,-1.6737366,1.5258789,0.14190674
22310,-1.8554688,1.2738037,0.055084229
22311,-1.8486023,1.136322,0.15716553
22312,-1.9726563,1.0333252,0.22750855
22313,-2.0274353,1.1907959,0.36010742
22314,-1.8312073,1.0920715,0.1953125
22315,-1.9584656,1.0383606,0.39749145
22316,-1.9595337,1.1590576,0.41549683
22317,-2.1125793,1.030426,0.34545898
22318,-2.0513916,1.0359192,0.58776856
22319,-1.9694519,1.0772705,0.65261841
22320,-2.0602417,1.0084534,0.53115845
22321,-2.1139526,0.88287353,0.63674927
22322,-2.1240234,0.859375,0.80749512
22323,-2.0524597,0.8279419,0.70480347
22324,-2.1844482,0.75057983,0.84442139
22325,-2.2166443,0.68557739,0.79391479
22326,-2.2373962,0.67260742,0.86334228
22327,-2.1801758,0.67871094,0.98678589
22328,-2.0384216,0.64712524,1.02005
22329,-2.2027588,0.440979,1.0426331
22330,-2.2653198,0.46951294,1.0995483
22331,-2.2470093,0.42480469,1.116333
22332,-2.1896362,0.27786255,1.2020874
22333,-2.2001648,0.27832031,1.2420654
22334,-2.1281433,0.27893066,1.1346436
22335,-2.1743774,0.25726318,1.3201904
22336,-2.2117615,0.24871826,1.4801025
22337,-2.1728516,-0.11138916,1.4251709
22338,-2.1714783,-0.036315918,1.5304565
22339,-2.1195984,-0.12634277,1.5486145
22340,-2.1090698,-0.065612793,1.5359497
22341,-2.053833,-0.28274536,1.6075134
22342,-2.0507813,-0.25360107,1.6876221
22343,-2.0050049,-0.52398682,1.7233276
22344,-2.0492554,-0.19760132,1.7236328
22345,-1.947937,-0.39505005,1.6783142
22346,-1.9561768,-0.63934326,1.750946
22347,-1.8615723,-0.42984009,1.7152405
22348,-2.0057678,-0.86624146,1.6304016
22349,-2.0207214,-0.84884644,1.5678406
22350,-1.855011,-0.96725464,1.7626953
22351,-1.9119263,-1.0038757,1.6891479
22352,-1.8548584,-0.9262085,1.6644287
22353,-1.7398071,-0.85525513,1.8226624
22354,-1.7980957,-1.1239624,1.5913391
22355,-1.5606689,-0.98022461,1.8586731
22356,-1.5135193,-1.0229492,1.978302
22357,-1.6596985,-1.2153625,1.9062805
22358,-1.661377,-1.3421631,1.867981
22359,-1.4155579,-1.2385559,1.9993591
22360,-1.534729,-1.3873291,1.8765259
22361,-1.3243103,-1.3217163,1.8777466
22362,-1.2701416,-1.383667,1.8243408
22363,-1.4221191,-1.2367249,1.9500732
22364,-1.2167358,-1.3372803,1.8025208
22365,-1.3430786,-1.2303162,1.9480896
22366,-1.1422729,-1.3951111,2.0231628
22367,-1.1451721,-1.5869141,1.988678
22368,-1.2539673,-1.6972351,1.9244385
22369,-1.2780762,-1.6423035,1.9628906
22370,-1.1114502,-2.0669556,1.9842529
22371,-1.1613464,-1.8392944,1.8544006
22372,-1.1065674,-1.6490173,1.967926
22373,-0.90286255,-1.7266846,1.9506836
22374,-0.96374512,-2.1630859,1.9003296
22375,-0.77697754,-1.9145203,1.9891357
22376,-0.8883667,-2.0426941,1.9754028
22377,-0.62301636,-1.9970703,1.9352722
22378,-0.55328369,-1.9770813,1.9908142
22379,-0.50796509,-2.0773315,1.9058228
22380,-0.45211792,-2.182312,1.8666077
22381,-0.44128418,-2.2114563,1.8676758
22382,-0.46295166,-2.2953796,1.6381836
22383,-0.30197144,-2.2602844,1.6674805
22384,-0.17425537,-2.1688843,1.6784668
22385,-0.20462036,-2.1755981,1.5638733
22386,-0.1260376,-2.1292114,1.3903809
22387,-0.12176514,-2.0677185,1.4855957
22388,-0.068359375,-2.2833252,1.5440369
22389,-0.049133301,-2.3635864,1.5379334
22390,-0.015869141,-2.4038696,1.4526367
22391,0.020141602,-2.2897339,1.4637756
22392,0.071105957,-2.3651123,1.3513184
22393,0.085449219,-2.3454285,1.3067627
22394,0.13687134,-2.2802734,1.2060547
22395,0.29342651,-2.2854614,1.2371826
22396,0.3465271,-2.2857666,1.158905
22397,0.40802002,-2.286377,1.018219
22398,0.46569824,-2.3318481,0.9324646
22399,0.43136597,-2.2875977,0.92941284
22400,0.45288086,-2.3309326,0.82458496
22401,0.41687012,-2.3828125,1.0054016
22402,0.49453735,-2.4038696,0.95962524
22403,0.63644409,-2.2737122,0.85662842
22404,0.66802978,-2.2940063,0.84411621
22405,0.73486328,-2.2492981,0.79406738
22406,0.85662842,-2.3381042,0.57632446
22407,0.75927734,-2.303772,0.6362915
22408,0.90148926,-2.2894287,0.59951782
22409,0.89385986,-2.2377014,0.52932739
22410,0.94528198,-2.0996094,0.53695679
22411,0.93505859,-2.1574402,0.37414551
22412,1.0256958,-2.1492004,0.28106689
22413,1.0409546,-2.0761108,0.26412964
22414,0.94772339,-2.1337891,0.19500732
22415,1.0610962,-2.1075439,0.2545166
22416,0.99868774,-1.9551086,0.23239136
22417,0.97412109,-2.0535278,0.085449219
22418,1.0292053,-1.9235229,-0.11764526
22419,1.2135315,-1.849823,-0.089569092
22420,1.1775208,-1.8785095,-0.18295288
22421,1.0412598,-1.8244934,-0.084533691
22422,1.1018372,-1.7495728,-0.31585693
22423,1.2738037,-1.6345215,-0.21255493
22424,1.0830688,-1.6136169,-0.13076782
22425,1.0780334,-1.6320801,-0.38146973
22426,1.2019348,-1.6052246,-0.33859253
22427,1.2936401,-1.5834045,-0.23666382
22428,1.2239075,-1.5457153,-0.27252197
22429,1.2535095,-1.4978027,-0.32211304
22430,1.2802124,-1.3540649,-0.4309082
22431,1.2359619,-1.3008118,-0.59020996
22432,1.2165833,-1.3098145,-0.58151245
22433,1.2536621,-1.3540649,-0.6161499
22434,1.1877441,-1.1753845,-0.69488525
22435,1.0876465,-1.1979675,-0.60546875
22436,1.2573242,-1.2640381,-0.69458008
22437,1.1486816,-1.0533142,-0.8833313
22438,1.003418,-1.1100769,-0.76049805
22439,1.1508179,-1.1273193,-0.78308106
22440,1.0202026,-1.3214111,-1.0064697
22441,1.1955261,-0.83282471,-0.96008301
22442,1.0203552,-0.83221435,-1.0054016
22443,1.1715698,-0.62850952,-1.0302734
22444,0.98602295,-0.64865112,-1.2179565
22445,0.97106934,-0.53878784,-1.2239075
22446,0.84762573,-0.6741333,-1.126709
22447,0.94390869,-0.56015015,-1.1729431
22448,0.90118408,-0.42205811,-1.1096191
22449,0.92071533,-0.31524658,-1.2191772
22450,0.93856812,-0.19302368,-1.1685181
22451,0.90637207,-0.15991211,-1.1907959
22452,0.85250854,-0.13290405,-1.5139771
22453,0.91018677,-0.13473511,-1.1831665
22454,0.87142944,-0.09765625,-1.1753845
22455,0.75820923,0.02746582,-1.2361145
22456,0.53405762,-0.30212402,-1.421814
22457,0.54473877,-0.42816162,-1.4456177
22458,0.40039063,-0.40313721,-1.7102051
22459,0.36193848,-0.2355957,-1.4126587
22460,0.42663574,0.13015747,-1.2991333
22461,0.5166626,0.26428223,-1.2446594
22462,0.4208374,0.31951904,-1.275177
22463,0.41900635,0.33096314,-1.4221191
22464,0.30853272,0.32958984,-1.2176514
22465,0.39016724,0.23681641,-1.2956238
22466,0.27557373,0.37780762,-1.3072205
22467,0.096435547,0.4814148,-1.2026978
22468,0.082092285,0.60150147,-1.2957764
22469,0.042724609,0.75927734,-1.3748169
22470,0.027770996,0.71640015,-1.2678528
22471,-0.067901611,0.73883057,-1.3006592
22472,-0.091552734,0.68786621,-1.2245178
22473,-0.26443481,0.74279785,-1.2065125
22474,-0.27770996,0.87097168,-1.1624146
22475,-0.23544312,0.69107056,-1.0966492
22476,-0.38452148,0.71304321,-1.131134
22477,-0.51879883,0.93643188,-1.1621094
22478,-0.4574585,1.0112,-1.005249
22479,-0.33035278,1.0018921,-1.0432434
22480,-0.42327881,0.99578857,-0.99517822
22481,-0.4347229,0.91140747,-0.87356567
22482,-0.64407349,0.87753296,-0.79177856
22483,-0.70373535,0.92712402,-0.89950562
22484,-0.67901611,1.240387,-0.93215942
22485,-0.67459106,1.2150574,-1.0383606
22486,-0.69519043,1.3208008,-0.8543396
22487,-0.79421997,1.3090515,-0.73379517
22488,-1.0527039,1.3697815,-0.82244873
22489,-1.0995483,1.2724304,-0.71395874
22490,-1.0264587,1.2733459,-1.0159302
22491,-0.99792481,1.1013794,-0.62805176
22492,-1.1592102,1.1817932,-0.55267334
22493,-1.0852051,1.2219238,-0.58822632
22494,-1.1541748,1.3581848,-0.45288086
22495,-1.191864,1.1639404,-0.44021606
22496,-1.2471008,1.210022,-0.27008057
22497,-1.3298035,1.2055969,-0.29464722
22498,-1.365509,1.1886597,-0.23773193
22499,-1.3867188,1.1550903,-0.14663696
22500,-1.4526367,1.0160828,-0.33355713
22501,-1.4753723,0.94299316,-0.09765625
22502,-1.5501404,0.99945068,-0.096893311
22503,-1.539917,0.83251953,0.087280273
22504,-1.6018677,1.2028503,-0.073547363
22505,-1.5653992,1.159668,0.052947998
22506,-1.5852356,0.92025757,0.14877319
22507,-1.6522217,0.99594116,0.13946533
22508,-1.7411804,1.0949707,0.19042969
22509,-1.7498779,1.0826111,0.30899048
22510,-1.8762207,1.0801697,0.36132813
22511,-1.8327332,1.0739136,0.30883789
22512,-1.8107605,1.030426,0.2973938
22513,-1.8063354,1.0331726,0.36560059
22514,-1.7980957,1.0058594,0.36849976
22515,-1.9062805,0.90103149,0.43914795
22516,-1.9346619,0.74386597,0.48156738
22517,-1.8281555,0.78140259,0.53466797
22518,-1.9657898,0.82611084,0.60455322
22519,-1.7817688,0.77926636,0.62744141
22520,-1.9314575,0.52444458,0.6413269
22521,-1.9070435,0.67718506,0.82077026
22522,-1.8380737,0.61096191,0.86883545
22523,-1.7927551,0.56488037,0.94390869
22524,-2.0556641,0.56747437,0.97961426
22525,-1.9874573,0.38833618,0.80947876
22526,-2.0108032,0.29052734,0.81924438
22527,-1.9950867,0.11001587,0.98876953
22528,-2.0635986,0.1965332,1.1094666
22529,-1.8884277,0.23483276,1.1138916
22530,-1.8589783,0.20675659,1.2205505
22531,-1.9049072,0.1071167,1.1323547
22532,-1.9633484,-0.027770996,1.1283875
22533,-1.8423462,0.081176758,1.2367249
22534,-1.9529724,0.060424805,1.1752319
22535,-1.759491,-0.10009766,1.4782715
22536,-1.902771,-0.26596069,1.3208008
22537,-1.8643188,-0.14434815,1.4147949
22538,-1.7330933,-0.20965576,1.3739014
22539,-1.9122314,-0.43365478,1.361084
22540,-1.8685913,-0.48583984,1.5658569
22541,-1.920929,-0.55145264,1.6191101
22542,-1.8511963,-0.65734863,1.7044067
22543,-1.8891907,-0.59555054,1.6322327
22544,-1.8887329,-0.69107056,1.686554
22545,-1.9664001,-0.68450928,1.9303894
22546,-1.8490601,-0.69046021,1.7680359
22547,-1.6767883,-0.94650269,1.6268921
22548,-1.7393494,-1.2069702,1.5934753
22549,-1.7837524,-1.1039734,1.4282227
22550,-1.7417908,-0.87127685,1.693573
22551,-1.7912292,-0.80368042,1.7485046
22552,-1.7552185,-0.79925537,1.678009
22553,-1.4903259,-1.134491,1.8984985
22554,-1.5161133,-1.2399292,1.8461609
22555,-1.4877319,-1.1959839,1.8286133
22556,-1.4413452,-1.3092041,1.8762207
22557,-1.4830017,-1.3653564,1.7988586
22558,-1.3856506,-1.47995,1.8106079
22559,-1.3012695,-1.5213013,1.7431641
22560,-1.2368774,-1.2786865,1.7881775
22561,-1.1080933,-1.3243103,1.9474792
22562,-1.1300659,-1.2271118,1.9039917
22563,-1.0679626,-1.2524414,1.7900085
22564,-1.0998535,-1.2007141,1.7303467
22565,-0.91018677,-1.4274597,1.7663574
22566,-0.84823608,-1.4611816,1.743927
22567,-0.82183838,-1.6055298,1.8048096
22568,-0.97259522,-1.7379761,1.6494751
22569,-1.0032654,-1.9714355,1.7683411
22570,-0.64819336,-1.8113709,1.6357422
22571,-0.67230225,-1.9812012,1.64505
22572,-0.71350098,-2.1502686,1.5863037
22573,-0.53253174,-2.0541382,1.7941284
22574,-0.4776001,-1.9114685,1.655426
22575,-0.44876099,-1.8887329,1.7146301
22576,-0.54855347,-1.9566345,1.652832
22577,-0.52947998,-1.9166565,1.6891479
22578,-0.57922363,-2.0397949,1.7156982
22579,-0.28747559,-2.1084595,1.5652466
22580,-0.21392822,-2.024231,1.4683533
22581,-0.18066406,-2.2198486,1.4579773
22582,-0.15274048,-2.0007324,1.3565063
22583,-0.059509277,-2.1110535,1.4450073
22584,-0.16525269,-2.0695496,1.1212158
22585,-0.06942749,-2.1084595,1.3088989
22586,-0.02532959,-2.1569824,1.2921143
22587,0.15045166,-2.215271,1.2573242
22588,0.19622803,-2.2517395,1.2728882
22589,0.13061523,-2.17453,1.0157776
22590,0.19775391,-2.1777344,0.98876953
22591,0.29129028,-2.1925354,1.2069702
22592,0.30303955,-2.0028687,1.1183166
22593,0.38192749,-2.0016479,1.0502625
22594,0.42282105,-1.9940186,0.99304199
22595,0.42327881,-2.1208191,1.0189819
22596,0.47012329,-2.1626282,1.0049438
22597,0.44219971,-2.0800781,0.9060669
22598,0.46112061,-2.0576477,0.75531006
22599,0.60501099,-2.0535278,0.74279785
22600,0.74234009,-1.9541931,0.62011719
22601,0.67245483,-2.0195007,0.68664551
22602,0.65917969,-2.0823669,0.47119141
22603,0.84091187,-2.183075,0.42007446
22604,0.89416504,-2.1247864,0.50430298
22605,0.78765869,-2.1528625,0.60852051
22606,0.85418701,-2.2193909,0.31982422
22607,0.76751709,-1.9863892,0.2734375
22608,0.80276489,-1.9682312,0.31494141
22609,0.86074829,-1.9744873,0.15930176
22610,0.77911377,-1.9682312,0.19424438
22611,0.90194702,-2.0230103,0.21987915
22612,0.90057373,-1.9628906,0.083618164
22613,0.91873169,-1.8515015,0.11810303
22614,0.94284058,-1.7472839,0.19287109
22615,0.99227905,-1.8058777,0.004577637
22616,1.0043335,-1.8510437,-0.001220703
22617,1.0089111,-1.7979431,0.067596436
22618,1.0221863,-1.6711426,-0.042114258
22619,1.0818481,-1.7607117,-0.15960693
22620,0.96633911,-1.5342712,-0.23666382
22621,1.0646057,-1.4901733,-0.29342651
22622,1.0638428,-1.4624023,-0.33737183
22623,1.0798645,-1.5812683,-0.27923584
22624,0.99533081,-1.3568115,-0.3805542
22625,1.1000061,-1.2956238,-0.46386719
22626,1.1047363,-1.1679077,-0.50613403
22627,1.0606384,-1.177063,-0.47683716
22628,1.1462402,-1.194458,-0.46508789
22629,1.2315369,-1.0752869,-0.59173584
22630,1.0484314,-1.136322,-0.74508667
22631,0.99868774,-1.197052,-0.85494995
22632,1.0958862,-0.91613769,-0.86181641
22633,0.92971802,-0.96542358,-0.75027466
22634,0.97900391,-0.93063354,-0.82748413
22635,0.92498779,-0.81283569,-0.88973999
22636,0.84075928,-0.78308106,-0.96481323
22637,0.87112427,-0.70144653,-0.92071533
22638,0.94360352,-0.80215454,-0.99151611
22639,0.95001221,-0.83648682,-0.95352173
22640,0.99121094,0.079650879,-0.91751099
22641,0.88562012,-0.54870606,-1.0314941
22642,0.7194519,-0.57037353,-1.0334778
22643,0.71899414,-0.46600342,-1.0710144
22644,0.73684692,-0.34072876,-1.0723877
22645,0.62347412,-0.28198242,-1.0720825
22646,0.56564331,-0.22827148,-1.1225891
22647,0.65872192,-0.19897461,-1.3504028
22648,0.63705444,-0.1133728,-1.1390686
22649,0.59906006,0.0831604,-1.1001587
22650,0.51239014,-0.068969727,-1.3542175
22651,0.3263855,-0.26153564,-1.2562561
22652,0.52886963,-0.11642456,-1.3391113
22653,0.47317505,0.1423645,-1.3421631
22654,0.36926269,0.11398315,-1.3825989
22655,0.19042969,0.17227173,-1.3641357
22656,0.48187256,0.17913818,-1.2419128
22657,0.40481567,0.41885376,-1.1224365
22658,0.28808594,0.27038574,-1.15448
22659,0.15533447,0.45654297,-1.2614441
22660,0.32455444,0.54901123,-1.2414551
22661,0.16036987,0.61355591,-1.1779785
22662,-0.032958984,0.38192749,-1.0827637
22663,-0.11672974,0.51681519,-1.136322
22664,-0.1373291,0.3503418,-1.1497498
22665,-0.010223389,0.60134888,-1.1190796
22666,-0.093994141,0.65109253,-1.1340332
22667,-0.33676147,0.76065063,-1.1358643
22668,-0.31402588,0.887146,-1.0308838
22669,-0.48797607,0.85952759,-0.99365234
22670,-0.52307129,1.0296631,-0.88012695
22671,-0.65536499,1.0128784,-0.97549438
22672,-0.75531006,0.98175049,-1.0115051
22673,-0.59371948,0.93811035,-1.1476135
22674,-0.86257935,0.90454102,-1.0804749
22675,-0.66070557,0.96603394,-1.0215759
22676,-0.96969604,0.94802856,-0.90316772
22677,-0.74584961,1.1825562,-0.94940185
22678,-1.0296631,1.089325,-0.82641602
22679,-0.89355469,1.2008667,-1.0083008
22680,-0.80078125,1.3301086,-1.0110474
22681,-0.79345703,1.1212158,-0.72036743
22682,-0.79345703,1.0256958,-0.59677124
22683,-1.1294556,1.0865784,-0.56274414
22684,-1.1138916,1.0617065,-0.48095703
22685,-1.0998535,1.0942078,-0.62713623
22686,-1.0916138,1.2001038,-0.45623779
22687,-1.3511658,1.2200928,-0.284729
22688,-1.3850403,1.1271667,-0.34469605
22689,-1.439209,1.1444092,-0.35644531
22690,-1.4331055,1.1657715,-0.32958984
22691,-1.3061523,1.1801147,-0.21957398
22692,-1.3354492,1.0618591,-0.37460327
22693,-1.473999,0.93353272,-0.44570923
22694,-1.1872864,0.56838989,-0.35507202
22695,-1.5029907,1.0400391,-0.53344727
22696,-1.6136169,1.0380554,-0.032501221
22697,-1.620636,1.0171509,0.01663208
22698,-1.7349243,0.89019775,0.10940552
22699,-1.6981506,0.95245361,0.10131836
22700,-1.6726685,0.97290039,0.099945068
22701,-1.7840576,1.0346985,0.30822754
22702,-1.7961121,0.86776733,0.23666382
22703,-1.837616,1.0864258,0.40893555
22704,-1.8664551,0.63278198,0.5279541
22705,-1.9465637,0.73135376,0.40039063
22706,-1.9483948,2.0370483,0.58441162
22707,-1.9140625,0.90209961,0.57815552
22708,-2.033844,1.1412048,0.60134888
22709,-2.3942566,0.86914063,0.64239502
22710,-2.2628784,0.96084595,0.65994263
22711,-2.074585,0.8555603,0.62057495
22712,-2.0687866,0.84014893,0.76858521
22713,-2.1464539,0.67001343,0.57556152
22714,-2.106781,0.66070557,0.91247559
22715,-2.1659851,0.75469971,0.9753418
22716,-2.0195007,0.80841065,0.69900513
22717,-2.1395874,0.51605225,0.99380493
22718,-2.3391724,0.41503906,1.0266113
22719,-2.1498108,0.44143677,0.88531494
22720,-2.1775818,0.48614502,1.1257935
22721,-2.3413086,0.41503906,1.2004089
22722,-2.2410583,0.35217285,1.1242676
22723,-2.2261047,0.30014038,1.282196
22724,-2.1157837,0.27236939,1.1416626
22725,-2.1374512,0.18966675,1.2896729
22726,-2.0176697,0.14389038,1.3818359
22727,-2.071228,0.097045898,1.3525391
22728,-2.0422363,0.044555664,1.341095
22729,-2.129364,0.069274902,1.3160706
22730,-2.24823,-0.19638062,1.328125
22731,-2.1894836,-0.17883301,1.4117432
22732,-2.310791,-0.25894165,1.6424561
22733,-2.0048523,-0.15777588,1.5216064
22734,-2.2328186,-0.29663086,1.6427612
22735,-2.2642517,-0.50048828,1.5493774
22736,-2.1528625,-0.32867432,1.7628479
22737,-2.0899963,-0.47821045,1.4648438
22738,-1.7907715,-0.35263061,1.708374
22739,-1.8623352,-0.66223144,1.8640137
22740,-1.7893982,-0.63278198,1.8031311
22741,-1.7759705,-0.50262451,1.9587708
22742,-1.7382813,-0.64193726,1.890564
22743,-1.7211914,-0.81832886,1.8066406
22744,-1.5878296,-0.89874268,1.7295837
22745,-1.6287231,-1.1083984,1.7802429
22746,-1.6081238,-1.0675049,1.7614746
22747,-1.4982605,-1.0186768,1.8286133
22748,-1.3899231,-1.3143921,1.8122864
22749,-1.9030762,-1.1581421,1.965332
22750,-1.93573,-1.1999512,2.0039368
22751,-1.3349915,-1.2139893,1.9741821
22752,-1.4868164,-1.3224792,2.0622253
22753,-1.5402222,-1.3105774,1.9874573
22754,-1.7225647,-1.5206909,2.0042419
22755,-1.4590454,-1.7095947,1.7102051
22756,-1.3090515,-1.6267395,1.8835449
22757,-1.3954163,-1.7010498,1.8782043
22758,-1.1911011,-1.7074585,1.7308044
22759,-1.0713196,-1.7071533,1.9274902
22760,-1.0163879,-1.756134,1.9488525
22761,-1.025238,-1.7796326,1.7616272
22762,-0.90332031,-1.5673828,1.8678284
22763,-0.81756592,-1.728363,1.8370056
22764,-0.72540283,-1.8052673,1.7887878
22765,-0.75073242,-1.9148254,1.7997742
22766,-0.55206299,-1.7973328,1.8095398
22767,-0.59631348,-1.9680786,1.8266296
22768,-0.60791016,-1.8847656,1.8482971
22769,-0.59509277,-2.1551514,1.8815613
22770,-0.44754028,-2.1313477,1.5382385
22771,-0.33538818,-2.2877502,1.6772461
22772,-0.39352417,-2.1080017,1.5605164
22773,-0.27282715,-1.9644165,1.5539551
22774,-0.29708862,-1.995697,1.4109802
22775,-0.30639648,-2.0726013,1.5065002
22776,-0.22521973,-2.1421814,1.4286804
22777,-0.013580322,-2.1737671,1.4483643
22778,-0.016326904,-2.1151733,1.4277649
22779,0.061035156,-2.1775818,1.3929749
22780,-0.024261475,-2.1508789,1.5388489
22781,0.1411438,-2.1543884,1.3594055
22782,0.055541992,-2.1994019,1.4413452
22783,0.38970947,-2.2325134,1.2545776
22784,0.20889282,-2.197876,1.2742615
22785,0.18066406,-2.2993469,1.0644531
22786,0.34072876,-2.4534607,1.0308838
22787,0.40588379,-2.4046326,1.1051941
22788,0.40634155,-2.3095703,1.0588074
22789,0.58685303,-2.2885132,1.0244751
22790,0.44342041,-2.4102783,0.91766357
22791,0.52978516,-2.3648071,0.73852539
22792,0.69290161,-2.4377441,0.74142456
22793,0.5368042,-2.2715759,0.67047119
22794,0.63400269,-2.1438599,0.55953979
22795,0.71350098,-2.2183228,0.61859131
22796,0.75912476,-2.1809387,0.60363769
22797,0.81741333,-2.2787476,0.48065186
22798,0.74707031,-2.1292114,0.43380737
22799,0.73669434,-2.131958,0.41213989
22800,0.89157104,-2.1434021,0.33706665
22801,0.90621948,-2.1231079,0.34118652
22802,0.92269897,-2.134552,0.23635864
22803,1.0095215,-2.0579529,0.17852783
22804,0.94802856,-2.0579529,0.21728516
22805,0.99639893,-2.0783997,0.12176514
22806,1.0743713,-1.9348145,0.12634277
22807,1.1593628,-1.9235229,0.054626465
22808,1.2077332,-1.8826294,-0.001831055
22809,1.2727356,-1.8183899,0.059967041
22810,1.2347412,-1.8296814,-0.18127441
22811,1.1239624,-1.8432617,-0.15548706
22812,1.1967468,-1.6394043,-0.15777588
22813,1.0858154,-1.7175293,-0.35339356
22814,1.2321472,-1.6485596,-0.39291382
22815,1.2495422,-1.7466736,-0.3956604
22816,1.2931824,-1.5711975,-0.47836304
22817,1.1923218,-1.706543,-0.42785644
22818,0.7661438,-1.6526794,-0.59402466
22819,1.2289429,-1.729126,-0.5368042
22820,1.1727905,-1.3200378,-0.52352905
22821,1.1369324,-1.2541199,-0.58563232
22822,1.1108398,-1.2902832,-0.77835083
22823,1.2509155,-1.1186218,-0.72250366
22824,1.2702942,-1.3301086,-0.7359314
22825,1.0192871,-1.1851501,-0.8241272
22826,1.1450195,-1.0211182,-0.987854
22827,1.1219788,-1.1143494,-0.80001831
22828,1.0952759,-1.0105896,-0.81878662
22829,1.0902405,-0.90789795,-0.84747315
22830,1.1164856,-0.90774536,-0.89889526
22831,1.1125183,-0.81192017,-0.83328247
22832,1.0888672,-0.80352783,-1.0510254
22833,1.111145,-0.78170776,-1.0702515
22834,0.98510742,-0.70587158,-1.2786865
22835,0.97381592,-0.67962647,-1.0449219
22836,0.86074829,-0.67550659,-0.96679688
22837,1.0067749,-0.7421875,-1.0644531
22838,1.0426331,0.87585449,-1.1880493
22839,0.93231201,-0.28808594,-1.1204529
22840,0.92529297,-0.24993897,-1.4356995
22841,0.92376709,-0.21240234,-1.2228394
22842,0.83740234,-0.17761231,-1.2632751
22843,0.71121216,-0.048065186,-1.31073
22844,0.80261231,-0.040893555,-1.3162231
22845,0.67687988,-0.27618408,-1.5078735
22846,0.80078125,-0.48416138,-1.4007568
22847,0.5418396,0.013122559,-1.3549805
22848,0.50094604,0.29281616,-1.3911438
22849,0.47210693,0.25405884,-1.4477539
22850,0.47851563,0.34332275,-1.2757874
22851,0.3666687,0.43884277,-1.4376831
22852,0.36407471,0.58700562,-1.421814
22853,0.31555176,0.56518555,-1.4544678
22854,0.26016235,0.52734375,-1.3674927
22855,0.26306152,0.54641724,-1.4068604
22856,-0.063171387,0.63232422,-1.4666748
22857,0.15884399,0.69778442,-1.4915466
22858,-0.033569336,0.70831299,-1.2896729
22859,0.18920898,0.71838379,-1.1741638
22860,-0.11184692,0.67230225,-1.2086487
22861,-0.17684937,0.60668945,-1.2234497
22862,-0.34011841,0.64834595,-1.2890625
22863,-0.16113281,0.64239502,-1.2692261
22864,-0.51589966,0.74707031,-1.2310791
22865,-0.32318115,1.0128784,-1.1166382
22866,-0.46981811,1.0357666,-1.25
22867,-0.41854858,1.0791016,-1.2567139
22868,-0.51971435,1.1090088,-1.0723877
22869,-0.56533813,1.2971497,-1.1138916
22870,-0.55923462,1.4176941,-0.95397949
22871,-0.5368042,1.1813354,-0.94711304
22872,-0.62927246,1.1312866,-0.99517822
22873,-0.70892334,1.1547852,-0.89111328
22874,-0.82260132,1.1920166,-0.81161499
22875,-0.79971313,1.0858154,-0.65948486
22876,-0.80215454,1.2251282,-0.54611206
22877,-1.0772705,1.3317871,-0.74829102
22878,-1.0409546,1.3920593,-0.69107056
22879,-1.0348511,1.428833,-0.68969727
22880,-1.1712646,1.2704468,-0.65109253
22881,-1.2301636,1.1701965,-0.6716919
22882,-1.12854,1.2416077,-0.48736572
22883,-1.0891724,1.2290955,-0.47943115
22884,-1.3322449,1.3378906,-0.59799194
22885,-1.2791443,1.3467407,-0.58624268
22886,-1.350708,1.3633728,-0.39016724
22887,-1.4653015,1.4872742,-0.26794434
22888,-1.572876,1.3226318,-0.2734375
22889,-1.5432739,1.3491821,-0.18951416
22890,-1.7913818,0.85266113,-0.10482788
22891,-1.9093323,1.1221313,-0.16281128
22892,-1.6653442,1.4160156,-0.18203735
22893,-1.7156982,1.0946655,-0.058441162
22894,-1.6796875,1.3262939,0.12695313
22895,-1.8373108,1.1398315,0.19165039
22896,-1.8183899,1.1793518,0.21728516
22897,-1.9284058,1.3067627,0.33569336
22898,-2.076416,1.1785889,0.24963379
22899,-1.9424438,1.1349487,0.39505005
22900,-2.0503235,1.0620117,0.53649902
22901,-1.8728638,1.0494995,0.43212891
22902,-1.9271851,1.1790466,0.53634644
22903,-2.0053101,0.93017578,0.54290772
22904,-2.0137024,2.5370789,0.55130005
22905,-2.073822,0.99517822,0.62545776
22906,-2.144165,0.99563599,0.50552368
22907,-2.0761108,0.92926025,0.54168701
22908,-2.1144104,0.99517822,0.75531006
22909,-2.2224426,1.0261536,0.77072144
22910,-2.1791077,0.87524414,0.8493042
22911,-2.1308899,0.80261231,0.7043457
22912,-2.0748901,0.58547974,0.87371826
22913,-2.0701599,0.68603516,0.95703125
22914,-2.0680237,0.65322876,1.0539246
22915,-2.2073364,0.52215576,1.0914612
22916,-2.1585083,0.31021118,1.3806152
22917,-2.0976257,0.38528442,1.1669922
22918,-2.0797729,0.49224853,1.204834
22919,-2.2702026,0.23742676,1.2017822
22920,-1.9889832,0.26092529,1.2301636
22921,-2.565155,0.080566406,1.3142395
22922,-2.0309448,0.098419189,1.3710022
22923,-2.3217773,-0.042266846,1.5356445
22924,-2.5024414,-0.082855225,1.4416504
22925,-2.2990417,-0.23468018,1.3276672
22926,-2.3605347,-0.31570435,1.4715576
22927,-2.1405029,-0.14511108,1.6719055
22928,-2.2506714,-0.25268555,1.5319824
22929,-2.0309448,-0.22720337,1.6235352
22930,-1.9993591,-0.52139282,1.620636
22931,-1.9909668,-0.50384522,1.6644287
22932,-2.0654297,-0.66223144,1.6870117
22933,-2.0669556,-0.38909912,1.8365479
22934,-1.9700623,-0.58685303,1.8016052
22935,-1.9306946,-0.57693481,1.9252014
22936,-1.8341064,-0.7862854,1.8267822
22937,-1.643219,-0.77209473,1.8597412
22938,-1.7654419,-0.7258606,1.9841003
22939,-1.8766785,-0.94955444,2.0405579
22940,-1.8788147,-0.70510864,1.9973755
22941,-1.8173218,-0.909729,1.8177795
22942,-1.7832947,-1.0696411,1.9464111
22943,-1.9116211,-0.95397949,1.9506836
22944,-1.5423584,-1.1868286,2.1214294
22945,-1.7430115,-1.1763,1.8829346
22946,-1.5667725,-1.2194824,2.0565796
22947,-1.5637207,-1.3198853,2.2216797
22948,-1.1346436,-1.255188,2.0031738
22949,-1.5646362,-1.3592529,2.0166016
22950,-1.4672852,-1.3999939,2.0823669
22951,-1.3191223,-1.5870666,2.1264648
22952,-0.98968506,-1.5464783,1.9541931
22953,-0.9664917,-1.5957642,1.9967651
22954,-1.2799072,-1.7767334,2.0227051
22955,-1.2901306,-1.8084717,1.9555664
22956,-1.003418,-2.0074463,2.1096802
22957,-1.0096741,-2.046051,2.0147705
22958,-0.9677124,-2.0883179,2.1420288
22959,-0.86273193,-1.9474792,2.1264648
22960,-0.80200195,-2.0220947,1.8907166
22961,-0.8303833,-2.041626,1.932373
22962,-0.74966431,-1.9207764,1.925354
22963,-0.65734863,-2.028656,1.8450928
22964,-0.65109253,-1.8463135,1.8659973
22965,-0.5581665,-1.9332886,1.7977905
22966,-0.5229187,-2.1505737,1.7234802
22967,-0.41931152,-2.2306824,1.8109131
22968,-0.41412353,-2.3669434,1.8051147
22969,-0.39047241,-2.5033569,1.6679382
22970,-0.3163147,-2.3550415,1.7059326
22971,-0.27664185,-2.2636414,1.678772
22972,-0.20095825,-2.2349548,1.7591858
22973,-0.13275147,-2.2909546,1.706543
22974,-0.057220459,-2.3405457,1.6764832
22975,-0.055541992,-2.3892212,1.5699768
22976,0.068817139,-2.4104309,1.3987732
22977,0.16708374,-2.4203491,1.3342285
22978,0.22491455,-2.4064636,1.4465332
22979,0.20019531,-2.2520447,1.3005066
22980,0.22720337,-2.1864319,1.1564636
22981,0.30212402,-2.2305298,0.9022522
22982,0.33065796,-2.3251343,1.084137
22983,0.47546387,-2.4259949,0.97442627
22984,0.52307129,-2.4555969,0.95367432
22985,0.60119629,-2.3448181,0.82061768
22986,0.62713623,-2.3701477,0.86090088
22987,0.70404053,-2.4194336,0.79299927
22988,0.79711914,-2.4337769,0.85449219
22989,0.76980591,-2.4662781,0.7800293
22990,0.83572388,-2.3902893,0.72601318
22991,0.90148926,-2.2982788,0.57998657
22992,0.88806152,-2.2749329,0.60272217
22993,0.90026856,-2.1888733,0.49682617
22994,0.91659546,-2.15271,0.54611206
22995,0.95046997,-2.0755005,0.54626465
22996,0.9564209,-2.0056152,0.49926758
22997,0.93841553,-2.0822144,0.39459228
22998,0.91079712,-2.0942688,0.40496826
22999,1.0131836,-2.1066284,0.35522461
23000,1.0774231,-2.0024109,0.29708862
23001,1.0540771,-1.9825745,0.24429321
23002,1.0890198,-1.8737793,0.060272217
23003,1.1553955,-1.930542,0.13702393
23004,1.0348511,-1.9700623,0.10742188
23005,1.2257385,-1.9807434,-0.03112793
23006,1.2333679,-1.8675232,-0.093536377
23007,1.0697937,-1.6748047,-0.16021728
23008,1.2088013,-1.8373108,-0.11947632
23009,1.2480164,-1.716156,-0.067443848
23010,1.1746216,-1.7999268,-0.20629883
23011,1.2713623,-1.7164612,-0.36071777
23012,1.2284851,-1.6390991,-0.51330566
23013,1.315155,-1.5048218,-0.49819946
23014,1.1317444,-1.4886475,-0.53436279
23015,1.2330627,-1.6085815,-0.46356201
23016,1.1268616,-1.3827515,-0.51605225
23017,1.1958313,-1.4309692,-0.57739258
23018,1.2646484,-1.3198853,-0.71289063
23019,1.2809753,-1.2695313,-0.72219849
23020,1.2516785,-1.2559509,-0.75393677
23021,1.1767578,-0.86746216,-0.74447632
23022,1.1280823,-0.97763062,-0.72525024
23023,1.158905,-0.96191406,-0.73348999
23024,1.1022949,-0.95794678,-0.85006714
23025,1.1257935,-0.82183838,-0.93673706
23026,1.0955811,-0.99182129,-1.0340881
23027,1.1676025,-0.6930542,-1.0025024
23028,1.1425781,-0.58853149,-1.0726929
23029,1.0440063,-0.45028686,-1.1207581
23030,1.0202026,-0.5557251,-1.1004639
23031,1.0131836,-0.50262451,-1.0852051
23032,0.90270996,-0.56457519,-1.227417
23033,1.0173035,-0.4927063,-1.2416077
23034,1.0369873,-0.56518555,-1.240387
23035,0.95657349,-0.33630371,-1.4653015
23036,1.0774231,-0.05859375,-1.2667847
23037,0.91705322,-0.16525269,-1.2298584
23038,0.85205078,0.029602051,-1.191864
23039,0.71624756,-0.12680054,-1.3536072
23040,0.79483032,-0.25665283,-1.2234497
23041,0.31585693,-0.26565552,-1.449585
23042,0.51086426,-0.29708862,-1.5792847
23043,0.74645996,0.018463135,-1.4529419
23044,0.58700562,0.29296875,-1.4096069
23045,0.74127197,0.29525757,-1.4558411
23046,0.55709839,0.3565979,-1.4411926
23047,0.67306519,0.10314941,-1.6848755
23048,0.39794922,0.22033691,-1.3552856
23049,0.2923584,0.25909424,-1.4146423
23050,0.31066894,0.39672852,-1.361084
23051,0.2116394,0.63644409,-1.3127136
23052,0.46539307,0.60684204,-1.4421082
23053,0.048522949,0.76171875,-1.3049316
23054,0.055084229,0.60638428,-1.2518311
23055,0.087127686,0.75683594,-1.4019775
23056,-0.10986328,0.74951172,-1.3809204
23057,-0.10223389,0.90911865,-1.2753296
23058,-0.11138916,0.9274292,-1.3909912
23059,-0.14633179,0.91674805,-1.3619995
23060,-0.10696411,0.94024658,-1.2559509
23061,-0.43457031,1.0792541,-1.1834717
23062,-0.36026001,1.1930847,-1.0932922
23063,-0.59783935,1.0733032,-1.1112976
23064,-0.56335449,0.97946167,-0.96450806
23065,-0.67077637,1.2832642,-0.95916748
23066,-0.52566528,1.2820435,-1.0189819
23067,-0.6060791,1.2887573,-1.1380005
23068,-0.74905396,1.3761902,-1.1245728
23069,-0.75622559,1.4338684,-0.9715271
23070,-0.82580566,1.3240051,-0.89736938
23071,-0.83984375,1.2432861,-0.86639404
23072,-1.0327148,0.98312378,-0.85571289
23073,-0.98678589,1.1743164,-0.82946777
23074,-1.1428833,1.1506653,-0.87432861
23075,-1.101532,1.2919617,-0.90164185
23076,-1.1090088,1.3642883,-0.7762146
23077,-1.1534119,1.4212036,-0.67993164
23078,-1.0551453,1.31073,-0.57373047
23079,-1.1584473,1.2924194,-0.52871704
23080,-1.254425,1.2155151,-0.46356201
23081,-1.2553406,1.2304688,-0.31173706
23082,-1.3412476,1.2420654,-0.19836426
23083,-1.4173889,1.2736511,-0.20355225
23084,-1.4736938,1.3288879,-0.2696228
23085,-1.542511,1.2895203,-0.1675415
23086,-1.4987183,1.3264465,-0.18249512
23087,-1.7285156,0.85998535,-0.71716309
23088,-1.6334534,1.184082,-0.16433716
23089,-1.907196,1.2823486,-0.082092285
23090,-1.8551636,1.3667297,0.14190674
23091,-1.6452026,1.2773132,0.11795044
23092,-1.7713928,1.2574768,0.02532959
23093,-1.7179871,1.1943054,0.19195557
23094,-1.7744446,1.2237549,0.30609131
23095,-2.0033264,1.0456848,0.21148682
23096,-1.8080139,1.1618042,0.37765503
23097,-2.0603943,1.1260986,0.40863037
23098,-1.9421387,0.95077515,0.52612305
23099,-1.9909668,0.88302612,0.46478272
23100,-2.093811,1.0272217,0.55267334
23101,-2.1536255,0.83587647,0.67550659
23102,-2.0756531,0.90713501,0.57510376
23103,-2.1643066,0.95336914,0.82199097
23104,-1.9151306,0.89233398,0.64346313
23105,-1.8983459,0.85021973,0.74829102
23106,-2.0901489,0.70266724,0.79193115
23107,-2.159729,0.72463989,0.77865601
23108,-2.1075439,0.62774658,0.8493042
23109,-2.019043,0.57189941,1.0336304
23110,-2.1011353,0.75744629,1.0922241
23111,-2.2795105,0.66940308,1.2379456
23112,-2.2738647,0.49926758,1.1927795
23113,-2.3356628,0.39459228,1.1392212
23114,-2.1336365,0.33203125,1.2606812
23115,-2.3173523,0.36193848,1.2095642
23116,-2.1284485,0.31982422,1.4564514
23117,-2.2177124,0.37841797,1.4326477
23118,-2.0684814,0.020599365,1.4135742
23119,-2.0706177,-0.014953613,1.3540649
23120,-2.2317505,-0.12939453,1.4294434
23121,-2.048645,-0.16815185,1.290741
23122,-2.0860291,-0.33355713,1.5087891
23123,-2.276001,-0.21148682,1.5968323
23124,-2.2705078,-0.3225708,1.5707397
23125,-1.9250488,-0.23605347,1.7022705
23126,-2.4516296,-0.55755615,1.6540527
23127,-1.986084,-0.50231934,1.7158508
23128,-1.9084167,-0.38757324,1.8763733
23129,-1.8455505,-0.57739258,1.9702148
23130,-1.9813538,-0.54382324,1.9041443
23131,-1.8695068,-0.51513672,1.884613
23132,-1.759491,-0.7107544,1.9143677
23133,-1.9262695,-0.83099365,1.8778992
23134,-1.7810059,-0.80383301,1.7919922
23135,-1.8330383,-0.87783813,1.9683838
23136,-1.7382813,-1.0112,1.9647217
23137,-1.7262268,-0.98007202,2.0700073
23138,-1.7823791,-1.0368347,2.0324707
23139,-1.6610718,-1.086731,2.0761108
23140,-1.6581726,-1.2220764,2.0239258
23141,-1.5014648,-1.3555908,2.0318604
23142,-1.5263367,-1.3607788,1.9830322
23143,-1.5875244,-1.4375305,1.9935608
23144,-1.7268372,-1.4103699,1.9703674
23145,-1.5283203,-1.4768982,1.7858887
23146,-1.3656616,-1.4955139,1.8942261
23147,-1.8441772,-1.5385437,2.1229553
23148,-1.4123535,-1.6365051,1.8586731
23149,-1.4808655,-1.7410278,1.9467163
23150,-1.2493896,-1.6131592,1.7318726
23151,-1.3955688,-1.7053223,1.9491577
23152,-1.3418579,-1.7156982,1.8418884
23153,-0.94100952,-1.7292786,2.0613098
23154,-1.0176086,-1.8493652,2.0658875
23155,-0.90332031,-2.1081543,2.0227051
23156,-0.84335327,-2.0478821,1.9618225
23157,-0.76156616,-1.9290161,1.8916321
23158,-0.63873291,-1.9825745,1.8763733
23159,-0.76644897,-2.0928955,2.0011902
23160,-0.72753906,-2.2462463,1.9114685
23161,-0.55465698,-2.1055603,1.8449402
23162,-0.48751831,-2.0071411,1.8321228
23163,-0.43502808,-2.0620728,1.8640137
23164,-0.42327881,-2.1133423,1.6925049
23165,-0.39306641,-2.137146,1.8630981
23166,-0.36514282,-2.1960449,1.7195129
23167,-0.25985718,-2.2683716,1.6009521
23168,-0.28533936,-2.3196411,1.612854
23169,-0.15350342,-2.1421814,1.4772034
23170,-0.21484375,-2.2175598,1.5841675
23171,-0.10848999,-2.2766113,1.5124512
23172,-0.044555664,-2.199707,1.46698
23173,0.2180481,-2.321167,1.4653015
23174,0.12054443,-2.4067688,1.4715576
23175,0.20568848,-2.4662781,1.2760925
23176,0.25085449,-2.4545288,1.3243103
23177,0.28045654,-2.4075317,1.2861633
23178,0.35888672,-2.3851013,1.2283325
23179,0.41015625,-2.4067688,1.2194824
23180,0.40847778,-2.3194885,1.1767578
23181,0.52352905,-2.3646545,1.1123657
23182,0.49972534,-2.1586609,0.97976685
23183,0.47241211,-2.3298645,0.94116211
23184,0.63476563,-2.3512268,0.97183228
23185,0.53985596,-2.1696472,0.92437744
23186,0.63186646,-2.3303223,0.78643799
23187,0.70556641,-2.2993469,0.63720703
23188,0.6237793,-2.2338867,0.67321777
23189,0.71929932,-2.1795654,0.71380615
23190,0.84228516,-2.326355,0.55130005
23191,0.91964722,-2.3118591,0.4208374
23192,0.77819824,-2.1769714,0.50491333
23193,0.87585449,-2.3332214,0.52322388
23194,0.92086792,-2.0722961,0.48461914
23195,1.0440063,-2.2412109,0.4107666
23196,1.1061096,-2.1153259,0.17684937
23197,1.0899353,-2.1929932,0.12207031
23198,1.2101746,-2.1548462,0.070495605
23199,1.1585999,-2.0835876,0.11199951
23200,1.2557983,-2.0083618,0.07522583
23201,1.4292908,-2.0991516,-0.012359619
23202,1.2901306,-2.0800781,-0.13168335
23203,1.3696289,-1.894989,-0.19393921
23204,1.3064575,-2.0030212,-0.16448975
23205,1.3937378,-1.864624,-0.19271851
23206,1.4022827,-1.8060303,-0.25085449
23207,1.3679504,-1.8357849,-0.41885376
23208,1.2715149,-1.7408752,-0.47637939
23209,1.2750244,-1.6690063,-0.70526123
23210,1.3818359,-1.6505432,-0.62316894
23211,1.3946533,-1.7675781,-0.51803589
23212,1.2973022,-1.7663574,-0.57052612
23213,1.2315369,-1.5356445,-0.76568603
23214,1.1099243,-1.448822,-0.75256348
23215,1.2721252,-1.2390137,-0.83374023
23216,1.1288452,-1.1824036,-0.69290161
23217,1.1773682,-1.2211609,-0.77697754
23218,1.2835693,-1.1114502,-0.77835083
23219,1.2631226,-1.0279846,-0.74707031
23220,1.2481689,-1.1643982,-0.8782959
23221,1.4338684,-1.2391663,-1.0150146
23222,1.3941956,-1.0168457,-0.9815979
23223,1.2902832,-0.88226318,-1.1703491
23224,1.0977173,-0.7774353,-1.0609436
23225,1.1042786,-0.86776733,-0.94848633
23226,1.1071777,-0.86990356,-1.0876465
23227,1.1714172,-0.70083618,-1.1196899
23228,1.005249,-0.50613403,-1.0810852
23229,0.965271,-0.64102173,-1.191864
23230,1.0462952,-0.59371948,-1.3983154
23231,1.0346985,-0.44311523,-1.2104797
23232,0.99441528,-0.49880981,-1.2895203
23233,0.95031738,-0.57312012,-1.4221191
23234,1.0670471,-0.32028198,-1.3259888
23235,0.94314575,-0.06072998,-1.4128113
23236,0.97045898,0.086364746,-1.3549805
23237,0.70220947,0.047302246,-1.5078735
23238,0.9451294,-0.01953125,-1.4257813
23239,0.77682495,-0.10925293,-1.4764404
23240,0.57189941,0.15777588,-1.6130066
23241,0.58547974,-0.060882568,-1.5223694
23242,0.56243897,0.23605347,-1.4144897
23243,0.61782837,0.29113769,-1.4686584
23244,0.52993774,0.45349121,-1.5042114
23245,0.44723511,0.26626587,-1.7807007
23246,0.41503906,0.37002564,-1.3690186
23247,0.54641724,0.56488037,-1.4512634
23248,0.38269043,0.55618286,-1.4413452
23249,0.35522461,0.48706055,-1.3444519
23250,0.24719238,0.36148071,-1.4724731
23251,0.26229858,0.54290772,-1.4547729
23252,-0.012054443,0.54748535,-1.3726807
23253,0.11734009,0.67260742,-1.3258362
23254,0.028381348,0.86593628,-1.3853455
23255,-0.061035156,0.88226318,-1.2049866
23256,-0.078735352,0.82275391,-1.2199402
23257,-0.14434815,1.0417175,-1.2384033
23258,-0.19943237,1.0481262,-1.3037109
23259,-0.19165039,1.0328674,-1.2438965
23260,-0.35903931,1.02005,-1.1953735
23261,-0.40115356,0.97320557,-1.0614014
23262,-0.45166016,1.0629272,-1.1199951
23263,-0.52841187,0.97229004,-1.0327148
23264,-0.55557251,1.1065674,-1.0447693
23265,-0.57922363,1.0646057,-1.0453796
23266,-0.67214966,1.1990356,-0.93811035
23267,-0.78994751,1.2731934,-1.0435486
23268,-0.84838867,1.2493896,-0.8605957
23269,-0.84228516,1.4212036,-0.82214356
23270,-0.89233398,1.2605286,-0.77438354
23271,-0.95199585,1.3398743,-0.66574097
23272,-1.0032654,1.3224792,-0.61691284
23273,-1.0214233,1.4535522,-0.72998047
23274,-1.1508179,1.4395142,-0.66162109
23275,-1.1242676,1.4175415,-0.81069946
23276,-1.1828613,1.3212585,-0.70159912
23277,-1.1853027,1.3226318,-0.6791687
23278,-1.3632202,1.3259888,-0.52780151
23279,-1.3117981,1.5313721,-0.55603027
23280,-1.3748169,1.5301514,-0.49072266
23281,-1.4573669,1.5602112,-0.39642334
23282,-1.4692688,1.5254211,-0.42114258
23283,-1.4814758,1.2409973,-0.63049316
23284,-1.594696,1.2538147,-0.47210693
23285,-1.7463684,1.1955261,-0.40130615
23286,-1.7074585,1.5351868,-0.16555786
23287,-1.7120361,1.2167358,-0.023803711
23288,-1.8890381,1.2947083,0.048217773
23289,-1.8841553,1.3024902,0.080871582
23290,-1.7662048,1.2142944,0.010528564
23291,-1.9433594,1.2062073,0.19332886
23292,-2.0129395,1.2341309,0.16921997
23293,-2.061615,1.0928345,0.20324707
23294,-1.9047546,1.065979,0.37124634
23295,-1.9197083,1.1297607,0.42938232
23296,-1.9822693,1.1383057,0.48828125
23297,-1.9972229,0.89889526,0.47241211
23298,-2.0715332,0.89202881,0.50323486
23299,-2.1534729,0.85357666,0.51757813
23300,-2.1585083,0.87661743,0.60379028
23301,-2.1232605,0.93444824,0.64361572
23302,-2.1090698,1.0012817,0.68450928
23303,-2.016449,0.8555603,0.78033447
23304,-2.2555542,0.82778931,0.7232666
23305,-2.170105,0.81787109,0.85067749
23306,-2.1116638,0.73944092,0.90194702
23307,-2.1205139,0.58944702,1.0903931
23308,-2.2615051,0.70480347,1.1315918
23309,-2.1775818,0.5821228,1.2030029
23310,-2.2322083,0.50949097,1.1911011
23311,-2.255249,0.50262451,1.0038757
23312,-2.2506714,0.45166016,1.1116028
23313,-2.1263123,0.44799805,1.2918091
23314,-2.102356,0.27786255,1.3012695
23315,-2.2398376,0.31356811,1.362915
23316,-2.3985291,0.17959595,1.4202881
23317,-2.3008728,0.086517334,1.2869263
23318,-2.4121094,0.17608643,1.386261
23319,-2.2676086,-0.018920898,1.5660095
23320,-2.2285461,-0.076446533,1.4691162
23321,-2.0166016,-0.27542114,1.4663696
23322,-2.0759583,-0.20935059,1.6171265
23323,-2.247467,-0.1486206,1.5567017
23324,-2.0436096,-0.38726807,1.5348816
23325,-1.9992065,-0.46325684,1.5409851
23326,-2.1852112,-0.45150757,1.7791748
23327,-2.0133972,-0.57220459,1.9529724
23328,-2.0808411,-0.67443848,1.9282532
23329,-2.1548462,-0.90087891,1.7253113
23330,-2.0779419,-0.62911987,1.9790649
23331,-2.0080566,-0.65048218,1.9535828
23332,-1.9851685,-0.75286865,1.8974304
23333,-1.8031311,-0.95565796,1.9082642
23334,-1.7926025,-1.0099792,1.7758179
23335,-1.7198181,-0.93551636,1.9799805
23336,-1.8099976,-0.8782959,1.8475342
23337,-1.7098999,-1.1225891,1.9094849
23338,-1.8571472,-1.1662292,1.9616699
23339,-1.6285706,-1.2263489,2.01828
23340,-1.7153931,-1.3912964,2.0387268
23341,-1.5174866,-1.399231,2.1334839
23342,-1.5647888,-1.3284302,2.0921326
23343,-1.5802002,-1.2495422,2.059021
23344,-1.348114,-1.4253235,2.0069885
23345,-1.3447571,-1.6177368,1.8453979
23346,-1.2463379,-1.5304565,2.0172119
23347,-1.1923218,-1.5943909,1.9868469
23348,-1.2445068,-1.9262695,1.6972351
23349,-1.2998962,-1.6560364,1.9198608
23350,-1.0040283,-1.7367554,1.8743896
23351,-1.0716248,-1.7773438,2.0864868
23352,-0.88867188,-1.9810486,2.039032
23353,-0.96740723,-1.7021179,1.9659424
23354,-1.0725403,-1.9465637,1.8772888
23355,-0.91751099,-1.9499207,1.8559265
23356,-0.70480347,-1.9639587,1.8571472
23357,-0.75241089,-2.0574951,1.8925476
23358,-0.6098938,-2.1994019,1.822052
23359,-0.63690185,-2.026062,1.7089844
23360,-0.64315796,-1.9644165,1.842804
23361,-0.56365967,-1.937561,1.8003845
23362,-0.47958374,-2.0413208,1.5907288
23363,-0.44845581,-2.2033691,1.7169189
23364,-0.3086853,-2.2245789,1.7364502
23365,-0.30807495,-2.2535706,1.746521
23366,-0.2305603,-2.3382568,1.6552734
23367,-0.23803711,-2.3269653,1.627655
23368,-0.20996094,-2.1638489,1.444397
23369,-0.18753052,-2.2328186,1.4743042
23370,-0.059661865,-2.2419739,1.3764954
23371,0.053405762,-2.2607422,1.5235901
23372,0.077667236,-2.3576355,1.5168762
23373,0.22415161,-2.3571777,1.3502502
23374,0.1550293,-2.4263,1.2557983
23375,0.13458252,-2.3789978,1.3024902
23376,0.22415161,-2.4124146,1.3372803
23377,0.35980225,-2.3843384,1.2658691
23378,0.36148071,-2.3876953,1.0591125
23379,0.37811279,-2.5369263,1.0224915
23380,0.40863037,-2.2555542,0.97595215
23381,0.39749145,-2.247467,1.0493469
23382,0.47439575,-2.3379517,0.97961426
23383,0.50384522,-2.4189758,1.0112
23384,0.59844971,-2.3068237,0.75958252
23385,0.61401367,-2.5120544,0.82687378
23386,0.71151733,-2.4961853,0.71456909
23387,0.7623291,-2.335968,0.71380615
23388,0.79833984,-2.4429321,0.73028565
23389,0.71914673,-2.2438049,0.50079346
23390,0.90393066,-2.0925903,0.58273315
23391,0.9362793,-2.1885681,0.47271728
23392,1.1074829,-2.183075,0.61828613
23393,0.95291138,-2.212677,0.31448364
23394,0.96282959,-2.0837402,0.4737854
23395,0.91720581,-2.2213745,0.29724121
23396,1.0334778,-2.1354675,0.16494751
23397,1.040802,-2.1434021,0.076904297
23398,0.95977783,-1.945343,0.2041626
23399,1.1349487,-1.9662476,-0.13519287
23400,1.1392212,-2.0153809,-0.004730225
23401,1.1447144,-1.9309998,-0.14373779
23402,1.1950684,-1.7651367,-0.15457153
23403,1.2307739,-1.7216492,-0.12329102
23404,1.2150574,-1.6366577,-0.22094727
23405,1.2252808,-1.6824341,-0.26901245
23406,1.2397766,-1.7056274,-0.46783447
23407,1.1845398,-1.6108704,-0.53543091
23408,1.2321472,-1.7269897,-0.34576416
23409,1.1105347,-1.4646912,-0.35827637
23410,1.1811829,-1.5826416,-0.53375244
23411,1.1895752,-1.4163208,-0.62606812
23412,1.29776,-1.526947,-0.49285889
23413,1.1192322,-1.418457,-0.61843872
23414,1.1647034,-1.3269043,-0.59051514
23415,1.231842,-1.2294006,-0.53634644
23416,1.2104797,-1.3059998,-0.59707642
23417,1.2364197,-1.3430786,-0.51513672
23418,1.138916,-1.2356567,-0.75469971
23419,0.93688965,-1.2670898,-0.80734253
23420,1.0624695,-1.2361145,-0.71014404
23421,1.2536621,-0.97015381,-0.7585144
23422,1.0768127,-1.0050964,-0.83084106
23423,1.1236572,-0.78643799,-0.93017578
23424,0.9916687,-0.9147644,-0.96588135
23425,1.0723877,-0.72662353,-1.0539246
23426,1.0163879,-0.67428589,-1.0314941
23427,0.99945068,-0.53863525,-1.0540771
23428,0.98220825,-0.62820435,-1.1624146
23429,0.93994141,-0.42907715,-1.1273193
23430,0.96328735,-0.41809082,-1.2101746
23431,0.85891724,-0.44952393,-1.0876465
23432,0.79986572,-0.50048828,-1.0916138
23433,0.90637207,0.044403076,-1.0220337
23434,0.7673645,-0.095825195,-1.2402344
23435,0.82580566,-0.12130737,-1.2512207
23436,0.73806763,-0.083007813,-1.3290405
23437,0.65170288,-0.24139404,-1.3230896
23438,0.65185547,0.043945313,-1.2461853
23439,0.59570313,-0.17410278,-1.33255
23440,0.5897522,-0.13061523,-1.1460876
23441,0.60394287,0.06729126,-1.1769104
23442,0.36010742,0.097045898,-1.2843323
23443,0.30609131,0.25573731,-1.3450623
23444,0.38024902,0.32806397,-1.4234924
23445,0.37780762,0.36407471,-1.1276245
23446,0.30975342,0.38772583,-1.3987732
23447,0.19348145,0.46936035,-1.2686157
23448,0.28167725,0.52154541,-1.25
23449,0.28411865,0.57342529,-1.247406
23450,0.034790039,0.51345825,-1.2524414
23451,-0.038146973,0.60379028,-1.3510132
23452,0.02746582,0.72448731,-1.3952637
23453,0.095214844,0.84259033,-1.2808228
23454,-0.074005127,0.7951355,-1.1621094
23455,-0.14678955,0.91674805,-1.2260437
23456,-0.13977051,0.92346191,-1.0977173
23457,-0.19348145,0.97442627,-1.1534119
23458,-0.30212402,1.1247253,-0.97869873
23459,-0.31005859,0.96847534,-1.0714722
23460,-0.29388428,0.77636719,-0.9753418
23461,-0.29586792,1.0456848,-1.0070801
23462,-0.53466797,1.0174561,-0.93505859
23463,-0.53314209,1.1306763,-0.97747803
23464,-0.61325073,1.1483765,-1.0118103
23465,-0.63201904,1.1343384,-0.90957642
23466,-0.77209473,1.1694336,-0.85525513
23467,-0.79696655,1.0971069,-0.86166382
23468,-0.85159302,1.036377,-0.92132568
23469,-0.95550537,1.1187744,-0.93338013
23470,-0.89187622,1.1709595,-0.78338623
23471,-0.85983276,1.2121582,-0.78369141
23472,-1.072998,1.3430786,-0.65307617
23473,-0.87997437,1.2359619,-0.59143066
23474,-1.1195374,1.1210632,-0.55389404
23475,-1.2301636,1.1885071,-0.41000366
23476,-1.3766479,1.1108398,-0.40344238
23477,-1.2042236,1.3096619,-0.4170227
23478,-1.2901306,1.2086487,-0.34088135
23479,-1.5632629,0.56411743,-0.63766479
23480,-1.3432312,1.0458374,-0.30975342
23481,-1.5802002,1.0928345,-0.27069092
23482,-1.5895081,1.1807251,-0.13916016
23483,-1.5234375,1.1360168,-0.12405395
23484,-1.4538574,1.1865234,-0.058135986
23485,-1.6795349,1.1331177,-0.024871826
23486,-1.6209412,1.0421753,-0.051116943
23487,-1.5612793,1.0743713,0.015716553
23488,-1.8663025,1.0754395,0.077819824
23489,-1.7059326,1.2757874,0.10070801
23490,-1.7436218,1.1242676,0.22064209
23491,-1.6685486,1.1480713,0.16876221
23492,-1.8043518,1.0720825,0.26931763
23493,-1.7961121,1.0696411,0.35980225
23494,-1.8164063,1.018219,0.21606445
23495,-1.8962097,0.87295532,0.48171997
23496,-2.0141602,0.91049194,0.30670166
23497,-1.872406,0.79467773,0.41137695
23498,-1.9281006,0.78567505,0.51422119
23499,-1.9102478,2.15271,0.49057007
23500,-1.9851685,0.77087402,0.64697266
23501,-1.9667053,0.8215332,0.71578979
23502,-1.9703674,0.55145264,0.54275513
23503,-1.9802856,0.59112549,0.81253052
23504,-2.015686,0.50048828,0.78186035
23505,-2.0330811,0.40878296,0.82641602
23506,-2.0108032,0.46142578,0.83694458
23507,-1.9750977,0.37612915,1.0853577
23508,-2.1217346,0.45227051,1.0978699
23509,-2.1800232,0.35079956,1.0969543
23510,-1.9511414,0.27145386,1.186676
23511,-2.0146179,0.14984131,1.2646484
23512,-2.0759583,0.1499939,1.2602234
23513,-2.0170593,0.04486084,1.3323975
23514,-2.0516968,0.024719238,1.2991333
23515,-1.9676209,0.037536621,1.3360596
23516,-2.0849609,-0.093994141,1.3583374
23517,-1.9172668,-0.012512207,1.3070679
23518,-2.0266724,-0.22109985,1.5110779
23519,-1.9300842,-0.28671265,1.2561035
23520,-1.9165039,-0.16967773,1.3581848
23521,-1.7453003,-0.2923584,1.3720703
23522,-1.8736267,-0.51086426,1.399231
23523,-1.9429016,-0.33111572,1.496582
23524,-1.6136169,-0.4574585,1.6596985
23525,-1.5463257,-0.56915283,1.6488647
23526,-1.7695618,-0.69366455,1.6152954
23527,-1.7103577,-0.62866211,1.6090393
23528,-1.7558289,-0.58654785,1.5979004
23529,-1.8408203,-0.57189941,1.4984131
23530,-1.5466309,-0.74066162,1.6384888
23531,-1.7492676,-0.85494995,1.5852356
23532,-1.6964722,-1.0415649,1.5934753
23533,-1.7485046,-1.0136414,1.7514038
23534,-1.5228271,-1.1039734,1.7453003
23535,-1.3090515,-0.98312378,1.8450928
23536,-1.4483643,-0.93841553,1.9030762
23537,-1.5974426,-1.1741638,1.9703674
23538,-1.5374756,-1.2322998,1.8521118
23539,-1.3723755,-1.2825012,1.9262695
23540,-1.413269,-1.4256287,1.7617798
23541,-1.2850952,-1.4926147,1.8258667
23542,-1.2898254,-1.6874695,1.6946411
23543,-1.3052368,-1.4981079,1.7631531
23544,-1.4053345,-1.8214416,1.6094971
23545,-1.0321045,-1.5951538,1.862793
23546,-0.97351074,-1.5623474,1.8885803
23547,-0.89233398,-1.6136169,1.8244934
23548,-0.94223022,-1.668396,1.8739319
23549,-0.88668823,-1.5496826,1.9300842
23550,-0.66680908,-1.7158508,1.8998718
23551,-0.62210083,-1.77948,1.8086243
23552,-0.87890625,-1.8911743,1.6752625
23553,-0.72311401,-1.8249512,1.6067505
23554,-0.7333374,-1.9491577,1.6911316
23555,-0.58654785,-1.8319702,1.6886902
23556,-0.57403565,-2.0437622,1.8551636
23557,-0.54718018,-2.1084595,1.7022705
23558,-0.44616699,-1.9306946,1.733551
23559,-0.41824341,-1.9789124,1.7623901
23560,-0.37567139,-2.0259094,1.8177795
23561,-0.32180786,-2.0619202,1.6421509
23562,-0.22216797,-2.0462036,1.6430664
23563,-0.17425537,-2.2296143,1.5457153
23564,-0.20202637,-2.5587463,1.6448975
23565,-0.2255249,-2.2369385,1.4813232
23566,-0.18676758,-2.2993469,1.4280701
23567,0.016174316,-2.1905518,1.3502502
23568,-0.002288818,-1.9245911,1.2634277
23569,-0.042572021,-2.1220398,1.2976074
23570,0.060882568,-2.1298218,1.2374878
23571,0.14785767,-2.0292664,1.2039185
23572,0.27328491,-2.2808838,1.0090637
23573,0.26168823,-2.2250366,1.1494446
23574,0.33752441,-2.2950745,1.0786438
23575,0.38833618,-2.3301697,0.98175049
23576,0.38421631,-2.3518372,0.88043213
23577,0.38528442,-2.3204041,1.1390686
23578,0.39428711,-2.2624207,0.9475708
23579,0.51528931,-2.1980286,0.81420898
23580,0.57739258,-2.2340393,0.7522583
23581,0.63796997,-2.2221375,0.74813843
23582,0.546875,-2.1315002,0.72174072
23583,0.61813354,-2.0191956,0.65383911
23584,0.67092896,-1.9473267,0.58303833
23585,0.81497192,-1.9487,0.52093506
23586,0.69580078,-2.0298767,0.59112549
23587,0.78979492,-2.1565247,0.41290283
23588,0.7850647,-1.998291,0.43746948
23589,0.84976196,-2.0103455,0.46020508
23590,0.85739136,-1.836853,0.23223877
23591,0.94726563,-1.9468689,0.28579712
23592,1.0391235,-1.8980408,0.29998779
23593,0.88104248,-1.8647766,0.12237549
23594,0.82763672,-1.8928528,0.22216797
23595,0.9211731,-1.8148804,-0.0390625
23596,0.89767456,-1.8363953,-0.051879883
23597,0.88531494,-1.7041016,-0.12771606
23598,1.124115,-1.7597961,-0.080718994
23599,1.1575317,-1.6937256,-0.12023926
23600,1.1601257,-1.655426,-0.090942383
23601,1.0308838,-1.6415405,-0.042419434
23602,0.99624634,-1.6313171,-0.051879883
23603,1.036377,-1.5003967,-0.14572144
23604,1.1508179,-1.5245056,-0.33218384
23605,1.0768127,-1.4610291,-0.32684326
23606,1.1256409,-1.4575195,-0.52383423
23607,1.0748291,-1.4004517,-0.54931641
23608,1.0832214,-1.4190674,-0.51635742
23609,1.0508728,-1.3424683,-0.58959961
23610,1.1277771,-1.2817383,-0.58197022
23611,0.98571777,-1.1961365,-0.73440552
23612,1.09375,-1.1653137,-0.66650391
23613,0.98937988,-1.0469055,-0.72555542
23614,0.75531006,-0.96313477,-0.79086304
23615,1.0185242,-1.1123657,-0.77316284
23616,0.98510742,-0.94680786,-0.77026367
23617,0.8605957,-0.86273193,-0.98266602
23618,0.8631897,-0.72021484,-0.85998535
23619,0.97717285,-0.64910889,-0.88607788
23620,1.0168457,-0.48171997,-1.1134338
23621,0.84518433,-0.66970825,-1.1149597
23622,0.83328247,-0.59997559,-0.87997437
23623,0.94284058,-0.46600342,-0.96343994
23624,0.82046509,-0.27816772,-1.1201477
23625,0.99731445,-0.23849487,-1.058197
23626,0.74249268,-0.53222656,-1.161499
23627,0.80657959,-0.3263855,-1.2030029
23628,0.78353882,-0.25207519,-1.1753845
23629,0.71975708,-0.37841797,-1.1872864
23630,0.79818726,-0.23254395,-1.2445068
23631,0.72174072,0.88760376,-1.3122559
23632,0.7925415,0.08026123,-1.1929321
23633,0.66482544,0.001220703,-1.1196899
23634,0.45898438,-0.28381348,-1.333313
23635,0.44387817,-0.073699951,-1.2431335
23636,0.5871582,0.11108398,-1.1657715
23637,0.65582275,0.007019043,-1.2892151
23638,0.41992188,0.31387329,-1.3952637
23639,0.36117554,0.3503418,-1.3121033
23640,0.262146,0.42144775,-1.1799622
23641,0.22018433,0.32867432,-1.3134766
23642,0.23880005,0.36895752,-1.4393616
23643,0.090484619,0.62911987,-1.1253357
23644,0.13519287,0.52185059,-1.0446167
23645,-0.084533691,0.62469482,-1.2794495
23646,-0.060272217,0.58898926,-1.2718201
23647,-0.21102905,0.62026978,-1.0580444
23648,-0.1234436,0.50796509,-1.1138916
23649,-0.29769897,0.69290161,-1.2127686
23650,-0.21087647,0.69732666,-1.0627747
23651,-0.32836914,0.72814941,-0.88882446
23652,-0.22583008,0.90240478,-0.92956543
23653,-0.46630859,0.82473755,-0.97915649
23654,-0.46585083,1.0440063,-0.94970703
23655,-0.43624878,1.0092163,-0.84640503
23656,-0.43380737,0.91873169,-0.89279175
23657,-0.50064087,0.93887329,-0.87493897
23658,-0.61523438,0.99014282,-0.9487915
23659,-0.56533813,0.80764771,-1.0096741
23660,-0.7359314,1.0346985,-1.1253357
23661,-0.76202393,1.0353088,-0.90866089
23662,-0.73196411,1.2503052,-0.94421387
23663,-0.71975708,1.295166,-0.70159912
23664,-0.92819214,1.2013245,-0.71502685
23665,-0.78781128,1.1927795,-0.66329956
23666,-0.94726563,1.091156,-0.62561035
23667,-0.98205566,1.1355591,-0.49865723
23668,-1.1186218,1.224823,-0.42327881
23669,-1.2486267,1.3194275,-0.42953491
23670,-1.2509155,1.2893677,-0.41305542
23671,-1.1686707,1.0992432,-0.3086853
23672,-1.3119507,1.1463928,-0.38009644
23673,-1.2716675,1.0997009,-0.43395996
23674,-1.3996887,1.105957,-0.22613525
23675,-0.84960938,0.8203125,-0.63232422
23676,-1.5200806,0.96633911,-0.34927368
23677,-1.5603638,0.909729,-0.11077881
23678,-1.3809204,0.99014282,-0.11230469
23679,-1.444397,1.0847473,-0.070037842
23680,-1.599884,1.0577393,-0.18814087
23681,-1.7530823,0.99975586,0.048065186
23682,-1.7617798,1.1520386,0.067749023
23683,-1.630249,1.0572815,0.16479492
23684,-1.7485046,0.94589233,0.28427124
23685,-1.7730713,1.0559082,0.32592773
23686,-1.9140625,1.1619568,0.38192749
23687,-1.8353271,1.0794067,0.24078369
23688,-1.8453979,1.0603333,0.31005859
23689,-1.7399597,0.82962036,0.35018921
23690,-1.8490601,0.80429077,0.48919678
23691,-1.912384,0.98449707,0.59829712
23692,-1.9616699,0.71426392,0.48400879
23693,-2.1405029,0.6439209,0.74050903
23694,-2.0600891,0.69473267,0.7510376
23695,-2.1873474,0.34103394,0.80383301
23696,-1.945343,0.35751343,0.77392578
23697,-2.124939,1.9525146,0.82870483
23698,-2.1179199,0.60546875,0.94055176
23699,-2.1028137,0.55984497,1.0310364
23700,-2.0018005,0.49346924,0.96878052
23701,-2.1580505,0.59265137,1.0723877
23702,-2.199707,0.28076172,1.0229492
23703,-2.2433472,0.35690308,1.0630798
23704,-2.0179749,0.25146484,0.92681885
23705,-2.2380066,0.28747559,1.2129211
23706,-2.0509338,0.24505615,1.2014771
23707,-1.9836426,0.12023926,1.171875
23708,-1.8753052,0.22613525,1.293335
23709,-1.7643738,0.14602661,1.1871338
23710,-1.8814087,-0.003051758,1.2324524
23711,-2.122345,-0.11322022,1.4234924
23712,-1.968689,-0.1322937,1.5644836
23713,-1.9924927,-0.22659302,1.469574
23714,-1.9625854,-0.2482605,1.265564
23715,-1.9100952,-0.43457031,1.5821838
23716,-2.0141602,-0.22109985,1.521759
23717,-1.9000244,-0.55923462,1.5280151
23718,-1.8147278,-0.52658081,1.6777039
23719,-1.9390869,-0.53604126,1.7712402
23720,-1.7601013,-0.6716919,1.8502808
23721,-1.8797302,-0.75439453,1.6282654
23722,-1.8940735,-0.95077515,1.7021179
23723,-1.9035339,-1.0614014,1.600647
23724,-1.8159485,-1.1433411,1.6270447
23725,-1.7781067,-0.99273682,1.8035889
23726,-1.7054749,-1.0652161,1.75354
23727,-1.6673279,-0.82946777,1.5168762
23728,-1.6996765,-1.1019897,1.7826843
23729,-1.7030334,-1.3659668,1.574707
23730,-1.6317749,-1.2626648,1.8692017
23731,-1.6053772,-1.0945129,1.8792725
23732,-1.5908813,-1.3835144,2.0645142
23733,-1.605072,-1.37146,1.8847656
23734,-1.4598084,-1.3825989,1.6900635
23735,-1.5133667,-1.4738464,1.8267822
23736,-1.4016724,-1.2348938,1.8371582
23737,-1.2290955,-1.2963867,1.8661499
23738,-1.210022,-1.2438965,1.8771362
23739,-1.1601257,-1.9255066,2.0425415
23740,-1.1471558,-1.6522217,1.7268372
23741,-1.1839294,-1.6343689,1.9425964
23742,-0.94177246,-1.7485046,1.8475342
23743,-0.8946228,-1.7321777,1.7773438
23744,-0.80947876,-1.7018127,1.7651367
23745,-0.79803467,-1.7062378,1.6888428
23746,-0.79544067,-1.7997742,1.7532349
23747,-0.70205688,-1.7736816,1.7904663
23748,-0.66467285,-1.7858887,1.7980957
23749,-0.70739746,-1.9624329,1.9171143
23750,-0.54733276,-2.0065308,1.6694641
23751,-0.43548584,-1.9512939,1.847229
23752,-0.37322998,-1.975708,1.6986084
23753,-0.42419434,-2.0310974,1.5039063
23754,-0.31860352,-2.1882629,1.4933777
23755,-0.35995483,-2.1408081,1.592865
23756,-0.23864746,-2.1295166,1.547699
23757,-0.09979248,-2.1232605,1.4971924
23758,-0.13000488,-2.0875549,1.4767456
23759,-0.006866455,-2.0133972,1.2837219
23760,-0.14892578,-2.046051,1.2580872
23761,-0.062408447,-2.1087646,1.1584473
23762,0.0050354,-2.2212219,1.3647461
23763,0.16372681,-2.5527954,1.2335205
23764,0.20355225,-2.3719788,1.2973022
23765,0.24887085,-2.2686768,1.1753845
23766,0.30288696,-2.2537231,1.2519836
23767,0.30090332,-2.1893311,1.1906433
23768,0.36682129,-2.1914673,1.1300659
23769,0.37307739,-2.1734619,0.90103149
23770,0.45837402,-2.3791504,0.89126587
23771,0.49972534,-2.2642517,1.072998
23772,0.42602539,-2.1672058,0.8921814
23773,0.65322876,-2.1543884,0.83984375
23774,0.53024292,-2.2525024,0.66177368
23775,0.58410644,-2.1844482,0.80688477
23776,0.58258057,-2.1629333,0.77224731
23777,0.64682007,-2.0046997,0.65872192
23778,0.67657471,-1.9720459,0.57540894
23779,0.7925415,-1.8963623,0.54382324
23780,0.89508057,-2.0483398,0.43899536
23781,0.95733643,-2.0031738,0.46585083
23782,0.84167481,-1.9438171,0.44387817
23783,1.1026001,-1.9541931,0.3352356
23784,0.89538574,-2.0593262,0.32623291
23785,0.97061157,-1.9561768,0.10421753
23786,1.2510681,-1.8501282,0.18630981
23787,1.1169434,-1.8325806,0.10864258
23788,1.1724854,-1.7977905,0.13412476
23789,0.99716187,-1.7512512,0.10269165
23790,1.3110352,-1.9744873,-0.037231445
23791,1.0392761,-1.9223022,-0.11917114
23792,1.0266113,-1.5625,-0.096282959
23793,1.1724854,-1.6894531,-0.27801514
23794,1.1590576,-1.6847229,-0.24795532
23795,1.4401245,-1.6854858,-0.27755737
23796,1.1924744,-1.5789795,-0.25512695
23797,1.0853577,-1.5415955,-0.23284912
23798,1.1633301,-1.4190674,-0.37780762
23799,1.3342285,-1.3156128,-0.43609619
23800,1.3800049,-1.3317871,-0.51818848
23801,1.1045837,-1.3084412,-0.5406189
23802,1.2542725,-1.342926,-0.61828613
23803,1.206665,-1.3023376,-0.56060791
23804,1.2129211,-1.2159729,-0.57922363
23805,1.2667847,-1.1193848,-0.7119751
23806,1.0499573,-1.003418,-0.78033447
23807,1.1186218,-1.166687,-0.82260132
23808,1.0133362,-1.1225891,-0.82565308
23809,1.0203552,-1.0972595,-0.79315185
23810,0.99914551,-0.70922852,-0.80963135
23811,0.99563599,-0.88363647,-0.82321167
23812,1.0664368,-0.68862915,-0.86135864
23813,0.9487915,-0.74020386,-0.98236084
23814,1.043396,-0.69976807,-1.002655
23815,1.0322571,-0.62911987,-1.0826111
23816,1.0307312,-0.61264038,-1.0455322
23817,1.0255432,-0.49530029,-1.0351563
23818,0.97457886,-0.4914856,-1.1012268
23819,0.90652466,-0.40985107,-1.1962891
23820,0.86105347,-0.46356201,-1.0993958
23821,0.84472656,-0.26626587,-1.2490845
23822,0.81253052,-0.2420044,-1.15448
23823,0.84075928,-0.16021728,-1.3894653
23824,0.74829102,-0.17089844,-1.3723755
23825,0.71304321,-0.084991455,-1.3877869
23826,0.68481445,-0.063781738,-1.2541199
23827,0.46905518,-0.79147339,-1.5394592
23828,0.18310547,-0.32684326,-1.3011169
23829,0.17654419,0.65246582,-1.5551758
23830,0.47088623,0.11535645,-1.3873291
23831,0.39215088,0.25924683,-1.3122559
23832,0.4258728,0.38375855,-1.4439392
23833,0.42861939,0.48400879,-1.35849
23834,0.23773193,0.27709961,-1.3310242
23835,0.16723633,0.5657959,-1.1755371
23836,0.16662598,0.55969238,-1.388855
23837,0.28152466,0.54382324,-1.361084
23838,0.17471313,0.48553467,-1.2310791
23839,0.24017334,0.51269531,-1.2683105
23840,0.16433716,0.57739258,-1.5136719
23841,0.073242188,0.70800781,-1.1752319
23842,0.042877197,0.75683594,-1.494751
23843,0.006866455,0.74935913,-1.0617065
23844,-0.16586304,0.84503174,-1.3206482
23845,-0.23361206,0.84320068,-1.0545349
23846,-0.26855469,0.90637207,-1.2631226
23847,-0.3503418,0.92285156,-1.0997009
23848,-0.47454834,0.99914551,-1.0646057
23849,-0.59921265,1.1395264,-1.0583496
23850,-0.63110352,0.91949463,-0.99227905
23851,-0.69824219,0.82458496,-1.1830139
23852,-0.62362671,1.0287476,-1.1352539
23853,-0.70022583,0.98999023,-1.0734558
23854,-0.79544067,1.1671448,-0.94421387
23855,-0.78186035,1.2368774,-0.73959351
23856,-0.90164185,1.312561,-0.84533691
23857,-0.91110229,1.1734009,-0.85479736
23858,-0.76477051,1.0780334,-0.68756103
23859,-1.0565186,1.1761475,-0.6489563
23860,-0.98220825,1.0237122,-0.62133789
23861,-1.0931396,1.1180115,-0.45257568
23862,-1.1930847,1.2460327,-0.69503784
23863,-1.3427734,1.3261414,-0.60470581
23864,-1.3227844,1.3435364,-0.52276611
23865,-1.3420105,1.2113953,-0.49530029
23866,-1.4953613,1.3447571,-0.39764404
23867,-1.5280151,1.1756897,-0.45227051
23868,-1.4952087,1.1402893,-0.34927368
23869,-1.526947,1.0830688,-0.35461426
23870,-1.6114807,1.1566162,-0.29891968
23871,-1.7570496,0.92346191,-0.43319702
23872,-1.6017151,0.97747803,-0.22872925
23873,-1.6349792,1.1143494,0.0730896
23874,-1.7605591,0.98693848,0.18554688
23875,-1.7417908,1.0374451,0.13717651
23876,-1.6932678,1.0527039,-0.017547607
23877,-1.7633057,1.0707092,0.06652832
23878,-1.7547607,1.0682678,0.10482788
23879,-1.7129517,0.99502563,0.32836914
23880,-1.6925049,1.0751343,0.33050537
23881,-1.8983459,0.98846435,0.29159546
23882,-2.1243286,0.86013794,0.40771484
23883,-2.013855,0.9362793,0.35583496
23884,-1.8618774,0.91064453,0.4095459
23885,-2.041626,1.0310364,0.43457031
23886,-2.0840454,0.73638916,0.5657959
23887,-1.8832397,0.64941406,0.60729981
23888,-2.0248413,0.7107544,0.62103272
23889,-2.0121765,0.74829102,0.58151245
23890,-2.0452881,0.42999268,0.70205688
23891,-1.9816589,0.74005127,0.80337524
23892,-2.1133423,0.74951172,0.73944092
23893,-1.834259,0.33996582,0.82305908
23894,-2.1638489,0.42541504,0.87295532
23895,-2.0495605,1.4930725,0.77392578
23896,-2.0829773,0.55114746,0.84747315
23897,-2.1070862,0.44250488,1.0824585
23898,-2.2157288,0.43914795,1.0873413
23899,-2.1379089,0.34835815,1.0760498
23900,-2.1568298,0.32592773,1.2857056
23901,-2.2587585,0.17990112,1.2028503
23902,-2.1017456,0.1852417,1.1688232
23903,-2.2035217,0.12939453,1.2219238
23904,-2.0417786,-0.075836182,1.4692688
23905,-2.2305298,-0.14129639,1.3896179
23906,-2.0932007,-0.001983643,1.4431763
23907,-1.9143677,-0.091400146,1.3365173
23908,-2.2563171,-0.24795532,1.4633179
23909,-2.1203613,-0.32592773,1.4952087
23910,-2.0799255,-0.30731201,1.5057373
23911,-2.0559692,-0.41778564,1.4810181
23912,-1.9287109,-0.45898438,1.7735291
23913,-1.8528748,-0.37094116,1.5844727
23914,-1.8244934,-0.44189453,1.5835571
23915,-1.8411255,-0.57174683,1.8844604
23916,-1.9238281,-0.55984497,1.8652344
23917,-1.7092896,-0.55496216,1.8519592
23918,-1.6581726,-0.57479858,1.8777466
23919,-1.6949463,-0.62591553,1.7971802
23920,-1.7636108,-0.78720093,1.875
23921,-1.8988037,-0.87768555,1.8981934
23922,-1.8330383,-0.8555603,1.9047546
23923,-1.7210388,-1.2213135,1.7800903
23924,-1.605072,-1.035614,1.7643738
23925,-1.663208,-1.1138916,1.8919373
23926,-1.5682983,-1.187439,2.0031738
23927,-1.756134,-1.1955261,1.9415283
23928,-1.4190674,-1.2748718,2.1131897
23929,-1.5802002,-1.5148926,1.9638062
23930,-1.5252686,-1.5394592,1.9844055
23931,-1.3598633,-1.6249084,1.9438171
23932,-1.4477539,-1.7402649,1.852417
23933,-1.2084961,-1.8313599,1.8322754
23934,-1.2443542,-1.7906189,1.7030334
23935,-1.1581421,-1.7622375,1.8539429
23936,-1.2059021,-1.8139648,1.9003296
23937,-1.151886,-1.5916443,1.8518066
23938,-1.055603,-1.7602539,1.9174194
23939,-0.86425781,-1.6931152,1.9004822
23940,-0.90057373,-1.6325378,1.9744873
23941,-0.90576172,-1.7132568,1.9970703
23942,-0.86105347,-1.7944336,1.9166565
23943,-0.74966431,-1.7340088,1.8449402
23944,-0.64636231,-1.8151855,1.7944336
23945,-0.51879883,-2.0143127,1.9132996
23946,-0.48324585,-2.0794678,1.8426514
23947,-0.45043945,-2.0716858,1.6377258
23948,-0.38909912,-2.056427,1.64505
23949,-0.42312622,-2.1125793,1.541748
23950,-0.31005859,-2.2483826,1.5550232
23951,-0.33020019,-2.0819092,1.5232849
23952,-0.29510498,-2.0957947,1.5019226
23953,-0.22338867,-2.1948242,1.4205933
23954,-0.16448975,-2.29599,1.3952637
23955,-0.056762695,-2.3831177,1.4009094
23956,-0.034790039,-2.3603821,1.4839172
23957,0.009765625,-2.3626709,1.3594055
23958,0.072021484,-2.2399902,1.3166809
23959,0.15563965,-2.210083,1.4230347
23960,0.24520874,-2.4624634,1.2036133
23961,0.3062439,-2.3576355,1.2077332
23962,0.33996582,-2.4346924,1.2001038
23963,0.34500122,-2.4131775,1.1860657
23964,0.43106079,-2.3199463,1.0969543
23965,0.43960571,-2.2923279,1.0383606
23966,0.52520752,-2.2515869,1.0322571
23967,0.57754517,-2.2071838,0.94284058
23968,0.62393188,-2.1838379,0.83587647
23969,0.69320679,-2.2038269,0.76934815
23970,0.76644897,-2.1563721,0.7359314
23971,0.76828003,-2.1029663,0.72875977
23972,0.79589844,-2.0661926,0.71105957
23973,0.82489014,-2.068634,0.61645508
23974,0.79620361,-2.0861816,0.55175781
23975,0.8013916,-2.1133423,0.54656982
23976,0.83343506,-2.0848083,0.46630859
23977,0.90362549,-2.0822144,0.45837402
23978,0.93917847,-2.118988,0.49377441
23979,0.95077515,-2.0909119,0.30944824
23980,0.99502563,-2.0571899,0.29388428
23981,1.03302,-1.9502258,0.16769409
23982,1.0578918,-2.2099304,0.042877197
23983,1.072998,-2.0506287,0.089416504
23984,1.0824585,-2.0063782,0.074005127
23985,1.2019348,-1.8968201,0.079650879
23986,1.179657,-2.0399475,0.062561035
23987,1.053772,-2.0159912,0.040588379
23988,1.1164856,-1.9784546,0.057830811
23989,1.3642883,-1.8197632,-0.051269531
23990,1.0734558,-1.8661499,-0.15167236
23991,1.4161682,-2.0118713,-0.35858154
23992,1.1244202,-1.6830444,-0.30426025
23993,1.1985779,-1.5853882,-0.41625977
23994,1.1109924,-1.5649414,-0.44921875
23995,1.2387085,-1.7327881,-0.56259155
23996,1.2232971,-1.5652466,-0.64193726
23997,1.1473084,-1.5979004,-0.54153442
23998,1.0322571,-1.4627075,-0.52276611
23999,1.2675476,-1.4044189,-0.54443359
24000,1.3952637,-1.1929321,-0.69702148
24001,1.1752319,-1.1380005,-0.76278687
24002,1.1360168,-1.2252808,-0.69580078
24003,1.1740112,-1.2084961,-0.78369141
24004,1.1682129,-1.2408447,-0.83206177
24005,1.1836243,-1.0812378,-0.84320068
24006,1.204834,-0.97976685,-0.8782959
24007,1.1602783,-0.93444824,-1.0314941
24008,1.0664368,-0.90484619,-0.95291138
24009,1.0202026,-0.96496582,-1.0061646
24010,1.0345459,-0.84075928,-0.93536377
24011,1.0710144,-0.83602905,-1.1282349
24012,1.0140991,-0.71960449,-1.1265564
24013,1.1398315,-0.72448731,-1.0998535
24014,1.0243225,-0.5065918,-1.2963867
24015,0.96252441,-0.31219482,-1.2213135
24016,0.98464966,-0.22125244,-1.2501526
24017,0.86273193,-0.25588989,-1.3116455
24018,0.89035034,-0.17364502,-1.2548828
24019,0.86212158,-0.19897461,-1.2501526
24020,0.84030151,-0.16189575,-1.3426209
24021,0.82885742,-0.14083862,-1.1724854
24022,0.8102417,0.035705566,-1.3208008
24023,0.47485352,-0.23910523,-1.4115906
24024,0.41931152,-0.3225708,-1.5512085
24025,0.58319092,-0.37109375,-1.6244507
24026,0.54260254,-0.038146973,-1.4756775
24027,0.48614502,0.12268066,-1.4163208
24028,0.35308838,0.24963379,-1.1375427
24029,0.36758423,0.37017822,-1.2290955
24030,0.28533936,0.4069519,-1.4645386
24031,0.29342651,0.47119141,-1.394043
24032,0.016174316,0.40267944,-1.2423706
24033,0.14526367,0.48538208,-1.2911987
24034,0.050354004,0.57861328,-1.3467407
24035,0.013427734,0.75363159,-1.3420105
24036,0.011291504,0.82839966,-1.3104248
24037,-0.036468506,0.69351196,-1.4073181
24038,-0.098266602,0.59951782,-1.3726807
24039,-0.23483276,0.74859619,-1.3226318
24040,-0.17425537,0.81115723,-1.3589478
24041,-0.3843689,0.93673706,-1.3302612
24042,-0.40252686,1.0427856,-1.2490845
24043,-0.26733398,0.98220825,-1.3047791
24044,-0.55053711,1.003418,-1.2271118
24045,-0.37902832,1.0992432,-1.0095215
24046,-0.4788208,1.2232971,-1.1381531
24047,-0.56625366,1.2133789,-1.0665894
24048,-0.71807861,1.2149048,-0.95703125
24049,-0.65429688,1.2843323,-1.0328674
24050,-0.50598144,1.0093689,-0.98175049
24051,-0.84335327,1.1599731,-0.87524414
24052,-0.86151123,1.3406372,-0.73242188
24053,-0.84060669,1.4788818,-0.72998047
24054,-1.0673523,1.360321,-0.75820923
24055,-0.92559815,1.5473938,-0.75744629
24056,-0.99838257,1.2976074,-0.79208374
24057,-1.1251831,1.2545776,-0.58135986
24058,-1.2423706,1.3070679,-0.76919556
24059,-1.2365723,1.2947083,-0.74081421
24060,-1.3005066,1.2557983,-0.61233521
24061,-1.4070129,1.26297,-0.63964844
24062,-1.3812256,1.4923096,-0.41366577
24063,-1.5534973,1.4071655,-0.35522461
24064,-1.4775085,1.3269043,-0.27435303
24065,-1.5238953,1.2081909,-0.31738281
24066,-1.5736389,1.1195374,-0.23071289
24067,-1.4883423,1.2789917,-0.25787353
24068,-1.7428589,1.1987305,-0.2470398
24069,-1.6555786,1.1108398,-0.1348877
24070,-1.6545105,1.0876465,-0.071411133
24071,-1.7710876,1.2167358,0.12329102
24072,-1.8504334,1.3555908,0.15625
24073,-1.9573975,1.242981,0.17410278
24074,-1.938324,1.4289856,0.24871826
24075,-1.9715881,1.2294006,0.29403686
24076,-1.9541931,1.1688232,0.28656006
24077,-2.0376587,1.1898804,0.37719727
24078,-1.9276428,1.2322998,0.4107666
24079,-2.0272827,1.2091064,0.32180786
24080,-1.9287109,1.2081909,0.443573
24081,-2.1652222,1.0115051,0.49682617
24082,-2.0457458,1.1361694,0.59173584
24083,-1.9728088,1.1238098,0.67687988
24084,-2.1556091,0.9715271,0.59066772
24085,-2.3806763,0.87005615,0.84594727
24086,-2.2808838,0.78186035,0.80200195
24087,-2.2718811,0.84106445,0.84762573
24088,-2.1316528,0.63720703,0.91247559
24089,-2.1925354,0.5960083,0.90072632
24090,-2.2047424,0.60455322,1.0501099
24091,-2.2972107,0.53085327,1.0705566
24092,-2.2885132,0.2041626,1.1364746
24093,-2.2114563,0.28198242,1.1184692
24094,-2.2518921,0.29251099,1.1421204
24095,-2.278595,0.28488159,1.1708069
24096,-1.8731689,0.1486206,1.0792541
24097,-2.2363281,0.1663208,1.2188721
24098,-2.1395874,0.39825439,1.289978
24099,-2.1505737,0.15258789,1.4189148
24100,-2.0739746,0.11779785,1.3195801
24101,-1.9525146,-0.15853882,1.2940979
24102,-1.819458,-0.27389526,1.2301636
24103,-2.1456909,-0.056304932,1.3690186
24104,-2.1310425,-0.11901856,1.559906
24105,-1.9641113,-0.14068603,1.5016174
24106,-2.1418762,-0.1550293,1.7674255
24107,-1.9641113,-0.40481567,1.696167
24108,-1.8936157,-0.080718994,1.7095947
24109,-2.0048523,-0.35797119,1.7449951
24110,-1.839447,-0.50445557,1.8115234
24111,-2.0445251,-0.55633545,1.8148804
24112,-1.947937,-0.69580078,1.8849182
24113,-1.9924927,-0.77957153,1.8618774
24114,-1.9802856,-0.84350586,1.7816162
24115,-2.0053101,-0.81542969,1.9311523
24116,-1.8467712,-1.0836792,1.7997742
24117,-1.9226074,-1.0229492,2.0201111
24118,-1.8766785,-1.0801697,1.9865417
24119,-1.7539978,-1.232605,1.9093323
24120,-1.7324829,-1.2936401,2.1408081
24121,-1.7062378,-1.4550781,2.0301819
24122,-1.7268372,-1.4697266,1.9415283
24123,-1.7294312,-1.4089966,1.9569397
24124,-1.6949463,-1.2442017,1.9953918
24125,-1.6601563,-1.3442993,1.8739319
24126,-1.4085388,-1.3594055,1.9677734
24127,-1.5020752,-1.4801025,1.8237305
24128,-1.4889526,-1.5063477,2.1723938
24129,-1.3825989,-1.5133667,2.208252
24130,-1.3975525,-1.7315674,2.2151184
24131,-1.2335205,-1.7253113,2.0721436
24132,-1.1444092,-2.0042419,1.9174194
24133,-1.3198853,-1.8737793,2.0903015
24134,-1.0090637,-1.9618225,2.0800781
24135,-1.0858154,-1.8762207,2.0210266
24136,-0.990448,-1.9245911,2.0269775
24137,-0.82763672,-1.8112183,1.9874573
24138,-0.72601318,-1.9506836,1.870575
24139,-0.64437866,-2.0803833,1.8716431
24140,-0.61904907,-2.0309448,1.8444824
24141,-0.59921265,-1.9502258,1.9425964
24142,-0.55374146,-1.9541931,1.8572998
24143,-0.51071167,-2.0861816,1.8939209
24144,-0.40588379,-2.2111511,1.8029785
24145,-0.37536621,-2.1871948,1.8115234
24146,-0.28915405,-2.1827698,1.7807007
24147,-0.34622192,-2.2753906,1.8371582
24148,-0.26062012,-2.2503662,1.6313171
24149,-0.24993897,-2.4395752,1.7602539
24150,-0.043640137,-2.323761,1.493988
24151,-0.052490234,-2.311554,1.608429
24152,0.036010742,-2.3731995,1.5049744
24153,0.043792725,-2.4026489,1.5827942
24154,0.062408447,-2.4240112,1.4584351
24155,0.16357422,-2.3901367,1.3267517
24156,0.25512695,-2.3474121,1.3198853
24157,0.38970947,-2.2216797,1.3978577
24158,0.43365478,-2.3857117,1.3665771
24159,0.28121948,-2.4137878,1.0961914
24160,0.3817749,-2.5579834,1.1453247
24161,0.33569336,-2.4819946,1.1865234
24162,0.49499512,-2.4789429,1.0461426
24163,0.57067871,-2.545929,1.0139465
24164,0.57922363,-2.6068115,0.96435547
24165,0.63186646,-2.5901794,0.92773438
24166,0.65582275,-2.331543,0.80108643
24167,0.8265686,-2.3712158,0.77194214
24168,0.63278198,-2.4736023,0.75210571
24169,0.80352783,-2.4729919,0.58319092
24170,0.7472229,-2.3803711,0.79040527
24171,0.65689087,-2.4206543,0.59906006
24172,1.0482788,-2.2589111,0.43823242
24173,0.94329834,-2.06604,0.39154053
24174,0.93093872,-2.2575378,0.44158936
24175,0.99807739,-2.2473145,0.35247803
24176,1.124115,-2.3031616,0.20141602
24177,1.1402893,-2.322998,0.2331543
24178,1.0612488,-2.1694946,0.27023315
24179,1.2501526,-2.2145081,0.28503418
24180,1.2049866,-2.2798157,0.085144043
24181,1.2805176,-2.0608521,0.032653809
24182,1.1367798,-2.1069336,0.085906982
24183,1.1557007,-1.9248962,-0.22598267
24184,1.3093567,-1.9111633,-0.11672974
24185,1.2690735,-1.8894959,-0.18890381
24186,1.3221741,-1.8862915,-0.15426636
24187,1.4117432,-1.7230225,-0.21606445
24188,1.0583496,-1.7713928,-0.38223267
24189,1.3549805,-1.7851257,-0.3817749
24190,1.461792,-1.703186,-0.24963379
24191,1.3197327,-1.7118835,-0.3288269
24192,1.1268616,-1.4912415,-0.33691406
24193,1.2124634,-1.5446472,-0.54199219
24194,1.2310791,-1.6122437,-0.67108154
24195,1.4433289,-1.5100098,-0.7585144
24196,1.3497925,-1.4958191,-0.52200317
24197,1.3772583,-1.4433289,-0.5847168
24198,1.2997437,-1.35849,-0.74279785
24199,1.3208008,-1.1431885,-0.82611084
24200,1.2088013,-0.84060669,-0.87875366
24201,1.1842346,-0.88500977,-1.0144043
24202,1.171875,-0.72723389,-0.90072632
24203,1.3093567,-0.93811035,-0.96466065
24204,1.2426758,-0.89569092,-0.89630127
24205,1.3565063,-0.809021,-1.1393738
24206,1.1099243,-0.809021,-1.0601807
24207,1.3278198,-0.70907593,-1.1703491
24208,1.1567688,-0.51849365,-1.1489868
24209,1.1499023,-0.546875,-1.1047363
24210,1.1749268,-0.55969238,-1.1213684
24211,1.0702515,-0.62332153,-1.1949158
24212,1.0986328,-0.43197632,-1.2776184
24213,1.1170959,-0.4750061,-1.2271118
24214,0.96008301,-0.29418945,-1.3423157
24215,1.0174561,-0.18310547,-1.3394165
24216,0.92041016,-0.18417358,-1.4888
24217,0.79299927,-0.30288696,-1.3667297
24218,0.88165283,-0.18386841,-1.3574219
24219,0.39703369,-0.42800903,-1.7663574
24220,0.9602356,-0.51971435,-1.6740417
24221,0.66864014,0.0730896,-1.8167114
24222,0.67153931,-0.011291504,-1.5487671
24223,0.66604614,0.36148071,-1.5582275
24224,0.60684204,0.2507019,-1.5756226
24225,0.6703186,0.23864746,-1.5722656
24226,0.53375244,0.3604126,-1.3090515
24227,0.48233032,0.32409668,-1.4453125
24228,0.49987793,0.47515869,-1.4964294
24229,0.41900635,0.36102295,-1.5792847
24230,0.27938843,0.55435181,-1.4602661
24231,0.4309082,0.68740845,-1.4059448
24232,0.16204834,0.74157715,-1.3648987
24233,0.3024292,0.72570801,-1.4143372
24234,0.24108887,0.83374023,-1.366272
24235,0.12954712,0.93048096,-1.3441467
24236,-0.014038086,0.94436646,-1.2490845
24237,-0.16479492,0.91598511,-1.2226868
24238,-0.086517334,0.93170166,-1.2539673
24239,-0.16357422,0.81054688,-1.1883545
24240,-0.28930664,0.86578369,-1.2857056
24241,-0.44555664,0.96511841,-1.3043213
24242,-0.40466309,1.0188293,-1.2208557
24243,-0.48294067,1.083374,-1.3320923
24244,-0.57525635,1.0662842,-1.3098145
24245,-0.52597046,1.2838745,-1.1000061
24246,-0.72662353,1.2831116,-1.072998
24247,-0.63232422,1.3613892,-0.97503662
24248,-0.6716919,1.2763977,-1.0917664
24249,-0.74188232,1.2043762,-1.0447693
24250,-0.8517456,1.2200928,-0.95886231
24251,-0.97808838,1.3647461,-0.96588135
24252,-0.97167969,1.3798523,-0.74279785
24253,-1.0247803,1.4248657,-0.70953369
24254,-1.1991882,1.3708496,-0.67382813
24255,-1.2626648,1.3296509,-0.67779541
24256,-1.2168884,1.3150024,-0.71304321
24257,-1.3322449,1.2640381,-0.61935425
24258,-1.2623596,1.2770081,-0.65658569
24259,-1.3519287,1.4704895,-0.57388306
24260,-1.3983154,1.5313721,-0.76568603
24261,-1.373291,1.5219116,-0.5368042
24262,-1.3400269,1.5052795,-0.40466309
24263,-1.5261841,1.4050293,-0.34683228
24264,-1.6317749,1.4363098,-0.46173096
24265,-1.570282,1.2745666,-0.27130127
24266,-1.4756775,1.3244629,-0.14709473
24267,-1.6578674,1.4239502,-0.075683594
24268,-1.6194153,1.3494873,-0.15960693
24269,-1.6812134,1.3525391,-0.12908935
24270,-1.7829895,1.2368774,0.011291504
24271,-1.725769,1.3345337,0.001983643
24272,-1.6186523,1.2921143,0.1449585
24273,-1.6954041,1.2223816,0.13397217
24274,-1.7448425,1.2838745,0.23208618
24275,-1.9056702,1.3378906,0.36468506
24276,-1.986084,1.1416626,0.39901733
24277,-2.0314026,1.1856079,0.33004761
24278,-2.1266174,1.0455322,0.45791626
24279,-2.0706177,1.156311,0.52917481
24280,-2.0703125,1.1038208,0.55297852
24281,-2.1247864,0.95947266,0.62103272
24282,-2.2912598,0.97610474,0.76263428
24283,-2.0722961,0.88134766,0.8013916
24284,-2.2293091,0.88073731,0.67703247
24285,-2.0439148,0.80841065,0.91644287
24286,-2.2702026,0.7434082,0.94024658
24287,-2.2055054,0.61721802,0.90362549
24288,-2.0646667,0.59936523,0.98632813
24289,-2.2618103,0.71899414,1.043396
24290,-2.2926331,0.55770874,0.962677
24291,-2.0993042,0.28701782,1.073761
24292,-2.0907593,1.4115906,1.1784363
24293,-2.1490479,0.34744263,1.2513733
24294,-2.2462463,0.30838013,1.2536621
24295,-2.2506714,0.36682129,1.3804626
24296,-2.2819519,0.17684937,1.2846375
24297,-2.2068787,0.25100708,1.4718628
24298,-2.0103455,0.19638062,1.5344238
24299,-2.0651245,0.037841797,1.4208984
24300,-2.1252441,-0.021362305,1.4193726
24301,-2.0690918,-0.13275147,1.5853882
24302,-2.0918274,-0.33905029,1.4868164
24303,-2.0550537,-0.2142334,1.4910889
24304,-2.1047974,-0.18005371,1.5226746
24305,-2.104187,-0.30563355,1.5834045
24306,-2.066803,-0.45211792,1.4971924
24307,-1.9963074,-0.50033569,1.7980957
24308,-1.9113159,-0.6703186,1.8719482
24309,-2.2854614,-0.7345581,1.8013
24310,-2.052002,-0.64697266,1.9268799
24311,-1.8914795,-0.57571411,1.817627
24312,-1.763916,-0.70770264,1.8426514
24313,-1.8167114,-0.75439453,1.8582153
24314,-1.8423462,-0.8442688,1.9973755
24315,-1.9480896,-0.88241577,1.9903564
24316,-1.7193604,-1.05896,1.8733215
24317,-1.8688965,-1.1097717,2.0605469
24318,-1.7248535,-1.2229919,1.8141174
24319,-1.7446899,-1.2026978,1.9332886
24320,-1.6404724,-1.1663818,2.2296143
24321,-1.5209961,-1.3526916,2.192688
24322,-1.6711426,-1.2835693,1.864624
24323,-1.739502,-1.5057373,1.9799805
24324,-1.4373779,-1.3208008,1.9711304
24325,-1.4021301,-1.6722107,1.8367004
24326,-1.2638855,-1.4178467,1.8495178
24327,-1.2129211,-1.4906311,1.980896
24328,-1.399231,-1.6116333,2.0555115
24329,-1.2167358,-1.7333984,2.1453857
24330,-1.3140869,-1.7077637,1.9940186
24331,-1.2348938,-1.7753601,2.1026611
24332,-1.0688782,-1.854248,1.9264221
24333,-0.96069336,-1.7222595,1.966095
24334,-0.8555603,-1.6548157,2.0277405
24335,-0.89447022,-1.6824341,1.8685913
24336,-0.95184326,-1.7634583,1.8612671
24337,-0.68893433,-1.8357849,2.0175171
24338,-0.81512451,-2.0246887,1.9668579
24339,-0.73181152,-1.9984436,1.8411255
24340,-0.70892334,-1.8283081,1.8499756
24341,-0.6173706,-1.76651,1.7526245
24342,-0.62286377,-1.9790649,1.7028809
24343,-0.39154053,-2.1594238,1.8882751
24344,-0.41290283,-2.2389221,1.6955566
24345,-0.54077148,-2.2688293,1.6578674
24346,-0.38787842,-2.1118164,1.6511536
24347,-0.340271,-2.2247314,1.6436768
24348,-0.22644043,-2.1182251,1.496582
24349,-0.082397461,-2.2013855,1.6156006
24350,-0.15792847,-2.0779419,1.5032959
24351,0.057678223,-2.1704102,1.4880371
24352,0.16174316,-2.3069763,1.4212036
24353,0.2281189,-2.5537109,1.374054
24354,0.23162842,-2.3770142,1.3200378
24355,0.17776489,-2.3365784,1.452179
24356,0.19851685,-2.3808289,1.3526916
24357,0.17913818,-2.6252747,1.1360168
24358,0.41213989,-2.346344,1.0707092
24359,0.44464111,-2.1348572,1.0462952
24360,0.52627563,-2.1325684,1.0507202
24361,0.56030273,-2.1537781,0.87173462
24362,0.66238403,-2.1614075,1.0186768
24363,0.45501709,-2.2732544,0.96923828
24364,0.72143555,-2.1603394,0.97702026
24365,0.68634033,-2.2544861,1.0028076
24366,0.72402954,-2.1995544,0.7800293
24367,0.70663452,-2.2154236,0.80032349
24368,0.7888794,-2.311554,0.68283081
24369,0.93551636,-2.2657776,0.62713623
24370,0.91384888,-2.2764587,0.44082642
24371,0.82077026,-2.2583008,0.60180664
24372,0.88745117,-2.2155762,0.38833618
24373,1.0415649,-2.166748,0.37597656
24374,0.90454102,-2.0335388,0.39733887
24375,1.1100769,-2.1679688,0.36209106
24376,1.0870361,-2.0878601,0.22842407
24377,1.15448,-2.1929932,0.17669678
24378,0.99517822,-2.0857239,0.034179688
24379,0.97610474,-1.9355774,0.063171387
24380,1.0496521,-1.9407654,0.090637207
24381,1.1024475,-1.859436,-0.19989014
24382,1.1042786,-1.7962646,-0.12512207
24383,1.0424805,-1.7124939,-0.11047363
24384,1.2808228,-1.7637634,-0.25558472
24385,1.2741089,-1.7018127,-0.35095215
24386,1.2478638,-1.7567444,-0.39169311
24387,1.0946655,-1.6619873,-0.44281006
24388,1.3574219,-1.7193604,-0.49758911
24389,1.3006592,-1.6877747,-0.36712647
24390,1.0923767,-1.6821289,-0.36361694
24391,1.1965942,-1.6107178,-0.29815674
24392,1.242981,-1.4904785,-0.43807983
24393,1.1709595,-1.4074707,-0.52780151
24394,1.3562012,-1.401825,-0.54733276
24395,1.2698364,-1.3795471,-0.75759888
24396,1.1756897,-1.3705444,-0.74325562
24397,1.1625671,-1.3427734,-0.72509766
24398,1.2849426,-1.2197876,-0.81604004
24399,1.1346436,-1.0874939,-0.8531189
24400,1.2139893,-0.93551636,-0.90362549
24401,1.1715698,-0.93399048,-0.87738037
24402,1.1965942,-0.91003418,-0.90759277
24403,1.0772705,-0.75149536,-1.0652161
24404,1.2121582,-0.74188232,-1.0675049
24405,1.2832642,-0.59585571,-1.0121155
24406,1.1077881,-0.58685303,-0.97137451
24407,1.0742188,-0.47927856,-1.1103821
24408,1.0351563,-0.53894043,-1.1035156
24409,0.94970703,-0.32028198,-1.0565186
24410,0.95672607,-0.58258057,-0.95901489
24411,0.75698853,-0.47821045,-1.1112976
24412,0.86990356,-0.25650024,-1.0520935
24413,0.86029053,-0.26489258,-1.1506653
24414,0.88256836,-0.21682739,-1.2701416
24415,0.79116821,-0.21728516,-1.1851501
24416,0.8279419,-0.20065308,-1.2698364
24417,0.8303833,-0.11779785,-1.3212585
24418,0.72387695,-0.23529053,-1.438446
24419,0.4951477,-0.27709961,-1.7068481
24420,0.60974121,-0.10421753,-1.5617371
24421,0.58929443,0.14343262,-1.4796448
24422,0.61477661,0.14953613,-1.2533569
24423,0.48171997,0.08392334,-1.1457825
24424,0.30960083,1.8159485,-1.2487793
24425,0.34576416,0.34881592,-1.2411499
24426,0.24612427,0.52078247,-1.3497925
24427,0.27481079,0.43640137,-1.2225342
24428,0.24002075,0.49102783,-1.2857056
24429,0.20950317,0.56823731,-1.272583
24430,0.059814453,0.43777466,-1.2156677
24431,0.21469116,0.5557251,-1.131897
24432,0.14343262,0.51559448,-1.2663269
24433,-0.029754639,0.68740845,-1.1964416
24434,0.060424805,0.84732056,-1.076355
24435,-0.11428833,0.85098267,-1.1074829
24436,-0.31494141,0.81985474,-1.0041809
24437,-0.18249512,0.92590332,-1.1959839
24438,-0.2192688,0.95046997,-1.2716675
24439,-0.27008057,0.98571777,-1.1897278
24440,-0.46463013,0.87097168,-1.2059021
24441,-0.42892456,0.8303833,-1.2127686
24442,-0.45181274,0.94421387,-0.962677
24443,-0.39581299,1.0562134,-1.1837769
24444,-0.5545044,1.0693359,-1.0095215
24445,-0.79223633,1.103363,-1.0322571
24446,-0.70220947,1.1500549,-1.0374451
24447,-0.74935913,0.95001221,-1.055603
24448,-0.93673706,0.99136353,-0.8782959
24449,-0.91934204,1.2475586,-0.78109741
24450,-0.94482422,1.1517334,-0.81954956
24451,-1.0015869,1.1715698,-0.69061279
24452,-1.0629272,1.2591553,-0.7194519
24453,-1.0925293,1.2052917,-0.5847168
24454,-1.1151123,1.2054443,-0.35430908
24455,-1.101532,1.1872864,-0.59631348
24456,-1.3468933,1.2530518,-0.39291382
24457,-1.3505554,1.2939453,-0.42434692
24458,-1.3383484,1.2463379,-0.19454956
24459,-1.2997437,1.231842,-0.43441772
24460,-1.7443848,0.83816528,-0.58319092
24461,-1.6275024,0.68115234,-0.44403076
24462,-1.4842224,1.1831665,-0.28106689
24463,-1.5202332,1.3186646,-0.17593384
24464,-1.5515137,1.2489319,-0.29190064
24465,-1.6439819,1.2243652,-0.11444092
24466,-1.6647339,1.1680603,-0.15350342
24467,-1.579895,1.2231445,0.009002686
24468,-1.7584229,1.2825012,-0.043334961
24469,-1.7463684,1.2240601,0.11367798
24470,-1.7822266,1.3085938,0.23284912
24471,-1.8174744,0.98083496,0.24276733
24472,-1.8475342,1.114502,0.31570435
24473,-1.9812012,1.1494446,0.34759522
24474,-1.9921875,1.0072327,0.50216675
24475,-1.9261169,1.1686707,0.48797607
24476,-2.0063782,0.90911865,0.36743164
24477,-1.9708252,0.95916748,0.32821655
24478,-2.0129395,0.70236206,0.40145874
24479,-2.0175171,0.85845947,0.37261963
24480,-2.0742798,0.83892822,0.42434692
24481,-2.1034241,0.67993164,0.56930542
24482,-2.0753479,0.64727783,0.75012207
24483,-2.011261,0.8052063,0.71594238
24484,-2.0379639,0.73730469,0.74966431
24485,-2.0123291,0.47393799,0.5871582
24486,-2.1362305,0.40237427,0.78033447
24487,-2.1755981,0.42190552,0.80627441
24488,-2.0584106,0.32562256,0.95840454
24489,-2.0083618,0.27542114,1.0919189
24490,-2.1600342,0.94207764,1.0766602
24491,-2.2064209,0.3036499,1.0820007
24492,-1.9476318,0.22766113,1.2055969
24493,-1.9226074,0.16021728,1.2519836
24494,-2.0092773,0.13626099,1.245575
24495,-2.0513916,0.24261475,1.3534546
24496,-1.8882751,0.17044067,1.2960815
24497,-2.1452332,-0.050354004,1.2236023
24498,-2.1032715,-0.11260986,1.5509033
24499,-1.9387817,-0.1109314,1.4956665
24500,-2.1412659,-0.24169922,1.6163635
24501,-2.0214844,-0.035705566,1.5272522
24502,-2.0158386,-0.30151367,1.5670776
24503,-1.8980408,-0.3477478,1.4468384
24504,-1.9192505,-0.52139282,1.4149475
24505,-1.8632507,-0.44647217,1.6026306
24506,-1.7718506,-0.51345825,1.615448
24507,-1.8907166,-0.72113037,1.5130615
24508,-1.9548035,-0.72372437,1.554718
24509,-1.8650818,-0.72097778,1.786499
24510,-1.8681335,-0.70373535,1.6812134
24511,-1.8489075,-0.87219238,1.5948486
24512,-1.738739,-1.0365295,1.6069031
24513,-1.8637085,-1.0549927,1.5936279
24514,-1.6503906,-0.9387207,1.885376
24515,-1.8429565,-1.0707092,1.8655396
24516,-1.7414856,-1.1187744,1.8536377
24517,-1.5678406,-1.0235596,1.5969849
24518,-1.5309143,-1.1294556,1.5463257
24519,-1.5124512,-1.1854553,1.6729736
24520,-1.6091919,-1.4775085,1.7300415
24521,-1.6072083,-1.5647888,1.7810059
24522,-1.3616943,-1.5803528,1.8579102
24523,-1.3101196,-1.567688,1.6664124
24524,-0.98510742,-1.6650391,1.8115234
24525,-1.2025452,-1.4834595,1.8841553
24526,-1.0571289,-1.5026855,1.8421936
24527,-1.0641479,-1.4233398,1.8522644
24528,-1.0069275,-1.5103149,1.9065857
24529,-1.0046387,-1.5438843,1.6114807
24530,-1.0031128,-1.4959717,1.8716431
24531,-0.81298828,-1.7431641,1.6390991
24532,-0.76065063,-1.7285156,1.7884827
24533,-0.83007813,-1.8505859,1.8745422
24534,-0.71105957,-2.0327759,1.6992188
24535,-0.78033447,-1.9018555,1.8464661
24536,-0.65597534,-2.0751953,1.791687
24537,-0.60852051,-2.0915222,1.7753601
24538,-0.62057495,-1.8885803,1.8421936
24539,-0.52810669,-1.8928528,1.6737366
24540,-0.53024292,-1.7243958,1.7304993
24541,-0.36056519,-1.9294739,1.5805054
24542,-0.39154053,-1.9567871,1.5336609
24543,-0.26306152,-2.1484375,1.5693665
24544,-0.26184082,-2.1948242,1.5557861
24545,-0.20980835,-2.2592163,1.6690063
24546,-0.14633179,-2.0777893,1.479187
24547,-0.071411133,-1.9868469,1.5612793
24548,-0.085449219,-1.9743347,1.4553833
24549,0.026855469,-2.1908569,1.2709045
24550,-0.041046143,-2.1252441,1.4385986
24551,0.021057129,-2.1582031,1.3243103
24552,0.063781738,-2.2270203,1.3441467
24553,0.28121948,-2.3472595,1.2495422
24554,0.20767212,-2.3535156,1.0751343
24555,0.20553589,-2.4206543,0.87173462
24556,0.30731201,-2.2967529,0.9223938
24557,0.25390625,-2.2425842,0.86288452
24558,0.40527344,-2.3200989,0.96908569
24559,0.21636963,-2.1754456,0.87585449
24560,0.35766602,-2.322998,0.77896118
24561,0.63598633,-2.3086548,0.79650879
24562,0.74050903,-2.441864,0.88027954
24563,0.72067261,-2.301178,0.79483032
24564,0.76538086,-2.2862244,0.76293945
24565,0.76873779,-2.1948242,0.71716309
24566,0.80856323,-2.0895386,0.56976318
24567,0.76721191,-2.0640564,0.61309815
24568,0.78933716,-2.0320129,0.52642822
24569,0.89050293,-2.1058655,0.45471191
24570,0.90103149,-2.2756958,0.4675293
24571,0.93688965,-2.1533203,0.43914795
24572,0.82473755,-2.1400452,0.41748047
24573,0.9614563,-2.013855,0.28991699
24574,0.98327637,-1.9683838,0.23223877
24575,1.084137,-1.9259644,0.10757446
24576,1.0395813,-1.9218445,0.11505127
24577,1.0441589,-1.9084167,0.06942749
24578,1.0926819,-1.9250488,-0.012054443
24579,1.0365295,-1.7686462,-0.077819824
24580,1.0446167,-1.6853333,-0.19500732
24581,1.1322021,-1.7242432,-0.093078613
24582,1.0983276,-1.6670227,-0.11627197
24583,1.1238098,-1.7684937,-0.069885254
24584,1.0649109,-1.6720581,-0.14923096
24585,1.0954285,-1.5748596,-0.22842407
24586,1.1320496,-1.4910889,-0.29449463
24587,1.2219238,-1.5328979,-0.47561645
24588,1.2023926,-1.439209,-0.51193237
24589,1.0157776,-1.3922119,-0.5241394
24590,1.1080933,-1.3015747,-0.4574585
24591,1.1634827,-1.3305664,-0.6262207
24592,1.0058594,-1.1476135,-0.56030273
24593,1.0438538,-1.2409973,-0.64804077
24594,0.87936401,-1.1001587,-0.65551758
24595,1.061554,-1.0702515,-0.77255249
24596,0.95184326,-1.0696411,-0.88348389
24597,0.9928894,-1.0437012,-0.74371338
24598,1.0038757,-0.88470459,-0.68542481
24599,1.0009766,-0.97732544,-0.80566406
24600,0.97900391,-0.92956543,-0.81390381
24601,1.0624695,-0.8555603,-0.91140747
24602,1.0514832,-0.89324951,-0.69763184
24603,1.0174561,-0.63552856,-0.89599609
24604,1.0031128,-0.75378418,-0.90454102
24605,0.80093384,-0.56304932,-0.92590332
24606,0.81726074,-0.57922363,-0.98770142
24607,0.91171265,-0.47302246,-1.0612488
24608,0.77560425,-0.53207397,-1.1247253
24609,0.82962036,-0.41198731,-1.0852051
24610,0.72631836,-0.2722168,-1.0595703
24611,0.84121704,-0.23422241,-1.0784912
24612,0.71487427,-0.16357422,-1.1268616
24613,0.72128296,-0.001525879,-1.1470032
24614,0.70449829,-0.15838623,-1.0411072
24615,0.74539185,-0.11444092,-1.1395264
24616,0.72219849,-0.54122925,-1.3793945
24617,0.18875122,-0.60455322,-1.5142822
24618,0.32058716,-0.32363892,-1.5617371
24619,0.26260376,0.12969971,-1.6062927
24620,0.27618408,0.13214111,-1.2419128
24621,0.44006348,0.10620117,-1.3139343
24622,0.33386231,0.68206787,-1.322937
24623,0.2696228,0.3968811,-1.063385
24624,0.27297974,0.42251587,-1.2338257
24625,0.07522583,0.53619385,-1.2142944
24626,0.22399902,0.51818848,-1.23703
24627,-0.039825439,0.37460327,-1.2779236
24628,-0.045013428,0.53665161,-1.2718201
24629,-0.076293945,0.58380127,-1.18927
24630,-0.079193115,0.66970825,-1.1930847
24631,-0.11352539,0.78170776,-1.1724854
24632,-0.14251709,0.64071655,-1.1810303
24633,-0.21850586,0.60195923,-1.1578369
24634,-0.13854981,0.82122803,-1.1100769
24635,-0.38665772,0.9413147,-1.1251831
24636,-0.33447266,0.98220825,-0.97290039
24637,-0.44158936,0.82885742,-0.94085693
24638,-0.42510986,0.82427978,-0.92941284
24639,-0.48645019,0.79086304,-0.87722778
24640,-0.5166626,0.93063354,-0.90774536
24641,-0.64926147,1.0046387,-0.86929321
24642,-0.71472168,0.97854614,-0.8152771
24643,-0.74874878,1.1099243,-0.76004028
24644,-0.87081909,1.2756348,-0.73730469
24645,-0.76721191,1.1753845,-0.76354981
24646,-0.97137451,1.0066223,-0.69747925
24647,-0.9463501,1.1116028,-0.63919067
24648,-1.0050964,1.0929871,-0.67230225
24649,-1.0093689,1.1543274,-0.56838989
24650,-1.0768127,1.2504578,-0.44799805
24651,-1.0800171,1.2750244,-0.54397583
24652,-1.1553955,1.1567688,-0.3918457
24653,-1.1625671,1.2463379,-0.43731689
24654,-1.3696289,0.9324646,-0.35247803
24655,-1.3208008,1.0719299,-0.4309082
24656,-1.2898254,1.1813354,-0.35171509
24657,-1.806488,0.68695068,-0.46539307
24658,-1.4237976,0.89004517,-0.36560059
24659,-1.4572144,0.97869873,-0.071411133
24660,-1.4677429,1.0009766,-0.12023926
24661,-1.5982056,1.0366821,0.019073486
24662,-1.5478516,1.0769653,0.052490234
24663,-1.6481018,0.99304199,-0.048828125
24664,-1.4741516,1.0740662,0.056915283
24665,-1.4956665,0.94818115,0.14282227
24666,-1.6610718,1.1190796,0.24459839
24667,-1.590271,1.068573,0.11688232
24668,-1.7085266,1.1018372,0.23345947
24669,-1.6969299,0.97610474,0.32226563
24670,-1.7565918,0.97747803,0.28381348
24671,-1.7124939,1.0421753,0.40466309
24672,-1.8798828,0.93536377,0.43762207
24673,-1.9111633,0.79238892,0.42022705
24674,-1.8727112,0.93963623,0.53268433
24675,-1.8284607,0.92422485,0.55541992
24676,-1.8858337,0.74707031,0.70343018
24677,-1.9810486,0.91812134,0.69000244
24678,-2.0272827,0.60623169,0.65261841
24679,-1.9567871,0.61004639,0.69625854
24680,-1.8443298,0.62484741,0.69976807
24681,-1.9929504,0.45730591,0.69259644
24682,-1.9511414,0.61798096,0.75210571
24683,-1.9616699,0.50674438,0.831604
24684,-1.9532776,0.60058594,0.81573486
24685,-1.9090271,0.39459228,0.98632813
24686,-1.8663025,0.33401489,1.1875916
24687,-1.9073486,0.15563965,1.313324
24688,-1.9320679,0.11047363,1.2957764
24689,-2.0211792,0.55419922,1.0549927
24690,-1.8054199,0.01159668,0.97106934
24691,-1.743927,0.045776367,1.1421204
24692,-2.0457458,-0.06652832,1.1972046
24693,-1.8974304,-0.32684326,1.1901855
24694,-1.9390869,-0.25390625,1.275177
24695,-1.867218,-0.17028809,1.2715149
24696,-1.8925476,-0.41198731,1.2492371
24697,-2.0474243,-0.39321899,1.441803
24698,-1.905365,-0.50048828,1.516571
24699,-1.958313,-0.55175781,1.5873718
24700,-1.7668152,-0.63354492,1.5684509
24701,-1.8917847,-0.52963257,1.700592
24702,-1.7633057,-0.57952881,1.5431213
24703,-1.8789673,-0.5708313,1.7799377
24704,-1.7288208,-0.71014404,1.7697144
24705,-1.6253662,-0.79345703,1.6174316
24706,-1.6976929,-0.70861816,1.7100525
24707,-1.648407,-0.9298706,1.5995789
24708,-1.6680908,-0.80474853,1.7068481
24709,-1.7253113,-0.94467163,1.6981506
24710,-1.6183472,-1.1880493,1.5544128
24711,-1.5742493,-1.1178589,1.7379761
24712,-1.5374756,-1.1523438,1.7929077
24713,-1.5750122,-1.2664795,1.8771362
24714,-1.4941406,-1.3618469,1.804657
24715,-1.5368652,-1.2805176,1.8310547
24716,-1.3589478,-1.3096619,1.7585754
24717,-1.3525391,-1.3957214,1.7495728
24718,-1.4231873,-1.5078735,1.631012
24719,-1.1616516,-1.4328003,1.6645813
24720,-1.2030029,-1.4105225,1.7999268
24721,-1.1375427,-1.6693115,1.7675781
24722,-1.0046387,-1.5177917,1.7906189
24723,-1.0446167,-1.4733887,1.8998718
24724,-1.0261536,-1.6534424,1.9543457
24725,-0.86288452,-1.6619873,1.7184448
24726,-0.86715698,-1.6007996,1.8096924
24727,-0.74356079,-1.6600037,1.6903687
24728,-0.57098389,-1.6882324,1.8203735
24729,-0.71380615,-1.7800903,1.6969299
24730,-0.66772461,-1.7903137,1.6926575
24731,-0.5456543,-1.9046021,1.5351868
24732,-0.47592163,-1.8963623,1.7822266
24733,-0.54641724,-1.7672729,1.6769409
24734,-0.58624268,-2.0954895,1.6906738
24735,-0.54779053,-2.1025085,1.6247559
24736,-0.60028076,-1.9694519,1.5953064
24737,-0.40405273,-2.1199036,1.5304565
24738,-0.21713257,-2.0729065,1.6665649
24739,-0.037536621,-1.9848633,1.5283203
24740,-0.17761231,-2.0231628,1.6572571
24741,-0.1298523,-2.1601868,1.2538147
24742,-0.19714356,-2.1733093,1.3504028
24743,-0.020141602,-2.0324707,1.312561
24744,0.1222229,-2.1031189,1.2477112
24745,0.037536621,-2.1257019,1.1364746
24746,0.10528565,-2.0677185,1.2487793
24747,0.086212158,-1.9470215,1.2361145
24748,0.35827637,-1.9950867,1.1785889
24749,0.37063599,-2.1229553,1.2210083
24750,0.44769287,-2.1777344,1.1248779
24751,0.35614014,-2.0957947,1.0617065
24752,0.32302856,-2.1284485,1.047821
24753,0.2998352,-2.1351624,0.97915649
24754,0.37628174,-2.2828674,1.0083008
24755,0.40985107,-2.2885132,0.82077026
24756,0.50460815,-2.3928833,0.70877075
24757,0.6149292,-2.361145,0.74996948
24758,0.63751221,-2.2453308,0.84289551
24759,0.68618774,-2.1153259,0.59875488
24760,0.68145752,-2.0262146,0.62164307
24761,0.74707031,-2.0422363,0.52566528
24762,0.59036255,-1.907196,0.55511475
24763,0.90164185,-1.8360901,0.4838562
24764,0.95230103,-1.8676758,0.33752441
24765,0.95886231,-1.8780518,0.13015747
24766,0.9677124,-1.9004822,0.099487305
24767,0.93444824,-1.8527222,0.29418945
24768,1.0424805,-1.7645264,0.018310547
24769,0.93856812,-1.7773438,0.16601563
24770,1.022644,-1.9236755,-0.091247559
24771,1.1022949,-1.791687,0.048370361
24772,0.95046997,-1.7950439,-0.13504028
24773,1.1343384,-1.7243958,-0.018920898
24774,0.98770142,-1.6740417,0.074157715
24775,0.99014282,-1.4544678,-0.06652832
24776,1.0694885,-1.5084839,-0.15258789
24777,1.0223389,-1.4274597,-0.25085449
24778,1.0534668,-1.5086365,-0.36087036
24779,1.068573,-1.5753174,-0.54977417
24780,1.0682678,-1.4868164,-0.56915283
24781,1.0864258,-1.3337708,-0.60852051
24782,1.1157227,-1.3302612,-0.50079346
24783,1.1146545,-1.2937927,-0.51376343
24784,1.1308289,-1.3122559,-0.54153442
24785,1.0940552,-1.3009644,-0.59051514
24786,1.0914612,-1.1531067,-0.62484741
24787,1.1181641,-1.126709,-0.78323364
24788,1.2072754,-0.98983765,-0.58547974
24789,1.0305786,-0.8744812,-0.57617188
24790,0.94467163,-0.9085083,-0.63278198
24791,1.0043335,-0.71929932,-0.84213257
24792,0.96603394,-0.68023682,-0.90209961
24793,0.95031738,-0.81054688,-0.91629028
24794,0.81665039,-0.60043335,-0.98342896
24795,0.87493897,-0.65826416,-0.8883667
24796,0.90682983,-0.56777954,-0.97259522
24797,0.90179443,-0.45013428,-1.0636902
24798,0.7649231,-0.57037353,-1.0771179
24799,0.84167481,-0.44769287,-1.206665
24800,0.87814331,-0.30563355,-1.1645508
24801,0.79086304,-0.38406372,-1.1555481
24802,0.76751709,-0.27587891,-1.1024475
24803,0.93917847,-0.19821167,-1.1920166
24804,0.5909729,-0.25497436,-1.1341858
24805,0.69595337,-0.2583313,-1.2451172
24806,0.72158813,-0.085754395,-1.2319946
24807,0.79223633,-0.1953125,-1.1933899
24808,0.48248291,-0.049743652,-1.0585022
24809,0.34988403,-0.19073486,-1.4082336
24810,0.50582886,-0.019836426,-1.5457153
24811,0.4309082,0.12359619,-1.3078308
24812,0.48034668,0.18112183,-1.4772034
24813,0.51071167,0.14526367,-1.4176941
24814,0.45166016,0.23223877,-1.4517212
24815,0.42053223,0.21865845,-1.3630676
24816,0.30776978,0.36346436,-1.275177
24817,0.28015137,0.41091919,-1.1444092
24818,0.22994995,0.52810669,-1.146698
24819,0.11779785,0.4560852,-1.2574768
24820,0.11749268,0.52322388,-1.3227844
24821,0.016326904,1.6252136,-1.2960815
24822,0.060119629,0.61904907,-1.3179016
24823,-0.064086914,0.5770874,-1.1178589
24824,-0.18066406,0.64407349,-1.151886
24825,-0.28030395,0.72753906,-1.1804199
24826,-0.26000977,0.64300537,-1.1605835
24827,-0.26702881,0.7144165,-1.1180115
24828,-0.21759033,0.87661743,-0.96954346
24829,-0.38970947,0.74508667,-0.99517822
24830,-0.36300659,0.85800171,-1.0705566
24831,-0.48904419,0.96252441,-1.027832
24832,-0.66619873,1.0510254,-0.93887329
24833,-0.56686401,1.0244751,-0.95184326
24834,-0.6388855,1.0728455,-0.94787598
24835,-0.74813843,1.0862732,-0.90667725
24836,-0.74630737,1.0266113,-1.0377502
24837,-0.72143555,1.0797119,-0.96282959
24838,-0.92330933,1.0842896,-0.79040527
24839,-0.83892822,1.199646,-0.82733154
24840,-0.8354187,1.2263489,-0.71990967
24841,-1.0229492,1.1958313,-0.67932129
24842,-1.0406494,1.184845,-0.50048828
24843,-1.0539246,1.0990906,-0.6539917
24844,-1.0101318,1.2402344,-0.53894043
24845,-1.2120056,1.0176086,-0.44250488
24846,-1.1734009,1.1694336,-0.52093506
24847,-1.4353943,1.2451172,-0.39459228
24848,-1.2962341,1.2440491,-0.33737183
24849,-1.37146,1.169281,-0.33843994
24850,-1.3444519,1.1132813,-0.20904541
24851,-1.3839722,1.3186646,-0.27893066
24852,-1.4936829,1.2532043,-0.34332275
24853,-1.7382813,0.65612793,-0.64712524
24854,-1.6299438,0.87295532,-0.259552
24855,-1.7060852,1.0784912,-0.066375732
24856,-1.8537903,1.1199951,0.11703491
24857,-1.8618774,1.2579346,-0.050048828
24858,-1.7678833,0.99914551,0.17181397
24859,-1.6168213,1.2255859,0.085754395
24860,-1.7610168,1.0379028,0.23651123
24861,-1.7843628,1.1012268,0.30639648
24862,-1.8183899,1.0147095,0.13977051
24863,-1.6966248,0.83831787,0.31860352
24864,-1.8945313,1.1387634,0.35675049
24865,-1.7692566,0.93017578,0.37765503
24866,-1.8261719,0.86807251,0.46875
24867,-1.8074036,0.74066162,0.53466797
24868,-1.9914246,0.91659546,0.66741943
24869,-1.9277954,0.91964722,0.61218262
24870,-2.0681763,0.83984375,0.52520752
24871,-2.2154236,0.82565308,0.80993652
24872,-2.1366882,0.72143555,0.65078735
24873,-2.2364807,0.63491821,0.86990356
24874,-2.2142029,0.60195923,0.92437744
24875,-2.0431519,0.59280396,1.0379028
24876,-2.1153259,0.5305481,0.98297119
24877,-2.0541382,0.55526733,1.1296082
24878,-2.048645,0.52810669,1.0900879
24879,-2.0925903,0.50979614,1.0958862
24880,-2.2705078,0.26504517,1.1582947
24881,-2.0655823,0.11184692,1.2612915
24882,-2.038269,0.54046631,1.2332153
24883,-1.9155884,0.13244629,1.3153076
24884,-2.008667,0.085449219,1.4161682
24885,-1.9541931,-0.10879517,1.1976624
24886,-1.9444275,0.060882568,1.2892151
24887,-2.0095825,-0.044250488,0.88073731
24888,-2.0443726,0.29434204,0.96466065
24889,-2.0079041,0.40161133,1.3368225
24890,-2.0275879,-0.40603638,1.3127136
24891,-1.971283,-0.45776367,1.4776611
24892,-1.9665527,-0.57723999,1.6337585
24893,-1.8637085,-0.34484863,1.6479492
24894,-1.7683411,-0.74462891,1.5309143
24895,-1.8490601,-0.83023071,1.5710449
24896,-1.9171143,-0.85235596,1.6760254
24897,-1.8069458,-0.73623657,1.6690063
24898,-1.8890381,-0.56930542,1.9229126
24899,-1.7991638,-0.74066162,1.9021606
24900,-1.714325,-0.88485718,1.8881226
24901,-1.8685913,-1.0317993,1.6493225
24902,-1.7262268,-1.0728455,1.7581177
24903,-1.8099976,-1.2045288,1.7234802
24904,-1.6113281,-0.95520019,1.8493652
24905,-1.6638184,-1.0595703,1.7578125
24906,-1.6107178,-1.1572266,1.7843628
24907,-1.7056274,-1.2779236,1.7512512
24908,-1.4447021,-1.4433289,1.8891907
24909,-1.4419556,-1.2561035,2.0352173
24910,-1.348877,-1.5133667,1.9535828
24911,-1.2861633,-1.4559937,2.0011902
24912,-1.2866211,-1.5048218,2.0285034
24913,-1.3597107,-1.4064026,2.0133972
24914,-1.2435913,-1.3954163,1.8325806
24915,-1.1880493,-1.3774109,1.9442749
24916,-1.136322,-1.4811707,1.9828796
24917,-1.08078,-1.6253662,2.0077515
24918,-1.0317993,-1.7169189,1.9070435
24919,-0.92819214,-1.7832947,1.8438721
24920,-0.85403442,-1.900177,1.7626953
24921,-0.73074341,-1.9810486,1.7889404
24922,-0.82214356,-1.9404602,1.9033813
24923,-0.79696655,-1.9670105,1.8487549
24924,-0.81207275,-1.7546082,1.9047546
24925,-0.70388794,-1.676178,1.9114685
24926,-0.7359314,-1.6917419,1.8505859
24927,-0.677948,-2.0503235,1.8255615
24928,-0.65963745,-2.0774841,1.7434692
24929,-0.53588867,-2.0800781,1.8695068
24930,-0.44509888,-2.1511841,1.7028809
24931,-0.54992676,-2.0877075,1.7108154
24932,-0.4788208,-2.2296143,1.5351868
24933,-0.31616211,-2.2247314,1.5106201
24934,-0.35964966,-2.2337341,1.4984131
24935,-0.22140503,-2.0622253,1.5466309
24936,-0.22964478,-2.0597839,1.4576721
24937,-0.046234131,-2.1557617,1.4016724
24938,-0.020599365,-2.3222351,1.3778687
24939,0.056304932,-2.2309875,1.4912415
24940,0.15716553,-2.479248,1.2934875
24941,0.099029541,-2.3577881,1.3684082
24942,0.2822876,-2.4391174,1.3928223
24943,0.29785156,-2.3822021,1.2037659
24944,0.234375,-1.9021606,1.178894
24945,0.41519165,-2.0414734,1.0795593
24946,0.48629761,-1.9743347,1.1233521
24947,0.52978516,-2.2297668,0.99151611
24948,0.54672241,-2.2769165,0.8531189
24949,0.57495117,-2.2241211,0.86578369
24950,0.59890747,-2.2338867,0.81970215
24951,0.67443848,-2.3217773,0.7270813
24952,0.74462891,-2.408905,0.69961548
24953,0.83465576,-2.2790527,0.64498901
24954,0.86425781,-2.3550415,0.41824341
24955,0.82321167,-2.3391724,0.43563843
24956,0.78216553,-2.130127,0.55053711
24957,0.74401856,-2.2309875,0.48233032
24958,0.85784912,-2.1363831,0.44647217
24959,0.91171265,-2.1170044,0.39093018
24960,0.90896606,-2.0747375,0.42510986
24961,0.95443726,-2.1496582,0.34469605
24962,1.0398865,-2.1337891,0.31478882
24963,1.105957,-2.1031189,0.1663208
24964,0.96679688,-2.0172119,0.19989014
24965,1.0920715,-2.0001221,0.048065186
24966,1.2825012,-1.9560242,0.13595581
24967,1.1386108,-2.0628357,-0.022583008
24968,1.2387085,-1.9085693,-0.084381104
24969,1.2098694,-1.8525696,-0.11474609
24970,1.2400818,-1.8682861,-0.19927978
24971,1.2123108,-1.7480469,-0.1348877
24972,1.3258362,-1.6567993,-0.26062012
24973,1.3647461,-1.728363,-0.28335571
24974,1.2426758,-1.6320801,-0.33935547
24975,1.2123108,-1.7004395,-0.34805298
24976,1.2510681,-1.6091919,-0.41732788
24977,1.2165833,-1.4578247,-0.48919678
24978,1.2149048,-1.4550781,-0.60623169
24979,1.2281799,-1.3967896,-0.69351196
24980,1.1830139,-1.4761353,-0.69000244
24981,1.2249756,-1.3487244,-0.71136475
24982,1.1514282,-1.1567688,-0.9815979
24983,1.0713196,-1.2191772,-0.71090698
24984,1.0708618,-0.97717285,-0.74890137
24985,1.0514832,-1.1192322,-0.82397461
24986,1.2043762,-1.0690308,-0.78445435
24987,1.240387,-1.0317993,-0.93841553
24988,1.2504578,-0.77316284,-0.88363647
24989,1.1578369,-0.81970215,-1.0173035
24990,1.1444092,-0.90499878,-1.0458374
24991,1.0444641,-0.66650391,-1.003418
24992,1.0845947,-0.70968628,-1.1553955
24993,0.96679688,-0.47561645,-1.0964966
24994,1.0427856,-0.3779602,-1.0411072
24995,1.0284424,-0.38970947,-1.1618042
24996,0.89630127,-0.55725098,-1.1112976
24997,1.03302,-0.40374756,-1.1157227
24998,1.0855103,-0.440979,-1.2033081
24999,0.9463501,-0.31936645,-1.2480164
25000,1.0704041,-0.24154663,-1.1799622
25001,0.84594727,-0.30349731,-1.1378479
25002,0.80932617,-0.17242432,-1.3316345
25003,0.73974609,-0.12573242,-1.1976624
25004,0.48675537,-0.066223145,-1.2191772
25005,0.57220459,0.095977783,-1.5330505
25006,0.39993286,0.15045166,-1.5541077
25007,0.55923462,0.067138672,-1.4845276
25008,0.46981811,0.29205322,-1.4651489
25009,0.69534302,0.41290283,-1.4308166
25010,0.45532227,0.41183472,-1.4329529
25011,0.440979,0.46676636,-1.473999
25012,0.20690918,0.38635254,-1.4099121
25013,0.27572632,0.44631958,-1.444397
25014,0.1020813,0.4826355,-1.4001465
25015,0.23590088,0.59234619,-1.4381409
25016,0.020599365,0.54855347,-1.4054871
25017,0.10070801,0.49316406,-1.2635803
25018,-0.051269531,0.43609619,-1.2303162
25019,-0.016937256,0.39627075,-1.3119507
25020,-0.16769409,0.72357178,-1.703186
25021,-0.057220459,0.69564819,-1.2882996
25022,-0.22247315,1.0162354,-1.3552856
25023,-0.26596069,1.023407,-1.2059021
25024,-0.2293396,0.97915649,-1.3557434
25025,-0.33874512,1.0142517,-1.2528992
25026,-0.31021118,1.1160278,-1.2782288
25027,-0.44189453,1.0292053,-1.1531067
25028,-0.4560852,1.0209656,-1.1914063
25029,-0.43395996,0.99533081,-1.1880493
25030,-0.53665161,0.97045898,-0.96496582
25031,-0.65368652,1.1708069,-1.0185242
25032,-0.7901001,1.166687,-0.80444336
25033,-0.74310303,1.206665,-0.90698242
25034,-0.91552734,1.275177,-0.65628052
25035,-0.82717896,1.2963867,-0.72250366
25036,-0.90072632,1.3148499,-0.74920654
25037,-0.95993042,1.2509155,-0.6602478
25038,-1.1495972,1.2338257,-0.68893433
25039,-1.2371826,1.3484192,-0.68771362
25040,-1.2020874,1.3287354,-0.57174683
25041,-1.2857056,1.3153076,-0.57357788
25042,-1.4291382,1.3128662,-0.6338501
25043,-1.3792419,1.3787842,-0.55557251
25044,-1.3705444,1.3366699,-0.49194336
25045,-1.5478516,1.227417,-0.3717041
25046,-1.5182495,1.346283,-0.32241821
25047,-1.5615845,1.2174988,-0.1348877
25048,-1.5925598,1.1213684,-0.043640137
25049,-1.4707947,1.1891174,-0.14007568
25050,-1.5309143,1.1468506,-0.12756348
25051,-1.7050171,1.1654663,-0.17333984
25052,-1.6693115,1.179657,-0.041809082
25053,-1.8469238,1.1842346,0.11001587
25054,-1.7498779,1.0906982,0.092163086
25055,-1.8777466,1.0083008,0.097808838
25056,-2.0327759,1.0580444,0.13458252
25057,-1.8617249,1.0536194,0.13046265
25058,-1.9818115,1.2011719,0.31829834
25059,-1.9187927,1.2390137,0.34210205
25060,-2.1517944,1.2113953,0.39016724
25061,-2.1951294,0.94467163,0.47103882
25062,-2.0092773,1.0516357,0.54336548
25063,-2.1818542,1.0443115,0.61630249
25064,-2.2033691,0.92300415,0.63674927
25065,-2.0819092,0.91339111,0.63812256
25066,-2.1881104,0.79345703,0.68954468
25067,-2.1784973,0.87661743,0.7673645
25068,-2.1360779,0.78048706,0.80245972
25069,-2.1742249,0.50827026,0.74737549
25070,-2.0649719,0.59310913,0.88088989
25071,-2.2381592,0.53619385,0.81436157
25072,-2.076416,0.39001465,1.0238647
25073,-1.9683838,0.44036865,0.91262817
25074,-2.0948792,0.48828125,1.197052
25075,-2.1478271,0.35797119,1.1355591
25076,-2.0675659,0.41946411,1.1697388
25077,-2.2302246,0.38772583,1.1810303
25078,-2.1665955,0.26397705,1.2762451
25079,-2.1737671,0.17089844,1.4941406
25080,-2.2741699,0.10284424,1.4083862
25081,-2.2019958,0.19699097,1.2911987
25082,-2.1128845,-0.054931641,1.318512
25083,-2.0080566,0.036010742,1.5539551
25084,-2.2605896,-0.055389404,1.6030884
25085,-2.1151733,-0.25360107,1.5267944
25086,-2.3141479,-0.32318115,1.4358521
25087,-2.0736694,-0.41931152,1.421814
25088,-2.227478,-0.519104,1.6577148
25089,-1.9741821,0.79544067,1.7907715
25090,-1.842041,-0.38116455,1.746521
25091,-2.0457458,-0.58700562,1.809082
25092,-2.0185852,-0.4397583,1.8212891
25093,-1.9223022,-0.73425293,1.6085815
25094,-2.035675,-0.88088989,1.5867615
25095,-1.8228149,-0.86120606,1.5864563
25096,-1.8641663,-0.77697754,1.726532
25097,-1.9325256,-0.68206787,1.8215942
25098,-1.86203,-0.9475708,1.809082
25099,-1.7384338,-0.98342896,2.0941162
25100,-1.9210815,-1.1039734,2.0332336
25101,-1.7240906,-1.1877441,2.0846558
25102,-1.9308472,-1.2680054,1.9190979
25103,-1.6627502,-1.0720825,1.9995117
25104,-1.6166687,-0.93719482,1.9638062
25105,-1.5180969,-1.0037231,2.0043945
25106,-1.4956665,-1.0826111,2.0362854
25107,-1.6954041,-1.2971497,1.9628906
25108,-1.3702393,-1.5858459,1.9538879
25109,-1.3809204,-1.5757751,2.0326233
25110,-1.4355469,-1.6349792,2.109375
25111,-1.3354492,-1.5687561,2.0402527
25112,-1.3122559,-1.6537476,2.0153809
25113,-1.1587524,-1.6133118,2.0620728
25114,-1.2478638,-1.7857361,2.0373535
25115,-1.0357666,-1.7385864,1.9798279
25116,-0.97839356,-1.8948364,2.0747375
25117,-1.0310364,-1.9009399,1.9862366
25118,-0.89828491,-1.860199,1.9842529
25119,-0.77224731,-1.9474792,1.918335
25120,-0.71517944,-2.1447754,1.7869568
25121,-0.78689575,-2.1679688,1.9421387
25122,-0.7270813,-2.164917,1.815033
25123,-0.43945313,-2.1755981,1.8240356
25124,-0.48706055,-2.2982788,1.9360352
25125,-0.37078857,-2.1887207,1.8276978
25126,-0.65139771,-2.3313904,1.7886353
25127,-0.40679932,-2.1069336,1.8258667
25128,-0.15411377,-2.1862793,1.8353271
25129,-0.18493652,-2.3272705,1.9152832
25130,-0.13061523,-2.5059509,1.6230774
25131,-0.10375977,-2.4638367,1.8026733
25132,-0.030517578,-2.5624084,1.517334
25133,-0.046081543,-2.4452209,1.4105225
25134,-0.081481934,-2.4302673,1.5229797
25135,0.092010498,-2.3913574,1.3795471
25136,0.20401001,-2.3797607,1.5637207
25137,0.19287109,-2.4038696,1.2931824
25138,0.17654419,-2.4455261,1.4460754
25139,0.23483276,-2.4169922,1.3137817
25140,0.21850586,-2.5889587,1.3731384
25141,0.43228149,-2.6487732,1.1022949
25142,0.41381836,-2.472229,1.0061646
25143,0.60531616,-2.3365784,1.1386108
25144,0.55770874,-2.2705078,1.1488342
25145,0.48706055,-2.5312805,1.0198975
25146,0.68710327,-2.3568726,1.043396
25147,0.57891846,-2.2854614,0.81375122
25148,0.79589844,-2.154541,0.8039856
25149,0.81710815,-2.1492004,0.5921936
25150,0.84991455,-2.2294617,0.62347412
25151,0.82000732,-2.306366,0.64376831
25152,0.81161499,-2.406311,0.47241211
25153,1.0334778,-2.2755432,0.54199219
25154,0.94009399,-2.2853088,0.41763306
25155,1.0211182,-2.2241211,0.30410767
25156,0.96221924,-2.2198486,0.25924683
25157,1.0467529,-2.1240234,0.41381836
25158,1.1387634,-2.0957947,0.37017822
25159,1.1938477,-2.1159363,0.19836426
25160,1.1503601,-2.1096802,0.067443848
25161,1.2362671,-2.0669556,0.016326904
25162,1.1782837,-2.0428467,0.12573242
25163,1.2918091,-2.0526123,-0.12298584
25164,1.4544678,-1.8492126,-0.099945068
25165,1.08078,-1.9248962,-0.055847168
25166,1.2237549,-1.7547607,-0.18218994
25167,1.289978,-1.8058777,-0.39382935
25168,1.2026978,-1.8315125,-0.24887085
25169,1.2745666,-1.7053223,-0.29769897
25170,1.1946106,-1.5357971,-0.21240234
25171,1.1343384,-1.7098999,-0.2355957
25172,1.2200928,-1.6967773,-0.16586304
25173,1.2716675,-1.6531372,-0.28457642
25174,1.3864136,-1.5789795,-0.43685913
25175,1.1447144,-1.577301,-0.53588867
25176,1.3345337,-1.4086914,-0.59295654
25177,1.309967,-1.3305664,-0.72967529
25178,1.3043213,-1.2269592,-0.59036255
25179,1.0522461,-1.3766479,-0.61386108
25180,1.295166,-1.2992859,-0.70358276
25181,1.1465454,-1.2997437,-0.8303833
25182,1.2362671,-1.1750793,-0.93429565
25183,1.0855103,-1.1312866,-0.96405029
25184,1.1253357,-0.93338013,-0.92926025
25185,1.0218811,-0.95092773,-0.99426269
25186,1.071167,-0.7421875,-0.96252441
25187,1.0406494,-0.86334228,-1.0466003
25188,1.1660767,-0.73303223,-1.1190796
25189,1.1181641,-0.73608398,-1.0350037
25190,1.1071777,-0.84899902,-1.1190796
25191,1.0246277,-0.68725586,-1.0638428
25192,1.0263062,-0.53253174,-1.0864258
25193,1.0591125,-0.47363281,-1.2640381
25194,1.0574341,-0.4397583,-1.2986755
25195,0.89370728,-0.29205322,-1.2362671
25196,0.85159302,-0.26977539,-1.3511658
25197,0.83953857,-0.23681641,-1.321106
25198,0.75805664,-0.064849854,-1.4822388
25199,0.71472168,-0.040893555,-1.5759277
25200,0.84838867,-0.02532959,-1.471405
25201,0.45623779,-0.2696228,-1.3386536
25202,0.56289673,-0.083618164,-1.5715027
25203,0.5859375,0.056152344,-1.3769531
25204,0.61096191,0.021057129,-1.2075806
25205,0.49713135,0.10787964,-1.262207
25206,0.47058106,0.4347229,-1.2234497
25207,0.63522339,0.41946411,-1.4372253
25208,0.40466309,0.51757813,-1.3742065
25209,0.39672852,0.47454834,-1.424408
25210,0.28198242,0.69198608,-1.2971497
25211,0.20263672,0.60333252,-1.3696289
25212,0.095977783,0.59753418,-1.2866211
25213,0.16479492,0.73806763,-1.4160156
25214,0.032043457,0.81634522,-1.6413879
25215,-0.14007568,0.67565918,-1.6740417
25216,-0.18096924,0.57357788,-1.2278748
25217,-0.16555786,0.75912476,-1.5617371
25218,0.001220703,0.70373535,-1.2811279
25219,0.022888184,0.62744141,-1.239624
25220,-0.14587402,0.92559815,-1.1315918
25221,-0.24261475,0.87722778,-1.1654663
25222,-0.46188355,1.0908508,-1.1724854
25223,-0.51071167,1.1837769,-1.2753296
25224,-0.53085327,1.1126709,-1.0546875
25225,-0.46417236,1.1924744,-1.2268066
25226,-0.53024292,1.1445618,-1.0762024
25227,-0.66116333,1.1434937,-1.0844421
25228,-0.78643799,1.0276794,-1.1071777
25229,-0.8934021,1.2374878,-1.0195923
25230,-0.78430176,1.1618042,-1.0015869
25231,-0.81832886,1.3568115,-0.9689331
25232,-0.95245361,1.3882446,-0.70632935
25233,-1.0227966,1.5611267,-0.80276489
25234,-1.2101746,1.4358521,-0.85861206
25235,-1.1679077,1.2756348,-0.67596435
25236,-1.3015747,1.3179016,-0.59112549
25237,-1.1911011,1.3822937,-0.62728882
25238,-1.2501526,1.3542175,-0.6539917
25239,-1.2709045,1.4170837,-0.45272827
25240,-1.3876343,1.4814758,-0.62942505
25241,-1.4668274,1.4916992,-0.61355591
25242,-1.4630127,1.3922119,-0.30593872
25243,-1.3853455,1.4494324,-0.52490234
25244,-1.558075,1.4122009,-0.29541016
25245,-1.5533447,1.3798523,-0.27877808
25246,-1.5365601,1.2739563,-0.26412964
25247,-1.6131592,1.2028503,-0.093231201
25248,-1.7404175,1.1778259,-0.05279541
25249,-1.6609192,1.2228394,-0.11398315
25250,-1.7941284,1.4045715,0.056152344
25251,-1.8066406,1.1767578,0.099487305
25252,-1.7385864,1.1749268,0.1852417
25253,-1.892395,1.100769,0.34011841
25254,-1.9337463,1.1398315,0.093383789
25255,-1.7834473,1.1531067,0.34210205
25256,-1.8855286,0.96923828,0.49942017
25257,-2.1017456,1.0188293,0.44738769
25258,-1.8972778,1.0157776,0.40512085
25259,-1.9787598,1.0153198,0.47927856
25260,-2.0269775,0.88943481,0.47073364
25261,-2.0820618,0.93536377,0.65856934
25262,-2.2135925,0.84213257,0.57449341
25263,-2.1606445,0.8631897,0.53253174
25264,-2.1807861,0.70495606,0.5657959
25265,-2.1783447,0.68756103,0.70373535
25266,-2.2921753,0.62255859,0.78918457
25267,-2.2343445,0.74127197,0.97259522
25268,-2.0942688,0.77178955,1.0388184
25269,-2.1479797,0.74111938,1.2014771
25270,-2.2525024,0.6022644,1.061554
25271,-2.2419739,0.41748047,1.1381531
25272,-2.1430969,0.51895142,1.2017822
25273,-2.0657349,0.38925171,1.2677002
25274,-2.0582581,0.33828735,1.1534119
25275,-2.1638489,0.1689148,1.1193848
25276,-2.0594788,0.20935059,1.2005615
25277,-2.1780396,0.12939453,1.416626
25278,-2.0521545,0.11550903,1.2686157
25279,-2.1905518,-0.06439209,1.2774658
25280,-2.2276306,-0.095214844,1.3496399
25281,-2.0809937,-0.1449585,1.3618469
25282,-2.1929932,-0.18859863,1.6340637
25283,-2.1577454,-0.24139404,1.8405151
25284,-2.0372009,-0.26428223,1.5856934
25285,-1.9380188,-0.45715332,1.4447021
25286,-1.98349,-0.35690308,1.786499
25287,-1.9064331,-0.40756226,1.6943359
25288,-1.9377136,-0.49865723,1.5272522
25289,-1.9754028,-0.5480957,1.5989685
25290,-2.0526123,-0.78735352,1.7016602
25291,-1.9342041,-0.80169678,1.8756104
25292,-1.8481445,-0.91964722,1.7993164
25293,-1.9061279,-0.74554443,1.9952393
25294,-1.9299316,-0.7673645,1.9297791
25295,-1.8652344,-0.91293335,2.0327759
25296,-1.7593384,-0.85327148,2.0507813
25297,-1.6047668,-1.0301209,1.9784546
25298,-1.803894,-1.1724854,2.0492554
25299,-1.6792297,-1.1054993,2.12677
25300,-1.5415955,-1.3072205,2.0869446
25301,-1.5254211,-1.4224243,1.9039917
25302,-1.592865,-1.1364746,2.041626
25303,-1.4727783,-1.1766052,1.9821167
25304,-1.5545654,-1.2117004,2.0420837
25305,-1.4477539,-1.4701843,1.855011
25306,-1.3168335,-1.3735962,1.8692017
25307,-1.3522339,-1.5151978,2.0352173
25308,-1.1753845,-1.6415405,2.1191406
25309,-1.1923218,-1.7181396,1.9692993
25310,-1.0850525,-1.7918396,1.7857361
25311,-1.1366272,-1.7790222,2.0083618
25312,-0.88043213,-1.8273926,2.0022583
25313,-0.90896606,-1.7866516,1.9573975
25314,-0.80963135,-1.7163086,1.918335
25315,-0.88699341,-1.7494202,1.9558716
25316,-0.79360962,-1.9487,1.8418884
25317,-0.79879761,-1.8760681,1.8792725
25318,-0.67214966,-1.9854736,1.7480469
25319,-0.67947388,-1.9371033,1.8334961
25320,-0.56060791,-1.9877625,1.8385315
25321,-0.5267334,-2.0231628,1.7579651
25322,-0.38253784,-2.1858215,1.5309143
25323,-0.43106079,-2.3667908,1.6117859
25324,-0.39123535,-2.144928,1.6621399
25325,-0.26107788,-2.1170044,1.6522217
25326,-0.32333374,-2.0780945,1.6912842
25327,-0.15304565,-2.2155762,1.6078186
25328,-0.24185181,-2.2044373,1.5853882
25329,-0.12451172,-2.2402954,1.6462708
25330,-0.026855469,-2.3776245,1.5515137
25331,0.006103516,-2.638092,1.5885925
25332,0.040588379,-2.4551392,1.5789795
25333,0.009155273,-2.3118591,1.550293
25334,0.12496948,-2.3428345,1.4878845
25335,0.11688232,-2.2058105,1.3650513
25336,0.21118164,-2.3046875,1.2464905
25337,0.31707764,-2.2946167,1.2121582
25338,0.46630859,-2.3483276,1.0812378
25339,0.44403076,-2.3294067,0.97244263
25340,0.49636841,-2.3651123,1.0467529
25341,0.53375244,-2.4008179,1.0261536
25342,0.54534912,-2.4740601,0.83251953
25343,0.46936035,-2.4649048,0.78277588
25344,0.5670166,-2.4057007,0.88378906
25345,0.72631836,-2.3847961,0.87966919
25346,0.59112549,-2.494812,0.93811035
25347,0.69717407,-2.386322,0.64346313
25348,0.71029663,-2.256012,0.65979004
25349,0.88470459,-2.3373413,0.60150147
25350,0.86090088,-2.1723938,0.56442261
25351,0.83709717,-2.3129272,0.43884277
25352,1.0183716,-2.2064209,0.58898926
25353,0.92208862,-2.2988892,0.36743164
25354,1.0525513,-2.2618103,0.23773193
25355,1.1940002,-2.1270752,0.26321411
25356,0.99472046,-2.1806335,0.16342163
25357,0.99273682,-2.1237183,0.10559082
25358,1.1074829,-2.1096802,0.058746338
25359,1.0643005,-2.016449,0.059661865
25360,1.2033081,-1.9792175,0.000762939
25361,1.1486816,-1.900177,-0.010986328
25362,1.2542725,-1.9429016,-0.017242432
25363,1.2809753,-1.8499756,-0.039672852
25364,1.3244629,-1.9276428,-0.004882813
25365,1.1572266,-1.8292236,-0.2130127
25366,1.1074829,-1.8734741,-0.32333374
25367,1.2451172,-1.8392944,-0.39611816
25368,1.2705994,-1.8461609,-0.49423218
25369,1.2303162,-1.625824,-0.37414551
25370,1.2202454,-1.4198303,-0.49331665
25371,1.3586426,-1.4532471,-0.5001831
25372,1.2176514,-1.4833069,-0.51010132
25373,1.2658691,-1.3676453,-0.47134399
25374,1.1611938,-1.5155029,-0.68283081
25375,1.210022,-1.41922,-0.76705933
25376,1.2432861,-1.3137817,-0.92758179
25377,1.3905334,-1.330719,-0.76828003
25378,1.4280701,-1.0675049,-0.83190918
25379,1.3787842,-0.97045898,-0.80154419
25380,1.3208008,-1.0870361,-0.89202881
25381,1.3195801,-0.90286255,-0.88806152
25382,1.1781311,-0.85983276,-0.91873169
25383,1.2182617,-0.87936401,-0.88653565
25384,1.206665,-0.77545166,-0.79742432
25385,1.114502,-0.69900513,-1.0949707
25386,1.0864258,-0.66192627,-1.0302734
25387,1.058197,-0.60958862,-1.134491
25388,1.0328674,-0.55664063,-1.1592102
25389,1.0830688,-0.57037353,-1.1782837
25390,0.94680786,-0.42098999,-1.3169861
25391,1.0217285,-0.3704834,-1.242981
25392,1.0305786,-0.2015686,-1.1595154
25393,0.89813232,-0.26306152,-1.2387085
25394,0.90103149,-0.12069702,-1.1701965
25395,0.75027466,-0.28167725,-1.18927
25396,0.80078125,-0.22842407,-1.3694763
25397,0.66864014,-0.022888184,-1.3635254
25398,0.72372437,0.012207031,-1.1740112
25399,0.85464478,-0.058441162,-1.4892578
25400,0.70953369,0.12329102,-1.4398193
25401,0.65689087,0.033569336,-1.4727783
25402,0.61218262,0.29586792,-1.4402771
25403,0.48950195,0.08682251,-1.4953613
25404,0.53390503,0.31799316,-1.5296936
25405,0.46478272,0.40359497,-1.4759827
25406,0.33447266,0.48126221,-1.3980103
25407,0.31265259,0.49591064,-1.4450073
25408,0.29800415,0.572052,-1.5509033
25409,0.31478882,0.65124512,-1.388092
25410,0.13305664,0.62698364,-1.2875366
25411,0.23101807,0.57342529,-1.446228
25412,0.036468506,0.54840088,-1.3414001
25413,0.020294189,0.66421509,-1.4308166
25414,0.045318604,0.70358276,-1.4173889
25415,-0.016326904,0.72036743,-1.3482666
25416,-0.037994385,0.73303223,-1.3851929
25417,-0.14724731,0.85067749,-1.4099121
25418,-0.12710571,0.93460083,-1.2059021
25419,-0.20690918,0.98693848,-1.2924194
25420,-0.20584106,1.0165405,-1.1791992
25421,-0.31158447,1.12854,-1.1653137
25422,-0.32348633,1.184082,-1.0424805
25423,-0.5619812,1.1247253,-0.92697144
25424,-0.75180054,1.071167,-0.93353272
25425,-0.53222656,0.92483521,-1.0766602
25426,-0.67398071,1.0948181,-0.94329834
25427,-0.63919067,1.1810303,-0.92346191
25428,-0.74554443,1.1999512,-1.1071777
25429,-0.73852539,1.2091064,-0.9487915
25430,-0.8052063,1.3139343,-0.94894409
25431,-0.96755981,1.3360596,-0.90759277
25432,-0.95657349,1.370697,-0.86013794
25433,-1.0430908,1.3293457,-0.97473144
25434,-1.0594177,1.1697388,-0.78277588
25435,-1.1309814,1.3305664,-0.4800415
25436,-1.1933899,1.4202881,-0.61691284
25437,-1.2825012,1.4221191,-0.62637329
25438,-1.2536621,1.3336182,-0.53115845
25439,-1.2757874,1.3452148,-0.50262451
25440,-1.3545227,1.3632202,-0.34255981
25441,-1.4401245,1.4125061,-0.44830322
25442,-1.4916992,1.3755798,-0.3805542
25443,-1.4541626,1.3577271,-0.43991089
25444,-1.4727783,1.3922119,-0.32928467
25445,-1.6188049,1.3668823,-0.16098023
25446,-1.7106628,1.2609863,0.024108887
25447,-1.7425537,1.3856506,0.02243042
25448,-1.7120361,1.2956238,0.045623779
25449,-1.6722107,1.3505554,0.065917969
25450,-1.8055725,1.3308716,0.18920898
25451,-1.9664001,1.1724854,0.2154541
25452,-1.9496155,1.2783813,0.32073975
25453,-1.9718933,1.0595703,0.40267944
25454,-1.946106,1.3568115,0.27450561
25455,-1.8319702,1.1204529,0.34484863
25456,-1.993866,1.1439514,0.46691894
25457,-2.0379639,1.0954285,0.46035767
25458,-1.9767761,1.0206604,0.63674927
25459,-1.9425964,1.03302,0.54382324
25460,-2.0741272,1.1364746,0.6262207
25461,-2.0135498,1.0131836,0.66192627
25462,-2.1208191,0.90454102,0.72723389
25463,-2.0455933,0.93292236,0.76766968
25464,-2.1562195,0.85968018,0.73699951
25465,-1.975708,0.83374023,0.96084595
25466,-2.1231079,0.72219849,0.80810547
25467,-2.1882629,0.7661438,0.98434448
25468,-2.3825073,0.74142456,0.93734741
25469,-2.1723938,0.67871094,0.94680786
25470,-2.2775269,0.71456909,1.1883545
25471,-2.260437,0.45654297,1.2625122
25472,-2.0462036,0.56747437,1.178894
25473,-2.1914673,0.30578613,1.1778259
25474,-2.1092224,0.35018921,1.2402344
25475,-2.144165,0.19134522,1.3383484
25476,-2.1640015,0.18585205,1.4686584
25477,-2.2557068,0.11535645,1.5454102
25478,-2.2473145,0.005493164,1.4480591
25479,-2.0983887,-0.012207031,1.3076782
25480,-2.142334,-0.10665894,1.2779236
25481,-2.2195435,-0.12863159,1.3818359
25482,-2.1697998,-0.12176514,1.632843
25483,-1.9596863,-0.15808106,1.484375
25484,-2.07901,-0.35522461,1.6766357
25485,-1.985321,-0.43762207,1.6323853
25486,-2.1484375,-0.48645019,1.6815186
25487,-2.1325684,-0.51223755,1.6030884
25488,-1.8733215,-0.51391602,1.6384888
25489,-1.88797,-0.46051025,1.6645813
25490,-1.8887329,-0.71212769,1.7507935
25491,-1.9955444,-0.64697266,1.9618225
25492,-1.915741,-0.61950684,1.9262695
25493,-1.7918396,-0.57220459,1.9250488
25494,-1.6972351,-0.89447022,1.9116211
25495,-1.7407227,-0.83892822,1.8334961
25496,-1.8511963,-1.2510681,1.817627
25497,-1.7683411,-1.1341858,1.9528198
25498,-1.6993713,-0.95993042,1.7312622
25499,-1.5589905,-1.1447144,1.875
25500,-1.5071106,-1.2304688,1.9290161
25501,-1.5513611,-1.2374878,1.8917847
25502,-1.4981079,-1.3381958,2.0860291
25503,-1.5586853,-1.3491821,2.0048523
25504,-1.4074707,-1.1824036,2.0381165
25505,-1.302948,-1.3475037,1.9087219
25506,-1.2585449,-1.355896,1.8693542
25507,-1.3131714,-1.4001465,1.6645813
25508,-1.293335,-1.5960693,2.0082092
25509,-1.1132813,-1.7002869,1.9671631
25510,-1.0757446,-1.6401672,2.0179749
25511,-1.083374,-1.6415405,1.9863892
25512,-0.96740723,-1.6960144,2.0843506
25513,-0.88073731,-1.6825867,1.867981
25514,-0.92758179,-1.7845154,1.990509
25515,-0.80307007,-1.7304993,1.9555664
25516,-0.88104248,-1.8115234,1.9699097
25517,-0.68786621,-1.8508911,1.8659973
25518,-0.62683106,-1.9564819,1.8191528
25519,-0.66696167,-1.9161987,1.8685913
25520,-0.48370361,-2.0336914,1.819458
25521,-0.67840576,-2.2245789,1.7344666
25522,-0.30883789,-2.162323,1.6900635
25523,-0.36148071,-2.1437073,1.5126038
25524,-0.2822876,-2.0295715,1.6159058
25525,-0.29846191,-2.0680237,1.5815735
25526,-0.27404785,-2.0484924,1.5933228
25527,-0.16952515,-2.0874023,1.5951538
25528,-0.20904541,-2.1949768,1.494751
25529,-0.12298584,-2.1914673,1.3043213
25530,-0.021514893,-2.1943665,1.3075256
25531,0.055236816,-2.159729,1.3122559
25532,0.087127686,-2.1363831,1.4976501
25533,0.084381104,-1.9418335,1.257782
25534,0.21224976,-2.1704102,1.309967
25535,0.21194458,-2.1492004,1.2007141
25536,0.35125732,-2.1380615,1.1412048
25537,0.38024902,-2.2335815,1.1816406
25538,0.39932251,-2.2650146,1.086731
25539,0.38513184,-2.273407,0.95062256
25540,0.40344238,-2.2640991,0.8279419
25541,0.55114746,-2.2747803,0.73501587
25542,0.61523438,-2.2297668,0.79101563
25543,0.62255859,-2.0553589,0.82214356
25544,0.59020996,-2.1257019,0.76721191
25545,0.72769165,-2.3551941,0.64651489
25546,0.68237305,-2.1992493,0.53344727
25547,0.71380615,-2.255249,0.6173706
25548,0.66345215,-2.190094,0.24841309
25549,0.79269409,-2.1998596,0.50292969
25550,0.75653076,-2.2457886,0.48858643
25551,0.87417603,-2.0915222,0.30563355
25552,0.89172363,-2.1923828,0.45806885
25553,0.86608887,-2.1420288,0.25421143
25554,0.91125488,-2.1537781,0.22537231
25555,1.0253906,-2.0837402,0.15197754
25556,1.0319519,-2.1772766,0.181427
25557,1.0412598,-2.2767639,0.12268066
25558,1.038208,-2.2427368,0.072937012
25559,0.86242676,-2.0082092,0.01953125
25560,0.98587036,-2.118988,0.23712158
25561,0.98510742,-2.0581055,0.048828125
25562,1.0479736,-1.8862915,0.034790039
25563,1.0929871,-1.8017578,0.001678467
25564,1.0427856,-1.6133118,-0.24169922
25565,1.1178589,-1.5083313,-0.20095825
25566,1.0650635,-1.6169739,-0.20965576
25567,1.2585449,-1.5287781,-0.38223267
25568,1.2033081,-1.5637207,-0.38513184
25569,1.2295532,-1.4364624,-0.37185669
25570,1.0980225,-1.2590027,-0.37689209
25571,1.0604858,-1.1795044,-0.40008545
25572,1.2019348,-1.2789917,-0.42861939
25573,1.105957,-1.0552979,-0.51330566
25574,1.098175,-1.1865234,-0.73928833
25575,1.1116028,-1.1404419,-0.85418701
25576,1.2171936,-1.337738,-0.76690674
25577,1.1958313,-0.92544556,-0.76660156
25578,1.061554,-0.93780518,-0.6842041
25579,1.1174011,-0.9274292,-0.79879761
25580,1.1885071,-0.87844849,-0.79620361
25581,1.0519409,-0.86105347,-0.92712402
25582,1.1320496,-0.66375732,-0.84960938
25583,1.0084534,-0.71289063,-0.95489502
25584,0.89782715,-0.7333374,-0.90057373
25585,0.93902588,-0.68237305,-1.0224915
25586,1.1178589,-0.52719116,-0.92376709
25587,0.98327637,-0.63598633,-0.95947266
25588,0.91384888,-0.57373047,-1.1201477
25589,0.91186523,-0.34423828,-1.1103821
25590,0.72799683,-0.25299072,-1.3424683
25591,0.68435669,-0.31448364,-1.1798096
25592,0.84320068,-0.36499023,-1.1308289
25593,0.78384399,-0.36514282,-1.1618042
25594,0.77590942,-0.32608032,-1.1288452
25595,0.67764282,-0.2861023,-1.1334229
25596,0.84030151,-0.10864258,-1.0887146
25597,0.71273804,-0.054321289,-1.0263062
25598,0.47134399,-0.44494629,-1.3623047
25599,0.055389404,-0.44021606,-1.2294006
25600,-0.13519287,-0.1512146,-1.3713074
25601,0.20339966,0.14648438,-1.2670898
25602,0.4133606,0.38574219,-1.1712646
25603,0.3817749,0.26565552,-1.1541748
25604,0.26641846,0.3237915,-0.99365234
25605,0.35369873,0.27526856,-1.1936951
25606,0.29373169,0.26443481,-1.2203979
25607,0.16937256,0.39627075,-1.1672974
25608,0.28182983,0.53771973,-1.2402344
25609,0.19805908,0.68893433,-1.1022949
25610,-0.030670166,0.89904785,-1.1810303
25611,0.026550293,0.81558228,-1.2283325
25612,0.017852783,0.69061279,-1.1477661
25613,-0.059356689,0.78399658,-1.146698
25614,-0.15869141,0.74645996,-1.5058899
25615,-0.29022217,0.68115234,-1.1120605
25616,-0.22277832,0.80886841,-1.1578369
25617,-0.39337158,0.74142456,-0.96954346
25618,-0.47332764,0.8821106,-1.1557007
25619,-0.61676025,0.81481934,-0.98937988
25620,-0.45288086,0.81588745,-1.0169983
25621,-0.66452026,0.86364746,-0.95932007
25622,-0.70907593,1.0523987,-0.93231201
25623,-0.61187744,0.97808838,-0.99685669
25624,-0.65368652,0.95779419,-0.77590942
25625,-0.69793701,1.047821,-0.8454895
25626,-0.83435059,1.055603,-0.85205078
25627,-0.93963623,1.0173035,-0.65689087
25628,-0.98205566,1.2585449,-0.66940308
25629,-0.96252441,1.1901855,-0.56106567
25630,-0.84594727,1.156311,-0.69946289
25631,-0.93887329,1.1222839,-0.6968689
25632,-1.0586548,1.1474609,-0.52612305
25633,-1.0215759,1.2805176,-0.55541992
25634,-1.0868835,1.2922668,-0.42312622
25635,-1.1428833,1.2759399,-0.3388977
25636,-1.2582397,1.2721252,-0.25375366
25637,-1.287384,1.1502075,-0.20309448
25638,-1.4826965,1.0733032,-0.35110474
25639,-1.2768555,1.2202454,-0.20675659
25640,-1.5240479,1.2481689,-0.10604858
25641,-1.6616821,1.184845,-0.016174316
25642,-1.6082764,1.37146,-0.029754639
25643,-1.6604614,1.2973022,-0.26443481
25644,-1.5515137,1.0375977,-0.11169434
25645,-1.6668701,0.96252441,0.15808106
25646,-1.6293335,1.1172485,0.17227173
25647,-1.6558838,0.9387207,0.11062622
25648,-1.6506958,1.098938,0.082702637
25649,-1.6960144,1.0623169,0.11474609
25650,-1.859436,0.87173462,0.18676758
25651,-1.7811584,0.98297119,0.19317627
25652,-1.8154907,1.0360718,0.40130615
25653,-1.8748474,0.82000732,0.45516968
25654,-1.829834,0.85083008,0.34210205
25655,-1.8408203,0.85525513,0.45181274
25656,-1.713562,0.887146,0.49606323
25657,-1.829834,0.77819824,0.45043945
25658,-1.9216919,0.67108154,0.54321289
25659,-2.0162964,0.71166992,0.66452026
25660,-1.9728088,0.68191528,0.68786621
25661,-2.0481873,0.71014404,0.78201294
25662,-1.9436646,0.4800415,0.76293945
25663,-1.832428,0.41992188,0.72692871
25664,-1.8241882,0.29418945,0.74966431
25665,-2.1495056,0.37994385,0.831604
25666,-2.0025635,0.57312012,0.91766357
25667,-1.9918823,0.26611328,0.88882446
25668,-1.8391418,0.32974243,1.1273193
25669,-1.9558716,0.33599853,1.0861206
25670,-1.9750977,0.25878906,1.2182617
25671,-2.1138,0.10940552,1.0148621
25672,-1.9377136,0.095214844,1.2147522
25673,-1.8478394,0.054779053,1.206665
25674,-1.938324,-0.025482178,1.1459351
25675,-1.9326782,-0.22872925,1.1581421
25676,-1.8637085,-0.084838867,1.3414001
25677,-1.8748474,-0.074310303,1.2384033
25678,-1.8936157,-0.27557373,1.3104248
25679,-1.8588257,-0.41564941,1.3221741
25680,-1.9200134,-0.42938232,1.4044189
25681,-1.7576599,-0.31600952,1.2626648
25682,-1.8605041,-0.28564453,1.4932251
25683,-1.7597961,-0.66818237,1.5872192
25684,-1.7358398,-0.84136963,1.5968323
25685,-1.645813,-0.61706543,1.5917969
25686,-1.8093872,-0.7194519,1.6040039
25687,-1.7529297,-0.92956543,1.5940857
25688,-1.71875,-1.0404968,1.6195679
25689,-1.6371155,-0.94100952,1.6941834
25690,-1.6836548,-1.006012,1.8508911
25691,-1.7597961,-0.95062256,1.7398071
25692,-1.6072083,-1.0585022,1.8673706
25693,-1.6682434,-1.0206604,1.9009399
25694,-1.5556335,-1.0525513,1.9494629
25695,-1.5119934,-1.1228943,1.9548035
25696,-1.5454102,-1.4613342,1.8844604
25697,-1.7323303,-1.5135193,1.7599487
25698,-1.5823364,-1.5830994,1.6189575
25699,-1.4857483,-1.6662598,1.7590332
25700,-1.3848877,-1.4292908,1.6082764
25701,-1.1369324,-1.4309692,1.7047119
25702,-1.0012817,-1.3580322,1.8138123
25703,-1.0321045,-1.3925171,1.8516541
25704,-1.000061,-1.2998962,1.8840027
25705,-0.88226318,-1.5008545,1.6549683
25706,-0.93475342,-1.5222168,1.7288208
25707,-0.79284668,-1.8238831,1.9055176
25708,-0.86914063,-1.815033,1.8838501
25709,-0.87417603,-1.9146729,1.8133545
25710,-0.66009522,-2.0585632,1.7016602
25711,-0.58807373,-1.8684387,1.6882324
25712,-0.64041138,-1.8359375,1.6610718
25713,-0.54611206,-1.8965149,1.736145
25714,-0.62698364,-1.8469238,1.7111206
25715,-0.6149292,-1.9277954,1.6687012
25716,-0.5229187,-1.81427,1.6870117
25717,-0.49728394,-1.8440247,1.5493774
25718,-0.33615112,-1.8838501,1.6743469
25719,-0.33935547,-1.9668579,1.7192078
25720,-0.25787353,-2.0895386,1.539917
25721,-0.16830444,-2.2729492,1.449585
25722,-0.31280518,-2.2363281,1.4736938
25723,-0.2923584,-2.1858215,1.4772034
25724,-0.072021484,-2.2346497,1.3900757
25725,-0.033111572,-2.1986389,1.5065002
25726,-0.10406494,-2.1179199,1.3357544
25727,-0.039672852,-2.1868896,1.328125
25728,-0.015411377,-2.1437073,1.2557983
25729,0.095977783,-2.2361755,1.2345886
25730,0.19439697,-2.2673035,1.146698
25731,0.26260376,-2.2647095,0.98327637
25732,0.24002075,-2.4017334,0.96313477
25733,0.18096924,-2.1604919,0.92224121
25734,0.44586182,-2.2157288,0.90026856
25735,0.26321411,-2.20047,0.89004517
25736,0.3717041,-2.1115112,0.80490112
25737,0.43823242,-2.1496582,0.85693359
25738,0.54763794,-2.1200562,0.86975098
25739,0.4814148,-2.0698547,0.69274902
25740,0.50628662,-1.9850159,0.65628052
25741,0.62927246,-2.1687317,0.64361572
25742,0.64041138,-2.0698547,0.58059692
25743,0.61630249,-2.1916199,0.59661865
25744,0.64697266,-1.8553162,0.54870606
25745,0.76644897,-2.0927429,0.37612915
25746,0.83816528,-1.8096924,0.32058716
25747,0.84533691,-2.0423889,0.1399231
25748,0.89630127,-1.9282532,0.29571533
25749,0.79071045,-1.8527222,0.28762817
25750,0.8001709,-1.9000244,0.18661499
25751,0.83389282,-1.7738342,0.15274048
25752,0.92315674,-1.730957,0.11383057
25753,0.89660644,-1.8070984,0.079650879
25754,1.0202026,-1.7550659,0.047302246
25755,0.85464478,-1.8254089,-0.041656494
25756,1.0476685,-1.7564392,-0.060272217
25757,1.0154724,-1.603241,-0.064086914
25758,1.018219,-1.6824341,-0.30609131
25759,0.97640991,-1.6777039,-0.32043457
25760,0.94802856,-1.6073608,-0.21453857
25761,1.1024475,-1.6220093,-0.32714844
25762,1.0031128,-1.6238403,-0.35064697
25763,1.075592,-1.5370178,-0.46310425
25764,1.0012817,-1.3523865,-0.31036377
25765,1.0110474,-1.456604,-0.38635254
25766,1.0238647,-1.2301636,-0.63110352
25767,1.027832,-1.2208557,-0.53634644
25768,1.0186768,-1.2841797,-0.53024292
25769,0.99304199,-1.3560486,-0.61523438
25770,1.1219788,-1.1830139,-0.50445557
25771,0.90988159,-1.5014648,-0.61645508
25772,1.0513306,-1.4100647,-0.65704346
25773,0.99380493,-1.3330078,-0.67901611
25774,0.94772339,-1.0894775,-0.92025757
25775,0.92193603,-1.2182617,-0.89523315
25776,0.94451904,-0.8996582,-0.74142456
25777,0.95535278,-0.94345093,-0.84823608
25778,0.92758179,-0.76965332,-0.88729858
25779,0.9916687,-0.66894531,-0.9375
25780,0.94665527,-0.5770874,-1.1790466
25781,0.89752197,-0.42282105,-1.0630798
25782,0.97717285,-0.440979,-1.0638428
25783,0.859375,-0.43426514,-1.1248779
25784,0.5960083,-0.40145874,-1.1053467
25785,0.70236206,-0.3326416,-1.0832214
25786,0.75820923,-0.19195557,-1.0694885
25787,0.65567017,-0.038452148,-1.078186
25788,0.75469971,-0.001983643,-1.1166382
25789,0.64697266,0.074005127,-1.1680603
25790,0.66986084,0.02243042,-1.2091064
25791,0.60241699,-0.017852783,-1.1895752
25792,0.57418823,-0.085144043,-1.5765381
25793,0.39932251,-0.032196045,-1.3130188
25794,0.45562744,0.10406494,-1.3116455
25795,0.26199341,0.27832031,-1.2780762
25796,0.25253296,0.15655518,-1.2097168
25797,0.36026001,0.35690308,-0.98831177
25798,0.18310547,0.036315918,-1.210022
25799,0.096588135,0.24658203,-1.2071228
25800,0.13092041,0.26092529,-1.2808228
25801,0.097961426,0.3012085,-1.0997009
25802,0.13702393,0.53131103,-1.1605835
25803,0.14572144,0.46844482,-1.1682129
25804,-0.072174072,0.42312622,-1.2243652
25805,-0.037536621,0.66650391,-1.2733459
25806,-0.14663696,0.63537598,-1.1555481
25807,-0.032043457,0.72509766,-1.153717
25808,-0.34912109,0.6954956,-1.0562134
25809,-0.19348145,0.72952271,-1.073761
25810,-0.29052734,0.909729,-1.0791016
25811,-0.31326294,0.99822998,-1.0179138
25812,-0.52307129,0.95626831,-0.85983276
25813,-0.50308228,0.97946167,-0.93505859
25814,-0.58914185,0.94390869,-0.86608887
25815,-0.6022644,1.0025024,-1.0227966
25816,-0.65109253,1.0559082,-0.8555603
25817,-0.67184448,1.0577393,-0.83221435
25818,-0.7850647,1.1203003,-0.96542358
25819,-0.88180542,1.1138916,-0.65505981
25820,-0.76980591,1.2420654,-0.79299927
25821,-0.96618652,1.3061523,-0.75286865
25822,-0.99960327,1.267395,-0.91537476
25823,-1.0646057,1.1534119,-0.64865112
25824,-1.1582947,1.2240601,-0.73944092
25825,-1.1643982,1.1805725,-0.64804077
25826,-1.2467957,1.4373779,-0.47592163
25827,-1.3011169,1.2573242,-0.3918457
25828,-1.2963867,1.3937378,-0.43701172
25829,-1.1550903,1.2957764,-0.41992188
25830,-1.3520813,1.3313293,-0.20690918
25831,-1.1985779,1.2483215,-0.29296875
25832,-1.3049316,1.1174011,-0.262146
25833,-1.3549805,1.1141968,-0.26794434
25834,-1.3833618,0.8152771,-0.28701782
25835,-1.4648438,0.46005249,-0.31936645
25836,-1.5429688,0.99029541,-0.10253906
25837,-1.4070129,0.90286255,0.059051514
25838,-1.572876,0.93475342,0.16677856
25839,-1.6543579,1.1071777,0.12817383
25840,-1.605835,1.0594177,0.16601563
25841,-1.6848755,1.0334778,0.20065308
25842,-1.7965698,1.0229492,0.21911621
25843,-1.7100525,1.1329651,0.31616211
25844,-1.6384888,0.965271,0.3527832
25845,-1.8574524,0.81359863,0.3388977
25846,-1.8904114,1.1322021,0.49133301
25847,-1.8759155,0.95703125,0.34698486
25848,-1.8214416,1.0913086,0.43518066
25849,-1.6293335,0.70205688,0.4133606
25850,-1.9342041,0.88684082,0.50125122
25851,-1.9145203,0.74630737,0.60058594
25852,-2.0753479,0.68099976,0.57556152
25853,-1.9493103,0.6137085,0.71655273
25854,-2.0349121,0.60623169,0.70861816
25855,-2.1153259,0.67214966,0.80810547
25856,-2.038269,0.62774658,0.83374023
25857,-2.0848083,0.56945801,0.82092285
25858,-2.0135498,0.51635742,0.9803772
25859,-2.0080566,0.53543091,1.1282349
25860,-2.024231,0.44433594,0.95626831
25861,-2.1882629,0.43914795,1.2168884
25862,-2.0727539,0.41046143,1.0809326
25863,-1.9552612,0.32897949,1.1026001
25864,-2.0231628,0.11322022,1.2313843
25865,-2.0732117,0.11001587,1.3690186
25866,-2.0451355,0.16860962,1.3638306
25867,-1.9110107,0.040283203,1.2960815
25868,-1.9195557,-0.10742188,1.3546753
25869,-1.9544983,-0.078735352,1.2332153
25870,-1.9792175,-0.30593872,1.2902832
25871,-1.9989014,-0.22369385,1.3896179
25872,-2.015686,-0.30685425,1.3615417
25873,-2.0487976,-0.18814087,1.5893555
25874,-1.90979,-0.33386231,1.7189026
25875,-1.8264771,-0.40710449,1.4559937
25876,-1.9967651,-0.63369751,1.6043091
25877,-1.8495178,-0.47668457,1.739502
25878,-1.8818665,-0.6237793,1.7150879
25879,-1.8382263,-0.77316284,1.1654663
25880,-1.7974854,-0.84991455,1.6210938
25881,-1.7376709,-0.84182739,1.8557739
25882,-1.7547607,-0.85845947,1.8074036
25883,-1.6848755,-0.82000732,1.8281555
25884,-1.6014099,-1.0243225,1.7153931
25885,-1.6775513,-0.89385986,1.7930603
25886,-1.5118408,-1.3514709,1.776886
25887,-1.4683533,-1.2532043,1.7652893
25888,-1.7074585,-1.3143921,1.9229126
25889,-1.4076233,-1.1547852,1.895752
25890,-1.4703369,-1.1680603,2.0812988
25891,-1.6044617,-1.2132263,2.026062
25892,-1.5339661,-1.2786865,1.8814087
25893,-1.3978577,-1.3150024,2.0755005
25894,-1.3420105,-1.3002014,2.0222473
25895,-1.2609863,-1.4448547,2.0236206
25896,-1.3111877,-1.6654968,1.8432617
25897,-1.2353516,-1.6278076,2.03125
25898,-1.1775208,-1.7762756,1.8452454
25899,-1.2098694,-1.7153931,1.9776916
25900,-1.0604858,-1.7544556,1.8951416
25901,-0.90332031,-1.7112732,1.8795776
25902,-0.9375,-1.665802,1.6970825
25903,-0.84884644,-1.6436768,1.8624878
25904,-0.8114624,-1.7092896,1.8447876
25905,-0.79940796,-1.7248535,1.789856
25906,-0.72113037,-1.8293762,1.8011475
25907,-0.68283081,-1.882782,1.7590332
25908,-0.64239502,-1.8745422,1.5922546
25909,-0.42282105,-1.9212341,1.7375183
25910,-0.48858643,-2.0698547,1.5960693
25911,-0.40710449,-2.2015381,1.625061
25912,-0.36605835,-2.1818542,1.5982056
25913,-0.31478882,-2.0819092,1.572876
25914,-0.29373169,-2.1835327,1.5542603
25915,-0.3755188,-2.1235657,1.6717529
25916,-0.30883789,-2.1281433,1.6055298
25917,-0.13381958,-2.3184204,1.3876343
25918,-0.07019043,-2.3931885,1.4199829
25919,-0.047607422,-2.5210571,1.3731384
25920,-0.001831055,-2.3175049,1.3565063
25921,0.10620117,-2.4208069,1.3502502
25922,0.05355835,-2.3445129,1.3124084
25923,0.1272583,-2.1862793,1.2791443
25924,0.2734375,-2.3803711,1.204834
25925,0.2633667,-2.3703003,1.1413574
25926,0.32684326,-2.2392273,1.2695313
25927,0.44158936,-2.3794556,1.164093
25928,0.46691894,-2.4879456,0.9928894
25929,0.52276611,-2.2793579,1.0876465
25930,0.37109375,-2.3980713,0.91369629
25931,0.4675293,-2.3182678,1.0197449
25932,0.58731079,-2.3402405,0.82519531
25933,0.64529419,-2.454834,0.78491211
25934,0.71777344,-2.2377014,0.74157715
25935,0.7081604,-2.1958923,0.72875977
25936,0.78811646,-2.2702026,0.61340332
25937,0.81420898,-2.2175598,0.58914185
25938,0.88012695,-2.2976685,0.62026978
25939,0.87677002,-2.1583557,0.51391602
25940,0.94665527,-1.993866,0.44296265
25941,0.97198486,-1.9657898,0.40679932
25942,1.0037231,-2.0045471,0.26977539
25943,0.95001221,-2.0678711,0.30853272
25944,1.0075378,-1.9673157,0.21377563
25945,1.0293579,-2.0384216,0.16265869
25946,1.1152649,-1.8774414,0.019378662
25947,1.0760498,-1.7443848,0.097198486
25948,1.0508728,-1.6967773,0.036773682
25949,1.2528992,-1.7391968,0.014648438
25950,1.096344,-1.6870117,0.017242432
25951,1.197052,-1.860199,0.05569458
25952,1.1048889,-1.6577148,-0.067901611
25953,1.1630249,-1.8386841,-0.30517578
25954,1.3679504,-1.6061401,-0.27114868
25955,1.2039185,-1.5028381,-0.24871826
25956,1.3267517,-1.7440796,-0.44616699
25957,1.174469,-1.7224121,-0.38375855
25958,1.1849976,-1.5859985,-0.39642334
25959,1.2367249,-1.5106201,-0.54367065
25960,1.1708069,-1.340332,-0.76522827
25961,1.3284302,-1.3017273,-0.58883667
25962,1.1857605,-1.237793,-0.74645996
25963,1.2940979,-1.2294006,-0.81497192
25964,1.2565613,-1.171875,-0.71884155
25965,1.2243652,-1.1576843,-0.85723877
25966,1.1024475,-0.92330933,-0.82214356
25967,1.081543,-1.0012817,-0.85662842
25968,1.2539673,-0.92285156,-0.92803955
25969,1.0368347,-0.98907471,-0.90698242
25970,1.1315918,-0.97198486,-1.0327148
25971,1.0664368,-0.71243286,-0.98251343
25972,1.0108948,-0.82611084,-1.0218811
25973,1.2347412,-0.75637817,-1.1129761
25974,1.1561584,-0.72799683,-1.1485291
25975,1.0592651,-0.59570313,-1.2049866
25976,1.0719299,-0.52185059,-1.1834717
25977,1.0429382,-0.43807983,-1.2290955
25978,0.94192505,-0.36575317,-1.2123108
25979,0.98617554,-0.38238525,-1.1956787
25980,0.78689575,-0.32684326,-1.111908
25981,0.81634522,-0.2281189,-1.4518738
25982,1.0983276,-0.50140381,-1.3540649
25983,0.68405151,-0.23254395,-1.2384033
25984,0.63537598,-0.006713867,-1.2860107
25985,0.72479248,0.10772705,-1.2582397
25986,0.66726685,-0.28091431,-1.5405273
25987,0.35186768,-0.31463623,-1.427002
25988,0.62759399,0.070037842,-1.4231873
25989,0.51315308,0.25253296,-1.4532471
25990,0.55633545,0.22399902,-1.3278198
25991,0.44998169,0.35369873,-1.4266968
25992,0.45166016,0.50064087,-1.3693237
25993,0.36392212,0.5090332,-1.3150024
25994,0.22506714,0.61431885,-1.2828064
25995,0.32226563,0.54107666,-1.2800598
25996,0.34286499,0.66497803,-1.4457703
25997,0.17776489,0.74584961,-1.3777161
25998,0.12329102,0.74050903,-1.1972046
25999,0.21011353,0.3565979,-1.2768555
26000,0.051422119,0.61508179,-1.3368225
26001,-0.13702393,0.68328857,-1.1196899
26002,-0.047607422,0.74539185,-1.1625671
26003,-0.090484619,0.71258545,-1.1965942
26004,-0.06652832,0.77682495,-1.2080383
26005,-0.31814575,0.89752197,-1.1672974
26006,-0.41503906,0.80596924,-1.1669922
26007,-0.36071777,0.8581543,-1.1495972
26008,-0.31768799,1.0632324,-1.1651611
26009,-0.29037476,1.1624146,-1.2374878
26010,-0.5154419,1.2362671,-1.1120605
26011,-0.55541992,1.0546875,-1.2585449
26012,-0.70053101,1.1634827,-1.1566162
26013,-0.81420898,1.1491394,-0.93231201
26014,-0.79177856,1.156311,-0.84777832
26015,-0.77545166,1.1099243,-0.83068848
26016,-0.82717896,1.2036133,-0.99517822
26017,-0.87661743,1.2512207,-0.83480835
26018,-0.9236145,1.288147,-0.67733765
26019,-1.0697937,1.4550781,-0.5758667
26020,-1.0293579,1.1711121,-0.65338135
26021,-1.0671997,1.1923218,-0.57403565
26022,-1.3171387,1.2957764,-0.6564331
26023,-1.3122559,1.0925293,-0.52352905
26024,-1.3096619,1.2649536,-0.4447937
26025,-1.3323975,1.2956238,-0.47393799
26026,-1.4100647,1.4401245,-0.49865723
26027,-1.3285828,1.3172913,-0.2897644
26028,-1.5028381,1.3246155,-0.25115967
26029,-1.3845825,1.3604736,-0.18783569
26030,-1.6242981,1.1366272,-0.29296875
26031,-1.8193054,0.72052002,-0.30227661
26032,-1.5203857,1.12854,-0.063476563
26033,-1.6674805,1.2582397,-0.15655518
26034,-1.6082764,1.1904907,-0.020141602
26035,-1.6270447,1.2304688,0.11383057
26036,-1.8222046,1.2008667,0.16235352
26037,-1.8180847,0.94650269,0.2104187
26038,-1.8772888,1.1019897,0.13854981
26039,-1.769104,1.0783386,0.35552978
26040,-1.7402649,1.0998535,0.37139893
26041,-1.8896484,1.0203552,0.42816162
26042,-1.9770813,1.0684204,0.49591064
26043,-1.9303894,1.0037231,0.46356201
26044,-2.0578003,0.99700928,0.56900024
26045,-1.9763184,0.76690674,0.59295654
26046,-1.9909668,0.85739136,0.69732666
26047,-1.9793701,0.82855225,0.66940308
26048,-2.1076965,0.8203125,0.85235596
26049,-2.1852112,0.65002441,0.72174072
26050,-2.1676636,0.58135986,0.8555603
26051,-2.0239258,0.47668457,0.81619263
26052,-2.0210266,0.42327881,0.84411621
26053,-2.2317505,0.44418335,1.0350037
26054,-2.1751404,0.52566528,1.1340332
26055,-2.2401428,0.41091919,1.3005066
26056,-2.1777344,0.55389404,1.1772156
26057,-2.2016907,0.44509888,1.1732483
26058,-2.0860291,0.49575806,1.1531067
26059,-2.3625183,0.28274536,1.0876465
26060,-1.9393921,0.071563721,1.1929321
26061,-2.0446777,0.18920898,1.2792969
26062,-2.089386,0.1461792,1.340332
26063,-2.0690918,0.1045227,1.5667725
26064,-2.3898315,0.025024414,1.3490295
26065,-2.097168,-0.71014404,1.4755249
26066,-2.1662903,-0.43136597,1.4143372
26067,-2.0980835,-0.27709961,1.464386
26068,-2.0500183,-0.30975342,1.5995789
26069,-2.049408,-0.45166016,1.5751648
26070,-1.9287109,-0.39581299,1.5254211
26071,-1.9847107,-0.35720825,1.7579651
26072,-2.0037842,-0.33370972,1.758728
26073,-1.8385315,-0.44723511,1.4573669
26074,-1.8066406,-0.42327881,1.6671753
26075,-1.9255066,-0.51879883,2.0518494
26076,-1.8928528,-0.63415527,1.8295288
26077,-1.7477417,-0.63171387,1.5890503
26078,-1.802063,-0.75500488,1.7788696
26079,-1.749115,-0.87921143,2.0068359
26080,-1.6838074,-0.72799683,1.9801331
26081,-1.6929626,-0.91720581,1.9989014
26082,-1.635437,-0.88378906,1.9868469
26083,-1.6676331,-0.92437744,2.0535278
26084,-1.6799927,-1.151886,1.9415283
26085,-1.5470886,-1.1721802,1.9326782
26086,-1.5834045,-1.2663269,1.8078613
26087,-1.5486145,-1.1932373,1.8881226
26088,-1.3677979,-1.4767456,1.7990112
26089,-1.3246155,-1.3049316,1.9651794
26090,-1.2773132,-1.3867188,1.862793
26091,-1.2568665,-1.4926147,2.0404053
26092,-1.3134766,-1.6731262,1.8995666
26093,-1.1727905,-1.6210938,1.803894
26094,-1.0375977,-1.5657043,1.7401123
26095,-1.2213135,-1.7100525,1.9300842
26096,-1.2434387,-1.8917847,1.6967773
26097,-1.048584,-1.7756653,1.8751526
26098,-1.0198975,-1.9033813,1.9113159
26099,-0.97091675,-1.8980408,1.786499
26100,-0.80841065,-1.8412781,1.8792725
26101,-0.79269409,-1.749115,1.9122314
26102,-0.73608398,-1.8382263,1.8441772
26103,-0.65841675,-2.0269775,1.8489075
26104,-0.57067871,-1.9482422,1.6218567
26105,-0.44250488,-1.9319153,1.7611694
26106,-0.40939331,-2.0707703,1.6641235
26107,-0.36300659,-2.0454407,1.5835571
26108,-0.33966064,-2.048645,1.7562866
26109,-0.40496826,-2.1353149,1.7289734
26110,-0.21774292,-2.1195984,1.5962219
26111,-0.062561035,-1.9960022,1.7126465
26112,-0.18676758,-2.0507813,1.5214539
26113,-0.01373291,-2.0567322,1.656189
26114,-0.096893311,-2.122345,1.5223694
26115,-0.14251709,-2.3423767,1.4640808
26116,0.053405762,-2.3962402,1.2841797
26117,-0.079956055,-2.3698425,1.348877
26118,0.064239502,-2.2969055,1.3206482
26119,0.26626587,-2.2866821,1.2458801
26120,0.26199341,-2.1594238,1.1842346
26121,0.31311035,-2.2090149,1.0957336
26122,0.42449951,-2.3577881,1.008606
26123,0.48156738,-2.3300171,0.92773438
26124,0.49621582,-2.4765015,0.90652466
26125,0.53466797,-2.3373413,0.87188721
26126,0.56121826,-2.4734497,0.87905884
26127,0.64743042,-2.4661255,0.80368042
26128,0.7107544,-2.35672,0.73699951
26129,0.72372437,-2.3335266,0.81161499
26130,0.74310303,-2.3458862,0.71151733
26131,0.83068848,-2.3490906,0.61309815
26132,0.87081909,-2.3410034,0.53649902
26133,0.92681885,-2.3287964,0.48477173
26134,0.91156006,-2.1380615,0.4826355
26135,0.93521118,-2.0941162,0.3314209
26136,0.92056274,-2.0684814,0.40786743
26137,0.99884033,-2.1717834,0.36300659
26138,1.0449219,-2.0960999,0.29312134
26139,1.0351563,-2.182312,0.26702881
26140,1.0479736,-2.1394348,0.24581909
26141,1.0319519,-1.9854736,0.20645142
26142,1.0780334,-1.9876099,0.17166138
26143,1.091156,-1.9624329,0.081634521
26144,1.1126709,-1.9419861,-0.053405762
26145,1.2190247,-1.8333435,-0.14892578
26146,1.1029053,-1.7733765,-0.05645752
26147,1.1930847,-1.9076538,-0.20462036
26148,1.2039185,-1.6983032,-0.42800903
26149,1.1407471,-1.5704346,-0.27374268
26150,1.0665894,-1.5776062,-0.47363281
26151,1.0037231,-1.7953491,-0.39855957
26152,1.1672974,-1.681366,-0.54962158
26153,1.2150574,-1.6932678,-0.46066284
26154,1.2704468,-1.5071106,-0.48202515
26155,1.1036682,-1.3970947,-0.40222168
26156,1.1859131,-1.3517761,-0.44311523
26157,1.1444092,-1.3720703,-0.42526245
26158,1.2313843,-1.375885,-0.68634033
26159,1.0952759,-1.3656616,-0.66711426
26160,1.1128235,-1.1752319,-0.78323364
26161,1.1592102,-1.2138367,-0.8279419
26162,1.2361145,-0.97900391,-0.87524414
26163,1.1761475,-0.8631897,-0.97747803
26164,1.0751343,-0.72677612,-0.88531494
26165,1.0437012,-0.5770874,-0.95550537
26166,1.1273193,-0.730896,-0.95031738
26167,1.1083984,-0.63476563,-0.96313477
26168,1.2454224,-0.65490723,-1.1404419
26169,1.108551,-0.64102173,-1.0374451
26170,1.0020447,-0.55007935,-1.0316467
26171,1.027832,-0.4032898,-0.98968506
26172,1.0029602,-0.58013916,-1.1845398
26173,0.89981079,-0.32363892,-1.0440063
26174,0.89752197,-0.37719727,-1.1491394
26175,0.93688965,-0.32562256,-1.040802
26176,0.84640503,-0.066223145,-1.131897
26177,0.98693848,-0.21575928,-1.222229
26178,0.88973999,-0.16662598,-1.3626099
26179,0.80093384,-0.13595581,-1.3221741
26180,0.73577881,-0.027770996,-1.3075256
26181,0.74264526,-0.074005127,-1.3592529
26182,0.49285889,-0.23880005,-1.5148926
26183,0.43609619,-0.002746582,-1.4035034
26184,0.48736572,0.26611328,-1.3415527
26185,0.56686401,0.17120361,-1.3796997
26186,0.52734375,0.23513794,-1.295166
26187,0.62438965,0.29907227,-1.2524414
26188,0.4234314,0.25878906,-1.4189148
26189,0.54992676,0.28991699,-1.3374329
26190,0.45684814,0.41259766,-1.3554382
26191,0.35003662,0.42236328,-1.4433289
26192,0.26641846,0.47958374,-1.1582947
26193,0.29586792,0.58853149,-1.3290405
26194,0.20874023,0.61645508,-1.4183044
26195,0.10498047,0.85952759,-1.472168
26196,0.059814453,0.78201294,-1.5052795
26197,-0.053863525,0.76705933,-1.3983154
26198,-0.21469116,0.56396484,-1.1807251
26199,-0.18493652,0.91369629,-1.217041
26200,-0.26184082,0.92224121,-1.2358093
26201,-0.33981323,0.92269897,-1.1233521
26202,-0.47042847,1.0852051,-1.2536621
26203,-0.47363281,0.95779419,-1.1802673
26204,-0.53314209,1.2007141,-1.0327148
26205,-0.56945801,1.2757874,-0.98312378
26206,-0.51055908,1.2724304,-1.1558533
26207,-0.65002441,1.3549805,-1.1878967
26208,-0.63217163,1.4701843,-1.0227966
26209,-0.73165894,1.3864136,-1.1460876
26210,-0.81512451,1.4743042,-0.99884033
26211,-0.9262085,1.3809204,-0.85266113
26212,-0.96298218,1.3171387,-0.95687866
26213,-0.98999023,1.2744141,-0.91827393
26214,-1.1460876,1.2895203,-0.8303833
26215,-1.1016846,1.4144897,-0.69702148
26216,-1.0990906,1.3943481,-0.67321777
26217,-1.1773682,1.4520264,-0.60211182
26218,-1.1779785,1.2460327,-0.68557739
26219,-1.4292908,1.2538147,-0.64666748
26220,-1.4819336,1.3557434,-0.42419434
26221,-1.5042114,1.3502502,-0.39733887
26222,-1.3182068,1.426239,-0.39123535
26223,-1.4860535,1.5106201,-0.21881103
26224,-1.44104,1.3630676,-0.26565552
26225,-1.4701843,1.2382507,-0.31463623
26226,-1.6427612,1.4419556,-0.17684937
26227,-1.905365,1.0717773,-0.28396606
26228,-1.786499,1.1598206,-0.27206421
26229,-1.7166138,1.2802124,-0.17623901
26230,-1.6612244,1.3259888,-0.041656494
26231,-1.8171692,1.2594604,-0.010375977
26232,-1.832428,1.2763977,0.11627197
26233,-1.8728638,1.2001038,0.21438599
26234,-1.925354,1.2423706,0.19332886
26235,-2.0233154,1.1968994,0.24795532
26236,-2.197113,1.1314392,0.18218994
26237,-2.3271179,1.0813904,0.34729004
26238,-2.0399475,1.1737061,0.25115967
26239,-2.2192383,0.98526001,0.48461914
26240,-2.0576477,1.0775757,0.50109863
26241,-2.1510315,0.95306397,0.4838562
26242,-2.1318054,0.97045898,0.55862427
26243,-1.9520569,0.99700928,0.62423706
26244,-2.0535278,1.0993958,0.76828003
26245,-2.1861267,0.95489502,0.86181641
26246,-2.1516418,0.83007813,0.95855713
26247,-2.223053,0.753479,0.80612183
26248,-2.1316528,0.74234009,0.93673706
26249,-2.2132874,0.70907593,0.84228516
26250,-2.4832153,0.69702148,0.93078613
26251,-2.3951721,0.65887451,0.92605591
26252,-2.328949,0.63049316,0.94558716
26253,-2.2840881,0.60531616,0.96130371
26254,-2.1661377,0.43945313,1.048584
26255,-2.2357178,0.4951477,1.2025452
26256,-2.2610474,0.31906128,1.1906433
26257,-2.1932983,0.22583008,1.1827087
26258,-2.2859192,0.206604,1.3400269
26259,-2.2027588,0.21575928,1.423645
26260,-2.0426941,-0.004272461,1.3536072
26261,-2.1328735,0.18630981,1.625061
26262,-1.9747925,-0.24597168,1.6160584
26263,-2.0739746,-0.40527344,1.5565491
26264,-2.020874,-0.20446777,1.5684509
26265,-1.9758606,-0.25299072,1.6067505
26266,-2.2415161,-0.28625488,1.6365051
26267,-2.240448,-0.41778564,1.6244507
26268,-2.2399902,-0.39535522,1.5161133
26269,-2.0729065,-0.36758423,1.6792297
26270,-2.0207214,-0.64575195,1.7701721
26271,-1.8998718,-0.61843872,1.7933655
26272,-1.9245911,-0.59753418,1.8212891
26273,-1.9647217,-0.72021484,1.7204285
26274,-1.9515991,-0.8706665,2.0637512
26275,-1.7913818,-0.89630127,1.8554688
26276,-1.8164063,-0.82015991,1.8609619
26277,-1.8000793,-0.98953247,1.920929
26278,-1.734314,-1.0606384,1.9709778
26279,-1.7480469,-1.0235596,1.985321
26280,-1.807251,-1.1834717,2.0195007
26281,-1.6784668,-1.2510681,2.0574951
26282,-1.6348267,-1.1357117,2.1455383
26283,-1.54953,-1.1990356,2.1290588
26284,-1.5197754,-1.2199402,2.1627808
26285,-1.4186096,-1.3760376,1.9734192
26286,-1.5061951,-1.5661621,1.8728638
26287,-1.4892578,-1.4709473,2.0185852
26288,-1.4860535,-1.6648865,1.9659424
26289,-1.4567566,-1.4775085,2.0805359
26290,-1.3002014,-1.7626953,2.0098877
26291,-1.1843872,-1.6947937,2.059021
26292,-1.1047363,-1.7732239,2.0050049
26293,-0.99395752,-1.7649841,2.1240234
26294,-1.055603,-1.836853,1.9775391
26295,-0.87585449,-1.7773438,2.0278931
26296,-0.99517822,-1.8714905,1.9764709
26297,-0.86181641,-1.8447876,2.0951843
26298,-0.8279419,-1.9326782,2.0722961
26299,-0.6954956,-1.9586182,1.9700623
26300,-0.72357178,-1.9021606,2.0068359
26301,-0.65551758,-2.0550537,1.8952942
26302,-0.56930542,-1.9270325,1.9042969
26303,-0.58105469,-1.9851685,1.9468689
26304,-0.53451538,-2.0976257,1.8798828
26305,-0.44738769,-2.3410034,1.6760254
26306,-0.29922485,-2.2358704,1.6923523
26307,-0.20004273,-2.257843,1.5667725
26308,-0.13397217,-2.2714233,1.5345764
26309,-0.1574707,-2.1836853,1.6110229
26310,-0.047912598,-2.15271,1.4526367
26311,-0.040283203,-2.2190857,1.4520264
26312,-0.071105957,-2.1995544,1.5252686
26313,0.13687134,-2.3059082,1.5156555
26314,0.26168823,-2.4841309,1.4790344
26315,0.11413574,-2.4835205,1.3539124
26316,0.20843506,-2.5056458,1.3896179
26317,0.35324097,-2.5019836,1.2913513
26318,0.3742981,-2.387085,1.305542
26319,0.29464722,-2.4243164,1.3067627
26320,0.33584595,-2.2631836,1.2324524
26321,0.43548584,-2.1614075,1.1291504
26322,0.39154053,-2.3370361,0.97732544
26323,0.41046143,-2.2650146,1.0043335
26324,0.546875,-2.3677063,0.90942383
26325,0.58059692,-2.4783325,0.95611572
26326,0.70175171,-2.2848511,0.79696655
26327,0.67092896,-2.4279785,0.83480835
26328,0.69519043,-2.1853638,0.69259644
26329,0.77270508,-2.3036194,0.75424194
26330,0.70556641,-2.3388672,0.72067261
26331,0.84671021,-2.3326111,0.50445557
26332,0.89309692,-2.2621155,0.62301636
26333,0.95626831,-2.3085022,0.46340942
26334,1.0888672,-2.1937561,0.4838562
26335,1.1177063,-2.1052551,0.41793823
26336,0.98022461,-1.9798279,0.36529541
26337,0.93902588,-2.1478271,0.209198
26338,1.1154175,-2.2232056,0.064086914
26339,1.1773682,-2.1871948,0.016021729
26340,1.2263489,-2.1185303,0.12054443
26341,1.1254883,-2.0016479,0.063018799
26342,1.2284851,-2.1635437,-0.22888184
26343,1.2561035,-2.0175171,-0.053710938
26344,1.3427734,-2.043457,-0.07019043
26345,1.3090515,-1.811676,-0.070800781
26346,1.2106323,-1.8946838,-0.11779785
26347,1.1289978,-1.7947388,-0.28213501
26348,1.1657715,-1.7144775,-0.46386719
26349,1.1895752,-1.5515137,-0.43319702
26350,1.2957764,-1.6815186,-0.62789917
26351,1.3282776,-1.6699219,-0.58395386
26352,1.3288879,-1.6439819,-0.52001953
26353,1.3380432,-1.7201233,-0.35766602
26354,1.3560486,-1.6401672,-0.61187744
26355,1.4120483,-1.4849854,-0.60043335
26356,1.3595581,-1.505127,-0.72692871
26357,1.2512207,-1.260376,-0.64956665
26358,1.3607788,-1.2896729,-0.67428589
26359,1.2191772,-1.1331177,-0.63903809
26360,1.2342834,-1.1839294,-0.88928223
26361,1.1897278,-1.081543,-0.82672119
26362,1.3407898,-1.043396,-0.82199097
26363,1.366272,-0.9841919,-1.0093689
26364,1.3049316,-0.8795166,-1.0395813
26365,1.0699463,-0.75668335,-0.93521118
26366,1.1669922,-0.79345703,-0.97366333
26367,1.0023499,-0.76019287,-1.1149597
26368,0.96710205,-0.77438354,-1.0942078
26369,1.0070801,-0.5909729,-1.2103271
26370,1.1930847,-0.47195435,-1.2045288
26371,1.0319519,-0.5154419,-1.1257935
26372,1.013031,-0.46844482,-1.2307739
26373,1.0900879,-0.33187866,-1.2844849
26374,0.8908081,-0.33325195,-1.3342285
26375,0.83770752,-0.2822876,-1.2246704
26376,0.81542969,-0.1248169,-1.4630127
26377,0.76477051,-0.053100586,-1.4312744
26378,0.79666138,0.02243042,-1.4254761
26379,0.78201294,0.030822754,-1.4584351
26380,0.83023071,-0.19195557,-1.5084839
26381,0.3527832,-0.34545898,-1.4825439
26382,0.47012329,0.081481934,-1.4198303
26383,0.66726685,0.38894653,-1.2962341
26384,0.59753418,0.35705566,-1.472168
26385,0.49728394,0.4624939,-1.5216064
26386,0.42907715,0.50048828,-1.5034485
26387,0.42694092,0.47790527,-1.4453125
26388,0.36010742,0.60317993,-1.3977051
26389,0.19073486,0.50949097,-1.4283752
26390,0.23849487,0.53039551,-1.2850952
26391,0.19256592,0.46707153,-1.477356
26392,0.073394775,0.33752441,-1.4282227
26393,-0.004272461,0.80383301,-1.4590454
26394,-0.013427734,0.64407349,-1.5917969
26395,-0.084838867,0.77484131,-1.3497925
26396,-0.078887939,0.79711914,-1.3290405
26397,-0.1600647,1.047821,-1.5119934
26398,-0.18920898,1.146698,-1.2731934
26399,-0.25543213,1.0087585,-1.2930298
26400,-0.55770874,0.98388672,-1.2768555
26401,-0.40740967,1.003418,-1.21521
26402,-0.49423218,0.91217041,-1.1758423
26403,-0.34729004,0.98434448,-0.94329834
26404,-0.51071167,0.91644287,-0.97991943
26405,-0.5708313,1.0266113,-1.0400391
26406,-0.60852051,1.1991882,-0.89889526
26407,-0.7888794,1.2249756,-0.83496094
26408,-0.88989258,1.2579346,-0.79986572
26409,-0.99578857,1.2675476,-0.79162598
26410,-0.86730957,1.210022,-0.74905396
26411,-0.89782715,1.2467957,-0.76919556
26412,-0.89538574,1.2171936,-0.67367554
26413,-0.85144043,1.3212585,-0.83526611
26414,-0.9564209,1.3922119,-0.73150635
26415,-0.95916748,1.4279175,-0.76889038
26416,-1.0409546,1.3461304,-0.78369141
26417,-1.1958313,1.4595032,-0.64987183
26418,-1.0934448,1.3607788,-0.61828613
26419,-1.2643433,1.3851929,-0.39245606
26420,-1.2065125,1.5007019,-0.53436279
26421,-1.4276123,1.399231,-0.41351318
26422,-1.5452576,1.2857056,-0.26123047
26423,-1.5919495,1.4645386,-0.29067993
26424,-1.6247559,1.4463806,-0.31234741
26425,-1.5786743,1.2738037,-0.24719238
26426,-1.5576172,1.4421082,-0.084838867
26427,-1.6000366,1.2759399,-0.14373779
26428,-1.5997314,1.1904907,-0.051116943
26429,-1.6873169,1.1727905,-0.020294189
26430,-1.6638184,1.1845398,0.009613037
26431,-1.7617798,1.1590576,0.004882813
26432,-1.8077087,1.0873413,0.089569092
26433,-1.8045044,1.1325073,0.21682739
26434,-1.9499207,1.1463928,0.20172119
26435,-1.870575,1.1256409,0.34225464
26436,-1.774292,1.1439514,0.31677246
26437,-2.019043,1.0746765,0.26153564
26438,-1.8807983,0.97900391,0.29937744
26439,-1.9142151,1.0037231,0.57434082
26440,-1.958313,1.0639954,0.5065918
26441,-1.9413757,0.83053589,0.43395996
26442,-1.8412781,0.92666626,0.64254761
26443,-1.9993591,0.71350098,0.62576294
26444,-2.0495605,0.79986572,0.6729126
26445,-2.097168,0.75500488,0.77941894
26446,-2.0866394,0.7119751,0.85021973
26447,-1.9081116,0.75531006,0.99609375
26448,-2.089386,0.68481445,1.0684204
26449,-2.1856689,0.66162109,1.12854
26450,-2.2247314,0.7460022,1.0722351
26451,-2.1469116,0.52505493,1.0247803
26452,-2.2314453,0.48049927,0.89736938
26453,-2.2195435,0.55786133,1.2391663
26454,-2.1569824,0.26519775,1.2539673
26455,-2.1885681,0.28869629,1.3214111
26456,-2.0849609,0.24871826,1.2564087
26457,-2.051239,0.038146973,1.4167786
26458,-2.0307922,0.061340332,1.3624573
26459,-2.1653748,-0.006256104,1.3793945
26460,-2.1112061,0.058441162,1.396637
26461,-2.1394348,-0.35171509,1.4419556
26462,-2.1720886,-0.59631348,1.6067505
26463,-2.0339966,-0.19042969,1.5223694
26464,-2.0477295,-0.14724731,1.631012
26465,-1.9735718,-0.33081055,1.499939
26466,-2.0631409,-0.49316406,1.5901184
26467,-1.9795227,-0.5368042,1.6969299
26468,-1.9902039,-0.50827026,1.6998291
26469,-2.0252991,-0.6451416,1.8063354
26470,-1.914978,-0.69046021,1.7185974
26471,-1.8263245,-0.62133789,1.7333984
26472,-1.7910767,-0.89797974,1.8482971
26473,-1.8499756,-0.9777832,1.6317749
26474,-1.8598938,-0.98571777,1.6543579
26475,-1.6723633,-0.97930908,1.8649292
26476,-1.7680359,-0.97137451,1.8095398
26477,-1.8478394,-0.9715271,1.9076538
26478,-1.5927124,-0.89828491,1.9036865
26479,-1.5794373,-1.0131836,1.9371033
26480,-1.6282654,-1.1193848,1.9683838
26481,-1.6264343,-1.4645386,1.8307495
26482,-1.6000366,-1.3739014,1.9790649
26483,-1.5246582,-1.4324951,1.8330383
26484,-1.4025879,-1.5815735,2.0179749
26485,-1.5559387,-1.5679932,1.9277954
26486,-1.3220215,-1.5844727,1.9895935
26487,-1.3381958,-1.6726685,1.8881226
26488,-1.348114,-1.6101074,1.9198608
26489,-1.2023926,-1.4315796,2.0832825
26490,-1.0894775,-1.5332031,2.0379639
26491,-1.0517883,-1.6348267,2.1398926
26492,-1.0147095,-1.7263794,2.0153809
26493,-0.86791992,-1.7147827,2.0013428
26494,-0.9753418,-1.7364502,1.9915771
26495,-0.83557129,-1.9439697,1.9799805
26496,-0.8303833,-2.0050049,1.8405151
26497,-0.85296631,-2.0619202,1.7356873
26498,-0.94161987,-2.1257019,1.7837524
26499,-0.66650391,-2.1151733,1.7579651
26500,-0.64804077,-2.071228,1.7373657
26501,-0.61141968,-2.0149231,1.6500854
26502,-0.44754028,-2.0666504,1.6105652
26503,-0.41473389,-2.1165466,1.6772461
26504,-0.34744263,-2.220459,1.6252136
26505,-0.28884888,-2.1829224,1.7500305
26506,-0.32531738,-2.2158813,1.5724182
26507,-0.11993408,-2.1212769,1.6697693
26508,-0.25131226,-2.0700073,1.4042664
26509,-0.020904541,-1.9999695,1.5640259
26510,-0.08026123,-2.1914673,1.444397
26511,-0.056304932,-2.2572327,1.4228821
26512,0.11047363,-2.3197937,1.4347839
26513,0.028686523,-2.4339294,1.3710022
26514,0.074310303,-2.3678589,1.3871765
26515,0.15365601,-2.3474121,1.3822937
26516,0.21881103,-2.2874451,1.3461304
26517,0.28091431,-2.2634888,1.3090515
26518,0.30426025,-2.1730042,1.2817383
26519,0.39962769,-2.2419739,1.2776184
26520,0.47332764,-2.2872925,1.0015869
26521,0.39047241,-2.0378113,0.93704224
26522,0.50079346,-2.2203064,0.89981079
26523,0.53649902,-2.1052551,0.81726074
26524,0.66879272,-2.1347046,0.85739136
26525,0.77636719,-2.1899414,0.69030762
26526,0.69198608,-2.1942139,0.753479
26527,0.78353882,-2.3150635,0.87417603
26528,0.64758301,-2.4531555,0.572052
26529,0.81481934,-2.4215698,0.49438477
26530,0.97732544,-2.0857239,0.51879883
26531,0.95153809,-2.1490479,0.4598999
26532,0.80825806,-2.040863,0.30197144
26533,0.84991455,-1.9987488,0.21881103
26534,0.94497681,-2.2050476,0.17044067
26535,0.96923828,-2.0451355,0.20858765
26536,0.98709106,-1.971283,0.21362305
26537,1.0932922,-1.8392944,0.1864624
26538,0.99182129,-1.8466187,0.24368286
26539,1.0070801,-1.8696594,0.23376465
26540,1.1099243,-1.8060303,-0.10971069
26541,1.2594604,-1.7300415,0.047912598
26542,1.1630249,-1.7654419,0.026855469
26543,1.0900879,-1.6270447,-0.04486084
26544,1.1750793,-1.6790771,-0.35385132
26545,1.1172485,-1.7300415,-0.33126831
26546,1.1628723,-1.678009,-0.38635254
26547,1.3070679,-1.6253662,-0.55404663
26548,1.2255859,-1.5789795,-0.40679932
26549,1.3432312,-1.4903259,-0.44036865
26550,1.3493347,-1.4665222,-0.44067383
26551,1.1729431,-1.3583374,-0.4524231
26552,1.2792969,-1.3037109,-0.52993774
26553,1.1308289,-1.355896,-0.5418396
26554,1.1761475,-1.5795898,-0.70953369
26555,1.1845398,-1.3757324,-0.61553955
26556,1.1346436,-1.2626648,-0.60455322
26557,1.1912537,-1.2530518,-0.63461304
26558,1.1819458,-1.3034058,-0.65322876
26559,1.0835266,-1.1875916,-0.7359314
26560,1.2130737,-1.027832,-0.78430176
26561,0.94924927,-1.0406494,-0.86242676
26562,1.0949707,-0.85189819,-0.91049194
26563,1.031189,-0.76690674,-0.95977783
26564,0.99853516,-0.87936401,-1.0861206
26565,1.151123,-0.73791504,-1.050415
26566,0.98358154,-0.60791016,-1.1073303
26567,0.96557617,-0.54351807,-1.1534119
26568,0.90332031,-0.55419922,-1.0739136
26569,1.0345459,-0.40588379,-1.0119629
26570,1.0037231,-0.4032898,-1.1013794
26571,0.92346191,-0.51925659,-1.1657715
26572,0.77423096,-0.19195557,-1.1006165
26573,0.82687378,-0.20462036,-1.1289978
26574,0.74630737,-0.14663696,-1.2406921
26575,0.78308106,-0.11672974,-1.237793
26576,0.64208984,-0.12573242,-1.1068726
26577,0.69519043,-0.022735596,-1.4248657
26578,0.66223144,-0.095214844,-1.4053345
26579,0.60729981,-0.12695313,-1.4285278
26580,0.50231934,-0.044555664,-1.5158081
26581,0.56976318,0.1159668,-1.2716675
26582,0.54824829,0.31280518,-1.1001587
26583,0.390625,0.38818359,-1.1846924
26584,0.23864746,0.33981323,-1.1933899
26585,0.31906128,0.40344238,-1.4523315
26586,0.36911011,0.57617188,-1.2475586
26587,0.22583008,0.35522461,-1.3041687
26588,0.22720337,0.48538208,-1.3438416
26589,0.001525879,0.36834717,-1.2850952
26590,0.10131836,0.43640137,-1.3482666
26591,0.21392822,0.58258057,-1.3323975
26592,0.0,0.54946899,-1.244812
26593,-0.14953613,0.66436768,-1.395874
26594,-0.22521973,0.54458618,-1.1573791
26595,-0.16067505,0.70617676,-1.1473084
26596,-0.22384644,1.0368347,-1.0362244
26597,-0.16143799,0.99533081,-1.0520935
26598,-0.23330688,0.9538269,-1.1479187
26599,-0.31677246,0.97503662,-1.1541748
26600,-0.4776001,0.85037231,-1.008606
26601,-0.37826538,0.96374512,-0.88378906
26602,-0.49194336,0.94970703,-1.0723877
26603,-0.49758911,1.0435486,-1.1775208
26604,-0.6111145,1.1485291,-1.1013794
26605,-0.59341431,1.1387634,-1.072998
26606,-0.63049316,1.1102295,-1.2121582
26607,-0.72555542,1.1424255,-0.93063354
26608,-0.77789307,1.1210632,-0.84991455
26609,-0.85571289,1.125946,-0.77774048
26610,-0.87310791,1.1700439,-0.76141357
26611,-0.98922729,1.2623596,-0.67077637
26612,-1.0597229,1.2402344,-0.58685303
26613,-1.0986328,1.1463928,-0.54763794
26614,-1.2071228,1.3418579,-0.52780151
26615,-1.3044739,1.1700439,-0.44342041
26616,-1.3751221,1.1569214,-0.41320801
26617,-1.3682556,1.1907959,-0.33737183
26618,-1.2760925,1.2399292,-0.35995483
26619,-1.3052368,1.0064697,-0.2432251
26620,-1.381073,0.962677,-0.33660889
26621,-1.5653992,1.1349487,-0.19500732
26622,-1.6021729,1.1096191,-0.25573731
26623,-1.5275574,1.0720825,-0.13290405
26624,-1.6415405,1.0740662,-0.034790039
26625,-1.5571594,1.0971069,0.000305176
26626,-1.6294861,1.1965942,0.00793457
26627,-1.6566467,1.3093567,0.015869141
26628,-1.7016602,1.1489868,0.17730713
26629,-1.7205811,0.9689331,0.13977051
26630,-1.7718506,1.1372375,0.15853882
26631,-1.7034912,1.1524963,0.31188965
26632,-1.8894959,1.0977173,0.18203735
26633,-1.7745972,1.0740662,0.36804199
26634,-1.7790222,1.0466003,0.45516968
26635,-1.8832397,0.9387207,0.44631958
26636,-2.1098328,0.87234497,0.61767578
26637,-1.9334412,0.9451294,0.63858032
26638,-2.0384216,0.77209473,0.72021484
26639,-2.0426941,0.91827393,0.66879272
26640,-2.0994568,0.88424683,0.71899414
26641,-1.9749451,0.80032349,0.80917358
26642,-2.069397,0.70632935,0.74249268
26643,-2.026062,0.62515259,0.77316284
26644,-2.0817566,0.70068359,0.81512451
26645,-2.0732117,0.61126709,0.81604004
26646,-2.0478821,0.53482056,0.93292236
26647,-2.0826721,0.45715332,1.0540771
26648,-2.1192932,0.28442383,1.0359192
26649,-2.1461487,0.28182983,1.0865784
26650,-2.0759583,0.34210205,1.1035156
26651,-1.9551086,0.30319214,1.1430359
26652,-1.9908142,0.19058228,1.2197876
26653,-2.0896912,0.056152344,1.3426209
26654,-2.1136475,0.24139404,1.4530945
26655,-2.0014954,0.22460938,1.4753723
26656,-2.0547485,0.17333984,1.4001465
26657,-1.9744873,-0.032348633,1.5116882
26658,-1.913147,0.071868896,1.3739014
26659,-2.0521545,-0.2204895,1.418457
26660,-2.0474243,-0.3427124,1.6040039
26661,-1.942749,-0.38787842,1.7248535
26662,-1.9885254,-0.13122559,1.5478516
26663,-1.9158936,-0.26046753,1.6096497
26664,-1.7726135,-0.48873901,1.6297913
26665,-1.8164063,-0.4876709,1.5698242
26666,-1.842804,-0.63369751,1.5090942
26667,-1.8965149,-0.65109253,1.6999817
26668,-1.7282104,-0.68634033,1.5180969
26669,-1.8963623,-0.63293457,1.950531
26670,-1.6421509,-0.73852539,2.0629883
26671,-1.6770935,-0.7572937,1.6505432
26672,-1.6557312,-0.95275879,1.5975952
26673,-1.5859985,-0.87036133,1.7358398
26674,-1.5896606,-0.99975586,1.7344666
26675,-1.5103149,-1.2863159,1.6487122
26676,-1.5367126,-0.91308594,1.7774963
26677,-1.5661621,-0.97793579,1.8055725
26678,-1.4733887,-1.138916,1.7945862
26679,-1.4874268,-1.3793945,1.6896057
26680,-1.4709473,-1.3475037,1.7016602
26681,-1.2158203,-1.3017273,1.885376
26682,-1.2805176,-1.4830017,1.7492676
26683,-1.2736511,-1.6790771,1.6821289
26684,-1.3128662,-1.7181396,1.675415
26685,-1.1627197,-1.8254089,1.7211914
26686,-1.0832214,-1.7442322,1.9174194
26687,-0.98052978,-1.6688538,1.7677307
26688,-0.93673706,-1.5896606,1.6313171
26689,-1.0612488,-1.5484619,1.8151855
26690,-0.84396362,-1.6473389,1.7991638
26691,-1.0171509,-1.7210388,1.965332
26692,-0.74707031,-1.6348267,1.8156433
26693,-0.60241699,-1.6876221,1.7601013
26694,-0.87463379,-1.7884827,1.7907715
26695,-0.54077148,-1.7770386,1.8043518
26696,-0.68603516,-2.0074463,1.5884399
26697,-0.52459717,-2.1401978,1.6297913
26698,-0.48080444,-2.1122742,1.7404175
26699,-0.50308228,-2.1078491,1.5083313
26700,-0.36605835,-2.0988464,1.6200256
26701,-0.23193359,-2.0117188,1.6125488
26702,-0.34683228,-2.0559692,1.4459229
26703,-0.26733398,-2.1824646,1.4546204
26704,-0.16906738,-2.2372437,1.6325378
26705,-0.15609741,-2.3007202,1.5382385
26706,-0.10848999,-2.1684265,1.5231323
26707,-0.021972656,-2.0663452,1.5359497
26708,-0.006103516,-2.1389771,1.3380432
26709,-0.020751953,-2.0223999,1.3400269
26710,0.014343262,-2.1362305,1.2857056
26711,0.11123657,-2.2088623,1.4077759
26712,0.18051148,-2.4256897,1.1314392
26713,0.19226074,-2.2172546,0.99395752
26714,0.25009155,-2.328186,0.99197388
26715,0.43884277,-2.2721863,1.0127258
26716,0.24093628,-2.3451233,0.9854126
26717,0.27664185,-2.3497009,0.90301514
26718,0.3956604,-2.2720337,0.70922852
26719,0.42282105,-2.4653625,0.70205688
26720,0.64804077,-2.3777771,0.75912476
26721,0.56564331,-2.2389221,0.62606812
26722,0.71029663,-2.2207642,0.64849853
26723,0.66589356,-2.0768738,0.47851563
26724,0.67749023,-2.063446,0.52581787
26725,0.74249268,-1.9525146,0.49713135
26726,0.66772461,-2.127533,0.49072266
26727,0.83801269,-2.0594788,0.28030395
26728,0.86608887,-1.8844604,0.33187866
26729,0.92193603,-1.9161987,0.24871826
26730,0.96084595,-1.9929504,0.20355225
26731,0.95458984,-1.9316101,0.099945068
26732,0.95703125,-1.8363953,0.26321411
26733,0.99411011,-2.0074463,0.32546997
26734,1.0668945,-2.1266174,0.1109314
26735,0.98297119,-1.9667053,-0.024414063
26736,1.0404968,-1.7404175,0.10101318
26737,1.0401916,-1.8028259,0.12283325
26738,1.0386658,-1.7817688,-0.14099121
26739,1.0482788,-1.7358398,-0.009918213
26740,1.056366,-1.7578125,-0.048217773
26741,1.0652161,-1.6784668,-0.061035156
26742,1.1380005,-1.7025757,-0.035247803
26743,1.1436462,-1.5988159,-0.094909668
26744,1.1828613,-1.5132141,-0.28305054
26745,1.098938,-1.4645386,-0.36590576
26746,1.1148071,-1.4555359,-0.44845581
26747,1.1483765,-1.4544678,-0.51620483
26748,1.1291504,-1.3957214,-0.46691894
26749,1.1575317,-1.3320923,-0.4814148
26750,1.0687256,-1.2390137,-0.50384522
26751,1.1442566,-1.0951233,-0.70083618
26752,1.1087036,-0.83374023,-0.59844971
26753,1.1506653,-0.82305908,-0.70800781
26754,1.1633301,-0.83816528,-0.68099976
26755,1.0766602,-0.84533691,-0.85372925
26756,0.9803772,-0.82626343,-0.97106934
26757,0.93933106,-0.82748413,-1.015625
26758,1.1051941,-0.75408935,-0.9085083
26759,0.78018188,-0.77285767,-0.96069336
26760,0.90515137,-0.78689575,-1.0083008
26761,1.063385,-0.82061768,-1.0784912
26762,0.90484619,-0.65841675,-1.1221313
26763,0.94238281,-0.62103272,-1.1228943
26764,0.97625732,-0.5166626,-1.022644
26765,0.84228516,-0.46417236,-1.015625
26766,0.84152222,-0.23178101,-1.0429382
26767,0.96099853,-0.2507019,-1.18927
26768,0.67138672,-0.35293579,-1.0710144
26769,0.85128784,-0.44448853,-1.2419128
26770,0.58639526,-0.29388428,-1.1074829
26771,0.73043823,-0.11260986,-1.1976624
26772,0.53466797,-0.019683838,-1.1083984
26773,0.49560547,-0.09765625,-1.1479187
26774,0.55145264,0.005340576,-1.1882019
26775,0.36972046,-0.37902832,-1.2921143
26776,0.38330078,-0.17944336,-1.2243652
26777,0.49957275,0.034637451,-1.1361694
26778,0.6022644,0.22735596,-1.2495422
26779,0.32730103,0.27923584,-1.2956238
26780,0.29769897,0.30517578,-1.2583923
26781,0.25054932,0.43609619,-1.3032532
26782,0.26275635,0.43930054,-1.2451172
26783,0.16311645,0.45288086,-1.1027527
26784,0.103302,0.6640625,-1.1491394
26785,0.026092529,0.4750061,-1.0971069
26786,-0.086364746,0.5519104,-1.174469
26787,-0.037078857,0.66497803,-1.2275696
26788,-0.14953613,0.52444458,-1.1462402
26789,-0.22354126,0.63980103,-1.3098145
26790,-0.21850586,0.68572998,-1.2515259
26791,-0.33691406,0.68313599,-1.0198975
26792,-0.25924683,0.75622559,-1.0746765
26793,-0.32501221,0.73684692,-1.0676575
26794,-0.35705566,0.9703064,-0.93704224
26795,-0.46432495,1.0317993,-0.94039917
26796,-0.51483154,1.1340332,-0.91796875
26797,-0.49636841,1.0754395,-0.81390381
26798,-0.67077637,1.0231018,-0.78842163
26799,-0.77667236,0.93215942,-0.79940796
26800,-0.76507568,0.94680786,-0.82122803
26801,-0.8303833,0.99563599,-0.76644897
26802,-0.87738037,1.0707092,-0.70785522
26803,-0.95092773,1.16745,-0.63858032
26804,-1.0620117,1.18927,-0.65567017
26805,-1.0977173,1.1715698,-0.76385498
26806,-1.1212158,1.1064148,-0.66589356
26807,-1.1325073,1.101532,-0.6022644
26808,-1.1625671,1.1282349,-0.51513672
26809,-1.2339783,1.1676025,-0.42922974
26810,-1.2466431,1.1174011,-0.45501709
26811,-1.3061523,1.1338806,-0.37277222
26812,-1.2042236,1.083374,-0.26870728
26813,-1.2503052,1.1738586,-0.31311035
26814,-1.3624573,1.3537598,-0.14678955
26815,-1.4053345,1.1683655,-0.30853272
26816,-1.4601135,0.94985962,-0.17807007
26817,-1.5768433,1.0131836,-0.10940552
26818,-1.5344238,1.2866211,-0.037841797
26819,-1.6210938,1.0449219,-0.058288574
26820,-1.6947937,1.1068726,0.18249512
26821,-1.6064453,1.033783,-0.01953125
26822,-1.7010498,0.99334717,0.14221191
26823,-1.6873169,1.0491943,0.20965576
26824,-1.6685486,0.83129883,0.18356323
26825,-1.726532,0.9916687,0.26123047
26826,-1.7939758,1.0646057,0.27603149
26827,-1.8615723,0.91583252,0.41503906
26828,-1.7843628,0.87966919,0.418396
26829,-1.8135071,0.84365845,0.42190552
26830,-1.8267822,0.8013916,0.51757813
26831,-1.8927002,0.86868286,0.53649902
26832,-1.816864,0.72021484,0.53466797
26833,-1.9818115,0.72021484,0.65170288
26834,-1.907959,0.76416016,0.64727783
26835,-1.9122314,0.75744629,0.71960449
26836,-1.9929504,0.62805176,0.71655273
26837,-2.1609497,0.5921936,0.84472656
26838,-2.1723938,0.55557251,0.71640015
26839,-2.0855713,0.50323486,1.0205078
26840,-2.0825195,0.4876709,0.96618652
26841,-2.2076416,0.50262451,0.90774536
26842,-2.0904541,0.35003662,1.0783386
26843,-1.9906616,0.11276245,0.90713501
26844,-2.0988464,0.13290405,0.9689331
26845,-1.9802856,0.21377563,1.0412598
26846,-1.9831848,0.28518677,1.0792541
26847,-1.8214416,0.28823853,1.1920166
26848,-1.8595886,0.084075928,1.260376
26849,-1.9242859,0.01159668,1.2202454
26850,-2.0298767,-0.1020813,1.161499
26851,-1.8518066,-0.25131226,1.1964416
26852,-2.0837402,-0.29876709,1.333313
26853,-1.9462585,-0.2015686,1.541748
26854,-1.8882751,-0.47943115,1.4538574
26855,-1.8125916,-0.21820068,1.4582825
26856,-1.9140625,-0.35095215,1.3868713
26857,-1.7558289,-0.4586792,1.3346863
26858,-1.8069458,-1.1572266,1.5100098
26859,-2.0011902,-1.0473633,1.4685059
26860,-1.7596436,-0.66497803,1.61026
26861,-1.8109131,-0.49728394,1.7166138
26862,-1.7648315,-0.5871582,1.7962646
26863,-1.6697693,-0.71487427,1.8362427
26864,-1.8443298,-0.74508667,1.7486572
26865,-1.729126,-0.93429565,1.8356323
26866,-1.7936707,-0.8833313,1.776886
26867,-1.8354797,-0.95184326,1.8371582
26868,-1.6192627,-0.85571289,1.8330383
26869,-1.5336609,-1.0476685,1.836853
26870,-1.5826416,-0.93276978,1.8251038
26871,-1.4523315,-1.15448,1.8945313
26872,-1.4834595,-1.2509155,2.1691895
26873,-1.415863,-1.3299561,1.9807434
26874,-1.5234375,-1.3882446,1.836853
26875,-1.5290833,-1.5145874,1.7185974
26876,-1.3771057,-1.4303589,1.7520142
26877,-1.2677002,-1.3743591,1.8273926
26878,-1.1650085,-1.7904663,1.6871643
26879,-1.0565186,-1.6436768,1.8840027
26880,-1.047821,-1.3850403,1.9458008
26881,-1.1543274,-1.5214539,1.7263794
26882,-1.0299683,-1.4665222,1.8572998
26883,-1.0339355,-1.6635132,1.8255615
26884,-0.88516235,-1.8002319,1.7010498
26885,-0.93338013,-1.8000793,1.6093445
26886,-0.69412231,-1.7204285,1.7834473
26887,-0.66513062,-1.750946,1.5460205
26888,-0.84915161,-1.9189453,1.630249
26889,-0.73913574,-1.9151306,1.668396
26890,-0.65338135,-2.0401001,1.7248535
26891,-0.70541382,-1.9186401,1.7550659
26892,-0.64331055,-1.8426514,1.6178894
26893,-0.45959473,-1.8383789,1.683197
26894,-0.44418335,-1.9351196,1.5242004
26895,-0.23986816,-1.9692993,1.5988159
26896,-0.24932861,-2.1360779,1.473999
26897,-0.25436401,-2.0584106,1.4822388
26898,-0.19989014,-2.1511841,1.318512
26899,-0.077514648,-2.1936035,1.335907
26900,-0.01739502,-2.068634,1.2724304
26901,-0.076293945,-1.9908142,1.2802124
26902,0.1625061,-2.131958,1.222229
26903,0.10025024,-2.1525574,1.2692261
26904,0.11688232,-2.260437,1.0670471
26905,0.14160156,-2.2273254,1.2365723
26906,0.0390625,-2.227478,1.2754822
26907,0.07598877,-2.2261047,1.2564087
26908,0.32546997,-2.1699524,1.1376953
26909,0.31143189,-2.265625,1.0314941
26910,0.24780273,-2.1577454,1.0670471
26911,0.33599853,-2.0413208,1.0192871
26912,0.36102295,-1.9972229,0.98968506
26913,0.38818359,-2.0150757,0.9538269
26914,0.51635742,-2.0619202,0.82672119
26915,0.54092407,-2.0281982,0.79147339
26916,0.55343628,-1.9403076,0.76477051
26917,0.58273315,-1.9903564,0.77758789
26918,0.62042236,-2.0036316,0.53970337
26919,0.60729981,-1.9841003,0.60928345
26920,0.70236206,-2.1588135,0.64636231
26921,0.65734863,-2.2640991,0.55419922
26922,0.8164978,-2.0323181,0.39550781
26923,0.82305908,-1.9766235,0.43655395
26924,0.95825195,-2.1368408,0.27709961
26925,0.88226318,-2.0976257,0.21499634
26926,0.90209961,-1.8257141,0.11810303
26927,0.95336914,-1.9471741,0.13458252
26928,0.96496582,-1.9561768,-0.006561279
26929,1.0209656,-1.8955994,-0.015411377
26930,1.0449219,-1.7893982,-0.069122314
26931,1.1282349,-1.6775513,0.15762329
26932,0.96817017,-1.6862488,-0.085449219
26933,1.1604309,-1.6094971,-0.091552734
26934,1.0842896,-1.6513062,-0.034332275
26935,1.0934448,-1.6566467,-0.24658203
26936,1.1158752,-1.5562439,-0.48553467
26937,1.0444641,-1.4637756,-0.37063599
26938,0.98648071,-1.4181519,-0.36148071
26939,0.90026856,-1.5391541,-0.43945313
26940,1.1126709,-1.5893555,-0.34851074
26941,0.92041016,-1.5077209,-0.60455322
26942,1.0064697,-1.4189148,-0.4460144
26943,1.0671997,-1.3600159,-0.50125122
26944,1.0073853,-1.2103271,-0.54153442
26945,1.1274719,-1.2460327,-0.67504883
26946,1.0836792,-1.1326599,-0.80276489
26947,1.1349487,-1.368103,-0.73471069
26948,0.96801758,-1.2814331,-0.756073
26949,0.86807251,-1.109314,-0.76324463
26950,0.85449219,-0.93566894,-0.82061768
26951,1.0186768,-0.78445435,-0.80535889
26952,0.9451294,-0.82077026,-0.92559815
26953,0.99197388,-0.75592041,-0.80551147
26954,0.8114624,-0.60546875,-0.94329834
26955,0.88088989,-0.56335449,-0.96252441
26956,1.0092163,-0.53817749,-1.027832
26957,0.93093872,-0.38314819,-0.97503662
26958,1.0266113,-0.37139893,-1.0153198
26959,0.86547852,-0.29586792,-1.0771179
26960,0.96069336,-0.4989624,-1.1656189
26961,0.859375,-0.43777466,-1.1592102
26962,0.86029053,-0.20751953,-1.2097168
26963,0.73120117,-0.16647339,-1.1203003
26964,0.79483032,-0.046386719,-1.2625122
26965,0.63690185,-0.075683594,-1.1729431
26966,0.61233521,0.028076172,-1.1950684
26967,0.61676025,-0.099487305,-1.2147522
26968,0.51391602,-0.15136719,-1.3630676
26969,0.42114258,0.051269531,-1.3381958
26970,0.52001953,0.28808594,-1.337738
26971,0.50109863,0.34637451,-1.3391113
26972,0.31738281,0.36071777,-1.4331055
26973,0.32165527,0.33081055,-1.4665222
26974,0.10879517,0.43121338,-1.3650513
26975,-0.048828125,0.4675293,-1.2219238
26976,0.15991211,0.44998169,-1.264801
26977,0.11962891,0.50582886,-1.3452148
26978,0.19012451,0.52459717,-1.2973022
26979,0.21652222,0.52154541,-1.2690735
26980,0.057067871,0.71350098,-1.1296082
26981,0.010223389,0.65444946,-1.1369324
26982,-0.14312744,0.85235596,-1.2599182
26983,-0.20889282,0.80764771,-1.1257935
26984,-0.15350342,0.78018188,-1.2089539
26985,-0.26596069,0.85708618,-1.0862732
26986,-0.24688721,0.98464966,-1.1473084
26987,-0.40893555,1.1238098,-1.2420654
26988,-0.51269531,1.1688232,-1.1286926
26989,-0.55023193,1.0554504,-1.0375977
26990,-0.58242798,1.035614,-1.1256409
26991,-0.62286377,0.90103149,-1.0713196
26992,-0.69641113,0.95062256,-1.0081482
26993,-0.63476563,0.87280273,-1.1186218
26994,-0.7711792,1.2005615,-1.0806274
26995,-0.73486328,1.1247253,-0.98251343
26996,-0.79345703,1.190033,-1.026001
26997,-0.88165283,1.1669922,-0.72570801
26998,-0.96206665,1.2294006,-0.73608398
26999,-0.92269897,1.1669922,-0.64651489
27000,-0.91400147,1.1914063,-0.60928345
27001,-1.1935425,1.1108398,-0.49636841
27002,-1.1859131,1.2528992,-0.50537109
27003,-1.1187744,1.4022827,-0.48339844
27004,-1.1604309,1.3949585,-0.35675049
27005,-1.2548828,1.3508606,-0.49591064
27006,-1.3883972,1.315918,-0.49789429
27007,-1.3252258,1.2590027,-0.33706665
27008,-1.46698,1.3037109,-0.29724121
27009,-1.5518188,1.1566162,-0.19393921
27010,-1.6571045,1.1863709,-0.2355957
27011,-1.6334534,0.97961426,-0.10894775
27012,-1.6975403,0.87112427,-0.19622803
27013,-1.7523193,1.0881042,0.059204102
27014,-1.7681885,1.1508179,-0.18554688
27015,-1.6882324,1.2211609,0.056762695
27016,-1.76651,1.2724304,0.11611939
27017,-1.7350769,1.0385132,0.13580322
27018,-1.8041992,1.0687256,0.16876221
27019,-1.7749023,1.0714722,0.25695801
27020,-1.7378235,1.0238647,0.21133423
27021,-1.8386841,0.97198486,0.26885986
27022,-1.8339539,0.79238892,0.34698486
27023,-1.9218445,0.81436157,0.48233032
27024,-1.8696594,0.82519531,0.45455933
27025,-1.9172668,0.7913208,0.45959473
27026,-1.8270874,0.95809937,0.52185059
27027,-2.0426941,0.6930542,0.67993164
27028,-2.0913696,0.78079224,0.69473267
27029,-2.1903992,0.7232666,0.69229126
27030,-2.1051025,0.69702148,0.70739746
27031,-2.207489,0.6010437,0.8442688
27032,-2.0744324,0.48690796,0.728302
27033,-2.0013428,0.71792603,0.82183838
27034,-2.1075439,0.69885254,0.92102051
27035,-2.1447754,0.6326294,1.0467529
27036,-2.0295715,0.39428711,1.191864
27037,-2.0315552,0.38421631,1.1763
27038,-2.0904541,0.29220581,1.2104797
27039,-2.0158386,0.31158447,1.1663818
27040,-2.0309448,0.12252808,1.1628723
27041,-2.1054077,0.25436401,1.3124084
27042,-1.9567871,0.2281189,1.3899231
27043,-1.907196,0.18203735,1.4762878
27044,-2.0965576,0.03326416,1.4825439
27045,-2.3403931,-0.18722534,1.5000916
27046,-1.8449402,-0.25634766,1.3993835
27047,-1.9523621,-0.097503662,1.5504456
27048,-2.0172119,0.012359619,1.5040588
27049,-1.9804382,-0.27359009,1.4828491
27050,-2.0776367,-0.21972656,1.5151978
27051,-2.1417236,-0.34851074,1.5332031
27052,-2.0928955,-0.45272827,1.4926147
27053,-1.9882202,-0.53695679,1.4523315
27054,-1.7706299,-0.53405762,1.6491699
27055,-1.8013,-0.70281982,1.8704224
27056,-1.8528748,-1.1357117,1.7282104
27057,-1.6845703,-0.87097168,1.8310547
27058,-1.7698669,-0.85952759,1.8096924
27059,-1.8075562,-0.71899414,1.8713379
27060,-1.7555237,-0.88119507,1.7770386
27061,-1.7698669,-0.84884644,1.7669678
27062,-1.6853333,-1.0954285,1.6619873
27063,-1.7253113,-0.95733643,2.0349121
27064,-1.6706848,-1.2216187,1.9110107
27065,-1.6052246,-1.3365173,1.7788696
27066,-1.6183472,-1.078949,1.9207764
27067,-1.4878845,-1.1602783,1.8206787
27068,-1.4442444,-1.0972595,1.8640137
27069,-1.3911438,-1.1567688,1.776886
27070,-1.4425659,-1.4056396,1.8423462
27071,-1.2930298,-1.4924622,1.8011475
27072,-1.4030457,-1.6177368,2.0491028
27073,-1.2739563,-1.8336487,2.0414734
27074,-1.1985779,-1.8792725,1.9332886
27075,-1.2269592,-1.7687988,1.8121338
27076,-1.0394287,-1.8840027,1.8011475
27077,-0.98449707,-1.6877747,1.8708801
27078,-1.0597229,-1.6099548,2.0120239
27079,-0.85769653,-1.5475464,1.9290161
27080,-0.83953857,-1.6244507,1.8278503
27081,-0.87722778,-1.6793823,1.9085693
27082,-0.79971313,-1.7462158,1.9361877
27083,-0.57373047,-1.8075562,1.9120789
27084,-0.58486938,-1.8719482,1.9036865
27085,-0.58547974,-1.8966675,1.809845
27086,-0.50842285,-1.9819641,1.7492676
27087,-0.43701172,-2.0739746,1.7370605
27088,-0.31829834,-2.1385193,1.7591858
27089,-0.4196167,-2.1200562,1.7382813
27090,-0.38131714,-2.1643066,1.6592407
27091,-0.38024902,-2.1881104,1.5132141
27092,-0.20996094,-2.0777893,1.5426636
27093,-0.19393921,-2.2915649,1.4402771
27094,-0.12268066,-2.4247742,1.5875244
27095,-0.16677856,-2.2463989,1.6703796
27096,-0.16143799,-2.4031067,1.6271973
27097,0.17410278,-2.4517822,1.3746643
27098,0.04486084,-2.2306824,1.5205383
27099,0.20187378,-2.2050476,1.3095093
27100,0.1184082,-2.2714233,1.4849854
27101,0.13504028,-2.1856689,1.2322998
27102,0.16082764,-2.3472595,1.3311768
27103,0.37445068,-2.1818542,1.0644531
27104,0.47698975,-2.4414063,1.0150146
27105,0.35675049,-2.572937,1.0534668
27106,0.44952393,-2.2079468,1.1177063
27107,0.45257568,-2.3695374,0.96862793
27108,0.57113647,-2.3977661,0.79223633
27109,0.71212769,-2.2187805,0.80322266
27110,0.5935669,-2.2270203,0.65689087
27111,0.60333252,-2.1327209,0.79269409
27112,0.64666748,-2.2697449,0.70373535
27113,0.73989868,-2.1929932,0.54962158
27114,0.83877563,-2.2090149,0.59036255
27115,0.87219238,-2.354126,0.45852661
27116,0.94406128,-2.2421265,0.64453125
27117,0.97640991,-2.1792603,0.33096314
27118,0.95199585,-2.1852112,0.42053223
27119,0.96435547,-2.1624756,0.24414063
27120,1.1006165,-2.1542358,0.4045105
27121,1.2561035,-2.1742249,0.14282227
27122,1.229248,-2.2181702,0.26016235
27123,1.2944031,-2.0487976,0.20202637
27124,1.0934448,-1.673584,0.090637207
27125,1.2045288,-1.8652344,0.095825195
27126,1.3536072,-1.8099976,-0.05355835
27127,1.164856,-1.7550659,-0.059661865
27128,1.2268066,-1.8939209,-0.024108887
27129,1.2709045,-1.8766785,-0.24093628
27130,1.3066101,-1.8699646,-0.22064209
27131,1.2492371,-1.6967773,-0.3465271
27132,1.2168884,-1.6101074,-0.3276062
27133,1.1947632,-1.6020203,-0.21972656
27134,1.2451172,-1.5779114,-0.3024292
27135,1.3032532,-1.653595,-0.42602539
27136,1.2942505,-1.4976501,-0.40863037
27137,1.3363647,-1.5942383,-0.61965942
27138,1.37146,-1.3473511,-0.73394775
27139,1.3186646,-1.3418579,-0.74691772
27140,1.3534546,-1.1247253,-0.63293457
27141,1.1853027,-1.1474609,-0.70495606
27142,1.1724854,-1.0704041,-0.67871094
27143,1.2483215,-1.0682678,-0.94223022
27144,1.131897,-1.0906982,-0.94161987
27145,1.2129211,-0.91125488,-0.9487915
27146,1.257782,-0.90118408,-0.95947266
27147,1.0157776,-0.81192017,-1.0693359
27148,1.260376,-0.80673218,-1.030426
27149,1.0824585,-0.64193726,-0.98068237
27150,1.0108948,-0.71166992,-1.138916
27151,1.1036682,-0.72189331,-1.1985779
27152,1.0009766,-0.50689697,-1.038208
27153,1.1425781,-0.54412842,-1.071167
27154,1.2269592,-0.48843384,-1.076355
27155,0.98556519,-0.37200928,-1.1364746
27156,1.022644,-0.35858154,-1.2161255
27157,0.9262085,-0.19729614,-1.1975098
27158,0.86425781,-0.13778687,-1.184082
27159,0.77209473,-0.33096314,-1.2721252
27160,0.61859131,-0.19378662,-1.2867737
27161,0.84106445,-0.2355957,-1.4656067
27162,0.72509766,-0.032806396,-1.4590454
27163,0.87387085,0.085906982,-1.3648987
27164,0.53833008,-0.18066406,-1.3414001
27165,0.63842773,-0.083465576,-1.5261841
27166,0.53222656,0.018310547,-1.3667297
27167,0.53009033,0.06942749,-1.307373
27168,0.45562744,0.20706177,-1.2786865
27169,0.51269531,0.48461914,-1.4146423
27170,0.25604248,0.59341431,-1.3664246
27171,0.3755188,0.53237915,-1.4752197
27172,0.32409668,0.53665161,-1.4349365
27173,0.18951416,0.49331665,-1.3555908
27174,0.22735596,0.63552856,-1.4535522
27175,0.11779785,0.7925415,-1.3247681
27176,0.10528565,0.72158813,-1.313324
27177,-0.11947632,0.71380615,-1.3583374
27178,0.052185059,0.79803467,-1.2507629
27179,-0.021820068,0.74752808,-1.3014221
27180,-0.21453857,0.81863403,-1.2391663
27181,-0.14602661,0.89538574,-1.2809753
27182,-0.19714356,0.96786499,-1.1245728
27183,-0.28930664,1.1479187,-1.1767578
27184,-0.34729004,1.1541748,-1.2194824
27185,-0.35888672,1.1210632,-1.2225342
27186,-0.60516357,1.1927795,-1.1912537
27187,-0.58013916,1.1903381,-1.1152649
27188,-0.77148438,1.1108398,-0.97320557
27189,-0.62103272,1.0675049,-0.90576172
27190,-0.61706543,1.0148621,-1.0006714
27191,-0.69351196,1.1109924,-0.97045898
27192,-0.78094482,1.1283875,-0.96984863
27193,-0.91491699,1.2236023,-1.0791016
27194,-0.85845947,1.2834167,-0.91690063
27195,-0.83282471,1.239624,-0.83999634
27196,-0.8757019,1.3247681,-0.91003418
27197,-1.0403442,1.2791443,-0.90393066
27198,-1.0321045,1.2411499,-0.66543579
27199,-1.1880493,1.2457275,-0.64651489
27200,-1.2294006,1.3771057,-0.53146362
27201,-1.2492371,1.3375854,-0.63598633
27202,-1.3999939,1.5208435,-0.3515625
27203,-1.2815857,1.4390564,-0.29937744
27204,-1.4480591,1.3818359,-0.39535522
27205,-1.5454102,1.3659668,-0.25009155
27206,-1.5223694,1.3407898,-0.12893677
27207,-1.6139221,1.3394165,-0.14312744
27208,-1.7289734,1.2582397,-0.066833496
27209,-1.759491,0.87890625,-0.22857666
27210,-1.8055725,1.2011719,-0.22277832
27211,-1.7951965,1.2661743,-0.002746582
27212,-1.842041,1.2879944,0.13397217
27213,-1.9198608,1.2533569,0.17044067
27214,-1.9555664,1.4208984,0.23956299
27215,-1.9500732,1.2471008,0.10269165
27216,-1.945343,1.2023926,0.36117554
27217,-1.9166565,1.2306213,0.25634766
27218,-1.9911194,1.1256409,0.2961731
27219,-2.0265198,1.1802673,0.32501221
27220,-2.1313477,1.0949707,0.41656494
27221,-2.1463013,1.1604309,0.58547974
27222,-2.0800781,1.0479736,0.51101685
27223,-2.0404053,1.0656738,0.54855347
27224,-2.2132874,0.89431763,0.63568115
27225,-2.182312,0.95901489,0.66589356
27226,-2.1936035,0.81665039,0.884552
27227,-2.1710205,0.76965332,0.7774353
27228,-2.0739746,0.77346802,0.85479736
27229,-2.1829224,0.72601318,0.74645996
27230,-2.2982788,0.61325073,1.0473633
27231,-2.2718811,0.56686401,1.078186
27232,-2.2567749,0.61050415,0.94985962
27233,-2.2505188,0.64361572,1.2316895
27234,-2.3884583,0.38970947,1.3223267
27235,-2.159729,0.41442871,1.3513184
27236,-2.1017456,0.37002564,1.439209
27237,-2.3338318,0.30853272,1.3215637
27238,-2.2042847,0.25039673,1.360321
27239,-2.1594238,0.22003174,1.2133789
27240,-2.2335815,0.032958984,1.3768005
27241,-2.3472595,0.11245728,1.5414429
27242,-2.2547913,0.07598877,1.5026855
27243,-2.1969604,-0.090637207,1.579895
27244,-2.204895,-0.048065186,1.5386963
27245,-2.0637512,0.009765625,1.6998291
27246,-2.0062256,-0.12313843,1.6265869
27247,-2.1359253,-0.36743164,1.743927
27248,-2.0596313,-0.33859253,1.7311096
27249,-2.056427,-0.41305542,1.8554688
27250,-1.9311523,-0.54595947,1.8684387
27251,-1.9903564,-0.57357788,1.7816162
27252,-1.8861389,-0.54275513,1.8115234
27253,-1.9067383,-0.57952881,1.7170715
27254,-1.8556213,-0.81726074,1.8763733
27255,-1.9480896,-1.0229492,1.8768311
27256,-1.9189453,-1.0134888,1.8574524
27257,-1.8351746,-0.85342407,1.9697571
27258,-1.5907288,-0.94268799,1.9358826
27259,-1.6548157,-0.83190918,2.0013428
27260,-1.8157959,-0.97808838,2.0222473
27261,-1.6952515,-1.0765076,2.0622253
27262,-1.6947937,-1.1534119,1.6108704
27263,-1.6697693,-1.1759949,1.7608643
27264,-1.5296936,-1.1906433,1.6937256
27265,-1.5374756,-1.3446045,1.8786621
27266,-1.640625,-1.3128662,2.0001221
27267,-1.4234924,-1.3330078,1.7195129
27268,-1.4523315,-1.235199,1.9509888
27269,-1.4674377,-1.4654541,2.0913696
27270,-1.3238525,-1.4916992,2.0474243
27271,-1.2704468,-1.3865662,2.0942688
27272,-1.1291504,-1.6993713,1.9064331
27273,-0.99853516,-1.6571045,1.9430542
27274,-1.1849976,-1.8778992,2.0620728
27275,-0.97717285,-1.7919922,1.9458008
27276,-0.84899902,-1.945343,1.8878174
27277,-0.91186523,-1.8663025,1.9386291
27278,-0.83511353,-1.9120789,2.0845032
27279,-0.78933716,-2.0120239,1.9720459
27280,-0.69763184,-1.890564,1.927948
27281,-0.57861328,-1.9602966,1.7604065
27282,-0.48690796,-1.9042969,1.7529297
27283,-0.47409058,-2.0214844,1.7938232
27284,-0.41473389,-2.0037842,1.8940735
27285,-0.41503906,-2.2134399,1.8338013
27286,-0.41275024,-2.3553467,1.7614746
27287,-0.22094727,-2.4940491,1.6862488
27288,-0.234375,-2.2880554,1.7253113
27289,-0.15716553,-2.334137,1.7326355
27290,-0.14526367,-2.2085571,1.6905212
27291,-0.061798096,-2.2573853,1.5682983
27292,0.004730225,-2.3417664,1.5177917
27293,-0.00213623,-2.3556519,1.3937378
27294,-0.02243042,-2.3591614,1.3189697
27295,0.11062622,-2.3907471,1.2742615
27296,0.15167236,-2.3208618,1.2471008
27297,0.18478394,-2.2367859,1.242218
27298,0.29541016,-2.3040771,1.1421204
27299,0.33508301,-2.3852539,1.1260986
27300,0.38497925,-2.4176025,1.0925293
27301,0.42984009,-2.5064087,1.2467957
27302,0.41275024,-2.4473572,1.096344
27303,0.5392456,-2.4951172,1.0321045
27304,0.58624268,-2.5717163,1.0058594
27305,0.65185547,-2.5842285,1.060791
27306,0.58914185,-2.4919128,0.99975586
27307,0.58135986,-2.3390198,0.79925537
27308,0.58013916,-2.355957,0.66497803
27309,0.67138672,-2.2915649,0.75134277
27310,0.78460693,-2.2233582,0.71609497
27311,0.76126099,-2.1687317,0.49194336
27312,0.86608887,-2.2138977,0.53253174
27313,0.92071533,-2.1055603,0.55099487
27314,0.97122192,-2.2729492,0.35522461
27315,1.0067749,-2.2145081,0.29769897
27316,1.0636902,-2.0646667,0.35003662
27317,1.0925293,-2.1318054,0.1713562
27318,1.1761475,-2.3329163,0.2029419
27319,1.1947632,-2.1076965,0.12115479
27320,1.2016296,-1.9345093,0.13092041
27321,1.1372375,-1.9114685,-0.1435852
27322,1.2518311,-2.0613098,-0.15548706
27323,1.1569214,-2.098999,-0.023498535
27324,1.2309265,-1.8188477,-0.10253906
27325,1.3760376,-1.8426514,-0.29800415
27326,1.456604,-1.6688538,-0.27191162
27327,1.272583,-1.7044067,-0.19226074
27328,1.415863,-1.6392517,-0.2420044
27329,1.3301086,-1.6053772,-0.29785156
27330,1.3397217,-1.6680908,-0.31600952
27331,1.1190796,-1.5257263,-0.29876709
27332,1.2663269,-1.5594482,-0.47485352
27333,1.3078308,-1.423645,-0.61096191
27334,1.2863159,-1.4299011,-0.55282593
27335,1.2980652,-1.4511108,-0.59661865
27336,1.2442017,-1.4654541,-0.64147949
27337,1.2200928,-1.3647461,-0.55892944
27338,1.2553406,-1.3269043,-0.83190918
27339,1.3618469,-1.2068176,-0.77728272
27340,1.1526489,-0.92971802,-0.73669434
27341,1.1631775,-0.99990845,-0.834198
27342,1.2399292,-0.88653565,-0.89981079
27343,1.131134,-0.75439453,-0.96343994
27344,1.1181641,-0.85006714,-0.76629639
27345,1.2878418,-0.71472168,-0.89935303
27346,1.0572815,-0.6137085,-0.96130371
27347,1.0830688,-0.76324463,-1.0391235
27348,1.1853027,-0.6237793,-1.1779785
27349,1.179657,-0.54580688,-1.1750793
27350,1.164856,-0.63278198,-1.088562
27351,1.0717773,-0.51025391,-0.94543457
27352,0.95886231,-0.29464722,-1.1080933
27353,1.0525513,-0.54931641,-1.2141418
27354,0.88394165,-0.31539917,-1.1909485
27355,0.84655762,-0.18249512,-1.1961365
27356,0.73852539,-0.2784729,-1.3024902
27357,0.83648682,-0.27587891,-1.1880493
27358,0.83633423,-0.16906738,-1.4584351
27359,0.87997437,-0.069274902,-1.4373779
27360,0.43792725,-0.27099609,-1.5429688
27361,0.52947998,-0.24871826,-1.5478516
27362,0.5871582,0.20233154,-1.2950134
27363,0.65475464,0.19226074,-1.3264465
27364,0.58242798,0.12908935,-1.4718628
27365,0.36621094,0.28823853,-1.2686157
27366,0.40802002,0.27450561,-1.3929749
27367,0.43029785,0.43899536,-1.4616394
27368,0.47561645,0.45455933,-1.4096069
27369,0.2897644,0.42114258,-1.3388062
27370,0.31585693,0.51055908,-1.3511658
27371,0.29037476,0.42633057,-1.257782
27372,0.08972168,0.57479858,-1.41922
27373,-0.19104004,0.6187439,-1.4201355
27374,0.1651001,0.80764771,-1.2759399
27375,-0.007781982,0.88073731,-1.315155
27376,-0.09185791,0.94039917,-1.282959
27377,-0.095214844,0.96099853,-1.2768555
27378,-0.21102905,0.93780518,-1.2982178
27379,-0.18112183,0.99517822,-1.2182617
27380,-0.19973755,0.965271,-1.262207
27381,-0.29830933,1.0118103,-1.2736511
27382,-0.4951477,1.1413574,-1.1332703
27383,-0.66085815,1.1198425,-1.1157227
27384,-0.62774658,0.8744812,-1.1672974
27385,-0.64559937,1.0906982,-1.1367798
27386,-0.68954468,1.2435913,-1.0804749
27387,-0.67520142,1.1268616,-1.157074
27388,-0.79849243,1.1103821,-1.1776733
27389,-0.82092285,1.1018372,-1.0647583
27390,-0.92041016,1.1686707,-0.92208862
27391,-0.94802856,1.072998,-0.96405029
27392,-0.95565796,1.149292,-0.7421875
27393,-1.0395813,1.4237976,-0.83267212
27394,-1.2088013,1.4228821,-0.71731567
27395,-1.2036133,1.4678955,-0.56762695
27396,-1.3470459,1.3026428,-0.40161133
27397,-1.2802124,1.3887024,-0.61981201
27398,-1.2846375,1.2490845,-0.52276611
27399,-1.3114929,1.2686157,-0.61477661
27400,-1.3447571,1.3311768,-0.4699707
27401,-1.4717102,1.2084961,-0.40802002
27402,-1.5110779,1.2974548,-0.44204712
27403,-1.5509033,1.3551331,-0.29098511
27404,-1.5568542,1.3903809,-0.24047852
27405,-1.726532,1.1271667,-0.51116943
27406,-1.7266846,1.3070679,-0.30853272
27407,-1.6694641,1.2692261,-0.14816284
27408,-1.7398071,1.2402344,-0.098419189
27409,-1.8212891,1.2330627,-0.23025513
27410,-1.9238281,1.1987305,0.040435791
27411,-1.8571472,1.2281799,0.036010742
27412,-1.8463135,1.1279297,0.063476563
27413,-1.8002319,1.2353516,0.18157959
27414,-1.7564392,1.227417,0.22964478
27415,-1.9270325,1.2275696,0.3036499
27416,-1.9779968,1.0258484,0.3503418
27417,-1.9778442,1.1428833,0.43411255
27418,-1.8788147,1.0128784,0.53100586
27419,-1.9836426,1.0162354,0.54397583
27420,-2.0985413,1.1981201,0.64346313
27421,-2.183075,0.9463501,0.69473267
27422,-1.962738,1.0574341,0.72998047
27423,-2.0697021,0.94467163,0.73318481
27424,-2.0561218,0.8972168,0.77865601
27425,-2.1311951,0.94955444,0.92468262
27426,-2.1936035,0.84609985,0.76522827
27427,-2.2055054,0.7232666,0.77774048
27428,-2.2491455,0.67749023,0.74554443
27429,-2.2802734,0.72174072,0.93017578
27430,-2.2738647,0.67810059,1.0394287
27431,-2.268219,0.51635742,1.0075378
27432,-2.3527527,0.51849365,1.1541748
27433,-2.3348999,0.50384522,1.3505554
27434,-2.2181702,0.22689819,1.2896729
27435,-2.286377,0.45532227,1.3328552
27436,-2.1107483,0.33035278,1.2904358
27437,-2.2094727,0.15304565,1.3015747
27438,-2.0999146,0.09765625,1.290741
27439,-2.0262146,-0.046081543,1.5176392
27440,-2.0108032,-0.067596436,1.3269043
27441,-2.1255493,-0.082397461,1.4938354
27442,-2.1069336,-0.15594482,1.6192627
27443,-1.897583,0.007019043,1.5115356
27444,-1.9519043,-0.25436401,1.4453125
27445,-2.1429443,-0.36270142,1.5652466
27446,-2.0736694,-0.4284668,1.7028809
27447,-1.9999695,-0.56976318,1.7488098
27448,-1.9400024,-0.49865723,1.6995239
27449,-1.8334961,-0.78613281,1.7521667
27450,-1.907959,-0.72067261,1.8649292
27451,-1.8713379,-0.48049927,1.9378662
27452,-1.8437195,-0.88607788,1.8106079
27453,-1.778717,-1.0194397,1.892395
27454,-1.7027283,-1.0559082,1.764679
27455,-1.6372681,-0.84732056,1.7181396
27456,-1.817627,-0.91018677,1.837616
27457,-1.962738,-1.0324097,1.8385315
27458,-1.7845154,-1.199646,1.7785645
27459,-1.6508484,-1.2376404,1.937561
27460,-1.5765381,-1.2185669,2.1339417
27461,-1.5795898,-1.1907959,2.1960449
27462,-1.4471436,-1.4845276,2.3825073
27463,-1.4704895,-1.4254761,2.2709656
27464,-1.4389038,-1.4082336,2.024231
27465,-1.3925171,-1.438446,1.6522217
27466,-1.1958313,-1.4428711,1.9726563
27467,-1.3069153,-1.4099121,2.1427917
27468,-1.350708,-1.5135193,2.1481323
27469,-1.194458,-1.6351318,2.0620728
27470,-1.0415649,-1.6493225,1.9999695
27471,-1.047821,-1.6772461,2.0953369
27472,-1.0826111,-1.9151306,2.1066284
27473,-0.99060059,-1.8426514,2.0294189
27474,-0.75134277,-1.8899536,2.0436096
27475,-0.91796875,-1.9450378,1.8908691
27476,-0.78048706,-1.9407654,1.9509888
27477,-0.73867798,-1.9528198,1.7877197
27478,-0.69030762,-2.0640564,1.8716431
27479,-0.65795898,-1.9351196,1.7854309
27480,-0.58105469,-1.9651794,1.7559814
27481,-0.5279541,-2.0826721,1.7819214
27482,-0.42510986,-2.0159912,1.7134094
27483,-0.39901733,-2.0568848,1.7338562
27484,-0.27862549,-2.2946167,1.7131042
27485,-0.37414551,-2.3587036,1.761322
27486,-0.15548706,-2.3429871,1.6394043
27487,-0.25085449,-2.1673584,1.6914368
27488,-0.21514893,-2.2427368,1.5797424
27489,-0.053710938,-2.1453857,1.5011597
27490,0.11657715,-2.1208191,1.4706421
27491,0.019378662,-2.2035217,1.466217
27492,0.068969727,-2.3405457,1.3638306
27493,0.20599365,-2.322998,1.474762
27494,0.23773193,-2.4301147,1.3839722
27495,0.32028198,-2.3699951,1.3076782
27496,0.29205322,-2.408905,1.2979126
27497,0.31890869,-2.3348999,1.1988831
27498,0.28335571,-2.3046875,1.194458
27499,0.38314819,-2.1426392,1.0925293
27500,0.53955078,-2.2102356,1.0357666
27501,0.59341431,-2.1330261,0.95153809
27502,0.60958862,-2.1340942,0.95230103
27503,0.65841675,-2.322998,0.86120606
27504,0.62606812,-2.3098755,0.90896606
27505,0.7081604,-2.3626709,0.88470459
27506,0.73623657,-2.1138,0.85922241
27507,0.73989868,-2.3266602,0.69519043
27508,0.79483032,-2.3443604,0.67993164
27509,0.89996338,-2.5100708,0.58502197
27510,0.75317383,-2.3379517,0.5859375
27511,0.92941284,-2.1791077,0.53009033
27512,0.91400147,-2.2158813,0.521698
27513,0.96939087,-2.2895813,0.3704834
27514,0.91369629,-2.2355652,0.39611816
27515,1.0864258,-2.1392822,0.39093018
27516,1.0112,-2.2024536,0.22659302
27517,1.1524963,-2.0968628,0.10467529
27518,1.121521,-1.9551086,0.11016846
27519,1.1013794,-2.1839905,0.057983398
27520,1.1178589,-2.0858765,-0.048522949
27521,1.1691284,-1.9734192,0.078887939
27522,1.2573242,-1.932373,-0.16204834
27523,1.159668,-1.930542,-0.07019043
27524,1.1694336,-1.8821716,-0.18859863
27525,1.2542725,-1.8118286,-0.27053833
27526,1.2489319,-1.7271423,-0.32455444
27527,1.2742615,-1.7082214,-0.36483765
27528,1.3098145,-1.618042,-0.41656494
27529,1.2594604,-1.6265869,-0.43365478
27530,1.2927246,-1.7169189,-0.58197022
27531,1.204834,-1.4201355,-0.57571411
27532,1.2643433,-1.459198,-0.64849853
27533,1.3021851,-1.3967896,-0.6173706
27534,1.3734436,-1.2979126,-0.71868897
27535,1.3838196,-1.230011,-0.66467285
27536,1.1975098,-1.2989807,-0.6942749
27537,1.1328125,-1.4071655,-0.69351196
27538,1.1317444,-1.2690735,-0.7421875
27539,1.0049438,-1.2167358,-0.76568603
27540,1.1746216,-1.1151123,-0.91918945
27541,1.199646,-1.0005188,-0.96557617
27542,1.187439,-0.93460083,-0.90942383
27543,1.1816406,-0.86364746,-0.97579956
27544,1.1087036,-0.71716309,-1.0079956
27545,1.3208008,-0.70831299,-1.0552979
27546,1.0739136,-0.54885864,-1.0423279
27547,0.92468262,-0.59539795,-1.1369324
27548,1.053772,-0.59570313,-1.1947632
27549,1.0877991,-0.47805786,-1.2260437
27550,0.83587647,-0.51071167,-1.1772156
27551,0.93475342,-0.3793335,-1.254425
27552,0.8744812,-0.19561768,-1.1810303
27553,0.91171265,-0.24658203,-1.254425
27554,0.86761475,-0.22354126,-1.3005066
27555,0.82550049,-0.14755249,-1.3548279
27556,0.82107544,-0.12527466,-1.3980103
27557,0.7824707,-0.1335144,-1.3885498
27558,0.6602478,-0.1272583,-1.4271545
27559,0.47317505,-0.19393921,-1.3938904
27560,0.46569824,-0.12817383,-1.4793396
27561,0.46264648,0.26229858,-1.3305664
27562,0.70465088,0.36941528,-1.3143921
27563,0.55480957,0.38848877,-1.4204407
27564,0.43029785,0.36056519,-1.5234375
27565,0.2998352,0.37887573,-1.4120483
27566,0.47271728,0.48187256,-1.4590454
27567,0.39016724,0.53283691,-1.3102722
27568,0.24490356,0.53344727,-1.4108276
27569,0.40512085,0.42953491,-1.2997437
27570,0.31982422,0.54504394,-1.4002991
27571,0.26245117,0.71151733,-1.3621521
27572,0.34378052,0.68618774,-1.3580322
27573,0.1689148,0.7913208,-1.3421631
27574,-0.12542725,0.82778931,-1.3764954
27575,-0.016174316,0.99777222,-1.2246704
27576,-0.21560669,1.005249,-1.3298035
27577,-0.22750855,1.0212708,-1.3400269
27578,-0.38406372,0.95886231,-1.2559509
27579,-0.2885437,1.0215759,-1.1352539
27580,-0.39260864,0.96343994,-0.98648071
27581,-0.54367065,1.1474609,-0.90713501
27582,-0.47973633,0.9689331,-0.92773438
27583,-0.60943603,1.0580444,-0.97259522
27584,-0.6211853,1.2731934,-1.1068726
27585,-0.68145752,0.94482422,-0.96801758
27586,-0.85968018,1.2098694,-1.0693359
27587,-0.76049805,1.3581848,-0.91598511
27588,-0.79772949,1.2026978,-0.79544067
27589,-0.92895508,1.1772156,-0.95031738
27590,-1.0676575,1.1917114,-0.93902588
27591,-1.1064148,1.2606812,-0.75164795
27592,-1.0752869,1.3890076,-0.8001709
27593,-1.1772156,1.2658691,-0.72952271
27594,-1.1346436,1.2634277,-0.597229
27595,-1.1235046,1.3043213,-0.55953979
27596,-1.2408447,1.3937378,-0.5065918
27597,-1.1967468,1.2582397,-0.46218872
27598,-1.2440491,1.2255859,-0.51574707
27599,-1.3575745,1.2709045,-0.43991089
27600,-1.4982605,1.3388062,-0.34667969
27601,-1.4883423,1.3357544,-0.25314331
27602,-1.3644409,1.3761902,-0.32424927
27603,-1.494751,1.2786865,-0.32775879
27604,-1.638031,1.21521,-0.062561035
27605,-1.5930176,1.2492371,-0.16372681
27606,-1.6255188,1.2802124,-0.17288208
27607,-1.7694092,1.3414001,-0.1184082
27608,-1.8444824,1.1605835,-0.033569336
27609,-1.7558289,1.1346436,0.037536621
27610,-1.9236755,1.1462402,0.12207031
27611,-1.8081665,1.1012268,0.12084961
27612,-1.9218445,1.1560059,0.20904541
27613,-1.9667053,1.295929,0.2973938
27614,-2.0469666,1.0836792,0.33111572
27615,-1.9737244,1.0682678,0.27999878
27616,-2.0529175,0.98144531,0.53955078
27617,-2.0251465,1.0705566,0.52276611
27618,-1.9937134,0.97320557,0.42938232
27619,-2.1369934,0.77926636,0.64025879
27620,-2.1438599,0.87188721,0.67947388
27621,-2.1038818,0.93902588,0.76477051
27622,-2.1440125,0.8555603,0.80215454
27623,-2.1684265,0.76477051,0.93475342
27624,-2.2233582,0.73974609,0.90652466
27625,-2.2247314,0.66604614,1.1001587
27626,-2.1702576,0.61859131,0.9387207
27627,-2.2021484,0.56274414,1.1355591
27628,-2.114563,0.59539795,0.88699341
27629,-2.2535706,0.43945313,0.95794678
27630,-2.0306396,0.5456543,1.0183716
27631,-2.1310425,0.30609131,1.050415
27632,-2.0800781,0.19897461,1.1842346
27633,-2.081604,0.1739502,1.2533569
27634,-1.9664001,0.13931274,1.2651062
27635,-2.1742249,0.10772705,1.3386536
27636,-2.0320129,0.018768311,1.3552856
27637,-2.0820618,-0.016326904,1.3575745
27638,-1.9979858,-0.077209473,1.4559937
27639,-1.9692993,-0.20507813,1.5844727
27640,-2.2557068,-0.090789795,1.5686035
27641,-2.1134949,-0.18600464,1.6960144
27642,-1.9708252,-0.18234253,1.5820313
27643,-1.9500732,-0.27313232,1.4932251
27644,-2.0115662,-0.5557251,1.7132568
27645,-2.0904541,-0.64025879,1.6505432
27646,-2.0880127,-0.66329956,1.6470337
27647,-2.0179749,-0.57937622,1.6061401
27648,-2.0307922,-0.7824707,1.7523193
27649,-1.9995117,-0.80795288,1.7129517
27650,-1.9683838,-0.88119507,1.5805054
27651,-1.9515991,-1.4881897,1.9078064
27652,-1.8585205,-1.1940002,1.9937134
27653,-1.8850708,-0.89920044,1.9851685
27654,-1.8373108,-0.93185425,1.809082
27655,-1.809082,-0.89614868,1.8530273
27656,-1.5950012,-1.0961914,1.8025208
27657,-1.5739441,-1.0430908,1.7420959
27658,-1.6296387,-1.2942505,1.7973328
27659,-1.6131592,-1.230011,1.3954163
27660,-1.4501953,-1.2806702,1.7250061
27661,-1.3056946,-1.2705994,2.0870972
27662,-1.5840149,-1.3891602,2.1861267
27663,-1.4779663,-1.3734436,2.0355225
27664,-1.2268066,-1.41922,1.7393494
27665,-1.2492371,-1.497345,1.8321228
27666,-1.2457275,-1.4390564,1.8798828
27667,-1.1618042,-1.3360596,2.0375061
27668,-1.0777283,-1.6107178,1.9902039
27669,-1.2527466,-1.6416931,1.9395447
27670,-1.0562134,-1.6691589,1.81427
27671,-1.0232544,-1.6604614,1.8429565
27672,-0.90820313,-1.7396545,1.7919922
27673,-0.86196899,-1.7906189,1.8902588
27674,-0.74798584,-1.8856812,1.8383789
27675,-0.78308106,-1.9374084,1.854248
27676,-0.73028565,-1.9163513,1.7750549
27677,-0.66619873,-1.8969727,1.7523193
27678,-0.70953369,-1.9198608,1.7486572
27679,-0.58837891,-2.013855,1.6902161
27680,-0.57037353,-1.8928528,1.6409302
27681,-0.42373657,-2.1286011,1.8293762
27682,-0.41397095,-2.2798157,1.5698242
27683,-0.29205322,-2.2006226,1.5924072
27684,-0.36437988,-2.2563171,1.6830444
27685,-0.24185181,-2.2384644,1.6331482
27686,-0.32028198,-2.0068359,1.5991211
27687,-0.12893677,-2.0454407,1.5103149
27688,-0.18005371,-1.9667053,1.4631653
27689,-0.063018799,-2.2579956,1.3194275
27690,-0.066375732,-2.2566223,1.3504028
27691,-0.063476563,-2.1855164,1.2739563
27692,0.10467529,-2.3841858,1.1775208
27693,0.025634766,-2.3397827,1.1946106
27694,0.24627685,-2.2125244,1.1755371
27695,0.20614624,-2.1252441,1.2507629
27696,0.36682129,-2.2383118,1.1541748
27697,0.33584595,-2.3420715,1.0153198
27698,0.43426514,-2.1229553,1.0708618
27699,0.49530029,-2.2631836,1.0279846
27700,0.44342041,-2.0730591,0.89538574
27701,0.55221558,-2.230072,0.75531006
27702,0.48431397,-2.010498,0.84030151
27703,0.63110352,-2.2917175,0.71151733
27704,0.66864014,-2.2128296,0.4335022
27705,0.81192017,-2.1827698,0.67199707
27706,0.73303223,-2.1530151,0.53436279
27707,0.86685181,-2.071228,0.6173706
27708,0.80291748,-2.1372986,0.42358398
27709,0.7862854,-2.0863342,0.47149658
27710,0.91629028,-2.1472168,0.41931152
27711,0.85220337,-2.1980286,0.31433106
27712,1.0119629,-2.1133423,0.18951416
27713,1.0140991,-2.1203613,0.17837524
27714,1.0351563,-1.9673157,0.16876221
27715,0.99182129,-2.0075989,0.15960693
27716,1.0327148,-1.8421936,0.20980835
27717,1.0009766,-1.9354248,0.16235352
27718,1.1743164,-1.9497681,0.13076782
27719,1.0903931,-1.9514465,0.006561279
27720,1.060791,-1.7504883,-0.10177612
27721,1.0534668,-1.5736389,-0.016326904
27722,1.1955261,-1.6929626,-0.21209717
27723,1.217041,-1.7556763,-0.18127441
27724,1.0876465,-1.7810059,-0.13717651
27725,1.1322021,-1.7085266,-0.36224365
27726,1.0073853,-1.5641785,-0.35507202
27727,1.0272217,-1.3140869,-0.42236328
27728,1.1431885,-1.4265442,-0.45089722
27729,1.0148621,-1.2858582,-0.4649353
27730,1.0017395,-1.3407898,-0.59967041
27731,1.1158752,-1.2492371,-0.66253662
27732,1.076355,-1.1326599,-0.64422607
27733,0.86273193,-1.2133789,-0.68054199
27734,1.0083008,-1.186676,-0.86624146
27735,1.0388184,-1.0501099,-0.81481934
27736,1.0371399,-1.0595703,-0.72982788
27737,1.0224915,-0.9223938,-0.86181641
27738,0.99624634,-0.96084595,-0.92788696
27739,1.0902405,-0.8605957,-0.92193603
27740,0.98922729,-0.80734253,-0.88562012
27741,1.0717773,-0.75408935,-0.86624146
27742,1.0012817,-0.64834595,-0.90209961
27743,0.92346191,-0.68267822,-0.81756592
27744,0.89172363,-0.60516357,-0.85708618
27745,0.91918945,-0.59768677,-0.9841919
27746,0.8517456,-0.42190552,-0.99700928
27747,0.82336426,-0.36315918,-1.0171509
27748,0.7661438,-0.54016113,-1.0862732
27749,0.8656311,-0.3616333,-1.270752
27750,0.89599609,-0.21072388,-1.1621094
27751,0.78903198,-0.2532959,-1.2594604
27752,0.68313599,-0.069122314,-1.1911011
27753,0.66375732,0.032958984,-1.1439514
27754,0.62866211,-0.16220093,-1.2402344
27755,0.62408447,-0.15853882,-0.99945068
27756,0.49194336,-0.01373291,-1.2947083
27757,0.29190064,-0.1675415,-1.231842
27758,0.3843689,-0.064086914,-1.1851501
27759,0.42938232,0.11276245,-1.1767578
27760,0.3767395,0.20339966,-1.1326599
27761,0.33477783,0.25802612,-1.2742615
27762,0.31494141,0.28488159,-1.0470581
27763,0.34469605,0.36865234,-1.2043762
27764,0.29846191,0.45288086,-1.182251
27765,0.26199341,0.47119141,-1.1282349
27766,0.083312988,0.32928467,-1.0406494
27767,0.1435852,0.42999268,-1.1828613
27768,-0.046386719,0.45516968,-0.99639893
27769,-0.082550049,0.71685791,-1.0243225
27770,-0.06942749,0.57632446,-0.93322754
27771,-0.043487549,0.63812256,-0.98968506
27772,-0.31707764,0.77713013,-1.1911011
27773,-0.19775391,0.87280273,-1.1334229
27774,-0.25177002,0.86669922,-1.0845947
27775,-0.3503418,0.98648071,-1.1914063
27776,-0.35385132,0.86410522,-1.0148621
27777,-0.41229248,0.83831787,-1.0246277
27778,-0.42831421,0.77880859,-1.000824
27779,-0.47103882,0.94894409,-0.86791992
27780,-0.41412353,0.93826294,-0.93383789
27781,-0.50857544,1.061554,-0.887146
27782,-0.54351807,1.2384033,-0.88439941
27783,-0.65658569,1.1904907,-0.87783813
27784,-0.65948486,1.2185669,-0.66452026
27785,-0.75180054,1.302948,-0.62423706
27786,-0.81130981,1.1805725,-0.46051025
27787,-0.92102051,1.116333,-0.68969727
27788,-1.0516357,1.1584473,-0.63339233
27789,-0.90988159,1.2452698,-0.58349609
27790,-0.97229004,1.2606812,-0.5430603
27791,-1.0310364,1.1494446,-0.41259766
27792,-1.2171936,1.2026978,-0.51330566
27793,-1.1756897,1.0948181,-0.2973938
27794,-1.2818909,1.2220764,-0.30822754
27795,-1.3510132,1.1755371,-0.17944336
27796,-1.4306641,1.2324524,-0.28869629
27797,-1.532135,0.75042725,-0.47149658
27798,-1.4329529,0.93902588,-0.23193359
27799,-1.4160156,1.0293579,-0.001678467
27800,-1.5533447,1.0389709,0.094451904
27801,-1.4190674,1.0133362,0.13275147
27802,-1.5608215,1.0095215,0.028991699
27803,-1.5501404,0.97061157,0.10818481
27804,-1.6012573,0.90805054,0.094604492
27805,-1.5864563,0.98190308,0.16479492
27806,-1.6468811,0.887146,0.29541016
27807,-1.7375183,1.0072327,0.33874512
27808,-1.6429138,0.99380493,0.33035278
27809,-1.7041016,0.92102051,0.38070679
27810,-1.8188477,0.84182739,0.46783447
27811,-1.7221069,0.90911865,0.40863037
27812,-1.7689514,0.92147827,0.43029785
27813,-1.8212891,0.9312439,0.52749634
27814,-1.8612671,0.81100464,0.63674927
27815,-1.8626404,0.78582764,0.52947998
27816,-1.907959,0.77194214,0.5065918
27817,-1.9961548,0.75866699,0.56427002
27818,-1.9664001,0.59829712,0.63812256
27819,-1.917572,0.66009522,0.78720093
27820,-1.9755554,0.60882568,0.76202393
27821,-2.0019531,0.52734375,0.80245972
27822,-2.0291138,0.5154419,0.89263916
27823,-1.8727112,0.48248291,0.85159302
27824,-1.9184875,0.51818848,0.94696045
27825,-1.9256592,0.20446777,0.99975586
27826,-1.9625854,0.17669678,1.0523987
27827,-1.9143677,0.25543213,1.053009
27828,-1.9796753,0.31387329,1.2139893
27829,-1.9721985,0.043029785,1.1488342
27830,-1.9255066,0.17578125,1.2730408
27831,-1.9064331,0.084381104,1.3751221
27832,-1.8212891,-0.015411377,1.3639832
27833,-1.7950439,0.045928955,1.3510132
27834,-1.8188477,-0.11749268,1.3710022
27835,-1.8026733,-0.074462891,1.5359497
27836,-1.9346619,-0.097198486,1.4456177
27837,-1.8756104,-0.11032105,1.46698
27838,-1.809082,-0.17089844,1.5553284
27839,-1.958313,-0.37811279,1.5882874
27840,-1.8904114,-0.47546387,1.5382385
27841,-1.8426514,-0.59585571,1.7590332
27842,-1.8888855,-0.61920166,1.6688538
27843,-1.6999817,-0.71990967,1.7095947
27844,-1.7918396,-0.65841675,1.7243958
27845,-1.68396,-0.93978882,1.723175
27846,-1.6040039,-0.71182251,1.859436
27847,-1.6122437,-0.98602295,1.7175293
27848,-1.6654968,-0.650177,1.7311096
27849,-1.6455078,-1.3786316,1.7300415
27850,-1.5617371,-1.3519287,1.7877197
27851,-1.532135,-1.1715698,1.7048645
27852,-1.4694214,-0.97259522,1.958313
27853,-1.4353943,-0.98632813,1.9720459
27854,-1.3825989,-1.1196899,1.7991638
27855,-1.3864136,-1.089325,1.8884277
27856,-1.3119507,-1.2631226,1.9378662
27857,-1.3594055,-1.3154602,1.8359375
27858,-1.2892151,-1.5109253,1.7732239
27859,-1.2004089,-1.5594482,1.7976379
27860,-1.1630249,-1.6299438,1.7677307
27861,-1.1679077,-1.7276001,2.0898438
27862,-1.1239624,-1.6470337,1.6172791
27863,-1.0508728,-1.6296387,1.5649414
27864,-1.0394287,-1.4863586,1.7051697
27865,-1.0044861,-1.6036987,1.7990112
27866,-0.88882446,-1.5811157,1.8482971
27867,-0.68908691,-1.5684509,1.9552612
27868,-0.7824707,-1.7115784,1.8041992
27869,-0.61325073,-1.8914795,1.6516113
27870,-0.58563232,-1.8409729,1.6203308
27871,-0.46966553,-1.9100952,1.6818237
27872,-0.40725708,-1.9947815,1.6914368
27873,-0.3868103,-1.8838501,1.6621399
27874,-0.32836914,-2.0626831,1.5307617
27875,-0.25909424,-1.993103,1.5882874
27876,-0.23178101,-2.0581055,1.7405701
27877,-0.18737793,-1.9374084,1.5266418
27878,-0.26184082,-1.9308472,1.5614319
27879,-0.13244629,-1.9572449,1.5658569
27880,-0.15518188,-2.0317078,1.5350342
27881,-0.021057129,-2.217865,1.3531494
27882,0.002746582,-2.2793579,1.4265442
27883,0.033111572,-2.2035217,1.2802124
27884,-0.018157959,-2.1905518,1.2380981
27885,0.081787109,-2.011261,1.3067627
27886,0.14038086,-2.0874023,1.219635
27887,0.20385742,-2.0524597,1.1256409
27888,0.2607727,-2.1525574,1.0571289
27889,0.28884888,-2.1661377,1.02005
27890,0.23162842,-2.0967102,1.0960388
27891,0.37399292,-2.1151733,1.0404968
27892,0.46539307,-2.2341919,0.9324646
27893,0.46798706,-2.2383118,0.8253479
27894,0.37353516,-2.191925,0.70770264
27895,0.47821045,-2.3036194,0.7460022
27896,0.55023193,-2.1485901,0.6010437
27897,0.59387207,-2.1069336,0.71914673
27898,0.65032959,-2.376709,0.60058594
27899,0.74005127,-2.1899414,0.52597046
27900,0.8039856,-2.2094727,0.61355591
27901,0.7131958,-2.2111511,0.51422119
27902,0.89141846,-1.9210815,0.53649902
27903,0.95886231,-2.0254517,0.40206909
27904,0.67565918,-2.063446,0.50064087
27905,0.95458984,-2.0965576,0.45028686
27906,0.94528198,-1.925354,0.24780273
27907,0.96984863,-1.9699097,0.26931763
27908,1.0467529,-1.9859314,0.28167725
27909,0.97717285,-1.8473816,-0.001220703
27910,0.97137451,-1.7977905,-0.065612793
27911,0.98495483,-1.6908264,-0.054473877
27912,1.0055542,-1.7546082,-0.15914917
27913,1.084137,-1.7788696,-0.26565552
27914,1.1070251,-1.6789246,-0.20172119
27915,1.0920715,-1.5888977,-0.23483276
27916,1.0723877,-1.5637207,-0.15869141
27917,1.1027527,-1.4202881,-0.26763916
27918,1.1453247,-1.5371704,-0.28045654
27919,1.1314392,-1.4526367,-0.33660889
27920,1.2036133,-1.5515137,-0.36224365
27921,1.1195374,-1.3905334,-0.35461426
27922,1.217041,-1.3520813,-0.35461426
27923,1.2147522,-1.2882996,-0.49423218
27924,1.1004639,-1.2014771,-0.67687988
27925,1.2615967,-1.2451172,-0.57769775
27926,1.2934875,-1.1820984,-0.52658081
27927,1.1254883,-1.2155151,-0.64178467
27928,1.1500549,-1.1468506,-0.68283081
27929,1.0099792,-1.0490417,-0.74554443
27930,1.0144043,-0.90988159,-0.85113525
27931,1.0476685,-0.91949463,-1.0211182
27932,1.1360168,-0.86929321,-0.88775635
27933,1.0704041,-0.85617065,-0.93139648
27934,0.99121094,-0.75012207,-0.95291138
27935,1.0623169,-0.76721191,-0.89782715
27936,1.2397766,-0.62744141,-0.90103149
27937,1.0316467,-0.5480957,-0.97412109
27938,0.97473144,-0.50369263,-1.0600281
27939,0.93078613,-0.52185059,-1.224823
27940,0.84823608,-0.4814148,-1.0209656
27941,0.99716187,-0.23117065,-1.1369324
27942,0.98571777,-0.18188477,-1.1026001
27943,0.89248657,-0.11901856,-1.0848999
27944,0.88851929,-0.22506714,-1.0906982
27945,0.65444946,-0.16876221,-1.0365295
27946,0.75378418,-0.086517334,-1.050415
27947,0.66711426,0.13763428,-1.0469055
27948,0.41549683,-0.079193115,-1.4259338
27949,0.6086731,-0.076293945,-1.151123
27950,0.42877197,0.1701355,-1.2295532
27951,0.56427002,0.16815185,-1.3134766
27952,0.56213379,0.23223877,-1.3435364
27953,0.36956787,0.15029907,-1.3018799
27954,0.4649353,0.37017822,-1.466217
27955,0.35736084,0.55236816,-1.2666321
27956,0.26947022,0.38818359,-1.2535095
27957,0.24658203,0.38085938,-1.5914917
27958,0.2154541,0.49438477,-1.607666
27959,0.13336182,0.54275513,-1.7424011
27960,0.074920654,0.64559937,-1.8051147
27961,0.054931641,0.53619385,-1.3653564
27962,-0.13198853,0.67352295,-1.3755798
27963,-0.11611939,0.68557739,-1.275177
27964,-0.14328003,0.74401856,-1.2133789
27965,-0.23284912,0.62484741,-1.3752747
27966,-0.18280029,0.78704834,-1.2016296
27967,-0.26596069,0.78277588,-1.1862183
27968,-0.28686523,0.76126099,-1.089325
27969,-0.33035278,0.89920044,-1.0165405
27970,-0.37445068,0.96939087,-0.90332031
27971,-0.44769287,1.1503601,-0.8430481
27972,-0.4989624,1.2399292,-0.82885742
27973,-0.61752319,1.2239075,-0.95565796
27974,-0.67352295,1.1877441,-0.88653565
27975,-0.75836182,1.2011719,-1.0150146
27976,-0.8442688,1.2625122,-0.98297119
27977,-0.80780029,1.2297058,-0.79986572
27978,-0.8126831,1.1494446,-0.80993652
27979,-0.93887329,1.3484192,-0.94100952
27980,-1.0493469,1.463623,-0.72036743
27981,-1.0716248,1.3510132,-0.70663452
27982,-1.0455322,1.0974121,-0.6413269
27983,-1.0827637,1.219635,-0.5758667
27984,-1.1193848,1.2736511,-0.56442261
27985,-1.3993835,1.1869812,-0.39367676
27986,-1.350708,1.3801575,-0.43304443
27987,-1.3745117,1.2075806,-0.47531128
27988,-1.4279175,1.3604736,-0.24185181
27989,-1.4523315,1.5007019,-0.26168823
27990,-1.3905334,1.3246155,-0.47546387
27991,-1.4157104,1.3024902,-0.23284912
27992,-1.4627075,1.2976074,-1.0412598
27993,-1.6223145,1.3052368,-1.3613892
27994,-1.5382385,1.149292,-0.24139404
27995,-1.5266418,1.260376,-0.1651001
27996,-1.6055298,1.1354065,-0.016784668
27997,-1.7089844,1.1053467,-0.028991699
27998,-1.8045044,1.103363,0.090942383
27999,-1.7933655,1.2049866,0.21331787
28000,-1.9169617,1.0224915,0.28152466
28001,-1.8147278,0.94070435,0.29113769
28002,-1.8768311,1.0064697,0.29708862
28003,-1.8365479,1.0958862,0.38360596
28004,-1.9012451,1.1123657,0.50109863
28005,-1.8586731,0.85479736,0.42739868
28006,-2.0100403,0.93399048,0.67581177
28007,-2.0393372,0.93231201,0.64559937
28008,-1.9046021,0.9487915,0.71655273
28009,-1.9116211,0.86639404,0.57418823
28010,-2.0817566,0.90835571,0.77682495
28011,-2.1202087,0.69122315,0.62255859
28012,-2.1464539,0.72235107,0.72082519
28013,-2.074585,0.63568115,0.77697754
28014,-2.1633911,0.53131103,0.93780518
28015,-2.2967529,0.47607422,0.96099853
28016,-2.2779846,0.43991089,1.0261536
28017,-2.2583008,0.4347229,1.2295532
28018,-2.1000671,0.53527832,1.0891724
28019,-2.2607422,0.39916992,1.0105896
28020,-2.010498,0.34866333,1.0469055
28021,-2.1972656,0.25222778,1.2773132
28022,-2.1665955,0.27130127,1.2564087
28023,-2.2373962,0.12649536,1.2638855
28024,-2.0355225,0.12756348,1.4056396
28025,-2.116394,0.000457764,1.4280701
28026,-1.9587708,-0.001220703,1.1993408
28027,-1.9885254,0.048217773,1.2788391
28028,-2.0223999,-0.078125,1.4253235
28029,-2.1058655,-0.2722168,1.4967346
28030,-1.9497681,-0.33416748,1.5161133
28031,-1.9787598,-0.34301758,1.5093994
28032,-1.829834,-0.34255981,1.5684509
28033,-1.9061279,-0.36987305,1.6127014
28034,-1.7504883,-0.42221069,1.5812683
28035,-1.8382263,-0.41442871,1.6712952
28036,-2.1011353,-0.44296265,1.6447449
28037,-2.0028687,-0.6602478,1.7311096
28038,-1.7651367,-0.73654175,1.6427612
28039,-1.8487549,-0.76034546,1.8713379
28040,-1.8380737,-0.91552734,1.7462158
28041,-1.7720032,-0.92208862,1.8443298
28042,-1.566925,-0.8921814,1.9361877
28043,-1.6969299,-0.83068848,1.8159485
28044,-1.6629028,-1.0299683,1.8670654
28045,-1.7118835,-0.98571777,1.8766785
28046,-1.7196655,-1.1210632,2.084198
28047,-1.5612793,-1.2887573,1.9067383
28048,-1.7863464,-1.8304443,1.8769836
28049,-1.5267944,-1.4677429,1.9184875
28050,-1.4234924,-1.3768005,2.197876
28051,-1.3943481,-1.4012146,1.9985962
28052,-1.2428284,-1.3975525,2.0320129
28053,-1.2957764,-1.4576721,1.8347168
28054,-1.2382507,-1.4494324,1.9963074
28055,-1.0919189,-1.6490173,1.9377136
28056,-1.2651062,-1.6986084,1.7932129
28057,-1.056366,-1.7428589,1.7999268
28058,-1.0293579,-2.0133972,1.8937683
28059,-1.0275269,-2.0681763,1.8417358
28060,-1.0058594,-2.0718384,1.8522644
28061,-0.75057983,-1.8887329,1.6639709
28062,-0.85540772,-1.9520569,1.9441223
28063,-0.75881958,-1.9458008,1.8078613
28064,-0.74890137,-1.986084,1.7597961
28065,-0.79376221,-1.9490051,1.5792847
28066,-0.71182251,-1.9885254,1.8748474
28067,-0.68161011,-1.9914246,1.8814087
28068,-0.59188843,-2.076416,1.8521118
28069,-0.47988892,-2.0454407,1.7034912
28070,-0.38818359,-2.2280884,1.7178345
28071,-0.29693603,-2.2477722,1.6925049
28072,-0.33416748,-2.2406006,1.6470337
28073,-0.18859863,-2.228241,1.7980957
28074,-0.2734375,-2.2189331,1.6265869
28075,-0.18218994,-2.2494507,1.5776062
28076,-0.15075684,-2.3332214,1.4428711
28077,-0.078125,-2.4464417,1.421051
28078,0.075378418,-2.3149109,1.4686584
28079,0.087890625,-2.4697876,1.3285828
28080,0.063781738,-2.4461365,1.3652039
28081,0.08895874,-2.35672,1.3093567
28082,0.18463135,-2.4021912,1.1958313
28083,0.22888184,-2.2874451,1.2509155
28084,0.287323,-2.2911072,1.2677002
28085,0.29571533,-2.276001,1.2333679
28086,0.41030884,-2.431488,1.0414124
28087,0.40176392,-2.3977661,1.0415649
28088,0.42541504,-2.3536682,0.9703064
28089,0.51055908,-2.4014282,0.96939087
28090,0.60546875,-2.3699951,0.93612671
28091,0.73547363,-2.3576355,0.79956055
28092,0.64834595,-2.2355652,0.67626953
28093,0.77453613,-2.3532104,0.74249268
28094,0.81115723,-2.2236633,0.60424805
28095,0.79483032,-2.3275757,0.5001831
28096,0.81512451,-2.1810913,0.60134888
28097,0.79193115,-2.3324585,0.49423218
28098,0.98587036,-2.1525574,0.47088623
28099,1.0113525,-2.1534729,0.43121338
28100,1.0151672,-2.0864868,0.37872314
28101,1.0229492,-2.1650696,0.20568848
28102,1.002655,-2.1589661,0.23071289
28103,1.0725403,-2.1603394,0.22369385
28104,1.1604309,-2.0410156,0.29342651
28105,1.1517334,-1.9088745,0.14282227
28106,1.177063,-1.9200134,0.21621704
28107,1.1360168,-1.9638062,0.055541992
28108,1.1834717,-2.0080566,-0.10040283
28109,1.2057495,-1.9911194,-0.053710938
28110,1.2997437,-1.9364929,-0.12115479
28111,1.2516785,-1.8717957,-0.29159546
28112,1.3327026,-1.5782166,-0.45440674
28113,1.375885,-1.6075134,-0.22369385
28114,1.2733459,-1.6140747,-0.48690796
28115,1.3302612,-1.4756775,-0.41610718
28116,1.5139771,-1.5527344,-0.34591675
28117,1.388092,-1.5348816,-0.27114868
28118,1.3354492,-1.4122009,-0.58776856
28119,1.3282776,-1.3066101,-0.677948
28120,1.2342834,-1.2483215,-0.67520142
28121,1.2438965,-1.1717224,-0.69030762
28122,1.3401794,-1.3725281,-0.69854736
28123,1.2467957,-1.3552856,-0.64086914
28124,1.2573242,-1.2107849,-0.82519531
28125,1.2731934,-1.2077332,-0.97198486
28126,1.2207031,-1.0362244,-0.84686279
28127,1.2258911,-0.96969604,-0.96969604
28128,1.2004089,-0.97671509,-1.0414124
28129,1.1094666,-0.94024658,-0.97412109
28130,1.1746216,-0.79040527,-1.0733032
28131,1.1190796,-0.55435181,-1.071167
28132,1.3348389,-0.62530518,-1.1573791
28133,1.0757446,-0.45501709,-1.1553955
28134,1.2437439,-0.52078247,-1.1315918
28135,0.99533081,-0.46798706,-1.15448
28136,0.96740723,-0.3364563,-1.1531067
28137,0.97518921,-0.39413452,-1.1499023
28138,0.98083496,-0.4574585,-1.3215637
28139,0.94161987,-0.32043457,-1.4109802
28140,0.96206665,-0.47470093,-1.363678
28141,0.86730957,-0.31707764,-1.300354
28142,1.0331726,-0.22079468,-1.46698
28143,0.91674805,-0.016784668,-1.4051819
28144,0.87219238,0.051422119,-1.9474792
28145,0.87799072,0.093536377,-2.2868347
28146,0.58273315,0.16265869,-1.4593506
28147,0.54199219,0.10345459,-1.3551331
28148,0.43762207,0.14816284,-1.3011169
28149,0.47058106,0.26168823,-1.3000488
28150,0.53588867,0.36132813,-1.4126587
28151,0.49224853,0.28396606,-1.4245605
28152,0.36270142,0.50125122,-1.4103699
28153,0.39962769,0.55709839,-1.4505005
28154,0.23422241,0.60180664,-1.3208008
28155,0.29266357,0.72052002,-1.4006042
28156,0.010528564,0.72921753,-1.259613
28157,0.12268066,0.72921753,-1.4428711
28158,0.061798096,0.85342407,-1.3961792
28159,0.046386719,0.82275391,-1.3072205
28160,-0.20935059,0.70999146,-1.2297058
28161,-0.12084961,0.70343018,-1.3322449
28162,-0.1940918,0.82000732,-1.2017822
28163,-0.30914307,0.89752197,-1.2689209
28164,-0.27709961,0.94070435,-1.3000488
28165,-0.30853272,0.98693848,-1.244812
28166,-0.29510498,1.2045288,-1.1508179
28167,-0.13961792,1.1224365,-1.050415
28168,-0.50888062,1.2771606,-0.99761963
28169,-0.62454224,1.1930847,-0.91491699
28170,-0.42709351,1.1550903,-0.93429565
28171,-0.60241699,1.2541199,-1.0731506
28172,-0.72631836,1.2176514,-0.93902588
28173,-0.72372437,1.2057495,-0.78903198
28174,-0.79223633,1.1386108,-0.84777832
28175,-1.036377,1.3334656,-0.70968628
28176,-0.96435547,1.2530518,-0.88424683
28177,-1.0321045,1.3272095,-0.84609985
28178,-1.1611938,1.295929,-0.60089111
28179,-1.0289001,1.2280273,-0.60409546
28180,-1.1621094,1.1206055,-0.52200317
28181,-1.1454773,1.2289429,-0.65734863
28182,-1.2313843,1.1946106,-0.70236206
28183,-1.2261963,1.315155,-0.50384522
28184,-1.2734985,1.3427734,-0.53009033
28185,-1.2837219,1.3314819,-0.33721924
28186,-1.3406372,1.2281799,-0.30426025
28187,-1.456604,1.2504578,-0.25772095
28188,-1.6018677,1.2519836,0.065460205
28189,-1.6090393,1.4157104,-0.59371948
28190,-1.5185547,0.72143555,-0.21972656
28191,-1.651001,1.0502625,-0.20889282
28192,-1.6905212,1.1079407,0.054168701
28193,-1.7349243,1.043396,0.07522583
28194,-1.7788696,1.0630798,0.031738281
28195,-1.8281555,1.1828613,0.1322937
28196,-1.8412781,1.1299133,0.3755188
28197,-1.8481445,1.1776733,0.24917603
28198,-1.9551086,0.97488403,0.22750855
28199,-1.8437195,1.0473633,0.2204895
28200,-1.8910217,0.99838257,0.3125
28201,-1.9412231,1.1102295,0.41778564
28202,-1.940155,1.1282349,0.46585083
28203,-1.9346619,1.0069275,0.48400879
28204,-1.9039917,0.97717285,0.61782837
28205,-1.9873047,0.92330933,0.63674927
28206,-1.892395,0.85678101,0.72998047
28207,-2.194519,0.7510376,0.89294434
28208,-2.1443176,0.63568115,0.78918457
28209,-2.1133423,0.59295654,0.82092285
28210,-2.2303772,0.6842041,0.86898804
28211,-2.1562195,0.59432983,0.86593628
28212,-2.1136475,0.44647217,0.90744019
28213,-2.1661377,0.50537109,1.0038757
28214,-2.1559143,0.39337158,0.94573975
28215,-2.1472168,0.44036865,0.98052978
28216,-2.2029114,0.55740356,1.2190247
28217,-2.1109009,0.34210205,1.098175
28218,-2.137146,0.24291992,1.2008667
28219,-2.197113,0.22094727,1.2742615
28220,-2.2598267,0.24337769,1.4161682
28221,-2.0864868,0.12527466,1.3191223
28222,-2.2621155,0.1373291,1.4250183
28223,-2.0678711,0.040893555,1.4648438
28224,-2.124939,0.005493164,1.5216064
28225,-2.1246338,-0.032348633,1.5275574
28226,-2.0257568,-0.4397583,1.4553833
28227,-2.0866394,-0.35217285,1.5563965
28228,-2.1533203,-0.35217285,1.7524719
28229,-2.0581055,-0.4309082,1.6386414
28230,-2.0799255,-0.56655884,1.8304443
28231,-2.0433044,-0.39749145,1.8217468
28232,-1.9276428,-0.61813354,1.7658997
28233,-1.9642639,-0.41259766,1.9873047
28234,-1.9343567,-0.6741333,1.849823
28235,-1.9924927,-0.96466065,1.8615723
28236,-1.985321,-0.92712402,1.9572449
28237,-1.8081665,-0.82138062,1.9888306
28238,-1.862793,-0.92071533,1.8704224
28239,-1.7655945,-1.1509705,1.9165039
28240,-1.5838623,-0.89645386,1.8693542
28241,-1.5963745,-0.97625732,1.9154358
28242,-1.7541504,-1.0404968,1.9923401
28243,-1.6668701,-1.209259,1.9859314
28244,-1.444397,-1.1769104,1.9924927
28245,-1.6040039,-1.242981,2.081604
28246,-1.5628052,-1.4659119,2.1788025
28247,-1.3571167,-1.3597107,2.0960999
28248,-1.4276123,-1.2141418,2.0249939
28249,-1.2728882,-1.3925171,2.099762
28250,-1.2438965,-1.4137268,2.1051025
28251,-1.3215637,-1.5888977,2.0111084
28252,-1.2434387,-1.6323853,2.041626
28253,-1.2965393,-1.7169189,2.0024109
28254,-1.1413574,-1.806488,1.9325256
28255,-1.1012268,-1.7955017,1.8322754
28256,-0.91140747,-1.8870544,1.7767334
28257,-0.86608887,-1.7956543,1.9049072
28258,-0.73547363,-1.750946,1.8629456
28259,-0.79788208,-1.7895508,1.8481445
28260,-0.64361572,-1.8772888,1.8618774
28261,-0.61080933,-1.9494629,1.8920898
28262,-0.58258057,-2.0414734,1.8869019
28263,-0.54626465,-1.9676209,1.8151855
28264,-0.53222656,-1.9706726,1.8768311
28265,-0.57907104,-2.003479,1.8487549
28266,-0.50445557,-2.1287537,1.8287659
28267,-0.40588379,-2.2087097,1.7900085
28268,-0.38024902,-2.2113037,1.776123
28269,-0.31661987,-2.1377563,1.7205811
28270,-0.25024414,-2.1118164,1.5383911
28271,-0.19790649,-2.1974182,1.5565491
28272,-0.14373779,-2.134552,1.5882874
28273,-0.10696411,-2.210083,1.5319824
28274,0.13763428,-2.3800659,1.5953064
28275,0.086517334,-2.5593567,1.3478088
28276,0.01159668,-2.4319458,1.3705444
28277,0.15731812,-2.2853088,1.1618042
28278,0.26489258,-2.3442078,1.2380981
28279,0.20751953,-2.3071289,1.3812256
28280,0.33233643,-2.3901367,1.1393738
28281,0.6098938,-2.5602722,1.0577393
28282,0.55770874,-2.3757935,1.1195374
28283,0.50598144,-2.3777771,0.94741821
28284,0.61416626,-2.364502,1.0075378
28285,0.62133789,-2.3995972,1.0574341
28286,0.62561035,-2.5193787,0.88150024
28287,0.61462402,-2.4557495,0.83282471
28288,0.65246582,-2.351532,0.84899902
28289,0.75561523,-2.2503662,0.77407837
28290,0.81008911,-2.2779846,0.66177368
28291,0.89508057,-2.4427795,0.64697266
28292,0.91247559,-2.2807312,0.53665161
28293,0.96038818,-2.2108459,0.50048828
28294,0.9664917,-1.9625854,0.46279907
28295,0.95687866,-2.1138,0.21942139
28296,0.77285767,-2.0831299,0.33386231
28297,1.088562,-2.1058655,0.22979736
28298,1.0696411,-2.2180176,0.28366089
28299,1.02005,-1.9854736,0.19927978
28300,1.089325,-2.0391846,0.19515991
28301,1.0890198,-2.0222473,0.18676758
28302,1.2284851,-1.9790649,-0.06729126
28303,1.2312317,-1.9543457,-0.006256104
28304,1.2301636,-1.9432068,-0.026245117
28305,1.2078857,-1.9119263,-0.16403198
28306,1.2608337,-1.8157959,-0.26641846
28307,1.3269043,-1.6947937,-0.2281189
28308,1.3272095,-1.6767883,-0.23803711
28309,1.2762451,-1.6503906,-0.38146973
28310,1.2567139,-1.6317749,-0.30075073
28311,1.2469482,-1.566925,-0.24139404
28312,1.2567139,-1.5759277,-0.33279419
28313,1.3505554,-1.4579773,-0.46585083
28314,1.1907959,-1.3194275,-0.4460144
28315,1.288147,-1.1550903,-0.55908203
28316,1.2844849,-1.350708,-0.7359314
28317,1.3749695,-1.1769104,-0.70541382
28318,1.2086487,-1.1340332,-0.63674927
28319,1.350708,-1.1061096,-0.72235107
28320,1.3121033,-1.1174011,-0.92010498
28321,1.2765503,-1.0543823,-1.0580444
28322,1.3308716,-0.84274292,-0.98358154
28323,1.3116455,-0.76889038,-1.1077881
28324,1.3237,-0.78369141,-1.0879517
28325,1.1500549,-0.80749512,-0.92208862
28326,1.1126709,-0.73013306,-0.96206665
28327,1.0467529,-0.64575195,-0.99914551
28328,1.0787964,-0.67718506,-1.0543823
28329,0.9954834,-0.54321289,-1.0443115
28330,1.0896301,-0.59616089,-1.1791992
28331,0.97625732,-0.58578491,-0.98388672
28332,0.97702026,-0.51010132,-0.97396851
28333,0.95062256,-0.34835815,-1.0389709
28334,0.97183228,-0.29296875,-1.2623596
28335,1.0096741,-0.34103394,-1.2866211
28336,1.0144043,-0.17745972,-1.3432312
28337,0.83770752,0.000152588,-1.2754822
28338,0.73165894,-0.19210815,-1.3458252
28339,0.82275391,-0.096435547,-2.0587158
28340,0.69915772,-0.017547607,-1.9030762
28341,0.58883667,-0.052947998,-1.1463928
28342,0.80444336,0.21408081,-1.3891602
28343,0.61279297,0.22979736,-1.4349365
28344,0.67214966,0.29830933,-1.4724731
28345,0.69076538,0.34545898,-1.5318298
28346,0.49468994,0.26580811,-1.3909912
28347,0.42053223,0.45654297,-1.4524841
28348,0.54275513,0.46737671,-1.4590454
28349,0.35186768,0.48553467,-1.4781189
28350,0.2696228,0.50048828,-1.3963318
28351,0.27420044,0.57434082,-1.4770508
28352,0.12649536,0.60729981,-1.3919067
28353,0.10894775,0.87127685,-1.3301086
28354,-0.017547607,0.66970825,-1.3998413
28355,0.049591064,0.8631897,-1.2753296
28356,-0.050964355,0.80383301,-1.3824463
28357,-0.11352539,0.66390991,-1.3023376
28358,-0.14389038,0.8694458,-1.4064026
28359,-0.24688721,0.76278687,-0.97335815
28360,-0.24017334,0.83999634,-1.3311768
28361,-0.23025513,0.76843262,-1.2245178
28362,-0.28488159,0.8984375,-1.1380005
28363,-0.48233032,1.0189819,-1.1689758
28364,-0.41671753,1.068573,-1.134491
28365,-0.5947876,1.1982727,-1.1465454
28366,-0.59127808,1.1291504,-1.2738037
28367,-0.8215332,1.2249756,-1.2921143
28368,-0.54046631,1.1437988,-1.063385
28369,-0.71014404,1.2767029,-1.0424805
28370,-0.82870483,1.1453247,-0.86883545
28371,-0.83786011,1.2426758,-0.9072876
28372,-0.82748413,1.3000488,-0.70571899
28373,-1.1004639,1.428833,-0.7913208
28374,-1.184082,1.4494324,-0.73364258
28375,-1.1322021,1.340332,-0.68939209
28376,-1.0269165,1.4729309,-0.59387207
28377,-1.1430359,1.418457,-0.51132202
28378,-1.1715698,1.4099121,-0.53985596
28379,-1.3156128,1.3421631,-0.65185547
28380,-1.3890076,1.5402222,-0.45684814
28381,-1.5214539,1.6329956,-0.35171509
28382,-1.4402771,1.5090942,-0.46386719
28383,-1.5092468,1.3858032,-0.47622681
28384,-1.5437317,1.4344788,-0.35171509
28385,-1.5048218,1.6693115,-0.35552978
28386,-1.7184448,1.477356,-0.20736694
28387,-1.6937256,1.4445496,-0.21743774
28388,-1.6848755,1.3508606,-0.46325684
28389,-1.8199158,1.3487244,-0.12832642
28390,-1.8167114,1.4163208,-0.038299561
28391,-1.8154907,1.4704895,0.14221191
28392,-1.7118835,1.3500977,0.1373291
28393,-1.9226074,1.0774231,0.21606445
28394,-2.0570374,1.2310791,0.24658203
28395,-2.0451355,1.1456299,0.32318115
28396,-2.0834351,1.3105774,0.38253784
28397,-2.0341492,1.047821,0.35903931
28398,-2.1409607,1.2562561,0.54473877
28399,-2.184906,1.0119629,0.53588867
28400,-2.0690918,0.94146728,0.55938721
28401,-2.1276855,1.0548401,0.57266235
28402,-2.1313477,1.0290527,0.63339233
28403,-2.1833801,0.99517822,0.73501587
28404,-2.199707,0.8493042,0.71594238
28405,-2.1069336,0.92071533,0.87203979
28406,-2.2451782,0.69992065,0.83557129
28407,-2.1179199,0.82687378,0.99838257
28408,-2.2789001,0.75515747,1.0195923
28409,-2.3519897,0.64788818,1.0443115
28410,-2.2174072,0.69595337,0.9967041
28411,-2.27005,0.61676025,1.1039734
28412,-2.4328613,0.49453735,1.184845
28413,-2.1151733,0.58654785,1.2744141
28414,-2.3786926,0.3427124,1.2882996
28415,-2.2473145,0.4788208,1.3233948
28416,-2.1479797,0.37002564,1.2112427
28417,-2.1911621,0.20401001,1.2640381
28418,-2.2079468,0.12237549,1.307373
28419,-2.2924805,0.15640259,1.399231
28420,-2.2210693,0.017547607,1.4904785
28421,-2.3236084,-0.083312988,1.5681458
28422,-2.3249817,-0.051879883,1.6856384
28423,-2.1006775,-0.23681641,1.5646362
28424,-2.326355,-0.20645142,1.5640259
28425,-2.0544434,-0.2897644,1.6545105
28426,-2.0941162,-0.34301758,1.7219543
28427,-2.2145081,-0.36224365,1.7658997
28428,-1.998291,-0.41793823,1.7752075
28429,-2.0068359,-0.45043945,1.8356323
28430,-2.1911621,-0.51483154,1.7933655
28431,-1.8614197,-0.72357178,1.7323303
28432,-1.946106,-0.5935669,1.9584656
28433,-2.1110535,-0.82992554,1.8293762
28434,-1.8579102,-0.85144043,2.0606995
28435,-1.7802429,-0.9135437,1.8591309
28436,-1.7887878,-0.93826294,2.2184753
28437,-1.7984009,-1.0494995,2.2186279
28438,-1.8257141,-1.1759949,2.0181274
28439,-1.7289734,-1.0424805,2.1363831
28440,-1.5757751,-1.2528992,2.1240234
28441,-1.5324402,-1.3755798,2.1499634
28442,-1.5611267,-1.2962341,2.0108032
28443,-1.5109253,-1.4076233,2.0462036
28444,-1.4045715,-1.3612366,2.0744324
28445,-1.6003418,-1.6430664,2.0462036
28446,-1.3990784,-1.424408,2.0214844
28447,-1.3493347,-1.3760376,2.2064209
28448,-1.1605835,-1.3851929,2.1401978
28449,-1.1477661,-1.4910889,2.0794678
28450,-1.1433411,-1.5142822,2.1138
28451,-1.2164307,-1.7364502,2.0098877
28452,-1.1010742,-1.6616821,2.1307373
28453,-0.95092773,-1.8479919,2.1716309
28454,-0.94100952,-1.8156433,2.1133423
28455,-0.95001221,-1.8798828,2.1105957
28456,-0.81466675,-1.9798279,1.9854736
28457,-0.83282471,-2.0089722,2.0236206
28458,-0.73425293,-2.1717834,1.834259
28459,-0.80230713,-2.0925903,1.8870544
28460,-0.62271118,-2.0349121,1.8884277
28461,-0.79269409,-1.993866,1.8910217
28462,-0.63873291,-1.9631958,1.9087219
28463,-0.47241211,-2.2883606,1.6824341
28464,-0.43182373,-2.1481323,1.6940308
28465,-0.36499023,-2.2975159,1.8013
28466,-0.25787353,-2.2218323,1.8597412
28467,-0.20675659,-2.325592,1.7558289
28468,-0.16052246,-2.1513367,1.6529846
28469,-0.051269531,-2.2128296,1.7440796
28470,-0.089263916,-2.399292,1.7002869
28471,-0.070648193,-2.4821472,1.8423462
28472,0.028076172,-2.5109863,1.4974976
28473,0.12283325,-2.5402832,1.5092468
28474,0.21987915,-2.6719666,1.3090515
28475,0.2583313,-2.4188232,1.1865234
28476,0.38543701,-2.437439,1.3092041
28477,0.3717041,-2.2944641,1.2654114
28478,0.36697388,-2.1759033,1.2380981
28479,0.443573,-2.3881531,1.1933899
28480,0.55130005,-2.4214172,1.2084961
28481,0.48492432,-2.270813,1.0684204
28482,0.597229,-2.4479675,0.89599609
28483,0.52520752,-2.3608398,0.99197388
28484,0.64239502,-2.4829102,0.79284668
28485,0.53070068,-2.54776,0.93032837
28486,0.70785522,-2.5505066,0.80276489
28487,0.69717407,-2.3817444,0.7460022
28488,0.8517456,-2.4542236,0.675354
28489,0.94573975,-2.4331665,0.66925049
28490,0.93795776,-2.4780273,0.54122925
28491,0.86639404,-2.3951721,0.56884766
28492,1.0351563,-2.3875427,0.44143677
28493,0.99227905,-2.2520447,0.59814453
28494,1.0429382,-2.2869873,0.63690185
28495,1.1213684,-2.1697998,0.52932739
28496,1.1454773,-2.1574402,0.43212891
28497,1.131134,-2.0887756,0.32546997
28498,1.2309265,-2.1232605,0.15960693
28499,1.1886597,-2.1528625,0.074920654
28500,1.2394714,-2.0661926,0.034332275
28501,1.2678528,-2.0095825,-0.061645508
28502,1.2879944,-2.0547485,-0.004730225
28503,1.3067627,-2.0526123,-0.20507813
28504,1.3911438,-1.942749,-0.027313232
28505,1.3092041,-1.9633484,-0.23513794
28506,1.3064575,-1.8214416,-0.28274536
28507,1.2521362,-1.9676209,-0.39398193
28508,1.4245605,-1.7599487,-0.22979736
28509,1.2597656,-1.7474365,-0.43228149
28510,1.2922668,-1.6218567,-0.45394897
28511,1.4152527,-1.7208862,-0.45883179
28512,1.2226868,-1.479187,-0.48217773
28513,1.4605713,-1.4622498,-0.50262451
28514,1.2719727,-1.4784241,-0.65185547
28515,1.3829041,-1.2519836,-0.70602417
28516,1.2602234,-1.0855103,-0.64117432
28517,1.2356567,-1.0968018,-0.79162598
28518,1.2747192,-1.1624146,-0.61203003
28519,1.2451172,-0.98434448,-0.80795288
28520,1.1917114,-1.0580444,-0.73699951
28521,1.2513733,-1.0862732,-0.87112427
28522,1.1523438,-0.8493042,-0.84976196
28523,1.1482239,-0.8265686,-0.84838867
28524,1.0696411,-0.52185059,-0.84777832
28525,1.1567688,-0.59463501,-1.1331177
28526,1.1781311,-0.63064575,-1.0508728
28527,1.1128235,-0.57250977,-1.1140442
28528,1.1174011,-0.4914856,-1.0899353
28529,1.1425781,-0.42098999,-1.1050415
28530,1.1231995,-0.43457031,-1.2792969
28531,0.96786499,-0.30899048,-1.1578369
28532,0.8996582,-0.44433594,-1.2055969
28533,0.95611572,-0.25558472,-1.431427
28534,1.0700989,-0.17578125,-1.3446045
28535,0.88470459,-0.14373779,-1.4175415
28536,0.81436157,-0.076599121,-1.4117432
28537,0.79040527,-0.12207031,-1.4590454
28538,0.77346802,-0.10620117,-1.4459229
28539,0.82550049,0.042266846,-1.2992859
28540,0.53497315,0.003051758,-1.5939331
28541,0.63034058,-0.047454834,-1.1238098
28542,0.58364868,0.15472412,-0.65612793
28543,0.68099976,0.34011841,-1.134491
28544,0.60119629,0.27770996,-1.4146423
28545,0.57800293,0.40832519,-1.37146
28546,0.45532227,0.49758911,-1.4181519
28547,0.44998169,0.53359985,-1.3484192
28548,0.3112793,0.51193237,-1.3230896
28549,0.27770996,0.52581787,-1.3555908
28550,0.2470398,0.54077148,-1.3682556
28551,0.12191773,0.63964844,-1.3012695
28552,0.040435791,0.7472229,-1.3873291
28553,0.17272949,0.84152222,-1.3096619
28554,0.00579834,0.90576172,-1.1752319
28555,0.015411377,1.0394287,-1.03302
28556,-0.061340332,1.0134888,-1.1846924
28557,-0.26031494,0.91583252,-1.28479
28558,-0.26901245,1.0820007,-1.3162231
28559,-0.15655518,0.95352173,-1.4071655
28560,-0.25421143,0.86257935,-1.1383057
28561,-0.30288696,1.0084534,-1.3842773
28562,-0.26092529,0.97900391,-1.2710571
28563,-0.39001465,0.96450806,-1.2536621
28564,-0.58959961,1.0940552,-1.3044739
28565,-0.60379028,1.2402344,-1.1248779
28566,-0.6880188,1.3926697,-1.0009766
28567,-0.68954468,1.3825989,-0.95046997
28568,-0.61843872,1.2472534,-1.1166382
28569,-0.72341919,1.1453247,-1.3035584
28570,-0.7611084,1.1444092,-1.116333
28571,-0.91262817,1.3272095,-1.0417175
28572,-0.96282959,1.4250183,-0.87921143
28573,-0.94604492,1.3626099,-0.82077026
28574,-1.0411072,1.3943481,-0.88241577
28575,-1.0717773,1.3027954,-0.7925415
28576,-1.2438965,1.3726807,-0.59967041
28577,-1.2950134,1.1071777,-0.37948608
28578,-1.2687683,1.3711548,-0.20172119
28579,-1.197052,1.3990784,-0.39215088
28580,-1.3572693,1.3398743,-0.34881592
28581,-1.4680481,1.2835693,-0.48370361
28582,-1.3543701,1.343689,-0.80841065
28583,-1.5730286,1.1816406,-0.53436279
28584,-1.6044617,1.3531494,-0.30319214
28585,-1.5576172,1.4483643,-0.19500732
28586,-1.5945435,1.2756348,-0.045318604
28587,-1.6297913,1.2597656,-0.008850098
28588,-1.6285706,1.3021851,-0.051727295
28589,-1.7201233,1.3269043,0.00579834
28590,-1.7123413,1.0688782,0.019378662
28591,-1.8887329,1.178894,0.12908935
28592,-1.9128418,1.2036133,0.004882813
28593,-1.9369507,1.1013794,0.22354126
28594,-1.784668,1.0968018,0.33508301
28595,-1.8591309,1.1062622,0.22491455
28596,-1.9309998,1.0719299,0.33294678
28597,-1.9198608,1.0966492,0.22369385
28598,-1.9250488,1.0897827,0.26947022
28599,-2.131958,0.90896606,0.30960083
28600,-2.1099854,0.94573975,0.47515869
28601,-1.9584656,0.93994141,0.45288086
28602,-2.1418762,0.95825195,0.62072754
28603,-2.0024109,0.95397949,0.56137085
28604,-2.0341492,0.67901611,0.55603027
28605,-2.1784973,0.86608887,0.76049805
28606,-2.1221924,0.61355591,0.89904785
28607,-2.175293,0.55633545,0.9425354
28608,-2.1255493,0.62469482,0.90820313
28609,-2.1536255,0.64529419,0.8279419
28610,-1.987915,0.64254761,0.94421387
28611,-2.0368958,0.54519653,0.9753418
28612,-1.9915771,0.49911499,1.1883545
28613,-2.0613098,0.38085938,1.0823059
28614,-2.0574951,0.38070679,1.2054443
28615,-2.0726013,0.26641846,1.2908936
28616,-2.0666504,0.18493652,1.2487793
28617,-2.0480347,0.20980835,1.3668823
28618,-2.1516418,0.14373779,1.4607239
28619,-2.1360779,-0.15136719,1.2963867
28620,-1.8536377,-0.31051636,1.2129211
28621,-2.0991516,-0.23910523,1.1108398
28622,-2.1228027,-0.37307739,1.0614014
28623,-1.947937,-0.20431519,1.1669922
28624,-1.8325806,-0.33340454,1.2164307
28625,-1.9908142,-0.56869507,1.0612488
28626,-1.8952942,-0.4800415,1.1430359
28627,-1.8685913,-0.703125,0.91567993
28628,-2.0637512,-0.63674927,1.4404297
28629,-1.7918396,-0.52108765,1.5089416
28630,-1.8795776,-0.47119141,1.6204834
28631,-1.774292,-0.63140869,1.3677979
28632,-1.8286133,-0.83175659,1.5895081
28633,-1.8693542,-0.73059082,1.3504028
28634,-1.7849731,-0.84167481,1.754303
28635,-1.7733765,-0.95932007,1.8125916
28636,-1.7124939,-0.84136963,1.3110352
28637,-1.6624451,-0.95581055,1.2466431
28638,-1.6630554,-1.0971069,1.5287781
28639,-1.5032959,-1.1669922,1.2438965
28640,-1.5270996,-1.2557983,1.3330078
28641,-1.5031433,-1.2524414,1.3827515
28642,-1.4169312,-1.2773132,1.661377
28643,-1.348114,-1.4230347,1.7367554
28644,-1.3809204,-1.3998413,1.9894409
28645,-1.3877869,-1.468811,1.9210815
28646,-1.2350464,-1.4863586,1.973877
28647,-1.2229919,-1.4727783,1.9949341
28648,-1.2686157,-1.3865662,1.9332886
28649,-1.0647583,-1.4836121,2.0124817
28650,-0.86853027,-1.6644287,2.0449829
28651,-0.887146,-1.7022705,1.8998718
28652,-0.8480835,-1.6691589,1.8304443
28653,-0.77301025,-1.82724,1.837616
28654,-0.7963562,-1.8870544,2.0469666
28655,-0.86181641,-1.7581177,1.8264771
28656,-0.66940308,-2.0181274,1.8945313
28657,-0.81619263,-2.0199585,1.8502808
28658,-0.72174072,-1.9091797,1.686554
28659,-0.63400269,-1.9389343,1.6690063
28660,-0.53085327,-2.0091248,1.7207336
28661,-0.47225952,-1.9616699,1.6101074
28662,-0.54718018,-2.0391846,1.7526245
28663,-0.34500122,-2.1673584,1.6738892
28664,-0.32180786,-2.172699,1.6584778
28665,-0.26046753,-2.2436523,1.5942383
28666,-0.28106689,-2.1574402,1.5280151
28667,-0.27435303,-2.1398926,1.4775085
28668,-0.20874023,-2.0822144,1.4575195
28669,-0.1133728,-2.1180725,1.3739014
28670,0.10620117,-2.1377563,1.3986206
28671,0.062103271,-2.2134399,1.3606262
28672,0.013122559,-2.3638916,1.2969971
28673,0.12268066,-2.2964478,1.0275269
28674,0.010986328,-2.3083496,1.0856628
28675,0.2267456,-2.1315002,0.88973999
28676,0.34790039,-2.0814514,1.0507202
28677,0.31341553,-2.2192383,1.0769653
28678,0.37414551,-2.2813416,0.83404541
28679,0.45440674,-2.154541,1.1323547
28680,0.39855957,-2.1234131,0.88027954
28681,0.49468994,-1.9918823,0.92132568
28682,0.49499512,-2.0120239,0.74295044
28683,0.57434082,-2.0924377,0.64880371
28684,0.69869995,-2.1173096,0.46340942
28685,0.76843262,-2.2134399,0.42938232
28686,0.68695068,-2.3979187,0.22460938
28687,0.75988769,-2.2428894,0.42175293
28688,0.70220947,-2.2625732,0.36270142
28689,0.68359375,-2.2657776,0.46585083
28690,0.67474365,-2.0849609,0.19073486
28691,0.81619263,-2.1496582,0.31234741
28692,0.81298828,-2.1733093,-0.006713867
28693,0.8984375,-2.2790527,-0.005340576
28694,0.85464478,-2.2224426,0.36132813
28695,0.94863892,-2.0552063,0.19760132
28696,0.97305298,-1.8618774,0.28106689
28697,1.056366,-1.9943237,-0.10360718
28698,1.0871887,-1.9812012,-0.22506714
28699,0.95916748,-2.0100403,0.025024414
28700,1.0308838,-1.8855286,-0.24871826
28701,0.9765625,-1.8348694,-0.27099609
28702,1.2243652,-1.7669678,-0.23483276
28703,1.0128784,-1.489563,-0.20248413
28704,0.99090576,-1.6139221,-0.22521973
28705,1.0275269,-1.6389465,-0.27435303
28706,1.177063,-1.6070557,-0.42922974
28707,1.0217285,-1.5293884,-0.47790527
28708,1.0142517,-1.5707397,-0.77682495
28709,1.1094666,-1.5444946,-0.58502197
28710,1.2413025,-1.33255,-0.71273804
28711,1.2013245,-1.3066101,-0.67840576
28712,0.99426269,-1.449585,-0.4284668
28713,1.219635,-1.3896179,-0.032196045
28714,1.0595703,-1.252594,-0.65826416
28715,1.1199951,-1.2341309,-0.6829834
28716,1.1164856,-1.2609863,-0.72357178
28717,1.1108398,-1.1517334,-0.80566406
28718,1.0095215,-1.0574341,-0.7901001
28719,1.0662842,-1.1003113,-0.85952759
28720,1.0858154,-0.96954346,-0.8744812
28721,1.1195374,-0.89675903,-0.96237183
28722,1.007843,-0.85403442,-0.78613281
28723,1.008606,-0.7069397,-0.85723877
28724,0.97305298,-0.69244385,-0.85205078
28725,0.97122192,-0.61630249,-0.94329834
28726,0.98144531,-0.44250488,-1.0215759
28727,0.89294434,-0.46188355,-1.0769653
28728,0.90194702,-0.5305481,-1.0105896
28729,0.90332031,-0.41931152,-1.2182617
28730,0.76828003,-0.22033691,-1.1999512
28731,0.76080322,-0.32653809,-1.1787415
28732,0.8517456,-0.25604248,-1.2557983
28733,0.91278076,-0.057067871,-1.2657166
28734,0.80368042,-0.12191773,-1.3020325
28735,0.74432373,-0.021362305,-1.2013245
28736,0.63720703,0.058288574,-1.1804199
28737,0.60623169,-0.032958984,-1.4224243
28738,0.56304932,-0.022888184,-1.3644409
28739,0.50186157,0.15563965,-1.4030457
28740,0.57449341,0.20568848,-1.4315796
28741,0.33020019,0.37841797,-1.600647
28742,0.48065186,0.45410156,-1.3301086
28743,0.26443481,0.54168701,-1.2811279
28744,0.2722168,0.46661377,-1.2567139
28745,0.27099609,0.63110352,-1.192627
28746,0.1751709,0.59402466,-1.2960815
28747,0.22949219,0.3427124,-1.3121033
28748,0.045166016,0.45730591,-1.3978577
28749,0.098419189,0.57098389,-1.4875793
28750,-0.11550903,0.56274414,-1.4784241
28751,-0.25680542,0.63873291,-1.3790894
28752,-0.074615479,0.72875977,-1.2294006
28753,-0.089416504,0.73181152,-1.2210083
28754,-0.20050049,0.97076416,-1.1528015
28755,-0.30822754,1.0539246,-1.0877991
28756,-0.35736084,1.058197,-1.0595703
28757,-0.26535034,0.89828491,-0.96679688
28758,-0.25787353,1.0231018,-0.90621948
28759,-0.5039978,0.81665039,-0.77682495
28760,-0.37109375,0.70678711,-0.9928894
28761,-0.45928955,0.90759277,-0.97610474
28762,-0.61157227,1.0281372,-0.85235596
28763,-0.64147949,1.1524963,-0.90133667
28764,-0.6716919,1.0899353,-0.7711792
28765,-0.67977905,1.2322998,-0.81481934
28766,-0.72494507,1.0818481,-0.67474365
28767,-0.97564697,0.95245361,-0.66085815
28768,-0.93338013,1.0522461,-0.66360474
28769,-1.0487366,0.95565796,-0.79666138
28770,-1.0253906,1.2223816,-0.8126831
28771,-1.1300659,1.3485718,-0.89447022
28772,-1.0958862,1.1990356,-0.63293457
28773,-1.0765076,1.1672974,-0.5770874
28774,-1.2026978,1.0479736,-0.6326294
28775,-1.133728,1.0682678,-0.62530518
28776,-1.2025452,1.0144043,-0.33966064
28777,-1.348877,1.151123,-0.35888672
28778,-1.3015747,0.99029541,-0.49804688
28779,-1.4474487,0.86914063,-0.25634766
28780,-1.4117432,1.0113525,-0.15548706
28781,-1.497345,1.081543,-0.13656616
28782,-1.4804077,1.0717773,0.020751953
28783,-1.6421509,1.0935974,-0.054931641
28784,-1.6891479,1.0090637,-0.024108887
28785,-1.6992188,1.3095093,0.15716553
28786,-1.5930176,0.99990845,0.091705322
28787,-1.6777039,1.171875,0.03112793
28788,-1.5628052,1.0638428,0.23712158
28789,-1.8782043,0.89309692,0.32684326
28790,-1.7721558,0.83435059,0.34011841
28791,-1.9081116,0.84793091,0.46447754
28792,-1.7544556,0.93948364,0.44998169
28793,-1.9303894,1.0197449,0.42480469
28794,-1.8061829,0.86898804,0.61508179
28795,-1.9010925,0.91003418,0.60302734
28796,-1.9528198,0.80215454,0.58502197
28797,-1.8540955,0.95703125,0.74142456
28798,-1.9322205,0.80627441,0.81069946
28799,-1.9909668,0.87341309,0.68664551
28800,-2.0344543,0.7107544,0.82473755
28801,-2.1298218,0.57739258,0.91751099
28802,-2.0999146,0.4750061,1.1979675
28803,-1.8910217,0.57861328,0.99426269
28804,-2.0567322,0.62210083,0.71411133
28805,-1.962738,0.36804199,1.0255432
28806,-2.0756531,0.62820435,0.71777344
28807,-1.9750977,0.42785644,0.80154419
28808,-2.1044922,0.39886475,1.0389709
28809,-2.0269775,0.13366699,0.44799805
28810,-2.046051,0.16174316,0.99731445
28811,-2.0947266,0.15350342,0.82305908
28812,-1.927948,0.12329102,0.87768555
28813,-1.8687439,0.067138672,0.81817627
28814,-1.9003296,0.024719238,0.86090088
28815,-2.0066833,0.11886597,1.4323425
28816,-1.8571472,0.000610352,0.90286255
28817,-2.0088196,-0.20217895,0.80612183
28818,-1.7887878,-0.21347046,1.10672
28819,-1.942749,-0.37017822,1.6615295
28820,-1.7495728,-0.25894165,1.4053345
28821,-1.90979,-0.37567139,1.3926697
28822,-1.9381714,-0.41748047,1.8858337
28823,-1.8789673,-0.47088623,1.776886
28824,-1.8241882,-0.64575195,1.6699219
28825,-1.8508911,-0.64056397,1.8756104
28826,-1.7704773,-0.71716309,2.0379639
28827,-1.8539429,-0.572052,1.7800903
28828,-1.7356873,-0.82626343,1.8829346
28829,-1.9926453,-1.0694885,1.8411255
28830,-1.7044067,-0.92224121,1.6516113
28831,-1.7010498,-1.2217712,2.0376587
28832,-1.5188599,-1.0362244,1.8470764
28833,-1.6018677,-1.0502625,1.9667053
28834,-1.5026855,-0.93826294,2.1234131
28835,-1.4794922,-0.93078613,2.0545959
28836,-1.4176941,-0.98800659,1.7155457
28837,-1.3739014,-1.4208984,1.7816162
28838,-1.415863,-1.0002136,1.6213989
28839,-1.3189697,-1.2947083,0.97366333
28840,-1.3314819,-1.6712952,1.5136719
28841,-1.1019897,-1.524353,0.98495483
28842,-1.1763,-1.6624451,0.88790894
28843,-1.1322021,-1.7466736,0.94573975
28844,-0.98999023,-1.6877747,1.7858887
28845,-1.0838318,-1.6734314,1.9125366
28846,-1.0932922,-1.6783142,1.7207336
28847,-0.87356567,-1.552887,1.7607117
28848,-0.71609497,-1.6043091,1.8032837
28849,-0.87020874,-1.6456604,1.8170166
28850,-0.72143555,-1.7741394,1.877594
28851,-0.7699585,-1.8685913,1.6723633
28852,-0.60317993,-1.8634033,1.542511
28853,-0.52444458,-1.9677734,1.6127014
28854,-0.50109863,-2.0385742,1.5567017
28855,-0.45166016,-2.0773315,1.5937805
28856,-0.51055908,-2.0643616,1.5808105
28857,-0.36499023,-1.937561,1.6882324
28858,-0.33920288,-1.9618225,1.5733337
28859,-0.41305542,-1.9726563,1.5933228
28860,-0.23712158,-2.0098877,1.4111328
28861,-0.14480591,-2.0892334,1.421814
28862,-0.11703491,-2.2843933,1.33255
28863,-0.13473511,-2.297821,1.4024353
28864,-0.19729614,-2.1791077,1.3922119
28865,-0.1550293,-2.1461487,1.3383484
28866,0.023498535,-2.3379517,1.2394714
28867,0.05279541,-2.1643066,1.3047791
28868,0.053710938,-2.0556641,1.2298584
28869,0.19973755,-2.2857666,1.0560608
28870,0.23223877,-2.172699,1.2501526
28871,0.30960083,-2.2058105,1.0879517
28872,0.29541016,-2.2990417,1.0284424
28873,0.3704834,-2.4157715,1.0128784
28874,0.4359436,-2.3339844,0.94406128
28875,0.44906616,-2.3045349,0.87860107
28876,0.49438477,-2.3171997,0.85372925
28877,0.62683106,-2.2167969,0.66329956
28878,0.52047729,-2.1672058,0.81069946
28879,0.69213867,-2.2567749,0.72692871
28880,0.73257446,-2.1676636,0.66421509
28881,0.7572937,-2.1255493,0.53741455
28882,0.7711792,-2.2338867,0.51116943
28883,0.53741455,-2.1478271,0.62149048
28884,0.72372437,-1.8991089,0.52124023
28885,0.92086792,-2.2113037,0.37216186
28886,0.86715698,-2.0144653,0.24520874
28887,0.78399658,-2.0527649,0.54275513
28888,0.87997437,-2.0310974,0.094451904
28889,0.92102051,-1.8074036,0.088500977
28890,1.085968,-2.0094299,-0.007629395
28891,0.98022461,-1.8736267,0.037841797
28892,1.1828613,-1.7884827,0.061035156
28893,1.010437,-1.9213867,0.047607422
28894,1.1172485,-1.9474792,-0.048828125
28895,1.1418152,-1.8045044,-0.048370361
28896,1.0621643,-1.7475891,-0.097045898
28897,1.2005615,-1.7932129,-0.22338867
28898,1.2002563,-1.6213989,-0.4423523
28899,1.1895752,-1.6755676,-0.23162842
28900,1.2301636,-1.736145,-0.47637939
28901,1.2545776,-1.5586853,-0.36849976
28902,1.1447144,-1.502533,-0.64163208
28903,1.1907959,-1.3311768,-0.57998657
28904,1.1125183,-1.3931274,-0.37582397
28905,1.1477661,-1.2493896,-0.44189453
28906,1.0838318,-1.2031555,-0.50643921
28907,1.2011719,-1.3407898,-0.54229736
28908,1.1297607,-1.2936401,-0.7258606
28909,1.133728,-1.2251282,-0.64666748
28910,1.1026001,-1.078949,-0.97061157
28911,1.0507202,-1.0726929,-0.81756592
28912,0.98266602,-0.88607788,-0.72402954
28913,1.0351563,-0.94970703,-0.81619263
28914,0.98831177,-0.9475708,-0.71243286
28915,1.0968018,-0.9487915,-0.8581543
28916,0.94818115,-0.78140259,-0.8605957
28917,0.98754883,-0.80078125,-0.87265015
28918,1.0215759,-0.7019043,-0.99029541
28919,1.0769653,-0.68267822,-0.94436646
28920,0.91613769,-0.45730591,-1.0533142
28921,1.0598755,-0.43426514,-1.1125183
28922,0.94772339,-0.41442871,-1.209259
28923,0.95825195,-0.26184082,-1.1027527
28924,0.83129883,-0.22735596,-1.144104
28925,0.79650879,-0.16372681,-1.1380005
28926,0.7888794,-0.22689819,-1.2223816
28927,0.76751709,-0.13504028,-1.1192322
28928,0.76751709,-0.057525635,-1.1273193
28929,0.6477356,0.029449463,-1.1767578
28930,0.66375732,0.085449219,-1.2350464
28931,0.56594849,0.1512146,-1.3471985
28932,0.48828125,-0.13259888,-1.7024231
28933,0.54962158,0.10360718,-1.3916016
28934,0.47546387,0.079040527,-1.443634
28935,0.50125122,0.22140503,-1.2997437
28936,0.37216186,0.43731689,-1.3165283
28937,0.38650513,0.36804199,-1.1938477
28938,0.35766602,0.3868103,-1.2020874
28939,0.29052734,0.44265747,-1.2921143
28940,0.29586792,0.54977417,-1.3043213
28941,0.2406311,0.51452637,-1.2815857
28942,0.24719238,0.66619873,-1.1859131
28943,0.060272217,0.77850342,-1.1743164
28944,0.12008667,0.70114136,-1.1071777
28945,0.03112793,0.70144653,-1.0984802
28946,-0.12329102,0.64559937,-1.0586548
28947,-0.10650635,0.7824707,-1.1288452
28948,-0.082244873,0.78262329,-1.0874939
28949,-0.2444458,0.71273804,-0.99121094
28950,-0.3678894,0.8480835,-1.0375977
28951,-0.31585693,1.0491943,-1.0272217
28952,-0.33126831,1.0864258,-1.114502
28953,-0.56549072,1.072998,-1.1532593
28954,-0.54962158,1.1262512,-1.2280273
28955,-0.58532715,1.0983276,-1.0327148
28956,-0.57434082,1.1524963,-1.0571289
28957,-0.7270813,1.1071777,-1.0778809
28958,-0.79162598,1.1590576,-1.1117554
28959,-0.78781128,1.1128235,-0.9564209
28960,-0.8404541,1.3046265,-0.8543396
28961,-0.94696045,1.2658691,-0.85693359
28962,-1.0600281,1.207428,-0.84472656
28963,-0.98861694,1.2088013,-0.56549072
28964,-1.0742188,1.1616516,-0.62927246
28965,-1.1798096,1.2007141,-0.48095703
28966,-1.315155,1.1083984,-0.29113769
28967,-1.3162231,1.4732361,-0.30883789
28968,-1.2913513,1.2768555,-0.49118042
28969,-1.2979126,1.4608765,-0.34759522
28970,-1.3040161,1.3540649,-0.3742981
28971,-1.2994385,1.3317871,-0.34988403
28972,-1.370697,1.3179016,-0.27679443
28973,-1.4486694,1.1653137,-0.26550293
28974,-1.5280151,0.97625732,-0.21270752
28975,-1.4073181,0.98937988,-0.11703491
28976,-1.6014099,1.2051392,-0.45898438
28977,-1.5467834,1.2135315,-0.10696411
28978,-1.5541077,1.0412598,-0.091247559
28979,-1.6149902,1.124115,0.13137817
28980,-1.697998,1.1645508,0.17349243
28981,-1.656189,1.2023926,0.22720337
28982,-1.7242432,1.1091614,0.26123047
28983,-1.8325806,0.88775635,0.24383545
28984,-1.8167114,0.99121094,0.34194946
28985,-1.8916321,0.95306397,0.44799805
28986,-1.8914795,1.0389709,0.20492554
28987,-1.8453979,1.0772705,0.40481567
28988,-1.9415283,0.98098755,0.38085938
28989,-1.991272,0.9815979,0.37643433
28990,-1.9338989,0.67779541,0.63476563
28991,-2.0178223,0.75424194,0.44403076
28992,-2.1014404,0.61798096,0.65032959
28993,-2.0248413,0.75531006,0.59432983
28994,-1.9662476,0.69717407,0.3503418
28995,-2.0835876,0.65078735,0.85449219
28996,-1.8862915,0.68618774,0.94024658
28997,-1.9921875,0.58410644,0.74768066
28998,-1.9393921,0.5960083,0.99365234
28999,-2.1611023,0.68832397,0.98144531
29000,-2.1684265,0.48492432,1.0237122
29001,-2.0449829,0.29724121,1.1611938
29002,-2.0649719,0.31494141,1.1567688
29003,-2.0393372,0.14160156,1.0122681
29004,-2.0393372,0.28869629,1.3858032
29005,-2.0222473,0.13122559,1.330719
29006,-2.2099304,0.023498535,1.5293884
29007,-1.9746399,0.14633179,1.1036682
29008,-1.9610596,-0.15228272,1.5930176
29009,-2.1307373,-0.087127686,1.2287903
29010,-1.9139099,-0.044555664,1.5924072
29011,-1.92276,-0.040283203,1.4257813
29012,-1.9056702,-0.15884399,1.4263916
29013,-1.9451904,-0.22888184,1.4605713
29014,-1.7652893,-0.26168823,1.5409851
29015,-1.9287109,-0.43884277,1.3642883
29016,-1.9317627,-0.45288086,1.3900757
29017,-1.9075012,-0.58029175,1.5103149
29018,-1.9140625,-0.40893555,1.5228271
29019,-1.8928528,-0.63781738,1.4810181
29020,-1.9619751,-0.64071655,1.569519
29021,-1.8766785,-0.72235107,1.6082764
29022,-1.8049622,-0.82550049,1.6452026
29023,-1.6809082,-0.90637207,1.9363403
29024,-1.7070007,-0.68466187,1.6279602
29025,-1.6711426,-0.83297729,1.6810608
29026,-1.5933228,-1.1787415,1.5011597
29027,-1.7323303,-1.0675049,1.4901733
29028,-1.710968,-1.2191772,1.6119385
29029,-1.5275574,-1.504364,1.9335938
29030,-1.4486694,-1.3989258,1.7463684
29031,-1.4028931,-1.2809753,1.8330383
29032,-1.386261,-1.4164734,1.9190979
29033,-1.3238525,-1.4231873,1.987915
29034,-1.2402344,-1.3389587,1.9470215
29035,-1.1593628,-1.4086914,1.8263245
29036,-1.2406921,-1.6256714,1.9244385
29037,-1.1436462,-1.5586853,2.0471191
29038,-0.93948364,-1.6297913,1.811676
29039,-1.0089111,-1.6706848,2.210083
29040,-0.85708618,-2.0013428,2.0059204
29041,-0.90286255,-2.2146606,1.8304443
29042,-0.80200195,-1.9927979,1.4741516
29043,-0.71502685,-2.0419312,1.759491
29044,-0.83206177,-1.9380188,1.8736267
29045,-0.64300537,-1.8659973,1.9915771
29046,-0.64102173,-2.096405,1.8188477
29047,-0.59524536,-2.0716858,1.9754028
29048,-0.57357788,-2.0222473,1.7677307
29049,-0.61477661,-1.8756104,1.8811035
29050,-0.47393799,-2.076416,1.7437744
29051,-0.35964966,-2.1012878,1.6984558
29052,-0.45150757,-2.1282959,1.7886353
29053,-0.28152466,-2.4389648,1.5698242
29054,-0.40283203,-2.1659851,1.6453552
29055,-0.17745972,-2.2550964,1.6184998
29056,-0.19088745,-2.1542358,1.6430664
29057,-0.072021484,-2.2702026,1.497345
29058,0.020141602,-2.2842407,1.3587952
29059,0.078735352,-2.3478699,1.3313293
29060,0.1876831,-2.305603,1.3310242
29061,0.21972656,-2.3509216,1.2846375
29062,0.16021728,-2.4484253,1.2585449
29063,0.25558472,-2.4383545,1.1688232
29064,0.36056519,-2.3516846,1.1068726
29065,0.36697388,-2.204895,1.0855103
29066,0.37658691,-2.3187256,0.97869873
29067,0.43212891,-2.2149658,1.0020447
29068,0.48995972,-2.2094727,0.88500977
29069,0.51177978,-2.1748352,0.84915161
29070,0.59539795,-2.2309875,0.82351685
29071,0.61508179,-2.3953247,0.74188232
29072,0.74035644,-2.3791504,0.8203125
29073,0.81176758,-2.3646545,0.73974609
29074,0.69488525,-2.2633362,0.62835693
29075,0.82427978,-2.2549438,0.60302734
29076,0.84884644,-2.1403503,0.55877685
29077,0.83190918,-2.2845459,0.48782349
29078,0.80596924,-2.098999,0.45959473
29079,0.91751099,-2.1731567,0.38085938
29080,0.95367432,-2.0603943,0.31997681
29081,0.99960327,-2.1960449,0.31051636
29082,0.93139648,-1.999054,0.25131226
29083,1.0354614,-2.0826721,0.20385742
29084,1.0334778,-2.1134949,0.21347046
29085,0.9765625,-1.995697,0.060577393
29086,1.0890198,-1.9639587,0.020294189
29087,1.0940552,-1.9322205,-0.023040771
29088,1.1984253,-2.0245361,-0.009002686
29089,1.15448,-2.0526123,-0.065917969
29090,1.1853027,-1.8983459,0.024108887
29091,1.2672424,-1.9082642,-0.12680054
29092,1.2869263,-1.8711853,-0.1725769
29093,1.2898254,-1.6654968,-0.27130127
29094,1.2335205,-1.706543,-0.34378052
29095,1.3850403,-1.7733765,-0.60348511
29096,1.3900757,-1.6706848,-0.44937134
29097,1.2399292,-1.6818237,-0.6451416
29098,1.1764526,-1.6436768,-0.57006836
29099,1.182251,-1.3444519,-0.6564331
29100,1.3322449,-1.3182068,-0.6237793
29101,1.1767578,-1.2643433,-0.48797607
29102,1.1952209,-1.3529968,-0.55908203
29103,1.3551331,-1.3143921,-0.79940796
29104,1.2171936,-1.1906433,-0.77026367
29105,1.146698,-1.1491394,-0.74081421
29106,1.2297058,-1.1456299,-0.79925537
29107,1.1341858,-0.93048096,-1.0227966
29108,1.1154175,-0.73074341,-1.3046265
29109,1.1625671,-0.69366455,-1.1700439
29110,1.1334229,-0.57525635,-0.90133667
29111,1.2991333,-0.61630249,-0.94741821
29112,1.1557007,-0.55130005,-0.93887329
29113,1.1514282,-0.66162109,-1.1204529
29114,1.0121155,-0.48919678,-1.0601807
29115,1.0421753,-0.69488525,-1.1587524
29116,1.0313416,-0.56137085,-1.0638428
29117,0.93521118,-0.53512573,-1.0797119
29118,0.87646484,-0.25939941,-1.1743164
29119,0.83679199,-0.29479981,-1.2245178
29120,0.98083496,-0.12008667,-1.2762451
29121,0.93978882,-0.043945313,-1.242218
29122,0.92498779,-0.066680908,-1.3067627
29123,0.85494995,-0.098266602,-1.2806702
29124,0.80322266,0.026092529,-1.1367798
29125,0.69839478,-0.071411133,-1.2879944
29126,0.68328857,0.12298584,-1.3627625
29127,0.55007935,0.19439697,-1.4505005
29128,0.59417725,0.31097412,-1.3682556
29129,0.52429199,0.25024414,-1.5238953
29130,0.54580688,0.18615723,-1.5415955
29131,0.59890747,0.39825439,-1.4033508
29132,0.43380737,0.42449951,-1.370697
29133,0.35476685,0.38925171,-1.1846924
29134,0.33508301,0.44067383,-1.4289856
29135,0.18676758,0.61630249,-1.5789795
29136,0.20477295,0.56640625,-1.4517212
29137,0.029449463,0.55297852,-1.4535522
29138,0.1045227,0.87188721,-1.4355469
29139,0.010986328,0.83282471,-1.390686
29140,-0.071868896,0.66009522,-1.2313843
29141,-0.090179443,0.75393677,-1.2748718
29142,-0.1739502,0.91598511,-1.2321472
29143,-0.18676758,0.72753906,-1.3317871
29144,-0.3314209,0.92086792,-1.3552856
29145,-0.29083252,0.98922729,-1.3006592
29146,-0.36743164,1.0139465,-1.2542725
29147,-0.4637146,1.0401916,-1.1962891
29148,-0.55770874,1.2620544,-1.1930847
29149,-0.59738159,1.1946106,-1.0649109
29150,-0.52551269,1.2695313,-1.0310364
29151,-0.56488037,1.2866211,-1.027832
29152,-0.68847656,1.2875366,-0.91690063
29153,-0.94314575,1.2420654,-1.060791
29154,-0.7333374,1.3369751,-0.85922241
29155,-0.97854614,1.1132813,-0.72311401
29156,-0.962677,1.5036011,-0.75241089
29157,-1.043396,1.3124084,-0.71746826
29158,-0.96954346,1.4164734,-0.8480835
29159,-1.0618591,1.3545227,-0.71899414
29160,-1.0122681,1.3397217,-0.677948
29161,-1.1126709,1.2521362,-0.50765991
29162,-1.1225891,1.3600159,-0.58654785
29163,-1.3764954,1.2753296,-0.45898438
29164,-1.3119507,1.1213684,-0.51467896
29165,-1.3760376,1.1491394,-0.42617798
29166,-1.502533,1.3320923,-0.34347534
29167,-1.5374756,1.268158,-0.2507019
29168,-1.5794373,1.431427,-0.20339966
29169,-1.4978027,1.3818359,-0.43212891
29170,-1.4465332,0.54626465,-0.28366089
29171,-1.8632507,1.2463379,-0.26382446
29172,-1.6726685,1.2431335,-0.039978027
29173,-1.7762756,1.0917664,0.068206787
29174,-1.7056274,1.1627197,0.033569336
29175,-1.8200684,1.1787415,0.076446533
29176,-1.8247986,1.2414551,0.32562256
29177,-1.7486572,1.3180542,0.10650635
29178,-1.7915344,1.3278198,0.24749756
29179,-1.9662476,1.3259888,0.390625
29180,-1.9537354,1.1076355,0.41595459
29181,-2.0317078,1.3237,0.46615601
29182,-2.0848083,1.1051941,0.53985596
29183,-1.9953918,1.2677002,0.572052
29184,-2.1418762,1.0066223,0.66558838
29185,-2.0433044,1.0253906,0.47607422
29186,-2.1083069,1.0160828,0.59524536
29187,-2.1923828,0.92300415,0.52154541
29188,-2.1368408,0.84732056,0.84213257
29189,-2.1629333,0.80108643,0.5657959
29190,-2.2140503,0.6930542,0.67565918
29191,-2.0861816,0.74050903,0.93185425
29192,-2.2297668,0.58349609,0.73257446
29193,-2.1252441,0.60897827,1.0440063
29194,-2.0292664,0.61859131,1.1885071
29195,-2.2970581,0.42068481,1.161499
29196,-2.2541809,0.47851563,1.0620117
29197,-2.1559143,0.30166626,1.0902405
29198,-2.2792053,0.34103394,1.2896729
29199,-2.1450806,0.16357422,0.95153809
29200,-2.1392822,0.053710938,1.035614
29201,-2.137146,0.18814087,1.0977173
29202,-2.1342468,0.1802063,1.2684631
29203,-2.2111511,0.14053345,1.5893555
29204,-2.2409058,0.067596436,1.3363647
29205,-2.2535706,-0.0440979,1.3360596
29206,-2.088623,-0.31402588,1.25
29207,-2.0649719,-0.38116455,1.309967
29208,-2.2093201,-0.40634155,1.5509033
29209,-2.2740173,-0.44418335,1.6593933
29210,-2.2422791,-0.42617798,1.6426086
29211,-1.9230652,-0.35125732,1.7453003
29212,-2.0133972,-0.4208374,1.8188477
29213,-2.0263672,-0.61508179,1.5200806
29214,-1.9406128,-0.48919678,1.8292236
29215,-1.7782593,-0.41824341,1.9213867
29216,-2.0349121,-0.57052612,1.9061279
29217,-1.8113709,-0.82366943,2.0742798
29218,-1.8157959,-0.82458496,2.0730591
29219,-1.8988037,-0.94543457,2.035675
29220,-1.7599487,-0.97106934,1.9628906
29221,-1.8159485,-1.0453796,1.9360352
29222,-1.7541504,-0.96511841,1.8075562
29223,-1.6882324,-1.1264038,1.9696045
29224,-1.668396,-1.1802673,1.9396973
29225,-1.5023804,-1.2408447,2.0291138
29226,-1.4735413,-1.254425,1.9715881
29227,-1.5081787,-1.383667,1.6807556
29228,-1.262207,-1.4041138,2.0303345
29229,-1.3264465,-1.4398193,1.90979
29230,-1.2911987,-1.4578247,1.9755554
29231,-1.2783813,-1.5905762,1.640625
29232,-1.3441467,-1.5170288,1.8237305
29233,-1.2519836,-1.8107605,1.7437744
29234,-1.2265015,-1.7054749,1.9717407
29235,-1.1056519,-1.8739319,1.7784119
29236,-1.1268616,-1.7234802,1.9050598
29237,-1.0002136,-1.9343567,1.7718506
29238,-0.92681885,-2.1968079,1.8336487
29239,-0.98892212,-2.0678711,2.0491028
29240,-0.88195801,-2.0283508,1.8429565
29241,-0.75332642,-2.0155334,1.804657
29242,-0.63644409,-1.9902039,1.9439697
29243,-0.53009033,-2.0744324,1.8795776
29244,-0.5897522,-2.0793152,1.9355774
29245,-0.50552368,-2.0152283,1.8855286
29246,-0.43014526,-1.9485474,1.776123
29247,-0.39886475,-1.9863892,1.7593384
29248,-0.37872314,-2.1177673,1.7227173
29249,-0.29312134,-2.2355652,1.6392517
29250,-0.21652222,-2.2735596,1.585083
29251,-0.15625,-2.2451782,1.6093445
29252,-0.11123657,-2.2546387,1.6932678
29253,-0.063476563,-2.3101807,1.7631531
29254,-0.045318604,-2.2935486,1.5617371
29255,-0.005645752,-2.3895264,1.5466309
29256,0.17715454,-2.494812,1.4675903
29257,0.14663696,-2.5292969,1.4199829
29258,0.10574341,-2.3554993,1.386261
29259,0.11413574,-2.4940491,1.2678528
29260,0.18600464,-2.4617004,1.3195801
29261,0.41091919,-2.3608398,1.1219788
29262,0.49102783,-2.3034668,1.1117554
29263,0.52322388,-2.3368835,1.0037231
29264,0.47561645,-2.3428345,1.0128784
29265,0.57220459,-2.4438477,1.0968018
29266,0.51391602,-2.3748779,0.91949463
29267,0.60180664,-2.406311,0.85662842
29268,0.57373047,-2.4180603,0.77392578
29269,0.56854248,-2.5061035,0.78872681
29270,0.81069946,-2.4932861,0.71960449
29271,0.79437256,-2.3199463,0.74111938
29272,0.93536377,-2.3579407,0.62332153
29273,0.95001221,-2.2935486,0.50201416
29274,0.87814331,-2.1810913,0.60729981
29275,0.88790894,-2.0913696,0.59143066
29276,0.91445923,-2.250061,0.50186157
29277,1.078186,-2.2114563,0.34866333
29278,1.2275696,-2.2900391,0.30151367
29279,1.1811829,-2.3104858,0.34637451
29280,1.0829163,-2.0977783,0.29296875
29281,1.126709,-2.0744324,0.15411377
29282,1.1231995,-1.9325256,0.093688965
29283,1.2210083,-1.9650269,0.075531006
29284,1.2518311,-1.9711304,-0.028381348
29285,1.3098145,-2.0426941,-0.15106201
29286,1.2556458,-2.0326233,-0.10879517
29287,1.2001038,-1.9729614,-0.47668457
29288,1.3670349,-1.7385864,-0.41488647
29289,1.3519287,-1.7422485,-0.32958984
29290,1.3023376,-1.6249084,-0.42785644
29291,1.3815308,-1.7652893,-0.35888672
29292,1.3134766,-1.7675781,-0.30853272
29293,1.411438,-1.6625977,-0.41305542
29294,1.4437866,-1.5403748,-0.4309082
29295,1.4381409,-1.4338684,-0.54733276
29296,1.4041138,-1.4604187,-0.61218262
29297,1.4163208,-1.3578796,-0.79055786
29298,1.3865662,-1.3475037,-0.85784912
29299,1.2792969,-1.3296509,-0.71472168
29300,1.2988281,-1.3473511,-0.79620361
29301,1.2207031,-1.2637329,-0.72677612
29302,1.3388062,-0.9928894,-0.87203979
29303,1.1422729,-1.0025024,-0.87768555
29304,1.3414001,-0.79162598,-1.0391235
29305,1.4666748,-0.65612793,-0.79925537
29306,1.3366699,-0.73318481,-1.0827637
29307,1.182251,-0.6930542,-1.2217712
29308,1.1865234,-0.62286377,-0.88363647
29309,1.224823,-0.58441162,-1.2652588
29310,1.146698,-0.6111145,-1.3011169
29311,0.99456787,-0.546875,-1.0971069
29312,1.104126,-0.53421021,-1.237793
29313,0.95458984,-0.46936035,-1.1149597
29314,0.9513855,-0.27160644,-1.1503601
29315,1.0263062,-0.23101807,-1.313324
29316,0.88272095,-0.27893066,-1.4012146
29317,0.89035034,-0.013580322,-1.3546753
29318,0.9916687,-0.017547607,-1.5103149
29319,0.74737549,-0.10360718,-1.3948059
29320,0.84487915,-0.17608643,-1.5646362
29321,0.76416016,-0.45593262,-1.4831543
29322,0.5670166,-0.82809448,-1.6178894
29323,0.6640625,0.17211914,-1.6566467
29324,0.68328857,0.15670776,-1.5272522
29325,0.69320679,0.35049439,-1.4677429
29326,0.61065674,0.38360596,-1.3513184
29327,0.59341431,0.40863037,-1.3551331
29328,0.60943603,0.44113159,-1.3819885
29329,0.51452637,0.59341431,-1.4143372
29330,0.4675293,0.67764282,-1.3720703
29331,0.40771484,0.73516846,-1.4350891
29332,0.33172607,0.64086914,-1.4077759
29333,0.31433106,0.63903809,-1.4006042
29334,0.21972656,0.66055298,-1.3493347
29335,0.037689209,0.79223633,-1.4605713
29336,0.10543823,0.88348389,-1.5242004
29337,0.008087158,0.87356567,-1.3572693
29338,-0.026702881,0.96588135,-1.3327026
29339,-0.19515991,0.92529297,-1.2548828
29340,-0.31478882,0.95123291,-1.1999512
29341,-0.30303955,1.0466003,-1.2191772
29342,-0.18280029,1.005249,-1.2174988
29343,-0.45211792,1.0275269,-1.2950134
29344,-0.40878296,1.0734558,-1.3642883
29345,-0.46707153,1.1039734,-1.1953735
29346,-0.51712036,1.2109375,-1.2521362
29347,-0.35430908,1.3847351,-1.1616516
29348,-0.67657471,1.4897156,-1.2615967
29349,-0.77056885,1.3726807,-1.1909485
29350,-0.6930542,1.39328,-1.242218
29351,-0.67687988,1.3917541,-0.99731445
29352,-0.92178345,1.3017273,-0.92391968
29353,-0.9060669,1.3446045,-0.89187622
29354,-1.0632324,1.3256836,-1.1065674
29355,-1.0795593,1.5266418,-0.91201782
29356,-1.1402893,1.472168,-0.83648682
29357,-1.1621094,1.2571716,-0.8013916
29358,-1.3009644,1.2135315,-0.55358887
29359,-1.4143372,1.1506653,-0.58074951
29360,-1.4642334,1.3722229,-0.53634644
29361,-1.4552307,1.3601685,-0.58456421
29362,-1.4164734,1.4416504,-0.5632019
29363,-1.37146,1.4819336,-0.4486084
29364,-1.4784241,1.4300537,-0.31951904
29365,-1.5234375,1.44104,-0.51925659
29366,-1.5380859,1.4550781,-0.28930664
29367,-1.734314,1.2580872,-0.40618897
29368,-1.7536926,1.2831116,-0.1550293
29369,-1.7193604,1.3803101,0.005645752
29370,-1.65802,1.5046692,-0.082092285
29371,-1.8615723,1.5496826,-0.001373291
29372,-1.7614746,1.4360046,0.021820068
29373,-1.9081116,1.4962769,0.10559082
29374,-1.9903564,1.245575,0.21240234
29375,-1.9052124,1.3232422,0.18432617
29376,-1.980896,1.1904907,0.17196655
29377,-2.0770264,1.2576294,0.16799927
29378,-2.0948792,1.1972046,0.43121338
29379,-2.1092224,1.138916,0.52764893
29380,-2.1328735,1.1975098,0.60470581
29381,-2.2344971,1.098175,0.52352905
29382,-2.0707703,1.1141968,0.49865723
29383,-2.2705078,0.96008301,0.51300049
29384,-2.1426392,1.0160828,0.55358887
29385,-2.2705078,0.87860107,0.71746826
29386,-2.3699951,0.8253479,0.703125
29387,-2.4256897,0.82733154,0.92453003
29388,-2.355957,0.79452515,0.87051392
29389,-2.3197937,0.72387695,0.80993652
29390,-2.2549438,0.70220947,0.83068848
29391,-2.3146057,0.70510864,0.96191406
29392,-2.318573,0.63217163,0.94436646
29393,-2.3126221,0.49880981,0.91094971
29394,-2.3277283,0.40130615,1.1569214
29395,-2.3464966,0.35934448,1.2904358
29396,-2.1214294,0.38314819,1.2794495
29397,-2.2019958,0.16937256,1.2979126
29398,-2.2894287,0.27069092,1.3827515
29399,-2.3693848,0.35903931,1.524353
29400,-2.3529053,0.2406311,1.4749146
29401,-2.2563171,0.031280518,1.5014648
29402,-2.3330688,-0.061645508,1.5856934
29403,-2.2825623,-0.23300171,1.5576172
29404,-2.2241211,-0.057067871,1.5722656
29405,-2.0935059,-0.19287109,1.7098999
29406,-2.202301,-0.22979736,1.622467
29407,-2.1537781,-0.26733398,1.7909241
29408,-2.0401001,-0.3074646,1.7156982
29409,-2.1641541,-0.49819946,1.7358398
29410,-2.2563171,-0.57281494,1.7448425
29411,-1.9247437,-0.49545288,1.8983459
29412,-2.0722961,-0.53909302,1.9480896
29413,-1.7114258,-0.68893433,2.0465088
29414,-2.0184326,-0.8164978,2.0379639
29415,-1.9854736,-0.89706421,1.9030762
29416,-1.9418335,-0.73928833,1.9116211
29417,-1.8081665,-0.72143555,2.0451355
29418,-1.8637085,-0.9223938,2.093811
29419,-1.6789246,-0.92346191,2.1472168
29420,-1.625061,-1.0365295,2.0594788
29421,-1.6314697,-1.2194824,2.1212769
29422,-1.612854,-1.2834167,2.0840454
29423,-1.4738464,-1.3043213,2.1246338
29424,-1.9590759,-1.4381409,2.2851563
29425,-1.6424561,-1.4091492,2.0861816
29426,-1.6430664,-1.3165283,2.1749878
29427,-1.4375305,-1.4111328,2.0846558
29428,-1.3702393,-1.4642334,1.9503784
29429,-1.4825439,-1.6197205,1.8586731
29430,-1.4056396,-1.6482544,1.99646
29431,-1.401825,-1.5930176,2.0292664
29432,-1.2898254,-2.0140076,1.897583
29433,-1.1972046,-1.8093872,1.9425964
29434,-1.1355591,-1.70578,2.0033264
29435,-1.1322021,-1.8907166,2.0202637
29436,-0.9715271,-1.856842,1.8911743
29437,-0.88165283,-1.8112183,2.0965576
29438,-0.85113525,-1.9604492,2.0483398
29439,-0.86166382,-2.0169067,1.8232727
29440,-0.69396973,-2.0005798,1.9491577
29441,-0.6338501,-1.9699097,1.9352722
29442,-0.51071167,-1.9511414,1.864624
29443,-0.48156738,-1.9894409,1.8199158
29444,-0.54351807,-2.0812988,1.8225098
29445,-0.49865723,-2.1665955,1.8797302
29446,-0.33416748,-2.2172546,1.607666
29447,-0.49346924,-2.2961426,1.6053772
29448,-0.20904541,-2.250061,1.5045166
29449,-0.20507813,-2.2171021,1.7016602
29450,-0.15594482,-2.2833252,1.6638184
29451,0.004272461,-2.2993469,1.6479492
29452,-0.06729126,-2.3869324,1.6777039
29453,0.004425049,-2.4232483,1.4700317
29454,0.10467529,-2.5709534,1.5338135
29455,0.20935059,-2.4659729,1.5003967
29456,0.21789551,-2.4960327,1.4897156
29457,0.25741577,-2.4821472,1.2922668
29458,0.44921875,-2.3271179,1.2612915
29459,0.35522461,-2.4787903,1.1270142
29460,0.46020508,-2.5254822,1.0595703
29461,0.40878296,-2.5042725,1.0943604
29462,0.55786133,-2.4394226,0.98312378
29463,0.4208374,-2.5039673,1.10672
29464,0.56182861,-2.3591614,0.98388672
29465,0.75149536,-2.5315857,1.0299683
29466,0.81069946,-2.5450134,0.80810547
29467,0.87478638,-2.5479126,0.84869385
29468,0.80734253,-2.7105713,0.74462891
29469,0.80856323,-2.559967,0.74462891
29470,0.74310303,-2.3094177,0.76660156
29471,0.92041016,-2.2299194,0.69046021
29472,0.990448,-2.3167419,0.53253174
29473,0.92529297,-2.1304321,0.59234619
29474,0.93353272,-2.2825623,0.41030884
29475,1.0348511,-2.3426819,0.31234741
29476,0.88623047,-2.2225952,0.26245117
29477,0.97686768,-2.1678162,0.20996094
29478,1.0829163,-2.1896362,0.18295288
29479,1.030426,-1.9654846,0.12466431
29480,1.28479,-2.0129395,0.13900757
29481,1.1877441,-2.1873474,0.06942749
29482,1.2898254,-2.0904541,0.15319824
29483,1.2301636,-2.0562744,0.010375977
29484,1.3517761,-1.9218445,0.031738281
29485,1.2597656,-1.8070984,-0.13671875
29486,1.4013672,-1.9206238,-0.16952515
29487,1.4341736,-1.7993164,-0.24108887
29488,1.3049316,-1.8692017,-0.26885986
29489,1.335907,-1.7619324,-0.41046143
29490,1.2507629,-1.7500305,-0.46478272
29491,1.2963867,-1.6786194,-0.52886963
29492,1.2809753,-1.6853333,-0.60592651
29493,1.2626648,-1.5391541,-0.5406189
29494,1.1663818,-1.57547,-0.49484253
29495,1.217041,-1.4456177,-0.65887451
29496,1.3209534,-1.5666199,-0.79772949
29497,1.4379883,-1.3464355,-0.82305908
29498,1.374054,-1.3421631,-0.92010498
29499,1.3356018,-1.1669922,-0.70678711
29500,1.3014221,-1.1264038,-0.86654663
29501,1.2870789,-1.2852478,-0.86853027
29502,1.2945557,-1.0317993,-1.0388184
29503,1.210022,-1.109314,-0.81558228
29504,1.3017273,-1.1801147,-0.99609375
29505,1.1196899,-0.8404541,-1.4208984
29506,1.1898804,-0.76843262,-0.98632813
29507,1.1677551,-0.71121216,-1.0650635
29508,1.1401367,-0.71975708,-1.1477661
29509,1.1447144,-0.62011719,-1.2556458
29510,1.1032104,-0.57189941,-1.2043762
29511,1.0113525,-0.40344238,-1.1392212
29512,1.0293579,-0.44128418,-1.260376
29513,0.91644287,-0.39474487,-1.1669922
29514,0.91094971,-0.38299561,-1.2042236
29515,0.87738037,-0.1499939,-1.1825562
29516,0.80749512,-0.32928467,-1.1175537
29517,0.97900391,-0.14312744,-1.2202454
29518,0.8644104,-0.11138916,-1.2469482
29519,0.73944092,0.010986328,-1.2709045
29520,0.71029663,-0.96176147,-1.4370728
29521,0.71121216,-0.5632019,-1.5016174
29522,0.68084717,0.35522461,-1.5632629
29523,0.70022583,0.28213501,-1.5414429
29524,0.69595337,0.1675415,-1.5162659
29525,0.61416626,0.2607727,-1.3917541
29526,0.59417725,0.19744873,-1.3969421
29527,0.52734375,0.39123535,-1.3804626
29528,0.38208008,0.34790039,-1.5812683
29529,0.3805542,0.13275147,-1.4805603
29530,0.27496338,0.33843994,-1.4794922
29531,0.16403198,0.55114746,-1.5283203
29532,0.059509277,0.53771973,-1.3375854
29533,0.16052246,0.31784058,-1.3612366
29534,0.10482788,0.50003052,-1.5040588
29535,-0.015563965,0.59524536,-1.463623
29536,-0.12374878,0.67321777,-1.4538574
29537,-0.1083374,0.81207275,-1.3899231
29538,-0.20858765,0.93154907,-1.5226746
29539,-0.1335144,0.75759888,-1.3041687
29540,-0.259552,0.87844849,-1.272583
29541,-0.24108887,1.0539246,-1.1486816
29542,-0.32699585,1.1314392,-1.121521
29543,-0.35247803,1.2341309,-1.1962891
29544,-0.54626465,1.2312317,-0.97335815
29545,-0.5545044,1.1978149,-0.87585449
29546,-0.59692383,1.2290955,-0.96954346
29547,-0.703125,1.2127686,-0.94787598
29548,-0.6968689,1.2319946,-0.95855713
29549,-0.69747925,1.2011719,-0.90805054
29550,-0.76034546,1.2251282,-0.89233398
29551,-0.95962524,1.3601685,-0.81542969
29552,-0.87890625,1.2861633,-0.74188232
29553,-0.81604004,1.4079285,-0.89584351
29554,-0.85647583,1.390686,-0.81863403
29555,-0.96633911,1.3275146,-0.78445435
29556,-1.0784912,1.3267517,-0.70632935
29557,-1.1857605,1.3475037,-0.64086914
29558,-1.2991333,1.4303589,-0.57098389
29559,-1.2988281,1.360321,-0.67474365
29560,-1.2588501,1.3800049,-0.39993286
29561,-1.2689209,1.5124512,-0.17044067
29562,-1.4100647,1.4474487,-0.259552
29563,-1.4588928,1.3037109,-0.41107178
29564,-1.5769959,1.0954285,-0.44692993
29565,-1.554718,1.3253784,-0.23666382
29566,-1.7100525,1.3995361,-0.24871826
29567,-1.6564941,1.4782715,-0.23651123
29568,-1.7214966,1.3116455,-0.32104492
29569,-1.7460632,1.2234497,-0.095214844
29570,-1.8156433,1.4360046,0.21255493
29571,-1.9206238,1.3783264,-0.29037476
29572,-1.8611145,1.2788391,-0.006713867
29573,-1.8901062,1.1994934,0.13763428
29574,-1.8452454,1.1462402,0.28030395
29575,-1.8455505,1.1979675,0.31433106
29576,-1.9013977,1.1392212,0.43869019
29577,-1.809082,1.1175537,0.43609619
29578,-1.9750977,1.0206604,0.3213501
29579,-1.9317627,0.85021973,0.40481567
29580,-1.8922424,1.0746765,0.76553345
29581,-1.9915771,1.2142944,0.47454834
29582,-2.0413208,1.1013794,0.69961548
29583,-2.0352173,0.9564209,0.77163696
29584,-2.0663452,0.84594727,0.80825806
29585,-2.048645,0.84793091,0.92926025
29586,-2.0556641,0.73944092,1.0289001
29587,-2.098999,0.68054199,1.1123657
29588,-2.0585632,0.51467896,1.1257935
29589,-2.0759583,0.61141968,1.0871887
29590,-2.0552063,0.50506592,1.0618591
29591,-2.1713257,0.42251587,0.96679688
29592,-2.0516968,0.45501709,1.0202026
29593,-2.1803284,0.33828735,0.96984863
29594,-2.2241211,0.23330688,1.053009
29595,-2.2013855,0.36773682,1.0641479
29596,-2.2476196,0.30670166,1.277771
29597,-2.0903015,0.21118164,1.3020325
29598,-2.2895813,0.023040771,1.1422729
29599,-2.2244263,0.10681152,1.2971497
29600,-2.2032166,0.027008057,1.4100647
29601,-2.1104431,0.028381348,1.5234375
29602,-2.1217346,-0.02456665,1.4933777
29603,-1.958313,-0.13320923,1.6552734
29604,-2.1485901,-0.081787109,1.6856384
29605,-2.1385193,-0.32943726,1.6000366
29606,-2.069397,-0.35491943,1.6317749
29607,-1.9036865,-0.39489746,1.6339111
29608,-1.905365,-0.3288269,1.633606
29609,-1.9906616,-0.47607422,1.6854858
29610,-2.0233154,-0.5947876,1.8045044
29611,-1.8026733,-0.6086731,1.7526245
29612,-1.9068909,-0.57983398,1.7115784
29613,-1.8499756,-0.71777344,1.9085693
29614,-1.8743896,-0.66375732,1.8170166
29615,-1.6418457,-0.81970215,1.932373
29616,-1.5724182,-0.88378906,1.9923401
29617,-1.7501831,-0.96313477,1.9689941
29618,-1.6007996,-1.1151123,1.9558716
29619,-1.68396,-1.2373352,1.9355774
29620,-1.4915466,-1.1328125,1.7277527
29621,-1.5830994,-1.2281799,1.7654419
29622,-1.5904236,-1.2733459,1.736908
29623,-1.6339111,-1.4622498,1.7565918
29624,-1.3113403,-1.4755249,1.8345642
29625,-1.4903259,-1.4535522,1.8572998
29626,-1.4378357,-1.4863586,1.8849182
29627,-1.2805176,-1.6688538,1.7556763
29628,-1.164093,-1.7900085,1.8190002
29629,-1.114502,-1.6751099,2.0179749
29630,-0.94543457,-1.6044617,2.0896912
29631,-0.87799072,-1.5696716,2.1257019
29632,-0.88623047,-1.5338135,2.1304321
29633,-1.0412598,-1.6644287,2.0126343
29634,-0.74035644,-1.6714478,1.9404602
29635,-0.75378418,-1.7807007,1.7488098
29636,-0.66436768,-1.7675781,1.993103
29637,-0.73226929,-1.8841553,1.9645691
29638,-0.7220459,-2.0021057,1.9465637
29639,-0.5657959,-2.1549988,1.7713928
29640,-0.48538208,-2.0799255,1.7982483
29641,-0.49911499,-2.1859741,1.8074036
29642,-0.43701172,-2.144165,1.8373108
29643,-0.41625977,-1.9316101,1.8041992
29644,-0.35751343,-2.0819092,1.5881348
29645,-0.35629272,-1.9958496,1.57547
29646,-0.29449463,-1.73172,1.590271
29647,-0.13122559,-2.2570801,1.5441895
29648,-0.18920898,-1.7129517,1.5335083
29649,-0.058441162,-2.2711182,1.4718628
29650,-0.013885498,-2.3564148,1.476593
29651,0.004577637,-1.9148254,1.4437866
29652,0.074768066,-2.1775818,1.4045715
29653,0.17272949,-2.355957,1.4672852
29654,0.13870239,-2.3007202,1.4067078
29655,0.24658203,-2.2792053,1.3394165
29656,0.34912109,-2.2766113,1.3052368
29657,0.38665772,-2.3025513,1.04599
29658,0.42617798,-2.3780823,1.1813354
29659,0.48049927,-2.3771667,1.1561584
29660,0.40771484,-2.4153137,0.98144531
29661,0.43502808,-2.3490906,0.90423584
29662,0.55389404,-2.482605,0.8883667
29663,0.62789917,-2.3910522,0.93154907
29664,0.63369751,-2.3982239,0.80322266
29665,0.77438354,-2.4255371,0.79071045
29666,0.82122803,-2.3554993,0.74371338
29667,0.83450317,-2.2631836,0.66116333
29668,0.8442688,-2.1772766,0.69915772
29669,0.69366455,-2.035675,0.65444946
29670,0.76324463,-2.2128296,0.58105469
29671,0.85723877,-2.0013428,0.50613403
29672,0.96786499,-1.5071106,0.29846191
29673,0.84320068,-0.95474243,0.31066894
29674,0.83251953,-1.3143921,0.31143189
29675,1.0481262,-1.8817139,0.11383057
29676,1.1434937,-2.043457,0.15731812
29677,1.270752,-1.7056274,0.087280273
29678,1.0136414,-1.9134521,-0.099334717
29679,1.1488342,-1.8005371,0.050506592
29680,1.0957336,-1.8318176,-0.2079773
29681,1.346283,-1.6822815,0.012512207
29682,1.1593628,-1.2478638,-0.15487671
29683,1.0116577,-0.98342896,-0.20111084
29684,1.15448,-0.86669922,-0.18386841
29685,1.0391235,-0.8757019,-0.25054932
29686,1.1430359,-1.5150452,-0.33966064
29687,1.2174988,-1.6229248,-0.20080566
29688,1.227417,-1.524353,-0.37292481
29689,1.0916138,-1.5582275,-0.55938721
29690,1.2802124,-1.4118958,-0.52093506
29691,1.2213135,-1.4117432,-0.52490234
29692,1.179657,-1.4126587,-0.56243897
29693,1.0749817,-1.2554932,-0.52352905
29694,1.0884094,-1.3322449,-0.68099976
29695,1.126709,-1.2387085,-0.69641113
29696,1.1927795,-0.94192505,-0.68267822
29697,1.2187195,-0.87860107,-0.77957153
29698,1.2556458,-0.78338623,-0.84762573
29699,1.2550354,-0.90316772,-0.77911377
29700,1.1764526,-0.90332031,-0.97259522
29701,1.2123108,-0.89828491,-0.88272095
29702,1.1769104,-0.77178955,-0.86471558
29703,1.1332703,-0.7901001,-1.0317993
29704,1.1051941,-0.63186646,-1.0676575
29705,1.096344,-0.56991577,-1.0998535
29706,1.0873413,-0.54367065,-1.0942078
29707,1.0305786,-0.59921265,-1.1161804
29708,0.97137451,0.8821106,-1.2199402
29709,1.0824585,0.87219238,-1.1247253
29710,0.8895874,0.42709351,-1.2689209
29711,0.9135437,-0.21896362,-1.2475586
29712,0.94787598,-0.27252197,-1.2207031
29713,0.8013916,-0.11123657,-1.2110901
29714,0.69793701,-0.15625,-1.305542
29715,0.76538086,-0.099487305,-1.3348389
29716,0.63949585,0.34011841,-1.3182068
29717,0.66864014,0.89065552,-1.394043
29718,0.69473267,0.78979492,-1.5707397
29719,0.59539795,1.2225342,-1.5307617
29720,0.50460815,0.730896,-1.5658569
29721,0.37200928,0.7093811,-1.3916016
29722,0.36758423,0.4045105,-1.2411499
29723,0.3477478,0.59234619,-1.2918091
29724,0.41442871,0.47119141,-1.3226318
29725,0.32592773,0.5078125,-1.2719727
29726,0.22735596,0.59036255,-1.2268066
29727,0.34210205,0.61828613,-1.3278198
29728,0.10696411,0.62591553,-1.3078308
29729,-0.009613037,0.67626953,-1.4685059
29730,-0.024719238,0.72753906,-1.2405396
29731,0.000457764,0.74874878,-1.3188171
29732,-0.062103271,1.2054443,-1.1453247
29733,-0.12008667,1.9593811,-1.1477661
29734,-0.10894775,1.5834045,-1.0844421
29735,-0.23040772,0.99731445,-1.2541199
29736,-0.2355957,0.82763672,-1.1938477
29737,-0.26092529,0.67428589,-1.1125183
29738,-0.28579712,0.76782227,-1.1920166
29739,-0.23773193,0.85540772,-1.1224365
29740,-0.41687012,0.85571289,-1.1390686
29741,-0.57037353,0.85037231,-1.0644531
29742,-0.67428589,0.71456909,-1.1157227
29743,-0.76889038,0.95535278,-1.0079956
29744,-0.67321777,0.91567993,-0.89004517
29745,-0.56671143,0.96221924,-0.97076416
29746,-0.71090698,0.92559815,-0.76019287
29747,-0.81924438,1.2654114,-0.93505859
29748,-0.70068359,1.1451721,-0.77850342
29749,-0.88592529,1.0322571,-0.77484131
29750,-0.8517456,1.2423706,-0.62347412
29751,-1.0600281,1.2997437,-0.60516357
29752,-1.0464478,1.2550354,-0.47576904
29753,-1.2739563,1.631012,-0.81100464
29754,-1.0665894,2.6014709,-0.57785034
29755,-1.3090515,2.227478,-0.33660889
29756,-1.2358093,1.5937805,-0.52352905
29757,-1.2297058,1.2536621,-0.57525635
29758,-1.2870789,1.2518311,-0.56716919
29759,-1.3899231,0.83312988,-0.64498901
29760,-1.5113831,1.0995483,-0.29510498
29761,-1.541748,0.92895508,-0.2482605
29762,-1.6441345,1.2322998,-0.27709961
29763,-1.5922546,1.2184143,-0.13442993
29764,-1.5458679,1.1988831,-0.045776367
29765,-1.7347717,1.1863709,-0.33050537
29766,-1.5292358,1.1126709,-0.019836426
29767,-1.6711426,0.93536377,0.023803711
29768,-1.7269897,1.0636902,0.15960693
29769,-1.7196655,1.0372925,0.15411377
29770,-1.6978455,1.0542297,0.13916016
29771,-1.640625,1.0369873,0.44784546
29772,-1.6737366,1.0720825,0.30151367
29773,-1.7666626,0.98083496,0.37353516
29774,-1.7182922,1.0107422,0.43121338
29775,-1.7643738,0.93032837,0.49499512
29776,-1.816864,0.85250854,0.53237915
29777,-1.9352722,0.57861328,0.57022095
29778,-1.7977905,0.73181152,0.71365356
29779,-1.9004822,0.70983887,0.67596435
29780,-1.9384766,0.60775757,0.82763672
29781,-1.9267273,0.46112061,0.70510864
29782,-2.0739746,0.34194946,0.77636719
29783,-2.0048523,0.48370361,0.70709228
29784,-2.0811462,0.38131714,0.77545166
29785,-2.2027588,0.59234619,0.72509766
29786,-2.0913696,0.47653198,0.94711304
29787,-2.1595764,0.39047241,1.0427856
29788,-1.9654846,0.43640137,1.1325073
29789,-2.1478271,0.25161743,1.1386108
29790,-2.0808411,0.33325195,0.96191406
29791,-2.1165466,0.18356323,1.0638428
29792,-1.9436646,0.23483276,1.2782288
29793,-2.1525574,0.18569946,1.3641357
29794,-2.1113586,-0.072631836,1.2554932
29795,-2.0677185,-0.11474609,1.3110352
29796,-1.9189453,-0.13305664,1.506958
29797,-2.1791077,-0.17944336,1.3607788
29798,-2.0011902,-0.35949707,1.4538574
29799,-1.9760132,-0.50598144,1.2849426
29800,-2.0500183,-0.70877075,1.4717102
29801,-1.9189453,-0.57952881,1.5525818
29802,-1.8533325,-0.57785034,1.6764832
29803,-1.8528748,-0.83908081,1.6143799
29804,-1.9792175,-1.0522461,1.6320801
29805,-1.8617249,-0.98937988,1.7097473
29806,-1.7977905,-1.0273743,1.6564941
29807,-1.8664551,-1.3034058,1.8502808
29808,-1.8974304,-1.1355591,1.7425537
29809,-1.8226624,-1.1680603,1.7887878
29810,-1.8028259,-1.1099243,1.7971802
29811,-1.7959595,-1.1601257,1.685791
29812,-1.7755127,-1.5350342,1.9844055
29813,-1.7694092,-1.5927124,1.7303467
29814,-1.6415405,-1.8782043,1.8762207
29815,-1.7025757,-1.4390564,1.7164612
29816,-1.5013123,-1.8757629,1.8304443
29817,-1.5597534,-1.5003967,1.8609619
29818,-1.3883972,-1.7446899,1.4358521
29819,-1.4385986,-1.4472961,1.7964172
29820,-1.4831543,-1.5634155,1.8545532
29821,-1.5977478,-1.6101074,1.8196106
29822,-1.2767029,-1.5637207,1.945343
29823,-1.3015747,-1.65802,1.8850708
29824,-1.1793518,-1.5567017,1.8856812
29825,-1.0287476,-1.8240356,1.9396973
29826,-0.96054077,-1.8086243,1.8170166
29827,-0.98724365,-1.8505859,1.9528198
29828,-0.8908081,-1.7475891,1.8405151
29829,-0.81588745,-1.756897,1.9374084
29830,-0.80703735,-1.8960571,1.8980408
29831,-0.75576782,-1.9715881,1.7710876
29832,-0.67611694,-1.966095,1.5574646
29833,-0.62530518,-1.8748474,1.6584778
29834,-0.55328369,-1.4826965,1.673584
29835,-0.60165405,-1.2814331,1.6778564
29836,-0.53161621,-1.9908142,1.4511108
29837,-0.42236328,-2.1643066,1.6697693
29838,-0.39199829,-2.1878052,1.5148926
29839,-0.29937744,-2.1226501,1.6499329
29840,-0.30334473,-2.0579529,1.5937805
29841,-0.22659302,-2.0739746,1.6143799
29842,-0.30181885,-2.1490479,1.6018677
29843,-0.17852783,-2.1542358,1.5899658
29844,-0.09979248,-2.379303,1.5315247
29845,0.087890625,-2.298584,1.5003967
29846,-0.13427734,-2.4046326,1.5393066
29847,0.017089844,-2.5906372,1.3916016
29848,0.052490234,-2.3681641,1.5718079
29849,0.051879883,-2.4760437,1.2615967
29850,0.13412476,-2.3724365,1.3095093
29851,0.18676758,-2.5108337,1.2136841
29852,0.27191162,-2.3881531,0.97076416
29853,0.32485962,-2.4919128,1.0940552
29854,0.40405273,-2.3599243,1.0041809
29855,0.25604248,-2.4179077,0.86837769
29856,0.3062439,-1.9458008,0.78674316
29857,0.46295166,-2.2410583,0.730896
29858,0.48217773,-2.3908997,0.82290649
29859,0.50811768,-1.7736816,0.70068359
29860,0.67398071,-2.3674011,0.8706665
29861,0.61767578,-2.265625,0.66497803
29862,0.65093994,-2.376709,0.64331055
29863,0.74172974,-2.2953796,0.56045532
29864,0.61523438,-2.3480225,0.45257568
29865,0.74005127,-2.2355652,0.44738769
29866,0.84518433,-2.2026062,0.42129517
29867,0.91979981,-2.4104309,0.35003662
29868,0.82214356,-2.1585083,0.22689819
29869,0.81695557,-2.1191406,0.34942627
29870,0.82473755,-2.3069763,0.4826355
29871,0.87112427,-1.9067383,0.20401001
29872,0.98892212,-2.2119141,0.15014648
29873,1.1323547,-2.0739746,0.22903442
29874,1.1099243,-2.0648193,0.03112793
29875,1.0848999,-1.8939209,0.010223389
29876,1.0961914,-1.6940308,-0.13137817
29877,1.1755371,-1.7041016,-0.12039185
29878,1.2020874,-1.9644165,-0.16464233
29879,1.0774231,-1.8684387,-0.38391113
29880,1.2294006,-1.754303,-0.22109985
29881,1.05896,-1.8377686,-0.14968872
29882,1.1419678,-2.179718,-0.27648926
29883,1.1561584,-1.9180298,-0.40710449
29884,1.3269043,-1.544342,-0.43395996
29885,1.2243652,-1.8347168,-0.50796509
29886,1.1384583,-1.6134644,-0.6413269
29887,1.0464478,-1.7141724,-0.64437866
29888,1.0920715,-1.5567017,-0.63430786
29889,0.97488403,-1.1357117,-0.4548645
29890,1.1035156,-0.65231323,-0.63400269
29891,1.043396,-1.0636902,-0.77575684
29892,1.0658264,-0.90988159,-0.86593628
29893,1.1531067,-0.60165405,-0.82641602
29894,1.0379028,-0.52093506,-1.0032654
29895,1.0403442,-0.58731079,-0.81054688
29896,0.99472046,-0.72799683,-0.83465576
29897,1.0890198,-0.54031372,-1.0658264
29898,1.0690308,-0.51651001,-1.1325073
29899,0.93200684,-0.69717407,-1.0606384
29900,0.8706665,-0.49468994,-1.0679626
29901,0.96755981,-0.61798096,-1.1598206
29902,0.8883667,-0.57632446,-0.98602295
29903,0.91842651,-0.47302246,-0.99945068
29904,0.97686768,-0.4750061,-1.164856
29905,0.81207275,-0.28549194,-1.0876465
29906,0.74172974,-0.30578613,-1.1262512
29907,0.81695557,-0.3086853,-1.257782
29908,0.73181152,-0.20874023,-1.1932373
29909,0.69854736,-0.20843506,-1.2091064
29910,0.66116333,0.007629395,-1.1929321
29911,0.53909302,-0.057373047,-1.2382507
29912,0.6086731,-0.15716553,-1.0850525
29913,0.44387817,-0.28442383,-1.3920593
29914,0.48843384,0.020599365,-1.3583374
29915,0.44723511,-0.068969727,-1.2411499
29916,0.5128479,0.18341065,-1.3214111
29917,0.38543701,0.27801514,-1.1990356
29918,0.39489746,0.32745361,-1.3095093
29919,0.37368774,0.35354614,-1.3650513
29920,0.31280518,0.32348633,-1.2478638
29921,0.26931763,0.26473999,-1.2414551
29922,0.097351074,0.32043457,-1.1875916
29923,0.047454834,0.83007813,-1.2704468
29924,-0.045471191,0.74508667,-1.4491272
29925,-0.11047363,0.5027771,-1.2982178
29926,-0.081634521,0.34484863,-1.1691284
29927,-0.21530151,0.4699707,-1.2127686
29928,-0.10314941,0.69900513,-1.190033
29929,-0.1121521,0.48965454,-1.2011719
29930,-0.41275024,0.28244019,-1.0359192
29931,-0.28747559,0.74157715,-1.0986328
29932,-0.40481567,0.7925415,-1.0687256
29933,-0.39642334,0.90393066,-0.93078613
29934,-0.43457031,0.98876953,-0.95611572
29935,-0.57800293,1.0856628,-0.92315674
29936,-0.57067871,1.0327148,-0.86730957
29937,-0.6173706,1.0958862,-0.75897217
29938,-0.63598633,1.0270691,-0.76461792
29939,-0.72906494,0.94146728,-0.88439941
29940,-0.8265686,0.92910767,-0.83221435
29941,-0.8140564,1.0916138,-0.78186035
29942,-0.90682983,1.1120605,-0.84716797
29943,-1.0209656,1.1203003,-0.6312561
29944,-1.1054993,1.0476685,-0.52398682
29945,-1.0749817,1.1123657,-0.67443848
29946,-1.1428833,1.0067749,-0.55953979
29947,-1.2106323,1.0519409,-0.58532715
29948,-1.2164307,1.0473633,-0.55877685
29949,-1.3168335,1.1125183,-0.5430603
29950,-1.2634277,1.1193848,-0.35095215
29951,-1.3539124,1.0406494,-0.19241333
29952,-1.4544678,1.1099243,-0.40039063
29953,-1.4363098,1.0972595,-0.16067505
29954,-1.4656067,1.026001,-0.13977051
29955,-1.5170288,0.71090698,-0.32913208
29956,-1.6415405,0.93093872,-0.18875122
29957,-1.4645386,1.7420959,0.058898926
29958,-1.5986633,1.1636353,-0.040130615
29959,-1.6281128,1.0997009,0.14083862
29960,-1.661377,1.1320496,0.13061523
29961,-1.7366028,1.1694336,0.22460938
29962,-1.7385864,1.103363,0.25650024
29963,-1.6647339,1.0803223,0.15914917
29964,-1.7797852,0.86517334,0.27908325
29965,-1.9689941,0.92132568,0.46646118
29966,-1.9049072,1.033783,0.46569824
29967,-1.9630432,0.93795776,0.51757813
29968,-1.9689941,0.92407227,0.50201416
29969,-1.8539429,0.99533081,0.51589966
29970,-1.9676209,0.94100952,0.63446045
29971,-1.9493103,0.84899902,0.70159912
29972,-2.0144653,0.85586548,0.77209473
29973,-2.0135498,0.81115723,0.69747925
29974,-1.9743347,0.74493408,0.7913208
29975,-2.097168,0.88989258,0.95321655
29976,-2.1208191,0.73852539,1.0514832
29977,-2.0608521,0.50582886,0.88378906
29978,-1.9525146,0.68664551,1.0246277
29979,-2.1409607,0.44464111,0.90911865
29980,-2.1882629,0.60806274,1.0435486
29981,-2.2094727,0.49072266,1.1207581
29982,-2.0632935,-0.020141602,1.1216736
29983,-2.0845032,-0.045013428,1.1891174
29984,-2.1498108,0.043945313,1.3053894
29985,-2.0690918,-0.54016113,1.25
29986,-1.9430542,-0.19378662,1.4851379
29987,-2.0428467,-0.21392822,1.0931396
29988,-1.9415283,-0.38925171,1.341095
29989,-2.0953369,-0.66757202,1.3241577
29990,-1.9857788,-0.64926147,1.4541626
29991,-1.9146729,-0.19805908,1.5718079
29992,-1.9862366,-0.63491821,1.2895203
29993,-2.0707703,-0.1701355,1.579895
29994,-2.0581055,-0.096130371,1.5531921
29995,-2.0217896,-0.52947998,1.7108154
29996,-1.9871521,-0.20980835,1.6911316
29997,-1.857605,-0.62316894,1.8626404
29998,-1.8200684,-0.60333252,1.6862488
29999,-1.8740845,-0.38528442,1.6955566
30000,-1.9126892,-0.44845581,1.7048645
30001,-1.9035339,-0.46417236,1.5631104
30002,-1.7385864,-0.74386597,1.8159485
30003,-1.804657,-0.82977295,1.6934204
30004,-1.6174316,-0.71502685,1.8743896
30005,-1.7539978,-0.95733643,1.5602112
30006,-1.7222595,-0.99258423,1.7221069
30007,-1.5234375,-0.91522217,1.8678284
30008,-1.6069031,-0.95550537,1.7268372
30009,-1.4875793,-1.2954712,2.0887756
30010,-1.5795898,-1.2188721,1.7610168
30011,-1.4846802,-1.647644,1.9114685
30012,-1.3104248,-1.9319153,2.0623779
30013,-1.4543152,-1.2065125,1.9343567
30014,-1.348114,-1.8157959,2.0451355
30015,-1.2548828,-1.7611694,1.7327881
30016,-1.2080383,-1.8145752,1.9274902
30017,-1.1044312,-2.0756531,2.1697998
30018,-1.1172485,-2.3768616,1.8103027
30019,-1.1177063,-2.5094604,1.7687988
30020,-1.0510254,-2.6895142,1.77948
30021,-1.1322021,-2.6379395,1.4265442
30022,-1.0293579,-2.1513367,1.8917847
30023,-0.89859009,-1.7303467,1.7881775
30024,-0.85540772,-1.807251,1.8052673
30025,-0.81893921,-1.8719482,1.9436646
30026,-0.64193726,-1.9352722,1.7242432
30027,-0.60333252,-1.9049072,1.776886
30028,-0.44754028,-1.8344116,1.7617798
30029,-0.57540894,-1.9801331,1.7582703
30030,-0.57922363,-2.0028687,1.7150879
30031,-0.47729492,-1.98349,1.6264343
30032,-0.43319702,-2.1446228,1.6798401
30033,-0.38009644,-2.144165,1.6734314
30034,-0.3994751,-2.2428894,1.6572571
30035,-0.21514893,-2.2067261,1.5240479
30036,-0.13763428,-2.2122192,1.6642761
30037,-0.10986328,-2.2106934,1.607666
30038,-0.026092529,-2.1856689,1.5171814
30039,-0.051727295,-2.278595,1.4321899
30040,0.046386719,-2.3731995,1.3146973
30041,0.15167236,-2.4162292,1.2197876
30042,0.24871826,-2.3962402,1.2185669
30043,0.26123047,-2.3913574,1.1308289
30044,0.259552,-2.3594666,1.1602783
30045,0.31234741,-2.3216248,1.1346436
30046,0.42907715,-2.2315979,1.1364746
30047,0.53268433,-2.2525024,1.0839844
30048,0.52551269,-2.2113037,1.1207581
30049,0.54275513,-2.310791,1.0539246
30050,0.597229,-2.2395325,1.1424255
30051,0.63293457,-2.6130676,0.89675903
30052,0.64422607,-2.480011,0.85266113
30053,0.64605713,-2.8178406,0.84533691
30054,0.73745728,-2.6397705,0.79421997
30055,0.77255249,-2.592926,0.67321777
30056,0.87722778,-2.5028992,0.58563232
30057,0.89920044,-2.3445129,0.62194824
30058,0.85922241,-2.2644043,0.67626953
30059,0.83633423,-1.9908142,0.57220459
30060,0.85128784,-1.9667053,0.49163818
30061,0.92193603,-2.0773315,0.50842285
30062,1.0241699,-2.1040344,0.38757324
30063,1.0160828,-2.021637,0.25009155
30064,0.96237183,-2.1199036,0.15304565
30065,1.035614,-2.0542908,0.31585693
30066,1.0871887,-2.0159912,0.11611939
30067,1.1050415,-2.0983887,0.095214844
30068,1.1250305,-2.0124817,-0.001678467
30069,1.2284851,-1.8911743,0.085906982
30070,1.0269165,-1.7288208,-0.15975952
30071,1.2478638,-1.8658447,-0.340271
30072,1.2518311,-1.8788147,-0.38131714
30073,1.4144897,-1.7492676,-0.4208374
30074,1.2283325,-1.7001343,-0.2684021
30075,1.2922668,-1.5586853,-0.31890869
30076,1.2559509,-1.7485046,-0.25939941
30077,1.2574768,-1.7906189,-0.42037964
30078,1.2731934,-1.6551209,-0.37109375
30079,1.1804199,-1.4779663,-0.53604126
30080,1.2481689,-1.3349915,-0.59051514
30081,1.2353516,-1.362915,-0.44952393
30082,1.360321,-1.4004517,-0.72158813
30083,1.3537598,-1.1547852,-0.52093506
30084,1.237793,-1.2890625,-0.60668945
30085,1.1999512,-1.0585022,-0.65612793
30086,1.2182617,-1.1335754,-0.80337524
30087,1.3619995,-1.2315369,-0.78704834
30088,1.2281799,-1.1100769,-0.67001343
30089,1.1470032,0.54031372,-0.91720581
30090,1.0900879,-0.81939697,-0.83801269
30091,1.136322,-0.62011719,-1.065979
30092,1.1665344,-0.70541382,-0.92697144
30093,1.108551,-0.73013306,-0.89157104
30094,1.083374,-0.66192627,-1.0362244
30095,1.0777283,-0.59646606,-1.0046387
30096,1.0070801,-0.45425415,-1.0714722
30097,0.97518921,-0.49484253,-1.1914063
30098,0.84899902,-0.49468994,-1.0018921
30099,1.0018921,-0.54840088,-1.191864
30100,0.92926025,-0.38101196,-1.1621094
30101,0.85021973,-0.10238648,-1.2486267
30102,1.0092163,-0.13763428,-1.2736511
30103,0.77041626,-0.21347046,-1.1552429
30104,0.78048706,-0.15472412,-1.3858032
30105,0.78079224,-0.12695313,-1.2767029
30106,0.65139771,-0.23788452,-1.4450073
30107,0.60714722,-0.15197754,-1.468811
30108,0.64651489,0.13565063,-1.456604
30109,0.49636841,0.11978149,-1.4271545
30110,0.51651001,0.32394409,-1.2774658
30111,0.51071167,0.19607544,-1.4291382
30112,0.54107666,0.24520874,-1.3624573
30113,0.4888916,0.27008057,-1.2312317
30114,0.33340454,0.3994751,-1.3531494
30115,0.30975342,0.55419922,-1.3316345
30116,0.35812378,0.57449341,-1.4149475
30117,0.24398804,0.6552124,-1.4251709
30118,0.13153076,0.77301025,-1.3569641
30119,0.11886597,0.77880859,-1.1819458
30120,0.029449463,0.91262817,-1.3580322
30121,-0.13412476,0.83877563,-1.3656616
30122,-0.18508911,0.96389771,-1.1964416
30123,-0.15457153,0.83633423,-1.2954712
30124,-0.22293091,1.0244751,-1.1546326
30125,-0.24597168,0.91094971,-1.2254334
30126,-0.34378052,0.87539673,-1.3383484
30127,-0.32180786,1.0188293,-1.2208557
30128,-0.50720215,1.0011291,-1.1766052
30129,-0.5607605,1.1338806,-1.1730957
30130,-0.56365967,1.1801147,-1.254425
30131,-0.44326782,1.2255859,-1.1384583
30132,-0.56243897,1.187439,-1.1257935
30133,-0.71655273,1.1341858,-1.0131836
30134,-0.7572937,1.1735535,-0.88241577
30135,-0.82748413,1.1192322,-0.76782227
30136,-0.93719482,1.1564636,-0.75027466
30137,-0.82305908,1.2985229,-0.80764771
30138,-0.90393066,1.2042236,-0.81893921
30139,-1.076355,1.3305664,-0.80261231
30140,-1.0533142,1.2088013,-0.6338501
30141,-1.1032104,1.2158203,-0.60363769
30142,-1.2113953,1.2176514,-0.65536499
30143,-1.2304688,1.2509155,-0.61248779
30144,-1.3079834,1.2028503,-0.5909729
30145,-1.3902283,1.3368225,-0.48782349
30146,-1.4886475,1.3430786,-0.3503418
30147,-1.5129089,1.3803101,-0.30685425
30148,-1.5177917,1.1097717,-0.25405884
30149,-1.6799927,1.1776733,-0.26977539
30150,-1.6802979,1.4453125,-0.16052246
30151,-1.6081238,1.1407471,-0.039215088
30152,-1.9465637,0.88424683,-0.35583496
30153,-1.8281555,0.96618652,-0.059967041
30154,-1.8574524,0.86608887,0.028076172
30155,-1.8157959,2.2419739,0.082702637
30156,-1.8585205,1.1743164,0.13671875
30157,-1.7993164,1.2350464,0.1260376
30158,-1.7840576,1.260376,0.12069702
30159,-1.9358826,1.151886,0.34042358
30160,-1.975708,1.1514282,0.33248901
30161,-2.1334839,0.98587036,0.40893555
30162,-2.0429993,1.0073853,0.37139893
30163,-2.0245361,1.0876465,0.34637451
30164,-2.0141602,1.0696411,0.53756714
30165,-2.0927429,0.91217041,0.48599243
30166,-2.0735168,0.88027954,0.35125732
30167,-2.1435547,1.0467529,0.599823
30168,-2.0161438,0.92529297,0.60256958
30169,-2.0227051,0.77026367,0.71609497
30170,-2.0072937,0.84197998,0.831604
30171,-2.0855713,0.62332153,0.8908081
30172,-2.0812988,0.80322266,0.83801269
30173,-2.1386719,0.73608398,0.83282471
30174,-2.1069336,0.62606812,1.0133362
30175,-2.2050476,0.49926758,1.0830688
30176,-2.290802,0.53665161,1.1207581
30177,-2.3751831,0.58792114,0.83267212
30178,-2.2085571,0.4486084,1.0430908
30179,-2.2550964,0.37307739,0.91400147
30180,-2.1282959,0.27420044,1.1897278
30181,-2.2666931,0.19775391,1.1933899
30182,-2.2410583,0.45455933,1.2103271
30183,-2.1960449,0.099182129,1.1776733
30184,-2.2453308,0.29724121,1.4501953
30185,-2.111969,0.046386719,1.5301514
30186,-2.0736694,-0.27328491,1.5725708
30187,-2.2108459,-0.079345703,1.6189575
30188,-2.0698547,-0.35568237,1.5663147
30189,-1.9645691,-0.28411865,1.5975952
30190,-2.149353,-0.40771484,1.4941406
30191,-2.142334,-0.29083252,1.7196655
30192,-2.1246338,-0.38101196,1.789856
30193,-2.0011902,-0.34484863,1.6278076
30194,-1.9140625,-0.61920166,1.8739319
30195,-2.1043396,-0.54046631,1.6351318
30196,-2.0428467,-0.51559448,1.6685486
30197,-2.0272827,-0.94146728,1.6519165
30198,-1.8920898,-1.1140442,1.849823
30199,-1.8318176,-1.0513306,1.774292
30200,-1.7593384,-1.1151123,1.9154358
30201,-1.7349243,-0.87097168,2.1084595
30202,-1.6471863,-1.1921692,2.0562744
30203,-1.836853,-1.3082886,2.1360779
30204,-1.7196655,-1.4060974,2.1520996
30205,-1.7070007,-1.5013123,2.098999
30206,-1.6506958,-1.4491272,1.907196
30207,-1.7073059,-1.552124,2.0578003
30208,-1.4645386,-1.6271973,1.8978882
30209,-1.5228271,-1.6363525,1.9264221
30210,-1.5518188,-1.6986084,2.0654297
30211,-1.452179,-1.525116,2.0458984
30212,-1.2744141,-1.530304,1.9328308
30213,-1.3294983,-1.7195129,2.3452759
30214,-0.99914551,-1.7388916,2.3117065
30215,-1.2515259,-1.7552185,2.0889282
30216,-1.1315918,-1.8919373,1.9573975
30217,-1.3200378,-1.9511414,1.92276
30218,-1.0569763,-1.7601013,2.0730591
30219,-0.98510742,-2.2235107,1.9641113
30220,-0.8934021,-2.3318481,2.0275879
30221,-0.90103149,-1.769104,2.0184326
30222,-0.7421875,-1.9415283,1.9277954
30223,-0.62744141,-1.9572449,1.9648743
30224,-0.55053711,-2.0091248,2.0277405
30225,-0.51437378,-2.1682739,1.7312622
30226,-0.59707642,-2.2550964,1.8359375
30227,-0.31311035,-2.1960449,1.8408203
30228,-0.35751343,-2.2688293,1.6937256
30229,-0.46340942,-2.2009277,1.8037415
30230,-0.33325195,-2.4076843,1.7073059
30231,-0.2897644,-2.3602295,1.628418
30232,-0.10681152,-2.421875,1.4163208
30233,-0.11169434,-2.3077393,1.5756226
30234,-0.056152344,-2.2958374,1.7749023
30235,-0.085449219,-2.3573303,1.723175
30236,-0.00579834,-2.4957275,1.6255188
30237,0.049591064,-2.5901794,1.5422058
30238,0.064086914,-2.5286865,1.3832092
30239,0.15335083,-2.4806213,1.3586426
30240,0.18493652,-2.3669434,1.5005493
30241,0.15228272,-2.520752,1.3240051
30242,0.35079956,-2.3059082,1.2025452
30243,0.31585693,-2.4716187,1.2532043
30244,0.44662476,-2.5038147,1.1859131
30245,0.55496216,-2.3713684,1.1521912
30246,0.45806885,-2.3059082,1.1572266
30247,0.48248291,-2.6437378,1.0012817
30248,0.62606812,-2.6315308,0.85784912
30249,0.68511963,-2.6147461,0.78353882
30250,0.82946777,-2.5514221,0.76858521
30251,0.81802368,-2.5230408,0.69671631
30252,0.89141846,-2.5074768,0.69503784
30253,0.92376709,-2.4952698,0.58425903
30254,0.90072632,-2.5793457,0.56976318
30255,0.89248657,-2.4336243,0.56137085
30256,1.0784912,-2.3802185,0.44540405
30257,1.0342407,-2.331543,0.42755127
30258,0.9916687,-2.2529602,0.4888916
30259,1.1392212,-2.199707,0.40466309
30260,1.1668396,-2.2418213,0.3817749
30261,1.1221313,-2.1479797,0.24429321
30262,1.1669922,-2.1621704,-0.007171631
30263,1.0853577,-2.1582031,-0.084991455
30264,1.264801,-1.93573,-0.01663208
30265,1.2034607,-1.9250488,0.083007813
30266,1.2214661,-2.0021057,-0.054931641
30267,1.1451721,-1.9775391,0.002441406
30268,1.2008667,-1.9534302,-0.070495605
30269,1.2611389,-1.9499207,-0.10238648
30270,1.4276123,-1.8714905,-0.18920898
30271,1.3084412,-1.8313599,-0.33981323
30272,1.4280701,-1.6949463,-0.28259277
30273,1.5692139,-1.6436768,-0.45639038
30274,1.3908386,-1.6859436,-0.51071167
30275,1.3136291,-1.615448,-0.5480957
30276,1.3249207,-1.5074158,-0.66635132
30277,1.3699341,-1.4779663,-0.66085815
30278,1.1875916,-1.4067078,-0.5607605
30279,1.2283325,-1.2582397,-0.79299927
30280,1.3020325,-1.3304138,-0.72448731
30281,1.3275146,-1.3934326,-0.90332031
30282,1.3156128,-1.3119507,-0.73272705
30283,1.2261963,-1.2417603,-0.77758789
30284,1.3204956,-1.1050415,-0.80612183
30285,1.2382507,-0.94680786,-0.93231201
30286,1.3471985,-1.1885071,-0.81161499
30287,1.2963867,-0.72402954,-1.1029053
30288,1.2277222,-0.84869385,-1.0571289
30289,1.2574768,-0.77758789,-1.0670471
30290,1.1476135,-0.73532104,-1.1172485
30291,1.156311,-0.75622559,-1.086731
30292,1.2342834,-0.68725586,-1.2358093
30293,1.177063,-0.55664063,-1.2838745
30294,1.0092163,-0.4951477,-1.3375854
30295,1.0464478,-0.39855957,-1.3821411
30296,1.0342407,-0.28594971,-1.4660645
30297,0.94940185,-0.16174316,-1.7352295
30298,1.0321045,-0.24002075,-1.459198
30299,0.91583252,-0.16845703,-1.5422058
30300,0.9513855,-0.13458252,-1.3476563
30301,0.77270508,-0.11032105,-1.3299561
30302,0.81466675,-0.2696228,-1.3911438
30303,0.7069397,-0.25039673,-1.6659546
30304,0.87600708,0.041503906,-1.3699341
30305,0.7901001,0.16326904,-1.5390015
30306,0.81817627,0.079040527,-1.6783142
30307,0.66238403,0.12268066,-1.6954041
30308,0.50354004,0.27786255,-1.5510559
30309,0.4800415,0.40344238,-1.5290833
30310,0.43289185,0.40802002,-1.4837646
30311,0.45898438,0.46508789,-1.5409851
30312,0.22399902,0.4876709,-1.3818359
30313,0.13870239,0.49011231,-1.4682007
30314,-0.021972656,0.60379028,-1.4668274
30315,0.052947998,0.76080322,-1.4631653
30316,0.10238648,0.58731079,-1.3665771
30317,0.018768311,0.75637817,-1.4308166
30318,0.002288818,0.72296143,-1.3374329
30319,-0.066375732,0.76751709,-1.3790894
30320,-0.2154541,0.64025879,-1.5422058
30321,-0.058135986,0.68695068,-1.5203857
30322,-0.2532959,0.8782959,-1.4802551
30323,-0.29403686,0.90744019,-1.2226868
30324,-0.43167114,1.076355,-1.2416077
30325,-0.54077148,1.1685181,-1.23703
30326,-0.51055908,1.2997437,-1.2753296
30327,-0.52429199,1.3311768,-1.2089539
30328,-0.35705566,1.2147522,-1.0754395
30329,-0.5480957,1.2358093,-1.0498047
30330,-0.57571411,1.3020325,-0.91979981
30331,-0.68145752,1.229248,-1.2214661
30332,-0.7762146,1.2490845,-1.1437988
30333,-0.76278687,1.330719,-1.0369873
30334,-0.8833313,1.4213562,-1.0766602
30335,-0.912323,1.446991,-1.0670471
30336,-1.0502625,1.4407349,-0.96237183
30337,-1.131897,1.4770508,-0.76797485
30338,-1.1114502,1.3882446,-0.90621948
30339,-1.2387085,1.3705444,-0.76843262
30340,-1.3220215,1.3642883,-0.81893921
30341,-1.3945007,1.4515686,-0.72784424
30342,-1.3647461,1.5881348,-0.61721802
30343,-1.4135742,1.3998413,-0.38284302
30344,-1.37146,1.4031982,-0.37078857
30345,-1.4021301,1.3668823,-0.23880005
30346,-1.5914917,1.2702942,-0.26535034
30347,-1.5260315,1.3110352,-0.234375
30348,-2.0495605,1.2442017,-0.56884766
30349,-1.7112732,1.3934326,-0.4637146
30350,-1.7073059,1.3412476,-0.23895264
30351,-1.5895081,1.1334229,-0.13061523
30352,-1.7608643,1.0908508,0.028839111
30353,-1.9569397,1.1083984,0.083007813
30354,-1.7282104,1.1100769,0.10360718
30355,-1.8417358,1.2297058,0.098114014
30356,-1.8200684,1.2799072,0.18585205
30357,-1.8981934,1.0800171,0.18157959
30358,-2.0446777,1.3391113,0.22094727
30359,-2.0814514,1.1181641,0.45196533
30360,-1.9728088,1.1401367,0.2633667
30361,-2.0501709,1.171875,0.27252197
30362,-2.0765686,1.0978699,0.71899414
30363,-2.1949768,1.0877991,0.16296387
30364,-2.0965576,1.055603,0.4296875
30365,-2.0817566,1.0263062,0.52215576
30366,-2.2175598,1.0073853,0.71334839
30367,-2.2715759,1.0087585,0.81726074
30368,-2.2749329,0.97305298,0.86181641
30369,-2.1990967,0.8833313,0.89324951
30370,-2.4127197,0.90866089,0.91903687
30371,-2.2911072,0.74508667,1.1332703
30372,-2.2909546,0.7081604,1.1323547
30373,-2.3130798,0.58105469,1.2322998
30374,-2.4076843,0.46508789,1.1419678
30375,-2.3155212,0.35461426,1.1352539
30376,-2.2494507,0.041656494,1.230011
30377,-2.4200439,0.14465332,1.2710571
30378,-2.2897339,0.17349243,1.4408875
30379,-2.2003174,-0.023193359,1.5029907
30380,-2.2357178,0.34225464,1.3101196
30381,-2.2225952,-0.10742188,1.61026
30382,-2.2135925,0.075378418,1.3824463
30383,-2.3103333,-0.17120361,1.4628601
30384,-2.2227478,-0.23544312,1.496582
30385,-2.1754456,-0.13763428,1.468811
30386,-2.0492554,-0.14556885,1.5214539
30387,-2.1432495,-0.41625977,1.4851379
30388,-2.0910645,-0.46630859,1.7826843
30389,-2.1832275,-0.6086731,1.6740417
30390,-2.1356201,-0.4284668,1.5911865
30391,-2.1362305,-0.40206909,1.703186
30392,-1.9563293,-0.4876709,1.710968
30393,-1.8736267,-0.58502197,1.9192505
30394,-1.8486023,-0.63919067,1.9744873
30395,-1.9470215,-0.92636108,1.9715881
30396,-1.9311523,-0.806427,1.9856262
30397,-1.9247437,-0.76583862,1.8540955
30398,-1.7829895,-0.86578369,2.0077515
30399,-1.9691467,-0.89202881,2.0700073
30400,-1.7460632,-1.0479736,2.0051575
30401,-1.756897,-1.2797546,2.0727539
30402,-1.6439819,-1.214447,2.0994568
30403,-1.9152832,-1.2908936,2.0932007
30404,-1.4321899,-1.3394165,2.0901489
30405,-1.5504456,-1.4465332,2.2491455
30406,-1.4912415,-1.4398193,2.109375
30407,-1.5087891,-1.4537048,2.0584106
30408,-1.3694763,-1.7353821,2.1548462
30409,-1.3716125,-1.6847229,1.8676758
30410,-1.3955688,-1.7643738,1.9255066
30411,-1.4363098,-1.7140198,1.9218445
30412,-1.211853,-1.9639587,1.8984985
30413,-1.1877441,-2.149353,2.1008301
30414,-1.0522461,-2.131958,2.0535278
30415,-1.0031128,-1.7669678,1.7904663
30416,-0.88989258,-1.5524292,1.9412231
30417,-0.98129272,-1.6137695,1.8490601
30418,-0.83709717,-1.9604492,1.9914246
30419,-0.82550049,-1.9613647,1.927948
30420,-0.7661438,-1.9082642,1.917572
30421,-0.89920044,-1.9046021,1.8309021
30422,-0.76873779,-1.9326782,1.9415283
30423,-0.66726685,-1.955719,1.7092896
30424,-0.52597046,-2.1261597,1.864624
30425,-0.55084228,-2.1037292,1.8148804
30426,-0.42236328,-2.1809387,1.7024231
30427,-0.51696777,-2.3065186,1.8844604
30428,-0.29815674,-2.2511292,1.7134094
30429,-0.16784668,-2.1580505,1.6925049
30430,-0.18203735,-2.2691345,1.4579773
30431,-0.21209717,-2.2677612,1.5921021
30432,-0.091247559,-2.3388672,1.5826416
30433,-0.006866455,-2.4961853,1.4546204
30434,0.073547363,-2.4647522,1.4103699
30435,0.1348877,-2.4157715,1.3726807
30436,0.17578125,-2.3648071,1.3471985
30437,0.19699097,-2.3310852,1.3124084
30438,0.27755737,-2.3199463,1.2495422
30439,0.32318115,-2.3881531,1.2281799
30440,0.41824341,-2.4073792,1.1808777
30441,0.40832519,-2.3318481,1.2548828
30442,0.51361084,-2.5109863,1.0787964
30443,0.60714722,-2.3506165,1.1210632
30444,0.50720215,-2.4682617,1.1862183
30445,0.54962158,-2.4993896,1.1334229
30446,0.65216065,-2.4028015,0.88226318
30447,0.56457519,-2.3973083,0.79193115
30448,0.61859131,-2.3117065,0.87158203
30449,0.88912964,-2.3396301,0.80444336
30450,0.81863403,-2.4549866,0.70587158
30451,0.92315674,-2.3852539,0.68084717
30452,0.89431763,-2.2505188,0.57525635
30453,0.83190918,-2.1766663,0.50704956
30454,0.91552734,-2.0529175,0.5430603
30455,1.055603,-2.2399902,0.48309326
30456,1.083374,-2.1170044,0.32348633
30457,1.0670471,-2.3442078,0.40161133
30458,1.0806274,-2.2488403,0.21057129
30459,1.1106873,-2.2460938,0.19744873
30460,1.0876465,-2.0977783,0.080566406
30461,1.2687683,-2.0999146,0.091247559
30462,1.2892151,-2.0753479,0.10925293
30463,1.1512756,-1.8713379,0.12435913
30464,1.3063049,-1.9406128,0.009307861
30465,1.2493896,-1.8341064,-0.044555664
30466,1.2304688,-1.8101501,-0.14053345
30467,1.3696289,-1.763916,-0.17227173
30468,1.3771057,-1.8028259,-0.35888672
30469,1.3331604,-1.750946,-0.34606934
30470,1.4733887,-1.7240906,-0.34469605
30471,1.4044189,-1.6238403,-0.45272827
30472,1.3330078,-1.6874695,-0.47958374
30473,1.4321899,-1.5307617,-0.4737854
30474,1.4048767,-1.3912964,-0.52124023
30475,1.353302,-1.4202881,-0.57281494
30476,1.2281799,-1.2095642,-0.66329956
30477,1.1729431,-1.3128662,-0.71777344
30478,1.1991882,-1.3014221,-0.92041016
30479,1.3670349,-1.4164734,-0.67260742
30480,1.3948059,-1.2153625,-0.86456299
30481,1.421051,-1.4073181,-0.88500977
30482,1.4506531,-1.0978699,-0.93383789
30483,1.2619019,-1.1235046,-1.1143494
30484,1.282196,-1.1282349,-0.96740723
30485,1.1758423,-1.0409546,-0.90698242
30486,1.1665344,-1.0041809,-1.0290527
30487,1.1634827,-0.92285156,-1.0021973
30488,1.0098267,-0.89294434,-1.1244202
30489,1.1073303,-0.93704224,-1.1375427
30490,1.1199951,-0.80932617,-1.3017273
30491,1.2876892,-0.70495606,-1.2658691
30492,1.0479736,-0.74188232,-1.1877441
30493,1.1212158,-0.65444946,-1.3363647
30494,0.99777222,-0.35217285,-1.151123
30495,0.93261719,-0.23498535,-1.1662292
30496,0.86181641,-0.28625488,-1.2557983
30497,0.85281372,-0.40161133,-1.3630676
30498,0.8644104,-0.15396118,-1.2994385
30499,0.94924927,-0.045776367,-1.3018799
30500,0.78948975,-0.013427734,-1.3415527
30501,-0.05859375,-0.10482788,-1.468811
30502,0.60821533,-0.020751953,-1.5368652
30503,0.67657471,0.044708252,-1.362915
30504,0.72952271,0.054321289,-1.4883423
30505,0.51925659,0.15106201,-1.4807129
30506,0.62271118,0.39611816,-1.4346313
30507,0.53741455,0.48736572,-1.3571167
30508,0.33843994,0.46096802,-1.5057373
30509,0.45898438,0.55541992,-1.4988709
30510,0.3352356,0.47485352,-1.3372803
30511,0.30975342,0.70922852,-1.3577271
30512,0.14221191,0.74295044,-1.3787842
30513,0.19454956,0.68313599,-1.3400269
30514,0.14297485,0.77804565,-1.4506531
30515,-0.036315918,0.88165283,-1.2962341
30516,-0.080413818,0.7460022,-1.3128662
30517,-0.030670166,0.74630737,-1.4228821
30518,0.062408447,0.70495606,-1.3363647
30519,-0.16113281,0.66345215,-1.2857056
30520,-0.30792236,0.97854614,-1.2528992
30521,-0.3868103,0.92437744,-1.2557983
30522,-0.4586792,1.0371399,-1.1979675
30523,-0.43792725,1.0626221,-1.1347961
30524,-0.47622681,1.1381531,-1.1427307
30525,-0.3755188,1.118927,-1.240387
30526,-0.70907593,1.2835693,-1.1320496
30527,-0.80764771,1.1761475,-0.98861694
30528,-0.61187744,1.1630249,-0.96740723
30529,-0.76065063,1.2445068,-0.96038818
30530,-0.79788208,1.3465881,-0.89447022
30531,-0.80612183,1.3150024,-0.87249756
30532,-1.0476685,1.3400269,-0.85067749
30533,-0.84854126,1.2954712,-0.64025879
30534,-0.98907471,1.1877441,-0.77514648
30535,-1.1117554,1.1088562,-0.64529419
30536,-1.2208557,1.2167358,-0.72189331
30537,-1.2023926,1.2208557,-0.65155029
30538,-1.3317871,1.3354492,-0.56213379
30539,-1.4059448,1.3217163,-0.56640625
30540,-1.3438416,1.4501953,-0.59570313
30541,-1.3095093,1.4006042,-0.47836304
30542,-1.5216064,1.3302612,-0.52276611
30543,-1.4097595,1.3801575,-0.35736084
30544,-1.4868164,1.3491821,-0.38894653
30545,-1.5939331,1.197052,-0.3237915
30546,-1.8096924,1.0041809,-0.29266357
30547,-1.5733337,1.2947083,-0.11856079
30548,-1.6824341,1.3386536,-0.17623901
30549,-1.7735291,1.4880371,0.003356934
30550,-1.8089294,1.2263489,-0.040740967
30551,-1.7892456,1.0650635,-0.038146973
30552,-1.9122314,2.1426392,0.13183594
30553,-1.9688416,1.264801,0.16677856
30554,-1.8725586,1.2008667,0.2645874
30555,-1.9416809,1.0908508,0.32501221
30556,-1.8559265,1.065979,0.26763916
30557,-1.940155,1.1128235,0.30593872
30558,-1.9950867,1.0476685,0.26977539
30559,-2.1627808,0.9538269,0.31097412
30560,-2.1862793,0.91949463,0.52490234
30561,-2.1499634,0.73120117,0.62011719
30562,-2.0753479,0.91018677,0.64834595
30563,-2.0332336,0.72479248,0.45211792
30564,-2.1055603,0.87234497,0.77575684
30565,-2.1658325,0.72219849,0.68893433
30566,-2.1098328,0.85540772,0.8241272
30567,-2.1740723,0.67764282,0.87738037
30568,-2.1316528,0.75622559,0.90423584
30569,-2.2471619,0.57388306,0.91964722
30570,-2.1528625,0.46203613,0.86837769
30571,-2.1833801,0.4814148,1.0420227
30572,-2.1824646,0.43762207,0.9576416
30573,-2.0883179,0.45288086,1.2336731
30574,-2.2987366,0.42388916,1.2486267
30575,-2.2253418,0.37109375,1.2763977
30576,-2.1090698,0.34790039,1.3961792
30577,-2.1951294,0.27587891,1.3343811
30578,-2.2494507,0.1638794,1.3494873
30579,-2.203064,0.23406982,1.4401245
30580,-2.150116,0.085754395,1.4466858
30581,-2.247467,-0.030670166,1.4938354
30582,-2.2659302,-0.00793457,1.5766907
30583,-2.1775818,-0.09475708,1.5859985
30584,-2.2657776,-0.28289795,1.678009
30585,-2.0433044,-0.15869141,1.7526245
30586,-1.9873047,-0.1663208,1.6619873
30587,-2.1505737,-0.28411865,1.70578
30588,-2.09198,-0.33660889,1.7330933
30589,-2.0046997,-0.29144287,1.865387
30590,-1.9450378,-0.40863037,1.8086243
30591,-2.0587158,-0.50537109,1.8093872
30592,-2.0114136,-0.73730469,1.7515564
30593,-1.9143677,-0.81390381,1.857605
30594,-1.7562866,-0.61264038,1.8725586
30595,-1.9075012,-0.7736206,1.7965698
30596,-1.7611694,-0.90744019,1.8925476
30597,-1.7321777,-1.1531067,1.7459106
30598,-1.7077637,-0.97045898,1.9026184
30599,-1.6424561,-1.1471558,1.9467163
30600,-1.6694641,-1.1497498,1.9558716
30601,-1.5879822,-1.2095642,2.0196533
30602,-1.3900757,-1.1231995,2.0396423
30603,-1.4501953,-1.2490845,2.1131897
30604,-1.4457703,-1.461792,1.9677734
30605,-1.4196777,-1.2345886,2.0640564
30606,-1.3084412,-1.3430786,1.9219971
30607,-1.3897705,-1.4570618,1.877594
30608,-1.2605286,-1.464386,1.8138123
30609,-1.3224792,-1.5368652,1.8295288
30610,-1.0656738,-1.6656494,1.9238281
30611,-1.0514832,-1.6947937,1.9483948
30612,-1.0501099,-1.6815186,1.8289185
30613,-0.90896606,-1.7243958,2.0046997
30614,-1.0379028,-1.7356873,2.0082092
30615,-1.0134888,-1.8156433,2.076416
30616,-0.91171265,-1.8119812,1.9332886
30617,-0.85723877,-1.8980408,1.9303894
30618,-0.79147339,-2.0228577,2.0866394
30619,-0.67596435,-2.0593262,1.8829346
30620,-0.68252563,-2.0579529,1.9714355
30621,-0.51483154,-2.2639465,1.6899109
30622,-0.55892944,-2.2521973,1.9224548
30623,-0.42541504,-2.3170471,1.7424011
30624,-0.27770996,-2.1710205,1.7674255
30625,-0.37399292,-2.0031738,1.5869141
30626,-0.31692505,-2.1636963,1.5782166
30627,-0.33203125,-2.2018433,1.4501953
30628,-0.31967163,-2.2203064,1.4933777
30629,-0.15777588,-2.3231506,1.5786743
30630,-0.081939697,-2.3472595,1.6304016
30631,-0.047912598,-2.3579407,1.5924072
30632,0.004272461,-2.3348999,1.545105
30633,0.076751709,-2.2128296,1.472168
30634,0.056152344,-2.1899414,1.4558411
30635,0.11672974,-2.2387695,1.4558411
30636,0.19104004,-2.3165894,1.399231
30637,0.21286011,-2.3164368,1.2745666
30638,0.25802612,-2.3782349,1.1891174
30639,0.29342651,-2.4543762,1.1831665
30640,0.39993286,-2.3980713,1.2286377
30641,0.46112061,-2.5134277,1.015625
30642,0.37658691,-2.436676,1.1083984
30643,0.44906616,-2.4694824,0.89889526
30644,0.56945801,-2.4078369,0.94680786
30645,0.72540283,-2.308197,0.89538574
30646,0.70587158,-2.2970581,0.91552734
30647,0.60836792,-2.2407532,0.70846558
30648,0.73272705,-2.2749329,0.74417114
30649,0.77270508,-2.2190857,0.62927246
30650,0.90103149,-2.1699524,0.58959961
30651,0.81054688,-2.2167969,0.59921265
30652,0.94360352,-2.250061,0.50598144
30653,0.96725464,-2.202301,0.45776367
30654,0.99151611,-2.2691345,0.45974731
30655,1.0209656,-2.2210693,0.34576416
30656,1.0131836,-2.1101379,0.42312622
30657,0.99517822,-2.0610046,0.18600464
30658,1.2023926,-2.1018982,0.2116394
30659,1.0772705,-1.9665527,0.088500977
30660,1.0627747,-2.046814,0.08972168
30661,0.99838257,-1.9892883,0.10131836
30662,1.1483765,-1.8772888,0.0
30663,1.1213684,-1.7471313,-0.025177002
30664,1.2261963,-1.8797302,-0.03112793
30665,1.137085,-1.9328308,-0.005187988
30666,1.2135315,-1.8182373,-0.06652832
30667,1.159668,-1.8280029,-0.19119263
30668,1.1573791,-1.7758179,-0.15167236
30669,1.2129211,-1.6810608,-0.34988403
30670,1.3693237,-1.6398621,-0.45211792
30671,1.1946106,-1.6477966,-0.45471191
30672,1.0917664,-1.5403748,-0.36392212
30673,1.1418152,-1.4604187,-0.40176392
30674,1.2290955,-1.521759,-0.51696777
30675,1.2506104,-1.3973999,-0.50796509
30676,1.2173462,-1.2532043,-0.70053101
30677,1.190033,-1.0626221,-0.65383911
30678,1.1816406,-0.99334717,-0.65383911
30679,1.1967468,-1.1320496,-0.70892334
30680,1.129303,-1.0391235,-0.69854736
30681,1.1543274,-0.93109131,-0.82870483
30682,1.1669922,-0.95001221,-0.95336914
30683,1.0284424,-1.0429382,-0.92956543
30684,1.0533142,0.15167236,-1.0403442
30685,1.1233521,-0.73760986,-1.0081482
30686,1.0791016,-0.69992065,-1.0520935
30687,1.0671997,-0.84487915,-1.0774231
30688,1.0441589,-0.80307007,-1.0202026
30689,1.0665894,-0.72845459,-0.99441528
30690,1.0757446,-0.56716919,-1.1877441
30691,0.99914551,-0.49926758,-1.2509155
30692,0.95184326,-0.37963867,-1.219635
30693,0.99395752,-0.35888672,-1.255188
30694,0.90774536,-0.25314331,-1.3951111
30695,0.75531006,-0.25695801,-1.416626
30696,0.79345703,-0.20187378,-1.3221741
30697,0.68618774,-0.07019043,-1.073761
30698,0.71273804,0.008850098,-1.2814331
30699,-0.16052246,-0.28457642,-1.4810181
30700,0.4335022,-0.35263061,-1.4295959
30701,0.32836914,-0.35400391,-1.3044739
30702,0.45806885,0.013885498,-1.3824463
30703,0.41061401,0.16326904,-1.2321472
30704,0.63079834,0.24414063,-1.3179016
30705,0.36956787,0.26702881,-1.0751343
30706,0.3767395,0.22506714,-1.2730408
30707,0.35217285,0.44387817,-1.2519836
30708,0.22964478,0.45043945,-1.3110352
30709,0.22766113,0.6237793,-1.2313843
30710,0.13565063,0.54382324,-1.2356567
30711,0.063476563,0.55755615,-1.15448
30712,0.12176514,0.61340332,-1.290741
30713,0.007324219,0.66894531,-1.2606812
30714,-0.13458252,0.84091187,-1.2080383
30715,-0.079040527,0.62713623,-1.2814331
30716,-0.10848999,0.6552124,-1.2103271
30717,-0.28045654,0.77911377,-1.1784363
30718,-0.29052734,0.84243774,-1.3235474
30719,-0.25482178,0.90484619,-1.3156128
30720,-0.47119141,1.1071777,-1.0714722
30721,-0.55541992,1.1152649,-0.94528198
30722,-0.48233032,1.1633301,-1.0162354
30723,-0.55664063,1.1254883,-1.2167358
30724,-0.5960083,1.1567688,-1.0455322
30725,-0.58486938,1.0644531,-1.0449219
30726,-0.62408447,1.1187744,-0.89019775
30727,-0.55847168,1.1776733,-0.80047607
30728,-0.77529907,1.1521912,-0.73791504
30729,-0.86456299,1.2219238,-0.78536987
30730,-1.0733032,1.2478638,-0.73684692
30731,-0.859375,1.2414551,-0.72402954
30732,-0.93841553,1.0540771,-0.5619812
30733,-0.98495483,1.1279297,-0.73394775
30734,-0.92300415,1.0165405,-0.69061279
30735,-1.1877441,1.2576294,-0.58120728
30736,-1.1747742,1.2489319,-0.76950073
30737,-1.0827637,1.2643433,-0.47668457
30738,-1.244812,1.0786438,-0.50094604
30739,-1.3273621,1.3102722,-0.37002564
30740,-1.4938354,1.156311,-0.32485962
30741,-1.4706421,1.1515808,-0.29006958
30742,-1.5353394,1.1254883,-0.14038086
30743,-1.4602661,1.1149597,-0.22293091
30744,-1.4880371,1.0971069,-0.11291504
30745,-1.5956116,1.0276794,-0.083312988
30746,-1.5577698,1.0661316,0.092315674
30747,-1.5916443,1.1816406,0.11306763
30748,-1.6555786,0.99029541,0.14648438
30749,-1.6685486,0.91094971,0.14068603
30750,-1.7059326,2.0205688,0.18310547
30751,-1.7562866,1.038208,0.23757935
30752,-1.7608643,1.0614014,0.2204895
30753,-1.7312622,0.9703064,0.38085938
30754,-1.7623901,1.0246277,0.39520264
30755,-1.8861389,1.1097717,0.43869019
30756,-1.8043518,0.99441528,0.53039551
30757,-1.8972778,0.95932007,0.39428711
30758,-1.9125366,0.84793091,0.71395874
30759,-1.9180298,1.0089111,0.58944702
30760,-1.966095,0.83099365,0.59814453
30761,-1.9793701,0.89324951,0.59951782
30762,-1.9110107,0.74127197,0.96954346
30763,-2.0739746,0.77514648,0.73242188
30764,-1.947937,0.68267822,0.61157227
30765,-2.1098328,0.64178467,0.72296143
30766,-2.0573425,0.46905518,0.81115723
30767,-2.0327759,0.51300049,0.86502075
30768,-2.0619202,0.49072266,0.99975586
30769,-2.0431519,0.36697388,0.96557617
30770,-2.0404053,0.22338867,1.197052
30771,-2.0703125,0.32592773,1.0733032
30772,-2.0210266,0.24627685,1.002655
30773,-1.9023132,0.069732666,1.1384583
30774,-2.0709229,0.10650635,1.3870239
30775,-1.968689,-0.033721924,1.2528992
30776,-2.0411682,-0.078430176,1.3208008
30777,-2.0547485,-0.062255859,1.4866638
30778,-2.0294189,0.005645752,1.2516785
30779,-2.0443726,-0.15075684,1.5037537
30780,-2.069397,-0.11169434,1.4503479
30781,-1.940918,-0.2696228,1.4703369
30782,-1.9555664,-0.38467407,1.5515137
30783,-1.8322754,-0.37811279,1.656189
30784,-1.796875,-0.45639038,1.5216064
30785,-1.8144226,-0.43533325,1.6757202
30786,-1.6937256,-0.53497315,1.6265869
30787,-1.8145752,-0.42739868,1.4846802
30788,-1.6540527,-0.65917969,1.8336487
30789,-1.7817688,-0.73303223,1.8817139
30790,-1.630249,-0.73608398,1.6523743
30791,-1.612854,-0.70220947,1.8414307
30792,-1.6442871,-0.89187622,1.9433594
30793,-1.5885925,-0.94909668,1.7562866
30794,-1.5478516,-1.055603,1.7285156
30795,-1.4936829,-1.2203979,1.9030762
30796,-1.6571045,-1.1026001,1.9139099
30797,-1.5158081,-1.0858154,2.0173645
30798,-1.3851929,-1.071167,1.8954468
30799,-1.3690186,-0.94558716,1.8475342
30800,-1.2968445,-1.161499,1.7398071
30801,-1.3989258,-1.2083435,1.8255615
30802,-1.2226868,-1.3476563,1.8469238
30803,-1.2481689,-1.3696289,1.7697144
30804,-1.1820984,-1.3314819,1.9544983
30805,-0.96740723,-1.3502502,1.9380188
30806,-1.0209656,-1.6215515,1.8977356
30807,-0.92407227,-1.5567017,1.9000244
30808,-0.72494507,-1.552124,1.8223572
30809,-0.78201294,-1.5449524,1.7790222
30810,-0.66329956,-1.592865,1.7195129
30811,-0.77484131,-1.8423462,1.8482971
30812,-0.730896,-1.839447,1.7346191
30813,-0.68603516,-1.7504883,1.8786621
30814,-0.72357178,-1.8893433,1.7021179
30815,-0.65734863,-1.9470215,1.7407227
30816,-0.7043457,-1.9566345,1.6584778
30817,-0.57479858,-1.9029236,1.5638733
30818,-0.40740967,-1.9955444,1.7588806
30819,-0.38757324,-2.1209717,1.7352295
30820,-0.38711548,-2.1736145,1.5795898
30821,-0.31478882,-2.0108032,1.6390991
30822,-0.19210815,-2.020874,1.4936829
30823,-0.22521973,-1.9645691,1.5090942
30824,-0.14831543,-1.9763184,1.5122986
30825,-0.16876221,-2.0852661,1.4227295
30826,-0.029144287,-2.2607422,1.3363647
30827,-0.068511963,-2.124939,1.2643433
30828,-0.014648438,-2.1401978,1.3549805
30829,0.057678223,-2.1221924,1.3137817
30830,0.034790039,-2.1768188,1.1923218
30831,0.11550903,-2.0379639,1.1506653
30832,0.2545166,-2.071228,1.0658264
30833,0.26199341,-2.1244812,0.96832275
30834,0.33172607,-2.1363831,1.0818481
30835,0.38497925,-2.1588135,0.95062256
30836,0.41900635,-2.1403503,0.9828186
30837,0.46966553,-2.1594238,0.96450806
30838,0.31982422,-2.2312927,0.97610474
30839,0.3994751,-2.3045349,0.64804077
30840,0.64285278,-2.3977661,0.77270508
30841,0.49438477,-2.348938,0.56274414
30842,0.65658569,-2.3234558,0.53848267
30843,0.46966553,-2.2802734,0.61279297
30844,0.64636231,-2.1499634,0.44448853
30845,0.70892334,-2.0166016,0.37567139
30846,0.81726074,-2.0016479,0.37994385
30847,0.80718994,-1.9523621,0.12496948
30848,0.83679199,-2.1272278,0.28091431
30849,0.8833313,-2.052002,0.38269043
30850,0.8984375,-1.9725037,0.36254883
30851,0.95962524,-1.7860413,0.35919189
30852,0.99121094,-1.8095398,0.209198
30853,0.88699341,-1.8855286,0.21484375
30854,0.96008301,-2.0718384,0.14221191
30855,0.91247559,-1.8208313,0.11291504
30856,1.0113525,-1.8031311,0.020751953
30857,0.99334717,-1.990509,-0.012054443
30858,0.91690063,-1.6285706,-0.20767212
30859,1.022644,-1.7991638,-0.18447876
30860,1.1219788,-1.6616821,-0.2331543
30861,1.0844421,-1.62323,-0.1550293
30862,1.1062622,-1.7149353,-0.17608643
30863,1.0067749,-1.5255737,-0.22888184
30864,1.1268616,-1.4559937,-0.16036987
30865,1.1190796,-1.3980103,-0.30609131
30866,1.2197876,-1.3899231,-0.47912598
30867,1.2060547,-1.3800049,-0.49621582
30868,1.0430908,-1.3340759,-0.50186157
30869,1.1798096,-1.328125,-0.6564331
30870,1.0823059,-1.2411499,-0.58898926
30871,1.1051941,-1.1956787,-0.69580078
30872,0.99792481,-0.99914551,-0.76477051
30873,1.1825562,-0.98129272,-0.76889038
30874,1.0317993,-0.77301025,-0.80978394
30875,1.0035706,-0.703125,-0.91217041
30876,1.1050415,-0.65734863,-0.87493897
30877,1.0853577,-0.57693481,-0.92529297
30878,1.1529541,-0.60653687,-0.8895874
30879,0.91064453,-0.54931641,-1.1160278
30880,0.88150024,-0.5569458,-0.9928894
30881,0.8883667,-0.45532227,-1.0879517
30882,0.91384888,-0.34805298,-1.0144043
30883,0.90835571,-0.4246521,-1.0894775
30884,0.90667725,-0.3515625,-0.9413147
30885,0.82580566,-0.20935059,-0.97686768
30886,0.73928833,-0.37628174,-1.0112
30887,0.77606201,-0.33248901,-1.2153625
30888,0.64987183,-0.20492554,-1.2225342
30889,0.61157227,-0.010986328,-1.2268066
30890,0.56396484,-0.042724609,-1.1657715
30891,0.53833008,-0.15655518,-1.0650635
30892,0.47805786,-0.36941528,-1.4263916
30893,0.18447876,-0.45120239,-1.4526367
30894,0.15396118,-0.37078857,-1.3601685
30895,0.29632568,-0.54077148,-1.6978455
30896,0.47149658,0.26123047,-1.3357544
30897,0.53619385,0.20095825,-1.2670898
30898,0.56610107,0.38040161,-1.2437439
30899,0.37887573,0.47195435,-1.2979126
30900,0.28381348,0.44921875,-1.3528442
30901,0.25756836,0.48156738,-1.0821533
30902,0.084228516,0.52719116,-1.4277649
30903,0.09262085,0.53466797,-1.2210083
30904,-0.032806396,0.70098877,-1.3665771
30905,0.084381104,0.67871094,-1.1434937
30906,-0.056762695,0.68252563,-1.2532043
30907,-0.073242188,0.74661255,-1.2644959
30908,-0.090637207,0.7131958,-1.239624
30909,-0.24841309,0.81512451,-1.2860107
30910,-0.22705078,0.80230713,-1.1468506
30911,-0.29266357,0.81710815,-1.0868835
30912,-0.38406372,0.76919556,-1.0812378
30913,-0.43823242,0.79818726,-0.98007202
30914,-0.52078247,0.73684692,-1.0293579
30915,-0.69641113,0.91018677,-0.95153809
30916,-0.53207397,1.0247803,-0.82748413
30917,-0.61508179,1.0777283,-0.98907471
30918,-0.76141357,1.1616516,-0.91537476
30919,-0.73242188,1.0432434,-0.84671021
30920,-0.86608887,1.0571289,-0.84533691
30921,-1.105957,1.0188293,-0.93612671
30922,-0.94604492,1.0943604,-0.81848144
30923,-1.1535645,1.2065125,-0.75195313
30924,-1.1669922,1.2709045,-0.78567505
30925,-1.2225342,1.3006592,-0.8253479
30926,-1.2486267,1.3571167,-0.69000244
30927,-1.1117554,1.3452148,-0.6161499
30928,-1.2408447,1.0768127,-0.45898438
30929,-1.317749,1.2397766,-0.43304443
30930,-1.156311,1.1053467,-0.42678833
30931,-1.5180969,1.206665,-0.33950806
30932,-1.3246155,1.1941528,-0.40847778
30933,-1.3363647,1.2918091,-0.36773682
30934,-1.3830566,1.270752,-0.33111572
30935,-1.3853455,1.1627197,-0.14526367
30936,-1.4141846,1.2988281,-0.209198
30937,-1.6001892,1.0324097,-0.33370972
30938,-1.6073608,1.104126,-0.17944336
30939,-1.6526794,1.1921692,-0.066986084
30940,-1.6081238,1.2281799,-0.079803467
30941,-1.6596985,1.1134338,0.091094971
30942,-1.7315674,1.0717773,0.17333984
30943,-1.7324829,1.1221313,0.16845703
30944,-1.8482971,0.9564209,0.26977539
30945,-1.8212891,1.0153198,0.27648926
30946,-1.7752075,0.86791992,0.30334473
30947,-1.9018555,0.82641602,0.36346436
30948,-1.8151855,1.2388611,0.35644531
30949,-1.8041992,0.88668823,0.40527344
30950,-1.9415283,0.85708618,0.62484741
30951,-1.9639587,0.753479,0.61157227
30952,-2.0756531,0.70999146,0.78414917
30953,-2.192688,0.69976807,0.65795898
30954,-2.2991943,0.65216065,0.76812744
30955,-2.0692444,0.66467285,0.68115234
30956,-2.1917725,0.68771362,0.93780518
30957,-2.1743774,0.51010132,0.96847534
30958,-2.2094727,0.56945801,0.84365845
30959,-2.1076965,0.48660278,0.79162598
30960,-2.124939,0.66558838,0.76812744
30961,-2.1763611,0.66131592,0.77941894
30962,-2.1234131,0.42922974,1.0910034
30963,-2.2787476,0.519104,0.95886231
30964,-2.124939,0.29266357,1.199646
30965,-2.17453,0.31158447,1.2736511
30966,-2.0571899,0.32958984,1.4123535
30967,-2.1536255,0.085296631,1.3920593
30968,-2.0976257,0.103302,1.2789917
30969,-1.990509,-0.024719238,1.3772583
30970,-2.0835876,0.06439209,1.6809082
30971,-1.9200134,0.001525879,1.7025757
30972,-2.0050049,-0.14465332,1.5357971
30973,-1.9763184,-0.070037842,1.5734863
30974,-1.9750977,-0.23101807,1.5913391
30975,-2.0579529,-0.27679443,1.444397
30976,-2.0071411,-0.32653809,1.7625427
30977,-1.9439697,-0.40893555,1.761322
30978,-2.1629333,-0.57296753,1.7282104
30979,-2.0584106,-0.68496704,1.6236877
30980,-2.0959473,-0.69412231,1.8588257
30981,-1.867981,-0.56503296,1.6966248
30982,-2.2869873,-0.7270813,1.6955566
30983,-2.4940491,-1.033783,1.6337585
30984,-2.5318909,-0.97244263,1.7068481
30985,-1.8222046,-1.0327148,1.6958618
30986,-1.8170166,-0.94970703,1.8510437
30987,-2.0635986,-1.3388062,1.9030762
30988,-1.6998291,-1.2632751,1.9392395
30989,-1.8347168,-1.0360718,1.7164612
30990,-2.3057556,-1.2831116,1.9369507
30991,-1.6552734,-1.4437866,1.9534302
30992,-1.8019104,-1.3928223,1.9177246
30993,-2.0552063,-1.3900757,1.8753052
30994,-1.8000793,-1.335144,1.8182373
30995,-1.7628479,-1.7269897,1.7570496
30996,-1.5953064,-1.4305115,1.71875
30997,-1.3937378,-1.3096619,1.8919373
30998,-1.2849426,-1.4807129,2.0237732
30999,-1.3279724,-1.5463257,2.0094299
31000,-1.237793,-1.5293884,2.0983887
31001,-1.1897278,-1.5675354,2.046814
31002,-1.0366821,-1.6165161,2.1466064
31003,-0.91888428,-1.9541931,1.9343567
31004,-0.82000732,-1.8910217,1.9970703
31005,-0.79299927,-1.9512939,1.9216919
31006,-0.81787109,-1.8171692,1.8191528
31007,-0.89157104,-1.8029785,1.9593811
31008,-0.58013916,-1.8424988,1.8299866
31009,-0.64453125,-1.9911194,1.7622375
31010,-0.45654297,-1.9610596,1.7857361
31011,-0.54992676,-1.8269348,2.0059204
31012,-0.58059692,-1.8731689,1.7066956
31013,-0.38803101,-2.051239,1.7262268
31014,-0.54489136,-2.1760559,1.5563965
31015,-0.56594849,-2.1273804,1.7590332
31016,-0.49926758,-2.166748,1.6424561
31017,-0.31906128,-2.2370911,1.5684509
31018,-0.17868042,-2.1395874,1.5299988
31019,-0.10467529,-2.2825623,1.5127563
31020,0.039672852,-2.4377441,1.3948059
31021,-0.035095215,-2.3536682,1.3964844
31022,0.012512207,-2.3280334,1.3751221
31023,-0.12649536,-2.3979187,1.6342163
31024,0.15411377,-2.411499,1.1557007
31025,0.20019531,-2.3669434,0.81726074
31026,-0.016326904,-2.2962952,1.1360168
31027,0.2835083,-2.3480225,1.1463928
31028,0.31478882,-2.2702026,1.1683655
31029,0.41778564,-2.0654297,1.0798645
31030,0.20477295,-2.2784424,0.96313477
31031,0.5506897,-2.4057007,0.95489502
31032,0.48233032,-2.3141479,0.88546753
31033,0.54931641,-2.1897888,0.9387207
31034,0.6578064,-2.272644,0.79956055
31035,0.6829834,-2.2645569,0.84533691
31036,0.93811035,-2.2167969,0.57098389
31037,0.88043213,-2.2299194,0.64056397
31038,0.79879761,-2.2744751,0.66192627
31039,0.80932617,-2.2164917,0.62347412
31040,0.89172363,-2.124176,0.62149048
31041,0.91613769,-2.118988,0.59570313
31042,0.74447632,-2.1212769,0.60516357
31043,0.77880859,-2.0655823,0.4006958
31044,0.95214844,-2.2241211,0.28106689
31045,1.0467529,-2.0581055,0.33096314
31046,1.0494995,-2.1051025,0.12832642
31047,0.86273193,-1.8861389,0.10238648
31048,0.81939697,-1.9670105,0.12451172
31049,1.2709045,-2.0846558,-0.076446533
31050,1.1340332,-2.1166992,0.14038086
31051,1.1312866,-2.0343018,0.10787964
31052,1.2149048,-1.8716431,0.039672852
31053,1.3900757,-1.8972778,-0.1638794
31054,1.3755798,-1.82724,-0.12939453
31055,1.4379883,-1.6372681,-0.14312744
31056,1.2731934,-1.7060852,-0.28533936
31057,0.990448,-1.678009,-0.36270142
31058,1.022644,-1.6676331,-0.41687012
31059,1.1312866,-1.5592957,-0.53756714
31060,0.88668823,-1.3870239,-0.60852051
31061,0.98571777,-1.4515686,-0.62805176
31062,1.3516235,-1.4012146,-0.42648315
31063,1.2423706,-1.3363647,-0.6237793
31064,1.1251831,-1.3194275,-0.79025269
31065,1.1235046,-1.257782,-0.85693359
31066,1.1408997,-1.1820984,-0.7119751
31067,1.1938477,-1.0591125,-0.87799072
31068,1.2443542,-0.98205566,-0.90423584
31069,1.2770081,-0.89477539,-0.89294434
31070,1.1668396,-0.97198486,-0.92773438
31071,1.3380432,-0.80993652,-0.96435547
31072,1.3119507,-0.68283081,-1.0560608
31073,1.3302612,-0.74676514,-0.99716187
31074,1.2704468,-0.73486328,-0.99716187
31075,1.1755371,-0.77926636,-1.0531616
31076,1.1195374,-0.69381714,-1.166687
31077,1.0684204,-0.5947876,-1.151886
31078,1.038208,-0.40252686,-1.0926819
31079,0.95336914,-0.52139282,-1.1541748
31080,0.98114014,-0.47119141,-1.1132813
31081,0.9538269,-0.37155151,-1.2249756
31082,0.87493897,-0.21118164,-1.1976624
31083,0.93963623,-0.1600647,-1.3117981
31084,0.89981079,-0.078887939,-1.3973999
31085,0.84411621,0.046234131,-1.3833618
31086,0.83633423,0.097808838,-1.3877869
31087,0.90957642,-0.020599365,-1.4450073
31088,0.45669556,-0.73303223,-1.2339783
31089,0.66650391,-0.12664795,-1.2796021
31090,0.43670654,0.14709473,-1.6131592
31091,0.64407349,0.30975342,-1.7138672
31092,0.4347229,0.27648926,-1.5319824
31093,0.51727295,0.34759522,-1.3284302
31094,0.47851563,0.19973755,-1.4338684
31095,0.39047241,0.39276123,-1.2562561
31096,0.29388428,0.47393799,-1.3630676
31097,0.074768066,0.65109253,-1.4616394
31098,0.3074646,0.84152222,-1.5126038
31099,-0.050506592,0.74554443,-1.3252258
31100,-0.065917969,0.79528809,-1.3446045
31101,-0.069122314,0.85327148,-1.2562561
31102,-0.16952515,0.78796387,-1.3096619
31103,-0.060272217,1.0276794,-1.3046265
31104,-0.25665283,1.1051941,-1.2167358
31105,-0.063171387,0.85266113,-1.2559509
31106,-0.365448,1.0171509,-1.2013245
31107,-0.27816772,1.1419678,-1.1410522
31108,-0.44525147,0.98587036,-1.2353516
31109,-0.27099609,1.081543,-1.2489319
31110,-0.43426514,0.96923828,-1.1361694
31111,-0.52001953,0.90545654,-1.1190796
31112,-0.46981811,1.0858154,-1.2365723
31113,-0.52215576,1.1555481,-1.1776733
31114,-0.68328857,1.2892151,-1.0272217
31115,-0.75134277,1.3360596,-1.015625
31116,-0.72601318,1.2129211,-0.98678589
31117,-0.56457519,1.2727356,-0.91323853
31118,-0.92498779,1.2626648,-0.90621948
31119,-0.87677002,1.1508179,-0.75988769
31120,-1.0891724,1.2837219,-0.89828491
31121,-1.1167908,1.3818359,-0.74768066
31122,-1.1859131,1.3728333,-0.52337647
31123,-1.366272,1.3493347,-0.48233032
31124,-1.2533569,1.4454651,-0.63613892
31125,-1.3618469,1.3208008,-0.56747437
31126,-1.4421082,1.2518311,-0.60577393
31127,-1.4187622,1.2510681,-0.5305481
31128,-1.5168762,1.1987305,-0.53878784
31129,-1.5620422,1.3572693,-0.47714233
31130,-1.7356873,1.2792969,-0.340271
31131,-1.6003418,1.2234497,-0.32196045
31132,-1.6677856,1.3607788,-0.27984619
31133,-1.7347717,1.158905,-0.24658203
31134,-1.9129944,1.3830566,0.007476807
31135,-1.9689941,1.5098572,-0.003662109
31136,-1.9015503,1.5344238,0.02532959
31137,-1.9909668,1.4450073,-0.12237549
31138,-1.877594,1.386261,0.075378418
31139,-1.8804932,1.3719177,0.11657715
31140,-1.8995666,1.3156128,0.27313232
31141,-2.0094299,1.1618042,0.34210205
31142,-2.0544434,1.1958313,0.21652222
31143,-2.0146179,1.2905884,0.29037476
31144,-2.0228577,1.2072754,0.41763306
31145,-2.0477295,1.1102295,0.52947998
31146,-2.1081543,1.0617065,0.45394897
31147,-2.1359253,1.1627197,0.56884766
31148,-2.1582031,1.137085,0.56640625
31149,-2.1080017,1.0733032,0.83816528
31150,-2.1408081,0.95855713,0.6678772
31151,-1.9636536,0.87081909,0.60974121
31152,-2.0922852,0.86868286,0.71289063
31153,-2.1653748,0.74523926,0.7371521
31154,-2.0285034,0.68756103,0.77407837
31155,-2.194519,0.57846069,0.95550537
31156,-2.0271301,0.6262207,0.92910767
31157,-2.1357727,0.71655273,0.84228516
31158,-2.199707,0.47424316,1.0510254
31159,-2.2337341,0.61676025,1.0731506
31160,-2.3530579,0.38864136,1.1418152
31161,-2.2543335,0.37994385,1.2573242
31162,-2.5512695,0.36575317,1.2564087
31163,-2.1934509,0.30395508,1.2367249
31164,-2.6228333,0.21652222,1.2817383
31165,-2.4024963,0.13656616,1.2490845
31166,-2.3945618,0.12649536,1.4212036
31167,-2.3538208,0.081481934,1.5797424
31168,-2.8416443,-0.1373291,1.7280579
31169,-2.2174072,-0.32440186,1.5318298
31170,-2.0973206,-0.26748657,1.5357971
31171,-2.023468,-0.2142334,1.5750122
31172,-2.2390747,-0.4447937,1.5875244
31173,-1.9876099,-0.42678833,1.7512512
31174,-1.9642639,-0.40496826,1.9293213
31175,-1.9642639,-0.67321777,1.9436646
31176,-1.917572,-0.55633545,1.6427612
31177,-2.0217896,-0.66329956,1.9056702
31178,-1.7480469,-0.73883057,1.8859863
31179,-1.9866943,-0.7484436,1.7628479
31180,-1.7454529,-0.85952759,1.7616272
31181,-1.9830322,-0.88668823,1.9084167
31182,-2.0610046,-1.0406494,2.0317078
31183,-1.7306519,-1.0098267,1.8403625
31184,-1.8191528,-0.93963623,2.1014404
31185,-1.6021729,-0.88378906,2.0678711
31186,-1.6400146,-1.1309814,1.9207764
31187,-1.6520691,-1.4079285,1.993103
31188,-1.4321899,-1.1448669,1.9439697
31189,-1.6175842,-1.3726807,1.8209839
31190,-1.5844727,-1.2416077,1.9909668
31191,-1.3116455,-1.4381409,1.9294739
31192,-1.3848877,-1.7512512,1.950531
31193,-1.5617371,-1.6360474,1.9247437
31194,-1.8005371,-1.8440247,1.7678833
31195,-1.622467,-1.7456055,1.8159485
31196,-1.3417053,-1.807251,1.7555237
31197,-1.7178345,-2.0033264,1.8234253
31198,-1.7837524,-2.0892334,1.8563843
31199,-1.3601685,-2.0031738,1.8722534
31200,-0.99655151,-1.7027283,1.8643188
31201,-0.84869385,-1.7655945,2.0834351
31202,-0.73913574,-1.9805908,2.1542358
31203,-0.76721191,-2.0986938,1.9570923
31204,-0.67581177,-2.0381165,1.9207764
31205,-0.56427002,-2.0976257,1.8933105
31206,-0.57037353,-2.1406555,1.9534302
31207,-0.48110962,-2.1669006,1.999054
31208,-0.55953979,-2.171936,1.8545532
31209,-0.52185059,-2.1003723,1.7767334
31210,-0.47592163,-2.0645142,1.8681335
31211,-0.44189453,-2.1627808,1.789856
31212,-0.33676147,-2.333374,1.7102051
31213,-0.28335571,-2.3579407,1.6349792
31214,-0.25756836,-2.3152161,1.5919495
31215,-0.16708374,-2.4049377,1.7024231
31216,-0.14053345,-2.3823547,1.6157532
31217,-0.040740967,-2.3846436,1.4163208
31218,0.11138916,-2.4073792,1.5312195
31219,0.075378418,-2.3117065,1.5567017
31220,0.008239746,-2.2544861,1.4491272
31221,0.21240234,-2.3542786,1.4941406
31222,0.26702881,-2.4859619,1.5385437
31223,0.28045654,-2.4038696,1.3362122
31224,0.32302856,-2.3622131,1.1851501
31225,0.49102783,-2.4043274,1.0595703
31226,0.54656982,-2.3779297,0.96008301
31227,0.51193237,-2.3580933,0.98068237
31228,0.58639526,-2.1063232,1.0296631
31229,0.54489136,-2.2648621,0.86471558
31230,0.63171387,-2.3728943,0.76049805
31231,0.74951172,-2.117157,0.56976318
31232,0.76126099,-2.5137329,0.72113037
31233,0.79025269,-2.4801636,0.62896728
31234,0.90011597,-2.3478699,0.61645508
31235,1.0101318,-2.2755432,0.5847168
31236,0.88760376,-2.3262024,0.54367065
31237,0.94436646,-2.3295593,0.45425415
31238,0.96313477,-2.2877502,0.44342041
31239,1.0577393,-2.1250916,0.22293091
31240,1.0754395,-2.3106384,0.47821045
31241,0.9916687,-2.1574402,0.10879517
31242,1.2513733,-2.1615601,0.16601563
31243,1.0710144,-1.9863892,0.058288574
31244,1.1590576,-2.1699524,0.061187744
31245,1.0269165,-2.1510315,0.090332031
31246,1.2127686,-2.0484924,0.055236816
31247,1.2742615,-2.0721436,0.086975098
31248,1.1981201,-2.0355225,-0.005493164
31249,1.2123108,-2.0140076,-0.035247803
31250,1.1888123,-2.043457,-0.06729126
31251,1.2814331,-1.860199,-0.13458252
31252,1.1035156,-1.9566345,-0.29602051
31253,1.2635803,-1.8209839,-0.22033691
31254,1.1538696,-1.8217468,-0.21972656
31255,1.1608887,-1.6241455,-0.53085327
31256,1.3510132,-1.3919067,-0.64697266
31257,1.4558411,-1.4160156,-0.6602478
31258,1.4453125,-1.4883423,-0.55419922
31259,1.300354,-1.4648438,-0.71395874
31260,1.4096069,-1.525116,-0.71105957
31261,1.3578796,-1.3427734,-0.64468384
31262,1.3534546,-1.2992859,-0.68878174
31263,1.1665344,-1.2117004,-0.83633423
31264,1.4094543,-1.3757324,-0.81344604
31265,1.240387,-1.1528015,-0.81481934
31266,1.2939453,-1.0728455,-0.91766357
31267,1.3026428,-1.0028076,-0.84228516
31268,1.2362671,-0.73638916,-0.93444824
31269,1.1581421,-0.80917358,-0.99243164
31270,1.0839844,-0.6741333,-1.0488892
31271,1.1886597,-0.71685791,-1.1045837
31272,1.0185242,-0.75439453,-1.1221313
31273,1.0131836,-0.61431885,-1.2913513
31274,0.9147644,-0.69915772,-1.060791
31275,1.0342407,-0.59677124,-1.0243225
31276,0.97686768,-0.34942627,-1.1497498
31277,0.98464966,-1.0189819,-1.1065674
31278,0.95062256,-0.56823731,-1.2435913
31279,0.95825195,0.36270142,-1.3783264
31280,0.90408325,-0.28213501,-1.1982727
31281,1.0139465,-0.20263672,-1.360321
31282,0.83435059,0.012817383,-1.5567017
31283,0.65307617,-0.19607544,-1.4028931
31284,0.54397583,-0.26702881,-1.4732361
31285,0.54199219,-0.37719727,-1.4414978
31286,0.46966553,-0.12496948,-1.4266968
31287,0.51422119,0.12832642,-1.2277222
31288,0.66970825,0.18569946,-1.3973999
31289,0.77514648,0.095367432,-2.0402527
31290,0.55541992,0.32196045,-1.5924072
31291,0.44372559,0.38848877,-1.4929199
31292,0.47607422,0.41473389,-1.4404297
31293,0.38848877,0.42175293,-1.4111328
31294,0.28198242,0.65826416,-1.5232849
31295,0.21087647,0.72906494,-1.45401
31296,0.15274048,0.47119141,-1.4190674
31297,0.15884399,0.55175781,-1.370697
31298,0.22872925,0.73196411,-1.3212585
31299,-0.071411133,0.88104248,-1.4326477
31300,-0.12939453,0.87234497,-1.3146973
31301,-0.10620117,0.86074829,-1.239624
31302,-0.22094727,1.0375977,-1.3546753
31303,-0.15380859,1.1006165,-1.4387512
31304,-0.3604126,1.0455322,-1.1024475
31305,-0.3187561,1.0372925,-1.2799072
31306,-0.50064087,1.2112427,-1.1872864
31307,-0.4826355,1.0552979,-1.1999512
31308,-0.60668945,0.96694946,-1.1087036
31309,-0.61569214,0.98831177,-1.0668945
31310,-0.60379028,1.1134338,-1.1143494
31311,-0.74859619,1.1416626,-0.93353272
31312,-0.74859619,1.3540649,-1.0453796
31313,-0.82550049,1.5429688,-1.0298157
31314,-0.87127685,1.5679932,-0.97763062
31315,-0.90560913,1.3923645,-0.86791992
31316,-0.92453003,1.2765503,-0.94909668
31317,-0.94818115,1.3061523,-0.80596924
31318,-1.0632324,1.3911438,-0.90118408
31319,-1.2237549,1.4248657,-0.88516235
31320,-1.1529541,1.3464355,-0.68908691
31321,-1.3032532,1.5533447,-0.63964844
31322,-1.3922119,1.3467407,-0.45120239
31323,-1.2780762,1.5881348,-0.74249268
31324,-1.428833,1.3873291,-0.37261963
31325,-1.4727783,1.4691162,-0.30487061
31326,-1.594696,1.2565613,-0.23239136
31327,-1.6360474,1.4227295,-0.23986816
31328,-1.5914917,1.4457703,-0.1411438
31329,-1.6717529,1.244812,-0.21591187
31330,-1.6427612,1.0279846,-0.47134399
31331,-1.8399048,1.3020325,-0.2255249
31332,-1.7546082,1.3064575,-0.19104004
31333,-1.7123413,1.3191223,-0.021820068
31334,-1.7488098,1.2533569,0.070800781
31335,-1.7866516,1.1752319,-0.044250488
31336,-1.7962646,1.0514832,0.19378662
31337,-1.9218445,1.2461853,0.26290894
31338,-1.9207764,1.1361694,0.24383545
31339,-1.9709778,0.93414307,0.29663086
31340,-2.0280457,0.92422485,0.41717529
31341,-2.0323181,0.84472656,0.40802002
31342,-1.9454956,0.9928894,0.43304443
31343,-2.1759033,1.0354614,0.39993286
31344,-2.0838928,0.73852539,0.66223144
31345,-2.1058655,2.1450806,0.48156738
31346,-2.2036743,0.94299316,0.69259644
31347,-2.2473145,0.83358765,0.64712524
31348,-2.4699402,0.92941284,0.81237793
31349,-2.2784424,0.84838867,0.71014404
31350,-2.3706055,0.73913574,0.84838867
31351,-2.2036743,0.77087402,0.94192505
31352,-2.3252869,0.51635742,1.0093689
31353,-2.3419189,0.53665161,1.1599731
31354,-2.245636,0.48553467,1.257019
31355,-2.5144958,0.22827148,1.1798096
31356,-2.3458862,0.26824951,0.98480225
31357,-2.2360229,0.19699097,1.4822388
31358,-2.2068787,0.2885437,0.80078125
31359,-2.1109009,0.16784668,1.1853027
31360,-2.2131348,0.18737793,1.3070679
31361,-2.1199036,0.10284424,1.3302612
31362,-1.9441223,0.046386719,1.4041138
31363,-2.2845459,-0.037536621,1.3136291
31364,-2.1582031,0.048217773,1.3961792
31365,-2.0559692,-0.020599365,1.3471985
31366,-2.1687317,-0.34606934,1.4944458
31367,-2.1662903,-0.34484863,1.499176
31368,-2.3120117,-0.24291992,1.708374
31369,-2.2947693,-0.28747559,1.7105103
31370,-2.1147156,-0.37078857,1.6479492
31371,-2.4661255,-0.43167114,1.6893005
31372,-2.1499634,-0.63034058,1.6094971
31373,-2.2840881,-0.47393799,1.8734741
31374,-2.3895264,-0.66390991,1.9940186
31375,-2.0001221,-0.80215454,2.0794678
31376,-1.9309998,-0.83236694,2.1307373
31377,-1.9979858,-0.90530396,1.856842
31378,-2.0518494,-1.0810852,1.8399048
31379,-1.9223022,-0.92071533,1.9438171
31380,-1.6978455,-0.84533691,2.0515442
31381,-1.7214966,-1.0702515,1.9775391
31382,-1.8704224,-1.2255859,2.1443176
31383,-1.6120911,-1.2878418,1.9262695
31384,-1.8249512,-1.3064575,2.0141602
31385,-1.5093994,-1.2741089,2.1575928
31386,-1.8397522,-1.3845825,2.1028137
31387,-1.3322449,-1.6456604,2.1296692
31388,-1.7097473,-1.7539978,2.1481323
31389,-1.6662598,-1.6934204,2.1696472
31390,-1.552124,-1.8147278,1.9580078
31391,-1.3619995,-1.8812561,1.9146729
31392,-1.3381958,-1.7202759,2.0632935
31393,-1.2374878,-1.7987061,2.1170044
31394,-1.0343933,-1.8968201,2.0109558
31395,-1.1297607,-1.8301392,1.7979431
31396,-0.91400147,-1.8991089,1.8713379
31397,-1.0742188,-1.9343567,1.9126892
31398,-1.0069275,-1.9271851,2.056427
31399,-0.98144531,-1.9750977,1.9151306
31400,-0.8581543,-1.8269348,1.8695068
31401,-0.85220337,-2.0184326,1.7929077
31402,-0.70129394,-2.1426392,1.8351746
31403,-0.66513062,-2.0046997,1.856842
31404,-0.5847168,-2.046814,1.8774414
31405,-0.44113159,-2.1662903,1.8708801
31406,-0.45562744,-2.3060608,1.7959595
31407,-0.44418335,-2.1911621,1.8702698
31408,-0.36529541,-2.0709229,1.8458557
31409,-0.26443481,-2.183075,1.8212891
31410,-0.22613525,-2.190094,1.6732788
31411,-0.20324707,-2.2563171,1.6781616
31412,-0.077819824,-2.2599792,1.7272949
31413,-0.070343018,-2.2555542,1.6700745
31414,-0.007324219,-2.2816467,1.5914917
31415,0.077667236,-2.2705078,1.5640259
31416,0.17730713,-2.2868347,1.4375305
31417,0.20339966,-2.2805786,1.3381958
31418,0.18707275,-2.2929382,1.3534546
31419,0.16357422,-2.4432373,1.4054871
31420,0.19210815,-2.5042725,1.295929
31421,0.29144287,-2.4830627,1.0430908
31422,0.57861328,-2.4116516,1.0281372
31423,0.50170898,-2.3883057,1.1135864
31424,0.40618897,-2.4159241,1.0913086
31425,0.61447144,-2.4873352,0.89859009
31426,0.44021606,-2.3641968,1.0112
31427,0.58532715,-2.2463989,0.95275879
31428,0.70953369,-2.2698975,0.82244873
31429,0.69061279,-2.2363281,0.9777832
31430,0.75241089,-2.1253967,0.82458496
31431,0.82641602,-2.2798157,0.78994751
31432,0.77804565,-2.2624207,0.61126709
31433,0.87844849,-2.2773743,0.58242798
31434,0.78262329,-2.3301697,0.56518555
31435,0.89202881,-2.227478,0.41305542
31436,0.9538269,-2.1949768,0.45349121
31437,1.0101318,-2.0031738,0.38360596
31438,0.99365234,-1.9702148,0.34088135
31439,1.0661316,-2.0201111,0.21759033
31440,1.0693359,-2.1580505,0.29129028
31441,1.0488892,-2.0294189,0.13839722
31442,1.1140442,-1.9381714,0.050201416
31443,1.1325073,-1.9143677,0.03112793
31444,1.1535645,-1.8901062,-0.11169434
31445,1.2319946,-1.8669128,0.00213623
31446,1.3026428,-1.9781494,-0.079345703
31447,1.2275696,-2.0002747,-0.21743774
31448,1.1685181,-1.8753052,-0.16113281
31449,1.2969971,-1.7729187,-0.16113281
31450,1.2860107,-1.7756653,-0.42785644
31451,1.2600708,-1.6717529,-0.390625
31452,1.3545227,-1.8109131,-0.52215576
31453,1.2797546,-1.5966797,-0.55664063
31454,1.2940979,-1.6339111,-0.5632019
31455,1.3623047,-1.4468384,-0.59783935
31456,1.4283752,-1.4634705,-0.55664063
31457,1.4892578,-1.4021301,-0.63598633
31458,1.4746094,-1.3999939,-0.66162109
31459,1.3891602,-1.2413025,-0.70144653
31460,1.3487244,-1.2329102,-0.77667236
31461,1.2971497,-1.3218689,-0.87478638
31462,1.4674377,-1.1743164,-0.79315185
31463,1.4030457,-1.1216736,-0.8795166
31464,1.5725708,-0.98861694,-1.2435913
31465,1.2995911,-0.94177246,-0.9916687
31466,1.2428284,-0.95916748,-1.0708618
31467,1.3021851,-0.88043213,-0.98846435
31468,1.2168884,-0.79269409,-0.95474243
31469,1.1715698,-0.70358276,-1.0351563
31470,1.1245728,-0.71395874,-1.153717
31471,1.1453247,-0.68328857,-1.1698914
31472,1.0847473,-0.67077637,-1.1416626
31473,1.1654663,-0.46478272,-1.1958313
31474,1.1495972,-0.38284302,-1.3214111
31475,0.95413208,-0.5380249,-1.2199402
31476,0.92041016,-0.67382813,-1.3011169
31477,0.86151123,0.89279175,-1.1430359
31478,1.0571289,-0.23620606,-1.2887573
31479,0.85891724,-0.049438477,-1.305542
31480,0.84533691,0.03036499,-1.388092
31481,0.82275391,0.033569336,-1.3269043
31482,0.753479,-0.016784668,-1.350708
31483,0.72723389,0.22018433,-1.4538574
31484,0.71456909,0.12588501,-1.5991211
31485,0.59387207,0.032806396,-1.5319824
31486,0.58441162,0.40557861,-1.5515137
31487,0.55053711,0.40588379,-1.5951538
31488,0.44876099,0.36300659,-1.5313721
31489,0.6918335,0.53161621,-1.2127686
31490,0.25360107,0.50842285,-1.448822
31491,0.27618408,0.38406372,-1.4964294
31492,0.23040772,0.55725098,-1.5136719
31493,0.37246704,0.48797607,-1.4608765
31494,0.17990112,0.73562622,-1.4775085
31495,0.26733398,0.68450928,-1.5858459
31496,-0.24108887,0.73989868,-1.4428711
31497,0.072784424,0.74172974,-1.3633728
31498,-0.029144287,0.86791992,-1.3752747
31499,-0.19668579,0.81680298,-1.337738
31500,-0.079956055,0.9173584,-1.3725281
31501,-0.19470215,1.1073303,-1.2136841
31502,-0.35690308,1.1105347,-1.244812
31503,-0.31280518,0.97595215,-1.1538696
31504,-0.45532227,1.129303,-1.265564
31505,-0.34454346,1.0534668,-1.178894
31506,-0.58517456,1.1000061,-1.1419678
31507,-0.47790527,1.0739136,-1.1195374
31508,-0.59570313,1.0527039,-0.965271
31509,-0.64147949,1.3751221,-0.98373413
31510,-0.67047119,1.3520813,-1.0266113
31511,-0.83740234,1.3232422,-0.94070435
31512,-0.79742432,1.3014221,-0.9689331
31513,-0.9437561,1.2127686,-0.88150024
31514,-0.76644897,1.1515808,-0.87677002
31515,-0.93521118,1.2133789,-0.75958252
31516,-1.1114502,1.2149048,-0.79299927
31517,-1.026001,1.2380981,-0.65963745
31518,-0.99380493,1.3432312,-0.64117432
31519,-1.0137939,1.4105225,-0.75439453
31520,-1.3082886,1.3240051,-0.62927246
31521,-1.3766479,1.2428284,-0.58441162
31522,-1.2696838,1.3757324,-0.60684204
31523,-1.418457,1.2765503,-0.58441162
31524,-1.3371277,1.3478088,-0.49743652
31525,-1.5490723,1.3647461,-0.42221069
31526,-1.8630981,0.77316284,-0.39215088
31527,-1.6293335,0.74676514,-0.50079346
31528,-1.7176819,1.1010742,-0.23712158
31529,-1.680603,1.184082,-0.23193359
31530,-1.7544556,1.3339233,-0.11581421
31531,-1.8438721,1.4068604,-0.033721924
31532,-1.8757629,1.3986206,-0.063323975
31533,-1.6595459,1.4567566,0.13885498
31534,-1.8783569,1.3801575,0.095977783
31535,-1.9148254,1.3601685,0.1248169
31536,-1.9171143,1.2774658,0.2796936
31537,-1.9403076,1.3539124,0.34851074
31538,-1.9287109,1.0971069,0.34332275
31539,-1.9386291,1.1843872,0.39627075
31540,-2.0318604,1.217041,0.36499023
31541,-2.0401001,1.0868835,0.58868408
31542,-2.1269226,0.95108032,0.4649353
31543,-2.0834351,2.1292114,0.54260254
31544,-2.1403503,1.0198975,0.51727295
31545,-2.0967102,0.93048096,0.73196411
31546,-2.0024109,0.76553345,0.71044922
31547,-2.1536255,0.76568603,0.79071045
31548,-2.1595764,0.80474853,0.84289551
31549,-2.2605896,0.809021,0.87234497
31550,-2.1502686,0.63964844,0.79055786
31551,-2.1720886,0.62240601,0.67947388
31552,-2.1473694,0.80184937,0.87707519
31553,-2.0278931,0.67276001,1.0015869
31554,-2.0820618,0.48751831,0.94818115
31555,-2.1362305,0.4536438,1.1791992
31556,-2.1179199,0.41213989,1.1566162
31557,-2.255249,0.58013916,1.287384
31558,-2.4407959,0.4977417,1.3800049
31559,-2.3059082,0.31799316,1.4195251
31560,-2.3330688,0.25436401,1.2921143
31561,-2.2796631,0.13259888,1.4393616
31562,-2.1386719,0.21194458,1.4526367
31563,-2.0654297,0.20965576,1.5365601
31564,-2.2363281,-0.023345947,1.5608215
31565,-2.0372009,-0.19683838,1.5585327
31566,-2.3196411,-0.11535645,1.7108154
31567,-1.9781494,-0.17868042,1.8536377
31568,-2.0114136,-0.29541016,1.6409302
31569,-2.0480347,-0.4145813,1.6926575
31570,-2.0983887,-0.49530029,1.607666
31571,-1.7936707,-0.55587769,1.769104
31572,-1.945343,-0.52246094,1.7485046
31573,-1.9732666,-0.75439453,1.5919495
31574,-2.0491028,-0.64697266,1.7823791
31575,-1.9969177,-0.73822022,1.8530273
31576,-1.8852234,-0.72799683,1.8569946
31577,-1.8206787,-0.91079712,1.9741821
31578,-1.8292236,-1.007843,1.8617249
31579,-1.7669678,-1.0838318,1.8591309
31580,-1.8457031,-0.97167969,1.9013977
31581,-1.6186523,-0.9703064,1.8865967
31582,-1.7828369,-0.97015381,1.9128418
31583,-1.4826965,-1.0253906,1.8873596
31584,-1.5779114,-1.1502075,1.930542
31585,-1.5618896,-1.1972046,1.9282532
31586,-1.3716125,-1.4460754,1.9410706
31587,-1.4099121,-1.5719604,1.862793
31588,-1.4128113,-1.5019226,1.9006348
31589,-1.3536072,-1.6456604,1.8798828
31590,-1.3757324,-2.0196533,1.5258789
31591,-1.5357971,-1.9284058,1.789093
31592,-1.2350464,-1.7218018,1.8740845
31593,-1.1862183,-1.6921997,1.8737793
31594,-1.0092163,-1.794281,1.8659973
31595,-1.1236572,-1.8836975,1.8589783
31596,-1.007843,-1.8850708,2.0126343
31597,-1.022644,-1.8249512,1.8911743
31598,-0.9072876,-1.9158936,1.8119812
31599,-0.8126831,-1.8452454,1.859436
31600,-0.8430481,-2.0059204,1.8081665
31601,-0.52993774,-2.0973206,1.9281006
31602,-0.64788818,-2.0674133,1.9264221
31603,-0.59860229,-2.1206665,1.9128418
31604,-0.54870606,-2.1330261,1.97052
31605,-0.43075561,-2.1957397,1.7419434
31606,-0.34347534,-2.1429443,1.8380737
31607,-0.38101196,-2.1955872,1.8580627
31608,-0.31845093,-2.4827576,1.6516113
31609,-0.32180786,-2.3684692,1.6572571
31610,-0.16784668,-2.194519,1.6403198
31611,-0.12557983,-2.1932983,1.5309143
31612,-0.024261475,-2.1466064,1.5431213
31613,-0.04486084,-2.137146,1.4787292
31614,-0.063781738,-2.141571,1.342926
31615,-0.079803467,-2.30896,1.4009094
31616,-0.009460449,-2.4365234,1.3230896
31617,0.058135986,-2.4279785,1.3172913
31618,0.15838623,-2.3362732,1.3641357
31619,0.35568237,-2.2436523,1.2042236
31620,0.27008057,-2.3323059,1.1131287
31621,0.35598755,-2.2840881,1.2733459
31622,0.43838501,-2.4057007,1.0664368
31623,0.48080444,-2.171936,1.0856628
31624,0.26794434,-2.1835327,0.88241577
31625,0.57342529,-2.1382141,0.96405029
31626,0.60806274,-2.280426,0.80108643
31627,0.62164307,-2.0932007,0.92468262
31628,0.63537598,-2.3020935,0.79833984
31629,0.66162109,-2.339325,0.62911987
31630,0.72692871,-2.3066711,0.71716309
31631,0.72463989,-2.2885132,0.49362183
31632,0.69824219,-2.151947,0.44921875
31633,0.94650269,-1.9892883,0.56900024
31634,0.83145142,-2.048645,0.43273926
31635,0.93399048,-2.109375,0.44555664
31636,0.91400147,-2.1723938,0.58517456
31637,0.84762573,-2.0297241,0.41656494
31638,0.87158203,-2.1203613,0.51101685
31639,0.95840454,-1.8244934,0.30776978
31640,1.0377502,-2.0755005,0.20263672
31641,1.0202026,-1.9897461,0.062255859
31642,1.1038208,-2.1450806,-0.069885254
31643,1.0758972,-2.0040894,-0.11260986
31644,1.1042786,-1.9741821,-0.14129639
31645,1.1581421,-1.9709778,-0.18280029
31646,1.1462402,-1.9496155,-0.14465332
31647,1.1532593,-1.8449402,-0.072937012
31648,1.100769,-1.6642761,-0.17501831
31649,1.1471558,-1.6343689,-0.35552978
31650,1.1653137,-1.7417908,-0.33859253
31651,1.2322998,-1.6394043,-0.3263855
31652,1.104126,-1.6082764,-0.35293579
31653,1.2330627,-1.4434814,-0.53115845
31654,1.1004639,-1.2756348,-0.44143677
31655,1.0913086,-1.4251709,-0.4524231
31656,1.0707092,-1.2188721,-0.49758911
31657,1.383667,-1.5815735,-0.67276001
31658,1.010437,-1.3209534,-0.81298828
31659,1.2286377,-1.2646484,-0.82015991
31660,1.2028503,-1.3278198,-0.77590942
31661,1.1624146,-1.1550903,-0.82519531
31662,1.2490845,-1.2280273,-0.75912476
31663,1.0058594,-0.97824097,-0.80123901
31664,1.0009766,-1.071167,-0.95581055
31665,0.90332031,-0.965271,-0.90316772
31666,0.96832275,-0.69030762,-0.91094971
31667,0.96130371,-0.83801269,-0.91552734
31668,1.0079956,-0.64727783,-0.89950562
31669,0.97595215,-0.66101074,-0.90072632
31670,1.0453796,-0.57846069,-1.0775757
31671,1.1456299,-0.47836304,-1.1309814
31672,1.0223389,-0.58547974,-0.97946167
31673,0.96984863,-0.57769775,-1.2089539
31674,0.97351074,-0.70465088,-1.1903381
31675,0.78262329,0.18798828,-1.2438965
31676,0.67474365,-0.3086853,-1.2460327
31677,0.75622559,-0.20141602,-1.2583923
31678,0.66375732,-0.12573242,-1.3406372
31679,0.69869995,-0.10498047,-1.171875
31680,0.59326172,-0.12878418,-1.1320496
31681,0.63827515,-0.12359619,-1.5194702
31682,0.3793335,0.03112793,-1.4047241
31683,0.31387329,-0.021209717,-1.2284851
31684,0.48522949,0.26367188,-1.5600586
31685,0.41931152,0.18493652,-1.1506653
31686,0.21667481,0.1965332,-1.1816406
31687,0.25543213,0.33782959,-1.1715698
31688,0.21606445,0.52444458,-1.1669922
31689,0.17959595,0.5847168,-1.2599182
31690,0.27496338,0.53878784,-1.3140869
31691,-0.051574707,0.44631958,-1.1807251
31692,0.033721924,0.50140381,-1.2272644
31693,-0.051879883,0.65765381,-1.2889099
31694,-0.15884399,0.68206787,-1.2173462
31695,-0.095977783,0.53878784,-1.1773682
31696,-0.181427,0.7711792,-1.1457825
31697,-0.18722534,0.81481934,-1.0513306
31698,-0.026550293,0.8706665,-1.0591125
31699,-0.20248413,0.88119507,-1.1264038
31700,-0.33020019,0.91659546,-1.204071
31701,-0.3012085,0.85418701,-1.0720825
31702,-0.35400391,0.90316772,-1.1631775
31703,-0.42953491,0.85128784,-0.98434448
31704,-0.37200928,0.8996582,-1.0350037
31705,-0.5581665,0.95657349,-1.0742188
31706,-0.66650391,1.0740662,-1.0142517
31707,-0.71365356,1.1651611,-0.95550537
31708,-0.64941406,1.2109375,-0.86090088
31709,-0.82000732,1.1323547,-0.7963562
31710,-0.78964233,1.0864258,-0.83847046
31711,-0.91262817,1.0395813,-0.75759888
31712,-0.88317871,1.0688782,-0.68084717
31713,-0.80978394,1.1769104,-0.58074951
31714,-0.91400147,1.2405396,-0.5078125
31715,-1.0435486,1.2831116,-0.39108276
31716,-1.0432434,1.164093,-0.51452637
31717,-1.2353516,0.99655151,-0.55221558
31718,-1.1523438,1.0961914,-0.54412842
31719,-1.1561584,1.1700439,-0.40985107
31720,-1.2783813,1.3201904,-0.33721924
31721,-1.3601685,1.2994385,-0.39276123
31722,-1.7227173,0.63690185,-0.70892334
31723,-1.6259766,0.99502563,-0.47531128
31724,-1.7051697,1.1486816,-0.1435852
31725,-1.4715576,1.0978699,-0.10498047
31726,-1.6841125,1.0418701,0.056304932
31727,-1.5855408,1.0601807,-0.042419434
31728,-1.5628052,1.0064697,0.13137817
31729,-1.6671753,1.0499573,0.051422119
31730,-1.7245483,1.0324097,0.062103271
31731,-1.7016602,1.0247803,0.18615723
31732,-1.8341064,1.1790466,0.2746582
31733,-1.7996216,0.87585449,0.35797119
31734,-1.79245,0.87509155,0.22216797
31735,-1.8128967,0.92605591,0.38665772
31736,-1.7776489,0.8984375,0.31555176
31737,-1.920166,0.78460693,0.46630859
31738,-1.9682312,0.90148926,0.49179077
31739,-2.0407104,0.76034546,0.62744141
31740,-1.9102478,0.7661438,0.44067383
31741,-1.9717407,1.3508606,0.55053711
31742,-2.1525574,0.64056397,0.71411133
31743,-2.0257568,0.7723999,0.73165894
31744,-2.0198059,0.69061279,0.80886841
31745,-1.9906616,0.68359375,0.80947876
31746,-1.9975281,0.57067871,0.87661743
31747,-2.0809937,0.55923462,0.82839966
31748,-1.917572,0.60394287,0.99533081
31749,-2.0314026,0.52444458,1.0418701
31750,-1.9784546,0.60745239,1.0498047
31751,-2.0962524,0.27603149,1.0575867
31752,-2.0011902,0.33004761,1.0591125
31753,-2.0368958,0.21484375,1.2176514
31754,-2.1055603,0.042877197,1.1808777
31755,-2.0126343,0.13687134,1.2443542
31756,-2.1034241,-0.009307861,1.2661743
31757,-2.0297241,-0.0390625,1.3902283
31758,-1.9793701,-0.058135986,1.3835144
31759,-2.0866394,0.062103271,1.3471985
31760,-2.1174622,-0.1940918,1.3543701
31761,-2.0420837,-0.19287109,1.4680481
31762,-1.9485474,-0.26092529,1.5335083
31763,-2.0732117,-0.34378052,1.5380859
31764,-2.0878601,-0.37033081,1.546936
31765,-1.9145203,-0.43548584,1.4724731
31766,-1.8994141,-0.56213379,1.4328003
31767,-1.8367004,-0.60272217,1.6526794
31768,-1.7945862,-0.71762085,1.4878845
31769,-1.8421936,-0.5783081,1.5927124
31770,-1.7817688,-0.70800781,1.6894531
31771,-1.7951965,-0.59768677,1.7832947
31772,-1.7886353,-0.91537476,1.8391418
31773,-1.7507935,-0.95809937,1.75354
31774,-1.67099,-0.90667725,1.7341614
31775,-1.6546631,-0.99700928,1.6906738
31776,-1.5452576,-0.87997437,1.678009
31777,-1.6592407,-1.0127258,1.730957
31778,-1.4628601,-1.1712646,1.8002319
31779,-1.6288757,-1.1906433,1.8659973
31780,-1.59729,-1.2380981,1.8989563
31781,-1.4880371,-1.2561035,1.7340088
31782,-1.4079285,-1.340332,1.7700195
31783,-1.3908386,-1.3697815,1.8031311
31784,-1.2312317,-1.3450623,1.9551086
31785,-1.3510132,-1.4247131,1.860199
31786,-1.1685181,-1.6029358,1.8777466
31787,-1.1508179,-1.6322327,1.882782
31788,-1.047821,-1.5374756,1.7500305
31789,-0.96923828,-1.6723633,1.7523193
31790,-1.0446167,-1.887207,1.8960571
31791,-0.85678101,-1.8223572,1.7431641
31792,-0.82138062,-1.8283081,1.8373108
31793,-0.831604,-1.7849731,1.8496704
31794,-0.57769775,-2.0272827,1.7388916
31795,-0.78140259,-2.0095825,1.7225647
31796,-0.66452026,-2.0559692,1.8365479
31797,-0.48736572,-1.9390869,1.6949463
31798,-0.56289673,-2.052002,1.5914917
31799,-0.35003662,-1.9787598,1.620636
31800,-0.48950195,-1.8951416,1.6856384
31801,-0.51773071,-2.0053101,1.6221619
31802,-0.26596069,-2.0127869,1.5364075
31803,-0.31005859,-2.1633911,1.5248108
31804,-0.28839111,-2.2653198,1.5652466
31805,-0.25375366,-2.2117615,1.6143799
31806,-0.23712158,-2.4221802,1.5826416
31807,-0.1449585,-2.06604,1.386261
31808,0.042114258,-2.0259094,1.5344238
31809,0.090942383,-2.0837402,1.5475464
31810,0.03112793,-2.3143005,1.3743591
31811,0.079345703,-2.2947693,1.3575745
31812,0.087585449,-2.2129822,1.3574219
31813,0.13137817,-2.2370911,1.2411499
31814,0.16876221,-2.3474121,1.1178589
31815,0.2053833,-2.1917725,1.0412598
31816,0.36102295,-2.0431519,1.1140442
31817,0.31143189,-2.2106934,1.1273193
31818,0.4006958,-2.2238159,1.0209656
31819,0.43167114,-2.4134827,0.83984375
31820,0.45471191,-2.1321106,0.74829102
31821,0.35186768,-2.1110535,0.94238281
31822,0.56427002,-2.0866394,0.64636231
31823,0.66192627,-1.9906616,0.77133179
31824,0.58044434,-2.1894836,0.60836792
31825,0.60897827,-2.2163391,0.72998047
31826,0.8152771,-2.0965576,0.56488037
31827,0.63171387,-2.1105957,0.33843994
31828,0.71258545,-2.0874023,0.48599243
31829,0.72265625,-2.0230103,0.51681519
31830,0.85403442,-2.0300293,0.3503418
31831,0.83679199,-2.0092773,0.40679932
31832,0.87753296,-1.8286133,0.29586792
31833,1.0139465,-1.910553,0.19073486
31834,0.99578857,-1.9429016,0.234375
31835,0.95001221,-1.9244385,-0.012817383
31836,0.95703125,-1.799469,0.18676758
31837,0.99319458,-1.882782,0.14068603
31838,1.0383606,-1.7811584,0.020751953
31839,1.0031128,-1.8370056,0.084838867
31840,1.1132813,-1.950531,-0.090637207
31841,1.0823059,-1.832428,-0.070953369
31842,1.1077881,-1.6253662,-0.2305603
31843,1.0366821,-1.6122437,-0.3288269
31844,1.0426331,-1.5849304,-0.44143677
31845,0.99441528,-1.6433716,-0.46478272
31846,1.0720825,-1.5493774,-0.46173096
31847,1.048584,-1.5365601,-0.32791138
31848,1.2045288,-1.3487244,-0.35095215
31849,1.0327148,-1.4350891,-0.32302856
31850,1.2051392,-1.3789368,-0.44586182
31851,1.1875916,-1.2483215,-0.57281494
31852,1.1889648,-1.2976074,-0.67672729
31853,1.0906982,-1.1659241,-0.64056397
31854,1.1169434,-1.1759949,-0.6098938
31855,1.1260986,-1.1277771,-0.62866211
31856,1.0035706,-1.0771179,-0.72860718
31857,1.0655212,-1.0636902,-0.78582764
31858,0.98999023,-0.99395752,-1.0183716
31859,1.138916,-0.90454102,-0.80947876
31860,0.92681885,-0.87677002,-0.95947266
31861,1.0403442,-0.7522583,-0.87203979
31862,0.86669922,-0.70892334,-0.99212647
31863,0.8279419,-0.70968628,-1.0507202
31864,0.93338013,-0.54382324,-1.2112427
31865,0.89859009,-0.42526245,-1.2712097
31866,0.90789795,-0.38543701,-1.151886
31867,0.99426269,-0.36819458,-1.1087036
31868,0.87265015,-0.3453064,-1.2481689
31869,0.84030151,-0.46844482,-1.2400818
31870,0.7194519,-0.27328491,-1.1752319
31871,0.61340332,-0.12756348,-1.1138916
31872,0.54779053,-0.12771606,-1.2590027
31873,0.5569458,0.053100586,-1.1859131
31874,0.48400879,-0.35873413,-1.3270569
31875,0.32485962,-0.12207031,-1.471405
31876,0.2986145,-0.21835327,-1.4648438
31877,0.42861939,0.020446777,-1.3609314
31878,0.53741455,0.2406311,-1.2646484
31879,0.52062988,0.32562256,-1.2890625
31880,0.33859253,0.56137085,-1.3108826
31881,0.26763916,0.46783447,-1.2960815
31882,0.25558472,0.30822754,-1.3444519
31883,0.12832642,0.57388306,-1.2017822
31884,0.018615723,0.42510986,-1.2083435
31885,-0.002746582,0.40100098,-1.3696289
31886,0.076293945,0.5154419,-1.1474609
31887,0.000305176,0.63079834,-1.1103821
31888,0.017089844,0.43807983,-1.2188721
31889,-0.058441162,0.62942505,-1.2312317
31890,-0.14831543,0.67504883,-1.1491394
31891,-0.22338867,0.85037231,-1.1216736
31892,-0.24963379,0.79391479,-1.2284851
31893,-0.37704468,0.79788208,-1.0961914
31894,-0.45013428,0.99975586,-1.1036682
31895,-0.56228638,1.0493469,-1.0664368
31896,-0.56289673,1.1421204,-1.0565186
31897,-0.59326172,1.1216736,-1.0055542
31898,-0.65032959,1.1050415,-0.91308594
31899,-0.65048218,0.93261719,-0.8895874
31900,-0.67657471,0.99868774,-0.87600708
31901,-0.70587158,1.0623169,-0.87005615
31902,-0.95565796,1.1453247,-0.80184937
31903,-0.81817627,1.26297,-0.67703247
31904,-0.91308594,1.4115906,-0.60073853
31905,-1.0006714,1.312561,-0.62713623
31906,-1.0604858,1.138916,-0.55374146
31907,-1.169281,1.2768555,-0.58029175
31908,-1.1209106,1.1924744,-0.48858643
31909,-1.2495422,1.2208557,-0.51956177
31910,-1.2283325,1.2863159,-0.48858643
31911,-1.2908936,1.3800049,-0.45684814
31912,-1.3795471,1.3627625,-0.47805786
31913,-1.4430237,1.1398315,-0.32745361
31914,-1.3761902,1.3085938,-0.35736084
31915,-1.4292908,1.1051941,-0.23330688
31916,-1.4430237,1.2246704,-0.2305603
31917,-1.5054321,1.242981,-0.21316528
31918,-1.4685059,1.0502625,-0.24765015
31919,-1.6159058,1.030426,-0.048065186
31920,-1.5948486,1.047821,-0.052947998
31921,-1.7041016,1.1659241,-0.15289307
31922,-1.7449951,1.2849426,0.097808838
31923,-1.756134,1.1828613,0.27816772
31924,-1.5830994,1.4346313,-0.050506592
31925,-1.7572021,1.1006165,0.17181397
31926,-1.7121887,1.0684204,0.3868103
31927,-1.7100525,1.1624146,0.37872314
31928,-1.6625977,1.0896301,0.41122436
31929,-1.8833923,0.96801758,0.38391113
31930,-1.8009949,0.99411011,0.4888916
31931,-2.0373535,1.0552979,0.54504394
31932,-2.026825,0.68374634,0.4560852
31933,-1.9444275,1.0121155,0.44265747
31934,-2.0030212,0.93826294,0.67565918
31935,-1.9418335,0.49102783,0.69564819
31936,-1.8521118,0.61065674,0.831604
31937,-1.9189453,0.64453125,0.83343506
31938,-1.9706726,0.66925049,0.83587647
31939,-2.0506287,0.73043823,0.92102051
31940,-1.8481445,0.60317993,0.92163086
31941,-2.0950317,0.59310913,0.99380493
31942,-2.0648193,0.59417725,1.1152649
31943,-2.0547485,0.2961731,1.0447693
31944,-1.962738,0.35766602,1.1834717
31945,-2.0651245,0.52902222,1.1669922
31946,-2.0503235,0.40344238,1.0592651
31947,-2.0944214,0.37399292,1.1401367
31948,-1.9398499,0.28244019,1.2182617
31949,-1.9741821,0.1322937,1.4408875
31950,-1.9650269,0.14038086,1.3179016
31951,-1.9685364,0.031738281,1.2902832
31952,-2.0739746,-0.084533691,1.4331055
31953,-1.9387817,0.029296875,1.7138672
31954,-2.0533752,-0.14892578,1.3348389
31955,-1.9281006,-0.13580322,1.5039063
31956,-1.9570923,-0.19088745,1.6716003
31957,-1.9032288,-0.20736694,1.5492249
31958,-2.0915222,-0.39199829,1.7385864
31959,-1.9917297,-0.39093018,1.5299988
31960,-1.8008423,-0.46844482,1.6661072
31961,-1.9206238,-0.45700073,1.8179321
31962,-1.7562866,-0.62683106,1.8408203
31963,-1.7028809,-0.8732605,1.8403625
31964,-1.8377686,-0.65368652,1.7744446
31965,-1.809082,-0.99227905,1.9459534
31966,-1.7835999,-0.91308594,1.8554688
31967,-1.6789246,-0.9564209,1.8490601
31968,-1.7327881,-0.97625732,1.9140625
31969,-1.6778564,-1.3240051,1.8809509
31970,-1.6732788,-1.3150024,1.8165588
31971,-1.6098022,-1.3952637,1.8530273
31972,-1.5884399,-1.3204956,2.0532227
31973,-1.5797424,-1.28479,1.9049072
31974,-1.6653442,-1.3230896,1.9953918
31975,-1.5904236,-1.4012146,2.1287537
31976,-1.3601685,-1.4373779,2.0501709
31977,-1.4691162,-1.4419556,1.9787598
31978,-1.2913513,-1.6917419,2.033844
31979,-1.2272644,-1.6362,1.8045044
31980,-1.1932373,-1.6925049,2.0289612
31981,-1.1235046,-1.7651367,2.0925903
31982,-1.0321045,-1.7945862,1.9186401
31983,-1.0411072,-1.5963745,1.8606567
31984,-1.0400391,-1.9506836,1.8347168
31985,-0.96817017,-1.7677307,1.7903137
31986,-0.91781616,-1.9223022,1.8618774
31987,-0.86166382,-1.725769,1.9696045
31988,-0.90301514,-1.8730164,1.8795776
31989,-0.81100464,-1.9799805,2.0591736
31990,-0.72097778,-1.8943787,1.8469238
31991,-0.49453735,-1.9360352,1.7956543
31992,-0.48721314,-2.0855713,1.8911743
31993,-0.41687012,-2.1588135,1.6392517
31994,-0.45394897,-2.2755432,1.7645264
31995,-0.33081055,-2.0532227,1.6931152
31996,-0.34072876,-2.1569824,1.8344116
31997,-0.28198242,-2.0991516,1.6564941
31998,-0.22262573,-2.2123718,1.6119385
31999,-0.18035889,-2.2802734,1.61026
32000,-0.062866211,-2.3002625,1.5287781
32001,-0.005187988,-2.3973083,1.4414978
32002,0.021057129,-2.4719238,1.46698
32003,0.069580078,-2.4072266,1.5818787
32004,0.13839722,-2.3622131,1.5359497
32005,0.24902344,-2.4226379,1.4651489
32006,0.21942139,-2.3692322,1.1659241
32007,0.31509399,-2.4278259,1.2509155
32008,0.31402588,-2.3242188,1.139679
32009,0.32592773,-2.4725342,0.98953247
32010,0.28961182,-2.6062012,0.95672607
32011,0.50292969,-2.3739624,1.0528564
32012,0.6161499,-2.3371887,1.1021423
32013,0.50506592,-2.3719788,0.82977295
32014,0.41931152,-2.4125671,0.84259033
32015,0.52825928,-2.3692322,0.93200684
32016,0.54840088,-2.2944641,0.74966431
32017,0.82397461,-2.3121643,0.71853638
32018,0.67504883,-2.2868347,0.64178467
32019,0.75393677,-2.2131348,0.7585144
32020,0.78781128,-2.0985413,0.68771362
32021,0.87051392,-2.0506287,0.70297241
32022,0.85952759,-2.081604,0.61355591
32023,0.80322266,-2.2566223,0.5670166
32024,0.8102417,-2.1405029,0.44006348
32025,0.8833313,-1.9325256,0.38085938
32026,0.90026856,-1.9979858,0.33309936
32027,1.0006714,-1.9084167,0.29525757
32028,1.0662842,-1.9525146,0.020904541
32029,1.219635,-2.1340942,0.062713623
32030,1.1164856,-1.934967,0.11734009
32031,1.1585999,-1.9239807,-0.059051514
32032,1.1351013,-1.8995666,-0.055999756
32033,1.360321,-2.1209717,-0.20980835
32034,1.1917114,-1.7584229,-0.12039185
32035,1.1798096,-1.8281555,-0.25878906
32036,1.269989,-1.945343,-0.19424438
32037,1.3981628,-1.6996765,-0.33691406
32038,1.3635254,-1.5966797,-0.33493042
32039,1.361084,-1.4819336,-0.35614014
32040,1.3774109,-1.5492249,-0.40557861
32041,1.2135315,-1.4306641,-0.31082153
32042,1.2483215,-1.6717529,-0.5406189
32043,1.2812805,-1.6307068,-0.6111145
32044,1.3050842,-1.3652039,-0.73471069
32045,1.1917114,-1.3282776,-0.64788818
32046,1.2817383,-1.2413025,-0.67306519
32047,1.3220215,-1.1375427,-0.83648682
32048,1.2171936,-1.3591003,-0.78552246
32049,1.3876343,-1.1602783,-0.79055786
32050,1.2901306,-1.0858154,-0.82809448
32051,1.2231445,-0.95535278,-0.89889526
32052,1.2234497,-0.95657349,-1.0551453
32053,1.1494446,-0.909729,-0.94207764
32054,1.0009766,-0.93551636,-0.97702026
32055,1.1207581,-0.81939697,-1.036377
32056,1.1071777,-0.87463379,-1.1131287
32057,1.0772705,-0.72952271,-1.1448669
32058,0.98724365,-0.6842041,-1.240387
32059,1.2002563,-0.68481445,-1.1811829
32060,1.0513306,-0.61096191,-1.2045288
32061,0.99777222,-0.42495728,-1.1431885
32062,0.92422485,-0.36468506,-1.1860657
32063,1.0340881,-0.2281189,-1.2677002
32064,0.8164978,-0.30914307,-1.300354
32065,0.70495606,-0.20812988,-1.2953186
32066,0.79360962,-0.19836426,-1.4854431
32067,0.90789795,-0.17456055,-1.4427185
32068,0.45425415,-0.54855347,-1.6220093
32069,0.31616211,-0.76690674,-1.6818237
32070,0.46127319,-0.4447937,-1.4863586
32071,0.66696167,-0.18951416,-1.4524841
32072,0.55496216,0.5078125,-1.40625
32073,0.63751221,0.23468018,-1.2973022
32074,0.60791016,0.32363892,-1.3719177
32075,0.51864624,0.45715332,-1.2240601
32076,0.48217773,0.42419434,-1.2991333
32077,0.38208008,0.57601929,-1.3821411
32078,0.36270142,0.60256958,-1.5307617
32079,0.35995483,0.62896728,-1.4987183
32080,0.20431519,0.65383911,-1.3723755
32081,0.21621704,0.77377319,-1.1691284
32082,0.15274048,0.79772949,-1.3999939
32083,0.25924683,0.80612183,-1.4390564
32084,-0.044250488,0.70327759,-1.4581299
32085,0.088043213,0.82336426,-1.434021
32086,-0.13641357,0.83023071,-1.3877869
32087,-0.12207031,0.87310791,-1.3195801
32088,-0.27175903,0.86303711,-1.2402344
32089,-0.20248413,1.0218811,-1.3955688
32090,-0.20263672,1.0813904,-1.1907959
32091,-0.32592773,1.1849976,-1.151123
32092,-0.39245606,1.1401367,-1.1407471
32093,-0.58837891,1.2886047,-0.99609375
32094,-0.62942505,1.1073303,-1.0380554
32095,-0.5557251,1.0517883,-1.0368347
32096,-0.72723389,1.114502,-0.93811035
32097,-0.78292847,1.1029053,-0.87844849
32098,-0.71182251,1.2692261,-1.0430908
32099,-0.912323,1.3552856,-0.95352173
32100,-0.92712402,1.3975525,-0.83526611
32101,-1.035614,1.4329529,-0.72463989
32102,-0.95352173,1.125946,-0.82641602
32103,-0.93856812,1.2785339,-0.77468872
32104,-1.1949158,1.2701416,-0.66558838
32105,-1.2303162,1.3034058,-0.54779053
32106,-1.2602234,1.3130188,-0.55038452
32107,-1.3546753,1.328125,-0.44219971
32108,-1.3252258,1.5060425,-0.40985107
32109,-1.3594055,1.3905334,-0.55358887
32110,-1.302948,1.2670898,-0.23544312
32111,-1.3980103,1.3383484,-0.22247315
32112,-1.4450073,1.3070679,-0.16281128
32113,-1.57547,1.2811279,-0.12802124
32114,-1.6337585,1.1686707,-0.082855225
32115,-1.8237305,0.90988159,-0.17318726
32116,-1.5789795,1.1592102,-0.092315674
32117,-1.6053772,1.2330627,0.02746582
32118,-1.7292786,1.2020874,-0.081176758
32119,-1.8765259,1.0623169,0.184021
32120,-1.7675781,1.1962891,0.14419556
32121,-1.9343567,1.0339355,0.12786865
32122,-1.9122314,1.1116028,0.16036987
32123,-1.8377686,1.0700989,0.24963379
32124,-1.8386841,0.99411011,0.48522949
32125,-2.0800781,0.96237183,0.50994873
32126,-2.1478271,0.98083496,0.57388306
32127,-2.1884155,1.000824,0.53817749
32128,-2.202301,0.92498779,0.62347412
32129,-2.0788574,0.84655762,0.69534302
32130,-2.1943665,0.96511841,0.64849853
32131,-2.1438599,0.96694946,0.73791504
32132,-2.30896,0.84014893,0.76812744
32133,-2.2825623,0.70281982,0.97381592
32134,-2.2035217,0.81787109,0.97732544
32135,-2.2122192,0.54199219,0.87707519
32136,-2.1907043,0.57983398,0.99990845
32137,-2.2618103,0.52536011,0.8921814
32138,-2.1554565,0.70465088,0.85693359
32139,-2.1624756,0.53192139,1.0177612
32140,-2.1247864,0.51528931,1.0548401
32141,-2.1403503,0.49133301,1.2174988
32142,-2.2142029,0.26443481,1.1901855
32143,-2.1881104,0.18936157,1.1763
32144,-2.172699,0.17700195,1.4215088
32145,-2.2061157,0.32424927,1.388855
32146,-2.1488953,0.077667236,1.3920593
32147,-2.063446,0.00213623,1.431427
32148,-2.0556641,-0.077514648,1.5454102
32149,-1.9519043,-0.11871338,1.3044739
32150,-2.0860291,-0.10055542,1.5086365
32151,-2.1672058,-0.21270752,1.4477539
32152,-2.0074463,-0.25772095,1.5168762
32153,-2.0907593,-0.3565979,1.6082764
32154,-2.0869446,-0.47561645,1.7974854
32155,-1.9567871,-0.47363281,1.5367126
32156,-2.024231,-0.49957275,1.8444824
32157,-2.0222473,-0.66558838,1.7521667
32158,-2.0162964,-0.84350586,1.8492126
32159,-1.9445801,-0.96466065,1.7756653
32160,-1.8365479,-0.78811646,1.8701172
32161,-1.791687,-0.82183838,1.9377136
32162,-1.8836975,-0.72891235,1.9506836
32163,-1.7695618,-0.87799072,1.9752502
32164,-1.8086243,-0.8203125,1.778717
32165,-1.681366,-1.1026001,1.7953491
32166,-1.6427612,-1.0868835,1.8493652
32167,-1.6558838,-1.3095093,1.8395996
32168,-1.6171265,-1.1515808,1.9152832
32169,-1.5364075,-1.0873413,1.9767761
32170,-1.5234375,-1.2420654,2.0611572
32171,-1.3830566,-1.0925293,2.0422363
32172,-1.5689087,-1.4260864,2.0219421
32173,-1.4053345,-1.4562988,2.0024109
32174,-1.516571,-1.6184998,1.8489075
32175,-1.3146973,-1.6157532,1.9049072
32176,-1.3630676,-1.6075134,1.9921875
32177,-1.3069153,-1.7883301,1.9474792
32178,-1.2744141,-1.8127441,1.8809509
32179,-1.1325073,-1.6644287,1.7758179
32180,-1.1473084,-1.7895508,1.8815613
32181,-0.99349976,-1.8667603,1.8920898
32182,-0.95611572,-1.8054199,1.8089294
32183,-0.91781616,-1.9168091,1.7932129
32184,-0.72906494,-1.9776916,1.8751526
32185,-0.74295044,-1.9380188,1.9514465
32186,-0.6829834,-1.9671631,1.8969727
32187,-0.57296753,-1.99646,1.8994141
32188,-0.47927856,-2.0214844,1.7044067
32189,-0.5178833,-2.3428345,1.7599487
32190,-0.45547485,-2.1389771,1.7076111
32191,-0.61386108,-2.0724487,1.7550659
32192,-0.36590576,-2.212677,1.7689514
32193,-0.35614014,-2.1438599,1.6337585
32194,-0.33874512,-2.0930481,1.7424011
32195,-0.32958984,-2.2483826,1.7607117
32196,-0.42114258,-2.3727417,1.5939331
32197,-0.17211914,-2.3564148,1.5042114
32198,-0.10223389,-2.4188232,1.5100098
32199,0.10498047,-2.5245667,1.4491272
32200,0.021514893,-2.2984314,1.4045715
32201,0.14648438,-2.2555542,1.3258362
32202,0.21087647,-2.563324,1.4074707
32203,0.3742981,-2.3396301,1.2110901
32204,0.44219971,-2.3118591,1.1601257
32205,0.28640747,-2.27005,1.1416626
32206,0.30899048,-2.2412109,1.1308289
32207,0.37780762,-2.3431396,1.0700989
32208,0.50109863,-2.3869324,0.95458984
32209,0.58639526,-2.3677063,0.99868774
32210,0.72448731,-2.3570251,0.92468262
32211,0.64834595,-2.351532,0.96557617
32212,0.72433472,-2.3194885,0.79772949
32213,0.56350708,-2.4035645,0.91583252
32214,0.67337036,-2.4208069,0.70465088
32215,0.72555542,-2.297821,0.62683106
32216,0.73028565,-2.5314331,0.52581787
32217,0.86212158,-2.3838806,0.57266235
32218,0.96038818,-2.3803711,0.40649414
32219,0.90011597,-2.3764038,0.64697266
32220,1.1750793,-2.4256897,0.37841797
32221,0.88775635,-2.2998047,0.37109375
32222,1.0165405,-1.9703674,0.26687622
32223,1.063385,-2.2015381,0.22109985
32224,1.1425781,-2.1556091,0.2494812
32225,1.2182617,-2.1725464,0.11474609
32226,1.1534119,-2.2088623,0.057983398
32227,1.0624695,-1.9670105,0.1045227
32228,1.270752,-2.071991,0.026855469
32229,1.12854,-1.9520569,-0.071868896
32230,1.282959,-1.9042969,-0.067138672
32231,1.2263489,-1.7332459,-0.41793823
32232,1.4070129,-1.8559265,-0.24078369
32233,1.320343,-1.8206787,-0.29769897
32234,1.2988281,-1.6732788,-0.26672363
32235,1.2359619,-1.6049194,-0.34545898
32236,1.3644409,-1.628418,-0.418396
32237,1.1767578,-1.7877197,-0.46051025
32238,1.1401367,-1.7356873,-0.44265747
32239,1.2086487,-1.4060974,-0.4196167
32240,1.1380005,-1.2759399,-0.58853149
32241,1.2898254,-1.3580322,-0.53359985
32242,1.159668,-1.1839294,-0.59249878
32243,1.2638855,-1.1943054,-0.7270813
32244,1.2191772,-1.282959,-0.68481445
32245,1.1964416,-1.2106323,-0.66482544
32246,1.1502075,-1.1708069,-0.7975769
32247,1.1816406,-0.89477539,-0.90698242
32248,1.0417175,-0.83740234,-0.98449707
32249,1.0731506,-0.99975586,-0.9664917
32250,1.1128235,-0.88104248,-1.0643005
32251,1.1685181,-0.90927124,-1.0229492
32252,1.1199951,-0.83602905,-1.0144043
32253,1.0824585,-0.7131958,-1.0913086
32254,1.0107422,-0.73120117,-1.0673523
32255,1.1462402,-0.43457031,-1.3920593
32256,0.98480225,-0.42449951,-1.287384
32257,1.1004639,-0.6199646,-1.2240601
32258,0.94970703,-0.43121338,-1.0427856
32259,0.98526001,-0.36636353,-1.3011169
32260,0.82977295,-0.090332031,-1.2692261
32261,0.8013916,-0.2217102,-1.2467957
32262,0.89202881,-0.29296875,-1.4640808
32263,0.87600708,-0.03616333,-1.4045715
32264,1.0040283,-0.031890869,-1.3893127
32265,0.51437378,-0.43304443,-1.2158203
32266,0.42144775,-0.56442261,-1.6845703
32267,0.48583984,-0.029907227,-1.6064453
32268,0.80871582,0.091552734,-1.4335632
32269,0.56411743,-0.04196167,-1.5614319
32270,0.64376831,1.2554932,-1.4080811
32271,0.32546997,0.21759033,-1.5325928
32272,0.36499023,0.45288086,-1.4987183
32273,0.34423828,0.50491333,-1.4775085
32274,0.47241211,0.51086426,-1.3923645
32275,0.27770996,0.44540405,-1.2823486
32276,0.2935791,0.61584473,-1.476593
32277,0.15640259,0.55160522,-1.4073181
32278,0.079803467,0.69778442,-1.5026855
32279,0.11672974,0.75775147,-1.280365
32280,0.049438477,0.79055786,-1.2428284
32281,0.026855469,0.73135376,-1.2547302
32282,-0.1071167,0.77285767,-1.3252258
32283,-0.17776489,0.7510376,-1.2359619
32284,-0.22033691,0.94924927,-1.2742615
32285,-0.30792236,0.84869385,-1.1968994
32286,-0.36834717,1.1837769,-1.1248779
32287,-0.25848389,1.1024475,-1.2858582
32288,-0.34515381,1.2826538,-1.2304688
32289,-0.3175354,1.2939453,-1.1099243
32290,-0.5355835,1.3694763,-1.2457275
32291,-0.76553345,1.3774109,-1.1398315
32292,-0.72692871,1.2257385,-1.1958313
32293,-0.70709228,1.2861633,-1.0984802
32294,-0.92926025,1.1807251,-1.0691834
32295,-0.83877563,1.3082886,-1.0319519
32296,-0.87554932,1.4147949,-0.90133667
32297,-0.95977783,1.4924622,-0.92926025
32298,-1.1392212,1.4578247,-0.81985474
32299,-1.0206604,1.4665222,-0.83435059
32300,-1.0246277,1.3952637,-0.7409668
32301,-1.0794067,1.4425659,-0.65673828
32302,-1.2193298,1.3726807,-0.54107666
32303,-1.2825012,1.3800049,-0.46264648
32304,-1.3192749,1.3859558,-0.35507202
32305,-1.3890076,1.3778687,-0.40039063
32306,-1.391449,1.3397217,-0.38009644
32307,-1.4785767,1.3442993,-0.29174805
32308,-1.5859985,1.3883972,-0.27084351
32309,-1.6607666,1.5036011,-0.22979736
32310,-1.7362976,1.4405823,-0.15823364
32311,-1.6989136,1.3812256,-0.27801514
32312,-1.8112183,1.2359619,-0.14846802
32313,-1.8055725,1.3046265,-0.12634277
32314,-1.8838501,1.2234497,-0.13687134
32315,-1.8891907,1.3110352,-0.1184082
32316,-1.7362976,1.3697815,0.079498291
32317,-2.0474243,1.3928223,0.17822266
32318,-2.033844,1.2947083,0.28060913
32319,-2.0336914,1.2150574,0.25100708
32320,-1.9667053,1.1250305,0.39306641
32321,-2.1195984,1.2434387,0.42160034
32322,-2.1372986,1.1979675,0.35675049
32323,-2.1057129,1.105957,0.52703857
32324,-2.1383667,1.2405396,0.49484253
32325,-2.0695496,1.1445618,0.59646606
32326,-2.2149658,0.95596313,0.77468872
32327,-2.109375,0.9262085,0.79864502
32328,-2.2053528,0.78414917,0.67840576
32329,-2.1173096,0.92254639,0.80688477
32330,-2.2158813,0.85800171,0.7649231
32331,-2.1765137,0.70251465,0.88516235
32332,-2.265625,0.62301636,0.95306397
32333,-2.1243286,0.75256348,1.0835266
32334,-2.3292542,0.51208496,1.1282349
32335,-2.3716736,0.27633667,1.1170959
32336,-2.2842407,2.0072937,1.2171936
32337,-2.2955322,0.46813965,1.1566162
32338,-2.104187,0.38909912,1.2556458
32339,-2.1464539,0.46112061,1.2658691
32340,-2.2273254,0.32180786,1.3360596
32341,-2.2465515,0.28305054,1.3543701
32342,-2.1531677,-0.017700195,1.4007568
32343,-2.3445129,0.098876953,1.4653015
32344,-2.169342,0.079498291,1.4276123
32345,-2.1166992,0.22720337,1.2295532
32346,-2.2120667,-0.12069702,1.4347839
32347,-2.0632935,-0.11245728,1.378479
32348,-2.1673584,-0.15136719,1.5461731
32349,-2.1342468,-0.38238525,1.4692688
32350,-2.162323,-0.2645874,1.6789246
32351,-2.2012329,-0.36346436,1.6235352
32352,-2.0747375,-0.54367065,1.5631104
32353,-2.0857239,-0.61294556,1.6564941
32354,-2.0733643,-0.72952271,1.585083
32355,-2.1496582,-0.62362671,1.7114258
32356,-2.0346069,-0.69961548,1.713562
32357,-2.118988,-0.72723389,1.8206787
32358,-1.8229675,-0.79330444,1.9172668
32359,-1.680603,-1.1795044,1.8249512
32360,-1.9244385,-1.1645508,1.7837524
32361,-1.9143677,-1.164856,1.8173218
32362,-1.7329407,-1.0595703,1.8907166
32363,-1.7721558,-1.4630127,1.9308472
32364,-1.579895,-1.33255,2.1292114
32365,-1.7956543,-1.2661743,2.0533752
32366,-1.7198181,-1.4404297,1.9743347
32367,-1.6488647,-1.5287781,2.0617676
32368,-1.5609741,-1.4079285,2.0155334
32369,-1.3447571,-1.2734985,2.2756958
32370,-1.4138794,-1.5808105,2.0605469
32371,-1.361084,-1.723938,1.9824219
32372,-1.3075256,-1.6796875,1.9252014
32373,-1.434021,-1.5698242,2.1398926
32374,-1.3444519,-1.7953491,2.0385742
32375,-1.242218,-2.0129395,2.0143127
32376,-1.1340332,-2.2424316,1.8922424
32377,-1.0571289,-1.998291,2.0704651
32378,-0.97793579,-1.9259644,2.0150757
32379,-1.0746765,-1.9509888,2.0257568
32380,-1.000061,-1.889801,1.9317627
32381,-0.94360352,-1.8759155,2.121582
32382,-0.60684204,-2.0298767,2.0927429
32383,-0.77850342,-2.0654297,2.0477295
32384,-0.68023682,-1.9746399,2.0101929
32385,-0.64529419,-1.9348145,1.9741821
32386,-0.56625366,-2.0944214,1.9180298
32387,-0.43884277,-2.2225952,2.0809937
32388,-0.44128418,-2.1510315,1.9610596
32389,-0.34942627,-2.339325,1.7658997
32390,-0.47729492,-2.3419189,1.8771362
32391,-0.23483276,-2.2190857,1.7512512
32392,-0.21667481,-2.2816467,1.6618347
32393,-0.20309448,-2.2766113,1.7155457
32394,0.028381348,-2.4838257,1.5603638
32395,-0.13595581,-2.4487305,1.45401
32396,-0.053100586,-2.3568726,1.2805176
32397,0.11993408,-2.4263,1.4038086
32398,0.15350342,-2.4533081,1.3572693
32399,0.21316528,-2.2854614,1.4256287
32400,0.31234741,-2.4772644,1.3876343
32401,0.37200928,-2.4916077,1.2727356
32402,0.42861939,-2.5540161,1.3374329
32403,0.43395996,-2.5588989,1.2509155
32404,0.51773071,-2.4455261,1.3201904
32405,0.35293579,-2.5692749,1.1312866
32406,0.64071655,-2.5189209,1.0188293
32407,0.51940918,-2.6794434,1.0098267
32408,0.60668945,-2.4620056,1.0072327
32409,0.70068359,-2.4349976,0.95886231
32410,0.65933228,-2.3165894,0.93414307
32411,0.84625244,-2.4113464,0.82748413
32412,0.65109253,-2.6248169,0.86730957
32413,0.86181641,-2.5881958,0.61950684
32414,0.9286499,-2.3925781,0.56213379
32415,0.9362793,-2.4186707,0.59448242
32416,0.86730957,-2.3445129,0.71151733
32417,0.99975586,-2.4945068,0.44967651
32418,0.97915649,-2.4256897,0.45288086
32419,0.94421387,-2.3550415,0.51498413
32420,0.93231201,-2.2554016,0.45776367
32421,1.0997009,-2.2494507,0.36529541
32422,1.0479736,-2.0707703,0.25207519
32423,1.3020325,-2.0350647,0.15670776
32424,1.3424683,-2.111969,0.17883301
32425,1.1439514,-2.0747375,0.046081543
32426,1.108551,-2.1276855,0.048828125
32427,1.2991333,-2.2068787,-0.014953613
32428,1.2759399,-2.1400452,-0.14923096
32429,1.235199,-1.9961548,-0.016479492
32430,1.3961792,-1.8466187,-0.27587891
32431,1.3302612,-1.7692566,-0.28137207
32432,1.4459229,-1.824646,-0.30853272
32433,1.2733459,-1.8566895,-0.42572022
32434,1.4089966,-1.7427063,-0.42678833
32435,1.3362122,-1.7550659,-0.57418823
32436,1.341095,-1.5133667,-0.48217773
32437,1.4724731,-1.5794373,-0.4145813
32438,1.3998413,-1.6340637,-0.57067871
32439,1.2843323,-1.5167236,-0.5871582
32440,1.4079285,-1.5232849,-0.82061768
32441,1.3467407,-1.3508606,-0.81542969
32442,1.3853455,-1.4051819,-0.6539917
32443,1.3420105,-1.244812,-0.70343018
32444,1.3996887,-1.1987305,-0.77392578
32445,1.3313293,-1.0389709,-0.69458008
32446,1.1691284,-0.90698242,-0.88195801
32447,1.2289429,-1.133728,-0.97229004
32448,1.3845825,-0.86791992,-0.96054077
32449,1.2446594,-0.89172363,-0.9916687
32450,1.2602234,-0.83496094,-0.98571777
32451,1.081543,-0.72097778,-1.0377502
32452,1.0357666,-0.88348389,-1.0127258
32453,1.1730957,-0.68069458,-1.2472534
32454,1.0528564,-0.80810547,-1.282959
32455,0.77392578,-0.59341431,-1.0922241
32456,0.87036133,-0.3012085,-1.1923218
32457,0.95809937,-0.30426025,-1.2199402
32458,0.9022522,-0.36148071,-1.1050415
32459,0.9689331,-0.25283814,-1.2322998
32460,1.0256958,-0.16281128,-1.3079834
32461,0.8694458,-0.087890625,-1.2841797
32462,0.87585449,-0.021820068,-1.3742065
32463,0.77911377,0.052032471,-1.366272
32464,0.77209473,0.017089844,-1.4457703
32465,0.55252075,-0.22338867,-1.4125061
32466,0.58792114,-0.26000977,-1.5853882
32467,0.55923462,-0.009002686,-1.6943359
32468,0.67687988,0.98327637,-1.5625
32469,0.65505981,0.39428711,-1.5330505
32470,0.58547974,0.39764404,-1.3851929
32471,0.48904419,0.43121338,-1.5187073
32472,0.63735962,0.54138184,-1.5489197
32473,0.30273438,0.51803589,-1.5284729
32474,0.26611328,0.69244385,-1.5289307
32475,0.31738281,0.73150635,-1.5809631
32476,0.20858765,0.64315796,-1.558075
32477,0.10147095,0.78338623,-1.2919617
32478,-0.019989014,0.65811157,-1.2609863
32479,-0.002746582,0.67810059,-1.3047791
32480,-0.13565063,0.64544678,-1.2594604
32481,-0.20217895,0.69229126,-1.1250305
32482,-0.209198,0.77026367,-1.2254334
32483,-0.24414063,0.92819214,-1.3438416
32484,-0.362854,1.0772705,-1.5029907
32485,-0.25756836,1.184845,-1.2353516
32486,-0.22537231,1.0850525,-1.1682129
32487,-0.52246094,1.0856628,-1.1180115
32488,-0.70526123,1.174469,-1.1431885
32489,-0.3779602,0.90438843,-1.1643982
32490,-0.79208374,1.0502625,-1.0479736
32491,-0.70404053,1.211853,-1.0025024
32492,-0.60394287,1.1949158,-0.90072632
32493,-0.87310791,1.2802124,-0.82733154
32494,-0.75561523,1.3583374,-0.78704834
32495,-0.8984375,1.3195801,-0.74859619
32496,-1.0159302,1.3023376,-0.91018677
32497,-0.82595825,1.2590027,-0.7572937
32498,-1.0560608,1.065979,-0.84381103
32499,-1.0636902,1.2399292,-0.7460022
32500,-1.1978149,1.2884521,-0.66101074
32501,-1.2190247,1.3801575,-0.70800781
32502,-1.2760925,1.4990234,-0.58853149
32503,-1.191864,1.4682007,-0.53573608
32504,-1.3320923,1.4994812,-0.45272827
32505,-1.3693237,1.4750671,-0.41046143
32506,-1.4332581,1.408844,-0.32608032
32507,-1.658783,0.96466065,-0.58227539
32508,-1.6569519,1.4161682,-0.25039673
32509,-1.4007568,1.4141846,-0.2470398
32510,-1.6020203,1.3619995,-0.28625488
32511,-1.5258789,1.3299561,-0.18936157
32512,-1.578064,1.3220215,-0.13336182
32513,-1.7608643,1.4361572,-0.007324219
32514,-1.8641663,1.1952209,0.094146729
32515,-1.8562317,1.2379456,0.012207031
32516,-1.7134094,1.267395,0.057373047
32517,-1.7773438,1.2875366,0.19485474
32518,-1.9549561,1.0888672,0.2772522
32519,-1.9198608,1.0816956,0.27786255
32520,-1.9664001,1.1308289,0.31539917
32521,-1.9822693,1.1869812,0.19073486
32522,-2.1170044,1.1230469,0.42068481
32523,-1.7906189,1.0528564,0.34973144
32524,-1.9328308,1.0810852,0.30792236
32525,-1.9726563,1.0897827,0.45715332
32526,-2.2344971,0.85693359,0.68054199
32527,-2.0187378,0.80841065,0.69717407
32528,-2.0269775,0.71533203,0.57693481
32529,-2.155304,0.85235596,0.70159912
32530,-2.0640564,0.53710938,0.69381714
32531,-2.0492554,0.70297241,0.81939697
32532,-2.2686768,0.5368042,0.84655762
32533,-2.1000671,0.39764404,0.77987671
32534,-2.1008301,0.57373047,0.94970703
32535,-2.0120239,0.42510986,0.75195313
32536,-2.2122192,0.46661377,1.1135864
32537,-2.1832275,0.42724609,1.1685181
32538,-2.0770264,0.15167236,1.0998535
32539,-2.2454834,0.16464233,1.1929321
32540,-2.2181702,0.27481079,1.2811279
32541,-2.0625305,0.063476563,1.3919067
32542,-2.0317078,-0.12527466,1.4216614
32543,-2.1537781,-0.072631836,1.3644409
32544,-2.0347595,0.022583008,1.4331055
32545,-2.1725464,-0.004119873,1.5461731
32546,-2.1359253,0.088500977,1.3928223
32547,-2.1005249,-0.21270752,1.4834595
32548,-2.0501709,-0.31356811,1.5768433
32549,-2.0272827,-0.48568726,1.678772
32550,-2.2424316,-0.68237305,1.5080261
32551,-1.9726563,-0.33432007,1.7259216
32552,-1.9168091,-0.28945923,1.7512512
32553,-1.582489,-0.57937622,1.7507935
32554,-2.0353699,-0.68893433,1.6844177
32555,-1.8986511,-0.62637329,1.7744446
32556,-1.8115234,-0.86593628,1.7391968
32557,-1.8525696,-0.85540772,1.9592285
32558,-1.870575,-0.90515137,1.739502
32559,-1.4489746,-1.0362244,1.9316101
32560,-1.8443298,-0.83831787,1.4678955
32561,-1.802063,-1.1129761,1.7892456
32562,-1.525116,-1.1885071,1.9326782
32563,-1.5390015,-1.1199951,1.9284058
32564,-1.5563965,-1.0250854,2.0277405
32565,-1.4419556,-1.2283325,2.0301819
32566,-1.4892578,-1.3114929,1.9641113
32567,-1.6105652,-1.403656,1.8759155
32568,-1.4079285,-1.4848328,1.8200684
32569,-1.5725708,-1.4802551,1.7408752
32570,-1.315918,-1.5249634,1.7581177
32571,-1.5014648,-1.7028809,1.9589233
32572,-1.0473633,-1.7854309,1.8049622
32573,-1.33255,-1.7948914,1.8861389
32574,-1.3394165,-1.7800903,2.0549011
32575,-1.0797119,-1.7245483,1.8843079
32576,-1.1024475,-1.6090393,2.0069885
32577,-0.93704224,-1.7269897,2.0358276
32578,-0.92147827,-1.7015076,1.9807434
32579,-0.99990845,-1.6644287,1.9143677
32580,-0.93597412,-1.8504334,1.9100952
32581,-0.71914673,-1.7448425,1.8482971
32582,-0.68984985,-1.7631531,1.8618774
32583,-0.71029663,-1.8417358,1.8734741
32584,-0.61431885,-1.9830322,1.7886353
32585,-0.53146362,-2.1347046,1.8450928
32586,-0.51528931,-2.094574,1.8617249
32587,-0.45471191,-2.076416,1.8518066
32588,-0.4637146,-2.0954895,1.7301941
32589,-0.33386231,-2.1250916,1.6053772
32590,-0.36651611,-2.1429443,1.4828491
32591,-0.32470703,-2.1943665,1.6741943
32592,-0.29586792,-2.119751,1.6743469
32593,-0.034637451,-2.2517395,1.5925598
32594,-0.036468506,-2.252655,1.5606689
32595,-0.25482178,-2.1511841,1.5161133
32596,-0.085449219,-2.151947,1.2687683
32597,0.19989014,-2.1150208,1.2602234
32598,0.058746338,-2.0690918,1.3453674
32599,0.19836426,-2.4703979,1.2771606
32600,0.14450073,-2.1638489,0.98739624
32601,0.2142334,-2.2416687,1.058197
32602,0.25772095,-2.0835876,1.0839844
32603,0.19195557,-2.3538208,1.0229492
32604,0.4057312,-2.2660828,1.0272217
32605,0.59249878,-2.4354553,1.0107422
32606,0.50109863,-2.2549438,0.96908569
32607,0.58807373,-2.245636,0.99472046
32608,0.42526245,-2.3327637,0.91308594
32609,0.62072754,-2.217865,0.74081421
32610,0.72875977,-2.1733093,0.78521728
32611,0.80261231,-2.0999146,0.7220459
32612,0.77682495,-2.1556091,0.6111145
32613,0.69610596,-2.1902466,0.59249878
32614,0.78063965,-2.0440674,0.60470581
32615,0.86013794,-2.3017883,0.62011719
32616,0.96862793,-2.2595215,0.62393188
32617,0.83984375,-2.1055603,0.39886475
32618,0.88806152,-2.2364807,0.42007446
32619,0.88684082,-2.116394,0.15716553
32620,1.0717773,-2.1040344,0.25848389
32621,0.92285156,-2.1408081,0.21820068
32622,1.0023499,-2.0431519,0.18737793
32623,1.0281372,-2.0263672,0.1045227
32624,1.1520386,-2.0167542,0.10162354
32625,1.0279846,-1.8798828,0.00869751
32626,1.209259,-1.7868042,-0.093994141
32627,1.1012268,-1.781311,-0.073699951
32628,1.157074,-1.8017578,-0.12786865
32629,1.2054443,-1.6506958,-0.19256592
32630,1.1883545,-1.6539001,-0.23223877
32631,1.2004089,-1.5759277,-0.35064697
32632,1.184082,-1.381073,-0.34881592
32633,1.0292053,-1.4468384,-0.35842895
32634,1.1380005,-1.4073181,-0.36560059
32635,1.1938477,-1.4071655,-0.56915283
32636,1.0578918,-1.3378906,-0.73287964
32637,1.0940552,-1.3269043,-0.70922852
32638,1.1393738,-1.3664246,-0.67840576
32639,1.2257385,-1.1769104,-0.63552856
32640,1.0649109,-1.1454773,-0.54290772
32641,1.3912964,-1.2861633,-0.75683594
32642,1.2304688,-1.1859131,-0.81283569
32643,1.0977173,-0.98876953,-0.80551147
32644,1.0449219,-0.93292236,-0.79101563
32645,1.1404419,-0.89782715,-0.84686279
32646,1.0832214,-0.82244873,-0.80154419
32647,0.97351074,-0.78582764,-0.86761475
32648,1.076355,-0.85647583,-0.98968506
32649,0.84960938,-0.84579468,-1.072998
32650,0.93643188,-0.74447632,-1.0665894
32651,0.90209961,-0.76675415,-1.133728
32652,0.90576172,-0.62301636,-1.2741089
32653,0.99563599,-0.59936523,-1.15448
32654,0.85128784,-0.37750244,-1.268158
32655,0.87600708,-0.22583008,-1.1801147
32656,0.77087402,-0.27999878,-1.1068726
32657,0.87677002,-0.28182983,-1.3650513
32658,0.80657959,-0.36651611,-1.2193298
32659,0.75942993,-0.14007568,-1.3427734
32660,0.72021484,-0.17608643,-1.177063
32661,0.64422607,-0.048217773,-1.0871887
32662,0.49911499,-0.30426025,-1.3679504
32663,0.44326782,-0.13900757,-1.0173035
32664,0.53939819,-0.17929077,-1.0983276
32665,0.61035156,-0.10177612,-1.2969971
32666,0.47027588,-0.095367432,-1.1686707
32667,0.34301758,0.10620117,-1.2045288
32668,0.4296875,0.25283814,-1.197052
32669,0.30014038,0.41992188,-1.2406921
32670,0.24215698,0.44799805,-1.2258911
32671,0.11779785,0.47607422,-1.2573242
32672,0.11245728,0.53527832,-1.4294434
32673,0.20706177,0.60806274,-1.2341309
32674,-0.034179688,0.53787231,-1.2641907
32675,0.040588379,0.46432495,-1.2458801
32676,-0.025024414,0.6237793,-1.1911011
32677,0.016174316,0.69580078,-1.2136841
32678,-0.13763428,0.58349609,-1.2579346
32679,-0.18188477,0.63323975,-1.2072754
32680,-0.3779602,0.72402954,-1.1402893
32681,-0.2835083,0.66864014,-1.1853027
32682,-0.47958374,0.91400147,-1.0432434
32683,-0.51925659,1.0566711,-0.95962524
32684,-0.5406189,1.0734558,-0.94665527
32685,-0.51849365,1.1360168,-0.94787598
32686,-0.6149292,1.0629272,-0.86425781
32687,-0.59814453,1.0427856,-1.1198425
32688,-0.70358276,0.9765625,-1.0836792
32689,-0.70251465,1.0517883,-1.0708618
32690,-0.71563721,1.0929871,-0.94680786
32691,-0.79895019,1.0768127,-0.91659546
32692,-0.79971313,1.2142944,-0.93719482
32693,-0.88104248,1.1022949,-0.95275879
32694,-0.98510742,1.1485291,-0.74005127
32695,-0.909729,1.0723877,-0.58837891
32696,-1.0786438,0.99380493,-0.52276611
32697,-1.2083435,1.0369873,-0.62530518
32698,-1.2591553,1.0902405,-0.43579102
32699,-1.3119507,1.2091064,-0.33813477
32700,-1.2124634,1.1911011,-0.45410156
32701,-1.2458801,1.1392212,-0.28793335
32702,-1.3479614,0.99136353,-0.24993897
32703,-1.3778687,0.68664551,-0.47073364
32704,-1.4892578,0.74935913,-0.61630249
32705,-1.6751099,0.99731445,-0.21392822
32706,-1.6358948,1.1709595,-0.10604858
32707,-1.6299438,1.244812,-0.11886597
32708,-1.541748,1.222229,-0.1473999
32709,-1.6197205,1.1647034,-0.06652832
32710,-1.5054321,1.1582947,0.00213623
32711,-1.7581177,1.1810303,0.073699951
32712,-1.9187927,1.1193848,0.20278931
32713,-1.796875,1.2841797,0.17379761
32714,-1.7398071,1.1463928,-0.044403076
32715,-1.7404175,1.1846924,0.32623291
32716,-1.8757629,1.182251,0.33111572
32717,-1.9668579,1.1585999,0.3314209
32718,-1.9448853,0.92681885,0.52062988
32719,-1.8908691,1.023407,0.42449951
32720,-1.9787598,1.1029053,0.36682129
32721,-1.8153381,0.87631226,0.51803589
32722,-1.9407654,0.81787109,0.54321289
32723,-2.0648193,0.73822022,0.67398071
32724,-2.0854187,0.6262207,0.68496704
32725,-2.1032715,0.51818848,0.76385498
32726,-2.1209717,0.65704346,0.77728272
32727,-2.1025085,0.57861328,0.72540283
32728,-2.0176697,0.49484253,0.80123901
32729,-2.0341492,0.49530029,0.93048096
32730,-2.1842957,0.43273926,0.91979981
32731,-2.0297241,0.18722534,0.93261719
32732,-1.9442749,0.15319824,1.083374
32733,-2.048645,0.50109863,1.1851501
32734,-1.9087219,0.26428223,1.1714172
32735,-1.8701172,0.23574829,1.2031555
32736,-1.9261169,0.25238037,1.2626648
32737,-2.1186829,0.043487549,1.0185242
32738,-2.2497559,-0.26977539,1.1454773
32739,-1.6351318,0.008544922,0.94665527
32740,-1.8675232,0.16738892,1.3632202
32741,-1.9966125,-0.11291504,1.4369202
32742,-1.9085693,-0.088348389,1.3822937
32743,-2.0178223,-0.25253296,1.6293335
32744,-1.9125366,-0.21209717,1.579895
32745,-1.932373,-0.32211304,1.5473938
32746,-1.895752,-0.40725708,1.5374756
32747,-1.9230652,-0.39825439,1.736145
32748,-1.7379761,-0.52642822,1.6401672
32749,-1.8089294,-0.54214478,1.4605713
32750,-1.7515564,-0.59768677,1.6033936
32751,-1.8438721,-0.72616577,1.7486572
32752,-1.7233276,-0.69519043,1.7234802
32753,-1.7308044,-0.73684692,1.7591858
32754,-1.7958069,-0.65887451,1.8107605
32755,-1.6696167,-0.78277588,1.7919922
32756,-1.8017578,-0.82244873,1.7367554
32757,-1.6409302,-1.0272217,1.5330505
32758,-1.6275024,-1.1553955,1.7559814
32759,-1.5089416,-1.2861633,1.8478394
32760,-1.4379883,-1.131134,1.6911316
32761,-1.4134216,-1.1813354,1.619873
32762,-1.4744568,-1.2356567,1.8093872
32763,-1.4007568,-1.2197876,1.8527222
32764,-1.3380432,-1.2687683,1.7689514
32765,-1.449585,-1.2934875,1.9006348
32766,-1.2928772,-1.3890076,1.8429565
32767,-1.3290405,-1.4997864,1.9282532
32768,-1.1488342,-1.6241455,1.8363953
32769,-1.2141418,-1.5397644,1.8557739
32770,-1.1598206,-1.5487671,1.8814087
32771,-0.95443726,-1.7478943,1.8835449
32772,-0.79574585,-1.6343689,1.7701721
32773,-0.83648682,-1.6973877,1.8856812
32774,-0.89660644,-1.5731812,1.8186951
32775,-0.80230713,-1.6815186,1.7533875
32776,-0.75164795,-1.7729187,1.661377
32777,-0.60287476,-1.8045044,1.7272949
32778,-0.5960083,-1.6390991,1.7750549
32779,-0.60302734,-1.8370056,1.7860413
32780,-0.49041748,-1.8806458,1.5739441
32781,-0.54000854,-1.9564819,1.7192078
32782,-0.42922974,-2.1105957,1.5490723
32783,-0.41290283,-2.1980286,1.6682434
32784,-0.24536133,-2.0417786,1.6539001
32785,-0.32958984,-1.9003296,1.6864014
32786,-0.30563355,-2.0861816,1.578064
32787,-0.1512146,-2.0977783,1.4405823
32788,-0.12207031,-2.1670532,1.3188171
32789,-0.026550293,-2.2190857,1.4082336
32790,0.066223145,-2.3822021,1.2573242
32791,0.011291504,-2.2129822,1.1750793
32792,0.14068603,-2.3181152,1.3365173
32793,0.078430176,-2.166748,1.2367249
32794,0.17333984,-2.0272827,1.1599731
32795,0.28793335,-2.0121765,1.1102295
32796,0.36178589,-1.9807434,1.1729431
32797,0.45318603,-2.1365356,1.1489868
32798,0.44448853,-2.141571,1.0168457
32799,0.46218872,-2.1551514,1.0375977
32800,0.51513672,-2.2019958,1.0386658
32801,0.53878784,-2.2045898,1.0025024
32802,0.54214478,-2.3513794,0.91812134
32803,0.61950684,-2.2538757,0.78735352
32804,0.69168091,-2.1850586,0.70037842
32805,0.60348511,-1.8667603,0.74905396
32806,0.61782837,-2.1983337,0.66543579
32807,0.71487427,-1.9842529,0.63018799
32808,0.75759888,-1.9610596,0.56915283
32809,0.70114136,-1.9107056,0.49835205
32810,0.73760986,-1.9769287,0.47683716
32811,0.83618164,-1.9493103,0.42800903
32812,0.84457397,-2.0106506,0.33325195
32813,0.84167481,-1.8449402,0.32714844
32814,0.90209961,-1.7944336,0.2835083
32815,0.92834473,-1.9406128,0.16799927
32816,0.89706421,-1.7678833,0.25375366
32817,1.0827637,-1.9232178,0.11505127
32818,1.0955811,-1.9290161,-0.007324219
32819,1.0632324,-1.7971802,-0.14785767
32820,0.92071533,-1.8740845,-0.12451172
32821,1.0681152,-1.7648315,-0.13870239
32822,1.1581421,-1.7436218,-0.16830444
32823,1.0476685,-1.8418884,-0.25619507
32824,1.1004639,-1.8399048,-0.30731201
32825,1.1108398,-1.728363,-0.06149292
32826,1.1294556,-1.5501404,-0.15975952
32827,1.2782288,-1.5048218,-0.25482178
32828,1.1387634,-1.3450623,-0.24002075
32829,1.1558533,-1.35849,-0.50125122
32830,1.1985779,-1.4819336,-0.54077148
32831,1.0498047,-1.3969421,-0.45593262
32832,1.2666321,-1.2211609,-0.51925659
32833,1.1488342,-1.1935425,-0.65093994
32834,1.1463928,-1.2071228,-0.56915283
32835,1.133728,-1.1186218,-0.66619873
32836,1.1935425,-1.1210632,-0.84716797
32837,1.2232971,-0.89660644,-0.7611084
32838,1.1959839,-0.95504761,-0.72601318
32839,1.2272644,-0.83847046,-0.80841065
32840,1.0566711,-0.83938599,-0.95001221
32841,0.99533081,-0.61004639,-0.86517334
32842,1.053009,-0.64346313,-0.91140747
32843,0.79772949,-0.56350708,-0.89996338
32844,0.96466065,-0.38208008,-0.98876953
32845,0.88226318,-0.38818359,-1.0275269
32846,0.85510254,-0.46981811,-0.95535278
32847,0.90698242,-0.62942505,-1.0942078
32848,0.91506958,-0.53787231,-1.0380554
32849,0.79360962,-0.2935791,-1.1003113
32850,0.93170166,-0.22140503,-1.1157227
32851,0.69885254,-0.16693115,-1.3673401
32852,0.83557129,-0.26107788,-1.1296082
32853,0.66574097,-0.14526367,-1.2142944
32854,0.71792603,-0.30441284,-1.2210083
32855,0.77590942,-0.061950684,-1.1685181
32856,0.65093994,-0.025024414,-1.1955261
32857,0.63568115,-0.099334717,-1.1489868
32858,0.5909729,-0.15686035,-1.3442993
32859,0.6942749,-0.12786865,-1.4407349
32860,0.46173096,0.070800781,-1.41922
32861,0.36209106,0.15838623,-1.4726257
32862,0.4208374,0.23254395,-1.1587524
32863,0.4057312,0.37368774,-1.1877441
32864,0.13580322,0.1638794,-1.2806702
32865,0.21728516,1.1816406,-1.4624023
32866,0.10437012,0.41976929,-1.2841797
32867,-0.003509521,0.56640625,-1.1895752
32868,0.15792847,0.57327271,-1.2695313
32869,-0.040893555,0.72097778,-1.3760376
32870,-0.18249512,0.83953857,-1.2490845
32871,-0.12207031,0.80963135,-1.2882996
32872,-0.18753052,0.95672607,-1.1048889
32873,-0.2482605,0.9362793,-1.187439
32874,-0.21484375,0.89096069,-1.0662842
32875,-0.44067383,0.98144531,-0.8908081
32876,-0.42678833,1.0429382,-0.90667725
32877,-0.54840088,0.88562012,-1.0479736
32878,-0.47424316,0.90545654,-0.98739624
32879,-0.56884766,1.1239624,-0.9602356
32880,-0.62805176,1.1277771,-0.93688965
32881,-0.68328857,1.3552856,-0.99517822
32882,-0.69290161,1.3160706,-0.92010498
32883,-0.7711792,1.1434937,-0.96054077
32884,-0.79956055,1.1911011,-0.91613769
32885,-0.73287964,1.1427307,-0.87783813
32886,-0.87402344,1.0900879,-0.70907593
32887,-0.90332031,1.0998535,-0.68359375
32888,-0.87219238,1.2353516,-0.60562134
32889,-1.0972595,1.2812805,-0.66497803
32890,-1.2063599,1.2245178,-0.57174683
32891,-1.169281,1.3121033,-0.55053711
32892,-1.2806702,1.0476685,-0.45349121
32893,-1.2733459,1.0742188,-0.36437988
32894,-1.368866,1.1083984,-0.36529541
32895,-1.2460327,1.151886,-0.29205322
32896,-1.2991333,1.2103271,-0.43869019
32897,-1.4292908,1.088562,-0.41473389
32898,-1.3195801,1.0998535,-0.32241821
32899,-1.3710022,1.2051392,-0.30380249
32900,-1.5464783,1.0321045,-0.36132813
32901,-1.6223145,1.0438538,-0.23696899
32902,-1.5289307,1.1006165,-0.21011353
32903,-1.7851257,1.169281,0.084533691
32904,-1.5814209,1.1975098,0.039825439
32905,-1.627655,1.0897827,0.090332031
32906,-1.708374,0.93795776,0.15182495
32907,-1.7138672,1.1051941,0.2243042
32908,-1.7614746,1.0850525,0.24536133
32909,-1.8721008,1.207428,0.37567139
32910,-1.9413757,0.9147644,0.47195435
32911,-1.8417358,1.1187744,0.50537109
32912,-1.7431641,0.97747803,0.40252686
32913,-1.7718506,1.0214233,0.57739258
32914,-2.0211792,1.0571289,0.63781738
32915,-1.95755,0.96969604,0.5921936
32916,-2.0002747,0.88165283,0.6539917
32917,-1.9714355,0.7359314,0.66238403
32918,-1.852417,0.78872681,0.78216553
32919,-2.0437622,0.66040039,0.79849243
32920,-1.8907166,0.62805176,0.85998535
32921,-2.0109558,0.51239014,0.83282471
32922,-2.0062256,0.56518555,0.86349487
32923,-2.0655823,0.60058594,0.98709106
32924,-2.1388245,0.48202515,1.0339355
32925,-2.1420288,0.36514282,0.8883667
32926,-2.0565796,0.37185669,0.98312378
32927,-2.0431519,0.31951904,1.0124207
32928,-2.1626282,0.27420044,0.99197388
32929,-2.04422,0.11688232,0.87844849
32930,-2.1316528,-0.069580078,1.1141968
32931,-2.1551514,1.053772,1.3226318
32932,-2.1990967,0.006561279,1.1985779
32933,-2.0826721,-0.022583008,1.2017822
32934,-2.1569824,-0.1348877,1.4581299
32935,-2.0455933,-0.30319214,1.3825989
32936,-2.1305847,-0.23117065,1.2625122
32937,-1.9665527,-0.27130127,1.39328
32938,-1.8557739,-0.17379761,1.5270996
32939,-1.9412231,-0.26901245,1.395874
32940,-2.0536804,-0.42785644,1.6221619
32941,-1.865387,-0.47164917,1.6381836
32942,-1.8753052,-0.41046143,1.7300415
32943,-1.860199,-0.48599243,1.7262268
32944,-1.7453003,-0.519104,1.6578674
32945,-1.8745422,-0.49804688,1.7324829
32946,-1.6737366,-0.61309815,1.6096497
32947,-1.7430115,-0.77636719,1.6271973
32948,-1.6937256,-0.94680786,1.7190552
32949,-1.7218018,-0.97106934,1.7689514
32950,-1.6384888,-1.1790466,2.0193481
32951,-1.7115784,-1.1654663,1.9250488
32952,-1.7585754,-1.3172913,1.8112183
32953,-1.6563416,-1.2612915,1.8856812
32954,-1.4949036,-1.2934875,1.8460083
32955,-1.4956665,-1.0891724,1.9528198
32956,-1.3415527,-1.186676,1.8943787
32957,-1.2937927,-1.5116882,1.7453003
32958,-1.2339783,-1.4872742,1.8597412
32959,-1.2887573,-1.4668274,1.8669128
32960,-1.2809753,-1.5583801,1.9680786
32961,-1.1428833,-1.5983582,1.9563293
32962,-1.1456299,-1.5228271,1.9812012
32963,-1.0736084,-1.5283203,1.8858337
32964,-1.1503601,-1.5315247,1.9224548
32965,-1.1247253,-1.706543,1.6822815
32966,-1.0728455,-1.5960693,1.9264221
32967,-1.0588074,-1.8240356,1.8727112
32968,-0.86380005,-1.807251,1.7280579
32969,-0.82138062,-1.8682861,1.8937683
32970,-0.69091797,-1.8280029,1.9429016
32971,-0.63949585,-1.9245911,1.7947388
32972,-0.59371948,-1.9355774,1.9082642
32973,-0.57785034,-1.79245,1.7956543
32974,-0.56411743,-1.9174194,1.7958069
32975,-0.46432495,-2.0881653,1.6290283
32976,-0.4309082,-1.8942261,1.6767883
32977,-0.33798218,-1.9544983,1.6090393
32978,-0.28900147,-2.0585632,1.5478516
32979,-0.30273438,-2.081604,1.5075684
32980,-0.22521973,-2.2427368,1.4349365
32981,-0.13595581,-2.3080444,1.5222168
32982,-0.062866211,-2.1672058,1.5136719
32983,-0.047454834,-2.159729,1.4363098
32984,-0.009613037,-2.2187805,1.3049316
32985,0.041503906,-2.2079468,1.4013672
32986,0.16540527,-2.2192383,1.3095093
32987,0.2305603,-2.3901367,1.3346863
32988,0.27877808,-2.5126648,1.2631226
32989,0.2861023,-2.4050903,1.1401367
32990,0.30258179,-2.4351501,1.2162781
32991,0.36926269,-2.3933411,1.1552429
32992,0.40130615,-2.311554,1.1515808
32993,0.4284668,-2.2994995,0.92147827
32994,0.45410156,-2.2569275,0.92773438
32995,0.50994873,-2.1511841,0.9298706
32996,0.52444458,-2.1125793,0.86975098
32997,0.56274414,-2.059021,0.72525024
32998,0.62133789,-2.1112061,0.72265625
32999,0.69458008,-1.962738,0.65689087
33000,0.64910889,-2.1659851,0.53955078
33001,0.70068359,-2.1533203,0.60195923
33002,0.728302,-2.0669556,0.45837402
33003,0.81588745,-2.1716309,0.45547485
33004,0.78765869,-2.0889282,0.53833008
33005,0.86303711,-2.2257996,0.44174194
33006,0.93505859,-2.0071411,0.42297363
33007,0.83480835,-2.0019531,0.34881592
33008,1.0333252,-1.9494629,0.20904541
33009,0.99868774,-1.8865967,0.30700684
33010,1.0296631,-2.0509338,0.14129639
33011,1.0821533,-2.0295715,0.14404297
33012,1.0231018,-1.8804932,0.16448975
33013,1.03302,-1.7250061,0.083770752
33014,1.1444092,-1.9219971,0.074310303
33015,1.1819458,-1.9271851,0.002441406
33016,1.1894226,-1.8414307,-0.24017334
33017,1.2832642,-1.7626953,-0.20141602
33018,1.194458,-1.8554688,-0.31143189
33019,1.1369324,-1.8081665,-0.23925781
33020,1.138916,-1.4512634,-0.19134522
33021,1.2005615,-1.4512634,-0.44250488
33022,1.0906982,-1.5206909,-0.37841797
33023,1.1453247,-1.6267395,-0.39703369
33024,1.1051941,-1.5759277,-0.33981323
33025,1.1427307,-1.4447021,-0.63064575
33026,1.1187744,-1.3098145,-0.52520752
33027,1.0510254,-1.3757324,-0.68222046
33028,1.1419678,-1.37146,-0.70663452
33029,1.003418,-1.1096191,-0.72296143
33030,1.0159302,-0.99304199,-0.70114136
33031,1.1471558,-1.0884094,-0.8279419
33032,1.1721802,-1.0527039,-0.91964722
33033,1.2661743,-1.1186218,-0.8543396
33034,1.2104797,-1.1286926,-0.85403442
33035,1.1425781,-0.88119507,-0.91491699
33036,1.1294556,-0.89660644,-0.8883667
33037,1.0383606,-0.75073242,-0.92163086
33038,0.96511841,-0.74035644,-1.0913086
33039,0.94726563,-0.60729981,-1.1062622
33040,1.1755371,-0.49026489,-1.1122131
33041,0.97488403,-0.4637146,-1.1375427
33042,0.97076416,-0.42831421,-1.182251
33043,0.87280273,-0.41320801,-1.1654663
33044,0.96511841,-0.44815064,-1.2530518
33045,0.81771851,-0.37277222,-1.2731934
33046,0.82336426,-0.27267456,-1.2754822
33047,0.76507568,-0.29113769,-1.235199
33048,0.84625244,-0.077819824,-1.4875793
33049,0.79818726,0.054931641,-1.2696838
33050,0.50140381,0.019989014,-1.2310791
33051,0.68206787,-0.25238037,-1.4910889
33052,0.71304321,-0.010223389,-1.3548279
33053,0.54443359,0.23101807,-1.31073
33054,0.5657959,0.03692627,-1.4102173
33055,0.51040649,0.27404785,-1.4691162
33056,0.57220459,0.4498291,-1.4155579
33057,0.38604736,0.47866821,-1.4978027
33058,0.39932251,0.59646606,-1.3200378
33059,0.38467407,0.57540894,-1.3343811
33060,0.2230835,0.58654785,-1.31073
33061,0.11688232,0.66619873,-1.3327026
33062,0.12176514,0.35247803,-1.3314819
33063,0.005645752,1.0275269,-1.3566589
33064,0.045928955,0.60455322,-1.4447021
33065,-0.061035156,0.6968689,-1.204071
33066,-0.068054199,0.834198,-1.2164307
33067,-0.15350342,0.8631897,-1.2016296
33068,-0.13244629,0.89126587,-1.229248
33069,-0.30960083,1.0043335,-1.1860657
33070,-0.38696289,0.97335815,-1.1434937
33071,-0.23025513,1.0983276,-1.1573791
33072,-0.50567627,1.1193848,-1.1227417
33073,-0.44723511,1.0302734,-1.2060547
33074,-0.43045044,1.1083984,-1.1843872
33075,-0.55633545,1.0952759,-1.2162781
33076,-0.60333252,1.1701965,-1.0525513
33077,-0.54672241,1.161499,-0.99243164
33078,-0.74768066,1.3114929,-0.96984863
33079,-0.78979492,1.2760925,-0.99472046
33080,-0.8543396,1.2579346,-0.83587647
33081,-0.86685181,1.2145996,-0.85784912
33082,-0.93566894,1.15448,-0.75958252
33083,-1.0748291,1.2361145,-0.68664551
33084,-1.268158,1.1233521,-0.61401367
33085,-1.1856079,1.116333,-0.79498291
33086,-1.1505127,1.1984253,-0.70281982
33087,-1.20224,1.4778137,-0.63018799
33088,-1.3137817,1.4411926,-0.50445557
33089,-1.2675476,1.1779785,-0.48995972
33090,-1.4408875,1.2174988,-0.52139282
33091,-1.5710449,1.1997986,-0.31539917
33092,-1.4050293,1.3664246,-0.27557373
33093,-1.5255737,1.2133789,-0.25558472
33094,-1.607666,1.1645508,-0.099487305
33095,-1.6918945,1.25,0.032958984
33096,-1.812439,0.77377319,-0.26260376
33097,-1.5795898,1.2423706,-0.062561035
33098,-1.6641235,1.2014771,-0.028076172
33099,-1.8241882,1.0214233,0.020751953
33100,-1.605835,1.1550903,0.12115479
33101,-1.8066406,1.2065125,0.17456055
33102,-1.663208,1.1793518,0.22903442
33103,-1.8092346,1.2110901,0.2897644
33104,-1.8948364,1.0917664,0.26733398
33105,-1.9075012,1.1584473,0.30532837
33106,-2.0597839,0.95458984,0.43731689
33107,-1.943512,0.94238281,0.3163147
33108,-1.9308472,1.0598755,0.40039063
33109,-1.9480896,0.90988159,0.37445068
33110,-2.0126343,0.93780518,0.46600342
33111,-2.0158386,1.0423279,0.59112549
33112,-2.0484924,0.98236084,0.67214966
33113,-2.0191956,0.74691772,0.73974609
33114,-2.118988,0.69366455,0.76904297
33115,-1.9210815,0.75805664,0.8442688
33116,-2.0298767,0.6741333,0.87142944
33117,-2.0080566,0.51086426,0.88134766
33118,-2.118988,0.59555054,0.9803772
33119,-1.9871521,0.56396484,1.0137939
33120,-2.0056152,0.53253174,1.1083984
33121,-2.0257568,0.35827637,1.1618042
33122,-2.0681763,0.25741577,1.0302734
33123,-2.1681213,0.33935547,1.1042786
33124,-2.2964478,0.063018799,1.340332
33125,-2.1255493,0.19805908,1.3745117
33126,-2.1806335,0.53543091,1.2399292
33127,-2.2041321,0.4850769,1.4086914
33128,-2.0141602,0.016021729,1.2556458
33129,-2.1760559,-0.014801025,1.3088989
33130,-2.0750427,0.78811646,1.0971069
33131,-1.9720459,0.46646118,1.486969
33132,-1.9512939,-0.25817871,1.6319275
33133,-2.0124817,-0.34545898,1.6233826
33134,-1.9532776,-0.51971435,1.6377258
33135,-1.9514465,-0.44952393,1.7059326
33136,-2.1386719,-0.52597046,1.8374634
33137,-2.0153809,-0.47653198,1.7590332
33138,-1.9862366,-0.61813354,1.9140625
33139,-1.8652344,-0.72463989,1.8525696
33140,-1.8710327,-0.79849243,1.7913818
33141,-1.8988037,-0.70205688,1.7965698
33142,-1.7404175,-0.78277588,1.885376
33143,-1.7730713,-0.72662353,1.7860413
33144,-1.8463135,-0.79055786,1.8865967
33145,-1.8655396,-1.0169983,1.9851685
33146,-1.7744446,-1.2072754,1.8830872
33147,-1.7776489,-1.1810303,1.9604492
33148,-1.6522217,-1.0826111,2.0457458
33149,-1.660614,-1.0211182,2.0889282
33150,-1.5847778,-1.1306763,2.1151733
33151,-1.4958191,-1.2164307,2.011261
33152,-1.6818237,-1.461792,2.0365906
33153,-1.4128113,-1.3452148,1.9181824
33154,-1.4028931,-1.5675354,2.0999146
33155,-1.3632202,-1.73172,1.8829346
33156,-1.328125,-1.9474792,1.6659546
33157,-1.2796021,-1.8157959,1.9503784
33158,-1.2033081,-1.7785645,1.8566895
33159,-1.1132813,-1.7449951,1.9042969
33160,-1.1915588,-1.8899536,1.8615723
33161,-1.0076904,-1.9682312,1.968689
33162,-0.93856812,-1.7556763,1.9381714
33163,-0.7371521,-1.803894,1.9656372
33164,-0.8531189,-1.8193054,1.7597961
33165,-0.73898315,-1.8955994,1.7860413
33166,-0.753479,-1.8566895,1.7623901
33167,-0.66879272,-2.0066833,1.8875122
33168,-0.4675293,-2.0065308,1.829071
33169,-0.57266235,-2.2337341,1.7053223
33170,-0.75714111,-2.1156311,1.7504883
33171,-0.57159424,-2.0793152,1.7233276
33172,-0.39794922,-2.1464539,1.7202759
33173,-0.45227051,-2.2195435,1.5911865
33174,-0.4095459,-2.3214722,1.645813
33175,-0.46844482,-2.3042297,1.631012
33176,-0.2470398,-2.303772,1.6169739
33177,-0.20507813,-2.3165894,1.7134094
33178,-0.11123657,-2.4504089,1.567688
33179,-0.14221191,-2.4227905,1.5927124
33180,-0.054321289,-2.4143982,1.4556885
33181,0.03326416,-2.4047852,1.4599609
33182,-0.036773682,-2.2798157,1.44104
33183,0.0,-2.2859192,1.3015747
33184,0.25878906,-2.2879028,1.2353516
33185,0.23803711,-2.2201538,1.2765503
33186,0.28030395,-2.2792053,1.2454224
33187,0.26931763,-2.631073,1.1824036
33188,0.37063599,-2.5979614,0.88562012
33189,0.45684814,-2.4472046,0.90866089
33190,0.47439575,-2.0440674,1.0850525
33191,0.54107666,-2.232666,0.98205566
33192,0.62942505,-2.4578857,0.85403442
33193,0.5380249,-2.3182678,0.74462891
33194,0.60028076,-2.5216675,0.81207275
33195,0.60592651,-2.3736572,0.81329346
33196,0.75805664,-2.3670959,0.57815552
33197,0.80154419,-2.3365784,0.46417236
33198,0.77102661,-2.3539734,0.75973511
33199,0.86212158,-2.2218323,0.57296753
33200,0.99990845,-2.3065186,0.41320801
33201,1.0203552,-2.2239685,0.39825439
33202,1.0214233,-2.2393799,0.29434204
33203,1.1268616,-2.0791626,0.3503418
33204,1.048584,-2.1899414,0.28533936
33205,1.1849976,-2.2068787,0.16189575
33206,1.2263489,-2.1661377,0.1461792
33207,1.2461853,-2.1331787,0.12420654
33208,1.2921143,-1.914978,0.063171387
33209,1.3418579,-1.8356323,0.042266846
33210,1.3391113,-1.8968201,-0.12527466
33211,1.3348389,-1.9676209,-0.1625061
33212,1.1709595,-1.8400574,-0.1121521
33213,1.3739014,-1.8664551,-0.17684937
33214,1.4523315,-1.8127441,-0.37719727
33215,1.4103699,-1.7727661,-0.30838013
33216,1.4683533,-1.6552734,-0.43289185
33217,1.231842,-1.7042541,-0.32989502
33218,1.2065125,-1.6665649,-0.37261963
33219,1.1932373,-1.6072083,-0.45349121
33220,1.2150574,-1.6937256,-0.54000854
33221,1.2567139,-1.472168,-0.59844971
33222,1.3195801,-1.2594604,-0.81069946
33223,1.390686,-1.1514282,-0.72479248
33224,1.3330078,-1.2521362,-0.79910278
33225,1.2742615,-1.2820435,-0.75469971
33226,1.1038208,-1.3082886,-0.7963562
33227,1.2374878,-1.0813904,-0.91796875
33228,1.2716675,-1.0583496,-0.96664429
33229,1.2350464,-0.88806152,-0.95153809
33230,1.3986206,-0.94161987,-1.1187744
33231,1.3766479,-0.90118408,-1.0694885
33232,1.2716675,-0.86624146,-1.0327148
33233,1.2541199,-0.69854736,-1.0186768
33234,1.2460327,-0.74768066,-1.1956787
33235,1.0212708,-0.59875488,-1.1737061
33236,1.0821533,-0.75912476,-1.2374878
33237,1.2139893,-0.72387695,-1.2536621
33238,0.95123291,-0.39169311,-1.1761475
33239,0.91308594,-0.3994751,-1.2931824
33240,1.0333252,-0.25405884,-1.3430786
33241,1.0250854,-0.18478394,-1.2966919
33242,0.86685181,-0.13854981,-1.3116455
33243,0.93261719,-0.28594971,-1.3821411
33244,0.89752197,-0.32363892,-1.2643433
33245,0.86669922,-0.1638794,-1.4453125
33246,0.71166992,-0.00213623,-1.5132141
33247,0.65246582,-0.10726929,-1.3545227
33248,0.46005249,-0.23117065,-1.5838623
33249,0.51513672,-0.14389038,-1.5177917
33250,0.58242798,0.11230469,-1.4648438
33251,0.49911499,0.31982422,-1.2644959
33252,0.66223144,0.61035156,-1.3113403
33253,0.39550781,0.64605713,-1.2573242
33254,0.47439575,0.57601929,-1.4573669
33255,0.30456543,0.65628052,-1.5223694
33256,0.37246704,0.37078857,-1.5235901
33257,0.23727417,0.47424316,-1.5379334
33258,0.22827148,0.7421875,-1.5161133
33259,0.25878906,0.77468872,-1.4819336
33260,0.12374878,0.68222046,-1.4013672
33261,0.14602661,0.75561523,-1.6377258
33262,0.01953125,0.63598633,-1.6654968
33263,-0.051879883,0.68130493,-1.5077209
33264,-0.063018799,1.5760803,-1.3006592
33265,-0.18432617,1.0951233,-1.2835693
33266,-0.2734375,1.015625,-1.3397217
33267,-0.34729004,0.94604492,-1.1849976
33268,-0.32928467,0.97579956,-1.1198425
33269,-0.37292481,1.1567688,-1.0321045
33270,-0.48553467,1.1766052,-1.0771179
33271,-0.49728394,1.2113953,-1.1761475
33272,-0.47943115,1.2654114,-1.1618042
33273,-0.72357178,1.2705994,-1.0227966
33274,-0.57937622,1.204834,-1.0099792
33275,-0.72875977,1.1871338,-1.0430908
33276,-0.78048706,1.18927,-1.0083008
33277,-0.79421997,1.3362122,-1.0446167
33278,-0.95321655,1.4556885,-0.86242676
33279,-0.94161987,1.2818909,-0.80505371
33280,-1.031189,1.3330078,-0.75164795
33281,-1.0754395,1.2503052,-0.6993103
33282,-1.1155701,1.3275146,-0.67459106
33283,-1.1915588,1.4486694,-0.56274414
33284,-1.3044739,1.4672852,-0.59448242
33285,-1.2423706,1.4233398,-0.57723999
33286,-1.3209534,1.4309692,-0.46661377
33287,-1.5023804,1.4283752,-0.37521362
33288,-1.3505554,1.3537598,-0.37307739
33289,-1.5681458,1.4086914,-0.44952393
33290,-1.5296936,1.4273071,-0.32012939
33291,-1.6000366,1.3497925,-0.28793335
33292,-1.7871094,0.7800293,-0.35675049
33293,-1.6156006,0.96420288,-0.30349731
33294,-1.7501831,0.96923828,-0.20065308
33295,-1.7906189,1.0881042,0.051269531
33296,-1.8321228,1.1761475,0.021972656
33297,-1.7662048,1.2709045,0.042266846
33298,-1.8450928,1.2408447,0.16555786
33299,-1.839447,1.2719727,0.2255249
33300,-1.9367981,1.2588501,0.30792236
33301,-1.9908142,1.126709,0.36712647
33302,-2.1528625,1.1561584,0.42526245
33303,-2.1348572,1.1669922,0.50354004
33304,-2.1824646,1.2870789,0.51773071
33305,-2.0431519,1.5808105,0.52505493
33306,-2.1704102,1.5689087,0.55099487
33307,-2.2627258,1.4984131,0.66253662
33308,-2.1125793,1.4814758,0.70678711
33309,-2.1101379,1.471405,0.7472229
33310,-2.2547913,1.2591553,0.69839478
33311,-2.1955872,1.3639832,0.76461792
33312,-2.3167419,1.1595154,0.91125488
33313,-2.3135376,1.0456848,0.85021973
33314,-2.2647095,0.74417114,1.0137939
33315,-2.2979736,0.5708313,1.0061646
33316,-2.1110535,0.53268433,1.04599
33317,-2.1994019,0.47012329,1.1203003
33318,-2.2061157,0.56686401,1.1787415
33319,-2.224884,0.3276062,1.1697388
33320,-2.2184753,0.43487549,1.1694336
33321,-2.2369385,0.27908325,1.3018799
33322,-2.2982788,0.19485474,1.2698364
33323,-2.3660278,0.12023926,1.3186646
33324,-2.3065186,0.20889282,1.4212036
33325,-2.2912598,0.21774292,1.3453674
33326,-2.2259521,-0.020904541,1.4651489
33327,-2.1379089,-0.14190674,1.3699341
33328,-2.2277832,-0.30029297,1.4318848
33329,-2.1621704,-0.2180481,1.2307739
33330,-2.0820618,-0.29296875,1.6421509
33331,-2.0506287,-0.30944824,1.6397095
33332,-2.0498657,0.11566162,1.65802
33333,-2.2088623,-0.24536133,1.7323303
33334,-2.1328735,-0.25680542,1.8591309
33335,-2.1568298,-0.47637939,1.7687988
33336,-2.1047974,-0.66497803,1.8299866
33337,-1.9192505,-0.64163208,1.9360352
33338,-1.9477844,-0.83908081,1.9393921
33339,-1.9842529,-0.76766968,1.9691467
33340,-1.9146729,-0.88592529,1.9863892
33341,-2.0977783,-0.98175049,1.9900513
33342,-1.9789124,-0.93963623,2.0042419
33343,-1.9548035,-1.036377,2.0831299
33344,-1.880188,-1.0313416,2.0545959
33345,-1.5922546,-1.2313843,1.9763184
33346,-1.6621399,-1.4225769,1.9596863
33347,-1.622467,-1.6656494,2.0205688
33348,-1.6137695,-1.4550781,2.2537231
33349,-1.541748,-1.2139893,2.3248291
33350,-1.3865662,-1.2207031,2.2351074
33351,-1.4494324,-1.3449097,2.0515442
33352,-1.4874268,-1.5956116,1.9549561
33353,-1.3012695,-1.3841248,2.0819092
33354,-1.3023376,-1.7863464,1.8743896
33355,-1.3912964,-1.5136719,1.9030762
33356,-1.2915039,-1.9184875,1.8310547
33357,-1.1935425,-1.9847107,1.8977356
33358,-1.1506653,-2.1226501,1.8920898
33359,-1.0864258,-1.9970703,1.7930603
33360,-0.97976685,-1.8943787,1.9621277
33361,-1.0842896,-1.7410278,2.0370483
33362,-0.99075317,-1.8258667,1.9807434
33363,-0.77102661,-1.8788147,1.90979
33364,-0.88973999,-2.0135498,2.0281982
33365,-0.81771851,-2.0812988,2.0782471
33366,-0.76293945,-1.8817139,1.9364929
33367,-0.72937012,-2.1160889,1.943512
33368,-0.58502197,-2.0378113,1.7909241
33369,-0.39276123,-2.2294617,1.8740845
33370,-0.40161133,-2.4163818,1.8572998
33371,-0.39886475,-2.3899841,1.7080688
33372,-0.34942627,-2.4699402,1.8960571
33373,-0.26672363,-2.3713684,1.5678406
33374,-0.23178101,-2.4317932,1.5948486
33375,-0.1020813,-2.4041748,1.6737366
33376,-0.11383057,-2.5291443,1.4273071
33377,-0.011749268,-2.6028442,1.362915
33378,0.054626465,-2.5085449,1.3793945
33379,0.08895874,-2.5575256,1.2617493
33380,-0.006103516,-2.5082397,1.2219238
33381,0.23452759,-2.4462891,1.3844299
33382,0.060119629,-2.5085449,1.4715576
33383,0.28320313,-2.3851013,1.3909912
33384,0.53482056,-2.3968506,1.3504028
33385,0.28701782,-2.5469971,1.2860107
33386,0.30258179,-2.5927734,1.1061096
33387,0.4788208,-2.4424744,0.97625732
33388,0.4019165,-2.5169373,0.98876953
33389,0.48431397,-2.4819946,0.95230103
33390,0.59844971,-2.6327515,0.78613281
33391,0.60928345,-2.696228,0.74508667
33392,0.58807373,-2.6712036,0.8605957
33393,0.67016602,-2.5996399,0.81207275
33394,0.65734863,-2.5253296,0.72479248
33395,0.84716797,-2.3706055,0.61080933
33396,0.75210571,-2.3925781,0.58303833
33397,0.97442627,-2.2283936,0.5001831
33398,1.0185242,-2.4345398,0.5368042
33399,1.0961914,-2.2744751,0.52566528
33400,0.98098755,-2.2570801,0.52139282
33401,1.1276245,-2.1829224,0.35797119
33402,1.1450195,-2.3266602,0.42373657
33403,1.131134,-2.5047302,0.37689209
33404,1.0670471,-2.2172546,0.22384644
33405,1.1143494,-2.137146,-0.002746582
33406,1.0586548,-2.1594238,-0.030822754
33407,1.3040161,-2.1484375,-0.12115479
33408,1.2277222,-1.9960022,-0.09979248
33409,1.3090515,-1.8841553,-0.14038086
33410,1.3179016,-1.6822815,-0.15869141
33411,1.3517761,-1.6868591,-0.29953003
33412,1.3446045,-1.7190552,-0.20187378
33413,1.2741089,-1.7660522,-0.17333984
33414,1.3162231,-1.6793823,-0.22964478
33415,1.3804626,-1.6299438,-0.29327393
33416,1.3899231,-1.5734863,-0.31356811
33417,1.3070679,-1.658783,-0.41244507
33418,1.3233948,-1.5968323,-0.51376343
33419,1.3433838,-1.5287781,-0.5796814
33420,1.3272095,-1.5762329,-0.61248779
33421,1.2698364,-1.5400696,-0.71777344
33422,1.2615967,-1.3743591,-0.62789917
33423,1.3751221,-1.3059998,-0.79650879
33424,1.3642883,-1.3024902,-0.81863403
33425,1.4851379,-0.99899292,-0.79345703
33426,1.214447,-1.1474609,-0.83129883
33427,1.1853027,-0.92407227,-0.89477539
33428,1.2733459,-1.0256958,-0.79971313
33429,1.2136841,-0.88500977,-0.90942383
33430,1.235199,-0.9576416,-0.7925415
33431,1.0546875,-0.70678711,-0.91644287
33432,1.1177063,-0.78369141,-0.99990845
33433,1.0899353,-0.70419312,-1.1514282
33434,1.1959839,-0.64239502,-1.2101746
33435,1.2475586,-0.59402466,-1.217041
33436,0.99700928,-0.4560852,-1.2083435
33437,0.90438843,-0.44433594,-1.1801147
33438,0.88256836,-0.35598755,-1.3641357
33439,0.99685669,-0.32073975,-1.3523865
33440,0.88638306,-0.33111572,-1.2150574
33441,0.8908081,-0.26184082,-1.2669373
33442,0.96191406,-0.21957398,-1.3272095
33443,0.71746826,-0.13778687,-1.2181091
33444,0.68649292,-0.093841553,-1.4599609
33445,0.60668945,-0.19744873,-1.4802551
33446,0.59677124,0.075836182,-1.4775085
33447,0.39260864,-0.22369385,-1.5211487
33448,0.47973633,-0.11962891,-1.395874
33449,0.64239502,0.098419189,-1.2457275
33450,0.62225342,0.1550293,-1.4480591
33451,0.72113037,0.24932861,-1.4888
33452,0.46478272,0.41870117,-1.52771
33453,0.46554565,0.48706055,-1.4801025
33454,0.38253784,0.62652588,-1.4254761
33455,0.15411377,0.44616699,-1.4460754
33456,0.059814453,0.69885254,-1.4599609
33457,-0.00793457,0.67886353,-1.2397766
33458,0.083618164,0.79956055,-1.577301
33459,0.065917969,0.81436157,-1.2437439
33460,0.046691895,0.74371338,-1.4041138
33461,-0.092773438,0.73425293,-1.4315796
33462,-0.15701294,0.87539673,-1.4279175
33463,-0.11978149,0.89508057,-1.3139343
33464,-0.28549194,0.85388184,-1.2750244
33465,-0.25512695,1.083374,-1.192627
33466,-0.1826477,1.162262,-1.0940552
33467,-0.39764404,1.1824036,-1.184082
33468,-0.31143189,1.1555481,-1.0887146
33469,-0.54656982,1.1494446,-1.053009
33470,-0.50186157,1.0716248,-1.0424805
33471,-0.65429688,1.0704041,-0.96557617
33472,-0.63461304,1.1157227,-0.97244263
33473,-0.70404053,1.1981201,-0.9046936
33474,-0.74569702,1.2359619,-0.9336853
33475,-0.77255249,1.3000488,-1.0778809
33476,-0.8821106,1.385498,-0.9072876
33477,-0.98693848,1.4624023,-0.93505859
33478,-1.2506104,1.2179565,-0.86349487
33479,-1.0928345,1.4170837,-0.89294434
33480,-1.0769653,1.2890625,-0.82809448
33481,-1.1782837,1.2089539,-0.76934815
33482,-1.2106323,1.3516235,-0.61828613
33483,-1.3117981,1.318512,-0.65322876
33484,-1.3517761,1.3598633,-0.66635132
33485,-1.5124512,1.2831116,-0.32775879
33486,-1.4274597,1.3327026,-0.23956299
33487,-1.5000916,1.3647461,-0.36987305
33488,-1.529541,1.3313293,-0.28625488
33489,-1.6275024,1.3009644,-0.18035889
33490,-1.5315247,1.3092041,-0.41717529
33491,-1.5281677,1.3354492,-0.234375
33492,-1.4926147,1.3328552,-0.067749023
33493,-1.7086792,1.317749,-0.062255859
33494,-1.6656494,1.2028503,-0.085754395
33495,-1.6352844,1.2934875,0.054626465
33496,-1.8310547,1.3331604,0.15884399
33497,-1.9186401,1.0926819,0.1625061
33498,-1.8606567,1.0543823,0.38650513
33499,-1.7927551,0.93963623,0.18051148
33500,-1.8516541,0.99914551,0.25177002
33501,-1.9262695,1.0377502,0.35568237
33502,-1.8963623,1.0023499,0.37139893
33503,-2.0042419,1.0006714,0.43411255
33504,-2.1151733,1.078186,0.5128479
33505,-1.8714905,1.0617065,0.58517456
33506,-2.0410156,0.93688965,0.49362183
33507,-1.9927979,0.91979981,0.5480957
33508,-2.0248413,0.86868286,0.59249878
33509,-2.066803,0.93490601,0.70236206
33510,-2.1365356,0.96405029,0.83862305
33511,-2.1180725,0.75683594,0.93658447
33512,-2.1388245,0.78979492,0.95626831
33513,-2.2842407,0.69885254,1.0733032
33514,-2.1446228,0.4725647,1.0295105
33515,-2.2387695,0.50079346,1.0554504
33516,-2.2659302,0.35400391,1.0394287
33517,-2.1389771,0.18798828,0.98815918
33518,-2.0947266,0.35720825,0.97198486
33519,-2.0205688,0.37261963,1.2113953
33520,-2.1604919,0.27496338,1.2246704
33521,-2.1781921,0.16677856,1.240387
33522,-2.1636963,0.031738281,1.1962891
33523,-2.3002625,0.023193359,1.2350464
33524,-2.2047424,-0.081939697,1.1503601
33525,-2.1963501,0.03326416,1.4344788
33526,-2.2080994,-0.072174072,1.0284424
33527,-2.2677612,-0.23178101,1.2930298
33528,-2.1524048,-0.32989502,1.5675354
33529,-2.2419739,-0.47363281,1.5991211
33530,-2.2541809,-0.5632019,1.6627502
33531,-2.1206665,-0.61965942,1.5159607
33532,-2.071991,-0.39260864,1.7959595
33533,-1.9812012,-0.5670166,1.5357971
33534,-1.8913269,-0.65246582,1.879425
33535,-1.9454956,-0.64346313,1.8768311
33536,-1.966095,-0.62088013,1.7572021
33537,-1.7999268,-0.74020386,1.8199158
33538,-1.8618774,-0.7925415,1.8466187
33539,-1.8269348,-0.82702637,1.7550659
33540,-1.7529297,-0.67840576,1.6981506
33541,-1.9561768,-1.026001,1.8254089
33542,-1.736908,-1.0305786,1.847229
33543,-1.7105103,-1.2306213,1.8615723
33544,-1.4735413,-1.1242676,2.0495605
33545,-1.7034912,-1.280365,2.0796204
33546,-1.5039063,-1.1346436,2.0901489
33547,-1.4663696,-1.3291931,2.2171021
33548,-1.5869141,-1.4532471,1.9329834
33549,-1.4112854,-1.4071655,2.0788574
33550,-1.3894653,-1.5182495,1.7903137
33551,-1.4141846,-1.5020752,1.9177246
33552,-1.4129639,-1.6563416,2.0246887
33553,-1.4259338,-1.8185425,2.1429443
33554,-1.1669922,-1.8417358,1.8692017
33555,-1.3122559,-1.8986511,2.0173645
33556,-1.0839844,-1.8795776,1.9207764
33557,-1.2112427,-1.9018555,2.0901489
33558,-1.020813,-1.9013977,1.8423462
33559,-1.005249,-1.9155884,1.82724
33560,-0.75546265,-1.9082642,1.8843079
33561,-0.83984375,-1.9590759,1.8009949
33562,-0.78216553,-1.9940186,1.8688965
33563,-0.57922363,-2.0661926,1.7835999
33564,-0.55953979,-1.986084,1.8859863
33565,-0.6703186,-2.1318054,1.8325806
33566,-0.58944702,-2.2253418,1.8847656
33567,-0.43670654,-2.3501587,1.7837524
33568,-0.38787842,-2.29599,1.6943359
33569,-0.37628174,-2.1879578,1.7141724
33570,-0.37536621,-2.2096252,1.7449951
33571,-0.23773193,-2.1055603,1.7179871
33572,-0.22857666,-2.2319031,1.648407
33573,-0.17379761,-2.2427368,1.5161133
33574,-0.19378662,-2.4951172,1.4996338
33575,-0.09475708,-2.3718262,1.3844299
33576,-0.093536377,-2.2589111,1.3705444
33577,-0.027160645,-2.361145,1.3417053
33578,0.043487549,-2.2129822,1.3818359
33579,0.065002441,-2.3123169,1.2609863
33580,0.23468018,-2.1311951,1.1810303
33581,0.30090332,-2.2840881,1.1526489
33582,0.3062439,-2.2151184,1.2039185
33583,0.33874512,-2.3457336,1.1061096
33584,0.30899048,-2.3384094,1.2625122
33585,0.362854,-2.2201538,1.1651611
33586,0.48828125,-2.3591614,1.1296082
33587,0.58853149,-2.4789429,1.1276245
33588,0.5871582,-2.4087524,1.0371399
33589,0.62210083,-2.3898315,0.78903198
33590,0.72937012,-2.3956299,0.6842041
33591,0.58837891,-2.3829651,0.74966431
33592,0.72052002,-2.2598267,0.63644409
33593,0.67932129,-2.3342896,0.44799805
33594,0.69580078,-2.2151184,0.42037964
33595,0.86257935,-2.4298096,0.48522949
33596,0.96817017,-2.2796631,0.47424316
33597,0.80047607,-2.2802734,0.44692993
33598,0.89767456,-2.1931458,0.26657105
33599,0.99212647,-2.3095703,0.22399902
33600,0.95840454,-1.9511414,0.28137207
33601,1.0116577,-2.1333313,0.105896
33602,1.0151672,-2.1775818,0.077362061
33603,1.0298157,-1.9737244,0.071105957
33604,1.0427856,-2.0170593,0.098571777
33605,1.0684204,-1.9970703,0.050354004
33606,1.1535645,-1.8457031,0.026702881
33607,1.1181641,-1.8797302,0.072174072
33608,1.1346436,-1.852417,-0.095367432
33609,1.0943604,-1.8469238,-0.16403198
33610,1.1920166,-1.7254639,-0.26916504
33611,1.1836243,-1.6664124,-0.38482666
33612,1.2362671,-1.7951965,-0.39932251
33613,1.1495972,-1.5411377,-0.47332764
33614,1.1447144,-1.5431213,-0.40802002
33615,1.1959839,-1.6189575,-0.43197632
33616,1.1495972,-1.5466309,-0.37750244
33617,1.1398315,-1.4157104,-0.38116455
33618,1.1126709,-1.4237976,-0.43060303
33619,1.322937,-1.2876892,-0.61889648
33620,1.0591125,-1.2582397,-0.69061279
33621,1.2934875,-1.0317993,-0.80627441
33622,1.2193298,-0.94543457,-0.84533691
33623,1.1886597,-0.83343506,-0.9526062
33624,1.2023926,-0.87158203,-0.91720581
33625,1.2411499,-0.86730957,-0.93414307
33626,1.1082459,-0.83618164,-0.92681885
33627,1.0839844,-0.84228516,-1.0101318
33628,1.0054016,-0.84335327,-0.90423584
33629,1.0391235,-0.71014404,-1.1694336
33630,1.0736084,-0.61141968,-1.050415
33631,1.0795593,-0.58990478,-1.0845947
33632,0.90621948,-0.70449829,-1.0821533
33633,1.1190796,-0.46005249,-1.0748291
33634,0.93673706,-0.43167114,-1.0980225
33635,0.97900391,-0.33172607,-1.1270142
33636,0.97579956,-0.32226563,-1.2428284
33637,0.85662842,-0.16769409,-1.1872864
33638,0.82473755,-0.32302856,-1.1732483
33639,0.82519531,-0.2180481,-1.2060547
33640,0.77514648,-0.16403198,-1.2426758
33641,0.66680908,-0.048675537,-1.272583
33642,0.74264526,-0.051879883,-1.2944031
33643,0.56411743,-0.31982422,-1.4715576
33644,0.49880981,-0.022888184,-1.4155579
33645,0.38635254,-0.02243042,-1.4657593
33646,0.68435669,0.097351074,-1.3371277
33647,0.41931152,0.16357422,-1.1372375
33648,0.55465698,0.26290894,-1.1817932
33649,0.36804199,0.23620606,-1.2953186
33650,0.39718628,0.30792236,-1.2567139
33651,0.34362793,0.45303345,-1.2985229
33652,0.22659302,0.59082031,-1.2586975
33653,0.23117065,0.63049316,-1.186676
33654,0.036315918,0.56518555,-1.3194275
33655,0.035095215,0.61126709,-1.2011719
33656,0.010986328,0.55831909,-1.1251831
33657,0.23422241,0.71151733,-1.1575317
33658,-0.034790039,0.77758789,-1.075592
33659,-0.15365601,0.71731567,-1.2432861
33660,-0.12329102,0.72891235,-1.1869812
33661,-0.27191162,0.77728272,-1.2997437
33662,-0.2230835,0.75195313,-1.2036133
33663,-0.3326416,0.87905884,-1.0673523
33664,-0.3263855,1.0826111,-1.1834717
33665,-0.37384033,1.0992432,-1.2651062
33666,-0.44906616,1.1576843,-1.204071
33667,-0.48400879,1.0498047,-1.1351013
33668,-0.47164917,1.2164307,-1.0542297
33669,-0.69244385,1.1251831,-0.99441528
33670,-0.64453125,0.93444824,-1.0494995
33671,-0.75439453,1.1453247,-0.86181641
33672,-0.85189819,1.1833191,-0.86608887
33673,-0.88058472,1.1134338,-0.81329346
33674,-0.98617554,1.1419678,-0.77194214
33675,-0.96206665,1.2374878,-0.76080322
33676,-0.89767456,1.2184143,-0.69885254
33677,-1.0263062,1.1747742,-0.5430603
33678,-0.96572876,1.1584473,-0.49011231
33679,-1.1558533,1.1784363,-0.47348022
33680,-1.0945129,1.0696411,-0.60317993
33681,-1.2081909,1.1398315,-0.56503296
33682,-1.2094116,1.209259,-0.48416138
33683,-1.2338257,1.1575317,-0.50048828
33684,-1.2921143,1.293335,-0.3678894
33685,-1.3018799,1.0780334,-0.64483643
33686,-1.6059875,0.95779419,-0.47821045
33687,-1.5637207,0.98266602,-0.35263061
33688,-1.5859985,1.2217712,-0.29373169
33689,-1.5264893,1.1894226,-0.26000977
33690,-1.5730286,1.0560608,-0.12451172
33691,-1.6534424,1.0961914,-0.002288818
33692,-1.6996765,0.93093872,-0.11535645
33693,-1.6685486,1.0609436,0.15670776
33694,-1.620636,1.105957,0.17288208
33695,-1.7962646,1.0749817,0.26519775
33696,-1.8533325,1.0797119,0.23849487
33697,-1.9403076,0.93933106,0.28686523
33698,-1.9537354,0.91751099,0.45074463
33699,-1.7489624,1.0325623,0.40481567
33700,-1.9470215,0.95962524,0.4838562
33701,-1.7416382,0.89447022,0.47607422
33702,-1.8392944,0.85205078,0.4737854
33703,-1.9473267,0.74172974,0.60699463
33704,-2.0530701,0.89736938,0.6338501
33705,-1.8762207,0.87432861,0.65917969
33706,-2.0188904,0.73516846,0.78445435
33707,-2.0808411,0.68206787,0.74249268
33708,-2.0669556,0.66726685,0.84777832
33709,-2.1066284,0.74188232,0.91186523
33710,-2.1009827,0.6338501,0.86425781
33711,-2.252655,0.48217773,0.93765259
33712,-2.0506287,0.42358398,1.1555481
33713,-2.1028137,0.43777466,1.0469055
33714,-2.1391296,0.34439087,1.1004639
33715,-2.0394897,0.40405273,1.0307312
33716,-2.0770264,0.066986084,1.1785889
33717,-1.9467163,0.28808594,1.1393738
33718,-1.9462585,0.084533691,1.3652039
33719,-2.0317078,0.25024414,1.2774658
33720,-1.9715881,-0.20278931,1.2985229
33721,-1.8934631,-0.14877319,1.2771606
33722,-2.0001221,-0.33782959,1.4187622
33723,-2.1286011,-0.11764526,1.3960266
33724,-1.9758606,-0.30883789,1.1575317
33725,-2.0675659,-0.35507202,1.1756897
33726,-2.0780945,-0.13763428,1.5106201
33727,-1.9793701,-0.22689819,1.587677
33728,-1.9441223,-0.45700073,1.4842224
33729,-1.9845581,-0.31677246,1.6197205
33730,-1.9558716,-0.43121338,1.728363
33731,-1.8466187,-0.41946411,1.6247559
33732,-1.8362427,-0.55175781,1.7642212
33733,-1.7633057,-0.56991577,1.9345093
33734,-1.7382813,-0.69717407,1.8231201
33735,-1.7115784,-0.66604614,1.9125366
33736,-1.5829468,-0.67596435,1.8676758
33737,-1.7027283,-1.0687256,1.676178
33738,-1.7985535,-0.93048096,1.8043518
33739,-1.7523193,-0.94436646,1.8809509
33740,-1.6955566,-1.1836243,1.807251
33741,-1.6447449,-1.1978149,1.8045044
33742,-1.6436768,-1.2335205,1.7858887
33743,-1.6786194,-1.335907,1.8511963
33744,-1.52771,-1.1810303,1.8928528
33745,-1.5104675,-1.1117554,1.8614197
33746,-1.3310242,-1.2129211,1.816864
33747,-1.3470459,-1.174469,1.8693542
33748,-1.0710144,-1.1845398,1.5612793
33749,-1.0571289,-1.4083862,1.8202209
33750,-1.3220215,-1.3735962,1.8351746
33751,-1.244812,-1.5538025,1.7909241
33752,-1.1108398,-1.6093445,1.7880249
33753,-1.0235596,-1.5910339,2.0031738
33754,-1.1369324,-1.6690063,1.8577576
33755,-0.91262817,-1.6966248,1.729126
33756,-0.91873169,-1.7591858,1.7971802
33757,-0.79040527,-1.8678284,1.7330933
33758,-0.70495606,-1.7427063,1.8795776
33759,-0.63903809,-1.9514465,1.7448425
33760,-0.66757202,-1.8887329,1.6403198
33761,-0.53405762,-1.8591309,1.5527344
33762,-0.62866211,-1.9560242,1.6201782
33763,-0.50338745,-2.0777893,1.7248535
33764,-0.40283203,-2.0146179,1.5205383
33765,-0.39489746,-2.0498657,1.541748
33766,-0.43792725,-1.8696594,1.3821411
33767,-0.29968262,-2.09198,1.4297485
33768,-0.29602051,-1.8562317,1.4028931
33769,-0.27099609,-2.2097778,1.5342712
33770,-0.11108398,-2.2061157,1.5339661
33771,-0.18676758,-2.1963501,1.3319397
33772,0.014648438,-2.1505737,1.4254761
33773,-0.14328003,-2.1350098,1.4131165
33774,-0.047607422,-1.9638062,1.282959
33775,0.10223389,-2.0237732,1.4056396
33776,0.16143799,-1.9389343,1.3265991
33777,0.18371582,-2.024231,1.1756897
33778,0.25588989,-2.137146,1.114502
33779,0.33096314,-2.0845032,1.2356567
33780,0.30029297,-2.0758057,1.0928345
33781,0.33752441,-2.1835327,1.0037231
33782,0.40924072,-2.2033691,0.92819214
33783,0.48110962,-2.4507141,0.7711792
33784,0.43914795,-2.4462891,0.57235718
33785,0.58395386,-2.2843933,0.66650391
33786,0.6060791,-2.2673035,0.675354
33787,0.48034668,-2.1806335,0.67443848
33788,0.70556641,-2.1153259,0.49026489
33789,0.63964844,-2.0394897,0.57571411
33790,0.78048706,-2.0329285,0.45120239
33791,0.80383301,-1.9833374,0.43167114
33792,0.80841065,-2.0515442,0.37506103
33793,0.7901001,-2.071991,0.47637939
33794,0.81665039,-1.9813538,0.16815185
33795,0.93109131,-1.8701172,0.32684326
33796,1.0049438,-1.784668,0.26229858
33797,0.86791992,-1.8003845,0.10314941
33798,1.0430908,-1.8701172,0.2822876
33799,0.88470459,-2.1110535,0.25772095
33800,0.96694946,-1.9633484,0.029449463
33801,0.9286499,-1.8804932,-0.16937256
33802,1.1256409,-1.7765808,0.018920898
33803,1.0491943,-1.7637634,0.064086914
33804,0.97915649,-1.5478516,-0.19195557
33805,1.0552979,-1.6220093,-0.10360718
33806,1.1012268,-1.5982056,-0.20721435
33807,0.95336914,-1.6038513,-0.20751953
33808,1.0884094,-1.5452576,-0.16662598
33809,1.1367798,-1.4207459,-0.28121948
33810,1.043396,-1.4335632,-0.44189453
33811,1.1303711,-1.463623,-0.50643921
33812,1.1276245,-1.4712524,-0.55618286
33813,1.124115,-1.3638306,-0.52276611
33814,1.0440063,-1.3676453,-0.52841187
33815,1.1154175,-1.3523865,-0.63995361
33816,1.1372375,-1.0984802,-0.64041138
33817,0.95962524,-1.0675049,-0.75393677
33818,1.0630798,-0.89172363,-0.79208374
33819,0.94924927,-0.80474853,-0.6930542
33820,0.99365234,-0.65460205,-0.90377808
33821,1.0821533,-0.64239502,-0.76461792
33822,1.0287476,-0.71716309,-0.89035034
33823,0.95718384,-0.63049316,-1.010437
33824,1.133728,-0.62255859,-0.95428467
33825,0.94314575,-0.53207397,-0.91384888
33826,1.0498047,-0.62942505,-0.79833984
33827,0.7850647,-0.6048584,-1.0702515
33828,0.97290039,-0.51513672,-0.92895508
33829,0.76477051,-0.66802978,-0.96679688
33830,0.83221435,-0.53970337,-1.0675049
33831,0.64331055,-0.40405273,-1.0653687
33832,0.72128296,-0.15350342,-1.0098267
33833,0.83053589,-0.38696289,-1.1709595
33834,0.70983887,-0.32180786,-1.1254883
33835,0.79910278,-0.18951416,-1.2200928
33836,0.58410644,-0.1739502,-1.3510132
33837,0.70556641,-0.087738037,-1.204834
33838,0.54519653,0.086364746,-1.3508606
33839,0.45547485,0.17868042,-1.4779663
33840,0.28762817,-0.18890381,-1.532135
33841,0.43533325,0.056152344,-1.3290405
33842,0.42678833,0.287323,-1.3423157
33843,0.34210205,0.12954712,-1.3446045
33844,0.20782471,0.30273438,-1.2306213
33845,0.45837402,0.38269043,-1.1741638
33846,0.37963867,0.41381836,-1.2530518
33847,0.26687622,0.37307739,-1.2832642
33848,0.17120361,0.49819946,-1.1935425
33849,0.082397461,0.59234619,-1.2086487
33850,-0.034179688,0.72387695,-1.0931396
33851,-0.17410278,0.675354,-1.000061
33852,-0.019378662,0.76354981,-1.0324097
33853,-0.17486572,0.68939209,-1.0400391
33854,-0.19622803,0.66009522,-1.083374
33855,-0.25421143,0.7484436,-1.0215759
33856,-0.28320313,0.73623657,-1.1447144
33857,-0.20858765,0.69671631,-1.1592102
33858,-0.28091431,0.81344604,-1.1801147
33859,-0.46676636,0.94467163,-1.1726379
33860,-0.55465698,1.0099792,-1.060791
33861,-0.53527832,0.9451294,-0.8480835
33862,-0.49926758,1.0409546,-0.90713501
33863,-0.6199646,0.99533081,-0.80688477
33864,-0.51452637,0.97396851,-0.83724976
33865,-0.70617676,0.84960938,-0.83267212
33866,-0.84609985,0.98846435,-0.75256348
33867,-0.84716797,0.95291138,-0.63064575
33868,-0.86181641,1.0951233,-0.63919067
33869,-0.97549438,1.2245178,-0.51940918
33870,-1.0467529,1.2347412,-0.50506592
33871,-1.1347961,1.1700439,-0.64407349
33872,-1.1058044,1.1727905,-0.53985596
33873,-1.1071777,1.2405396,-0.57556152
33874,-1.1317444,1.2245178,-0.65628052
33875,-1.3102722,1.416626,-0.52490234
33876,-1.2521362,1.2507629,-0.4095459
33877,-1.3182068,1.2243652,-0.43884277
33878,-1.2443542,1.1151123,-0.29769897
33879,-1.3525391,1.0977173,-0.20370483
33880,-1.4300537,1.1203003,-0.19500732
33881,-1.7521667,0.5758667,-0.34484863
33882,-1.6146851,1.0092163,-0.20706177
33883,-1.5263367,1.0754395,-0.069274902
33884,-1.6375732,1.1283875,-0.055236816
33885,-1.6159058,0.98571777,0.16021728
33886,-1.5649414,1.0253906,0.037231445
33887,-1.6259766,0.82229614,0.085296631
33888,-1.4826965,0.96923828,0.12557983
33889,-1.6940308,0.79208374,0.19699097
33890,-1.7224121,0.99639893,0.41473389
33891,-1.6629028,0.82305908,0.45013428
33892,-1.7776489,0.71289063,0.43121338
33893,-1.8182373,0.77911377,0.50582886
33894,-1.8127441,0.60760498,0.52871704
33895,-1.8528748,0.49133301,0.49011231
33896,-1.7767334,0.60729981,0.64270019
33897,-1.9018555,0.55465698,0.74920654
33898,-1.8916321,0.55419922,0.57571411
33899,-1.782074,0.4814148,0.56213379
33900,-2.0982361,0.69442749,0.69946289
33901,-2.0291138,0.66619873,0.69503784
33902,-2.0355225,0.65200806,0.67947388
33903,-2.0751953,0.63400269,0.84915161
33904,-2.1192932,0.57495117,0.91979981
33905,-2.1417236,0.56335449,1.0369873
33906,-2.0799255,0.62713623,1.1647034
33907,-1.9689941,0.36148071,1.1964416
33908,-2.0515442,0.38452148,0.91522217
33909,-2.0535278,0.4624939,1.0134888
33910,-1.9046021,0.22689819,1.1155701
33911,-2.0068359,0.37353516,1.2724304
33912,-2.0715332,0.09979248,1.4335632
33913,-1.9595337,0.1222229,1.4227295
33914,-1.9319153,-0.017089844,1.2995911
33915,-1.9960022,0.069732666,1.3296509
33916,-1.9342041,-0.053405762,1.3299561
33917,-1.973114,0.031738281,1.3697815
33918,-1.8914795,-0.33065796,1.4302063
33919,-1.9085693,-0.23330688,1.4277649
33920,-1.8484497,-0.32958984,1.4360046
33921,-1.9125366,-0.30929565,1.6481018
33922,-1.8138123,-0.38085938,1.4910889
33923,-1.8247986,-0.46646118,1.0386658
33924,-1.945343,-0.61859131,1.3745117
33925,-1.8835449,-0.57846069,1.643219
33926,-1.6557312,-0.75836182,1.5623474
33927,-1.6207886,-0.64727783,1.6213989
33928,-1.9721985,-0.95458984,1.6098022
33929,-1.6093445,-1.0626221,1.7773438
33930,-1.7550659,-1.1300659,1.8453979
33931,-1.7285156,-1.1082459,1.9155884
33932,-1.5820313,-1.1042786,1.8103027
33933,-1.7036438,-1.1270142,1.9412231
33934,-1.4379883,-0.99517822,1.9264221
33935,-1.52771,-1.12854,1.9920349
33936,-1.4926147,-1.3607788,1.8295288
33937,-1.3520813,-1.3969421,1.7875671
33938,-1.3642883,-1.605072,1.856842
33939,-1.4533997,-1.4541626,1.8101501
33940,-1.2805176,-1.3543701,1.7105103
33941,-1.2220764,-1.4030457,1.7074585
33942,-1.2149048,-1.2477112,1.7810059
33943,-1.1242676,-1.3519287,1.7451477
33944,-1.0958862,-1.3432312,1.7303467
33945,-1.0566711,-1.5663147,1.7752075
33946,-1.098175,-1.5264893,1.9244385
33947,-1.0900879,-1.4735413,1.7681885
33948,-1.0665894,-1.6108704,1.7887878
33949,-0.97900391,-1.8836975,1.8405151
33950,-0.82351685,-1.9015503,1.697998
33951,-0.86151123,-1.7063904,1.7951965
33952,-0.7081604,-1.9204712,1.7877197
33953,-0.59875488,-2.0452881,1.7887878
33954,-0.57861328,-2.175293,1.6592407
33955,-0.50094604,-1.9798279,1.6395569
33956,-0.42602539,-2.0349121,1.6397095
33957,-0.55053711,-2.0230103,1.700592
33958,-0.42541504,-2.2106934,1.6864014
33959,-0.29998779,-2.1734619,1.6973877
33960,-0.37704468,-2.1963501,1.6796875
33961,-0.13671875,-2.3013306,1.5524292
33962,-0.15228272,-2.1733093,1.5141296
33963,-0.27862549,-2.1142578,1.6842651
33964,-0.061340332,-2.2479248,1.4709473
33965,-0.065155029,-2.286377,1.5002441
33966,0.096130371,-2.3797607,1.2771606
33967,0.1373291,-2.3504639,1.3945007
33968,0.17944336,-2.4897766,1.2368774
33969,0.23788452,-2.3779297,1.3807678
33970,0.28167725,-2.6107788,1.2922668
33971,0.33172607,-2.3303223,1.047821
33972,0.36926269,-2.3236084,0.9576416
33973,0.35552978,-2.2776794,0.90103149
33974,0.36437988,-2.1496582,0.83587647
33975,0.39794922,-2.1548462,0.9614563
33976,0.43365478,-2.2076416,0.91583252
33977,0.45181274,-2.1020508,0.97167969
33978,0.67153931,-2.23526,0.87097168
33979,0.64804077,-2.220459,0.87585449
33980,0.7321167,-2.270813,0.76507568
33981,0.71838379,-2.2032166,0.58227539
33982,0.62942505,-2.1113586,0.6564331
33983,0.6803894,-2.2146606,0.59417725
33984,0.6892395,-2.0870972,0.60470581
33985,0.74432373,-2.1484375,0.43106079
33986,0.70526123,-2.191925,0.41900635
33987,0.85586548,-2.0950317,0.39962769
33988,1.0137939,-2.084198,0.34729004
33989,0.99884033,-2.0019531,0.21575928
33990,1.0246277,-1.9465637,0.17944336
33991,0.99945068,-1.8817139,0.27709961
33992,1.0496521,-1.8798828,0.20202637
33993,1.0519409,-1.8984985,0.092010498
33994,1.0749817,-1.945343,-0.008239746
33995,1.1157227,-1.8751526,-0.034637451
33996,1.1056519,-1.8914795,-0.079345703
33997,1.1190796,-1.8315125,-0.10559082
33998,1.1590576,-1.835022,-0.13183594
33999,1.1761475,-1.7312622,-0.21820068
34000,1.2612915,-1.733551,-0.2796936
34001,1.2693787,-1.7132568,-0.37445068
34002,1.2823486,-1.716156,-0.21911621
34003,1.3047791,-1.6143799,-0.362854
34004,1.0952759,-1.5071106,-0.34973144
34005,1.275177,-1.4248657,-0.36972046
34006,1.2028503,-1.4533997,-0.41503906
34007,1.1883545,-1.4355469,-0.52276611
34008,1.2753296,-1.5248108,-0.652771
34009,1.1782837,-1.3224792,-0.75134277
34010,1.206665,-1.1924744,-0.63781738
34011,1.1338806,-1.0229492,-0.66207886
34012,1.174469,-0.89630127,-0.71914673
34013,1.2095642,-1.0931396,-0.70587158
34014,0.99227905,-1.1486816,-0.87982178
34015,1.0687256,-0.78216553,-0.92498779
34016,0.94924927,-0.95779419,-0.87707519
34017,1.1486816,-0.75500488,-0.95077515
34018,1.109314,-0.70251465,-0.97427368
34019,1.0009766,-0.69992065,-0.93963623
34020,1.0018921,-0.77194214,-1.1047363
34021,0.87921143,-0.44021606,-0.94741821
34022,0.912323,-0.48034668,-1.1227417
34023,0.92544556,-0.45043945,-1.2054443
34024,0.96923828,-0.58227539,-1.2007141
34025,0.7131958,-0.43930054,-1.1483765
34026,0.71609497,-0.36743164,-1.1738586
34027,0.84213257,-0.21789551,-1.2663269
34028,1.0626221,-0.22232056,-1.2002563
34029,0.88516235,-0.17654419,-1.0835266
34030,0.73364258,0.12329102,-1.2290955
34031,0.69229126,0.014038086,-1.3308716
34032,0.36224365,-0.59066772,-1.4852905
34033,0.31448364,-0.44174194,-1.2747192
34034,0.43533325,0.046844482,-1.5032959
34035,0.54840088,0.36437988,-1.4909363
34036,0.34347534,0.39642334,-1.4463806
34037,0.43121338,0.40374756,-1.3484192
34038,0.64025879,0.41137695,-1.5499878
34039,0.28137207,0.33111572,-1.321106
34040,0.20599365,0.42770386,-1.4013672
34041,0.337677,0.38467407,-1.3116455
34042,0.12649536,0.59143066,-1.2896729
34043,0.074768066,0.43106079,-1.2786865
34044,0.001220703,0.5909729,-1.3049316
34045,0.023651123,0.67886353,-1.1157227
34046,-0.049591064,0.76309204,-1.2319946
34047,-0.035247803,0.80444336,-1.2484741
34048,-0.027923584,1.0163879,-1.3011169
34049,-0.16799927,0.94467163,-1.2252808
34050,-0.10665894,0.96191406,-1.2176514
34051,-0.23452759,0.96435547,-1.2132263
34052,-0.30609131,0.88638306,-1.1151123
34053,-0.39047241,0.95947266,-0.97549438
34054,-0.4145813,0.8656311,-1.0150146
34055,-0.48370361,1.0778809,-1.0798645
34056,-0.56427002,1.2365723,-1.055603
34057,-0.46447754,1.1932373,-0.93185425
34058,-0.63415527,1.1257935,-1.179657
34059,-0.67321777,1.1282349,-0.96511841
34060,-0.74371338,1.2580872,-0.89950562
34061,-0.77865601,1.1349487,-0.85510254
34062,-0.96847534,1.1090088,-0.77545166
34063,-0.87341309,1.1480713,-0.89096069
34064,-1.162262,1.1712646,-0.8505249
34065,-1.1021423,1.3360596,-0.80108643
34066,-1.2002563,1.3258362,-0.68145752
34067,-1.1112976,1.4204407,-0.66070557
34068,-1.2644959,1.4035034,-0.49942017
34069,-1.292572,1.3215637,-0.71151733
34070,-1.2356567,1.2918091,-0.48645019
34071,-1.3186646,1.1456299,-0.25848389
34072,-1.3796997,1.2350464,-0.24688721
34073,-1.5907288,1.2025452,-0.27709961
34074,-1.5020752,1.4932251,-0.19760132
34075,-1.5830994,1.5014648,-0.13793945
34076,-1.6040039,1.1685181,-0.20629883
34077,-1.6152954,1.3459778,-0.22613525
34078,-1.7822266,1.149292,-0.30670166
34079,-1.7131042,1.1688232,-0.067596436
34080,-1.6397095,1.3685608,-0.004272461
34081,-1.6531372,1.2770081,0.11062622
34082,-1.7677307,1.3119507,0.15319824
34083,-1.7512512,1.2408447,0.1399231
34084,-1.8693542,1.1064148,0.3225708
34085,-1.9299316,1.1550903,0.37353516
34086,-1.918335,1.1178589,0.39672852
34087,-1.8681335,1.0614014,0.34301758
34088,-1.8917847,0.94482422,0.35842895
34089,-1.9070435,0.91064453,0.34515381
34090,-1.9151306,0.88760376,0.41946411
34091,-1.9816589,0.93765259,0.45196533
34092,-2.1560669,0.98724365,0.47332764
34093,-2.1116638,0.8996582,0.64331055
34094,-2.0579529,0.87768555,0.66711426
34095,-2.1881104,0.95550537,0.74752808
34096,-2.097168,0.8795166,0.675354
34097,-1.9309998,0.86349487,0.78704834
34098,-2.1414185,0.58990478,0.85342407
34099,-2.2154236,0.61523438,0.77819824
34100,-2.1279907,0.67382813,1.0321045
34101,-2.1586609,0.65994263,1.1410522
34102,-2.2373962,0.60882568,1.0264587
34103,-2.0721436,0.48431397,1.1453247
34104,-2.0584106,0.40084839,1.0215759
34105,-2.131958,0.42190552,1.0623169
34106,-2.1141052,0.30105591,1.1360168
34107,-2.1328735,0.22720337,1.2936401
34108,-1.9944763,0.23284912,1.3777161
34109,-1.9914246,0.11535645,1.3716125
34110,-2.2375488,-0.1083374,1.401825
34111,-2.0489502,0.034790039,1.4585876
34112,-2.1685791,0.025024414,1.4808655
34113,-2.1632385,-0.18081665,1.5525818
34114,-1.9754028,-0.20980835,1.6142273
34115,-2.0172119,-0.27908325,1.6856384
34116,-1.9268799,-0.36224365,1.6499329
34117,-2.0654297,-0.25375366,1.7269897
34118,-2.0219421,-0.37689209,1.5264893
34119,-2.093811,-0.546875,1.9750977
34120,-1.9869995,-0.53955078,1.7532349
34121,-1.7572021,-0.61035156,1.7340088
34122,-1.8626404,-0.75302124,1.3967896
34123,-1.895752,-0.78231812,1.7752075
34124,-1.8145752,-0.75515747,1.9848633
34125,-1.7532349,-0.89584351,1.897583
34126,-1.6381836,-0.95016479,1.867981
34127,-1.8716431,-1.1186218,2.0555115
34128,-1.7919922,-0.96221924,1.9593811
34129,-1.756897,-1.0171509,1.9219971
34130,-1.6003418,-0.962677,1.9259644
34131,-1.6633606,-1.0087585,2.0898438
34132,-1.5219116,-1.194458,2.0240784
34133,-1.4581299,-1.3339233,2.0251465
34134,-1.4013672,-1.474762,2.1194458
34135,-1.4538574,-1.5348816,2.1865845
34136,-1.3850403,-1.4167786,2.1492004
34137,-1.4123535,-1.5696716,2.0336914
34138,-1.2332153,-1.4730835,2.0632935
34139,-1.2437439,-1.4564514,2.0315552
34140,-1.0829163,-1.4916992,1.9918823
34141,-1.1233521,-1.5975952,2.0666504
34142,-1.1743164,-1.7163086,1.8728638
34143,-0.97076416,-1.8363953,1.917572
34144,-1.0165405,-1.9558716,2.0152283
34145,-0.94909668,-1.9526672,2.000885
34146,-0.78643799,-1.9364929,1.9447327
34147,-0.75485229,-1.8258667,1.9282532
34148,-0.77804565,-2.0033264,1.7880249
34149,-0.63598633,-1.8476868,1.9139099
34150,-0.61813354,-2.0999146,1.932373
34151,-0.68145752,-2.071991,1.8432617
34152,-0.49606323,-2.0626831,1.7604065
34153,-0.35263061,-1.9766235,1.895752
34154,-0.57800293,-2.0231628,1.7312622
34155,-0.42266846,-2.1054077,1.6671753
34156,-0.4145813,-2.3152161,1.8215942
34157,-0.27313232,-2.3269653,1.7221069
34158,-0.21972656,-2.2781372,1.590271
34159,-0.10421753,-2.1850586,1.5454102
34160,-0.2973938,-2.2595215,1.6419983
34161,-0.14526367,-2.1113586,1.5975952
34162,-0.031890869,-2.3605347,1.6197205
34163,-0.057983398,-2.3878479,1.4607239
34164,0.1411438,-2.3760986,1.2445068
34165,0.070800781,-2.4143982,1.3708496
34166,0.1751709,-2.4101257,1.12854
34167,0.31143189,-2.3219299,1.2023926
34168,0.31677246,-2.3686218,1.2757874
34169,0.42221069,-2.3043823,1.3031006
34170,0.48599243,-2.3738098,1.0137939
34171,0.44708252,-2.3973083,1.0784912
34172,0.51635742,-2.371521,1.0601807
34173,0.58059692,-2.4133301,0.87310791
34174,0.47119141,-2.4263,0.92605591
34175,0.70877075,-2.3916626,0.8404541
34176,0.78720093,-2.361908,0.61981201
34177,0.88088989,-2.4328613,0.54138184
34178,0.89309692,-2.3503113,0.5305481
34179,0.75744629,-2.3066711,0.54260254
34180,0.97793579,-2.1739197,0.52536011
34181,0.99731445,-2.1673584,0.37872314
34182,1.1242676,-2.2271729,0.45593262
34183,1.0221863,-2.2024536,0.28457642
34184,0.91278076,-2.240448,0.45166016
34185,0.91873169,-2.1966553,0.41091919
34186,0.96832275,-2.0307922,0.26901245
34187,1.0177612,-2.0700073,0.25466919
34188,1.1193848,-2.0797729,0.039672852
34189,1.1990356,-2.0599365,0.10604858
34190,1.1849976,-1.9662476,0.037689209
34191,1.2756348,-1.97052,-0.067596436
34192,1.3023376,-1.8513489,-0.15167236
34193,1.2875366,-1.7919922,-0.16418457
34194,1.1286926,-1.8380737,-0.17318726
34195,1.1221313,-1.8652344,-0.21209717
34196,1.2217712,-1.8936157,-0.21362305
34197,1.1288452,-1.7485046,-0.33370972
34198,1.242218,-1.7623901,-0.34393311
34199,1.3859558,-1.5460205,-0.34347534
34200,1.3775635,-1.6578674,-0.41442871
34201,1.2759399,-1.4866638,-0.41275024
34202,1.3020325,-1.4927673,-0.48202515
34203,1.2255859,-1.5049744,-0.64788818
34204,1.3580322,-1.4656067,-0.6968689
34205,1.3798523,-1.309967,-0.65856934
34206,1.4065552,-1.15448,-0.71640015
34207,1.4117432,-1.1103821,-0.80795288
34208,1.3491821,-1.0896301,-0.89660644
34209,1.3661194,-1.0144043,-0.98449707
34210,1.2911987,-0.99655151,-0.90835571
34211,1.2530518,-1.0377502,-0.97213745
34212,1.2814331,-0.90209961,-1.0748291
34213,1.2759399,-0.87203979,-1.1030579
34214,1.2161255,-0.806427,-1.0919189
34215,1.1968994,-0.73028565,-1.1920166
34216,1.2042236,-0.71044922,-1.2484741
34217,1.0171509,-0.49484253,-1.2915039
34218,1.1602783,-0.48248291,-1.1984253
34219,1.1740112,-0.43930054,-1.1721802
34220,1.0952759,-0.4397583,-1.0888672
34221,1.0353088,-0.3527832,-1.1987305
34222,1.0812378,-0.3918457,-1.3146973
34223,0.91262817,-0.32943726,-1.275177
34224,0.90713501,-0.38925171,-1.2036133
34225,0.98892212,-0.17120361,-1.4593506
34226,0.94558716,-0.023193359,-1.4532471
34227,0.79681397,0.023498535,-1.4614868
34228,0.77987671,-0.053710938,-1.5286255
34229,0.46264648,-0.38803101,-1.6447449
34230,0.48965454,-0.16830444,-1.4953613
34231,0.57235718,0.13137817,-1.3479614
34232,0.5329895,0.30258179,-1.28479
34233,0.51773071,0.45928955,-1.2754822
34234,0.64865112,0.29724121,-1.3882446
34235,0.52093506,0.31188965,-1.3478088
34236,0.51574707,0.38146973,-1.3174438
34237,0.31600952,0.44754028,-1.4341736
34238,0.32318115,0.54199219,-1.4326477
34239,0.27420044,0.62530518,-1.2713623
34240,0.094909668,0.48858643,-1.3310242
34241,0.10650635,0.50933838,-1.4485168
34242,0.11917114,0.37063599,-1.3679504
34243,0.016784668,0.99914551,-1.47995
34244,-0.10040283,0.78018188,-1.3658142
34245,-0.045928955,0.9060669,-1.2580872
34246,-0.12451172,0.94299316,-1.1349487
34247,-0.19378662,0.97900391,-1.0173035
34248,-0.20950317,1.1297607,-1.1465454
34249,-0.28686523,1.1047363,-1.0769653
34250,-0.31616211,1.1392212,-1.2255859
34251,-0.39169311,1.1677551,-1.1877441
34252,-0.45501709,1.0902405,-1.0848999
34253,-0.44174194,1.1705017,-1.0734558
34254,-0.50506592,1.25,-1.2683105
34255,-0.74249268,1.1732483,-1.006012
34256,-0.71365356,1.2716675,-0.97930908
34257,-0.83755493,1.295166,-0.90591431
34258,-0.64285278,1.3223267,-0.97061157
34259,-0.93154907,1.4328003,-0.82229614
34260,-0.87615967,1.230011,-0.83297729
34261,-0.92483521,1.3633728,-0.83511353
34262,-1.072998,1.3494873,-0.75027466
34263,-1.0624695,1.3926697,-0.52246094
34264,-1.0205078,1.4767456,-0.64208984
34265,-1.1567688,1.390686,-0.44189453
34266,-1.2593079,1.4802551,-0.74645996
34267,-1.1682129,1.2411499,-0.60455322
34268,-1.3012695,1.1468506,-0.58181763
34269,-1.3162231,1.3484192,-0.48049927
34270,-1.3613892,1.4350891,-0.53436279
34271,-1.5005493,1.5042114,-0.32119751
34272,-1.3659668,1.307373,-0.42022705
34273,-1.5742493,1.4532471,-0.17211914
34274,-1.8183899,0.89553833,-0.36560059
34275,-1.734314,1.2109375,0.003356934
34276,-1.676178,1.3261414,-0.002593994
34277,-1.6841125,1.3948059,0.042724609
34278,-1.6926575,1.2289429,0.067138672
34279,-1.7221069,1.1755371,0.12161255
34280,-1.8357849,1.0853577,0.17913818
34281,-1.8487549,1.101532,0.26245117
34282,-1.856842,1.2303162,0.29205322
34283,-1.9293213,1.1355591,0.30380249
34284,-1.9230652,1.0845947,0.42572022
34285,-1.8716431,1.1157227,0.418396
34286,-1.945343,1.0282898,0.52886963
34287,-2.0782471,1.0293579,0.51391602
34288,-1.9906616,1.0322571,0.67993164
34289,-2.1099854,0.93093872,0.73699951
34290,-2.0095825,0.9828186,0.66619873
34291,-2.0710754,0.96481323,0.76660156
34292,-2.0573425,0.78567505,0.83404541
34293,-2.0872498,0.81588745,0.87493897
34294,-2.1763611,0.66848755,0.82168579
34295,-2.2369385,0.62850952,1.0374451
34296,-2.0974731,0.62057495,0.97793579
34297,-2.1549988,0.67520142,1.1019897
34298,-2.3738098,0.47668457,1.105957
34299,-2.331543,0.71334839,1.1256409
34300,-2.2119141,0.46768189,1.3360596
34301,-2.1846008,0.28320313,1.1227417
34302,-2.1611023,0.38528442,1.2252808
34303,-2.1276855,0.17028809,1.1785889
34304,-2.2361755,0.29129028,1.3949585
34305,-2.2729492,0.38360596,1.463623
34306,-2.0878601,0.00579834,1.2893677
34307,-2.1948242,0.032196045,1.4294434
34308,-2.0948792,-0.010528564,1.2179565
34309,-2.1133423,-0.11413574,1.3952637
34310,-1.9213867,-0.025024414,1.6236877
34311,-2.1134949,-0.095214844,1.7285156
34312,-2.1202087,-0.22216797,1.7578125
34313,-2.1490479,-0.3604126,1.5426636
34314,-1.9039917,-0.38253784,1.6091919
34315,-1.9700623,-0.56335449,1.7608643
34316,-2.1170044,-0.55877685,1.5174866
34317,-1.9664001,-0.69625854,1.8032837
34318,-2.0748901,-0.81359863,2.0065308
34319,-1.9741821,-1.0023499,1.5008545
34320,-1.8276978,-0.72631836,1.632843
34321,-1.9213867,-0.84167481,1.9195557
34322,-1.8283081,-0.8303833,1.9290161
34323,-1.9058228,-1.1196899,1.968689
34324,-1.7373657,-1.1206055,1.9775391
34325,-1.6601563,-1.0969543,2.0118713
34326,-1.7805481,-1.1187744,1.9465637
34327,-1.6548157,-1.121521,1.9219971
34328,-1.6033936,-1.1221313,2.0167542
34329,-1.4961243,-1.2625122,1.8765259
34330,-1.5104675,-1.3870239,1.9471741
34331,-1.5391541,-1.3934326,1.9885254
34332,-1.5028381,-1.5985107,1.9819641
34333,-1.3945007,-1.6703796,1.9404602
34334,-1.410675,-1.5657043,1.9459534
34335,-1.3027954,-1.5713501,2.0259094
34336,-1.391449,-1.6711426,1.9210815
34337,-1.3568115,-1.5525818,2.0291138
34338,-1.3046265,-1.5235901,1.9645691
34339,-1.1308289,-1.4401245,1.9799805
34340,-0.93276978,-1.4767456,2.0788574
34341,-0.98983765,-1.6157532,1.9081116
34342,-0.78155518,-1.7843628,1.8273926
34343,-0.84564209,-1.8687439,2.0617676
34344,-0.597229,-1.8490601,1.8133545
34345,-0.81176758,-1.9197083,1.8595886
34346,-0.71273804,-2.011261,1.7658997
34347,-0.7043457,-1.9949341,1.8122864
34348,-0.75485229,-2.1884155,1.9451904
34349,-0.59524536,-2.1783447,1.8511963
34350,-0.55603027,-2.0849609,1.8095398
34351,-0.4145813,-2.0297241,1.7976379
34352,-0.33081055,-2.0388794,1.7190552
34353,-0.30899048,-2.1739197,1.6792297
34354,-0.24093628,-2.290802,1.7300415
34355,-0.24108887,-2.263031,1.7008972
34356,-0.09185791,-2.2982788,1.5447998
34357,-0.039520264,-2.3138428,1.5113831
34358,-0.032501221,-2.2653198,1.3793945
34359,-0.20004273,-2.275238,1.4172363
34360,0.018005371,-2.2315979,1.4759827
34361,0.23620606,-2.250061,1.5312195
34362,0.16601563,-2.3602295,1.3766479
34363,0.21057129,-2.4227905,1.368866
34364,0.2015686,-2.5860596,1.2110901
34365,0.32943726,-2.5004578,1.2614441
34366,0.43182373,-2.3361206,0.99197388
34367,0.41198731,-2.2473145,1.0957336
34368,0.49926758,-2.3002625,1.0456848
34369,0.59371948,-2.3670959,0.96725464
34370,0.64346313,-2.1803284,0.91842651
34371,0.47286987,-2.1362305,0.70220947
34372,0.66116333,-2.1757507,0.72998047
34373,0.69137573,-2.2502136,0.80337524
34374,0.57449341,-2.3747253,0.66619873
34375,0.8114624,-2.2221375,0.71044922
34376,0.78033447,-2.2402954,0.57159424
34377,0.81573486,-2.328949,0.64712524
34378,0.87905884,-2.2787476,0.34698486
34379,0.96450806,-2.3095703,0.37246704
34380,0.83068848,-2.2348022,0.39932251
34381,0.9526062,-2.2927856,0.30853272
34382,0.93322754,-2.0733643,0.26412964
34383,0.92727661,-1.9851685,0.24429321
34384,1.0121155,-2.1585083,0.033416748
34385,1.1221313,-2.1829224,0.085601807
34386,1.1834717,-2.074585,0.013427734
34387,1.2324524,-1.8399048,-0.007629395
34388,1.1859131,-1.8125916,-0.093994141
34389,1.2159729,-1.7849731,-0.093078613
34390,1.383667,-1.8955994,-0.32974243
34391,1.2051392,-2.003479,-0.262146
34392,1.2712097,-1.6877747,-0.32318115
34393,1.3528442,-1.8252563,-0.41229248
34394,1.2635803,-1.5904236,-0.25390625
34395,1.3113403,-1.583252,-0.31463623
34396,1.4274597,-1.5592957,-0.36895752
34397,1.3708496,-1.5371704,-0.24612427
34398,1.2889099,-1.6104126,-0.35263061
34399,1.3038635,-1.4579773,-0.49880981
34400,1.4491272,-1.428833,-0.59082031
34401,1.2020874,-1.2609863,-0.72692871
34402,1.2713623,-1.4144897,-0.77941894
34403,1.3502502,-1.265564,-0.75378418
34404,1.4352417,-1.1817932,-0.71746826
34405,1.2550354,-1.1569214,-0.90942383
34406,1.257019,-1.1375427,-0.85678101
34407,1.2628174,-1.2705994,-0.96435547
34408,1.3348389,-1.1416626,-0.88134766
34409,1.29776,-1.1758423,-0.96618652
34410,1.4477539,-0.91110229,-1.058197
34411,1.5238953,-0.86395264,-1.0446167
34412,1.0270691,-0.84960938,-0.98968506
34413,0.95581055,-0.80108643,-1.0147095
34414,1.0134888,-0.5796814,-0.97961426
34415,1.0176086,-0.54153442,-1.0638428
34416,0.92437744,-0.5480957,-1.0134888
34417,0.93933106,-0.31738281,-1.0211182
34418,0.96069336,-0.37231445,-1.1064148
34419,1.0263062,-0.31585693,-1.3313293
34420,0.98190308,-0.39459228,-1.3334656
34421,1.0147095,-0.16967773,-1.4056396
34422,0.94848633,-0.27435303,-1.477356
34423,0.89675903,-0.054779053,-1.4607239
34424,0.83236694,-0.066223145,-1.3279724
34425,0.90744019,-0.003509521,-1.4147949
34426,0.33538818,-0.48736572,-1.5113831
34427,0.35888672,-0.43701172,-1.41922
34428,0.5392456,0.02243042,-1.3146973
34429,0.55435181,0.27252197,-1.4297485
34430,0.67718506,0.493927,-1.245575
34431,0.58563232,0.50384522,-1.3284302
34432,0.6489563,0.50354004,-1.4865112
34433,0.51147461,0.36682129,-1.5071106
34434,0.34622192,0.42892456,-1.3526916
34435,0.30929565,0.52276611,-1.3383484
34436,0.26367188,0.53222656,-1.2866211
34437,0.20599365,0.53131103,-1.3708496
34438,0.036010742,0.54489136,-1.2475586
34439,-0.12466431,0.14556885,-1.4122009
34440,0.01663208,0.64636231,-1.2182617
34441,-0.16845703,0.859375,-1.2765503
34442,-0.17593384,0.79452515,-1.2797546
34443,-0.19470215,0.98754883,-1.3865662
34444,-0.15701294,1.0693359,-1.3000488
34445,-0.17578125,1.0928345,-1.2957764
34446,-0.32424927,1.1322021,-1.1257935
34447,-0.27023315,0.97198486,-1.0693359
34448,-0.2029419,0.95474243,-1.0115051
34449,-0.2998352,0.95855713,-1.1032104
34450,-0.40603638,1.1499023,-0.99319458
34451,-0.55847168,1.0766602,-0.8706665
34452,-0.63537598,1.2701416,-0.92788696
34453,-0.78018188,1.321106,-0.73287964
34454,-0.63171387,1.4607239,-0.84533691
34455,-0.75073242,1.4138794,-1.038208
34456,-0.91812134,1.3183594,-1.1158752
34457,-0.92498779,1.2162781,-0.93475342
34458,-1.1064148,1.2994385,-0.83221435
34459,-1.10672,1.4118958,-0.7963562
34460,-1.1328125,1.5057373,-0.75668335
34461,-1.1355591,1.4851379,-0.69015503
34462,-1.1734009,1.5138245,-0.65368652
34463,-1.3911438,1.3528442,-0.50796509
34464,-1.3471985,1.2426758,-0.58807373
34465,-1.3710022,1.4006042,-0.61553955
34466,-1.3299561,1.3691711,-0.44281006
34467,-1.5364075,1.2872314,-0.31784058
34468,-1.5582275,1.3476563,-0.32348633
34469,-1.4337158,1.3787842,-0.3112793
34470,-1.6925049,1.2416077,-0.12237549
34471,-1.5759277,1.3252258,-0.33203125
34472,-1.6993713,1.322937,-0.15609741
34473,-1.6804504,1.1706543,-0.088043213
34474,-1.6679382,1.2625122,0.030212402
34475,-1.834259,1.2661743,0.010986328
34476,-1.7086792,1.2156677,0.063018799
34477,-1.9572449,1.2641907,0.012359619
34478,-1.8461609,1.1834717,0.24581909
34479,-1.9664001,1.3369751,0.29876709
34480,-1.7651367,1.1430359,0.30151367
34481,-2.1414185,1.1433411,0.45593262
34482,-2.0617676,1.0865784,0.33569336
34483,-1.9288635,1.1439514,0.35522461
34484,-2.0994568,1.0604858,0.33660889
34485,-2.0927429,0.92178345,0.60958862
34486,-2.1165466,0.97366333,0.50292969
34487,-2.1957397,0.85998535,0.74172974
34488,-2.1339417,0.88287353,0.57540894
34489,-2.1469116,0.66345215,0.60363769
34490,-2.2097778,0.92819214,0.80963135
34491,-2.2714233,0.74203491,0.87127685
34492,-2.1101379,0.76171875,0.88073731
34493,-2.1646118,0.72891235,0.89004517
34494,-2.2370911,0.64498901,0.85876465
34495,-2.2460938,0.58776856,0.9677124
34496,-2.3364258,0.56472778,1.1531067
34497,-2.275238,0.41503906,0.99609375
34498,-2.2053528,0.28564453,1.1727905
34499,-2.2569275,0.38787842,1.3731384
34500,-2.2909546,0.29418945,1.2266541
34501,-2.22229,0.23254395,1.3845825
34502,-2.208252,0.14007568,1.3223267
34503,-2.1279907,0.1171875,1.3690186
34504,-2.1525574,0.30609131,1.4208984
34505,-2.1453857,0.17883301,1.6047668
34506,-2.1829224,-0.55664063,1.2350464
34507,-2.2880554,-0.30563355,1.4259338
34508,-2.0776367,-0.29693603,1.5344238
34509,-2.1940613,-0.19088745,1.5701294
34510,-2.0811462,-0.24841309,1.5390015
34511,-2.151947,-0.34179688,1.509552
34512,-2.0341492,-0.33416748,1.6946411
34513,-2.1466064,-0.50262451,1.8969727
34514,-2.010498,-0.5140686,1.6271973
34515,-1.9200134,-0.49468994,1.4553833
34516,-1.8933105,-0.6288147,1.7996216
34517,-2.0326233,-0.72906494,2.0996094
34518,-1.9210815,-0.67749023,1.4901733
34519,-1.759491,-0.81192017,1.6415405
34520,-1.8417358,-0.8972168,1.8235779
34521,-1.746521,-0.88516235,1.7251587
34522,-2.0381165,-1.1343384,1.7884827
34523,-1.7304993,-1.1665344,1.9317627
34524,-1.6841125,-0.93933106,1.8013
34525,-1.6540527,-1.0513306,2.0419312
34526,-1.6943359,-1.2182617,2.0132446
34527,-1.558075,-1.1679077,1.9728088
34528,-1.5206909,-1.2509155,2.1308899
34529,-1.3938904,-1.4155579,1.9804382
34530,-1.4189148,-1.5507507,2.0137024
34531,-1.4395142,-1.3970947,2.0819092
34532,-1.2356567,-1.4970398,1.9659424
34533,-1.3363647,-1.6871643,2.0092773
34534,-1.2783813,-1.7349243,2.046814
34535,-1.3114929,-1.741333,2.1109009
34536,-1.1431885,-1.7468262,2.1096802
34537,-1.0791016,-1.6474915,2.1459961
34538,-1.1047363,-1.8109131,2.0779419
34539,-1.005249,-1.9015503,2.0941162
34540,-0.90454102,-1.9567871,2.0410156
34541,-0.88973999,-1.9963074,2.1713257
34542,-0.86349487,-1.8684387,1.9902039
34543,-0.65872192,-1.9859314,1.8382263
34544,-0.6716919,-1.9076538,1.9831848
34545,-0.74157715,-2.1212769,1.8986511
34546,-0.54946899,-2.0796204,2.0028687
34547,-0.53009033,-2.1154785,1.8948364
34548,-0.47317505,-2.0245361,1.836853
34549,-0.3767395,-1.920166,1.8817139
34550,-0.38970947,-2.0780945,1.7861938
34551,-0.34896851,-2.1029663,1.8202209
34552,-0.35064697,-2.2564697,1.645813
34553,-0.31341553,-2.2521973,1.5437317
34554,-0.21194458,-2.2245789,1.6772461
34555,-0.10818481,-2.2311401,1.4653015
34556,-0.079345703,-2.2314453,1.477356
34557,-0.10879517,-2.1963501,1.5428162
34558,-0.026550293,-2.2912598,1.2753296
34559,0.052490234,-2.2955322,1.3038635
34560,0.25726318,-2.3919678,1.3508606
34561,0.14663696,-2.4131775,1.2823486
34562,0.24780273,-2.4449158,1.2257385
34563,0.3742981,-2.3318481,1.2106323
34564,0.49911499,-2.3381042,1.242218
34565,0.30075073,-2.3725891,1.0899353
34566,0.26306152,-2.3019409,1.162262
34567,0.38101196,-2.3193359,1.1335754
34568,0.55236816,-2.399292,1.0147095
34569,0.52032471,-2.3434448,0.87051392
34570,0.61645508,-2.2789001,0.91003418
34571,0.65750122,-2.2999573,0.83938599
34572,0.59631348,-2.3594666,0.8152771
34573,0.61340332,-2.5305176,0.70617676
34574,0.78125,-2.4758911,0.65490723
34575,0.7345581,-2.4078369,0.59906006
34576,1.4035034,-2.2961426,0.59234619
34577,1.2695313,-2.2871399,0.59585571
34578,0.95458984,-2.2398376,0.50491333
34579,0.99441528,-2.1951294,0.45227051
34580,1.0202026,-2.1972656,0.36407471
34581,1.0365295,-2.1414185,0.34500122
34582,0.76766968,-1.9676209,0.33981323
34583,0.85266113,-1.9264221,0.2973938
34584,0.99121094,-1.8939209,0.021820068
34585,1.0418701,-1.9555664,0.15380859
34586,1.2297058,-1.9490051,0.055236816
34587,1.2449646,-2.0895386,0.090484619
34588,1.1846924,-2.1218872,-0.13793945
34589,1.2915039,-1.8824768,-0.18203735
34590,1.2008667,-1.7437744,-0.25299072
34591,1.2203979,-1.723938,-0.27801514
34592,1.2744141,-1.7074585,-0.1713562
34593,1.2661743,-1.7567444,-0.19195557
34594,1.2246704,-1.7337036,-0.22094727
34595,1.1639404,-1.6889954,-0.36224365
34596,1.3352966,-1.4253235,-0.44662476
34597,1.2651062,-1.3786316,-0.48370361
34598,1.2295532,-1.2780762,-0.49011231
34599,1.2606812,-1.288147,-0.49011231
34600,1.2141418,-1.3893127,-0.71594238
34601,1.2132263,-1.3128662,-0.8366394
34602,1.2872314,-1.2712097,-0.66986084
34603,1.330719,-1.244812,-0.67367554
34604,1.3754272,-1.1369324,-0.76187134
34605,1.1697388,-1.0746765,-0.75897217
34606,1.244812,-1.0374451,-0.96984863
34607,1.2425232,-1.0997009,-0.92758179
34608,1.1753845,-1.1154175,-0.92727661
34609,1.1373901,-1.0752869,-0.91247559
34610,1.1270142,-0.81695557,-0.9727478
34611,1.247406,-0.78048706,-1.1083984
34612,1.2057495,-0.71868897,-1.1322021
34613,0.96359253,-0.71670532,-0.97351074
34614,0.96679688,-0.59661865,-1.0731506
34615,1.1299133,-0.43029785,-1.2652588
34616,1.0186768,-0.6262207,-1.1610413
34617,0.99197388,-0.52246094,-1.2226868
34618,0.90759277,-0.37200928,-1.2367249
34619,0.92391968,-0.24246216,-1.1723328
34620,0.81542969,-0.23208618,-1.1448669
34621,0.68725586,-0.011291504,-1.280365
34622,0.73303223,-0.08102417,-1.3523865
34623,0.54443359,-0.01953125,-1.3267517
34624,0.80047607,-0.14068603,-1.2393188
34625,0.61981201,-0.31600952,-1.3938904
34626,0.61859131,0.099487305,-1.2701416
34627,0.54534912,0.234375,-1.3320923
34628,0.54168701,0.10955811,-1.4233398
34629,0.45013428,0.27999878,-1.3555908
34630,0.41381836,0.25680542,-1.5080261
34631,0.54748535,0.27511597,-1.3745117
34632,0.33874512,0.3616333,-1.4038086
34633,0.32684326,0.41442871,-1.2361145
34634,0.14633179,0.50201416,-1.3232422
34635,0.23193359,0.42602539,-1.2385559
34636,0.13824463,0.47515869,-1.3320923
34637,0.046844482,0.63522339,-1.2789917
34638,0.22460938,0.49407959,-1.3916016
34639,0.099945068,0.40924072,-1.2823486
34640,0.031433105,0.74111938,-1.2141418
34641,-0.22155762,0.93200684,-1.2191772
34642,-0.10650635,0.99761963,-1.2730408
34643,-0.2293396,0.97106934,-1.2677002
34644,-0.28213501,1.0270691,-1.1221313
34645,-0.29815674,1.0568237,-1.1381531
34646,-0.37078857,0.99853516,-1.232605
34647,-0.50079346,1.0928345,-1.0577393
34648,-0.56945801,0.98632813,-1.0554504
34649,-0.67108154,1.1125183,-0.98251343
34650,-0.61218262,1.1476135,-0.99700928
34651,-0.70144653,1.269989,-1.0583496
34652,-0.75195313,1.2420654,-0.90530396
34653,-0.7220459,1.2358093,-0.93734741
34654,-0.79421997,1.2432861,-0.82122803
34655,-0.97351074,1.1495972,-0.84915161
34656,-0.88668823,1.2760925,-0.77606201
34657,-0.87982178,1.1590576,-0.66375732
34658,-0.97702026,1.230011,-0.74493408
34659,-1.0467529,1.3954163,-0.51971435
34660,-1.0585022,1.3461304,-0.54611206
34661,-1.1270142,1.2014771,-0.61065674
34662,-1.1837769,1.1828613,-0.47088623
34663,-1.2229919,1.3244629,-0.42282105
34664,-1.194458,1.3362122,-0.50765991
34665,-1.34552,1.3395691,-0.53314209
34666,-1.3591003,0.96496582,-0.38955689
34667,-1.3804626,1.1032104,-0.45043945
34668,-1.4767456,1.1317444,-0.23635864
34669,-1.427002,1.0400391,-0.15289307
34670,-1.4685059,1.0925293,-0.29403686
34671,-1.5504456,1.1749268,-0.18859863
34672,-1.5791321,1.1224365,0.062713623
34673,-1.7060852,1.280365,0.023956299
34674,-1.661377,1.1329651,-0.013122559
34675,-1.8226624,1.0070801,0.15258789
34676,-1.7762756,1.0002136,0.1953125
34677,-1.8089294,0.9765625,0.21957398
34678,-1.6577148,1.1157227,0.11169434
34679,-1.7218018,1.0548401,0.25817871
34680,-1.8530273,1.0462952,0.37979126
34681,-1.8955994,1.0232544,0.43273926
34682,-2.0236206,0.98083496,0.37780762
34683,-2.0283508,0.95855713,0.51208496
34684,-1.999054,0.87677002,0.46630859
34685,-2.0681763,0.97671509,0.59494019
34686,-2.1769714,0.79528809,0.52612305
34687,-2.1508789,0.86303711,0.67657471
34688,-1.940918,0.83984375,0.60440063
34689,-2.1205139,0.6880188,0.53741455
34690,-2.0249939,0.64910889,0.64361572
34691,-2.1072388,0.68496704,0.62591553
34692,-2.2175598,0.64834595,0.71792603
34693,-1.9848633,0.63705444,0.97717285
34694,-2.1122742,0.33035278,1.1618042
34695,-2.127533,0.26046753,1.1688232
34696,-1.9702148,0.20568848,1.1824036
34697,-2.040863,0.27313232,1.0803223
34698,-2.1806335,0.21118164,1.0360718
34699,-2.2096252,0.32608032,1.2599182
34700,-2.0748901,-0.000152588,1.1732483
34701,-2.1690369,0.25054932,1.061554
34702,-2.0077515,0.30105591,1.4083862
34703,-2.0930481,-0.052337646,1.3473511
34704,-2.106781,-0.40390015,1.2149048
34705,-2.023468,-0.2470398,1.431427
34706,-1.9773865,-0.22888184,1.3728333
34707,-2.0794678,0.01739502,1.4572144
34708,-2.1018982,-0.098571777,1.6452026
34709,-2.0121765,-0.45928955,1.4607239
34710,-2.0016479,-0.40802002,1.3946533
34711,-1.9805908,-0.36056519,1.6821289
34712,-1.9236755,-0.45013428,1.5809631
34713,-1.7633057,-0.64315796,1.5350342
34714,-1.7904663,-0.69595337,1.6859436
34715,-1.8051147,-0.67062378,1.7477417
34716,-1.88797,-0.78277588,1.3464355
34717,-2.0059204,-0.88897705,1.5966797
34718,-1.9163513,-1.1257935,1.6549683
34719,-1.9546509,-1.056366,1.7834473
34720,-1.9558716,-1.1227417,1.7269897
34721,-1.8118286,-1.0388184,1.8115234
34722,-1.6841125,-1.0450745,1.7523193
34723,-1.6958618,-1.0821533,1.8084717
34724,-1.5362549,-0.99319458,1.9067383
34725,-1.4736938,-1.1351013,1.7837524
34726,-1.4242554,-1.1955261,1.9265747
34727,-1.3905334,-1.2802124,1.9673157
34728,-1.2937927,-1.3095093,1.7056274
34729,-1.2052917,-1.4610291,1.7477417
34730,-1.3711548,-1.5628052,1.8081665
34731,-1.2089539,-1.5505981,1.8341064
34732,-1.1827087,-1.6059875,1.8353271
34733,-1.0760498,-1.5911865,1.6688538
34734,-0.92590332,-1.5249634,1.8203735
34735,-0.88821411,-1.5118408,1.8151855
34736,-0.99060059,-1.5910339,1.8911743
34737,-0.77880859,-1.701355,1.7092896
34738,-0.80276489,-1.8435669,1.7440796
34739,-0.76583862,-1.7567444,1.8545532
34740,-0.71533203,-1.7710876,1.8261719
34741,-0.74539185,-1.8544006,1.6975403
34742,-0.68191528,-2.10495,1.8144226
34743,-0.59906006,-2.1165466,1.8078613
34744,-0.5015564,-2.0599365,1.7953491
34745,-0.51376343,-2.1232605,1.7495728
34746,-0.59036255,-2.0123291,1.680603
34747,-0.54077148,-2.013855,1.6619873
34748,-0.43045044,-2.0779419,1.6545105
34749,-0.43548584,-2.1994019,1.5228271
34750,-0.35827637,-2.2511292,1.4938354
34751,-0.16876221,-2.1862793,1.4772034
34752,-0.13534546,-2.2416687,1.5106201
34753,-0.11276245,-2.1528625,1.4149475
34754,-0.079040527,-2.0544434,1.3978577
34755,0.028076172,-2.028656,1.2463379
34756,0.05645752,-2.0259094,1.3748169
34757,0.18463135,-2.0948792,1.3082886
34758,0.20126343,-2.1128845,1.1190796
34759,0.088500977,-2.3298645,1.1154175
34760,0.31646728,-2.2647095,1.1607361
34761,0.17883301,-2.1870422,1.1203003
34762,0.37277222,-2.1662903,0.98937988
34763,0.25009155,-2.1109009,1.0050964
34764,0.51849365,-2.1453857,0.91705322
34765,0.53848267,-2.155304,0.89187622
34766,0.46554565,-2.1157837,0.77926636
34767,0.63171387,-2.2259521,0.70861816
34768,0.53085327,-2.1704102,0.60363769
34769,0.56259155,-2.2299194,0.7107544
34770,0.5847168,-2.1261597,0.62316894
34771,0.68939209,-2.1141052,0.53771973
34772,0.67779541,-1.8421936,0.46157837
34773,0.69610596,-1.7817688,0.59753418
34774,0.85754394,-1.9491577,0.56915283
34775,0.73471069,-2.0175171,0.48217773
34776,0.77728272,-1.918335,0.45089722
34777,0.90103149,-1.882019,0.34072876
34778,0.91369629,-1.8405151,0.25741577
34779,0.84884644,-1.7318726,0.21087647
34780,0.7850647,-1.7877197,0.2986145
34781,0.96084595,-1.7932129,0.19958496
34782,0.95886231,-1.8205261,-0.063323975
34783,1.1071777,-1.750946,0.022125244
34784,1.0205078,-1.8229675,0.018157959
34785,1.0446167,-1.7076111,0.080566406
34786,1.047821,-1.6291809,-0.18005371
34787,1.0606384,-1.7004395,-0.19897461
34788,0.98327637,-1.6177368,-0.19104004
34789,1.1108398,-1.6667175,-0.35064697
34790,1.1909485,-1.4868164,-0.34378052
34791,1.138916,-1.51474,-0.4057312
34792,1.1791992,-1.3619995,-0.46875
34793,1.1521912,-1.2867737,-0.46112061
34794,1.1453247,-1.2547302,-0.56427002
34795,1.1054993,-1.2750244,-0.45166016
34796,1.0469055,-1.2889099,-0.52978516
34797,1.0360718,-1.076355,-0.46798706
34798,1.1607361,-1.0932922,-0.5960083
34799,1.0934448,-1.089325,-0.72998047
34800,1.1340332,-1.0343933,-0.70663452
34801,1.0235596,-1.0836792,-0.6703186
34802,1.1135864,-0.8517456,-0.8430481
34803,1.0774231,-0.86364746,-0.8682251
34804,1.0853577,-0.84503174,-0.80978394
34805,1.0327148,-0.79620361,-0.8908081
34806,0.94314575,-0.75469971,-0.87585449
34807,1.0681152,-0.77484131,-0.9387207
34808,0.81558228,-0.81314087,-1.1540222
34809,0.7901001,-0.68695068,-1.0751343
34810,0.83526611,-0.55953979,-1.020813
34811,0.89508057,-0.4838562,-1.1624146
34812,0.88943481,-0.43563843,-1.1909485
34813,0.93414307,-0.31906128,-1.1108398
34814,0.90438843,-0.34881592,-1.0150146
34815,0.74813843,-0.10879517,-1.0400391
34816,0.82641602,-0.1739502,-1.1408997
34817,0.66299438,-0.13458252,-1.2443542
34818,0.63201904,0.11978149,-1.1143494
34819,0.62011719,-0.070495605,-1.0820007
34820,0.6867981,-0.063171387,-1.1474609
34821,0.59005737,-0.091247559,-1.222229
34822,0.41992188,-0.10299683,-1.3275146
34823,0.39550781,0.09979248,-1.227417
34824,0.55023193,0.021362305,-1.2652588
34825,0.43151856,0.28778076,-1.2174988
34826,0.29968262,0.30334473,-1.3586426
34827,0.32974243,0.27496338,-1.0249329
34828,0.20874023,0.35888672,-1.0075378
34829,0.11825561,0.45059204,-1.065979
34830,0.24795532,0.39825439,-1.1129761
34831,0.050506592,0.55297852,-1.1566162
34832,0.089416504,0.49011231,-1.1169434
34833,-0.10879517,0.35308838,-1.1251831
34834,-0.078125,0.43212891,-1.0888672
34835,-0.20050049,0.6350708,-0.99884033
34836,-0.092163086,0.48477173,-0.95214844
34837,-0.22094727,0.54550171,-1.0791016
34838,-0.27511597,0.71838379,-0.98648071
34839,-0.3314209,0.7774353,-1.0020447
34840,-0.26306152,0.9413147,-1.1155701
34841,-0.37597656,0.96206665,-1.0855103
34842,-0.37750244,1.0090637,-0.94894409
34843,-0.55709839,0.94360352,-0.82595825
34844,-0.56396484,1.0824585,-0.78460693
34845,-0.68252563,1.1170959,-0.89019775
34846,-0.66955566,0.84976196,-0.88851929
34847,-0.79711914,1.0229492,-0.6288147
34848,-0.73852539,1.2611389,-0.66711426
34849,-0.84533691,1.1016846,-0.61248779
34850,-0.9185791,1.081543,-0.5279541
34851,-0.8732605,1.2913513,-0.62179565
34852,-0.9135437,1.2036133,-0.59173584
34853,-0.97106934,0.92178345,-0.66711426
34854,-1.0250854,0.9753418,-0.65383911
34855,-1.0137939,1.1943054,-0.58609009
34856,-1.0806274,1.1122131,-0.46096802
34857,-1.2091064,1.2628174,-0.47637939
34858,-1.3008118,0.99578857,-0.50689697
34859,-1.2054443,1.0307312,-0.37185669
34860,-1.2342834,0.92468262,-0.35949707
34861,-1.3175964,0.86105347,-0.34957886
34862,-1.4746094,1.027832,-0.20248413
34863,-1.44104,0.88790894,-0.22613525
34864,-1.5060425,0.83984375,-0.14892578
34865,-1.4761353,0.8253479,-0.14343262
34866,-1.5701294,0.90591431,0.052032471
34867,-1.5808105,1.1225891,0.073699951
34868,-1.6516113,1.0491943,0.085601807
34869,-1.7066956,1.0360718,0.12008667
34870,-1.7208862,1.1022949,0.14129639
34871,-1.7481995,0.96633911,0.2973938
34872,-1.7810059,0.98312378,0.3503418
34873,-1.7224121,0.94726563,0.23681641
34874,-1.77948,0.92437744,0.33416748
34875,-1.8577576,0.88439941,0.31066894
34876,-1.8066406,0.89553833,0.38650513
34877,-1.8544006,0.87402344,0.48736572
34878,-1.8789673,0.83129883,0.50445557
34879,-1.9467163,0.78262329,0.48278809
34880,-1.8725586,0.77087402,0.57556152
34881,-1.9607544,0.73562622,0.76644897
34882,-2.0358276,0.77789307,0.8493042
34883,-1.9142151,0.76385498,0.87402344
34884,-1.8713379,0.66986084,0.69473267
34885,-1.9796753,0.55664063,0.77209473
34886,-1.9743347,0.61676025,0.77026367
34887,-1.9335938,0.49911499,0.71411133
34888,-2.106781,0.54321289,0.90026856
34889,-2.0204163,0.43228149,0.95535278
34890,-2.03125,0.30914307,1.0287476
34891,-2.1166992,0.090637207,1.0845947
34892,-1.9241333,0.20263672,1.1439514
34893,-2.0951843,0.17822266,1.1993408
34894,-1.99646,0.14694214,1.116333
34895,-2.09198,0.19699097,1.3807678
34896,-1.9410706,-0.043334961,1.2268066
34897,-1.9702148,-0.20095825,1.3769531
34898,-2.041626,-0.12435913,1.2481689
34899,-2.036438,-0.30685425,1.4735413
34900,-1.9113159,-0.22598267,1.5457153
34901,-2.0092773,0.019989014,1.5686035
34902,-2.0040894,-0.49468994,1.4772034
34903,-1.8643188,-0.74447632,1.7655945
34904,-1.7549133,-0.53512573,1.6693115
34905,-1.8455505,-0.59051514,1.6227722
34906,-1.9390869,-0.68008423,1.7071533
34907,-1.8122864,-0.62225342,1.6061401
34908,-2.0147705,-0.77148438,1.598053
34909,-1.7521667,-0.87722778,1.6946411
34910,-1.7204285,-0.80093384,1.7938232
34911,-1.7419434,-0.88058472,1.7790222
34912,-1.6369629,-0.79040527,1.7855835
34913,-1.7134094,-0.7383728,1.7523193
34914,-1.6424561,-0.98114014,1.2692261
34915,-1.6397095,-0.94940185,1.6165161
34916,-1.6583252,-1.0932922,1.7326355
34917,-1.5667725,-1.2892151,1.8322754
34918,-1.3928223,-1.1436462,1.9561768
34919,-1.2844849,-1.0855103,1.9952393
34920,-1.3192749,-1.1270142,1.8811035
34921,-1.3876343,-1.267395,1.9108582
34922,-1.3285828,-1.2135315,1.8600464
34923,-1.2841797,-1.2948608,1.8765259
34924,-1.2394714,-1.5699768,1.7089844
34925,-1.207428,-1.5168762,1.8449402
34926,-1.2948608,-1.7652893,1.6609192
34927,-1.1564636,-1.5875244,1.8414307
34928,-1.0494995,-1.6690063,1.789093
34929,-0.89050293,-1.703186,1.7945862
34930,-0.89172363,-1.781311,1.75354
34931,-0.79483032,-1.5943909,1.721344
34932,-0.79605103,-1.7456055,1.7074585
34933,-0.87936401,-1.6607666,1.8148804
34934,-0.60653687,-1.685791,1.7456055
34935,-0.65612793,-1.8109131,1.6517639
34936,-0.50842285,-1.7224121,1.6595459
34937,-0.60913086,-1.9108582,1.6078186
34938,-0.51132202,-1.9377136,1.6387939
34939,-0.46173096,-1.9934082,1.6017151
34940,-0.32775879,-2.0996094,1.6090393
34941,-0.28594971,-2.1679688,1.5991211
34942,-0.19958496,-2.1128845,1.5267944
34943,-0.23834228,-2.0545959,1.5878296
34944,-0.21896362,-2.0991516,1.5672302
34945,-0.12527466,-2.048645,1.4604187
34946,-0.040893555,-2.1177673,1.4659119
34947,-0.029907227,-2.2163391,1.3421631
34948,0.058288574,-2.2843933,1.2356567
34949,0.14419556,-2.265625,1.2059021
34950,0.12390137,-2.1269226,1.2446594
34951,0.12008667,-2.2909546,1.1727905
34952,0.23956299,-2.1183777,1.1463928
34953,0.3062439,-2.1356201,1.1114502
34954,0.34332275,-2.207489,1.0140991
34955,0.36178589,-2.2457886,1.0079956
34956,0.40664673,-2.3358154,1.0163879
34957,0.42053223,-2.2996521,0.98434448
34958,0.43777466,-2.3362732,0.90209961
34959,0.51208496,-2.4327087,0.93261719
34960,0.57189941,-2.4638367,0.98052978
34961,0.59539795,-2.3558044,0.8996582
34962,0.60821533,-2.3132324,0.90942383
34963,0.64849853,-2.334137,0.7510376
34964,0.68069458,-2.3727417,0.77667236
34965,0.79223633,-2.3248291,0.58807373
34966,0.81863403,-2.1218872,0.52612305
34967,0.84533691,-1.946106,0.53344727
34968,0.90682983,-1.9674683,0.48126221
34969,0.95428467,-2.0054626,0.37292481
34970,0.92498779,-1.8847656,0.37200928
34971,0.89889526,-1.9827271,0.28549194
34972,0.94482422,-1.8859863,0.091247559
34973,0.94451904,-1.8527222,0.13763428
34974,1.0342407,-1.9471741,0.095672607
34975,1.0987854,-1.816864,-0.035705566
34976,1.2188721,-1.8609619,0.1083374
34977,1.0717773,-1.8489075,-0.034179688
34978,1.071167,-1.812439,-0.040740967
34979,1.1517334,-1.6278076,-0.054779053
34980,1.1567688,-1.665802,-0.11566162
34981,1.1526489,-1.5629578,-0.2722168
34982,1.1598206,-1.6479492,-0.26046753
34983,1.2298584,-1.6821289,-0.4170227
34984,1.2657166,-1.7300415,-0.32211304
34985,1.257019,-1.5631104,-0.58288574
34986,1.2533569,-1.477356,-0.63720703
34987,1.2081909,-1.4102173,-0.45532227
34988,1.2893677,-1.4047241,-0.42221069
34989,1.219635,-1.4251709,-0.54718018
34990,1.2025452,-1.5434265,-0.62667847
34991,1.1257935,-1.2361145,-0.60653687
34992,1.1804199,-1.2260437,-0.63903809
34993,1.1451721,-0.94909668,-0.65795898
34994,1.1566162,-1.0142517,-0.80108643
34995,1.1427307,-1.0775757,-0.76934815
34996,1.1480713,-0.93826294,-0.87173462
34997,1.1315918,-0.809021,-0.95184326
34998,1.0920715,-0.70220947,-0.97366333
34999,1.0775757,-0.67214966,-0.99426269
35000,1.0339355,-0.63034058,-0.96008301
35001,1.1019897,-0.61340332,-0.99899292
35002,1.0583496,-0.62042236,-1.0150146
35003,0.86151123,-0.41870117,-1.0641479
35004,0.82977295,-0.43731689,-1.1437988
35005,0.88241577,-0.42907715,-1.1764526
35006,0.77178955,-0.42663574,-1.191864
35007,0.80154419,-0.2041626,-1.1375427
35008,0.78308106,-0.27282715,-1.131897
35009,0.83435059,-0.16555786,-1.1663818
35010,0.72265625,-0.1739502,-1.2321472
35011,0.82717896,-0.029449463,-1.2573242
35012,0.7170105,-0.063018799,-1.4434814
35013,0.69946289,-0.15472412,-1.2792969
35014,0.50323486,-0.12863159,-1.3415527
35015,0.31829834,-0.33676147,-1.5460205
35016,0.35430908,0.068511963,-1.2852478
35017,0.53695679,0.10253906,-1.1981201
35018,0.61279297,0.041046143,-1.2988281
35019,0.47317505,0.16189575,-1.2539673
35020,0.44021606,0.34957886,-1.2062073
35021,0.2470398,0.37506103,-1.2693787
35022,0.38635254,0.43380737,-1.3368225
35023,0.32028198,0.5392456,-1.383667
35024,0.16189575,0.54321289,-1.3287354
35025,0.2029419,0.51727295,-1.3243103
35026,0.071105957,0.51086426,-1.3845825
35027,0.081787109,0.66665649,-1.2788391
35028,0.071105957,0.70465088,-1.3838196
35029,-0.11566162,0.77758789,-1.1987305
35030,-0.084075928,0.87188721,-1.2019348
35031,-0.12084961,0.7888794,-1.1749268
35032,-0.24490356,0.6288147,-1.1965942
35033,-0.31509399,0.90866089,-1.1395264
35034,-0.31173706,0.89157104,-1.1578369
35035,-0.22155762,0.87463379,-0.99304199
35036,-0.34973144,0.8732605,-0.98373413
35037,-0.4574585,0.93048096,-0.90301514
35038,-0.48187256,1.0714722,-0.84899902
35039,-0.49697876,1.1454773,-0.99319458
35040,-0.71838379,1.1819458,-0.93597412
35041,-0.61386108,1.3183594,-0.87341309
35042,-0.62255859,1.2458801,-0.99639893
35043,-0.84472656,1.204834,-0.75515747
35044,-0.95718384,1.1683655,-1.0011291
35045,-0.96878052,1.2478638,-0.71411133
35046,-0.93688965,1.3011169,-0.91796875
35047,-0.86959839,1.2173462,-0.82260132
35048,-1.0202026,1.2255859,-0.60836792
35049,-1.088562,1.3502502,-0.44799805
35050,-1.2814331,1.2646484,-0.41259766
35051,-1.2564087,1.2089539,-0.44708252
35052,-1.245575,1.1152649,-0.46005249
35053,-1.3186646,1.3066101,-0.34423828
35054,-1.3175964,1.3108826,-0.29327393
35055,-1.3822937,1.3562012,-0.23590088
35056,-1.4501953,1.2460327,-0.23681641
35057,-1.471405,1.2454224,-0.14419556
35058,-1.6107178,1.1448669,-0.091400146
35059,-1.8870544,0.89355469,-0.1739502
35060,-1.5803528,1.2142944,-0.17532349
35061,-1.7410278,1.1984253,-0.094909668
35062,-1.5870666,1.2242126,-0.091094971
35063,-1.5605164,1.1865234,0.076446533
35064,-1.7755127,1.1061096,0.022277832
35065,-1.7211914,1.1157227,0.15991211
35066,-1.8789673,1.2625122,0.35369873
35067,-2.0315552,0.98236084,0.39672852
35068,-1.7738342,1.1172485,0.38589478
35069,-1.932373,0.96755981,0.35675049
35070,-2.0027161,1.1198425,0.4486084
35071,-1.9703674,1.0136414,0.45898438
35072,-2.1839905,0.93200684,0.52993774
35073,-1.9726563,0.94726563,0.49362183
35074,-2.1368408,0.90667725,0.71655273
35075,-2.0330811,0.95046997,0.55709839
35076,-2.1908569,0.8744812,0.73745728
35077,-2.1269226,0.8493042,0.77392578
35078,-2.2314453,0.70129394,0.96542358
35079,-2.2581482,0.75820923,0.94284058
35080,-2.1867371,0.58792114,0.92803955
35081,-2.144928,0.62408447,1.0310364
35082,-2.192688,0.51956177,0.97991943
35083,-2.2169495,0.50506592,0.98083496
35084,-2.1838379,0.68740845,1.1656189
35085,-2.0948792,0.52871704,1.1624146
35086,-2.0269775,0.39901733,1.2017822
35087,-2.2496033,0.31738281,1.2194824
35088,-1.9805908,0.2835083,1.2817383
35089,-2.150116,0.13305664,1.1758423
35090,-2.2302246,0.20614624,1.3114929
35091,-2.1328735,0.17669678,1.37146
35092,-2.1287537,-0.024414063,1.2425232
35093,-2.0553589,-0.1171875,1.3705444
35094,-1.9236755,-0.2267456,1.4176941
35095,-2.0854187,-0.29037476,1.5792847
35096,-2.0037842,-0.65353394,1.5635681
35097,-2.0272827,-0.46813965,1.5727234
35098,-2.1923828,-0.38879394,1.4021301
35099,-2.0611572,-0.46401978,1.6873169
35100,-1.9219971,-0.45623779,1.6867065
35101,-2.0303345,-1.0119629,1.7144775
35102,-1.8829346,-0.7194519,1.6937256
35103,-1.7526245,-0.77438354,1.8043518
35104,-1.7216492,-0.67871094,1.953125
35105,-1.9628906,-0.677948,1.9880676
35106,-1.796875,-0.77819824,1.8623352
35107,-1.6934204,-0.77346802,1.8658447
35108,-1.9017029,-0.89355469,1.9313049
35109,-1.7776489,-0.82839966,1.8373108
35110,-1.6368103,-0.84472656,1.8167114
35111,-1.62323,-1.0014343,1.9058228
35112,-1.6314697,-1.0325623,1.8252563
35113,-1.7861938,-1.1058044,1.8888855
35114,-1.7102051,-1.1740112,1.9914246
35115,-1.5739441,-1.1865234,2.1310425
35116,-1.4241028,-1.4282227,2.077179
35117,-1.4225769,-1.3244629,2.1389771
35118,-1.2316895,-1.5914917,1.9770813
35119,-1.1711121,-1.4193726,2.026062
35120,-1.505127,-1.5402222,1.9091797
35121,-1.2002563,-1.5612793,2.0071411
35122,-1.0717773,-1.6424561,2.0137024
35123,-0.99349976,-1.6812134,1.9906616
35124,-1.0704041,-1.736145,1.9203186
35125,-1.1120605,-1.8013,2.0071411
35126,-1.0449219,-1.9239807,1.9506836
35127,-0.91461182,-2.0663452,1.8199158
35128,-0.84991455,-1.9654846,1.8621826
35129,-0.81771851,-1.967926,1.9337463
35130,-0.8013916,-1.9891357,1.9633484
35131,-0.57479858,-2.0236206,1.9400024
35132,-0.50323486,-2.071991,1.933136
35133,-0.57373047,-2.0254517,1.9612122
35134,-0.46737671,-2.0796204,1.8286133
35135,-0.39520264,-2.0767212,1.7150879
35136,-0.40481567,-2.1412659,1.6905212
35137,-0.36987305,-2.1514893,1.6398621
35138,-0.2079773,-2.2547913,1.5374756
35139,-0.19088745,-2.303772,1.499176
35140,-0.22506714,-2.3370361,1.5104675
35141,-0.11444092,-2.227478,1.4006042
35142,-0.096435547,-2.1980286,1.3592529
35143,-0.014038086,-2.1514893,1.3339233
35144,0.08026123,-2.2219849,1.3342285
35145,0.075378418,-2.2711182,1.3066101
35146,0.07598877,-2.3513794,1.3284302
35147,0.24765015,-2.3997498,1.2376404
35148,0.39535522,-2.4700928,1.2702942
35149,0.27908325,-2.4105835,1.2271118
35150,0.39428711,-2.2776794,1.0818481
35151,0.41625977,-2.297821,1.053009
35152,0.44967651,-2.2850037,1.1404419
35153,0.52124023,-2.147522,1.0049438
35154,0.62164307,-2.2253418,0.90866089
35155,0.61355591,-2.2444153,0.94863892
35156,0.76171875,-2.1884155,0.84014893
35157,0.66955566,-2.1774292,0.75439453
35158,0.71990967,-2.1459961,0.67199707
35159,0.72082519,-2.1372986,0.73928833
35160,0.7963562,-2.0878601,0.62133789
35161,0.88409424,-2.2612,0.53863525
35162,0.93933106,-2.1325684,0.6173706
35163,0.94070435,-2.1279907,0.44769287
35164,0.96588135,-2.1034241,0.27755737
35165,0.96710205,-2.0510864,0.41213989
35166,0.95550537,-2.0245361,0.34210205
35167,0.96633911,-2.1850586,0.30792236
35168,0.9475708,-2.0373535,0.21591187
35169,1.1158752,-2.0016479,0.12832642
35170,1.1654663,-1.9580078,0.046844482
35171,1.1865234,-1.9084167,0.077667236
35172,1.0818481,-1.9282532,-0.031280518
35173,1.2683105,-1.804657,-0.001373291
35174,1.0931396,-1.7266846,-0.035858154
35175,1.1151123,-1.9244385,0.03692627
35176,1.0482788,-1.894989,-0.059509277
35177,1.0894775,-1.714325,-0.2532959
35178,1.1349487,-1.6560364,-0.36621094
35179,1.1264038,-1.6665649,-0.33126831
35180,1.207428,-1.5997314,-0.33538818
35181,1.194458,-1.552124,-0.40023804
35182,1.2683105,-1.4834595,-0.62591553
35183,1.1380005,-1.4746094,-0.53817749
35184,1.2109375,-1.424408,-0.57266235
35185,1.1239624,-1.494751,-0.5670166
35186,1.1444092,-1.2852478,-0.62408447
35187,1.0479736,-1.3269043,-0.64361572
35188,1.0864258,-1.3002014,-0.65597534
35189,1.1465454,-1.0739136,-0.7043457
35190,1.1090088,-1.2409973,-0.8908081
35191,1.1618042,-1.2423706,-0.7661438
35192,1.0424805,-1.1611938,-0.95367432
35193,1.1645508,-1.0914612,-0.80886841
35194,1.0977173,-0.99090576,-0.98617554
35195,1.0513306,-0.83175659,-0.94146728
35196,1.0864258,-0.72372437,-0.93841553
35197,1.0858154,-0.5960083,-1.0235596
35198,1.153717,-0.62545776,-1.0324097
35199,1.1212158,-0.50109863,-1.0510254
35200,1.0307312,-0.50415039,-1.2371826
35201,1.1325073,-0.43045044,-1.1564636
35202,0.91125488,-0.31234741,-1.2661743
35203,0.98144531,-0.52947998,-1.3258362
35204,0.79833984,-0.23986816,-1.2426758
35205,0.75637817,-0.33813477,-1.3305664
35206,0.82870483,-0.23956299,-1.427002
35207,0.83206177,-0.15426636,-1.3825989
35208,0.76065063,-0.066375732,-1.4035034
35209,0.8152771,0.15594482,-1.2860107
35210,0.49041748,-0.209198,-1.4657593
35211,0.75073242,0.044250488,-1.3575745
35212,0.50033569,0.078430176,-1.1712646
35213,0.46340942,0.34057617,-1.1749268
35214,0.51834106,0.28656006,-1.2698364
35215,0.37017822,0.42755127,-1.1701965
35216,0.38330078,0.40756226,-1.2039185
35217,0.38146973,0.24597168,-1.421814
35218,0.33584595,0.44052124,-1.5391541
35219,0.16052246,0.46813965,-1.3130188
35220,0.21087647,0.64102173,-1.2968445
35221,0.18203735,0.72021484,-1.2619019
35222,0.14678955,0.60455322,-1.3638306
35223,0.043945313,0.58380127,-1.2689209
35224,0.025177002,0.77301025,-1.3555908
35225,-0.12268066,0.75302124,-1.3249207
35226,-0.14007568,0.88043213,-1.3131714
35227,-0.00793457,0.99319458,-1.2762451
35228,-0.23468018,0.89324951,-1.0742188
35229,-0.25573731,1.0746765,-1.255188
35230,-0.38070679,1.2463379,-1.4167786
35231,-0.25817871,1.1500549,-1.0527039
35232,-0.31051636,1.1810303,-1.0496521
35233,-0.40985107,1.1201477,-1.184845
35234,-0.66192627,0.987854,-1.2568665
35235,-0.5859375,1.1010742,-1.2414551
35236,-0.81100464,1.2310791,-0.96664429
35237,-0.71273804,1.2646484,-1.0916138
35238,-0.80474853,1.4115906,-0.89416504
35239,-0.88134766,1.4466858,-0.80200195
35240,-0.96160889,1.4595032,-0.94802856
35241,-0.88165283,1.4498901,-0.8795166
35242,-1.0153198,1.3208008,-0.86090088
35243,-0.92880249,1.3482666,-0.56488037
35244,-1.0430908,1.3833618,-0.59616089
35245,-1.09375,1.3879395,-0.80047607
35246,-1.2504578,1.3905334,-0.61645508
35247,-1.1993408,1.391449,-0.56671143
35248,-1.2602234,1.3934326,-0.50750732
35249,-1.2628174,1.295166,-0.48049927
35250,-1.4450073,1.3520813,-0.42480469
35251,-1.4268494,1.3290405,-0.47027588
35252,-1.5989685,1.3902283,-0.22506714
35253,-1.6288757,1.1360168,-0.093383789
35254,-1.6775513,1.0809326,-0.061035156
35255,-1.6146851,1.0900879,-0.054931641
35256,-1.569519,1.237793,-0.065917969
35257,-1.6726685,1.1880493,0.13259888
35258,-1.6581726,1.1878967,0.090332031
35259,-1.7478943,1.212616,0.17379761
35260,-1.9224548,1.131134,0.17578125
35261,-1.7956543,1.1824036,0.23712158
35262,-1.8936157,1.056366,0.44143677
35263,-1.8847656,1.1035156,0.22537231
35264,-1.7993164,1.1546326,0.37216186
35265,-1.9677734,1.0522461,0.2381897
35266,-1.9110107,1.0818481,0.43334961
35267,-2.0654297,0.92681885,0.59417725
35268,-2.1379089,0.98388672,0.35095215
35269,-2.0303345,0.9765625,0.51071167
35270,-2.1040344,0.8430481,0.54702759
35271,-2.011261,0.85006714,0.67626953
35272,-2.0628357,0.7585144,0.80108643
35273,-2.0950317,0.75805664,0.64437866
35274,-2.2201538,0.76354981,0.6401062
35275,-2.1560669,0.64102173,0.78460693
35276,-2.0787048,0.73822022,0.84472656
35277,-2.1182251,0.6312561,0.84655762
35278,-2.1339417,0.4675293,1.0296631
35279,-2.1095276,0.51437378,1.0797119
35280,-2.0773315,0.4536438,1.1373901
35281,-2.0758057,0.55038452,1.1483765
35282,-2.0597839,0.48812866,1.0368347
35283,-2.121582,0.34835815,1.1294556
35284,-2.1136475,0.29708862,1.2861633
35285,-2.0944214,0.069885254,1.3388062
35286,-2.0619202,0.041809082,1.3697815
35287,-2.026825,-0.012817383,1.4518738
35288,-2.1025085,-0.22857666,1.4300537
35289,-2.0629883,-0.15029907,1.4727783
35290,-2.0161438,-0.17822266,1.5319824
35291,-1.9813538,-0.11627197,1.4868164
35292,-2.1018982,-0.31692505,1.7367554
35293,-2.0243835,-0.25741577,1.6542053
35294,-2.0651245,-0.26550293,1.6314697
35295,-1.8815613,-0.27328491,1.7279053
35296,-1.9914246,-0.59417725,1.8014526
35297,-1.9371033,-0.36117554,1.8945313
35298,-1.9055176,-0.53085327,1.8873596
35299,-1.912384,-0.72845459,1.9068909
35300,-1.8423462,-0.74386597,1.9313049
35301,-1.8795776,-0.56716919,1.9325256
35302,-1.8440247,-0.76675415,2.1029663
35303,-1.8092346,-0.86456299,1.9857788
35304,-1.7053223,-0.86288452,1.9493103
35305,-1.683197,-1.1376953,2.0419312
35306,-1.678772,-1.0508728,1.9290161
35307,-1.5142822,-1.1521912,1.9555664
35308,-1.6207886,-1.240387,2.2161865
35309,-1.4802551,-1.1120605,2.0843506
35310,-1.4564514,-1.3038635,2.0533752
35311,-1.5560913,-1.1897278,1.879425
35312,-1.4105225,-1.2298584,2.0495605
35313,-1.411438,-1.5631104,2.0846558
35314,-1.428833,-1.4007568,2.0973206
35315,-1.4276123,-1.6149902,2.0411682
35316,-1.3865662,-1.7889404,2.0080566
35317,-1.4434814,-1.6490173,1.9844055
35318,-1.1303711,-1.6667175,1.9918823
35319,-1.2266541,-1.8856812,1.9508362
35320,-1.2345886,-1.8295288,2.0181274
35321,-1.1734009,-1.8084717,1.9720459
35322,-0.94497681,-1.6970825,1.9885254
35323,-0.81237793,-1.8832397,1.9010925
35324,-0.79895019,-1.8684387,1.9902039
35325,-0.8102417,-1.9602966,1.9363403
35326,-0.81085205,-1.9691467,1.9352722
35327,-0.63964844,-1.8891907,1.9139099
35328,-0.6716919,-1.9067383,1.8362427
35329,-0.48629761,-2.0895386,1.7047119
35330,-0.48568726,-2.2737122,1.7921448
35331,-0.53070068,-2.2802734,1.7126465
35332,-0.32119751,-2.230072,1.7802429
35333,-0.31936645,-2.2372437,1.7919922
35334,-0.31799316,-2.2483826,1.7227173
35335,-0.13244629,-2.1914673,1.7022705
35336,-0.13900757,-2.4328613,1.6517639
35337,-0.11306763,-2.4395752,1.5585327
35338,0.017089844,-2.5386047,1.4979553
35339,0.000762939,-2.354126,1.5112305
35340,0.1852417,-2.2937012,1.5063477
35341,0.066680908,-2.2401428,1.3562012
35342,0.16738892,-2.2338867,1.3543701
35343,0.25039673,-2.2238159,1.3372803
35344,0.2029419,-2.2436523,1.28479
35345,0.35049439,-2.3750305,1.171875
35346,0.29602051,-2.4205017,1.2350464
35347,0.47485352,-2.5900269,1.0694885
35348,0.33966064,-2.4685669,0.89874268
35349,0.4800415,-2.2998047,0.98236084
35350,0.49667358,-2.4806213,1.0020447
35351,0.58044434,-2.3474121,0.86837769
35352,0.52062988,-2.3149109,0.74356079
35353,0.66299438,-2.2415161,0.77758789
35354,0.75973511,-2.3165894,0.99014282
35355,0.6829834,-2.2521973,0.83892822
35356,0.81893921,-2.2036743,0.69854736
35357,0.72158813,-2.336731,0.70053101
35358,0.8656311,-2.3851013,0.75180054
35359,1.0263062,-2.268219,0.42205811
35360,0.87905884,-2.1548462,0.51177978
35361,0.96160889,-2.1963501,0.35919189
35362,0.84060669,-2.2923279,0.39108276
35363,1.1099243,-2.1646118,0.23529053
35364,1.1006165,-2.2381592,0.12176514
35365,1.1096191,-2.6286316,0.13214111
35366,1.0951233,-2.2138977,0.018005371
35367,1.1242676,-1.9607544,0.035552979
35368,1.1177063,-1.8721008,0.092010498
35369,1.2968445,-1.9493103,-0.048370361
35370,1.3131714,-1.9920349,-0.13763428
35371,1.3739014,-1.913147,0.04699707
35372,1.3124084,-1.986084,-0.17547607
35373,1.2646484,-1.734314,-0.15335083
35374,1.2640381,-1.7970276,-0.17761231
35375,1.3002014,-1.7419434,-0.29342651
35376,1.421051,-1.7192078,-0.48568726
35377,1.3076782,-1.6569519,-0.53314209
35378,1.2216187,-1.6644287,-0.57540894
35379,1.3540649,-1.5849304,-0.74615478
35380,1.3322449,-1.6378784,-0.64498901
35381,1.2814331,-1.3955688,-0.58822632
35382,1.2661743,-1.3272095,-0.6187439
35383,1.2924194,-1.313324,-0.86425781
35384,1.2660217,-1.2306213,-0.70663452
35385,1.4137268,-1.3247681,-0.75027466
35386,1.2210083,-1.3090515,-0.72509766
35387,1.2597656,-1.2693787,-0.86593628
35388,1.1991882,-1.1157227,-0.96511841
35389,1.1054993,-1.0314941,-0.93063354
35390,1.293335,-0.91690063,-0.94970703
35391,1.2052917,-0.93154907,-0.97473144
35392,1.0522461,-0.87036133,-1.0025024
35393,1.2088013,-0.80627441,-1.1128235
35394,1.1712646,-0.98602295,-1.1080933
35395,1.1273193,-0.77377319,-1.2612915
35396,1.126709,-0.83862305,-1.1849976
35397,1.1218262,-0.71395874,-1.2335205
35398,1.0810852,-0.50048828,-1.2329102
35399,1.0650635,-0.41992188,-1.3905334
35400,0.94146728,-0.16601563,-1.2779236
35401,0.95123291,-0.4637146,-1.3684082
35402,0.90133667,-0.39489746,-1.3874817
35403,0.86273193,-0.19882202,-1.3014221
35404,0.89675903,-0.24856567,-1.4259338
35405,0.75622559,-0.01159668,-1.4646912
35406,0.74432373,-0.21835327,-1.4717102
35407,0.74386597,-0.046081543,-1.5432739
35408,0.67138672,0.012054443,-1.5708923
35409,0.5696106,0.043487549,-1.4451599
35410,0.58609009,0.00579834,-1.5664673
35411,0.6137085,0.22064209,-1.4056396
35412,0.52856445,0.27374268,-1.5190125
35413,0.46173096,0.58776856,-1.4642334
35414,0.43029785,0.33035278,-1.4512634
35415,0.4335022,0.56854248,-1.5560913
35416,0.31738281,0.54489136,-1.398468
35417,0.30258179,0.81604004,-1.4787292
35418,0.21240234,0.70770264,-1.4704895
35419,0.31799316,0.78277588,-1.3258362
35420,0.1965332,0.9060669,-1.502533
35421,0.15640259,0.59234619,-1.3435364
35422,0.08895874,0.69366455,-1.506958
35423,-0.068054199,0.80245972,-1.4047241
35424,-0.19210815,0.90744019,-1.2680054
35425,-0.206604,0.84411621,-1.1608887
35426,-0.12405395,0.98831177,-1.2052917
35427,-0.21774292,0.88180542,-1.2742615
35428,-0.26092529,1.0346985,-0.97518921
35429,-0.38238525,1.1230469,-1.0650635
35430,-0.57434082,1.2747192,-1.0690308
35431,-0.61355591,1.2026978,-1.2887573
35432,-0.5871582,0.96328735,-1.1099243
35433,-0.63949585,1.3522339,-1.0762024
35434,-0.70083618,1.1686707,-1.0864258
35435,-0.84030151,1.3499451,-0.98632813
35436,-0.79101563,1.3838196,-1.005249
35437,-0.84136963,1.2826538,-1.1254883
35438,-1.0131836,1.3574219,-1.0137939
35439,-1.0125732,1.3822937,-1.0850525
35440,-0.89355469,1.1901855,-0.90911865
35441,-0.99090576,1.1791992,-0.65338135
35442,-1.1495972,1.4102173,-0.8279419
35443,-1.1836243,1.3642883,-0.89157104
35444,-1.1851501,1.3929749,-0.6413269
35445,-1.3774109,1.4021301,-0.42419434
35446,-1.2854004,1.3417053,-0.43502808
35447,-1.3012695,1.3708496,-0.33981323
35448,-1.3673401,1.4332581,-0.35507202
35449,-1.411438,1.4332581,-0.40664673
35450,-1.5710449,1.4355469,-0.27542114
35451,-1.6049194,1.394043,-0.24215698
35452,-1.6650391,0.94924927,-0.45730591
35453,-1.6333008,1.2367249,-0.15579224
35454,-1.7391968,1.1738586,-0.03112793
35455,-1.8455505,1.1386108,0.009613037
35456,-1.7202759,1.116333,-0.013122559
35457,-1.6548157,1.3162231,0.11032105
35458,-1.917572,1.4080811,0.074768066
35459,-1.8026733,1.2158203,0.20690918
35460,-1.9050598,1.2365723,0.259552
35461,-1.9715881,1.1083984,0.37017822
35462,-1.9404602,1.1495972,0.25619507
35463,-1.9055176,1.1476135,0.3276062
35464,-1.9622803,1.2037659,0.31341553
35465,-2.0794678,1.1309814,0.51269531
35466,-2.0237732,1.0748291,0.45883179
35467,-2.1150208,0.91445923,0.61920166
35468,-2.232666,0.9236145,0.72692871
35469,-2.1537781,0.76705933,0.62759399
35470,-2.1864319,0.89385986,0.83770752
35471,-2.097168,0.76385498,0.81710815
35472,-1.993103,0.90576172,0.86242676
35473,-2.1981812,0.75698853,0.83679199
35474,-2.2436523,0.80581665,1.0057068
35475,-2.2294617,0.68115234,1.1576843
35476,-2.3309326,0.5368042,1.2321472
35477,-2.2720337,0.71060181,1.2400818
35478,-2.1907043,0.5355835,1.2045288
35479,-2.355957,0.43182373,1.3079834
35480,-2.2212219,0.45059204,1.2797546
35481,-2.4012756,0.28869629,1.3546753
35482,-2.2171021,0.29312134,1.4147949
35483,-2.2987366,0.11291504,1.2333679
35484,-2.1685791,0.32653809,1.3858032
35485,-2.2375488,0.22537231,1.3195801
35486,-2.4375916,0.21408081,1.4161682
35487,-2.2929382,-0.04699707,1.5319824
35488,-2.056427,-0.061035156,1.5150452
35489,-2.2340393,-0.098724365,1.4576721
35490,-2.0936584,-0.27542114,1.5467834
35491,-2.0993042,-0.23635864,1.6802979
35492,-2.066803,-0.30273438,1.6015625
35493,-2.0950317,-0.26412964,1.9033813
35494,-2.1006775,-0.4385376,1.8310547
35495,-1.9537354,-0.40267944,1.8432617
35496,-2.0030212,-0.47317505,1.7462158
35497,-1.9950867,-0.68222046,1.7913818
35498,-2.0275879,-0.87615967,1.9386291
35499,-1.9171143,-0.75790405,1.6992188
35500,-1.8067932,-0.90560913,1.9068909
35501,-1.8223572,-0.82885742,1.8754578
35502,-1.7687988,-0.89950562,1.7092896
35503,-1.6738892,-1.0072327,2.076416
35504,-1.6870117,-1.1270142,2.1659851
35505,-1.6963196,-1.1462402,1.6189575
35506,-1.6923523,-1.3121033,2.0495605
35507,-1.7988586,-1.2561035,2.1218872
35508,-1.6964722,-1.0006714,2.2087097
35509,-1.6574097,-0.97854614,2.0166016
35510,-1.5348816,-1.3433838,1.6705322
35511,-1.6445923,-1.530304,2.0365906
35512,-1.4402771,-1.5151978,1.9836426
35513,-1.558075,-1.600647,2.0472717
35514,-1.5071106,-1.6357422,1.9819641
35515,-1.4654541,-1.7868042,2.0654297
35516,-1.268158,-1.7303467,2.1252441
35517,-1.2416077,-1.8197632,2.102356
35518,-1.1618042,-1.7793274,2.1411133
35519,-1.1608887,-1.7204285,2.010498
35520,-1.0232544,-1.696167,1.9961548
35521,-1.0418701,-1.6723633,2.0230103
35522,-0.99884033,-1.8605041,1.8972778
35523,-0.86013794,-1.8592834,1.9606018
35524,-0.87554932,-1.9480896,1.9474792
35525,-0.69213867,-2.0237732,2.069397
35526,-0.76904297,-1.973877,1.8928528
35527,-0.72067261,-2.1899414,1.7669678
35528,-0.54122925,-2.1844482,1.7713928
35529,-0.53268433,-2.2755432,1.6384888
35530,-0.46432495,-2.2970581,1.6133118
35531,-0.61004639,-2.3297119,1.7515564
35532,-0.51864624,-2.0272827,1.7025757
35533,-0.35614014,-2.0684814,1.6004944
35534,-0.15975952,-2.1591187,1.6127014
35535,-0.23132324,-2.2735596,1.6693115
35536,-0.11398315,-2.46521,1.4195251
35537,-0.074310303,-2.338562,1.4033508
35538,-0.073547363,-2.3744202,1.5925598
35539,0.076293945,-2.3283386,1.3705444
35540,0.28106689,-2.3675537,1.4111328
35541,0.2961731,-2.3083496,1.3989258
35542,0.16326904,-2.3704529,1.3388062
35543,0.29602051,-2.5495911,1.242218
35544,0.33050537,-2.5192261,1.3865662
35545,0.42205811,-2.5003052,1.2466431
35546,0.45822144,-2.4728394,1.3343811
35547,0.54794312,-2.4751282,1.1155701
35548,0.55648804,-2.4176025,1.1032104
35549,0.52536011,-2.5045776,1.0276794
35550,0.61096191,-2.4440002,0.84732056
35551,0.47729492,-2.2679138,0.93338013
35552,0.55984497,-2.338562,0.90011597
35553,0.67626953,-2.2521973,0.80581665
35554,0.77636719,-2.2259521,0.69076538
35555,0.79605103,-2.1388245,0.50811768
35556,0.71502685,-2.2070313,0.70983887
35557,0.83969116,-2.2532654,0.54519653
35558,0.92590332,-2.197876,0.52047729
35559,0.92056274,-2.1406555,0.35552978
35560,0.91949463,-2.2703552,0.27420044
35561,1.1349487,-2.1166992,0.19348145
35562,1.0694885,-2.1679688,0.17791748
35563,1.0949707,-2.2036743,0.23986816
35564,1.0969543,-2.0394897,0.23162842
35565,1.0992432,-1.9973755,0.093536377
35566,1.1264038,-2.2062683,0.045776367
35567,1.1401367,-2.1412659,0.045471191
35568,1.1579895,-2.130127,-0.019073486
35569,1.1445618,-1.8826294,-0.13580322
35570,1.2010193,-1.9448853,0.045776367
35571,1.1938477,-1.7303467,-0.038452148
35572,1.4123535,-1.8656921,-0.22521973
35573,1.2640381,-1.8890381,-0.28869629
35574,1.3063049,-1.7765808,-0.30059814
35575,1.2402344,-1.7279053,-0.41320801
35576,1.3652039,-1.6275024,-0.55786133
35577,1.2417603,-1.4715576,-0.40679932
35578,1.4599609,-1.5002441,-0.4524231
35579,1.328125,-1.4547729,-0.45700073
35580,1.3835144,-1.3414001,-0.55953979
35581,1.1509705,-1.269989,-0.58868408
35582,1.363678,-1.264801,-0.57739258
35583,1.169281,-1.086731,-0.57601929
35584,1.2203979,-1.1436462,-0.53970337
35585,1.2023926,-1.1106873,-0.73516846
35586,1.1582947,-1.0302734,-0.85769653
35587,1.1907959,-1.0501099,-0.92437744
35588,1.1846924,-1.0015869,-0.9753418
35589,1.1026001,-0.88409424,-0.91033935
35590,1.1383057,-0.77087402,-0.91766357
35591,1.1506653,-0.92468262,-0.90362549
35592,1.1639404,-0.88058472,-1.1935425
35593,1.2176514,-0.82443237,-0.98129272
35594,1.0696411,-0.63400269,-1.071167
35595,1.0198975,-0.71685791,-1.0154724
35596,0.97183228,-0.50704956,-1.1450195
35597,0.95733643,-0.36773682,-1.1709595
35598,0.90744019,-0.26947022,-1.161499
35599,0.82427978,-0.37902832,-1.0655212
35600,0.92926025,-0.26184082,-1.1985779
35601,0.89370728,-0.28442383,-1.1775208
35602,0.89736938,-0.21667481,-1.0263062
35603,0.87585449,-0.034942627,-1.1291504
35604,0.70724487,-0.034790039,-1.1643982
35605,0.59112549,-0.050964355,-1.1486816
35606,0.73181152,-0.16845703,-1.3320923
35607,0.53009033,0.001373291,-1.2374878
35608,0.46783447,-0.22857666,-1.4033508
35609,0.5065918,0.068817139,-1.2590027
35610,0.40878296,0.30441284,-1.388092
35611,0.33218384,0.27114868,-1.2059021
35612,0.19073486,0.24597168,-1.2176514
35613,0.35812378,0.4699707,-1.519165
35614,0.18417358,0.54046631,-1.3687134
35615,0.16403198,0.55221558,-1.4179993
35616,0.39154053,0.51300049,-1.3919067
35617,0.26931763,0.65658569,-1.287384
35618,0.007629395,0.61828613,-1.3391113
35619,0.10665894,0.65032959,-1.3288879
35620,0.10894775,0.72647095,-1.3482666
35621,-0.10238648,0.84915161,-1.2879944
35622,-0.05065918,0.85235596,-1.2258911
35623,-0.11108398,0.97122192,-1.3729858
35624,-0.17807007,0.99334717,-1.2579346
35625,-0.26535034,1.0803223,-1.2042236
35626,-0.27450561,1.121521,-1.2281799
35627,-0.42663574,1.1404419,-1.2060547
35628,-0.49713135,1.2007141,-1.0835266
35629,-0.46722412,0.84716797,-1.0301209
35630,-0.53710938,1.0446167,-1.0801697
35631,-0.62133789,1.1660767,-0.96069336
35632,-0.61935425,1.0972595,-0.90240478
35633,-0.76065063,1.1795044,-0.80535889
35634,-0.83023071,1.3085938,-0.82992554
35635,-0.77835083,1.3343811,-0.77987671
35636,-0.8442688,1.3568115,-0.8114624
35637,-0.92376709,1.315918,-0.72250366
35638,-0.94558716,1.1889648,-0.70678711
35639,-1.0221863,1.181488,-0.65231323
35640,-0.99365234,1.3722229,-0.65765381
35641,-1.0174561,1.3690186,-0.70541382
35642,-1.134491,1.2666321,-0.74539185
35643,-1.3424683,1.2095642,-0.3968811
35644,-1.2373352,1.1927795,-0.57449341
35645,-1.315918,1.2191772,-0.415802
35646,-1.3587952,1.4266968,-0.34820557
35647,-1.3972473,1.232605,-0.28366089
35648,-1.5708923,1.2380981,-0.26763916
35649,-1.5107727,1.2915039,-0.2154541
35650,-1.5118408,1.3153076,-0.2835083
35651,-1.5655518,1.1608887,-0.047912598
35652,-1.6818237,1.2020874,-0.20874023
35653,-1.733551,1.1856079,-0.19866943
35654,-1.7852783,1.1276245,0.081329346
35655,-1.6256714,1.1975098,0.023498535
35656,-1.7433166,1.1865234,0.13656616
35657,-1.6958618,1.2313843,0.14007568
35658,-1.7974854,1.1500549,0.23040772
35659,-1.892395,1.1799622,0.23483276
35660,-1.8869019,1.1752319,0.29067993
35661,-1.8742371,1.0591125,0.28366089
35662,-1.8359375,1.1218262,0.4335022
35663,-1.8157959,0.9677124,0.49255371
35664,-1.8782043,0.93505859,0.56015015
35665,-1.9674683,1.0726929,0.63156128
35666,-1.7962646,0.87875366,0.61325073
35667,-1.9294739,0.74707031,0.70770264
35668,-1.8754578,0.753479,0.76965332
35669,-1.8667603,0.81710815,0.77194214
35670,-1.9415283,0.59997559,0.7649231
35671,-1.9358826,0.60699463,0.88790894
35672,-1.986084,0.47927856,0.85357666
35673,-1.9281006,0.43380737,0.87890625
35674,-2.1395874,0.50720215,1.081543
35675,-2.0585632,0.40496826,0.99975586
35676,-2.0977783,0.32684326,1.0174561
35677,-2.033844,0.32043457,1.1123657
35678,-2.1141052,0.35247803,1.023407
35679,-2.1647644,0.44815064,1.2582397
35680,-2.2027588,0.39459228,1.2265015
35681,-2.0343018,0.15701294,1.2553406
35682,-1.8232727,0.1184082,1.3134766
35683,-2.2129822,0.079650879,1.3772583
35684,-2.379303,-0.11230469,1.3058472
35685,-2.1165466,-0.086212158,1.446228
35686,-2.0672607,-0.035247803,1.5527344
35687,-1.9548035,-0.14175415,1.5576172
35688,-1.9659424,-0.15701294,1.3922119
35689,-1.9110107,-0.37216186,1.6186523
35690,-1.8870544,-0.14404297,1.6168213
35691,-1.8353271,-0.3704834,1.5861511
35692,-1.962738,-0.55511475,1.6204834
35693,-1.9873047,-0.43731689,1.6824341
35694,-1.9099426,-0.2822876,1.7263794
35695,-1.7971802,-0.6954956,1.6105652
35696,-1.8453979,-0.89920044,1.7948914
35697,-1.7642212,-0.81970215,1.6867065
35698,-1.6848755,-0.72967529,1.769104
35699,-1.645813,-0.7762146,1.6363525
35700,-1.5921021,-0.84915161,1.8688965
35701,-1.6540527,-0.93505859,1.9818115
35702,-1.6494751,-1.100769,1.9273376
35703,-1.6036987,-1.240387,1.7958069
35704,-1.5988159,-1.2364197,1.6719055
35705,-1.4283752,-1.2065125,2.099762
35706,-1.4160156,-1.2289429,2.0088196
35707,-1.3731384,-1.2042236,1.4912415
35708,-1.3623047,-1.1598206,1.5962219
35709,-1.353302,-1.1375427,2.011261
35710,-1.300354,-1.3626099,1.9906616
35711,-1.2512207,-1.3859558,2.0059204
35712,-1.1106873,-1.4956665,2.0100403
35713,-1.1376953,-1.6670227,2.0135498
35714,-1.1358643,-1.6972351,2.015686
35715,-1.0957336,-1.7127991,2.0635986
35716,-1.1216736,-1.673584,1.9703674
35717,-0.92285156,-1.5719604,1.8588257
35718,-0.79376221,-1.5864563,1.8449402
35719,-0.84640503,-1.6972351,1.8241882
35720,-0.75744629,-1.8318176,1.9004822
35721,-0.82275391,-1.8896484,1.7045593
35722,-0.81420898,-1.8347168,1.8238831
35723,-0.66040039,-1.8635559,1.6650391
35724,-0.70281982,-1.9038391,1.6455078
35725,-0.53634644,-2.0501709,1.6311646
35726,-0.5015564,-1.9651794,1.7234802
35727,-0.35644531,-2.0513916,1.708374
35728,-0.45410156,-2.0983887,1.4775085
35729,-0.23284912,-2.0195007,1.6470337
35730,-0.28442383,-1.9607544,1.6375732
35731,-0.09552002,-2.035675,1.6308594
35732,-0.23223877,-1.9790649,1.5760803
35733,-0.048828125,-2.2525024,1.5771484
35734,-0.06439209,-2.2331238,1.4212036
35735,-0.01159668,-2.270813,1.484375
35736,0.011901855,-2.2607422,1.4190674
35737,0.025787354,-2.1862793,1.3928223
35738,0.13870239,-2.2009277,1.3973999
35739,0.15686035,-2.043457,1.2602234
35740,0.17700195,-2.1261597,1.2258911
35741,0.21484375,-2.0489502,1.1437988
35742,0.34881592,-2.102356,1.05896
35743,0.40100098,-2.1365356,1.0134888
35744,0.3817749,-2.1505737,1.0284424
35745,0.41259766,-2.1130371,0.96572876
35746,0.46051025,-2.2662354,1.0256958
35747,0.56716919,-2.2607422,0.89813232
35748,0.64575195,-2.0889282,0.8493042
35749,0.61401367,-2.0414734,0.75531006
35750,0.55587769,-2.1520996,0.80169678
35751,0.65582275,-2.142334,0.7107544
35752,0.66619873,-2.1099854,0.5758667
35753,0.70068359,-2.1516418,0.61035156
35754,0.78765869,-2.0773315,0.58837891
35755,0.68084717,-2.051239,0.55801392
35756,0.87478638,-2.0675659,0.45318603
35757,0.85006714,-1.9798279,0.42907715
35758,0.87310791,-2.0092773,0.20339966
35759,0.9173584,-1.9296265,0.15594482
35760,0.88653565,-2.0581055,0.32440186
35761,0.88104248,-1.98349,0.31982422
35762,0.96694946,-2.2346497,0.16601563
35763,1.0404968,-1.9482422,0.22369385
35764,1.0159302,-1.8165588,0.12619019
35765,1.0903931,-1.8589783,0.075378418
35766,1.1651611,-1.8217468,0.047607422
35767,1.162262,-1.8797302,0.056610107
35768,1.1703491,-1.8515015,-0.049438477
35769,1.1257935,-1.6984558,-0.019378662
35770,1.0523987,-1.5867615,-0.075073242
35771,1.0417175,-1.5698242,-0.20080566
35772,0.97869873,-1.4987183,-0.17486572
35773,1.0746765,-1.5246582,-0.29724121
35774,1.1958313,-1.5081787,-0.3894043
35775,1.0968018,-1.353302,-0.45135498
35776,1.1141968,-1.3438416,-0.51269531
35777,1.0862732,-1.2261963,-0.32806397
35778,0.97091675,-1.2194824,-0.55358887
35779,1.1956787,-1.151123,-0.63812256
35780,1.0435486,-1.2084961,-0.5039978
35781,0.98098755,-1.0195923,-0.77484131
35782,1.0417175,-1.0244751,-0.62774658
35783,0.94848633,-0.97457886,-0.66345215
35784,1.0446167,-0.89828491,-0.68237305
35785,1.1743164,-0.70602417,-0.85693359
35786,0.9413147,-0.81985474,-0.90118408
35787,0.97961426,-0.76660156,-1.0809326
35788,1.1497498,-0.61676025,-0.93002319
35789,0.99014282,-0.48675537,-0.93292236
35790,0.89385986,-0.65002441,-0.98754883
35791,1.0095215,-0.6262207,-1.0079956
35792,0.87646484,-0.49026489,-1.0447693
35793,0.78155518,-0.42190552,-1.1198425
35794,0.82427978,-0.22949219,-1.0746765
35795,0.91720581,-0.33050537,-1.043396
35796,0.80047607,-0.28289795,-1.1865234
35797,0.85754394,-0.11657715,-1.1535645
35798,0.6930542,-0.25863647,-1.2130737
35799,0.64376831,-0.22003174,-1.1802673
35800,0.62042236,-0.12207031,-1.0955811
35801,0.72692871,0.090026855,-1.25
35802,0.69030762,0.14022827,-1.2049866
35803,0.57800293,-0.087280273,-1.1520386
35804,0.49621582,-0.11428833,-1.2675476
35805,0.51193237,-0.025024414,-1.2634277
35806,0.5392456,0.18310547,-1.181488
35807,0.49819946,0.27084351,-1.1210632
35808,0.50598144,0.14480591,-1.2339783
35809,0.30395508,0.26885986,-1.1668396
35810,0.12619019,0.38238525,-1.0762024
35811,0.21789551,0.51834106,-1.1643982
35812,0.040588379,0.58227539,-1.1201477
35813,0.14328003,0.80886841,-1.1051941
35814,0.18508911,0.65490723,-1.2773132
35815,0.086364746,0.54550171,-1.2713623
35816,-0.002746582,0.54733276,-1.2547302
35817,-0.019836426,0.75378418,-1.0882568
35818,-0.10192871,0.71914673,-1.1526489
35819,-0.20401001,0.80703735,-0.98510742
35820,-0.32028198,0.7081604,-1.0801697
35821,-0.37261963,0.68054199,-0.99563599
35822,-0.42922974,0.92697144,-0.93933106
35823,-0.52841187,0.86502075,-0.95825195
35824,-0.44845581,0.92941284,-1.0142517
35825,-0.54504394,1.2562561,-1.12854
35826,-0.54290772,1.1364746,-1.056366
35827,-0.62667847,1.0110474,-0.93200684
35828,-0.57861328,0.92025757,-0.9564209
35829,-0.58074951,1.1479187,-0.90454102
35830,-0.65826416,1.0359192,-0.80352783
35831,-0.88180542,1.0639954,-0.87188721
35832,-0.73486328,1.151886,-0.82214356
35833,-0.79147339,1.1152649,-0.84701538
35834,-0.87234497,1.1669922,-0.72753906
35835,-0.92559815,1.1419678,-0.65841675
35836,-0.93643188,1.0806274,-0.60119629
35837,-1.0314941,1.0476685,-0.49316406
35838,-1.1868286,1.1405945,-0.54473877
35839,-1.073761,1.1253357,-0.4019165
35840,-1.255188,1.0997009,-0.33172607
35841,-1.1723328,1.1010742,-0.34896851
35842,-1.3076782,1.0437012,-0.24642944
35843,-1.2052917,1.0650635,-0.2355957
35844,-1.3354492,1.040802,-0.33370972
35845,-1.3549805,1.1366272,-0.24887085
35846,-1.4840698,1.1727905,-0.17379761
35847,-1.5045166,1.3206482,-0.021514893
35848,-1.5290833,1.0421753,-0.055236816
35849,-1.5498352,1.0050964,-0.073547363
35850,-1.7547607,1.0688782,0.074615479
35851,-1.7224121,1.2030029,0.12207031
35852,-1.7306519,1.0125732,0.17242432
35853,-1.697998,0.91522217,0.14175415
35854,-1.5307617,0.96069336,0.23361206
35855,-1.872406,1.0583496,0.32089233
35856,-1.8823242,0.87310791,0.20996094
35857,-1.8305969,0.87036133,0.33233643
35858,-1.9645691,0.77896118,0.38421631
35859,-1.9270325,0.73974609,0.43243408
35860,-1.8328857,0.71350098,0.56411743
35861,-1.9369507,0.77728272,0.45516968
35862,-1.8759155,0.79345703,0.50323486
35863,-1.9174194,0.80734253,0.69885254
35864,-1.9857788,0.57937622,0.79742432
35865,-1.92276,0.47332764,0.6350708
35866,-1.9926453,0.64376831,0.86273193
35867,-2.1130371,0.53070068,0.86456299
35868,-1.9970703,0.56991577,0.93109131
35869,-1.9389343,0.42404175,1.0266113
35870,-2.0059204,0.46279907,0.91751099
35871,-2.0669556,0.36682129,0.965271
35872,-2.0317078,0.53726196,1.0858154
35873,-2.0809937,0.50506592,1.1862183
35874,-2.0013428,0.30181885,1.2083435
35875,-2.1122742,0.10147095,1.1532593
35876,-1.8640137,-0.074310303,1.2158203
35877,-1.9580078,0.082244873,1.317749
35878,-2.0237732,0.11245728,1.1349487
35879,-2.3847961,-0.022583008,1.2705994
35880,-1.987915,-0.46661377,1.3101196
35881,-1.8977356,-0.15777588,1.3136291
35882,-1.7973328,-0.24169922,1.3853455
35883,-1.9612122,-0.34729004,1.47995
35884,-1.7825317,-0.40969849,1.5904236
35885,-1.809082,-0.46035767,1.4781189
35886,-2.0272827,-0.72509766,1.4221191
35887,-1.8139648,-0.65444946,1.6670227
35888,-1.8595886,-0.66314697,1.6760254
35889,-1.7555237,-0.50888062,1.7852783
35890,-1.8145752,-1.0012817,1.7581177
35891,-1.8429565,-0.93002319,1.6996765
35892,-1.7063904,-0.79345703,1.7037964
35893,-1.819458,-0.81542969,1.7910767
35894,-1.6413879,-1.0049438,1.7120361
35895,-1.6607666,-0.99243164,1.8295288
35896,-1.8579102,-1.0435486,1.8153381
35897,-1.5917969,-0.92041016,1.7770386
35898,-1.6546631,-0.99853516,1.7738342
35899,-1.7401123,-1.0519409,1.854248
35900,-1.618042,-1.265564,2.0217896
35901,-1.5319824,-1.466217,2.089386
35902,-1.4079285,-1.3371277,1.76651
35903,-1.471405,-1.2828064,1.8093872
35904,-1.3204956,-1.4135742,1.7399597
35905,-1.2174988,-1.4718628,1.93573
35906,-1.1152649,-1.4071655,1.6583252
35907,-1.2109375,-1.3021851,1.6403198
35908,-1.2582397,-1.3475037,1.9265747
35909,-0.965271,-1.3441467,1.8226624
35910,-1.0180664,-1.4685059,1.9311523
35911,-1.0168457,-1.5501404,1.7755127
35912,-0.90698242,-1.7121887,1.7959595
35913,-0.8480835,-1.6792297,1.7706299
35914,-0.74310303,-1.7933655,1.7250061
35915,-0.69946289,-1.7855835,1.706543
35916,-0.71777344,-1.8844604,1.7166138
35917,-0.66696167,-1.973877,1.7456055
35918,-0.61645508,-1.8902588,1.754303
35919,-0.59020996,-1.975708,1.7243958
35920,-0.56137085,-1.7558289,1.711731
35921,-0.48568726,-1.7749023,1.7211914
35922,-0.41687012,-1.875,1.6824341
35923,-0.41305542,-1.9915771,1.6598511
35924,-0.27526856,-2.0152283,1.5763855
35925,-0.23620606,-2.0837402,1.5936279
35926,-0.25512695,-2.2169495,1.3900757
35927,-0.25756836,-2.0458984,1.3739014
35928,-0.22705078,-2.0614624,1.2550354
35929,-0.12924194,-2.0780945,1.410675
35930,-0.094604492,-2.0231628,1.388092
35931,0.11184692,-2.1252441,1.2936401
35932,0.072174072,-2.2851563,1.2831116
35933,0.12374878,-2.1514893,1.2094116
35934,0.23132324,-2.212677,1.1357117
35935,0.20309448,-2.1243286,1.1431885
35936,0.25299072,-2.1624756,1.1529541
35937,0.31555176,-2.06604,1.1514282
35938,0.37261963,-2.1025085,1.0609436
35939,0.36331177,-2.0556641,1.0795593
35940,0.35934448,-2.0219421,1.0383606
35941,0.45684814,-2.1473694,0.98999023
35942,0.39978027,-2.1633911,0.94329834
35943,0.37734985,-2.1208191,0.86868286
35944,0.43579102,-2.0478821,0.69061279
35945,0.5392456,-2.0675659,0.80154419
35946,0.68511963,-1.9758606,0.59814453
35947,0.79498291,-2.0602417,0.57113647
35948,0.83282471,-2.1894836,0.60516357
35949,0.76156616,-2.1630859,0.54794312
35950,0.75653076,-2.0625305,0.51757813
35951,0.76309204,-1.9204712,0.39993286
35952,0.83282471,-1.8515015,0.38589478
35953,0.87966919,-1.8882751,0.23620606
35954,0.98770142,-1.7781067,0.14129639
35955,1.0107422,-1.9046021,0.013885498
35956,1.0896301,-1.875,0.10498047
35957,0.98205566,-1.8338013,0.15106201
35958,1.0964966,-1.8463135,0.018005371
35959,1.051178,-1.8493652,0.18493652
35960,1.1795044,-1.8296814,0.13916016
35961,1.0757446,-1.7095947,-0.009460449
35962,1.0255432,-1.7440796,-0.016326904
35963,1.0670471,-1.6662598,-0.078582764
35964,1.0922241,-1.5261841,-0.19348145
35965,1.1032104,-1.4305115,-0.22949219
35966,1.0543823,-1.3391113,-0.32699585
35967,1.0647583,-1.2831116,-0.4826355
35968,1.0554504,-1.2989807,-0.44219971
35969,1.0198975,-1.414032,-0.4814148
35970,1.1715698,-1.3116455,-0.51300049
35971,1.2139893,-1.3217163,-0.57678223
35972,1.1846924,-1.2020874,-0.76889038
35973,1.1721802,-1.1425781,-0.71563721
35974,1.1361694,-1.1798096,-0.59783935
35975,1.0850525,-1.1257935,-0.65002441
35976,1.0328674,-0.99334717,-0.70663452
35977,0.99472046,-0.96832275,-0.78079224
35978,0.89294434,-0.82519531,-0.80413818
35979,1.0229492,-0.96099853,-0.92575073
35980,1.0083008,-0.73348999,-0.93460083
35981,0.91979981,-0.73120117,-0.9274292
35982,1.1019897,-0.62469482,-0.90118408
35983,0.90393066,-0.61248779,-0.87692261
35984,1.073761,-0.61416626,-1.0162354
35985,0.83633423,-0.57601929,-1.0160828
35986,0.84487915,-0.33294678,-1.0517883
35987,0.8517456,-0.47164917,-1.2498474
35988,0.88195801,-0.35766602,-1.2280273
35989,0.7585144,-0.34484863,-1.056366
35990,0.75408935,-0.3276062,-1.0926819
35991,0.79971313,-0.12313843,-1.2454224
35992,0.92498779,0.023803711,-1.1193848
35993,0.75317383,-0.007171631,-1.2159729
35994,0.90835571,0.090942383,-1.2133789
35995,0.70724487,-0.045928955,-1.2767029
35996,0.62591553,-0.039825439,-1.2078857
35997,0.52322388,0.019683838,-1.2908936
35998,0.50323486,0.16265869,-1.3807678
35999,0.45715332,0.079650879,-1.315918
36000,0.36132813,0.26748657,-1.35849
36001,0.32562256,0.29953003,-1.2358093
36002,0.36926269,0.29296875,-1.209259
36003,0.40298462,0.42938232,-1.2722778
36004,0.25207519,0.41259766,-1.2667847
36005,0.16677856,0.57922363,-1.156311
36006,0.099639893,0.62347412,-1.1016846
36007,0.036773682,0.49667358,-1.2466431
36008,0.089416504,0.5001831,-1.1968994
36009,0.17425537,0.48751831,-1.1871338
36010,-0.040130615,0.58609009,-1.0192871
36011,-0.04776001,0.69335938,-1.0900879
36012,-0.032348633,0.79345703,-1.1190796
36013,-0.20751953,0.78308106,-1.0275269
36014,-0.31188965,0.88928223,-1.0021973
36015,-0.36102295,0.95504761,-1.0324097
36016,-0.2935791,0.97839356,-0.98922729
36017,-0.43167114,0.97045898,-1.234436
36018,-0.43670654,0.95825195,-1.0406494
36019,-0.56671143,0.92025757,-0.97915649
36020,-0.67901611,0.84594727,-1.0421753
36021,-0.64819336,0.94894409,-0.84472656
36022,-0.70632935,0.86456299,-0.7762146
36023,-0.70648193,0.99349976,-0.89874268
36024,-0.73516846,1.0678101,-0.86975098
36025,-0.6729126,1.1584473,-0.72753906
36026,-0.85418701,0.70922852,-0.74905396
36027,-0.95123291,0.99639893,-0.6842041
36028,-0.80780029,1.1857605,-0.58288574
36029,-1.0705566,1.1694336,-0.48904419
36030,-1.2245178,1.1244202,-0.57174683
36031,-1.1152649,1.3369751,-0.59906006
36032,-1.1949158,1.4065552,-0.43991089
36033,-1.1230469,1.3354492,-0.33874512
36034,-1.3427734,1.3595581,-0.30227661
36035,-1.4175415,1.1727905,-0.55343628
36036,-1.3619995,1.1260986,-0.29937744
36037,-1.4053345,1.234436,-0.30166626
36038,-1.4376831,1.2373352,-0.20721435
36039,-1.4549255,1.1776733,-0.11535645
36040,-1.728363,0.8531189,-0.096740723
36041,-1.5994263,1.0522461,0.002746582
36042,-1.6429138,0.96740723,0.033874512
36043,-1.6241455,1.109314,0.093536377
36044,-1.6314697,0.93765259,0.004272461
36045,-1.7752075,1.15448,0.17547607
36046,-1.5670776,1.1239624,0.21240234
36047,-1.8013,1.2208557,0.18341065
36048,-1.7570496,1.0189819,0.44708252
36049,-1.7430115,1.1364746,0.37963867
36050,-1.7976379,0.99761963,0.54214478
36051,-1.9946289,0.90927124,0.44662476
36052,-1.9726563,0.94284058,0.52551269
36053,-1.9714355,0.87356567,0.48095703
36054,-1.9325256,1.0057068,0.53222656
36055,-1.8443298,0.97137451,0.6086731
36056,-2.0066833,0.88500977,0.66818237
36057,-1.8103027,0.83282471,0.72692871
36058,-2.0352173,0.66192627,0.8454895
36059,-1.9165039,0.63186646,0.78643799
36060,-2.0195007,0.60119629,0.89431763
36061,-1.9526672,0.46951294,1.0420227
36062,-1.995697,0.49957275,0.80322266
36063,-1.990509,0.55007935,0.88180542
36064,-1.9247437,0.46386719,1.0906982
36065,-2.0291138,0.3742981,0.8921814
36066,-2.0553589,0.37399292,1.0494995
36067,-2.2094727,0.25573731,1.2486267
36068,-2.1670532,0.25283814,1.1990356
36069,-2.041626,0.26504517,1.1711121
36070,-2.199707,0.084991455,1.2991333
36071,-2.0571899,0.11062622,1.1148071
36072,-1.9967651,0.001831055,1.2600708
36073,-1.864624,-0.00579834,1.3337708
36074,-1.9274902,-0.064544678,1.3975525
36075,-1.8023682,-0.1121521,1.4828491
36076,-1.953125,-0.23040772,1.5168762
36077,-1.9024658,-0.18829346,1.4593506
36078,-1.9697571,-0.31051636,1.5374756
36079,-1.8692017,-0.59387207,1.5693665
36080,-1.8969727,-0.43991089,1.6290283
36081,-1.8894959,-0.29403686,1.6365051
36082,-1.86203,-0.52352905,1.7631531
36083,-1.8234253,-0.51391602,1.5844727
36084,-1.7944336,-0.493927,1.7434692
36085,-1.7953491,-0.82275391,1.9148254
36086,-1.7539978,-0.70022583,1.8045044
36087,-1.7321777,-0.77514648,1.8087769
36088,-1.700592,-0.80108643,1.8952942
36089,-1.6131592,-0.84732056,1.7826843
36090,-1.6142273,-1.038208,1.7276001
36091,-1.5820313,-1.0983276,1.8453979
36092,-1.4567566,-1.2297058,1.7672729
36093,-1.6401672,-1.1959839,1.8522644
36094,-1.5318298,-0.98312378,1.9226074
36095,-1.4782715,-1.2272644,1.9891357
36096,-1.4738464,-1.3276672,1.9088745
36097,-1.3871765,-1.3342285,1.9877625
36098,-1.348114,-1.4567566,2.1710205
36099,-1.3671875,-1.5364075,1.8969727
36100,-1.118927,-1.4949036,1.9691467
36101,-1.2657166,-1.7199707,1.7771912
36102,-1.1141968,-1.5914917,1.8566895
36103,-1.1151123,-1.51474,2.0820618
36104,-1.0163879,-1.5800476,1.6519165
36105,-1.0560608,-1.6574097,1.6215515
36106,-0.97229004,-1.6912842,1.6853333
36107,-0.90118408,-1.6416931,1.7350769
36108,-0.9475708,-1.6870117,1.8960571
36109,-0.81542969,-1.7578125,1.9898987
36110,-0.70144653,-1.8572998,1.8743896
36111,-0.75302124,-1.8351746,1.8563843
36112,-0.69091797,-1.8367004,1.8225098
36113,-0.60699463,-1.9232178,1.7126465
36114,-0.43045044,-1.9451904,1.8301392
36115,-0.47149658,-2.0507813,1.9093323
36116,-0.41030884,-2.089386,1.7562866
36117,-0.36727905,-2.1679688,1.7892456
36118,-0.29251099,-1.9677734,1.6607666
36119,-0.21179199,-1.9592285,1.5982056
36120,-0.34469605,-2.1095276,1.620636
36121,-0.16036987,-2.1832275,1.4997864
36122,-0.19775391,-2.1325684,1.4302063
36123,-0.04776001,-2.3614502,1.3005066
36124,0.026245117,-2.3106384,1.3299561
36125,0.086669922,-2.1505737,1.3844299
36126,-0.011291504,-2.2244263,1.4279175
36127,0.14953613,-2.2634888,1.2062073
36128,0.25665283,-2.2831726,1.2493896
36129,0.30593872,-2.2605896,1.0910034
36130,0.34240723,-2.4203491,1.1457825
36131,0.45425415,-2.4085999,1.2997437
36132,0.44845581,-2.3718262,1.0476685
36133,0.50354004,-2.4717712,0.99014282
36134,0.54260254,-2.303009,0.88134766
36135,0.45211792,-2.3982239,0.97808838
36136,0.46890259,-2.2755432,0.75180054
36137,0.63232422,-2.1867371,0.76782227
36138,0.52368164,-2.0552063,0.71746826
36139,0.65948486,-2.1141052,0.59463501
36140,0.7472229,-2.13974,0.64880371
36141,0.66680908,-2.0443726,0.49758911
36142,0.80612183,-2.1520996,0.71105957
36143,0.79208374,-2.1372986,0.49362183
36144,0.79544067,-2.2903442,0.45471191
36145,0.87051392,-2.1109009,0.48370361
36146,0.89660644,-2.124939,0.26580811
36147,1.0255432,-2.0094299,0.2885437
36148,0.88378906,-1.9613647,0.26306152
36149,1.0539246,-1.9969177,0.11260986
36150,1.0847473,-2.0343018,0.11016846
36151,1.1671448,-2.0196533,0.061950684
36152,1.0040283,-2.0404053,0.06362915
36153,1.1036682,-1.7538452,-0.13336182
36154,1.05896,-1.8202209,0.093536377
36155,1.1962891,-1.6893005,-0.13015747
36156,1.2303162,-1.6534424,-0.17150879
36157,1.1289978,-1.7012024,-0.23513794
36158,1.12854,-1.852417,-0.17364502
36159,1.3278198,-1.643219,-0.32241821
36160,1.23703,-1.550293,-0.25375366
36161,1.2001038,-1.6267395,-0.23498535
36162,1.3420105,-1.5846252,-0.26260376
36163,1.1500549,-1.4709473,-0.30273438
36164,1.1700439,-1.6316223,-0.42770386
36165,1.1743164,-1.5470886,-0.54199219
36166,1.1849976,-1.4573669,-0.55725098
36167,1.1643982,-1.3479614,-0.54046631
36168,1.1761475,-1.2692261,-0.60394287
36169,1.1682129,-1.164856,-0.55496216
36170,1.2425232,-1.1738586,-0.75164795
36171,1.0777283,-1.3040161,-1.038208
36172,1.2194824,-1.0987854,-1.1369324
36173,1.1228943,-1.1329651,-1.0699463
36174,1.1698914,-0.96923828,-0.98297119
36175,1.1663818,-0.95947266,-1.0186768
36176,1.1265564,-1.0134888,-0.98144531
36177,1.103363,-0.95947266,-1.0594177
36178,1.0816956,-0.7510376,-1.0964966
36179,1.0095215,-0.79818726,-1.0578918
36180,1.0241699,-0.60974121,-1.1003113
36181,1.0345459,-0.56823731,-1.2226868
36182,0.96847534,-0.48690796,-1.1016846
36183,0.84228516,-0.49362183,-1.0838318
36184,0.96466065,-0.40939331,-1.1727905
36185,0.99121094,-0.28533936,-1.1480713
36186,0.7951355,-0.2444458,-1.2234497
36187,0.75592041,-0.28533936,-1.2953186
36188,0.76461792,-0.13580322,-1.305542
36189,0.80749512,-0.10482788,-1.3565063
36190,0.70510864,0.019226074,-1.3134766
36191,0.61050415,-0.023345947,-1.3134766
36192,0.48370361,-0.14068603,-1.3372803
36193,0.3453064,-0.16418457,-1.2597656
36194,0.56182861,-0.009307861,-1.2191772
36195,0.5406189,0.11398315,-1.2246704
36196,0.48400879,0.33111572,-1.2252808
36197,0.37475586,0.38040161,-1.2463379
36198,0.30258179,0.56610107,-1.2976074
36199,0.418396,0.54824829,-1.472168
36200,0.2204895,0.57006836,-1.5744019
36201,0.22216797,0.60897827,-1.459198
36202,0.16220093,0.62591553,-1.4605713
36203,0.10253906,0.68984985,-1.5115356
36204,0.013427734,0.78369141,-1.9412231
36205,-0.009460449,0.81161499,-1.517334
36206,-0.048828125,0.82809448,-1.3340759
36207,0.023956299,0.96130371,-1.3087463
36208,-0.14541626,0.94619751,-1.2947083
36209,-0.23910523,0.87463379,-1.3076782
36210,-0.32470703,0.91400147,-1.2478638
36211,-0.33584595,0.95672607,-1.0508728
36212,-0.23422241,1.2365723,-1.2315369
36213,-0.37078857,1.2452698,-1.2216187
36214,-0.54748535,1.1453247,-1.0427856
36215,-0.60623169,1.2307739,-1.1753845
36216,-0.68908691,1.187439,-1.2165833
36217,-0.70922852,1.1395264,-0.98907471
36218,-0.75805664,0.99380493,-1.0858154
36219,-0.67855835,1.302948,-0.88058472
36220,-0.76629639,1.3117981,-0.88287353
36221,-0.8203125,1.3119507,-0.89447022
36222,-0.91705322,1.3612366,-0.82855225
36223,-1.0217285,1.3128662,-0.65261841
36224,-0.96130371,1.1422729,-0.70526123
36225,-1.0494995,1.1410522,-0.68145752
36226,-1.1953735,1.2927246,-0.80154419
36227,-1.3116455,1.2730408,-0.4876709
36228,-1.1132813,1.3783264,-0.50994873
36229,-1.3237,1.2783813,-0.54275513
36230,-1.3221741,1.4375305,-0.32455444
36231,-1.4025879,1.2528992,-0.47668457
36232,-1.4179993,1.3407898,-0.51651001
36233,-1.5272522,1.2532043,-0.27328491
36234,-1.632843,1.2524414,-0.14328003
36235,-1.6090393,1.3626099,-0.16220093
36236,-1.6670227,1.3821411,-0.62591553
36237,-1.6485596,1.2141418,-0.34301758
36238,-1.8675232,1.1447144,-0.14343262
36239,-1.658783,1.2380981,-0.037384033
36240,-1.8045044,1.1898804,-0.068054199
36241,-1.836853,1.0865784,0.096588135
36242,-1.9685364,1.1561584,0.29281616
36243,-1.9094849,1.3342285,0.26916504
36244,-1.81427,1.2896729,0.13595581
36245,-1.8415833,1.2054443,0.29022217
36246,-1.8582153,1.1836243,0.40206909
36247,-2.0057678,1.0897827,0.38528442
36248,-2.0327759,1.1346436,0.43640137
36249,-2.0817566,1.1421204,0.49880981
36250,-2.1098328,1.1178589,0.650177
36251,-2.0735168,1.0346985,0.63171387
36252,-2.0649719,0.86380005,0.650177
36253,-2.1685791,1.0192871,0.71899414
36254,-2.190094,0.96740723,0.71624756
36255,-2.0776367,0.88562012,0.80566406
36256,-2.2496033,0.7434082,1.0089111
36257,-2.2828674,0.79864502,0.98709106
36258,-2.2637939,0.70709228,0.96588135
36259,-2.3661804,0.60302734,0.97320557
36260,-2.2068787,0.55984497,0.98129272
36261,-2.3117065,0.43762207,1.0527039
36262,-2.2492981,0.41412353,1.0993958
36263,-2.1444702,0.46859741,1.2260437
36264,-2.3092651,0.37994385,1.4169312
36265,-2.1232605,0.29006958,1.3809204
36266,-2.1716309,0.26153564,1.383667
36267,-2.2195435,0.18249512,1.4344788
36268,-2.1800232,0.29571533,1.3948059
36269,-2.1492004,0.22369385,1.3838196
36270,-2.1655273,0.16174316,1.5826416
36271,-2.1420288,0.001220703,1.6122437
36272,-2.0300293,-0.093688965,1.706543
36273,-2.056427,-0.16571045,1.618042
36274,-2.0701599,-0.25787353,1.6319275
36275,-1.9981384,-0.26824951,1.6308594
36276,-1.7834473,-0.24276733,1.6085815
36277,-2.0426941,-0.33325195,1.8722534
36278,-1.8321228,-0.6262207,1.8392944
36279,-2.2102356,-0.41015625,1.6741943
36280,-1.870575,-0.5406189,1.6517639
36281,-1.9703674,-0.65231323,1.9317627
36282,-1.8977356,-0.61203003,1.7420959
36283,-1.8392944,-0.74890137,1.7977905
36284,-1.8170166,-0.75164795,1.8971252
36285,-1.7919922,-0.67443848,2.0214844
36286,-1.7115784,-0.92300415,1.8942261
36287,-1.6531372,-1.0951233,1.9708252
36288,-1.7318726,-0.86364746,1.8598938
36289,-1.7234802,-1.1758423,2.0372009
36290,-1.7182922,-1.8850708,1.8713379
36291,-1.71875,-1.4729309,2.0776367
36292,-1.5420532,-1.1654663,2.0387268
36293,-1.4361572,-1.2597656,1.988678
36294,-1.5104675,-1.2924194,2.0031738
36295,-1.3696289,-1.4736938,1.9746399
36296,-1.3574219,-1.5811157,1.8792725
36297,-1.3427734,-1.5600586,2.1398926
36298,-1.1572266,-1.6357422,2.0478821
36299,-1.060791,-1.9067383,1.9741821
36300,-1.2043762,-1.8025208,2.1398926
36301,-1.0142517,-1.8388367,2.0419312
36302,-1.0171509,-1.7680359,2.1104431
36303,-1.1080933,-1.8637085,2.1078491
36304,-0.97702026,-1.8167114,1.8133545
36305,-0.93383789,-1.8579102,1.9245911
36306,-0.70678711,-1.9615173,1.975708
36307,-0.73257446,-2.0472717,1.7437744
36308,-0.6048584,-1.9975281,1.9989014
36309,-0.70236206,-2.0123291,1.9674683
36310,-0.59661865,-2.1411133,1.9593811
36311,-0.42694092,-2.3257446,1.7959595
36312,-0.43380737,-2.2344971,2.0127869
36313,-0.3276062,-2.1839905,1.8945313
36314,-0.4397583,-2.2459412,1.8504334
36315,-0.12130737,-2.2894287,1.7825317
36316,-0.22705078,-2.2395325,1.8063354
36317,-0.28717041,-2.2554016,1.7427063
36318,-0.2053833,-2.429657,1.7027283
36319,-0.064239502,-2.5003052,1.5673828
36320,-0.08392334,-2.4552917,1.5802002
36321,0.088043213,-2.3953247,1.3674927
36322,0.068969727,-2.3493958,1.5242004
36323,0.14389038,-2.3417664,1.4456177
36324,0.13900757,-2.4282837,1.3531494
36325,0.23086548,-2.1923828,1.2593079
36326,0.26351929,-2.3954773,1.2423706
36327,0.30807495,-2.335968,1.2437439
36328,0.34500122,-2.2923279,1.1927795
36329,0.37857056,-2.4081421,1.1184692
36330,0.46905518,-2.4092102,1.0119629
36331,0.52001953,-2.4362183,0.90576172
36332,0.6010437,-2.5041199,0.89508057
36333,0.56838989,-2.424469,0.97640991
36334,0.73577881,-2.3478699,0.84533691
36335,0.73394775,-2.4281311,0.75042725
36336,0.75195313,-2.3147583,0.66223144
36337,0.83129883,-2.3168945,0.57388306
36338,0.88348389,-2.3771667,0.53100586
36339,0.81344604,-2.4551392,0.58990478
36340,0.84320068,-2.2988892,0.37063599
36341,1.0421753,-2.2779846,0.37902832
36342,0.95703125,-2.1340942,0.44174194
36343,0.97625732,-2.3188782,0.27404785
36344,1.0818481,-2.2061157,0.24520874
36345,1.1048889,-2.2186279,0.25527954
36346,1.1795044,-2.3091125,0.41809082
36347,1.1587524,-2.07901,0.24124145
36348,1.20224,-2.0988464,0.096435547
36349,1.1895752,-2.1286011,0.23132324
36350,1.2156677,-1.9998169,0.04776001
36351,1.1756897,-2.0782471,-0.023498535
36352,1.2861633,-2.059021,-0.096893311
36353,1.2866211,-2.0368958,-0.20019531
36354,1.2818909,-1.9918823,-0.2645874
36355,1.2936401,-1.7903137,-0.17791748
36356,1.4427185,-1.6938782,-0.23666382
36357,1.3606262,-1.9120789,-0.22949219
36358,1.3296509,-1.8640137,-0.38482666
36359,1.2069702,-1.7095947,-0.28182983
36360,1.2760925,-1.803894,-0.44662476
36361,1.1380005,-1.6030884,-0.55084228
36362,1.2869263,-1.4425659,-0.54382324
36363,1.2875366,-1.3330078,-0.57250977
36364,1.3478088,-1.2635803,-0.69885254
36365,1.2512207,-1.4907837,-0.80871582
36366,1.2815857,-1.3200378,-0.88424683
36367,1.2637329,-1.4584351,-0.75439453
36368,1.1828613,-1.0346985,-0.72158813
36369,1.2161255,-1.0571289,-0.76812744
36370,1.2414551,-1.1006165,-0.8833313
36371,1.1279297,-0.94406128,-1.0638428
36372,1.1529541,-0.89248657,-0.99884033
36373,1.1769104,-0.79040527,-1.1169434
36374,1.2322998,-0.72799683,-1.1825562
36375,1.2130737,-0.6237793,-1.2380981
36376,1.1639404,-0.59692383,-1.1260986
36377,1.2277222,-0.55862427,-1.2014771
36378,1.1799622,-0.51864624,-1.1912537
36379,1.1244202,-0.41412353,-1.1825562
36380,1.0249329,-0.30853272,-1.1885071
36381,1.0510254,-0.18493652,-1.3375854
36382,0.98175049,-0.24291992,-1.3140869
36383,0.78598022,-0.18783569,-1.3204956
36384,0.82077026,-0.10726929,-1.3017273
36385,0.96817017,-0.054626465,-1.3288879
36386,0.87768555,-0.070800781,-1.2823486
36387,0.74905396,0.035400391,-1.9828796
36388,0.74127197,-0.01663208,-1.8574524
36389,0.66864014,-0.1399231,-1.7756653
36390,0.57754517,-0.105896,-2.2941589
36391,0.496521,0.084838867,-2.0445251
36392,0.61248779,0.16082764,-1.6784668
36393,0.54321289,0.32104492,-1.6041565
36394,0.32867432,0.48309326,-1.6914368
36395,0.3779602,0.45547485,-1.4456177
36396,0.42007446,0.55740356,-1.7596436
36397,0.26901245,0.65231323,-1.4407349
36398,0.2772522,0.49087524,-1.5187073
36399,0.24536133,0.75485229,-1.4492798
36400,0.13153076,0.81451416,-1.2931824
36401,0.19012451,0.65383911,-1.3853455
36402,0.038299561,0.85571289,-1.4364624
36403,-0.083312988,0.96572876,-1.3920593
36404,-0.024719238,0.80505371,-1.3815308
36405,-0.13549805,0.91339111,-1.3769531
36406,-0.065765381,0.81604004,-1.325531
36407,-0.33905029,0.8757019,-1.3220215
36408,-0.31845093,0.98068237,-1.1654663
36409,-0.38146973,1.1380005,-1.1502075
36410,-0.35217285,1.2231445,-1.3323975
36411,-0.46203613,1.2887573,-1.2484741
36412,-0.58853149,1.2442017,-1.0939026
36413,-0.65002441,1.2173462,-0.88134766
36414,-0.70098877,1.2617493,-0.97900391
36415,-0.66650391,1.1474609,-0.90209961
36416,-0.69992065,1.2437439,-1.002655
36417,-0.70373535,1.3838196,-1.1108398
36418,-0.92483521,1.4149475,-0.91049194
36419,-0.91644287,1.3743591,-0.95214844
36420,-0.87265015,1.3388062,-0.93643188
36421,-0.92926025,1.4321899,-0.85296631
36422,-1.0569763,1.3592529,-0.91644287
36423,-1.0646057,1.2838745,-0.89263916
36424,-1.1677551,1.4758301,-0.68328857
36425,-1.0418701,1.4163208,-0.56686401
36426,-1.2394714,1.4350891,-0.50567627
36427,-1.3592529,1.4675903,-0.55648804
36428,-1.3201904,1.2719727,-0.48034668
36429,-1.4733887,1.362915,-0.39733887
36430,-1.5176392,1.3409424,-0.28442383
36431,-1.5434265,1.2498474,-0.24932861
36432,-1.5258789,1.4056396,-0.9564209
36433,-1.6882324,1.1621094,-0.30807495
36434,-1.6964722,1.2295532,-0.26123047
36435,-1.7446899,1.1476135,-0.014648438
36436,-1.710968,1.0614014,-0.1184082
36437,-1.6503906,1.3098145,0.099639893
36438,-1.6085815,1.4086914,0.026855469
36439,-1.7294312,1.3198853,0.13000488
36440,-1.7721558,1.3427734,0.12054443
36441,-1.8516541,1.2104797,0.184021
36442,-1.9114685,1.3861084,0.28808594
36443,-1.7689514,1.1738586,0.25115967
36444,-1.9824219,1.2463379,0.42678833
36445,-1.9877625,1.1315918,0.44876099
36446,-2.0063782,1.0726929,0.41244507
36447,-1.8453979,1.1268616,0.60302734
36448,-2.0649719,1.0267639,0.5279541
36449,-1.9197083,1.0702515,0.69992065
36450,-2.0576477,0.8706665,0.70587158
36451,-2.1180725,0.91690063,0.76126099
36452,-2.171936,0.859375,0.73730469
36453,-2.1343994,0.70266724,0.86029053
36454,-2.2276306,0.76705933,0.86334228
36455,-2.2415161,0.68969727,0.9274292
36456,-2.2984314,0.7107544,1.1169434
36457,-2.1569824,0.68283081,1.1190796
36458,-2.1740723,0.54428101,1.1662292
36459,-2.2525024,0.50384522,1.1477661
36460,-2.2529602,0.42037964,1.3848877
36461,-2.2036743,0.40267944,1.1810303
36462,-2.2930908,0.46264648,1.3760376
36463,-2.1258545,0.31997681,1.3189697
36464,-2.2087097,0.26184082,1.3444519
36465,-2.2064209,0.079040527,1.3615417
36466,-2.0632935,0.054473877,1.658783
36467,-2.1060181,0.095672607,1.7492676
36468,-2.0101929,0.057983398,1.6590881
36469,-2.0222473,-0.072479248,1.5362549
36470,-2.0343018,-0.054321289,1.5756226
36471,-2.1304321,-0.15548706,1.7054749
36472,-2.0750427,-0.1725769,1.5840149
36473,-2.1043396,-0.22338867,1.7520142
36474,-2.0825195,-0.11306763,1.8395996
36475,-2.0581055,-0.26367188,1.6581726
36476,-2.0281982,-0.3364563,1.6604614
36477,-1.9810486,-0.40817261,1.6296387
36478,-2.0077515,-0.54412842,1.7381287
36479,-1.8676758,-0.67657471,1.9413757
36480,-1.8652344,-0.77987671,1.8238831
36481,-1.8170166,-0.73547363,1.9390869
36482,-1.8981934,-0.74447632,2.0689392
36483,-1.6163635,-0.93536377,2.0069885
36484,-1.8333435,-0.96923828,2.1237183
36485,-1.8432617,-1.2609863,2.0007324
36486,-1.683197,-1.2727356,2.1522522
36487,-1.7051697,-1.0954285,2.0019531
36488,-1.7276001,-1.7596436,1.9265747
36489,-1.5821838,-1.6410828,1.9889832
36490,-1.5744019,-1.362915,1.9273376
36491,-1.459198,-1.3957214,2.0321655
36492,-1.4009094,-1.5014648,2.0193481
36493,-1.3616943,-1.5632629,2.232666
36494,-1.3894653,-1.5840149,2.0768738
36495,-1.2815857,-1.6799927,2.1873474
36496,-1.2797546,-1.7120361,1.9949341
36497,-1.2268066,-1.8791199,1.9895935
36498,-1.1161804,-2.0376587,1.9239807
36499,-1.1601257,-1.8399048,1.6488647
36500,-1.1044312,-1.7927551,2.0063782
36501,-1.0369873,-1.7663574,2.1284485
36502,-0.94070435,-1.7333984,2.0288086
36503,-0.82244873,-1.8925476,1.9647217
36504,-0.7321167,-1.8664551,1.9801331
36505,-0.73501587,-1.9319153,2.0402527
36506,-0.64300537,-2.068634,2.1520996
36507,-0.59082031,-1.9845581,1.9946289
36508,-0.54534912,-2.098999,1.7481995
36509,-0.48965454,-2.068634,1.6542053
36510,-0.53665161,-2.1713257,1.842804
36511,-0.42907715,-2.1720886,1.7337036
36512,-0.40863037,-2.0861816,1.7440796
36513,-0.33752441,-2.1330261,1.618042
36514,-0.28747559,-2.1836853,1.7102051
36515,-0.17150879,-2.1362305,1.6091919
36516,-0.17150879,-2.1665955,1.7079163
36517,-0.052337646,-2.3095703,1.5505981
36518,-0.032348633,-2.2299194,1.6171265
36519,0.083618164,-2.2970581,1.4208984
36520,0.13366699,-2.2377014,1.3786316
36521,0.22735596,-2.303772,1.2860107
36522,0.14266968,-2.1347046,1.4320374
36523,0.2267456,-2.3765564,1.2709045
36524,0.39550781,-2.3292542,1.2522888
36525,0.54046631,-2.5282288,1.1903381
36526,0.33569336,-2.5520325,1.153717
36527,0.496521,-2.5244141,1.0940552
36528,0.46401978,-2.4153137,1.1851501
36529,0.46234131,-2.5486755,0.98907471
36530,0.53619385,-2.6451111,0.89294434
36531,0.45043945,-2.5350952,0.89904785
36532,0.61218262,-2.3838806,0.82733154
36533,0.75561523,-2.3397827,0.66360474
36534,0.73379517,-2.3458862,0.67962647
36535,0.75744629,-2.2465515,0.59448242
36536,0.86837769,-2.3083496,0.55755615
36537,0.78720093,-2.0335388,0.55862427
36538,0.92285156,-2.2872925,0.41183472
36539,0.9274292,-2.1066284,0.49835205
36540,0.94024658,-2.2775269,0.48233032
36541,0.99990845,-2.2547913,0.31921387
36542,1.1347961,-2.2825623,0.22338867
36543,0.95458984,-2.1438599,0.31860352
36544,1.2651062,-2.0983887,0.1473999
36545,1.2121582,-2.0358276,0.1512146
36546,1.1170959,-2.0541382,-0.011291504
36547,1.2969971,-2.0013428,0.10040283
36548,1.3034058,-1.9694519,0.14694214
36549,1.242981,-1.7944336,-0.07598877
36550,1.1235046,-1.8061829,-0.10803223
36551,1.2339783,-1.7663574,-0.15808106
36552,1.2159729,-1.7649841,-0.30395508
36553,1.2120056,-1.7236328,-0.24017334
36554,1.2997437,-1.7887878,-0.36331177
36555,1.1901855,-1.6546631,-0.44616699
36556,1.2475586,-1.6592407,-0.60058594
36557,1.2495422,-1.6117859,-0.51254272
36558,1.2939453,-1.5264893,-0.44036865
36559,1.289978,-1.4691162,-0.52642822
36560,1.2893677,-1.5266418,-0.63781738
36561,1.3116455,-1.4775085,-0.73242188
36562,1.3018799,-1.4294434,-0.78552246
36563,1.3227844,-1.2107849,-0.84320068
36564,1.1698914,-1.1201477,-0.82138062
36565,1.2011719,-0.98937988,-0.99731445
36566,1.3056946,-0.78445435,-0.9072876
36567,1.2997437,-0.82061768,-0.87097168
36568,1.1112976,-0.75408935,-0.91552734
36569,1.1880493,-0.91644287,-1.0467529
36570,1.2078857,-0.85693359,-0.97167969
36571,1.1076355,-0.58639526,-0.91827393
36572,1.1929321,-0.66299438,-1.0758972
36573,1.1975098,-0.59692383,-1.1225891
36574,1.1231995,-0.62530518,-1.0906982
36575,1.121521,-0.51223755,-1.1431885
36576,1.0679626,-0.49453735,-1.1253357
36577,0.97229004,-0.37200928,-1.1727905
36578,0.94482422,-0.28366089,-1.2123108
36579,0.87936401,-0.24932861,-1.1480713
36580,0.87692261,-0.25344849,-1.1199951
36581,0.884552,-0.19119263,-1.2197876
36582,0.83648682,-0.17272949,-1.214447
36583,0.82992554,-0.17730713,-1.1846924
36584,0.85083008,-0.052032471,-1.3246155
36585,0.75714111,0.028991699,-2.1846008
36586,0.64270019,0.090026855,-2.6815796
36587,0.52322388,-0.14190674,-1.1799622
36588,0.53985596,0.17379761,-1.4442444
36589,0.55603027,0.27252197,-1.3804626
36590,0.5317688,0.22018433,-1.4971924
36591,0.45166016,0.4347229,-1.3946533
36592,0.42404175,0.40969849,-1.322937
36593,0.30822754,0.38330078,-1.2145996
36594,0.35217285,0.43380737,-1.5646362
36595,0.33630371,0.50964356,-1.5542603
36596,0.29632568,0.71228027,-1.3586426
36597,0.067443848,0.65322876,-1.5100098
36598,0.19271851,0.71899414,-1.2808228
36599,0.12756348,0.70800781,-1.2911987
36600,0.087585449,0.81848144,-1.2734985
36601,0.043334961,0.67565918,-1.3691711
36602,-0.066680908,0.82946777,-1.2953186
36603,-0.25558472,0.78796387,-1.2181091
36604,-0.24536133,0.87631226,-1.1997986
36605,-0.32012939,0.95520019,-1.1912537
36606,-0.3793335,0.98907471,-1.1112976
36607,-0.37582397,1.0964966,-1.1932373
36608,-0.46676636,1.1422729,-1.2287903
36609,-0.3817749,1.0122681,-1.2615967
36610,-0.6552124,1.0870361,-1.1547852
36611,-0.54718018,1.1146545,-1.3267517
36612,-0.45013428,1.0507202,-1.1236572
36613,-0.62423706,1.134491,-1.0528564
36614,-0.59677124,1.0403442,-0.92041016
36615,-0.71792603,1.3140869,-0.89096069
36616,-0.73654175,1.3356018,-0.87463379
36617,-1.0108948,1.2138367,-0.64910889
36618,-0.98831177,1.374054,-0.63964844
36619,-1.1076355,1.2185669,-0.58258057
36620,-1.1708069,1.4074707,-0.69488525
36621,-1.065979,1.2779236,-0.73791504
36622,-1.1155701,1.3400269,-0.62255859
36623,-1.1470032,1.40625,-0.52108765
36624,-1.1775208,1.4453125,-0.54763794
36625,-1.1949158,1.3549805,-0.49926758
36626,-1.2744141,1.2916565,-0.52215576
36627,-1.3485718,1.3664246,-0.43212891
36628,-1.391449,1.4105225,-0.38452148
36629,-1.7303467,1.3087463,-0.29342651
36630,-1.5419006,1.2837219,-0.1461792
36631,-1.4428711,1.4248657,-0.17333984
36632,-1.5361023,1.411438,-0.25634766
36633,-1.6177368,1.3787842,-0.10803223
36634,-1.648407,1.4315796,-0.072631836
36635,-1.6873169,1.459198,0.007324219
36636,-1.8295288,1.2417603,0.009918213
36637,-1.6734314,1.2463379,0.087127686
36638,-1.9033813,1.2457275,0.24612427
36639,-1.9769287,1.222229,0.35491943
36640,-1.9654846,1.3305664,0.3616333
36641,-2.1754456,1.1099243,0.38375855
36642,-2.0907593,1.2451172,0.49499512
36643,-2.0883179,0.98526001,0.57571411
36644,-1.9709778,0.95108032,0.55862427
36645,-2.0506287,0.97366333,0.56457519
36646,-2.0922852,0.98464966,0.54458618
36647,-2.0254517,0.9576416,0.75134277
36648,-2.1502686,0.92300415,0.72082519
36649,-2.1078491,0.79162598,0.67398071
36650,-2.2035217,0.75790405,0.8126831
36651,-2.202301,0.83618164,0.8732605
36652,-2.2364807,0.64956665,0.90454102
36653,-2.1472168,0.6477356,0.82687378
36654,-2.0602417,0.53955078,1.0392761
36655,-2.2291565,0.55923462,0.96313477
36656,-2.2032166,0.54824829,1.0986328
36657,-2.2566223,0.32287598,1.1483765
36658,-2.114563,0.47149658,1.1402893
36659,-2.1751404,0.41290283,1.1010742
36660,-2.1450806,0.40527344,1.1514282
36661,-2.1069336,0.24551392,1.2628174
36662,-2.006073,0.24047852,1.3259888
36663,-2.03125,0.23880005,1.4315796
36664,-2.0199585,0.087890625,1.463623
36665,-2.1278381,-0.058135986,1.5187073
36666,-2.0458984,-0.077514648,1.4790344
36667,-2.1836853,-0.14953613,1.5596008
36668,-2.142334,-0.20111084,1.5948486
36669,-2.0278931,-0.2281189,1.7027283
36670,-2.0072937,-0.17623901,1.783905
36671,-2.0344543,-0.41854858,1.7247009
36672,-2.13974,-0.49240112,1.7333984
36673,-2.1826172,-0.43518066,1.7645264
36674,-2.0042419,-0.45959473,1.6313171
36675,-1.9061279,-0.3642273,1.831665
36676,-2.0010376,-0.79956055,1.7514038
36677,-1.7845154,-0.80062866,1.8736267
36678,-1.7755127,-0.79055786,1.8847656
36679,-1.8588257,-0.94955444,1.8884277
36680,-1.865387,-1.05896,1.8795776
36681,-1.6947937,-0.89111328,1.9355774
36682,-1.7410278,-1.0597229,1.9670105
36683,-1.7541504,-1.289978,1.9700623
36684,-1.8148804,-1.1436462,1.913147
36685,-1.665802,-1.1090088,1.9190979
36686,-1.5629578,-1.5441895,1.7935181
36687,-1.7042541,-1.8159485,1.9030762
36688,-1.3668823,-1.2861633,1.8989563
36689,-1.3504028,-1.4390564,1.9412231
36690,-1.4093018,-1.2763977,1.9442749
36691,-1.2890625,-1.4225769,1.8998718
36692,-1.2207031,-1.3945007,1.9335938
36693,-1.178894,-1.4782715,1.9812012
36694,-1.2181091,-1.6917419,1.8984985
36695,-1.2506104,-1.5661621,1.8896484
36696,-1.1184692,-1.6438293,2.0127869
36697,-1.081543,-1.7047119,1.7497253
36698,-1.060791,-1.6940308,1.8554688
36699,-1.0046387,-1.6853333,1.9044495
36700,-0.83816528,-1.8934631,1.824646
36701,-0.91659546,-1.9526672,2.0906067
36702,-0.84075928,-1.9726563,1.9039917
36703,-0.909729,-1.8695068,1.8452454
36704,-0.74035644,-1.8980408,1.920929
36705,-0.69229126,-2.0863342,1.8518066
36706,-0.61279297,-1.973114,1.8836975
36707,-0.49835205,-2.1762085,1.8075562
36708,-0.39962769,-2.1229553,1.7086792
36709,-0.34133911,-2.2731018,1.739502
36710,-0.34713745,-2.1775818,1.6807556
36711,-0.25527954,-2.0481873,1.5657043
36712,-0.17791748,-2.1278381,1.5885925
36713,-0.14038086,-2.1723938,1.5917969
36714,-0.11581421,-2.3008728,1.4916992
36715,-0.067138672,-2.4269104,1.5058899
36716,-0.017700195,-2.4700928,1.5116882
36717,0.12557983,-2.3150635,1.4674377
36718,0.091552734,-2.2967529,1.4135742
36719,0.11932373,-2.358551,1.3926697
36720,0.11734009,-2.1980286,1.4202881
36721,0.17425537,-2.1852112,1.3549805
36722,0.3527832,-2.3188782,1.1526489
36723,0.40176392,-2.1907043,1.174469
36724,0.29052734,-2.2360229,1.1747742
36725,0.42175293,-2.3262024,1.0018921
36726,0.48278809,-2.339325,1.0430908
36727,0.54290772,-2.3725891,0.97198486
36728,0.26489258,-2.4629211,0.90164185
36729,0.50735474,-2.177887,1.0015869
36730,0.64331055,-2.2547913,0.79483032
36731,0.69335938,-2.3327637,0.71624756
36732,0.69702148,-2.2572327,0.77972412
36733,0.78125,-2.2828674,0.65246582
36734,0.79406738,-2.2058105,0.58517456
36735,0.92071533,-2.1949768,0.57067871
36736,0.82382202,-2.2244263,0.56610107
36737,0.74035644,-2.179718,0.47058106
36738,0.96679688,-2.1551514,0.4598999
36739,0.96038818,-2.0587158,0.35614014
36740,0.95489502,-2.0228577,0.44128418
36741,0.88684082,-2.0684814,0.71655273
36742,1.1486816,-2.1466064,0.45791626
36743,1.1801147,-2.1543884,0.22583008
36744,1.1701965,-2.0603943,0.18249512
36745,1.1662292,-2.0751953,0.18432617
36746,1.1526489,-2.0100403,0.17578125
36747,1.1791992,-1.9685364,-0.007324219
36748,1.153717,-1.9664001,-0.15838623
36749,1.1727905,-1.9334412,-0.17150879
36750,1.174469,-1.8595886,-0.30700684
36751,1.1384583,-1.802063,-0.38131714
36752,1.0829163,-1.7553711,-0.26245117
36753,1.0905457,-1.8017578,-0.40100098
36754,1.204834,-1.6223145,-0.41732788
36755,1.1859131,-1.5705872,-0.33981323
36756,1.1730957,-1.5707397,-0.31295776
36757,1.1689758,-1.4802551,-0.44677734
36758,1.270752,-1.4118958,-0.55984497
36759,1.1778259,-1.2026978,-0.53207397
36760,1.2120056,-1.190033,-0.47348022
36761,1.2652588,-1.146698,-0.54550171
36762,1.0565186,-1.0159302,-0.55603027
36763,1.2347412,-1.0432434,-0.8001709
36764,1.2036133,-0.9715271,-0.93139648
36765,1.1183166,-1.0534668,-0.87966919
36766,1.2506104,-0.78567505,-0.77560425
36767,1.1254883,-0.86730957,-0.95733643
36768,1.0321045,-0.73959351,-0.83450317
36769,1.1502075,-0.6954956,-1.043396
36770,1.0961914,-0.82672119,-1.0784912
36771,0.90316772,-0.77270508,-1.0696411
36772,1.0369873,-0.72525024,-1.1599731
36773,1.0498047,-0.60638428,-1.0429382
36774,0.95184326,-0.54885864,-1.2124634
36775,0.91003418,-0.47409058,-0.98953247
36776,0.85952759,-0.45776367,-0.95367432
36777,0.86547852,-0.26733398,-1.098175
36778,0.87875366,-0.30487061,-1.0089111
36779,0.92926025,-0.33248901,-0.96511841
36780,0.91445923,-0.1461792,-0.99487305
36781,0.85830688,-0.08026123,-0.96099853
36782,0.62530518,-0.038299561,-1.03302
36783,0.69824219,-0.042572021,-1.7086792
36784,0.54534912,0.17044067,-1.2864685
36785,0.35079956,-0.077667236,-1.3171387
36786,0.46295166,0.053710938,-1.295929
36787,0.46844482,0.11901856,-1.1979675
36788,0.30395508,0.26046753,-1.1679077
36789,0.35522461,0.35079956,-1.3412476
36790,0.30380249,0.30944824,-1.3208008
36791,0.42526245,0.45074463,-1.2461853
36792,0.27770996,0.51589966,-1.2400818
36793,0.38421631,0.55541992,-1.1367798
36794,0.36895752,0.68359375,-1.1108398
36795,0.18157959,0.80352783,-1.2841797
36796,0.16265869,0.76507568,-1.3244629
36797,0.081481934,0.68054199,-1.2513733
36798,-0.09262085,0.74707031,-1.1732483
36799,-0.1550293,0.94177246,-1.2434387
36800,-0.10604858,0.8543396,-1.1697388
36801,-0.12817383,0.68481445,-1.1962891
36802,-0.19195557,0.7925415,-1.1709595
36803,-0.2079773,0.91125488,-1.137085
36804,-0.42205811,1.0835266,-1.083374
36805,-0.47424316,1.0723877,-1.157074
36806,-0.4045105,1.1305237,-1.2089539
36807,-0.4460144,1.0551453,-1.0899353
36808,-0.62637329,1.0739136,-0.94482422
36809,-0.62484741,0.990448,-0.91293335
36810,-0.66085815,1.0110474,-0.81588745
36811,-0.73348999,1.0057068,-0.99945068
36812,-0.75775147,1.0601807,-1.0420227
36813,-0.79589844,1.0061646,-1.0028076
36814,-0.94024658,1.2321472,-0.7975769
36815,-0.84274292,1.2538147,-0.69320679
36816,-0.91369629,1.2626648,-0.67001343
36817,-0.92803955,1.1430359,-0.51239014
36818,-0.965271,1.1116028,-0.35644531
36819,-1.0269165,0.98846435,-0.39855957
36820,-1.1346436,1.0269165,-0.50354004
36821,-1.1421204,1.2155151,-0.39093018
36822,-1.1987305,1.0693359,-0.43243408
36823,-1.3499451,1.2677002,-0.28808594
36824,-1.2255859,1.1605835,-0.52093506
36825,-1.2658691,1.2615967,-0.55557251
36826,-1.4370728,0.89935303,-0.47821045
36827,-1.3943481,1.2895203,-0.19851685
36828,-1.3020325,1.3204956,-0.061340332
36829,-1.4408875,1.3519287,-0.000305176
36830,-1.6479492,1.2298584,-0.056915283
36831,-1.5284729,1.129303,0.023040771
36832,-1.590271,1.1315918,0.079345703
36833,-1.6007996,1.0525513,0.089416504
36834,-1.663208,0.94787598,0.21408081
36835,-1.7521667,1.003418,0.2897644
36836,-1.7658997,1.118927,0.19302368
36837,-1.7884827,0.93170166,0.31829834
36838,-1.8746948,0.89233398,0.26611328
36839,-1.7622375,0.90484619,0.26397705
36840,-1.7930603,0.8102417,0.33950806
36841,-1.9697571,0.86181641,0.36682129
36842,-1.9090271,0.88912964,0.42541504
36843,-1.9909668,0.82962036,0.42724609
36844,-1.9911194,0.76675415,0.48217773
36845,-2.0133972,0.74996948,0.56060791
36846,-1.9433594,0.79452515,0.56411743
36847,-2.0678711,0.64208984,0.59402466
36848,-1.9244385,0.65963745,0.69396973
36849,-2.0864868,0.54260254,0.81619263
36850,-1.9989014,0.51864624,0.92468262
36851,-1.8933105,0.48553467,0.88775635
36852,-2.183075,0.33218384,1.0145569
36853,-1.9847107,0.23284912,0.9437561
36854,-1.9949341,0.25924683,1.0105896
36855,-1.9882202,0.41625977,1.131897
36856,-1.986084,0.40054321,1.2211609
36857,-1.8702698,0.20309448,1.1889648
36858,-1.9888306,0.25421143,1.2385559
36859,-1.8893433,0.1260376,1.134491
36860,-1.9062805,0.13122559,1.2934875
36861,-1.9470215,-0.20629883,1.3713074
36862,-1.8545532,-0.087585449,1.3751221
36863,-1.9975281,-0.23529053,1.3572693
36864,-2.0281982,-0.27374268,1.1335754
36865,-1.9508362,-0.25436401,1.4205933
36866,-1.978302,-0.1902771,1.2359619
36867,-1.817627,-0.49728394,1.2428284
36868,-1.8002319,-0.5480957,1.1773682
36869,-1.8571472,-0.63919067,1.0890198
36870,-2.0788574,-0.53741455,1.0650635
36871,-1.627655,-0.73501587,0.95672607
36872,-1.6937256,-0.52032471,1.0043335
36873,-1.7919922,-0.5960083,1.2721252
36874,-1.7163086,-0.68115234,1.0850525
36875,-1.7532349,-0.86914063,1.5325928
36876,-1.7254639,-1.0600281,0.9753418
36877,-1.6322327,-0.98937988,1.0310364
36878,-1.5740967,-0.98983765,1.1300659
36879,-1.5908813,-0.9223938,1.199646
36880,-1.5693665,-0.92300415,1.3619995
36881,-1.421814,-1.2197876,1.3391113
36882,-1.4607239,-1.2701416,1.4550781
36883,-1.5031433,-1.103363,1.5028381
36884,-1.34552,-1.3261414,1.6647339
36885,-1.2615967,-1.5168762,1.700592
36886,-1.3534546,-1.6888428,1.5655518
36887,-1.3119507,-1.451416,1.8249512
36888,-1.1206055,-1.4022827,1.9392395
36889,-1.1453247,-1.4997864,1.809845
36890,-1.0411072,-1.6311646,1.7163086
36891,-0.88516235,-1.4068604,1.6078186
36892,-0.92666626,-1.70578,1.7124939
36893,-0.83831787,-1.541748,1.7796326
36894,-0.84701538,-1.7233276,1.842041
36895,-0.82626343,-1.8057251,1.8026733
36896,-0.77285767,-1.6642761,1.6973877
36897,-0.71273804,-1.6381836,1.736145
36898,-0.74066162,-1.6598511,1.7027283
36899,-0.59890747,-1.8202209,1.6915894
36900,-0.46722412,-1.9378662,1.6764832
36901,-0.5317688,-1.7593384,1.7062378
36902,-0.5557251,-1.7352295,1.784668
36903,-0.46279907,-1.8634033,1.6648865
36904,-0.52627563,-1.8818665,1.6601563
36905,-0.28167725,-2.0504761,1.5751648
36906,-0.21057129,-2.1408081,1.5283203
36907,-0.2684021,-2.1237183,1.3546753
36908,-0.18630981,-2.1536255,1.4364624
36909,-0.24002075,-1.9906616,1.5689087
36910,-0.15625,-2.0977783,1.3653564
36911,-0.06652832,-2.0349121,1.3526916
36912,0.056915283,-2.0350647,1.3165283
36913,-0.030975342,-2.0289612,1.3667297
36914,0.08682251,-2.1995544,1.1575317
36915,-0.036010742,-2.2402954,1.2507629
36916,0.084838867,-2.0516968,1.1860657
36917,0.2142334,-2.1144104,1.0377502
36918,0.30639648,-2.0445251,1.0116577
36919,0.37139893,-2.096405,0.9664917
36920,0.415802,-2.0878601,1.0354614
36921,0.44128418,-2.0777893,1.1401367
36922,0.50933838,-2.0213318,0.9425354
36923,0.45257568,-2.0903015,0.88699341
36924,0.39352417,-1.9831848,0.89935303
36925,0.74234009,-1.8875122,1.0299683
36926,0.6628418,-2.0045471,0.8984375
36927,0.59173584,-1.9845581,0.66513062
36928,0.65460205,-2.0358276,0.48248291
36929,0.72555542,-2.1875,0.41442871
36930,0.78796387,-2.0840454,0.31463623
36931,0.68099976,-1.9458008,0.31799316
36932,0.77911377,-1.9775391,0.35247803
36933,0.8821106,-1.9688416,0.37109375
36934,0.90881348,-1.9177246,-0.06729126
36935,0.90377808,-1.882019,0.077514648
36936,0.92895508,-1.9416809,0.20477295
36937,0.9147644,-1.9117737,0.1171875
36938,0.89553833,-1.8309021,-0.00289917
36939,0.9451294,-1.8386841,0.014648438
36940,0.91186523,-1.7889404,0.031433105
36941,0.99868774,-1.7233276,-0.0730896
36942,0.97976685,-1.7002869,-0.20431519
36943,0.96664429,-1.7260742,-0.0730896
36944,1.0061646,-1.6101074,-0.17272949
36945,1.0632324,-1.6491699,-0.29464722
36946,1.1317444,-1.6944885,-0.40390015
36947,1.1030579,-1.6442871,-0.49468994
36948,1.0202026,-1.5049744,-0.33721924
36949,1.0745239,-1.4953613,-0.53527832
36950,1.1186218,-1.4053345,-0.56671143
36951,1.2103271,-1.441803,-0.46875
36952,1.0728455,-1.3945007,-0.68756103
36953,1.1421204,-1.2921143,-0.6161499
36954,1.1732483,-1.1524963,-0.42861939
36955,1.0380554,-0.98907471,-0.41732788
36956,1.1061096,-1.0798645,-0.65032959
36957,1.1322021,-1.1044312,-0.66360474
36958,1.0025024,-0.88302612,-0.6187439
36959,1.0296631,-0.88546753,-0.75546265
36960,0.93322754,-0.76553345,-0.74310303
36961,0.93017578,-0.75714111,-0.80627441
36962,0.97076416,-0.7321167,-0.81985474
36963,1.0954285,-0.64666748,-0.92529297
36964,1.0157776,-0.62362671,-0.78979492
36965,0.96939087,-0.62240601,-0.92056274
36966,0.96496582,-0.51376343,-1.0903931
36967,1.0340881,-0.45379639,-1.2097168
36968,0.96862793,-0.41061401,-1.1813354
36969,0.88226318,-0.43685913,-1.1112976
36970,0.94787598,-0.31234741,-1.0771179
36971,0.65734863,-0.2532959,-1.0754395
36972,0.68405151,-0.12023926,-1.05896
36973,0.6628418,-0.23483276,-1.1984253
36974,0.74905396,-0.034790039,-1.2554932
36975,0.80673218,0.036621094,-1.1875916
36976,0.58853149,0.059356689,-1.2939453
36977,0.70709228,-0.10406494,-1.2173462
36978,0.56762695,0.19271851,-1.1061096
36979,0.69351196,0.063171387,-1.2664795
36980,0.4460144,0.20202637,-1.6027832
36981,0.47317505,0.29876709,-1.5542603
36982,0.39978027,0.43182373,-1.4129639
36983,0.32897949,0.39596558,-1.3258362
36984,0.19134522,0.42388916,-1.3613892
36985,0.22186279,0.4069519,-1.40625
36986,0.20385742,0.58654785,-1.4239502
36987,0.17776489,0.43655395,-1.2460327
36988,0.067443848,0.51315308,-0.70510864
36989,-0.01083374,0.63980103,-0.97900391
36990,0.092010498,0.5380249,-1.4147949
36991,0.11871338,0.69381714,-1.3090515
36992,-0.12039185,0.64758301,-1.2194824
36993,-0.16555786,0.84320068,-1.1546326
36994,-0.10360718,0.8883667,-1.5734863
36995,-0.21316528,1.0047913,-1.2910461
36996,-0.3326416,1.0998535,-1.0839844
36997,-0.42541504,1.0067749,-1.0682678
36998,-0.38818359,1.0180664,-0.91934204
36999,-0.4246521,0.89874268,-0.87402344
37000,-0.54443359,0.887146,-0.78186035
37001,-0.65612793,0.90667725,-0.69000244
37002,-0.66741943,1.0365295,-0.78567505
37003,-0.79620361,0.97091675,-0.68603516
37004,-0.67565918,0.89981079,-0.84075928
37005,-0.76507568,1.1853027,-0.86303711
37006,-0.91690063,1.0964966,-0.79711914
37007,-0.84655762,1.1297607,-0.51467896
37008,-0.89660644,1.1776733,-0.70236206
37009,-0.99105835,1.2142944,-0.72784424
37010,-1.111908,1.1132813,-0.7421875
37011,-1.0900879,1.1767578,-0.57327271
37012,-1.2428284,1.3848877,-0.52047729
37013,-1.2136841,1.2582397,-0.66055298
37014,-1.264801,1.197052,-0.70022583
37015,-1.3478088,1.2496948,-0.93811035
37016,-1.1891174,1.2234497,-0.57891846
37017,-1.3305664,1.151886,-0.67672729
37018,-1.3795471,1.2524414,-0.41870117
37019,-1.4401245,1.3208008,-0.49835205
37020,-1.4355469,1.2380981,-0.35186768
37021,-1.4080811,1.2138367,-0.63446045
37022,-1.6334534,0.94589233,-0.26290894
37023,-1.6139221,1.1022949,-0.21942139
37024,-1.5457153,1.0005188,-0.048675537
37025,-1.6897583,1.0377502,-0.13702393
37026,-1.5635681,1.096344,0.04776001
37027,-1.6331482,1.0400391,-0.019226074
37028,-1.5463257,1.0842896,0.19042969
37029,-1.7037964,0.92712402,0.30334473
37030,-1.7210388,0.86105347,0.071563721
37031,-1.9210815,0.86776733,0.21392822
37032,-1.8339539,0.80856323,0.36743164
37033,-1.8113709,0.79406738,0.29571533
37034,-1.8740845,0.90789795,0.52108765
37035,-1.8867493,0.78948975,0.6149292
37036,-1.9573975,0.73638916,0.87371826
37037,-1.8684387,0.85418701,0.44967651
37038,-1.8536377,0.80673218,0.93536377
37039,-1.9290161,0.66726685,0.8972168
37040,-1.9261169,0.61386108,0.884552
37041,-1.968689,0.48980713,0.9777832
37042,-2.0524597,0.50338745,1.2744141
37043,-2.0874023,0.47622681,0.63354492
37044,-2.0422363,0.30990601,0.75866699
37045,-2.0269775,0.45440674,0.57220459
37046,-2.1044922,0.37780762,0.59158325
37047,-2.1403503,0.43884277,0.8895874
37048,-2.1655273,0.37597656,0.78125
37049,-2.0396423,0.24871826,0.53192139
37050,-2.0857239,0.131073,0.96176147
37051,-2.1827698,0.21896362,0.57327271
37052,-1.9404602,0.11428833,0.73364258
37053,-1.9796753,0.11642456,0.81604004
37054,-1.9296265,0.038146973,1.1509705
37055,-2.0681763,-0.06942749,1.1514282
37056,-2.0443726,-0.004882813,1.1042786
37057,-2.0898438,-0.001525879,1.0699463
37058,-1.9404602,-0.054779053,1.0113525
37059,-1.9555664,-0.22262573,0.52261353
37060,-2.0248413,-0.27267456,1.3955688
37061,-1.9869995,-0.40557861,1.7355347
37062,-1.9113159,-0.38269043,1.4694214
37063,-1.9134521,-0.5001831,0.96710205
37064,-1.7694092,-0.62667847,1.7788696
37065,-1.8759155,-0.68481445,1.6763306
37066,-2.0336914,-0.79101563,1.7929077
37067,-1.809082,-0.70236206,1.8659973
37068,-1.7453003,-0.66375732,1.6738892
37069,-1.7625427,-0.70297241,1.5011597
37070,-1.5893555,-1.0139465,1.6288757
37071,-1.681366,-0.99334717,1.4996338
37072,-1.6807556,-1.0775757,1.519928
37073,-1.599884,-1.1849976,1.8240356
37074,-1.4154053,-1.3037109,1.7474365
37075,-1.3751221,-1.1099243,1.756897
37076,-1.4738464,-1.309967,1.9378662
37077,-1.4208984,-1.1332703,1.7330933
37078,-1.5081787,-1.1616516,1.4337158
37079,-1.4437866,-1.3531494,1.7059326
37080,-1.285553,-1.6714478,1.9500732
37081,-1.2619019,-1.5306091,1.9451904
37082,-1.2133789,-1.4233398,1.5293884
37083,-1.088562,-1.822052,1.5270996
37084,-1.1079407,-1.713562,1.7085266
37085,-1.0140991,-1.7243958,1.1938477
37086,-0.93170166,-1.7071533,1.4794922
37087,-0.87707519,-1.6764832,1.696167
37088,-0.78460693,-1.6069031,1.9059753
37089,-0.79193115,-1.6973877,1.892395
37090,-0.77972412,-1.7189026,1.9152832
37091,-0.64834595,-1.8066406,1.8273926
37092,-0.79650879,-1.8730164,1.7633057
37093,-0.77636719,-1.8411255,1.8417358
37094,-0.62606812,-1.9677734,1.6836548
37095,-0.68969727,-2.1331787,1.7451477
37096,-0.44433594,-2.2763062,1.6560364
37097,-0.34423828,-2.0840454,1.8257141
37098,-0.25207519,-2.109375,1.7834473
37099,-0.16082764,-2.0747375,1.7431641
37100,-0.12451172,-2.1641541,1.7042541
37101,-0.12374878,-2.2029114,1.6625977
37102,-0.17761231,-2.1943665,1.6918945
37103,-0.099945068,-2.3049927,1.5080261
37104,-0.007781982,-2.2291565,1.5048218
37105,0.037078857,-2.3002625,1.3739014
37106,0.086975098,-2.1557617,1.3209534
37107,0.043640137,-2.2111511,1.1967468
37108,0.093536377,-2.205658,1.1433411
37109,0.22613525,-2.1899414,1.1921692
37110,0.40832519,-2.1974182,1.2724304
37111,0.24627685,-2.3146057,1.0842896
37112,0.41290283,-2.406311,1.1749268
37113,0.50872803,-2.4401855,1.1303711
37114,0.35247803,-2.4290466,1.0534668
37115,0.4850769,-2.2967529,1.0968018
37116,0.48049927,-2.3062134,1.0169983
37117,0.52154541,-2.2999573,0.93994141
37118,0.60089111,-2.1824646,0.8126831
37119,0.62072754,-2.0631409,0.65567017
37120,0.70373535,-1.9657898,0.5090332
37121,0.66772461,-2.0217896,0.57739258
37122,0.72448731,-2.1411133,0.60516357
37123,0.89660644,-2.147522,0.57540894
37124,0.96984863,-2.1395874,0.50247192
37125,0.93307495,-2.1447754,0.37185669
37126,0.94238281,-2.1708679,0.50354004
37127,1.1018372,-2.0799255,0.39077759
37128,0.9928894,-2.0550537,0.26168823
37129,0.95535278,-2.0294189,0.28381348
37130,0.99792481,-1.9345093,0.18859863
37131,1.1161804,-2.1070862,0.24749756
37132,1.2112427,-2.1099854,0.14221191
37133,1.1489868,-1.960144,0.014801025
37134,1.1793518,-1.8707275,-0.06439209
37135,1.178894,-1.7460632,-0.033111572
37136,1.3287354,-1.7430115,-0.094451904
37137,1.3650513,-1.8099976,-0.19332886
37138,1.3554382,-1.9639587,-0.17913818
37139,1.3510132,-1.8756104,-0.21942139
37140,1.3697815,-1.8650818,-0.29052734
37141,1.3787842,-1.8162537,-0.37521362
37142,1.4045715,-1.6654968,-0.40161133
37143,1.3946533,-1.6403198,-0.46295166
37144,1.3275146,-1.5563965,-0.46066284
37145,1.3656616,-1.5068054,-0.44845581
37146,1.3739014,-1.4994812,-0.52307129
37147,1.3191223,-1.4831543,-0.66574097
37148,1.3999939,-1.2316895,-0.74005127
37149,1.2519836,-1.075592,-1.1592102
37150,1.2945557,-1.1958313,-1.1175537
37151,1.28479,-1.1068726,-1.0037231
37152,1.1932373,-1.1819458,-0.77850342
37153,1.2519836,-1.0748291,-1.053772
37154,1.3214111,-0.98693848,-0.7383728
37155,1.1773682,-1.1320496,-0.98220825
37156,1.0273743,-1.1332703,-1.1187744
37157,0.99121094,-1.076355,-1.0830688
37158,1.076355,-0.92407227,-1.1230469
37159,1.0321045,-0.90759277,-1.0461426
37160,1.0050964,-0.58944702,-0.95703125
37161,1.0958862,-0.70144653,-1.1251831
37162,1.098175,-0.61691284,-1.1253357
37163,1.0708618,-0.47775269,-1.2031555
37164,1.033783,-0.40557861,-1.2319946
37165,0.97137451,-0.43930054,-1.2863159
37166,0.93231201,-0.36132813,-1.1668396
37167,0.87860107,-0.40863037,-1.3174438
37168,0.82229614,-0.2420044,-1.2358093
37169,0.84213257,-0.26519775,-1.3818359
37170,0.82885742,0.008239746,-1.5197754
37171,0.6703186,0.029907227,-1.4074707
37172,0.74859619,-0.12893677,-1.4706421
37173,0.63293457,-0.044250488,-1.4451599
37174,0.54153442,0.20111084,-1.3557434
37175,0.51208496,0.27526856,-1.3471985
37176,0.43502808,0.19714356,-1.0954285
37177,0.54336548,0.22735596,-1.1929321
37178,0.41671753,0.32867432,-1.4051819
37179,0.37612915,0.49880981,-1.3697815
37180,0.20324707,0.59082031,-1.5008545
37181,0.30517578,0.67062378,-1.4532471
37182,0.26153564,0.69503784,-1.1383057
37183,0.073394775,0.78704834,-1.3305664
37184,0.25100708,0.85693359,-1.3986206
37185,0.078735352,0.85952759,-1.4303589
37186,0.10391235,0.83358765,-1.3658142
37187,-0.21942139,0.87127685,-1.3999939
37188,-0.086364746,0.85021973,-1.177063
37189,-0.13427734,0.93734741,-1.0647583
37190,-0.14953613,0.88531494,-1.146698
37191,-0.36239624,0.91506958,-0.93688965
37192,-0.34973144,1.0380554,-1.1764526
37193,-0.43457031,1.212616,-1.211853
37194,-0.41168213,1.2371826,-1.0362244
37195,-0.50506592,1.2530518,-0.96252441
37196,-0.56060791,1.1715698,-0.91659546
37197,-0.69015503,1.1567688,-0.98632813
37198,-0.66375732,1.0897827,-0.91125488
37199,-0.70144653,1.0842896,-1.2020874
37200,-0.69488525,0.99273682,-0.89553833
37201,-0.81878662,1.1811829,-0.95611572
37202,-0.93139648,1.3980103,-0.84915161
37203,-0.77331543,1.4341736,-0.88745117
37204,-0.92590332,1.3990784,-0.93978882
37205,-0.86791992,1.1882019,-0.80627441
37206,-1.0662842,1.4501953,-0.62988281
37207,-1.2306213,1.3183594,-0.46340942
37208,-1.2097168,1.4096069,-0.55084228
37209,-1.3032532,1.4732361,-0.61233521
37210,-1.2837219,1.5270996,-0.56915283
37211,-1.3407898,1.4208984,-0.59539795
37212,-1.3952637,1.3311768,-0.37750244
37213,-1.4604187,1.3221741,-0.46173096
37214,-1.491394,1.2445068,-0.47225952
37215,-1.5725708,1.3641357,-0.32730103
37216,-1.6615295,1.3290405,-0.35827637
37217,-1.7997742,1.6215515,-0.93185425
37218,-1.8476868,1.1854553,-0.66223144
37219,-1.7390442,1.1889648,-0.26657105
37220,-1.7660522,1.1108398,0.36560059
37221,-1.8408203,1.2193298,0.10665894
37222,-1.8798828,1.2339783,0.1071167
37223,-1.8675232,1.2426758,0.17105103
37224,-1.7938232,1.2690735,0.22003174
37225,-1.8617249,1.2127686,0.25543213
37226,-1.829834,1.1695862,0.38803101
37227,-1.9897461,1.2269592,0.42633057
37228,-1.9818115,1.2057495,0.36773682
37229,-2.0828247,1.2330627,0.53161621
37230,-2.1438599,1.129303,0.5960083
37231,-2.1733093,1.086731,0.43991089
37232,-2.1992493,1.1572266,0.57617188
37233,-2.2325134,1.0423279,0.59783935
37234,-2.1748352,0.97122192,0.34835815
37235,-2.3054504,0.84335327,0.57662964
37236,-2.2340393,0.97442627,0.66680908
37237,-2.2189331,0.89492798,0.68511963
37238,-2.2241211,0.8605957,0.75042725
37239,-2.2874451,0.79101563,0.85876465
37240,-2.3480225,0.50720215,0.9022522
37241,-2.1650696,0.58685303,1.1178589
37242,-2.2749329,0.56060791,1.1434937
37243,-2.1160889,0.5619812,1.1543274
37244,-2.1739197,0.40939331,1.1965942
37245,-2.2409058,0.44570923,1.2561035
37246,-2.2944641,0.38787842,1.3215637
37247,-2.301178,0.44387817,1.3368225
37248,-2.0968628,0.27694702,1.5310669
37249,-2.1043396,0.052337646,1.6381836
37250,-2.1305847,0.02822876,1.5388489
37251,-2.1617126,0.063476563,1.4501953
37252,-2.1650696,0.17654419,1.3471985
37253,-2.1548462,0.078887939,1.4483643
37254,-2.1343994,-0.033721924,1.6090393
37255,-2.2348022,-0.25161743,1.8371582
37256,-2.0028687,-0.27709961,1.7262268
37257,-2.0365906,-0.23544312,1.9302368
37258,-2.0204163,-0.37109375,1.522522
37259,-1.9767761,-0.4359436,1.7481995
37260,-1.9496155,-0.40863037,1.6085815
37261,-1.9493103,-0.50125122,1.6603088
37262,-2.1005249,-0.63476563,1.7791748
37263,-2.0503235,-0.81604004,1.8864441
37264,-1.9050598,-0.79940796,1.6156006
37265,-1.8939209,-0.78109741,1.7735291
37266,-1.8649292,-0.74462891,1.9744873
37267,-1.8302917,-0.7661438,1.9685364
37268,-1.6630554,-0.91705322,2.0605469
37269,-1.8511963,-1.1332703,1.7590332
37270,-1.7805481,-1.1470032,1.7433166
37271,-1.7190552,-1.191864,2.0747375
37272,-1.7085266,-1.1755371,1.6392517
37273,-1.5336609,-1.0545349,1.7980957
37274,-1.5293884,-1.262207,2.1972656
37275,-1.4538574,-1.5220642,1.859436
37276,-1.3575745,-1.35849,2.101593
37277,-1.4086914,-1.5299988,2.0181274
37278,-1.2615967,-1.567688,1.9009399
37279,-1.1071777,-1.7352295,2.1302795
37280,-1.1444092,-1.7462158,2.0529175
37281,-1.0905457,-1.8345642,1.9845581
37282,-1.0473633,-2.101593,2.0126343
37283,-0.94161987,-1.7422485,1.9911194
37284,-1.0070801,-1.7724609,1.9250488
37285,-0.87112427,-1.910553,1.9085693
37286,-0.83374023,-1.7080688,1.9769287
37287,-0.67367554,-1.9631958,1.9252014
37288,-0.61187744,-2.0050049,2.0996094
37289,-0.66253662,-1.9140625,1.9416809
37290,-0.69488525,-2.1755981,1.8927002
37291,-0.54840088,-2.1464539,1.8737793
37292,-0.4800415,-2.3104858,1.9332886
37293,-0.4057312,-2.4464417,1.6699219
37294,-0.32180786,-2.2854614,1.6197205
37295,-0.4019165,-2.3310852,1.7214966
37296,-0.30761719,-2.3271179,1.6288757
37297,-0.33309936,-2.2149658,1.681366
37298,-0.26657105,-2.401123,1.5432739
37299,-0.25512695,-2.2946167,1.673584
37300,-0.09979248,-2.5010681,1.6531372
37301,-0.007324219,-2.5473022,1.5658569
37302,-0.033416748,-2.4710083,1.6429138
37303,0.23071289,-2.4273682,1.5057373
37304,0.049438477,-2.4458313,1.5609741
37305,0.22872925,-2.5016785,1.2744141
37306,0.33813477,-2.3342896,1.3830566
37307,0.45501709,-2.2904968,1.2969971
37308,0.31616211,-2.3440552,1.0191345
37309,0.36483765,-2.5737,0.97595215
37310,0.53039551,-2.4769592,1.0627747
37311,0.52749634,-2.6524353,0.84197998
37312,0.41625977,-2.5357056,1.0279846
37313,0.47454834,-2.2871399,0.94116211
37314,0.71563721,-2.3019409,1.0044861
37315,0.75668335,-2.4159241,0.91796875
37316,0.82061768,-2.3796082,0.81390381
37317,0.71960449,-2.2370911,0.53344727
37318,0.80612183,-2.2290039,0.59677124
37319,0.79650879,-2.2938538,0.40908814
37320,0.78872681,-2.4067688,0.63430786
37321,0.93536377,-2.4247742,0.45089722
37322,0.89111328,-2.1118164,0.33752441
37323,0.98266602,-2.2434998,0.43609619
37324,1.0095215,-2.2161865,0.32348633
37325,1.0638428,-2.0756531,0.24337769
37326,1.0263062,-2.0614624,0.24963379
37327,1.2260437,-2.167511,0.071868896
37328,1.1177063,-2.2120667,0.066986084
37329,1.2322998,-2.3280334,-0.027770996
37330,1.3098145,-2.2013855,0.13244629
37331,1.2234497,-2.1514893,-0.069274902
37332,1.101532,-1.9465637,0.033111572
37333,1.2342834,-2.06604,0.046234131
37334,1.2705994,-1.9648743,0.004882813
37335,1.2646484,-1.8135071,-0.20233154
37336,1.2579346,-1.8247986,-0.23071289
37337,1.2748718,-1.7553711,-0.31280518
37338,1.340332,-1.6635132,-0.44586182
37339,1.3206482,-1.6589355,-0.54138184
37340,1.2260437,-1.6011047,-0.55038452
37341,1.2466431,-1.4987183,-0.76156616
37342,1.1587524,-1.5673828,-0.7421875
37343,1.2585449,-1.5704346,-0.63354492
37344,1.3919067,-1.340332,-0.73852539
37345,1.2237549,-1.2767029,-0.90316772
37346,1.4324951,-1.2640381,-0.91674805
37347,1.3140869,-1.2780762,-1.0543823
37348,1.3134766,-1.2649536,-0.79483032
37349,1.3409424,-1.3288879,-0.69030762
37350,1.166687,-1.1300659,-0.84259033
37351,1.1735535,-1.0900879,-1.0574341
37352,1.1508179,-0.99639893,-0.86669922
37353,1.2060547,-0.89385986,-1.0644531
37354,1.1447144,-0.73257446,-0.94238281
37355,1.1816406,-0.81390381,-1.1552429
37356,1.0203552,-0.67550659,-1.1323547
37357,1.1042786,-0.65612793,-1.2315369
37358,1.1662292,-0.54031372,-1.2731934
37359,0.97473144,-0.55007935,-1.2960815
37360,0.96801758,-0.34576416,-1.2252808
37361,0.96328735,-0.31188965,-1.4421082
37362,1.0906982,-0.16876221,-1.2345886
37363,0.99975586,-0.17822266,-1.3256836
37364,0.93292236,-0.13977051,-1.3400269
37365,0.93475342,-0.12207031,-1.3934326
37366,0.87097168,-0.1159668,-1.3171387
37367,0.84106445,-0.063323975,-1.3516235
37368,0.57861328,-0.10604858,-1.6770935
37369,0.50064087,-0.026245117,-1.534729
37370,0.80047607,0.23483276,-1.388855
37371,0.64605713,0.33477783,-1.6171265
37372,0.59783935,0.4258728,-1.5988159
37373,0.5708313,0.26977539,-1.6209412
37374,0.40527344,0.44525147,-1.6355896
37375,0.34332275,0.46768189,-1.5652466
37376,0.39138794,0.49133301,-1.4689636
37377,0.26229858,0.50918579,-1.340332
37378,0.22445679,0.49835205,-1.6253662
37379,0.33813477,0.63598633,-1.4959717
37380,0.063781738,0.58105469,-1.4367676
37381,0.099487305,0.82199097,-1.335144
37382,0.07232666,0.91339111,-1.2759399
37383,-0.016479492,0.92163086,-1.7697144
37384,0.00793457,0.61798096,-1.4704895
37385,-0.081176758,0.84564209,-1.413269
37386,-0.051269531,0.88500977,-1.3543701
37387,-0.16296387,0.88500977,-1.4523315
37388,-0.36117554,1.0223389,-1.3885498
37389,-0.44021606,1.0498047,-1.2969971
37390,-0.52185059,0.98144531,-1.1952209
37391,-0.49072266,1.3670349,-1.1453247
37392,-0.51330566,1.1776733,-1.0317993
37393,-0.55099487,1.2574768,-0.98922729
37394,-0.59951782,1.289978,-0.97991943
37395,-0.70983887,1.3702393,-1.0668945
37396,-0.65689087,1.3665771,-1.031189
37397,-0.68664551,1.3896179,-0.82977295
37398,-0.89248657,1.3145447,-0.95565796
37399,-0.96572876,1.3708496,-0.82473755
37400,-1.0180664,1.4749146,-0.83328247
37401,-1.0702515,1.6172791,-0.83618164
37402,-1.2844849,1.578064,-0.77651978
37403,-1.105957,1.3961792,-0.6980896
37404,-1.1422729,1.4137268,-0.77316284
37405,-1.1000061,1.449585,-0.42678833
37406,-1.3401794,1.3111877,-0.66345215
37407,-1.275177,1.5045166,-0.42404175
37408,-1.3316345,1.5516663,-0.52383423
37409,-1.4431763,1.5008545,-0.362854
37410,-1.5177917,1.2911987,-0.17074585
37411,-1.5977478,1.2692261,-0.16601563
37412,-1.5722656,1.3874817,-0.2456665
37413,-1.6394043,0.87677002,-0.22644043
37414,-1.5922546,1.2287903,-0.12771606
37415,-1.5844727,1.2359619,-0.12939453
37416,-1.7071533,1.2332153,-0.18920898
37417,-1.7860413,1.1964416,-0.22384644
37418,-1.8814087,1.1169434,0.079956055
37419,-1.7974854,1.2263489,0.044708252
37420,-1.8742371,1.194458,0.22628784
37421,-1.8504334,1.0902405,0.064849854
37422,-1.8711853,1.1257935,0.29327393
37423,-1.8525696,1.1691284,0.21469116
37424,-2.0213318,1.116333,0.37490845
37425,-2.035675,1.1279297,0.40435791
37426,-1.8865967,1.1929321,0.43991089
37427,-2.1386719,1.1503601,0.70999146
37428,-2.1063232,1.1349487,0.70053101
37429,-2.0532227,1.0473633,0.63354492
37430,-2.0895386,1.0070801,0.75576782
37431,-2.2332764,1.0275269,0.83328247
37432,-2.1572876,0.94009399,0.86883545
37433,-2.2134399,0.75286865,0.88302612
37434,-2.2564697,0.7913208,0.91247559
37435,-2.1070862,0.86181641,1.0444641
37436,-2.1426392,0.76309204,1.0331726
37437,-2.280426,0.75881958,1.1427307
37438,-2.1466064,0.55862427,1.3232422
37439,-2.2097778,0.44586182,1.257782
37440,-2.2991943,0.4486084,1.2219238
37441,-2.1696472,0.40481567,1.0540771
37442,-2.195282,0.3137207,1.0855103
37443,-2.2105408,0.34622192,1.1000061
37444,-2.1917725,0.26611328,1.2753296
37445,-2.20047,0.2116394,1.3978577
37446,-2.1580505,0.20568848,1.2295532
37447,-2.1092224,0.19302368,1.3478088
37448,-2.1218872,0.12115479,1.489563
37449,-2.1916199,-0.049591064,1.2104797
37450,-2.1102905,0.023803711,1.4105225
37451,-2.1734619,-0.13153076,1.6137695
37452,-1.965332,-0.17303467,1.5489197
37453,-1.9400024,-0.25970459,1.5763855
37454,-2.0674133,-0.56381226,2.0051575
37455,-2.1273804,-0.51422119,1.7375183
37456,-2.0596313,-0.53131103,1.8927002
37457,-1.9566345,-0.61019897,1.7329407
37458,-1.9064331,-0.65673828,1.8356323
37459,-1.8579102,-0.94116211,1.7089844
37460,-1.8515015,-0.94680786,1.6679382
37461,-1.7826843,-0.78948975,2.0281982
37462,-1.9763184,-0.80383301,2.0251465
37463,-1.8489075,-0.71716309,2.0370483
37464,-1.733551,-0.92666626,2.0259094
37465,-1.8060303,-1.0305786,2.1459961
37466,-1.6740417,-1.1824036,2.1020508
37467,-1.6651916,-1.3499451,2.0649719
37468,-1.5631104,-1.4916992,2.1818542
37469,-1.5922546,-1.4305115,2.1142578
37470,-1.5130615,-1.4085388,2.046814
37471,-1.4868164,-1.2901306,1.7730713
37472,-1.4665222,-1.2486267,1.7497253
37473,-1.3169861,-1.4421082,1.9734192
37474,-1.2615967,-1.4599609,2.0422363
37475,-1.2654114,-1.5930176,1.7863464
37476,-1.2480164,-1.5837097,1.9433594
37477,-1.2487793,-1.746521,1.8247986
37478,-1.0450745,-1.7056274,1.7889404
37479,-1.1212158,-1.8522644,1.9042969
37480,-1.1398315,-1.8037415,1.9755554
37481,-1.0110474,-1.9178772,2.1339417
37482,-1.0501099,-2.2517395,2.0040894
37483,-1.05896,-1.9631958,1.8855286
37484,-0.83236694,-1.9859314,1.9122314
37485,-0.68847656,-2.0706177,1.9252014
37486,-0.68771362,-2.0097351,1.8377686
37487,-0.60058594,-2.1025085,1.7840576
37488,-0.5531311,-2.0677185,1.7669678
37489,-0.52642822,-2.2210693,1.7880249
37490,-0.47592163,-2.2564697,1.7407227
37491,-0.51757813,-2.3757935,1.7260742
37492,-0.40359497,-2.1598816,1.6680908
37493,-0.2923584,-2.3646545,1.5756226
37494,-0.22262573,-2.2776794,1.6934204
37495,-0.20217895,-2.2567749,1.5353394
37496,-0.25482178,-2.191925,1.7477417
37497,-0.003356934,-2.3649597,1.736908
37498,0.018005371,-2.3764038,1.5118408
37499,-0.019836426,-2.4971008,1.5570068
37500,0.057373047,-2.3649597,1.5292358
37501,0.16296387,-2.3294067,1.5493774
37502,0.29678345,-2.3361206,1.4903259
37503,0.37460327,-2.3318481,1.3964844
37504,0.40039063,-2.4531555,1.2548828
37505,0.47546387,-2.4389648,1.2440491
37506,0.53100586,-2.4499512,1.2414551
37507,0.58135986,-2.5723267,1.1367798
37508,0.4258728,-2.4684143,1.1421204
37509,0.57342529,-2.5115967,1.030426
37510,0.65567017,-2.6005554,0.87631226
37511,0.65826416,-2.6048279,0.75439453
37512,0.6137085,-2.429657,0.8001709
37513,0.67855835,-2.5231934,0.57907104
37514,0.86669922,-2.3336792,0.71289063
37515,0.74234009,-2.2764587,0.74691772
37516,0.83557129,-2.3616028,0.64285278
37517,0.84701538,-2.2819519,0.63613892
37518,0.94406128,-2.2293091,0.6098938
37519,0.90454102,-2.2692871,0.4737854
37520,0.98907471,-2.1473694,0.48339844
37521,1.0035706,-2.275238,0.30288696
37522,0.90332031,-2.1859741,0.41885376
37523,0.89828491,-2.2958374,0.093231201
37524,1.156311,-2.063446,0.22232056
37525,1.194458,-2.1508789,0.2796936
37526,1.1270142,-2.1002197,0.04196167
37527,1.2519836,-2.0982361,0.16479492
37528,1.2190247,-2.1937561,0.048065186
37529,1.2507629,-2.1577454,0.052947998
37530,1.1956787,-1.9250488,-0.12634277
37531,1.3523865,-1.7834473,-0.15380859
37532,1.2866211,-1.8025208,-0.19012451
37533,1.3699341,-1.8206787,-0.33004761
37534,1.3304138,-1.7922974,-0.2230835
37535,1.2675476,-1.7828369,-0.27740478
37536,1.4433289,-1.6618347,-0.52047729
37537,1.4149475,-1.6444397,-0.48156738
37538,1.4064026,-1.6995239,-0.54244995
37539,1.4193726,-1.582489,-0.55755615
37540,1.4561462,-1.4416504,-0.69564819
37541,1.3285828,-1.4468384,-0.69396973
37542,1.3540649,-1.3934326,-0.77224731
37543,1.4653015,-1.3752747,-0.8972168
37544,1.4205933,-1.2348938,-1.0154724
37545,1.5005493,-1.2097168,-1.0389709
37546,1.3656616,-0.93139648,-0.95703125
37547,1.3920593,-0.89172363,-1.0993958
37548,1.3606262,-0.70602417,-0.76705933
37549,1.2844849,-0.82672119,-1.048584
37550,1.3896179,-0.73394775,-1.0939026
37551,1.2123108,-0.85922241,-1.0725403
37552,1.2449646,-0.73959351,-1.2207031
37553,1.2971497,-0.72235107,-1.1901855
37554,1.2831116,-0.65582275,-1.2110901
37555,1.3128662,-0.59082031,-1.1849976
37556,1.2780762,-0.55053711,-1.2068176
37557,1.1105347,-0.39962769,-1.2101746
37558,1.031189,-0.36407471,-1.2129211
37559,0.99319458,-0.2734375,-1.2289429
37560,1.0375977,-0.14343262,-1.3980103
37561,1.0415649,-0.068664551,-1.2837219
37562,0.9602356,-0.26916504,-1.4181519
37563,0.79315185,-0.2180481,-1.2591553
37564,0.86273193,-0.11993408,-1.4346313
37565,0.91140747,-0.55984497,-1.5625
37566,0.56015015,-0.72082519,-1.2350464
37567,0.62438965,-0.26916504,-1.4266968
37568,0.62896728,0.29388428,-1.5557861
37569,0.64498901,0.36331177,-1.6691589
37570,0.67047119,0.33782959,-1.5945435
37571,0.63568115,0.30258179,-1.5063477
37572,0.50857544,0.29907227,-1.4335632
37573,0.46630859,0.44616699,-1.3870239
37574,0.4586792,0.46447754,-1.3748169
37575,0.41412353,0.39031982,-1.6539001
37576,0.42572022,0.59158325,-1.448822
37577,0.30838013,0.73348999,-1.6079712
37578,0.23010254,0.83862305,-1.3816834
37579,0.11306763,0.73745728,-1.3641357
37580,0.019378662,0.96984863,-1.3513184
37581,0.15701294,0.79833984,-1.3598633
37582,0.095367432,0.88043213,-1.2750244
37583,-0.042114258,0.77911377,-1.3079834
37584,-0.10787964,0.71868897,-1.3885498
37585,-0.21087647,0.90270996,-1.3209534
37586,-0.22399902,0.98953247,-1.2187195
37587,-0.14099121,0.98876953,-1.370697
37588,-0.27069092,1.0881042,-1.2527466
37589,-0.34957886,0.98999023,-1.3249207
37590,-0.43502808,1.2232971,-1.1434937
37591,-0.58349609,1.3977051,-1.0931396
37592,-0.71243286,1.4141846,-1.1346436
37593,-0.70999146,1.2619019,-1.078949
37594,-0.76751709,1.1357117,-1.1755371
37595,-0.7220459,1.2356567,-0.93597412
37596,-0.74523926,1.1950684,-0.93215942
37597,-0.84014893,1.2565613,-0.98129272
37598,-1.0136414,1.3496399,-0.94802856
37599,-0.92895508,1.2333679,-0.79147339
37600,-1.061554,1.4115906,-0.81558228
37601,-1.1486816,1.2466431,-0.75775147
37602,-1.2127686,1.2954712,-0.65933228
37603,-1.2353516,1.3827515,-0.68511963
37604,-1.2487793,1.491394,-0.5078125
37605,-1.2757874,1.5223694,-0.65887451
37606,-1.254425,1.4654541,-0.67749023
37607,-1.3150024,1.4099121,-0.59036255
37608,-1.362915,1.4616394,-0.50445557
37609,-1.504364,1.4047241,-0.44570923
37610,-1.5594482,1.3641357,-0.27999878
37611,-1.5666199,1.4483643,-0.28366089
37612,-1.6604614,1.399231,-0.34301758
37613,-1.5670776,1.4953613,-0.25390625
37614,-1.5948486,1.4794922,-0.18127441
37615,-1.6575623,1.4620972,-0.048217773
37616,-1.812439,1.4070129,-0.000610352
37617,-1.8307495,1.3632202,-0.041046143
37618,-1.9258118,1.4266968,0.086517334
37619,-1.9429016,1.3648987,0.19454956
37620,-1.9450378,1.3813782,0.3237915
37621,-1.9064331,1.2918091,0.35705566
37622,-1.9876099,1.3012695,0.3994751
37623,-1.9966125,1.2783813,0.45501709
37624,-2.0111084,1.1714172,0.46173096
37625,-2.1411133,1.0426331,0.62026978
37626,-2.1183777,1.1135864,0.60241699
37627,-2.1641541,0.96343994,0.51376343
37628,-2.2381592,1.0798645,0.60974121
37629,-2.2341919,0.80490112,0.78216553
37630,-2.1987915,0.85952759,0.69976807
37631,-2.2166443,0.83984375,0.82763672
37632,-2.1774292,0.81863403,0.8190918
37633,-2.1495056,0.76507568,0.86196899
37634,-2.2138977,0.71914673,0.87036133
37635,-2.2306824,0.75408935,0.85479736
37636,-2.119751,0.57052612,0.80856323
37637,-2.3339844,0.56976318,1.0621643
37638,-2.0899963,0.54412842,1.1323547
37639,-2.1598816,0.42312622,1.3195801
37640,-1.988678,0.43548584,1.252594
37641,-2.1652222,0.41290283,1.2214661
37642,-2.151947,0.22628784,1.2818909
37643,-2.0962524,0.39093018,1.204834
37644,-2.0948792,0.26443481,1.5103149
37645,-2.1057129,-0.072937012,1.5110779
37646,-2.2795105,0.079040527,1.5480041
37647,-2.1908569,-0.036010742,1.4956665
37648,-2.0979309,0.058898926,1.5997314
37649,-2.2424316,-0.15838623,1.5917969
37650,-2.1638489,-0.044250488,1.6340637
37651,-1.9874573,-0.26947022,1.5634155
37652,-2.1124268,-0.27191162,1.6668701
37653,-2.011261,-0.20690918,1.5231323
37654,-2.0455933,-0.29479981,1.7303467
37655,-1.9042969,-0.45623779,1.6964722
37656,-2.098999,-0.49499512,1.6912842
37657,-1.9941711,-0.4649353,1.6850281
37658,-1.8930054,-0.69946289,1.8305969
37659,-1.8992615,-0.78796387,1.8310547
37660,-1.8435669,-0.80108643,1.4654541
37661,-1.6958618,-0.83374023,1.9302368
37662,-1.9223022,-0.7673645,1.854248
37663,-1.6790771,-0.88256836,1.9670105
37664,-1.8121338,-1.0453796,1.7388916
37665,-1.6696167,-1.3790894,1.632843
37666,-1.7390442,-1.231842,1.6833496
37667,-1.6992188,-1.2469482,1.7318726
37668,-1.4758301,-1.1972046,1.8803406
37669,-1.583252,-1.2965393,1.9342041
37670,-1.4434814,-1.3528442,2.0687866
37671,-1.4823914,-1.3381958,1.9226074
37672,-1.5222168,-1.5257263,2.1218872
37673,-1.5161133,-1.4082336,2.0016479
37674,-1.4556885,-1.5917969,1.8843079
37675,-1.2011719,-1.706543,1.7803955
37676,-1.3265991,-1.9148254,1.9595337
37677,-1.2435913,-1.7228699,1.8338013
37678,-1.0617065,-1.7933655,1.9393921
37679,-1.1222839,-1.7971802,2.0491028
37680,-0.97213745,-1.721344,2.208252
37681,-0.94116211,-1.7523193,1.9296265
37682,-0.91674805,-1.7941284,1.8275452
37683,-0.79376221,-1.8469238,1.9329834
37684,-0.70068359,-1.8453979,1.8183899
37685,-0.7144165,-1.8547058,1.8209839
37686,-0.56991577,-1.9958496,1.7977905
37687,-0.55755615,-1.9612122,1.6903687
37688,-0.53451538,-2.1380615,1.618042
37689,-0.44494629,-2.1533203,1.6540527
37690,-0.39382935,-2.1138,1.7321777
37691,-0.42404175,-2.1644592,1.6583252
37692,-0.34057617,-2.117157,1.6456604
37693,-0.4032898,-2.0385742,1.6708374
37694,-0.28015137,-2.0545959,1.5429688
37695,-0.1322937,-2.2259521,1.541748
37696,-0.031433105,-2.3170471,1.5704346
37697,-0.24658203,-2.4116516,1.4813232
37698,-0.28182983,-2.4591064,1.3896179
37699,0.006103516,-2.3242188,1.3905334
37700,-0.001068115,-2.3730469,1.4651489
37701,0.2192688,-2.2215271,1.3052368
37702,0.18280029,-2.1704102,1.1235046
37703,0.13717651,-2.2732544,1.1062622
37704,0.33462524,-2.3477173,1.0250854
37705,0.38589478,-2.2702026,0.98526001
37706,0.3894043,-2.2648621,0.96374512
37707,0.48934936,-2.2735596,1.0058594
37708,0.45700073,-2.1505737,0.96908569
37709,0.58349609,-2.4099731,0.99395752
37710,0.50582886,-2.2212219,0.95886231
37711,0.6652832,-2.3548889,0.82290649
37712,0.64270019,-2.1894836,0.61279297
37713,0.81481934,-2.1429443,0.63400269
37714,0.82397461,-2.2169495,0.53787231
37715,0.83450317,-2.3477173,0.51818848
37716,0.74295044,-2.2134399,0.4296875
37717,0.76583862,-2.3051453,0.36315918
37718,0.71990967,-2.1862793,0.33432007
37719,0.86120606,-2.0294189,0.28137207
37720,0.81741333,-2.1192932,0.20172119
37721,1.0244751,-1.9947815,0.17913818
37722,1.1653137,-1.9773865,0.25009155
37723,1.118927,-2.0788574,-0.055389404
37724,1.1587524,-1.9577026,0.010681152
37725,1.027832,-2.0005798,0.038299561
37726,1.1120605,-2.0552063,0.059204102
37727,1.0806274,-1.9767761,0.053863525
37728,1.1923218,-1.9007874,0.18356323
37729,1.2704468,-1.9549561,-0.13671875
37730,1.1245728,-1.9845581,-0.23345947
37731,1.1653137,-1.7749023,-0.31738281
37732,1.2364197,-1.608429,-0.42022705
37733,1.37146,-1.5136719,-0.34790039
37734,1.1593628,-1.5551758,-0.58990478
37735,1.2007141,-1.5618896,-0.54611206
37736,1.1056519,-1.4802551,-0.5480957
37737,1.1172485,-1.6259766,-0.32958984
37738,1.2147522,-1.5873718,-0.62316894
37739,1.1485291,-1.2567139,-0.52597046
37740,1.1907959,-1.2908936,-0.6413269
37741,1.1257935,-1.1604309,-0.59570313
37742,1.1572266,-1.2103271,-0.6022644
37743,1.1985779,-1.2730408,-0.69732666
37744,1.2915039,-1.1357117,-0.67764282
37745,1.108551,-0.91461182,-1.0522461
37746,1.2593079,-0.97137451,-0.98175049
37747,1.2219238,-0.99304199,-0.98449707
37748,1.0717773,-0.79177856,-1.0722351
37749,1.242981,-0.75714111,-0.58929443
37750,1.1053467,-0.73822022,-1.0081482
37751,1.0786438,-0.68222046,-0.98648071
37752,1.1712646,-0.54931641,-1.0118103
37753,1.0203552,-0.57128906,-0.97381592
37754,1.1096191,-0.48538208,-1.0243225
37755,1.0334778,-0.53726196,-1.0688782
37756,1.0308838,-0.55160522,-0.99945068
37757,0.97930908,-0.41687012,-1.0987854
37758,0.95169067,-0.30197144,-1.098938
37759,0.98983765,-0.25024414,-1.1566162
37760,0.97900391,-0.14022827,-1.0702515
37761,0.80551147,-0.17120361,-1.2576294
37762,0.71899414,-0.21362305,-1.2242126
37763,0.7723999,-0.11764526,-1.1128235
37764,0.70953369,-0.036773682,-1.3748169
37765,0.62698364,-1.1253357,-1.1917114
37766,0.42388916,-1.153717,-1.7575073
37767,0.53390503,-0.44372559,-1.4257813
37768,0.53192139,-0.031280518,-1.3438416
37769,0.48171997,0.13900757,-1.1436462
37770,0.38208008,0.22750855,-1.0980225
37771,0.38299561,0.3112793,-1.2817383
37772,0.30532837,0.39703369,-1.282959
37773,0.27740478,0.26824951,-1.2773132
37774,0.12161255,0.36987305,-1.2010193
37775,0.24414063,0.34912109,-1.217041
37776,0.094909668,0.36071777,-1.3122559
37777,-0.08026123,0.50064087,-1.2753296
37778,0.000610352,0.63720703,-1.3110352
37779,-0.079956055,0.63034058,-1.2825012
37780,-0.12359619,0.75332642,-1.3757324
37781,-0.20141602,0.88012695,-1.2861633
37782,-0.20858765,0.78186035,-1.0179138
37783,-0.23971558,0.9413147,-1.1541748
37784,-0.26000977,0.8833313,-1.0508728
37785,-0.27053833,0.86578369,-1.1416626
37786,-0.39489746,0.9173584,-1.1047363
37787,-0.25970459,1.0148621,-1.0414124
37788,-0.56289673,1.061554,-0.93765259
37789,-0.59295654,1.0552979,-0.98937988
37790,-0.69610596,1.2501526,-0.94467163
37791,-0.76507568,1.0777283,-0.93673706
37792,-0.69274902,1.1254883,-1.0046387
37793,-0.74813843,1.0916138,-0.84167481
37794,-0.75119019,1.2019348,-0.86151123
37795,-0.93948364,1.2287903,-0.75195313
37796,-0.88287353,1.2440491,-0.82427978
37797,-0.92514038,1.3537598,-0.70068359
37798,-0.99899292,1.3491821,-0.67901611
37799,-1.0543823,1.1468506,-0.5166626
37800,-1.0934448,1.1550903,-0.50598144
37801,-1.1328125,1.2168884,-0.48248291
37802,-1.1749268,1.1758423,-0.42388916
37803,-1.2142944,1.1804199,-0.35385132
37804,-1.31073,1.1631775,-0.2494812
37805,-1.3575745,1.1251831,-0.35140991
37806,-1.3746643,1.0127258,-0.56396484
37807,-1.3642883,1.2458801,-0.36056519
37808,-1.4289856,1.1608887,-0.26901245
37809,-1.4494324,1.28479,-0.25436401
37810,-1.5240479,1.2016296,-0.2645874
37811,-1.5646362,1.2023926,0.038146973
37812,-1.5681458,1.0848999,0.000610352
37813,-1.5690613,1.098175,0.009307861
37814,-1.7611694,1.1480713,-0.25695801
37815,-1.7028809,1.1135864,0.2861023
37816,-1.7160034,1.1039734,0.10513306
37817,-1.7372131,1.0308838,0.25970459
37818,-1.7863464,0.96115112,0.1965332
37819,-1.7420959,0.94863892,0.31921387
37820,-1.7510986,0.86181641,0.33843994
37821,-1.7958069,1.0122681,0.45166016
37822,-1.9929504,0.94360352,0.44448853
37823,-2.0097351,0.86929321,0.51971435
37824,-1.8704224,0.88272095,0.57189941
37825,-1.8484497,0.79376221,0.61645508
37826,-1.9197083,0.85144043,0.58166504
37827,-1.9540405,0.8114624,0.62988281
37828,-2.0452881,0.8833313,0.85571289
37829,-1.8835449,0.8354187,0.91796875
37830,-1.953125,0.68435669,0.93170166
37831,-2.0417786,0.66162109,0.9992981
37832,-2.0799255,0.51971435,0.99517822
37833,-2.1632385,0.4699707,1.0719299
37834,-2.0773315,0.40008545,0.85296631
37835,-2.0422363,0.45471191,1.12854
37836,-1.9377136,0.42572022,1.1380005
37837,-2.0574951,0.30059814,0.94070435
37838,-1.9059753,0.27114868,1.1303711
37839,-1.9790649,0.20950317,1.0720825
37840,-1.9416809,0.049438477,1.1857605
37841,-1.9558716,-0.1550293,1.1688232
37842,-2.0489502,-0.12893677,1.2710571
37843,-1.8733215,-0.034637451,1.4422607
37844,-2.000885,-0.072479248,1.394043
37845,-2.0724487,-0.22460938,1.3728333
37846,-1.9233704,-0.22018433,1.2846375
37847,-1.9506836,-0.22384644,1.3600159
37848,-1.8809509,-0.33172607,1.4614868
37849,-1.9477844,-0.27191162,1.5841675
37850,-1.9137573,-0.3453064,1.5023804
37851,-1.857605,-0.58746338,1.7060852
37852,-1.7495728,-0.43136597,1.4485168
37853,-1.6096497,-0.75592041,1.6687012
37854,-1.7108154,-0.60256958,1.6830444
37855,-1.8971252,-0.76278687,1.7851257
37856,-1.8232727,-0.86914063,1.6784668
37857,-1.8881226,-0.97015381,1.7756653
37858,-1.6873169,-1.0350037,1.8190002
37859,-1.6911316,-0.75683594,1.8992615
37860,-1.6162109,-0.97793579,1.8972778
37861,-1.5983582,-0.99716187,1.7835999
37862,-1.5032959,-1.0093689,1.6186523
37863,-1.4874268,-1.0049438,1.7492676
37864,-1.3987732,-1.2779236,1.5612793
37865,-1.6281128,-1.3893127,1.6079712
37866,-1.5310669,-1.4497375,1.6842651
37867,-1.3691711,-1.4344788,1.8014526
37868,-1.338501,-1.4625549,1.733551
37869,-1.2023926,-1.59729,1.7483521
37870,-1.1730957,-1.4971924,1.7904663
37871,-1.0971069,-1.4904785,1.6693115
37872,-1.0235596,-1.4672852,1.9311523
37873,-1.1178589,-1.4886475,1.9064331
37874,-0.90087891,-1.5612793,1.9177246
37875,-0.80749512,-1.6604614,1.9393921
37876,-0.75317383,-1.8136597,1.7758179
37877,-0.62011719,-1.8757629,1.7382813
37878,-0.57785034,-1.8989563,1.6397095
37879,-0.69671631,-1.9281006,1.6566467
37880,-0.70602417,-1.8537903,1.769104
37881,-0.55999756,-2.0185852,1.6937256
37882,-0.55480957,-1.9429016,1.5782166
37883,-0.48782349,-1.9139099,1.7248535
37884,-0.47332764,-1.8656921,1.7738342
37885,-0.34790039,-1.9198608,1.7501831
37886,-0.35263061,-1.8966675,1.7121887
37887,-0.287323,-1.9058228,1.6023254
37888,-0.1512146,-2.0884705,1.5591431
37889,-0.20721435,-2.1934509,1.5460205
37890,-0.25573731,-2.0527649,1.4637756
37891,-0.16418457,-2.1957397,1.3339233
37892,-0.12298584,-1.9949341,1.3153076
37893,0.09765625,-2.0359802,1.3357544
37894,0.1322937,-2.0555115,1.2139893
37895,0.25894165,-2.1304321,1.3294983
37896,0.2381897,-2.2413635,1.2619019
37897,0.2571106,-2.1975708,1.2756348
37898,0.38604736,-2.244873,1.2055969
37899,0.36712647,-2.1670532,1.2257385
37900,0.42877197,-2.1458435,1.1233521
37901,0.50552368,-2.1569824,1.0780334
37902,0.54122925,-2.2714233,1.035614
37903,0.52978516,-2.3303223,0.99121094
37904,0.47088623,-2.2384644,0.88302612
37905,0.57281494,-2.1401978,0.80551147
37906,0.55969238,-2.0623779,0.83770752
37907,0.56213379,-2.190094,0.68557739
37908,0.78094482,-2.1492004,0.58105469
37909,0.81878662,-2.1755981,0.63018799
37910,0.77087402,-2.2158813,0.52322388
37911,0.92681885,-2.0471191,0.45974731
37912,0.73150635,-1.9216919,0.47683716
37913,0.77529907,-1.8951416,0.41824341
37914,0.81253052,-1.8933105,0.2998352
37915,0.89172363,-2.041626,0.16357422
37916,0.79208374,-2.1264648,0.29495239
37917,0.93383789,-2.1383667,0.27252197
37918,0.93811035,-1.7570496,0.15304565
37919,0.96191406,-1.1088562,0.14572144
37920,1.0090637,-1.4167786,0.011444092
37921,0.98312378,-0.96206665,-0.13183594
37922,1.214447,-1.2913513,-0.015563965
37923,1.0894775,-0.83984375,-0.12924194
37924,1.0516357,-1.2112427,-0.077667236
37925,1.0610962,-1.6413879,-0.10498047
37926,1.1381531,-1.7605591,-0.19515991
37927,1.081543,-1.559906,-0.19302368
37928,1.0675049,-1.6603088,-0.24353027
37929,1.1367798,-1.6850281,-0.21850586
37930,1.0696411,-1.6056824,-0.3137207
37931,1.1529541,-1.5995789,-0.3918457
37932,1.322937,-1.5516663,-0.46478272
37933,1.1825562,-1.5255737,-0.49407959
37934,1.1653137,-1.3121033,-0.37811279
37935,1.0922241,-1.3592529,-0.56671143
37936,1.0910034,-1.3970947,-0.61431885
37937,1.0919189,-1.1381531,-0.66879272
37938,1.0238647,-1.204071,-0.79376221
37939,1.0273743,-1.0183716,-0.92346191
37940,0.98297119,-0.94848633,-0.84869385
37941,1.0493469,-0.93688965,-0.73486328
37942,0.9765625,-0.88287353,-0.76400757
37943,1.0009766,-0.8203125,-0.82489014
37944,1.1151123,-0.91293335,-0.97824097
37945,0.91262817,-0.8833313,-1.2887573
37946,0.84960938,-0.74157715,-1.1450195
37947,0.84686279,-0.63140869,-0.94909668
37948,0.83572388,-0.52856445,-0.90499878
37949,0.93765259,-0.61218262,-0.97305298
37950,1.0400391,-0.37368774,-0.95504761
37951,0.90713501,-0.045471191,-1.0864258
37952,0.85372925,0.68603516,-1.0377502
37953,0.82962036,1.030426,-1.144104
37954,0.72235107,0.94238281,-1.2669373
37955,0.65444946,1.2376404,-1.2730408
37956,0.67153931,1.1956787,-1.3818359
37957,0.70419312,1.2521362,-1.3415527
37958,0.70678711,1.3153076,-1.4404297
37959,0.52352905,1.089325,-1.2832642
37960,0.41763306,0.35430908,-1.2515259
37961,0.41305542,-0.021820068,-1.2663269
37962,0.55496216,0.21759033,-1.1990356
37963,0.46585083,0.32669067,-1.1965942
37964,0.27236939,0.37628174,-1.4031982
37965,0.28625488,0.5241394,-1.3183594
37966,0.28594971,0.60852051,-1.4044189
37967,0.34851074,0.65063477,-1.2332153
37968,0.10986328,0.55419922,-1.1026001
37969,0.098419189,0.60531616,-1.28479
37970,0.14678955,0.71411133,-1.1300659
37971,0.21636963,0.6048584,-1.2220764
37972,0.055847168,0.73806763,-1.156311
37973,-0.093536377,0.70755005,-1.2025452
37974,-0.20080566,0.79742432,-1.1068726
37975,-0.24353027,0.88195801,-1.0327148
37976,-0.17990112,0.8493042,-1.1654663
37977,-0.2671814,1.1499023,-1.21521
37978,-0.30349731,2.0037842,-1.0298157
37979,-0.36758423,2.3661804,-1.0946655
37980,-0.64041138,2.4389648,-1.0365295
37981,-0.59127808,1.6438293,-1.0894775
37982,-0.5154419,1.2857056,-0.99411011
37983,-0.6401062,0.94177246,-1.0864258
37984,-0.57617188,1.0995483,-0.93673706
37985,-0.65536499,0.92956543,-0.78903198
37986,-0.85205078,0.79696655,-0.84243774
37987,-0.93597412,0.98144531,-0.75637817
37988,-0.97167969,1.2924194,-0.84182739
37989,-1.0145569,1.1555481,-0.74859619
37990,-0.96252441,1.3838196,-0.68328857
37991,-1.0374451,1.4028931,-0.55664063
37992,-1.1698914,1.7105103,-0.56549072
37993,-1.1949158,2.3638916,-0.52398682
37994,-1.078949,2.611084,-0.47775269
37995,-1.179657,2.5376892,-0.4624939
37996,-1.2394714,2.2328186,-0.4423523
37997,-1.3156128,1.2414551,-0.37414551
37998,-1.4067078,1.2289429,-0.26947022
37999,-1.4338684,1.224823,-0.32287598
38000,-1.4289856,1.2484741,-0.19866943
38001,-1.4675903,1.2136841,-0.16113281
38002,-1.4736938,0.85586548,-0.31982422
38003,-1.5202332,1.0218811,-0.21362305
38004,-1.5838623,1.2054443,-0.000457764
38005,-1.7445374,0.98510742,0.06652832
38006,-1.6537476,1.0591125,0.065917969
38007,-1.7559814,1.1073303,-0.048370361
38008,-1.6355896,1.1557007,0.093078613
38009,-1.7900085,1.1315918,0.07019043
38010,-1.7861938,1.1611938,0.35079956
38011,-1.81427,1.0791016,0.23864746
38012,-1.8896484,1.043396,0.28198242
38013,-1.8557739,0.88119507,0.23147583
38014,-1.8685913,0.95184326,0.4258728
38015,-2.0433044,0.8631897,0.62713623
38016,-1.8902588,0.71594238,0.55633545
38017,-1.980896,0.6564331,0.77484131
38018,-1.9595337,0.5140686,0.67352295
38019,-2.0251465,0.56228638,0.67840576
38020,-2.0451355,0.71899414,0.67962647
38021,-2.1051025,0.39016724,0.78643799
38022,-1.9755554,0.25161743,0.79238892
38023,-1.8997192,0.32226563,0.87371826
38024,-2.0417786,0.35919189,0.85266113
38025,-2.2395325,0.25421143,0.85037231
38026,-1.9711304,0.29571533,0.97930908
38027,-2.063446,0.17166138,1.0720825
38028,-2.2015381,0.38131714,1.1210632
38029,-2.2393799,0.3352356,1.1386108
38030,-2.2572327,0.20507813,0.94787598
38031,-2.1528625,0.21011353,1.0231018
38032,-2.0817566,0.20050049,1.3183594
38033,-2.1612549,0.090942383,1.3900757
38034,-2.0791626,0.074768066,1.3571167
38035,-2.1269226,0.040893555,1.3574219
38036,-2.1548462,0.15167236,1.459198
38037,-2.0420837,-0.057373047,1.4459229
38038,-2.0935059,-0.05859375,1.5136719
38039,-2.0477295,-0.14328003,1.6079712
38040,-2.064209,-0.27633667,1.5991211
38041,-1.9770813,-0.34500122,1.7791748
38042,-1.9721985,-0.3427124,1.522522
38043,-1.8884277,-0.65765381,1.8609619
38044,-1.7909241,-0.73181152,1.7651367
38045,-1.7703247,-1.0830688,1.7373657
38046,-1.7453003,-0.9854126,1.7553711
38047,-1.9335938,-1.0617065,1.7160034
38048,-1.7420959,-1.3122559,1.8125916
38049,-1.9537354,-1.5248108,1.8450928
38050,-1.84021,-1.640625,1.9256592
38051,-1.685791,-1.2431335,1.9445801
38052,-1.7123413,-1.7344666,1.8226624
38053,-1.7819214,-1.3552856,1.6760254
38054,-1.5826416,-1.8273926,1.9285584
38055,-1.6427612,-1.7295837,1.8284607
38056,-1.6136169,-1.8692017,1.9345093
38057,-1.6752625,-1.8972778,2.0013428
38058,-1.4700317,-1.9343567,1.9128418
38059,-1.3999939,-1.8162537,2.0655823
38060,-1.388855,-1.5007019,2.1450806
38061,-1.4080811,-1.6751099,1.8833923
38062,-1.3763428,-1.7100525,1.8588257
38063,-1.6444397,-1.7726135,2.0361328
38064,-1.2832642,-1.8243408,1.9842529
38065,-1.1701965,-1.7739868,2.038269
38066,-1.0623169,-1.5711975,1.9535828
38067,-0.95062256,-1.7181396,1.9296265
38068,-0.95672607,-1.867218,1.9038391
38069,-0.99502563,-2.0146179,2.0574951
38070,-0.74050903,-2.0124817,2.0649719
38071,-0.86425781,-2.0088196,1.8637085
38072,-0.81375122,-1.8943787,1.9558716
38073,-0.6918335,-1.9882202,2.0324707
38074,-0.66116333,-2.0306396,1.9776916
38075,-0.58151245,-2.104187,1.9084167
38076,-0.62255859,-2.0343018,1.9934082
38077,-0.48721314,-2.255249,1.8095398
38078,-0.51132202,-1.9946289,1.7848206
38079,-0.41503906,-2.1522522,1.8049622
38080,-0.44082642,-2.4279785,1.7431641
38081,-0.3276062,-2.3867798,1.5325928
38082,-0.33493042,-2.3123169,1.6294861
38083,-0.22384644,-2.3852539,1.468811
38084,-0.090026855,-2.1765137,1.5829468
38085,-0.008544922,-2.2720337,1.5136719
38086,0.069580078,-2.3370361,1.4318848
38087,0.14678955,-2.4072266,1.4631653
38088,0.13870239,-2.454071,1.3677979
38089,0.1411438,-2.6156616,1.3705444
38090,0.17807007,-2.6806641,1.4599609
38091,0.29663086,-2.6184082,1.3592529
38092,0.37277222,-2.3484802,1.1857605
38093,0.33386231,-2.3904419,1.0813904
38094,0.30136108,-2.5643921,1.1077881
38095,0.43884277,-2.4153137,1.0951233
38096,0.57281494,-2.4336243,1.0115051
38097,0.54016113,-2.3425293,0.87524414
38098,0.53070068,-1.542511,1.124115
38099,0.57952881,-2.3368835,0.8114624
38100,0.62484741,-2.3440552,0.84777832
38101,0.59020996,-2.3143005,0.68984985
38102,0.66589356,-2.2702026,0.60913086
38103,0.81787109,-1.7832947,0.8656311
38104,0.81588745,-1.8431091,0.63644409
38105,0.89538574,-2.454834,0.50430298
38106,0.94787598,-2.3306274,0.49697876
38107,0.9312439,-2.3039246,0.41015625
38108,1.0186768,-2.2113037,0.36056519
38109,1.0920715,-2.2846985,0.34942627
38110,0.97045898,-2.2546387,0.26611328
38111,1.0150146,-2.4034119,0.21026611
38112,1.04599,-2.1669006,0.059509277
38113,1.0523987,-2.0979309,0.024719238
38114,1.1209106,-2.1147156,0.18875122
38115,1.1656189,-1.9979858,0.20217895
38116,1.1842346,-1.9673157,-0.059967041
38117,1.1712646,-2.0065308,-0.14724731
38118,1.240387,-2.0440674,-0.1083374
38119,1.3108826,-1.9648743,-0.23361206
38120,1.3102722,-2.2616577,-0.22033691
38121,1.2983704,-1.9213867,-0.40390015
38122,1.3545227,-1.8084717,-0.37567139
38123,1.3517761,-1.9129944,-0.43930054
38124,1.3061523,-1.6946411,-0.42114258
38125,1.3049316,-2.0471191,-0.37597656
38126,1.3113403,-1.802063,-0.50048828
38127,1.3345337,-1.6714478,-0.57067871
38128,1.3311768,-1.6056824,-0.57922363
38129,1.3931274,-1.3946533,-0.72845459
38130,1.3568115,-1.3677979,-0.75286865
38131,1.4979553,-0.8392334,-0.69274902
38132,1.2995911,-0.67855835,-0.8253479
38133,1.441803,-1.0771179,-0.7371521
38134,1.2628174,-1.0722351,-0.91217041
38135,1.2626648,-0.92590332,-1.0546875
38136,1.3179016,-0.91598511,-1.1212158
38137,1.1695862,-0.809021,-1.1376953
38138,1.000061,-0.91400147,-1.058197
38139,1.0806274,-0.8291626,-1.0227966
38140,1.0942078,-0.81787109,-1.184845
38141,1.2261963,-0.025482178,-1.1868286
38142,1.0697937,0.39733887,-1.0922241
38143,1.0852051,-0.65368652,-1.0969543
38144,1.0174561,-0.67550659,-1.3929749
38145,1.1402893,-0.54748535,-1.1949158
38146,1.0211182,-0.61721802,-1.1651611
38147,1.0028076,-0.34912109,-1.1943054
38148,0.99182129,-0.26275635,-1.2872314
38149,0.90240478,-0.23117065,-1.3227844
38150,0.84518433,-0.30578613,-1.2580872
38151,0.77178955,-0.23651123,-1.3381958
38152,0.81420898,-0.18051148,-1.5184021
38153,0.81436157,-0.5569458,-1.5238953
38154,0.71502685,-0.1159668,-1.5730286
38155,0.69335938,0.008087158,-1.4009094
38156,0.65338135,0.14968872,-1.4027405
38157,0.58837891,0.2267456,-1.5853882
38158,0.52017212,-0.014648438,-1.5104675
38159,0.38345337,0.21697998,-1.484375
38160,0.47088623,0.2734375,-1.4746094
38161,0.2935791,0.2923584,-1.4631653
38162,0.33035278,0.3326416,-1.3775635
38163,0.17791748,0.59997559,-1.3653564
38164,0.35324097,0.78552246,-1.3510132
38165,0.032653809,1.2109375,-1.4196777
38166,-0.004882813,2.0523071,-1.194458
38167,0.10986328,1.4031982,-1.3595581
38168,0.11322022,0.9866333,-1.209259
38169,-0.097198486,0.73150635,-1.3696289
38170,0.044403076,0.57907104,-1.3520813
38171,-0.1248169,0.52001953,-1.2826538
38172,-0.27084351,0.42739868,-1.424408
38173,-0.2255249,0.53710938,-1.315918
38174,-0.29708862,0.71105957,-1.3247681
38175,-0.35247803,0.90057373,-1.2561035
38176,-0.38284302,1.0070801,-1.1437988
38177,-0.5821228,1.1560059,-1.1247253
38178,-0.519104,1.2695313,-1.0488892
38179,-0.63217163,1.3012695,-1.0232544
38180,-0.71380615,1.2675476,-1.0147095
38181,-0.71212769,1.3165283,-0.86654663
38182,-0.76339722,1.305542,-0.7824707
38183,-0.9815979,1.2191772,-0.8039856
38184,-0.94345093,1.1279297,-0.89599609
38185,-0.99899292,1.2849426,-0.75790405
38186,-1.048584,1.3098145,-0.72723389
38187,-1.0922241,1.3417053,-0.69244385
38188,-1.1358643,1.2995911,-0.65826416
38189,-1.083374,1.3270569,-0.57296753
38190,-1.2387085,1.1904907,-0.53024292
38191,-1.2214661,1.2113953,-0.54641724
38192,-1.3235474,0.92712402,-0.53237915
38193,-1.2306213,1.2332153,-0.36819458
38194,-1.3708496,0.82458496,-0.49728394
38195,-1.5116882,0.96466065,-0.3616333
38196,-1.6638184,0.99273682,-0.26062012
38197,-1.655426,1.0266113,-0.048370361
38198,-1.713562,1.036377,-0.35125732
38199,-1.7034912,2.4794006,0.046386719
38200,-1.789093,1.1653137,-0.019378662
38201,-1.7591858,1.3238525,-0.033416748
38202,-1.7547607,1.2557983,0.040130615
38203,-1.8211365,1.2028503,0.084686279
38204,-1.973114,1.0978699,0.19638062
38205,-1.8978882,1.0473633,0.17715454
38206,-2.0561218,0.90667725,0.47088623
38207,-1.8707275,0.98449707,0.26702881
38208,-1.9651794,0.89813232,0.49163818
38209,-1.9319153,0.9854126,0.5418396
38210,-2.0492554,0.82336426,0.5531311
38211,-2.1907043,0.85021973,0.47180176
38212,-2.2157288,0.77835083,0.70358276
38213,-2.1769714,1.0354614,0.64971924
38214,-2.1476746,0.82229614,0.61523438
38215,-2.1728516,0.67977905,0.59646606
38216,-2.2027588,0.96588135,0.82565308
38217,-2.1907043,0.41595459,0.95565796
38218,-2.210083,0.77270508,0.82550049
38219,-2.2772217,0.43441772,0.89584351
38220,-2.3797607,0.20233154,0.83496094
38221,-2.3239136,0.70144653,0.97091675
38222,-2.1029663,0.61782837,1.0368347
38223,-2.0812988,-0.128479,1.1315918
38224,-2.1055603,-0.077514648,1.3145447
38225,-2.1002197,-0.39276123,1.3978577
38226,-2.1736145,-0.59875488,1.2054443
38227,-2.144928,-0.54931641,1.2149048
38228,-2.1226501,-0.31585693,1.2765503
38229,-2.2080994,-0.31188965,1.4820862
38230,-2.2395325,-0.20751953,1.4614868
38231,-2.03125,-0.14251709,1.3772583
38232,-2.15271,-0.37185669,1.3619995
38233,-2.1670532,-0.546875,1.4633179
38234,-2.1400452,-0.70846558,1.3780212
38235,-2.1609497,-0.92758179,1.6143799
38236,-2.1060181,-1.1294556,1.7512512
38237,-2.0417786,-0.99411011,1.7825317
38238,-2.0689392,-0.97747803,1.7100525
38239,-2.0785522,-0.82885742,1.631012
38240,-2.0541382,-0.82397461,1.7611694
38241,-1.8806458,-1.4276123,1.7837524
38242,-2.0820618,-0.493927,1.7056274
38243,-2.0541382,-0.69503784,2.0062256
38244,-1.9363403,-0.8366394,1.9528198
38245,-1.914978,-0.48706055,1.9348145
38246,-1.7129517,-0.96298218,1.9818115
38247,-1.7607117,-0.909729,1.9833374
38248,-1.676178,-1.075592,1.9891357
38249,-1.7662048,-1.031189,1.9657898
38250,-1.6056824,-1.0282898,2.0726013
38251,-1.7463684,-1.048584,2.0523071
38252,-1.5814209,-1.1009216,1.8844604
38253,-1.532135,-1.577301,1.9993591
38254,-1.680603,-1.2266541,2.0539856
38255,-1.4807129,-1.5512085,2.2492981
38256,-1.4364624,-2.0075989,2.166748
38257,-1.5356445,-2.3406982,2.1859741
38258,-1.2890625,-2.192688,2.1368408
38259,-1.451416,-2.2573853,1.925354
38260,-0.99731445,-2.2865295,2.0199585
38261,-1.4169312,-2.1708679,1.6093445
38262,-1.1964416,-2.3925781,2.024231
38263,-0.99502563,-2.3013306,1.7678833
38264,-0.85784912,-2.4171448,1.8838501
38265,-1.008606,-1.9317627,1.9354248
38266,-0.91659546,-2.0252991,1.8959045
38267,-0.71380615,-1.9389343,2.0118713
38268,-0.87097168,-2.0178223,1.8859863
38269,-0.59509277,-2.0965576,1.8231201
38270,-0.68191528,-2.1463013,1.968689
38271,-0.64880371,-2.013855,1.8873596
38272,-0.57525635,-2.074585,1.8873596
38273,-0.54199219,-2.0913696,1.8435669
38274,-0.5090332,-2.0407104,1.7883301
38275,-0.32348633,-2.0944214,1.7843628
38276,-0.41229248,-2.0619202,1.619873
38277,-0.34484863,-2.180481,1.5490723
38278,-0.18157959,-2.1929932,1.7755127
38279,-0.23864746,-2.2705078,1.5362549
38280,-0.08392334,-2.2267151,1.7169189
38281,-0.14404297,-2.1601868,1.5942383
38282,0.047912598,-2.2677612,1.4929199
38283,-0.004425049,-2.2265625,1.5917969
38284,0.21194458,-2.5538635,1.3639832
38285,0.17181397,-2.3898315,1.4434814
38286,0.21240234,-2.4526978,1.3955688
38287,0.26535034,-2.4441528,1.3195801
38288,0.25817871,-2.4061584,1.2190247
38289,0.32119751,-2.3522949,1.2277222
38290,0.37567139,-2.2999573,1.1650085
38291,0.41519165,-2.263031,1.0565186
38292,0.52505493,-2.3956299,1.0333252
38293,0.6312561,-2.4697876,0.97808838
38294,0.63674927,-2.5032043,0.86837769
38295,0.74371338,-2.4902344,0.85464478
38296,0.82733154,-2.5088501,0.75286865
38297,0.79833984,-2.6824951,0.73013306
38298,0.84823608,-2.6283264,0.65811157
38299,0.91842651,-2.3922729,0.73028565
38300,0.93551636,-2.3931885,0.64498901
38301,0.9803772,-2.3155212,0.52108765
38302,0.98464966,-2.2377014,0.5380249
38303,1.1030579,-2.3153687,0.50354004
38304,1.1030579,-2.2663879,0.39260864
38305,1.1602783,-2.2109985,0.35858154
38306,1.1196899,-2.2244263,0.21286011
38307,1.2997437,-2.1313477,0.17440796
38308,1.1024475,-2.142334,0.006103516
38309,1.3583374,-2.1868896,-0.057525635
38310,1.2272644,-2.1456909,0.085754395
38311,1.307373,-2.0857239,0.036621094
38312,1.3696289,-2.1556091,-0.007171631
38313,1.3484192,-2.0251465,-0.10528565
38314,1.272583,-2.0249939,0.012359619
38315,1.3659668,-2.0718384,-0.14022827
38316,1.4111328,-1.7378235,-0.091552734
38317,1.4489746,-1.7106628,-0.27175903
38318,1.3208008,-1.8130493,-0.30303955
38319,1.2023926,-1.7022705,-0.42816162
38320,1.4494324,-1.658783,-0.50201416
38321,1.3557434,-1.4241028,-0.50811768
38322,1.3024902,-1.7584229,-0.76721191
38323,1.2991333,-1.3539124,-0.63690185
38324,1.2457275,-1.4486694,-0.5847168
38325,1.1920166,-1.2660217,-0.73013306
38326,1.293335,-1.3380432,-0.63476563
38327,1.2486267,-1.4271545,-0.7774353
38328,1.3734436,-1.6555786,-0.86380005
38329,1.2562561,-1.4395142,-0.78308106
38330,1.1795044,-1.3882446,-0.81832886
38331,1.2388611,-0.8543396,-0.6930542
38332,1.2353516,-0.86425781,-1.0580444
38333,1.1935425,-0.85037231,-0.91522217
38334,1.15448,-0.79971313,-1.0562134
38335,1.1552429,-0.82275391,-0.94589233
38336,1.2052917,-0.7913208,-0.94406128
38337,1.1419678,-0.78796387,-1.0105896
38338,1.1672974,-0.71716309,-1.1286926
38339,1.1390686,-0.52947998,-1.2452698
38340,1.0734558,-0.43930054,-1.2556458
38341,0.95428467,-0.45959473,-1.2686157
38342,1.0314941,-0.43930054,-1.3624573
38343,1.0006714,-0.33233643,-1.5545654
38344,0.93582153,-0.284729,-1.3853455
38345,1.0357666,-0.14678955,-1.3623047
38346,0.85494995,-0.19805908,-1.2898254
38347,0.8039856,0.038604736,-1.4613342
38348,0.72418213,-0.067138672,-1.4176941
38349,0.73898315,-0.22705078,-0.94406128
38350,0.54473877,-0.1133728,-1.4686584
38351,0.74569702,-0.1550293,-1.4093018
38352,0.5557251,0.12695313,-1.368103
38353,0.51605225,0.17410278,-1.5193176
38354,0.55908203,0.44692993,-1.451416
38355,0.49453735,0.50033569,-1.4601135
38356,0.35949707,0.38284302,-1.5029907
38357,0.41259766,0.34240723,-1.4944458
38358,0.41015625,0.54931641,-1.4093018
38359,0.28518677,0.3944397,-1.222229
38360,0.32455444,0.60745239,-1.50177
38361,0.20874023,0.20767212,-1.3687134
38362,0.21484375,0.63766479,-1.3256836
38363,0.088500977,0.63140869,-1.3041687
38364,-0.041046143,0.69854736,-1.4102173
38365,-0.091552734,0.8605957,-1.3896179
38366,-0.033111572,1.1395264,-1.3243103
38367,-0.17562866,1.1683655,-1.2246704
38368,-0.27526856,1.0899353,-1.1595154
38369,-0.37155151,1.1538696,-1.3848877
38370,-0.31814575,1.2391663,-1.2597656
38371,-0.44525147,1.222229,-1.1575317
38372,-0.5229187,1.1068726,-1.0023499
38373,-0.50674438,1.3581848,-1.1836243
38374,-0.53268433,1.0906982,-0.93399048
38375,-0.69656372,1.1695862,-1.1065674
38376,-0.68725586,1.2210083,-1.085968
38377,-0.69946289,1.222229,-0.81985474
38378,-0.89599609,1.3342285,-1.1239624
38379,-0.76766968,1.4309692,-1.0162354
38380,-1.050415,1.3365173,-1.0005188
38381,-0.99838257,1.4131165,-1.0058594
38382,-1.0813904,1.3197327,-0.80734253
38383,-1.1509705,1.2001038,-0.95703125
38384,-1.1273193,1.2272644,-0.9185791
38385,-1.3839722,1.3182068,-0.68588257
38386,-1.1419678,1.4541626,-0.69458008
38387,-1.2532043,1.4486694,-0.62545776
38388,-1.2683105,1.4494324,-0.5166626
38389,-1.3729858,1.4648438,-0.44967651
38390,-1.2788391,1.4616394,-0.57342529
38391,-1.4961243,1.5463257,-0.42144775
38392,-1.5556335,1.350708,-0.46478272
38393,-1.4427185,1.0441589,-0.30761719
38394,-1.4978027,1.3426209,-0.10498047
38395,-1.3494873,0.58837891,-0.60119629
38396,-1.8534851,0.71350098,-0.24719238
38397,-1.934967,0.98480225,-0.18539429
38398,-1.8214416,1.4292908,-0.012207031
38399,-1.9494629,1.3905334,-0.022583008
38400,-1.7391968,1.3827515,0.056152344
38401,-1.8553162,1.3723755,0.013275146
38402,-1.8966675,1.385498,0.20355225
38403,-1.9555664,1.244812,0.33035278
38404,-2.049408,1.2646484,0.2998352
38405,-2.0043945,1.2524414,0.29342651
38406,-2.1325684,1.1375427,0.43487549
38407,-2.1176147,1.0966492,0.42999268
38408,-2.3001099,1.0122681,0.53848267
38409,-2.2341919,1.0745239,0.40725708
38410,-2.1557617,1.1715698,0.78491211
38411,-2.2612,0.97976685,0.70205688
38412,-2.270813,0.94482422,0.68664551
38413,-2.3083496,0.78781128,0.84503174
38414,-2.2714233,0.69885254,0.81787109
38415,-2.2911072,0.67520142,1.0577393
38416,-2.2683716,0.73654175,0.96786499
38417,-2.2579956,0.81054688,1.0102844
38418,-2.335968,0.69641113,1.0546875
38419,-2.4078369,0.68710327,1.0882568
38420,-2.3712158,0.63537598,1.1312866
38421,-2.0851135,0.52078247,1.2388611
38422,-2.2720337,0.63064575,1.2298584
38423,-2.2299194,0.64544678,1.4611816
38424,-2.250824,0.52642822,1.3461304
38425,-2.2755432,0.16067505,1.3320923
38426,-2.2477722,0.019226074,1.4631653
38427,-2.1211243,0.000915527,1.4250183
38428,-2.2140503,-0.22125244,1.5673828
38429,-2.2467041,0.14984131,1.5156555
38430,-2.1052551,-0.21606445,1.1621094
38431,-2.2091675,-0.30426025,1.2562561
38432,-2.0465088,-0.41564941,1.505127
38433,-2.2473145,0.02532959,1.5556335
38434,-2.1315002,-0.29769897,1.7324829
38435,-2.0993042,-0.33126831,1.650238
38436,-1.9995117,-0.45394897,1.5180969
38437,-2.1066284,-0.57556152,1.6577148
38438,-2.1366882,-0.62042236,1.8544006
38439,-2.0404053,-0.71899414,1.8055725
38440,-1.9999695,-0.76751709,1.9036865
38441,-1.9082642,-0.80856323,2.1784973
38442,-1.8644714,-0.72158813,2.1186829
38443,-1.9500732,-0.87524414,2.1044922
38444,-1.9084167,-1.1509705,2.0881653
38445,-1.8939209,-0.99868774,1.9334412
38446,-1.8960571,-1.2669373,2.12677
38447,-1.6143799,-1.3035584,2.0515442
38448,-1.6949463,-1.3058472,2.099762
38449,-1.784668,-1.2307739,2.2021484
38450,-1.6564941,-1.0978699,2.1234131
38451,-1.5325928,-1.3967896,2.13974
38452,-1.5272522,-1.5109253,2.303772
38453,-1.5673828,-1.7123413,2.1307373
38454,-1.5257263,-1.6743469,2.0574951
38455,-1.4846802,-1.673584,2.1090698
38456,-1.5486145,-1.8908691,2.0281982
38457,-1.4437866,-1.6278076,1.9395447
38458,-1.1257935,-1.9187927,2.0870972
38459,-1.0777283,-2.0899963,2.0240784
38460,-1.192627,-1.8859863,2.1011353
38461,-1.124115,-1.6548157,2.0381165
38462,-0.99945068,-1.8405151,2.2741699
38463,-0.91751099,-2.0022583,1.967926
38464,-0.78994751,-1.9969177,2.1342468
38465,-0.86029053,-1.9749451,2.0703125
38466,-0.63476563,-1.9293213,1.998291
38467,-0.74447632,-2.0361328,1.856842
38468,-0.59844971,-2.0568848,2.0108032
38469,-0.59997559,-2.1522522,2.003479
38470,-0.59661865,-2.0606995,1.9390869
38471,-0.52490234,-2.2717285,1.9398499
38472,-0.52810669,-2.2053528,1.7453003
38473,-0.47470093,-2.0370483,1.8112183
38474,-0.44570923,-2.2695923,1.7910767
38475,-0.2684021,-2.3228455,1.6815186
38476,-0.14251709,-2.4316406,1.7675781
38477,-0.12191773,-2.5883484,1.5435791
38478,-0.034790039,-2.4279785,1.5985107
38479,0.057678223,-2.4102783,1.6625977
38480,0.084381104,-2.434082,1.6769409
38481,0.1159668,-2.4319458,1.504364
38482,0.060119629,-2.3794556,1.62323
38483,0.10864258,-2.5808716,1.5237427
38484,0.34500122,-2.6226807,1.3345337
38485,0.17852783,-2.7687073,1.4498901
38486,0.50933838,-2.7113342,1.2609863
38487,0.35400391,-2.7407837,1.368103
38488,0.62057495,-2.5534058,1.2472534
38489,0.67947388,-2.5190735,1.1663818
38490,0.66864014,-2.5419617,1.0987854
38491,0.6842041,-2.5267029,1.073761
38492,0.66116333,-2.4111938,1.0018921
38493,0.56335449,-2.4716187,0.93032837
38494,0.72875977,-2.355957,0.71594238
38495,0.88012695,-2.3538208,0.62667847
38496,0.57067871,-2.4079895,0.75180054
38497,0.71899414,-2.3696899,0.67153931
38498,0.85449219,-2.4101257,0.62927246
38499,0.9614563,-2.6795959,0.72372437
38500,0.80474853,-2.4031067,0.56243897
38501,1.0162354,-2.4195862,0.53268433
38502,1.0617065,-2.3934937,0.46432495
38503,1.0929871,-2.2845459,0.43518066
38504,0.97045898,-2.1495056,0.35430908
38505,1.199646,-2.3339844,0.25177002
38506,1.0375977,-2.6092529,0.17684937
38507,1.100769,-2.5364685,0.26412964
38508,1.1849976,-2.1139526,0.19927978
38509,1.2826538,-2.210083,0.13549805
38510,1.1732483,-2.1008301,0.033874512
38511,1.2982178,-2.0988464,-0.1071167
38512,1.5063477,-2.2865295,-0.093078613
38513,1.1112976,-2.1125793,-0.27481079
38514,1.254425,-2.0695496,-0.09262085
38515,1.2896729,-2.2093201,-0.18600464
38516,1.2734985,-1.9276428,-0.36529541
38517,1.3726807,-1.7837524,-0.25787353
38518,1.4256287,-2.0562744,-0.5392456
38519,1.5002441,-1.7950439,-0.35263061
38520,1.4724731,-1.7315674,-0.5770874
38521,1.3113403,-1.5911865,-0.65689087
38522,1.4144897,-1.4767456,-0.61508179
38523,1.2763977,-1.2994385,-0.64819336
38524,1.3983154,-0.98968506,-1.0600281
38525,1.4532471,-1.3792419,-0.91918945
38526,1.2591553,-1.5286255,-0.65048218
38527,1.0287476,-1.5048218,-0.83618164
38528,1.40625,-1.7495728,-0.86730957
38529,1.2918091,-1.4904785,-0.68313599
38530,1.2580872,-0.69213867,-0.8757019
38531,1.2976074,-1.158905,-0.94680786
38532,1.3433838,-1.0394287,-0.94238281
38533,1.2388611,-0.8895874,-1.0015869
38534,1.2216187,-0.73150635,-1.1192322
38535,1.2516785,-0.75149536,-1.2387085
38536,1.1956787,-0.80657959,-1.2393188
38537,1.144104,-0.63568115,-1.2228394
38538,1.0910034,-0.54550171,-1.3244629
38539,1.0598755,-0.44403076,-1.3002014
38540,1.0638428,-0.53131103,-1.3027954
38541,1.0952759,-0.35171509,-1.5248108
38542,0.95458984,-0.41213989,-1.1846924
38543,0.94085693,-0.34912109,-1.3528442
38544,0.91140747,-0.23986816,-1.3694763
38545,0.92285156,0.012054443,-1.2962341
38546,0.89950562,-0.048065186,-1.3354492
38547,0.80947876,0.015106201,-1.3778687
38548,0.80093384,0.045318604,-1.403656
38549,0.62866211,0.05279541,-1.6853333
38550,0.77667236,0.17944336,-1.6487122
38551,0.78186035,0.26245117,-1.5644836
38552,0.68557739,0.33386231,-1.4529419
38553,0.63247681,0.23071289,-1.5129089
38554,0.43136597,0.18997192,-1.4224243
38555,0.43258667,0.38650513,-1.2802124
38556,0.45928955,0.28259277,-1.4370728
38557,0.21331787,0.45852661,-1.5341187
38558,-0.005340576,0.44052124,-1.2530518
38559,0.21408081,0.55389404,-1.3510132
38560,-0.097961426,0.54611206,-1.3008118
38561,-0.16677856,0.56152344,-1.3461304
38562,-0.007629395,0.63491821,-1.2782288
38563,0.021514893,0.58364868,-1.2945557
38564,0.10620117,0.85250854,-1.3639832
38565,-0.022888184,0.81420898,-1.2887573
38566,-0.20584106,0.987854,-1.570282
38567,-0.25985718,0.98907471,-1.5562439
38568,-0.14968872,1.1502075,-1.519165
38569,-0.15258789,1.207428,-1.335144
38570,-0.068359375,1.0350037,-1.1872864
38571,-0.33203125,1.1306763,-1.1714172
38572,-0.40939331,1.0765076,-1.2995911
38573,-0.55908203,1.1154175,-0.98907471
38574,-0.59692383,1.2263489,-0.97961426
38575,-0.78369141,1.1811829,-1.053009
38576,-0.52139282,1.2493896,-0.94726563
38577,-0.69915772,1.3026428,-1.078186
38578,-0.71517944,1.2815857,-0.91049194
38579,-0.83129883,1.2191772,-1.0528564
38580,-0.98022461,1.2213135,-0.81878662
38581,-0.88424683,1.28479,-0.78704834
38582,-1.0896301,1.3757324,-0.77987671
38583,-1.0881042,1.2976074,-0.75622559
38584,-1.1634827,1.3812256,-0.90042114
38585,-1.0552979,1.3227844,-0.62469482
38586,-1.3548279,1.2989807,-0.67810059
38587,-1.3380432,1.3749695,-0.60073853
38588,-1.3734436,1.3412476,-0.54718018
38589,-1.4294434,1.2319946,-0.40496826
38590,-1.4144897,1.0629272,-0.16601563
38591,-2.1009827,1.0568237,-0.70892334
38592,-2.0593262,1.0450745,-0.23681641
38593,-2.1206665,1.104126,-0.23666382
38594,-2.1005249,0.95367432,-0.18478394
38595,-1.8954468,1.0760498,-0.25009155
38596,-1.9270325,2.4302673,-0.071411133
38597,-1.8049622,1.3146973,-0.05859375
38598,-1.8461609,1.4286804,-0.055236816
38599,-1.7425537,1.3891602,-0.038604736
38600,-1.6912842,1.3005066,0.098724365
38601,-1.8553162,1.3778687,0.20172119
38602,-1.8490601,1.2757874,0.14404297
38603,-1.9602966,1.2870789,0.23468018
38604,-2.0024109,1.0948181,0.40527344
38605,-1.8908691,1.0174561,0.30700684
38606,-1.9096375,1.1727905,0.26412964
38607,-2.0254517,1.1608887,0.52352905
38608,-2.1243286,1.2179565,0.95291138
38609,-2.1418762,1.0171509,0.66513062
38610,-2.0655823,0.96038818,0.59570313
38611,-2.0297241,0.94543457,0.66894531
38612,-2.1994019,0.94116211,0.74310303
38613,-2.1261597,0.93276978,0.6539917
38614,-2.1891785,0.75378418,0.77392578
38615,-2.1984863,0.75897217,0.80810547
38616,-2.0610046,0.44891357,0.83618164
38617,-2.2952271,0.46035767,1.0232544
38618,-2.1878052,0.54656982,0.88623047
38619,-2.2396851,0.087127686,1.0404968
38620,-2.2854614,0.43487549,1.222229
38621,-2.2390747,0.12954712,1.1872864
38622,-2.175293,0.14251709,1.1042786
38623,-2.2361755,0.1789856,1.1442566
38624,-2.2235107,0.26153564,1.3717651
38625,-2.1391296,0.28961182,1.3847351
38626,-2.1878052,0.2444458,1.5048218
38627,-2.0843506,-0.10009766,1.5969849
38628,-2.1246338,-0.19943237,1.5310669
38629,-2.212677,-0.14144898,1.6470337
38630,-2.155304,0.01373291,1.6152954
38631,-1.9462585,-0.055236816,1.7095947
38632,-2.0762634,-0.26611328,1.8490601
38633,-2.086792,-0.062255859,1.8438721
38634,-1.8757629,-0.38040161,1.7478943
38635,-2.0469666,-0.46112061,1.7848206
38636,-1.8304443,-0.63568115,1.6896057
38637,-1.9296265,-0.59051514,1.9117737
38638,-1.8797302,-0.67764282,1.71875
38639,-2.0075989,-0.61462402,1.6571045
38640,-1.9833374,-0.70861816,1.809082
38641,-1.7407227,-0.84152222,1.8031311
38642,-1.7156982,-0.84335327,1.8745422
38643,-1.7181396,-0.95169067,1.8464661
38644,-1.8379211,-0.96466065,1.9523621
38645,-1.7669678,-1.2442017,1.9303894
38646,-1.68396,-1.0206604,1.7553711
38647,-1.6972351,-1.2469482,1.978302
38648,-1.786499,-1.3208008,2.0196533
38649,-1.5618896,-1.2014771,2.0544434
38650,-1.6496277,-1.5093994,1.8351746
38651,-1.4746094,-1.6603088,2.1347046
38652,-1.3661194,-1.6490173,1.9232178
38653,-1.4663696,-1.6937256,2.040863
38654,-1.2908936,-1.6868591,1.8565369
38655,-1.4035034,-1.4678955,1.741333
38656,-1.2199402,-1.756897,1.8634033
38657,-1.118927,-1.4884949,1.99646
38658,-1.1184692,-1.7448425,1.8823242
38659,-0.98312378,-1.5287781,1.9889832
38660,-1.0075378,-1.7004395,1.8397522
38661,-0.95046997,-2.1398926,1.8971252
38662,-1.0520935,-1.8536377,1.82724
38663,-0.81100464,-1.9676209,2.0072937
38664,-0.99395752,-1.9506836,1.9136047
38665,-0.75592041,-2.0545959,1.6847229
38666,-0.63858032,-2.1899414,1.7662048
38667,-0.6867981,-2.0571899,1.8928528
38668,-0.70770264,-2.0469666,1.7765808
38669,-0.64834595,-2.109375,1.7268372
38670,-0.47576904,-2.0462036,1.7736816
38671,-0.33248901,-2.0664978,1.8185425
38672,-0.31860352,-2.3355103,1.698761
38673,-0.22232056,-2.2459412,1.4006042
38674,-0.30227661,-2.2892761,1.6427612
38675,-0.21636963,-2.2410583,1.61026
38676,-0.15380859,-2.1447754,1.5393066
38677,-0.15579224,-2.0794678,1.4862061
38678,-0.033111572,-2.1881104,1.3577271
38679,0.051269531,-2.1592712,1.4860535
38680,0.10009766,-2.2547913,1.4706421
38681,0.080108643,-2.3609924,1.4624023
38682,0.11001587,-2.3977661,1.2724304
38683,0.19424438,-2.3497009,1.2362671
38684,0.25848389,-2.2993469,1.2567139
38685,0.31707764,-2.2862244,1.0574341
38686,0.32913208,-2.3495483,1.1759949
38687,0.43151856,-2.4206543,1.0275269
38688,0.30899048,-2.4557495,1.1030579
38689,0.43823242,-2.2257996,0.96679688
38690,0.40969849,-2.1466064,0.99060059
38691,0.50369263,-2.275238,0.79696655
38692,0.5859375,-2.1232605,0.68557739
38693,0.49362183,-2.1308899,0.60592651
38694,0.80444336,-2.1749878,0.62362671
38695,0.77270508,-2.20047,0.62683106
38696,0.72021484,-2.1098328,0.74066162
38697,0.82244873,-2.1624756,0.63858032
38698,0.703125,-2.0555115,0.66238403
38699,0.79788208,-2.0626831,0.61477661
38700,0.93276978,-2.0678711,0.3779602
38701,0.8279419,-2.0466614,0.40115356
38702,0.87249756,-2.195282,0.31280518
38703,0.97930908,-2.0271301,0.3187561
38704,0.98464966,-2.1411133,0.26824951
38705,1.0974121,-2.0547485,0.22796631
38706,1.0906982,-2.0141602,0.12161255
38707,1.1630249,-2.1017456,0.10757446
38708,1.1729431,-2.0521545,0.12008667
38709,1.1088562,-2.0306396,0.043945313
38710,1.0626221,-2.0317078,-0.039672852
38711,1.3439941,-1.8441772,-0.033416748
38712,1.1489868,-1.7289734,-0.13824463
38713,1.036377,-1.7630005,-0.16403198
38714,1.2220764,-1.6696167,-0.32455444
38715,1.1352539,-1.6786194,-0.31692505
38716,1.2113953,-1.5795898,-0.58410644
38717,1.2400818,-1.6094971,-0.37200928
38718,1.1450195,-1.4141846,-0.58929443
38719,1.053772,-1.381073,-0.61584473
38720,1.2184143,-1.5364075,-0.74813843
38721,1.1767578,-1.4477539,-0.73425293
38722,1.2043762,-1.4331055,-0.71029663
38723,1.1564636,-1.6207886,-0.71258545
38724,1.0650635,-1.1430359,-0.74371338
38725,0.98815918,-1.1209106,-0.79589844
38726,1.0916138,-0.97579956,-0.76416016
38727,0.93139648,-1.0783386,-0.82199097
38728,1.0098267,-0.7699585,-0.98052978
38729,1.1044312,-0.95230103,-0.79803467
38730,0.97900391,-0.78109741,-0.9185791
38731,0.96099853,-0.86959839,-0.99609375
38732,1.0157776,-0.6262207,-1.0452271
38733,1.1170959,-0.67810059,-0.99441528
38734,1.0913086,-0.64300537,-1.0908508
38735,1.0719299,-0.5696106,-1.169281
38736,0.90011597,-0.58609009,-0.97808838
38737,0.97198486,-0.39840698,-1.0510254
38738,0.94436646,-0.34194946,-1.1776733
38739,0.89691162,-0.27435303,-1.4805603
38740,0.98220825,-0.25161743,-1.1782837
38741,0.89477539,-0.22537231,-1.1212158
38742,0.83267212,-0.2734375,-1.2811279
38743,0.67672729,-0.20004273,-1.2179565
38744,0.73074341,-0.032653809,-1.21521
38745,0.8895874,-0.094604492,-1.2271118
38746,0.057678223,-0.33615112,-1.5328979
38747,-0.18325806,-0.016784668,-1.5855408
38748,0.29830933,0.065917969,-1.3835144
38749,0.34194946,0.20111084,-1.0623169
38750,0.40008545,0.23910523,-1.2963867
38751,0.35232544,0.40252686,-1.2297058
38752,0.25970459,0.28106689,-1.2664795
38753,0.3515625,0.37963867,-1.3973999
38754,0.3036499,0.43640137,-1.2811279
38755,0.20477295,0.43609619,-1.3171387
38756,0.24475098,0.47119141,-1.3771057
38757,0.090942383,0.60699463,-1.3305664
38758,0.16326904,0.54763794,-1.217041
38759,-0.007019043,0.64758301,-1.3235474
38760,-0.13290405,0.78155518,-1.1450195
38761,-0.06439209,0.7585144,-1.0572815
38762,-0.17166138,0.74768066,-1.2054443
38763,-0.27954102,0.96557617,-1.1592102
38764,-0.24520874,1.0102844,-1.1195374
38765,-0.51254272,0.99975586,-1.2460327
38766,-0.31478882,0.97167969,-1.1242676
38767,-0.65963745,1.0990906,-1.1001587
38768,-0.43533325,1.0220337,-1.1129761
38769,-0.29144287,1.0415649,-1.0923767
38770,-0.53604126,0.96435547,-1.0984802
38771,-0.51071167,1.1079407,-1.0458374
38772,-0.60379028,1.0183716,-1.0961914
38773,-0.62438965,1.1016846,-1.1630249
38774,-0.73303223,1.1697388,-0.93811035
38775,-0.83465576,1.1740112,-0.92651367
38776,-0.83129883,1.1508179,-0.84960938
38777,-0.89050293,1.1903381,-0.84960938
38778,-1.0488892,1.2428284,-0.75164795
38779,-0.93841553,1.1312866,-0.67184448
38780,-0.97488403,1.2005615,-0.60501099
38781,-1.1283875,1.1100769,-0.50033569
38782,-1.2280273,1.0353088,-0.4133606
38783,-1.1070251,1.1192322,-0.50140381
38784,-1.3006592,1.1372375,-0.38879394
38785,-1.3572693,1.105957,-0.26351929
38786,-1.342926,1.0212708,-0.28778076
38787,-1.7346191,0.72235107,-0.45501709
38788,-1.2579346,0.76309204,-0.23849487
38789,-1.4286804,0.95108032,-0.24230957
38790,-1.4822388,0.79589844,-0.044555664
38791,-1.5066528,1.1489868,-0.10940552
38792,-1.6758728,1.1746216,0.007171631
38793,-1.6671753,1.0661316,-0.057525635
38794,-1.6011047,1.1946106,0.039825439
38795,-1.6647339,1.2051392,0.30578613
38796,-1.6610718,1.0801697,0.088195801
38797,-1.7436218,1.1299133,0.17700195
38798,-1.5899658,1.0929871,0.27374268
38799,-1.7887878,1.0774231,0.30960083
38800,-1.77948,1.0418701,0.25817871
38801,-1.7999268,1.0253906,0.46218872
38802,-1.9110107,1.1102295,0.49484253
38803,-1.8721008,1.0186768,0.53741455
38804,-1.8365479,1.0298157,0.45211792
38805,-2.0960999,0.8203125,0.63323975
38806,-1.9628906,0.79605103,0.68115234
38807,-1.902771,0.71304321,0.57418823
38808,-2.0884705,0.6086731,0.83206177
38809,-1.9517517,0.66162109,0.81451416
38810,-2.1134949,0.56488037,0.84259033
38811,-2.0201111,0.55938721,0.84289551
38812,-1.9641113,0.51712036,0.78384399
38813,-2.1238708,0.55328369,0.90011597
38814,-2.0306396,0.50720215,1.0449219
38815,-2.1090698,0.49667358,1.0443115
38816,-2.0803833,0.52215576,1.0137939
38817,-2.0481873,0.26031494,1.1930847
38818,-2.0957947,0.27496338,1.2695313
38819,-1.8989563,0.31341553,1.1726379
38820,-1.9750977,-0.051269531,1.2480164
38821,-1.9384766,-0.013427734,1.2026978
38822,-1.9885254,-0.11947632,1.4125061
38823,-1.9467163,0.131073,1.4111328
38824,-1.9903564,0.11688232,1.3224792
38825,-1.9842529,0.015106201,1.4839172
38826,-1.9523621,0.007781982,1.366272
38827,-1.8885803,-0.17089844,1.5325928
38828,-1.9519043,-0.2861023,1.5931702
38829,-1.960907,-0.33157349,1.4620972
38830,-1.7921448,-0.40420532,1.6940308
38831,-1.8261719,-0.59051514,1.587677
38832,-1.8444824,-0.57922363,1.6841125
38833,-1.7312622,-0.73516846,1.7456055
38834,-1.7277527,-0.68817139,1.6758728
38835,-1.7375183,-0.88134766,1.5414429
38836,-1.6572571,-0.81115723,1.8161011
38837,-1.8203735,-0.85571289,1.7100525
38838,-1.6110229,-0.9916687,1.746521
38839,-1.7208862,-1.1077881,1.8511963
38840,-1.6499329,-1.2339783,1.9216919
38841,-1.5220642,-1.3600159,1.6888428
38842,-1.5847778,-1.2223816,1.8891907
38843,-1.4512634,-1.0256958,1.7855835
38844,-1.6021729,-1.1564636,1.7993164
38845,-1.567688,-1.2739563,1.7948914
38846,-1.4738464,-1.3560486,1.9020081
38847,-1.4007568,-1.2530518,1.9549561
38848,-1.361084,-1.2158203,1.9377136
38849,-1.4372253,-1.5934753,1.9555664
38850,-1.4282227,-1.47995,1.8838501
38851,-1.2521362,-1.5814209,1.9264221
38852,-1.1351013,-1.5742493,1.8475342
38853,-1.0678101,-1.7823791,1.998291
38854,-0.95123291,-1.678009,1.7288208
38855,-0.97198486,-1.7985535,1.8331909
38856,-1.0931396,-1.6755676,1.7718506
38857,-0.92819214,-1.5615845,1.8383789
38858,-0.77148438,-1.7375183,1.8034363
38859,-0.74783325,-2.0643616,1.7648315
38860,-0.77331543,-1.9126892,1.5405273
38861,-0.66513062,-1.9773865,1.6448975
38862,-0.60409546,-2.0378113,1.7451477
38863,-0.46401978,-2.008667,1.8469238
38864,-0.49835205,-2.1733093,1.6110229
38865,-0.42694092,-2.1000671,1.6598511
38866,-0.32180786,-2.0640564,1.6674805
38867,-0.33279419,-2.1669006,1.5997314
38868,-0.3388977,-2.081604,1.6435242
38869,-0.27633667,-2.1351624,1.6668701
38870,-0.21774292,-2.1652222,1.6744995
38871,-0.14480591,-2.2531128,1.5115356
38872,-0.097808838,-2.1838379,1.4822388
38873,-0.068054199,-2.3350525,1.3468933
38874,-0.059967041,-2.2982788,1.3717651
38875,0.099945068,-2.3561096,1.3787842
38876,0.18554688,-2.0574951,1.348877
38877,0.081634521,-2.1138,1.2715149
38878,0.18997192,-2.2337341,1.2928772
38879,0.19165039,-2.2637939,1.1299133
38880,0.23223877,-2.303772,1.1299133
38881,0.28305054,-2.4751282,1.0774231
38882,0.34667969,-2.1836853,1.0958862
38883,0.4284668,-2.2363281,0.89859009
38884,0.54443359,-2.2970581,0.78796387
38885,0.49468994,-2.3127747,0.81939697
38886,0.46615601,-2.1205139,0.80352783
38887,0.58380127,-2.2169495,0.73822022
38888,0.71411133,-2.2575378,0.70159912
38889,0.80718994,-2.1572876,0.71502685
38890,0.84396362,-2.3094177,0.48309326
38891,0.69824219,-2.2297668,0.66619873
38892,0.85388184,-2.2602844,0.52047729
38893,0.84350586,-2.1754456,0.4460144
38894,0.88668823,-2.0991516,0.30395508
38895,1.0357666,-2.0419312,0.34011841
38896,0.89065552,-2.2238159,0.40557861
38897,0.94970703,-2.0524597,0.31204224
38898,1.1972046,-2.015686,0.26824951
38899,0.9375,-1.9865417,0.33996582
38900,0.96588135,-1.9519043,0.23071289
38901,1.2275696,-1.9192505,0.14770508
38902,1.2669373,-1.9065857,0.094299316
38903,1.1186218,-1.8572998,-0.17669678
38904,1.1834717,-1.7694092,-0.11444092
38905,1.2106323,-1.7053223,-0.17684937
38906,1.1540222,-1.6589355,-0.22827148
38907,1.1593628,-1.6470337,-0.24810791
38908,1.2158203,-1.6674805,-0.29724121
38909,1.1730957,-1.6398621,-0.28869629
38910,1.2890625,-1.554718,-0.19287109
38911,1.0952759,-1.5299988,-0.21820068
38912,1.0240173,-1.5283203,-0.29724121
38913,1.1373901,-1.522522,-0.5178833
38914,1.0897827,-1.3342285,-0.5921936
38915,1.2796021,-1.295166,-0.69091797
38916,1.1700439,-1.4028931,-0.52551269
38917,1.1096191,-1.4619446,-0.66055298
38918,1.1170959,-1.2106323,-0.70205688
38919,1.0708618,-1.1993408,-0.62454224
38920,1.0597229,-1.1323547,-0.88500977
38921,1.072998,-1.0739136,-0.91842651
38922,1.0195923,-1.0861206,-0.80047607
38923,1.1576843,-1.0241699,-0.8682251
38924,0.89950562,-0.84396362,-0.88623047
38925,0.96221924,-0.99472046,-0.92849731
38926,0.9928894,-0.8543396,-0.91613769
38927,1.0473633,-0.76950073,-1.1198425
38928,0.96633911,-0.59417725,-0.8694458
38929,1.0467529,-0.66635132,-1.0522461
38930,1.0580444,-0.4095459,-1.1387634
38931,0.96008301,-0.34469605,-1.0021973
38932,0.84625244,-0.1210022,-1.1395264
38933,0.86074829,-0.18859863,-1.3200378
38934,0.75057983,-0.25314331,-1.2971497
38935,0.82199097,-0.2355957,-1.3110352
38936,0.81008911,-0.14724731,-1.2637329
38937,0.80566406,-0.1260376,-1.4349365
38938,0.70983887,-0.16311645,-1.4852905
38939,0.53619385,0.14541626,-1.3995361
38940,0.76263428,-0.036621094,-1.3897705
38941,0.58853149,0.024414063,-1.1801147
38942,0.42190552,0.128479,-1.109314
38943,0.53359985,0.034790039,-1.1988831
38944,0.36911011,0.21621704,-1.1164856
38945,0.34042358,0.13305664,-1.2765503
38946,0.35385132,0.26504517,-1.2799072
38947,0.23284912,0.27648926,-1.3816834
38948,0.27587891,0.3515625,-1.2988281
38949,0.25756836,0.41137695,-1.1506653
38950,0.21179199,0.5430603,-1.2825012
38951,-0.037078857,0.52658081,-1.401062
38952,0.19515991,0.64102173,-1.1019897
38953,0.0050354,0.74142456,-1.2986755
38954,0.17990112,0.83374023,-1.2663269
38955,-0.1361084,0.83236694,-1.2112427
38956,-0.28579712,0.64727783,-1.0162354
38957,-0.18600464,0.78674316,-1.081543
38958,-0.41366577,0.84503174,-1.0118103
38959,-0.44815064,0.91903687,-0.97702026
38960,-0.37643433,1.0762024,-1.1122131
38961,-0.41290283,1.0469055,-1.0623169
38962,-0.46234131,1.1340332,-1.0209656
38963,-0.50369263,1.1558533,-1.0047913
38964,-0.61676025,1.1308289,-0.95520019
38965,-0.69656372,1.184082,-0.91705322
38966,-0.78826904,1.138916,-0.90637207
38967,-0.75134277,1.1325073,-0.67092896
38968,-0.80474853,1.1837769,-0.76568603
38969,-0.94985962,1.2384033,-0.68328857
38970,-1.053772,1.3069153,-0.67138672
38971,-0.90164185,1.2776184,-0.63217163
38972,-1.0652161,1.2968445,-0.68664551
38973,-1.1148071,1.2741089,-0.59814453
38974,-0.88439941,1.2313843,-0.55938721
38975,-1.2390137,1.1549377,-0.66116333
38976,-1.245575,1.1650085,-0.54702759
38977,-1.3421631,1.3143921,-0.43441772
38978,-1.3925171,1.2651062,-0.50430298
38979,-1.4508057,1.2695313,-0.45730591
38980,-1.4183044,1.1724854,-0.38787842
38981,-1.4778137,1.0629272,-0.22216797
38982,-1.5698242,1.1697388,-0.078735352
38983,-1.940918,0.9854126,-0.33996582
38984,-1.914978,1.0147095,-0.073547363
38985,-1.7695618,1.0475159,0.067596436
38986,-1.7160034,1.0949707,0.13809204
38987,-1.7747498,1.1593628,0.17211914
38988,-1.8000793,1.055603,0.087890625
38989,-1.7124939,1.1590576,0.19302368
38990,-1.8353271,1.1613464,0.25161743
38991,-1.8345642,0.93078613,0.18432617
38992,-1.6622925,0.82214356,0.35827637
38993,-1.8156433,1.3095093,0.30166626
38994,-1.9450378,1.0076904,0.39459228
38995,-1.8000793,1.1474609,0.44692993
38996,-1.9970703,1.0609436,0.50170898
38997,-1.9447327,1.0954285,0.48034668
38998,-2.0326233,0.95626831,0.51803589
38999,-1.9822693,0.91827393,0.49911499
39000,-2.0413208,0.84350586,0.4989624
39001,-2.0132446,0.8253479,0.85479736
39002,-2.0472717,0.75393677,0.67962647
39003,-2.0800781,0.65917969,0.54016113
39004,-2.0088196,0.77850342,0.88058472
39005,-2.1224976,0.55053711,1.0502625
39006,-2.0625305,0.67474365,0.98510742
39007,-2.1151733,0.67352295,1.030426
39008,-2.2114563,0.69458008,1.013031
39009,-2.3023987,0.33081055,0.93887329
39010,-2.1516418,0.33157349,1.138916
39011,-2.0903015,0.39886475,1.1380005
39012,-2.1838379,0.26779175,1.308136
39013,-2.2514343,0.084381104,1.2266541
39014,-2.2280884,0.11367798,1.3183594
39015,-2.015686,0.049285889,1.2753296
39016,-1.9841003,0.13946533,1.3970947
39017,-2.0019531,0.066680908,1.4746094
39018,-1.9831848,0.036010742,1.3717651
39019,-2.0840454,-0.15426636,1.4497375
39020,-1.975708,-0.42953491,1.5783691
39021,-1.9781494,-0.29510498,1.5249634
39022,-1.8457031,-0.29113769,1.6693115
39023,-1.9917297,-0.43304443,1.4697266
39024,-1.9659424,-0.51437378,1.6586304
39025,-1.9340515,-0.59112549,1.7300415
39026,-1.9232178,-0.67306519,1.6938782
39027,-1.9335938,-0.75119019,1.6499329
39028,-1.9046021,-0.77590942,1.6247559
39029,-1.8331909,-0.82763672,1.6967773
39030,-1.6990662,-0.74279785,1.8615723
39031,-1.7909241,-0.83068848,1.852417
39032,-1.7950439,-0.88806152,1.90979
39033,-1.749115,-1.0400391,1.7971802
39034,-1.5681458,-1.0520935,1.8196106
39035,-1.6358948,-1.0795593,1.8424988
39036,-1.5986633,-1.1676025,1.7375183
39037,-1.6947937,-1.0768127,1.9009399
39038,-1.6215515,-1.4779663,1.8293762
39039,-1.4523315,-1.5690613,1.9841003
39040,-1.5274048,-1.5348816,1.9238281
39041,-1.3891602,-1.4089966,1.9680786
39042,-1.2969971,-1.4064026,1.9377136
39043,-1.4640808,-1.4994812,1.9485474
39044,-1.1274719,-1.388092,2.0057678
39045,-1.2187195,-1.6812134,2.0457458
39046,-1.1885071,-1.7054749,1.8980408
39047,-1.023407,-1.627655,2.0420837
39048,-1.0136414,-1.884613,1.8138123
39049,-0.96099853,-1.9236755,1.6133118
39050,-0.91369629,-1.9895935,1.9093323
39051,-0.9513855,-1.9801331,1.9436646
39052,-0.84701538,-1.8756104,1.9889832
39053,-0.80993652,-1.8643188,1.987915
39054,-0.72052002,-2.0343018,1.9471741
39055,-0.66574097,-2.0285034,1.9502258
39056,-0.52276611,-1.8910217,1.8702698
39057,-0.43823242,-2.0098877,1.8385315
39058,-0.5241394,-2.0913696,1.9067383
39059,-0.4309082,-1.9236755,1.7886353
39060,-0.39169311,-1.8682861,1.776123
39061,-0.39871216,-2.1948242,1.7082214
39062,-0.18005371,-2.2607422,1.7456055
39063,-0.17715454,-2.3362732,1.697998
39064,-0.21087647,-2.2264099,1.7675781
39065,-0.22369385,-2.3873901,1.8041992
39066,-0.028991699,-2.3364258,1.4379883
39067,0.061798096,-2.2573853,1.5159607
39068,0.09552002,-2.1789551,1.4500427
39069,-0.00289917,-2.4711609,1.3764954
39070,0.12680054,-2.3638916,1.1746216
39071,0.17440796,-2.3353577,1.3485718
39072,0.26138306,-2.3010254,1.2443542
39073,0.28945923,-2.3522949,1.0473633
39074,0.53405762,-2.2238159,1.1074829
39075,0.40405273,-2.2415161,1.0783386
39076,0.39031982,-2.2424316,0.88378906
39077,0.47454834,-2.2071838,0.94284058
39078,0.44250488,-2.2865295,0.78430176
39079,0.6880188,-2.2007751,0.89263916
39080,0.70343018,-2.207489,0.84899902
39081,0.650177,-2.326355,0.88729858
39082,0.69396973,-2.3893738,0.82214356
39083,0.75271606,-2.3562622,0.76705933
39084,0.78521728,-2.3904419,0.70632935
39085,0.92834473,-2.1762085,0.62072754
39086,0.89553833,-2.2138977,0.54885864
39087,0.95184326,-2.2138977,0.45166016
39088,0.94406128,-2.1916199,0.37139893
39089,1.013031,-2.1772766,0.43273926
39090,0.90957642,-2.1707153,0.1399231
39091,0.96984863,-2.1697998,0.24612427
39092,1.1203003,-2.0205688,0.16082764
39093,0.99655151,-2.1604919,0.06362915
39094,1.149292,-1.9760132,-0.025024414
39095,1.0954285,-1.7712402,0.089263916
39096,1.15448,-1.9380188,0.035247803
39097,1.2068176,-1.8795776,-0.05065918
39098,1.184082,-1.9462585,-0.092468262
39099,1.2812805,-1.8591309,-0.27877808
39100,1.4407349,-1.8513489,-0.17501831
39101,1.2364197,-1.7097473,-0.27938843
39102,1.2245178,-1.6905212,-0.1184082
39103,1.2361145,-1.7625427,-0.31585693
39104,1.3101196,-1.5621948,-0.23269653
39105,1.1611938,-1.4224243,-0.33111572
39106,1.1280823,-1.5977478,-0.47164917
39107,1.3201904,-1.4886475,-0.65093994
39108,1.2741089,-1.4007568,-0.67016602
39109,1.2312317,-1.3269043,-0.53588867
39110,1.2452698,-1.3787842,-0.57235718
39111,1.2402344,-1.2281799,-0.53161621
39112,1.2678528,-1.3363647,-0.78308106
39113,1.1737061,-1.2495422,-0.68634033
39114,1.1447144,-1.0977173,-0.7585144
39115,1.2413025,-0.94985962,-0.95199585
39116,1.0484314,-1.0690308,-0.67840576
39117,1.2306213,-0.87753296,-0.90621948
39118,1.2030029,-0.79544067,-0.94329834
39119,1.1740112,-0.65628052,-0.97976685
39120,1.0664368,-0.61935425,-0.87860107
39121,1.1286926,-0.65124512,-1.0946655
39122,1.1476135,-0.50048828,-1.1286926
39123,1.2005615,-0.521698,-1.0720825
39124,1.007843,-0.6489563,-1.3146973
39125,1.0298157,0.69168091,-1.3294983
39126,0.9916687,-0.3515625,-1.2820435
39127,0.83953857,-0.32211304,-1.2223816
39128,0.91369629,-0.2696228,-1.3676453
39129,1.0610962,-0.20431519,-1.1663818
39130,1.0758972,-0.18096924,-1.2138367
39131,0.93322754,-0.015716553,-1.3446045
39132,0.87890625,0.02746582,-1.3012695
39133,0.80657959,0.10437012,-1.365509
39134,0.23300171,-0.15808106,-1.1271667
39135,0.71411133,0.077362061,-1.5008545
39136,0.68115234,0.19943237,-1.4323425
39137,0.652771,0.36621094,-1.5487671
39138,0.47622681,0.32073975,-1.5794373
39139,0.42663574,0.22705078,-1.5623474
39140,0.34683228,0.32104492,-1.5083313
39141,0.52047729,0.41534424,-1.4631653
39142,0.32546997,0.49041748,-1.3560486
39143,0.33447266,0.63186646,-1.2199402
39144,0.26260376,0.56732178,-1.2271118
39145,0.19790649,0.59555054,-1.3284302
39146,0.1902771,0.72082519,-1.2805176
39147,0.079956055,0.81161499,-1.4299011
39148,0.087127686,0.88027954,-1.3742065
39149,-0.050048828,1.0351563,-1.4109802
39150,-0.18722534,0.94650269,-1.3653564
39151,-0.26153564,0.94299316,-1.2416077
39152,-0.29800415,0.92773438,-1.1991882
39153,-0.33508301,0.96359253,-1.2019348
39154,-0.32272339,1.2028503,-1.2626648
39155,-0.39840698,0.94070435,-1.204834
39156,-0.31723022,0.9262085,-1.0644531
39157,-0.48980713,0.9375,-1.2054443
39158,-0.35079956,1.124115,-1.2030029
39159,-0.58288574,1.1775208,-1.2376404
39160,-0.72952271,1.2361145,-1.1836243
39161,-0.80871582,1.4935303,-0.97915649
39162,-0.88821411,1.2826538,-0.91308594
39163,-0.86151123,1.2814331,-1.0723877
39164,-0.96115112,1.2016296,-0.96984863
39165,-0.98388672,1.1436462,-0.90118408
39166,-1.0443115,1.182251,-0.79788208
39167,-1.0159302,1.1895752,-0.87036133
39168,-1.1999512,1.1816406,-0.73104858
39169,-1.1904907,1.25,-0.60729981
39170,-1.2263489,1.45401,-0.70617676
39171,-1.136322,1.1955261,-0.49911499
39172,-1.3580322,1.2733459,-0.45501709
39173,-1.2672424,1.0838318,-0.34332275
39174,-1.4401245,1.2246704,-0.28076172
39175,-1.5638733,1.3633728,-0.41671753
39176,-1.4656067,1.3433838,-0.29144287
39177,-1.3671875,1.3929749,-0.19546509
39178,-1.5969849,1.229248,-0.21224976
39179,-1.580658,1.3394165,-0.18371582
39180,-1.4883423,0.86517334,-0.43685913
39181,-1.6867065,1.2365723,-0.06652832
39182,-1.7758179,1.2483215,-0.13687134
39183,-1.7724609,1.3999939,0.083618164
39184,-1.8333435,1.2930298,0.067443848
39185,-1.86203,1.1663818,0.10635376
39186,-1.8913269,1.2153625,0.23590088
39187,-1.8141174,1.4706421,0.41809082
39188,-1.9810486,1.4442444,0.19927978
39189,-1.988678,0.9135437,0.31265259
39190,-1.9995117,0.92147827,0.38970947
39191,-2.0027161,2.0181274,0.62011719
39192,-2.0252991,1.0069275,0.50201416
39193,-2.1148682,0.95169067,0.49316406
39194,-2.1313477,1.0261536,0.45410156
39195,-2.2419739,0.93078613,0.6578064
39196,-2.3054504,0.86914063,0.79589844
39197,-2.225647,0.88470459,0.79376221
39198,-2.1577454,0.72799683,0.64117432
39199,-2.2232056,0.78765869,1.0212708
39200,-2.3245239,0.71640015,1.0720825
39201,-2.2535706,0.76156616,0.91766357
39202,-2.3246765,0.7888794,0.9425354
39203,-2.3397827,0.72937012,1.2466431
39204,-2.3298645,0.54000854,1.2980652
39205,-2.1965027,0.59204102,1.2226868
39206,-2.1763611,0.59005737,1.0864258
39207,-2.1736145,0.28747559,1.4605713
39208,-2.122345,0.17410278,1.2812805
39209,-2.2743225,0.24459839,1.3961792
39210,-2.2706604,0.1953125,1.4134216
39211,-2.208252,0.14984131,1.5008545
39212,-2.1844482,-0.037841797,1.3864136
39213,-2.0527649,-0.10131836,1.6845703
39214,-2.1362305,-0.11184692,1.7260742
39215,-2.1173096,-0.26870728,1.494751
39216,-2.0840454,-0.22460938,1.6178894
39217,-1.986084,-0.40359497,1.4289856
39218,-2.1502686,-0.60852051,1.5475464
39219,-2.2370911,-0.3868103,1.7263794
39220,-2.2180176,-0.32928467,1.8678284
39221,-2.247467,-0.43212891,1.6508484
39222,-2.2398376,-0.47271728,1.7398071
39223,-2.3539734,-0.53451538,1.8551636
39224,-2.4613953,-0.74951172,1.8367004
39225,-2.2663879,-0.98190308,1.6903687
39226,-2.3478699,-0.81100464,1.7991638
39227,-2.1707153,-0.89706421,1.8054199
39228,-2.4021912,-1.0302734,1.8525696
39229,-2.1484375,-1.1277771,1.9161987
39230,-2.3365784,-1.2121582,2.0399475
39231,-2.154541,-1.2008667,2.1055603
39232,-2.1299744,-1.1460876,2.0437622
39233,-2.2836304,-1.1903381,2.0126343
39234,-1.8511963,-1.4190674,1.9842529
39235,-1.8984985,-1.3647461,2.0709229
39236,-1.9778442,-1.4575195,1.9520569
39237,-1.8293762,-1.5231323,1.9607544
39238,-1.7250061,-1.6340637,1.8505859
39239,-1.5644836,-1.6943359,1.8527222
39240,-1.4372253,-1.6046143,2.015686
39241,-1.3238525,-1.4692688,1.9047546
39242,-1.1682129,-1.6549683,2.0758057
39243,-1.1885071,-1.5213013,2.0553589
39244,-1.1177063,-1.5937805,1.8832397
39245,-1.0383606,-1.5332031,1.9473267
39246,-0.95458984,-1.6662598,1.8287659
39247,-0.95901489,-1.7602539,1.9998169
39248,-0.94650269,-1.7680359,2.1316528
39249,-0.87356567,-2.0252991,2.0826721
39250,-0.74432373,-2.0959473,2.0614624
39251,-0.81512451,-2.0700073,1.8725586
39252,-0.55282593,-2.0655823,2.0336914
39253,-0.54382324,-2.2073364,1.9088745
39254,-0.48156738,-2.2305298,1.9450378
39255,-0.49728394,-2.2900391,1.8119812
39256,-0.31402588,-2.2993469,1.8585205
39257,-0.42556763,-2.2509766,1.8017578
39258,-0.37811279,-2.3094177,1.8034363
39259,-0.2583313,-2.3924255,1.7738342
39260,-0.21820068,-2.4438477,1.7692566
39261,-0.27038574,-2.4250793,1.5499878
39262,-0.16540527,-2.4008179,1.638031
39263,-0.083770752,-2.4842834,1.4758301
39264,-0.073394775,-2.2976685,1.5254211
39265,0.04486084,-2.4057007,1.4477539
39266,0.16098023,-2.3840332,1.4990234
39267,0.092773438,-2.3599243,1.401825
39268,-0.003356934,-2.4801636,1.2585449
39269,0.21697998,-2.4562073,1.3471985
39270,0.2961731,-2.5778198,1.2231445
39271,0.35186768,-2.4676514,1.2825012
39272,0.36804199,-2.4354553,1.2083435
39273,0.37292481,-2.3747253,1.09375
39274,0.50079346,-2.2654724,0.9298706
39275,0.71746826,-2.2108459,0.98907471
39276,0.70587158,-2.2186279,0.94833374
39277,0.58914185,-2.3588562,0.84075928
39278,0.70495606,-2.298584,0.73120117
39279,0.82748413,-2.2253418,0.71350098
39280,0.89889526,-2.1435547,0.69534302
39281,1.0246277,-2.3326111,0.64880371
39282,0.93521118,-2.1923828,0.64605713
39283,0.82763672,-2.3979187,0.54077148
39284,0.9841919,-2.3719788,0.40405273
39285,1.1346436,-2.2483826,0.37719727
39286,1.1175537,-2.2520447,0.35720825
39287,0.97900391,-2.1350098,0.31265259
39288,0.88180542,-2.039032,0.17883301
39289,1.1732483,-2.0440674,0.062408447
39290,1.0662842,-2.0562744,0.18356323
39291,1.2107849,-1.8994141,0.099945068
39292,1.1549377,-2.0510864,-0.005340576
39293,1.272583,-2.0635986,-0.07019043
39294,1.2965393,-1.9396973,-0.17227173
39295,1.3407898,-1.9732666,-0.20080566
39296,1.2127686,-1.7404175,-0.16937256
39297,1.2068176,-1.914978,-0.34469605
39298,1.2329102,-1.7897034,-0.35003662
39299,1.3513184,-1.9235229,-0.38726807
39300,1.3391113,-1.7047119,-0.4927063
39301,1.4633179,-1.8118286,-0.59005737
39302,1.408844,-1.6645813,-0.40039063
39303,1.2770081,-1.395874,-0.52124023
39304,1.3441467,-1.5112305,-0.56549072
39305,1.3816834,-1.4759827,-0.6401062
39306,1.3381958,-1.3604736,-0.66009522
39307,1.4054871,-1.3764954,-0.69671631
39308,1.3363647,-1.2956238,-0.86517334
39309,1.3171387,-1.2936401,-0.84091187
39310,1.4146423,-1.1610413,-0.68618774
39311,1.4155579,-1.0243225,-0.87890625
39312,1.2658691,-0.99578857,-0.92178345
39313,1.2869263,-1.0549927,-0.72387695
39314,1.3484192,-1.0580444,-1.0015869
39315,1.2838745,-0.9475708,-1.0746765
39316,1.4233398,-0.8795166,-1.0942078
39317,1.3648987,-0.76370239,-1.1331177
39318,1.2872314,-0.76858521,-1.1943054
39319,1.2794495,-0.59463501,-1.075592
39320,1.1209106,-0.60882568,-1.1972046
39321,1.101532,-0.53253174,-1.2734985
39322,0.91720581,-0.67596435,-1.3803101
39323,0.95352173,0.88912964,-1.4530945
39324,0.91690063,-0.30059814,-1.5242004
39325,1.0061646,-0.30532837,-1.4486694
39326,1.0314941,-0.20355225,-1.3565063
39327,1.008606,-0.098724365,-1.4363098
39328,0.98175049,0.048370361,-1.5130615
39329,0.93429565,0.056915283,-1.4425659
39330,0.50338745,-0.27313232,-1.6748047
39331,0.91079712,-0.044250488,-1.5982056
39332,0.7434082,-0.002746582,-1.4953613
39333,0.68435669,0.18814087,-1.519165
39334,0.58868408,0.13961792,-1.5756226
39335,0.47637939,0.28106689,-1.0850525
39336,0.49255371,0.38452148,-1.2030029
39337,0.43228149,0.47790527,-1.3113403
39338,0.48797607,0.55831909,-1.4564514
39339,0.35400391,0.52108765,-1.497345
39340,0.24963379,0.56671143,-1.5350342
39341,0.28686523,0.72891235,-1.3067627
39342,0.1675415,0.77880859,-1.2905884
39343,0.23162842,0.63858032,-1.3363647
39344,0.26489258,0.70205688,-1.4190674
39345,-0.04989624,0.82244873,-1.6323853
39346,-0.12176514,0.75790405,-1.4299011
39347,-0.22109985,0.98800659,-1.5126038
39348,-0.1298523,0.87768555,-1.3401794
39349,-0.26931763,0.93429565,-1.2098694
39350,-0.46295166,1.1871338,-1.2390137
39351,-0.39978027,1.1393738,-1.2304688
39352,-0.25024414,1.229248,-1.2466431
39353,-0.39428711,1.1833191,-1.2294006
39354,-0.44189453,1.2583923,-1.2199402
39355,-0.43792725,1.2753296,-1.0839844
39356,-0.5065918,1.2147522,-1.1222839
39357,-0.46066284,1.2217712,-0.9928894
39358,-0.74234009,1.2037659,-0.89889526
39359,-0.68054199,1.2257385,-0.81771851
39360,-0.79925537,1.374054,-0.98358154
39361,-0.75241089,1.438446,-0.9967041
39362,-0.83496094,1.3601685,-1.0690308
39363,-0.9854126,1.2063599,-0.98831177
39364,-1.1758423,1.1631775,-0.80673218
39365,-1.3299561,1.4123535,-0.93261719
39366,-1.2280273,1.5638733,-0.73974609
39367,-1.2391663,1.4222717,-0.89569092
39368,-1.4904785,1.5007019,-0.74478149
39369,-1.2762451,1.5480041,-0.60882568
39370,-1.446991,1.373291,-0.51818848
39371,-1.3018799,1.3751221,-0.546875
39372,-1.4794922,1.5057373,-0.58425903
39373,-1.6227722,1.5307617,-0.32470703
39374,-1.5991211,1.5585327,-0.32913208
39375,-1.7326355,1.4526367,-0.28411865
39376,-1.6482544,1.1915588,-0.22796631
39377,-1.5534973,1.2322998,-0.21362305
39378,-1.7965698,1.4845276,-0.1335144
39379,-1.8571472,1.3745117,-0.031433105
39380,-1.8395996,1.3980103,0.081939697
39381,-1.9151306,1.4013672,-0.033874512
39382,-1.7951965,1.3442993,0.18966675
39383,-1.9573975,1.4006042,0.22766113
39384,-2.0254517,1.1224365,0.16174316
39385,-1.9866943,1.4044189,0.46264648
39386,-2.1690369,1.231842,0.3515625
39387,-2.0352173,1.0203552,0.43212891
39388,-2.15271,0.71807861,0.40313721
39389,-2.1981812,2.1577454,0.36209106
39390,-2.0849609,1.1322021,0.51315308
39391,-2.2447205,1.0211182,0.51513672
39392,-2.1343994,0.92346191,0.76965332
39393,-2.2297668,0.99975586,0.62927246
39394,-2.1630859,0.85617065,0.90270996
39395,-1.9815063,0.81665039,0.85220337
39396,-2.1080017,0.91812134,0.74005127
39397,-2.2418213,0.82046509,0.76278687
39398,-2.2019958,0.89904785,1.0290527
39399,-2.2743225,0.71350098,0.95733643
39400,-2.4160767,0.5708313,0.85861206
39401,-2.7825928,0.70373535,1.2335205
39402,-2.5579834,0.78308106,0.83694458
39403,-2.5672913,0.35339356,0.98114014
39404,-2.5653076,0.66207886,0.9185791
39405,-2.5785828,0.47180176,1.365509
39406,-2.5378418,0.36956787,1.46698
39407,-2.6208496,0.31799316,1.2950134
39408,-2.6182556,0.18600464,1.4044189
39409,-2.4812317,0.062255859,1.479187
39410,-2.4584961,0.089263916,1.3824463
39411,-2.4060059,0.11016846,1.5611267
39412,-2.383728,0.25054932,1.3661194
39413,-2.4078369,-0.040893555,1.5921021
39414,-2.3731995,-0.001831055,1.6897583
39415,-2.1057129,-0.16601563,1.5762329
39416,-2.1748352,-0.37811279,1.7126465
39417,-2.1858215,-0.17822266,1.5986633
39418,-2.1478271,-0.30227661,1.6723633
39419,-2.0672607,-0.43548584,1.7297363
39420,-2.1061707,-0.45211792,1.8130493
39421,-1.9818115,-0.75241089,1.8347168
39422,-1.8119812,-0.675354,1.8681335
39423,-1.9786072,-0.75485229,1.9406128
39424,-1.8978882,-0.49606323,2.0401001
39425,-2.0251465,-0.71960449,2.0491028
39426,-1.8539429,-1.0713196,1.9024658
39427,-1.9462585,-1.2033081,1.9471741
39428,-1.822052,-1.0656738,2.2366333
39429,-1.6520691,-0.91369629,1.6705322
39430,-1.6717529,-1.1738586,1.8940735
39431,-1.5908813,-1.2023926,2.0489502
39432,-1.7861938,-1.3087463,2.0535278
39433,-1.6598511,-1.4178467,2.2207642
39434,-1.8460083,-1.3827515,2.0805359
39435,-1.5412903,-1.4195251,2.2442627
39436,-2.0028687,-1.6496277,2.0994568
39437,-1.9390869,-1.4651489,2.1574402
39438,-1.3809204,-1.5184021,2.0741272
39439,-1.4697266,-1.5821838,2.1072388
39440,-1.7362976,-1.7216492,2.1273804
39441,-1.1875916,-1.7285156,1.9238281
39442,-1.1270142,-1.8440247,2.1144104
39443,-1.0267639,-1.6319275,2.1485901
39444,-0.9298706,-1.762085,2.1165466
39445,-0.96542358,-1.8916321,1.9577026
39446,-0.89706421,-1.9009399,1.9448853
39447,-0.83618164,-1.9366455,2.1157837
39448,-0.77850342,-1.8130493,2.0101929
39449,-0.86257935,-2.0906067,2.0263672
39450,-0.65109253,-2.0906067,1.9290161
39451,-0.66497803,-2.0420837,1.9067383
39452,-0.64758301,-2.1975708,1.933136
39453,-0.4486084,-2.2883606,1.8574524
39454,-0.418396,-2.1661377,1.9628906
39455,-0.29510498,-2.0344543,1.7167664
39456,-0.36865234,-2.046814,1.598053
39457,-0.29632568,-2.0669556,1.6442871
39458,-0.22094727,-2.1844482,1.7553711
39459,-0.14877319,-2.2276306,1.6552734
39460,-0.15151978,-2.2808838,1.7048645
39461,-0.043182373,-2.3495483,1.6694641
39462,-0.067749023,-2.3146057,1.4723206
39463,-0.011444092,-2.3168945,1.4959717
39464,0.067138672,-2.3449707,1.5550232
39465,0.12786865,-2.3455811,1.5187073
39466,0.17761231,-2.4977112,1.4523315
39467,0.21682739,-2.4156189,1.3453674
39468,0.35064697,-2.4908447,1.257782
39469,0.40969849,-2.4397278,1.26297
39470,0.46966553,-2.4372864,1.234436
39471,0.59112549,-2.4557495,1.1988831
39472,0.6199646,-2.5346375,1.1366272
39473,0.65231323,-2.5512695,1.0871887
39474,0.67504883,-2.5161743,1.0140991
39475,0.62301636,-2.4465942,0.94421387
39476,0.65338135,-2.4021912,0.83465576
39477,0.81390381,-2.3716736,0.75469971
39478,0.84594727,-2.3103333,0.69168091
39479,0.83312988,-2.3454285,0.66864014
39480,0.78430176,-2.3138428,0.66558838
39481,0.92041016,-2.3561096,0.50567627
39482,1.0046387,-2.2239685,0.51422119
39483,0.95123291,-2.1536255,0.44082642
39484,1.0173035,-2.076416,0.31112671
39485,1.0835266,-2.1075439,0.23971558
39486,1.1146545,-2.1852112,0.33096314
39487,1.2203979,-2.3880005,0.22415161
39488,1.0925293,-2.3242188,0.21102905
39489,1.1044312,-2.0881653,0.2986145
39490,1.2356567,-1.9760132,0.17547607
39491,1.2911987,-2.0321655,0.069580078
39492,1.2556458,-2.0124817,-0.023345947
39493,1.1923218,-2.0599365,-0.13397217
39494,1.2130737,-2.0236206,-0.007629395
39495,1.282959,-1.9190979,-0.1449585
39496,1.2869263,-1.8077087,-0.29602051
39497,1.2539673,-1.7019653,-0.24032593
39498,1.3697815,-1.8276978,-0.12359619
39499,1.3305664,-1.8785095,-0.30410767
39500,1.3372803,-1.7272949,-0.37307739
39501,1.3838196,-1.6589355,-0.47851563
39502,1.2808228,-1.5190125,-0.61447144
39503,1.305542,-1.3919067,-0.74493408
39504,1.3569641,-1.3774109,-0.68740845
39505,1.3778687,-1.3626099,-0.71044922
39506,1.3768005,-1.4364624,-0.67947388
39507,1.3262939,-1.4099121,-0.83999634
39508,1.1729431,-1.2518311,-0.82550049
39509,1.2683105,-1.2234497,-1.007843
39510,1.362915,-1.21521,-0.94970703
39511,1.2542725,-1.1853027,-0.93811035
39512,1.2055969,-1.053772,-0.9765625
39513,1.1459351,-1.0238647,-1.088562
39514,1.1151123,-1.0169983,-1.0861206
39515,1.1083984,-0.94055176,-1.096344
39516,1.1927795,-0.91720581,-1.0986328
39517,1.0794067,-0.86212158,-1.088562
39518,1.0778809,-0.73287964,-0.94543457
39519,1.0357666,-0.65338135,-1.0162354
39520,0.99761963,-0.57861328,-1.162262
39521,1.100769,-0.44998169,-1.1183166
39522,1.0772705,-0.4574585,-1.0922241
39523,0.90682983,-0.30654907,-1.1927795
39524,1.0874939,-0.31417847,-1.2060547
39525,0.81710815,-0.1902771,-1.2744141
39526,0.92941284,-0.31051636,-1.2988281
39527,0.8631897,-0.17379761,-1.2408447
39528,0.70556641,-0.023803711,-1.3647461
39529,0.38635254,-0.11611939,-1.3383484
39530,0.69366455,-0.35491943,-1.6181946
39531,0.82214356,-0.62011719,-1.7276001
39532,0.52139282,-0.059509277,-1.5524292
39533,0.44052124,0.28106689,-1.7501831
39534,0.50308228,0.47851563,-1.4009094
39535,0.46600342,0.30136108,-1.4447021
39536,0.49682617,0.48080444,-1.3835144
39537,0.28152466,0.50735474,-1.3594055
39538,0.24795532,0.57632446,-1.4245605
39539,0.11810303,0.73120117,-1.469574
39540,0.34454346,0.73059082,-1.4752197
39541,0.16326904,0.73135376,-1.4826965
39542,0.16281128,0.7069397,-1.2767029
39543,0.14251709,0.59204102,-1.2628174
39544,-0.014953613,0.89065552,-1.3484192
39545,0.002441406,0.78491211,-1.2701416
39546,-0.11505127,0.94970703,-1.3217163
39547,-0.080566406,0.96969604,-1.4828491
39548,-0.17456055,1.0333252,-1.4332581
39549,-0.13290405,1.1325073,-1.3116455
39550,-0.45562744,1.0429382,-1.3272095
39551,-0.52047729,1.2197876,-1.2715149
39552,-0.29907227,1.1906433,-1.2187195
39553,-0.51452637,1.1985779,-1.1256409
39554,-0.42739868,1.2023926,-1.2617493
39555,-0.43991089,1.1877441,-1.1686707
39556,-0.61203003,1.1460876,-0.94192505
39557,-0.54138184,1.1517334,-1.0823059
39558,-0.80291748,1.2120056,-0.97564697
39559,-0.76293945,1.3369751,-0.94085693
39560,-0.92681885,1.2466431,-0.82687378
39561,-0.87402344,0.9072876,-0.8795166
39562,-0.82580566,0.96694946,-0.79528809
39563,-0.94741821,1.1541748,-0.71212769
39564,-1.0728455,1.2704468,-0.65826416
39565,-1.0974121,1.423645,-0.58792114
39566,-1.2712097,1.5235901,-0.56060791
39567,-1.2966919,1.4978027,-0.62408447
39568,-1.325531,1.3392639,-0.67687988
39569,-1.4247131,1.2988281,-0.50949097
39570,-1.35849,1.3024902,-0.48995972
39571,-1.4819336,1.3616943,-0.365448
39572,-1.3070679,1.1315918,-0.46066284
39573,-1.7138672,0.77880859,-0.65658569
39574,-1.7947388,0.8392334,-0.30792236
39575,-1.8399048,0.95733643,-0.30944824
39576,-1.675415,1.1843872,-0.2897644
39577,-1.8041992,1.2889099,-0.10604858
39578,-1.8011475,1.2594604,0.11627197
39579,-1.8714905,1.4137268,0.040283203
39580,-1.8151855,1.3383484,0.076446533
39581,-1.8305969,1.305542,0.21209717
39582,-1.8557739,1.1965942,0.17730713
39583,-1.8862915,1.1965942,0.2029419
39584,-1.9766235,1.1494446,0.35339356
39585,-1.9506836,1.1482239,0.37780762
39586,-1.9387817,1.0829163,0.38894653
39587,-1.9334412,1.4910889,0.52551269
39588,-1.9667053,0.97946167,0.58319092
39589,-2.0228577,0.95657349,0.59555054
39590,-1.9856262,0.8682251,0.64056397
39591,-2.0167542,0.8265686,0.65063477
39592,-2.256012,0.78689575,0.7131958
39593,-2.2161865,0.79879761,0.78948975
39594,-2.2145081,0.7824707,0.74478149
39595,-2.4101257,0.79025269,0.84411621
39596,-2.3294067,0.68908691,0.86914063
39597,-2.2705078,0.59280396,0.90332031
39598,-2.2616577,0.45669556,0.94482422
39599,-2.2715759,0.47485352,1.0015869
39600,-2.0858765,0.4951477,1.0644531
39601,-2.0895386,0.49530029,1.071167
39602,-2.0703125,0.27709961,1.2486267
39603,-1.9885254,0.39764404,1.0920715
39604,-2.0794678,0.28015137,1.1154175
39605,-2.0916748,0.25558472,1.2686157
39606,-2.0541382,0.30532837,1.2045288
39607,-2.1047974,0.1663208,1.3879395
39608,-2.0774841,0.006866455,1.3369751
39609,-2.1250916,0.064544678,1.4115906
39610,-2.2348022,0.030975342,1.4920044
39611,-2.019043,-0.16265869,1.4375305
39612,-2.0930481,-0.23376465,1.7204285
39613,-2.0744324,-0.18661499,1.6908264
39614,-2.144928,-0.17028809,1.7379761
39615,-1.8998718,-0.3678894,1.7749023
39616,-2.0811462,-0.37902832,1.6061401
39617,-2.15271,-0.45471191,1.8606567
39618,-2.0532227,-0.599823,1.8321228
39619,-2.0297241,-0.61264038,1.9268799
39620,-2.2547913,-0.62545776,1.7822266
39621,-1.8380737,-0.5657959,1.8798828
39622,-1.9395447,-0.67306519,1.7396545
39623,-1.7793274,-0.75073242,1.8887329
39624,-1.9506836,-1.3937378,1.6246033
39625,-1.900177,-0.99151611,1.8270874
39626,-1.7588806,-1.1457825,1.7713928
39627,-1.5892029,-1.3432312,1.8814087
39628,-1.697998,-1.1260986,1.8922424
39629,-1.4434814,-1.1161804,1.9340515
39630,-1.6290283,-0.99807739,1.913147
39631,-1.4613342,-1.2408447,2.013855
39632,-1.4720154,-1.257782,2.0114136
39633,-1.6046143,-1.3803101,2.0149231
39634,-1.5605164,-1.4242554,1.9233704
39635,-1.3606262,-1.6390991,1.937561
39636,-1.1659241,-1.7356873,2.0213318
39637,-1.3244629,-1.50177,2.1343994
39638,-1.1439514,-1.6119385,1.9747925
39639,-0.91674805,-1.6162109,1.9418335
39640,-1.1036682,-1.8525696,1.9302368
39641,-0.93048096,-1.6555786,2.0396423
39642,-0.94009399,-1.8791199,1.8754578
39643,-0.88043213,-1.8286133,1.9839478
39644,-0.80795288,-1.9772339,1.968689
39645,-0.86578369,-1.8164063,1.8904114
39646,-0.68405151,-1.9395447,1.8537903
39647,-0.66390991,-2.0265198,1.859436
39648,-0.55206299,-2.1104431,1.8835449
39649,-0.63247681,-2.2460938,1.907959
39650,-0.48980713,-2.2167969,1.8836975
39651,-0.47012329,-1.9947815,1.9099426
39652,-0.46020508,-2.0513916,1.7933655
39653,-0.33248901,-2.1051025,1.7478943
39654,-0.27832031,-2.1264648,1.6903687
39655,-0.18218994,-2.2691345,1.6860962
39656,-0.12908935,-2.2749329,1.6549683
39657,-0.19638062,-2.3503113,1.5238953
39658,-0.060119629,-2.3551941,1.6497803
39659,-0.11581421,-2.1684265,1.4129639
39660,-0.098114014,-2.1662903,1.3525391
39661,0.007476807,-2.1240234,1.4215088
39662,0.039825439,-2.124939,1.3598633
39663,-0.001220703,-2.326355,1.3261414
39664,0.030517578,-2.1862793,1.2463379
39665,0.30822754,-2.4180603,1.1418152
39666,0.3314209,-2.4404907,1.1361694
39667,0.34362793,-2.3603821,1.0601807
39668,0.38223267,-2.2697449,1.1422729
39669,0.36087036,-2.2465515,1.0430908
39670,0.41885376,-2.2476196,1.060791
39671,0.45043945,-2.1655273,0.89538574
39672,0.54718018,-2.1188354,0.91064453
39673,0.46203613,-2.2718811,0.96557617
39674,0.59387207,-2.252655,0.86807251
39675,0.58929443,-2.2930908,0.83251953
39676,0.74142456,-2.1943665,0.75515747
39677,0.83206177,-2.1734619,0.52017212
39678,0.75866699,-2.2789001,0.48309326
39679,0.91018677,-2.2425842,0.56015015
39680,0.93200684,-2.2096252,0.42541504
39681,0.88653565,-2.2380066,0.52200317
39682,0.96084595,-2.2770691,0.48751831
39683,1.060791,-2.2537231,0.35308838
39684,1.0429382,-2.038269,0.24536133
39685,0.99609375,-2.1514893,0.22872925
39686,1.1143494,-2.0526123,0.14083862
39687,1.060791,-2.1304321,0.092926025
39688,1.1865234,-2.0672607,-0.045166016
39689,1.0377502,-1.8659973,0.052337646
39690,0.99960327,-1.9436646,-0.1133728
39691,1.1660767,-1.807251,-0.13412476
39692,1.1309814,-1.7726135,-0.21575928
39693,0.85449219,-1.8110657,-0.096130371
39694,1.0888672,-1.6856384,-0.15960693
39695,0.96511841,-1.6688538,-0.083007813
39696,1.133728,-1.6860962,-0.13839722
39697,1.1437988,-1.5878296,-0.33996582
39698,1.1929321,-1.3792419,-0.36834717
39699,1.1575317,-1.4004517,-0.44143677
39700,0.97702026,-1.5963745,-0.53314209
39701,1.1358643,-1.4733887,-0.58486938
39702,1.21521,-1.40625,-0.46859741
39703,1.1401367,-1.4865112,-0.67932129
39704,1.3049316,-1.4958191,-0.75683594
39705,1.2313843,-1.2251282,-0.79620361
39706,1.2690735,-1.1198425,-0.78857422
39707,1.0797119,-1.015625,-0.75088501
39708,1.1244202,-0.88562012,-0.97549438
39709,1.1021423,-1.0891724,-0.98388672
39710,0.99700928,-0.90270996,-1.1090088
39711,0.95275879,-0.90438843,-0.99304199
39712,1.1543274,-0.89355469,-1.0868835
39713,1.1491394,-0.91094971,-1.0374451
39714,1.0327148,-0.9513855,-1.0012817
39715,1.0617065,-0.75531006,-1.0005188
39716,1.051178,-0.82946777,-0.93383789
39717,1.0165405,-0.73867798,-1.1126709
39718,0.99182129,-0.69213867,-1.0185242
39719,0.91583252,-0.6552124,-1.2458801
39720,0.90240478,-0.34164429,-1.268158
39721,0.94451904,-0.27633667,-1.3121033
39722,0.89935303,-0.39535522,-1.3136291
39723,0.76248169,-0.14785767,-1.3412476
39724,0.87905884,-0.031280518,-1.3314819
39725,0.82229614,0.061950684,-1.3478088
39726,0.76507568,0.10467529,-1.383667
39727,0.48461914,-0.34698486,-1.5994263
39728,0.39123535,-0.49011231,-1.3919067
39729,0.44876099,-0.19226074,-1.350708
39730,0.48187256,0.1486206,-1.3092041
39731,0.5557251,0.25115967,-1.2277222
39732,0.44769287,0.24673462,-1.3186646
39733,0.36132813,0.41824341,-1.2469482
39734,0.4145813,0.30853272,-1.235199
39735,0.2456665,0.677948,-1.2260437
39736,0.26260376,0.74310303,-1.2406921
39737,0.43395996,0.64559937,-1.3206482
39738,0.22079468,0.5897522,-1.2107849
39739,0.11230469,0.675354,-1.3850403
39740,0.14007568,0.6867981,-1.275177
39741,-0.052947998,0.73120117,-1.5097046
39742,-0.006866455,0.82000732,-1.1764526
39743,-0.067749023,0.70388794,-1.1454773
39744,-0.18630981,0.89645386,-1.0897827
39745,-0.24490356,0.79666138,-1.1701965
39746,-0.33126831,0.94055176,-0.96160889
39747,-0.3465271,0.92254639,-1.0865784
39748,-0.53436279,0.96817017,-1.0221863
39749,-0.45288086,1.0369873,-1.0427856
39750,-0.38970947,1.0191345,-1.0934448
39751,-0.49468994,0.87585449,-0.92407227
39752,-0.59814453,0.97015381,-1.0089111
39753,-0.61218262,1.0670471,-1.0411072
39754,-0.66558838,1.0562134,-0.91781616
39755,-0.69976807,1.1087036,-0.95886231
39756,-0.6791687,1.178894,-0.90805054
39757,-0.86135864,1.2316895,-0.80627441
39758,-1.0040283,1.1643982,-0.77789307
39759,-0.89035034,1.0067749,-0.57846069
39760,-0.98678589,0.95336914,-0.728302
39761,-1.0227966,1.2747192,-0.81359863
39762,-1.1236572,1.114502,-0.48828125
39763,-1.0417175,1.2675476,-0.50750732
39764,-1.1332703,1.1355591,-0.31494141
39765,-1.2657166,1.1096191,-0.34194946
39766,-1.3015747,1.3243103,-0.32806397
39767,-1.441803,1.2225342,-0.4107666
39768,-1.3624573,1.1990356,-0.38925171
39769,-1.6178894,0.83740234,-0.60592651
39770,-1.4306641,0.81878662,-0.36376953
39771,-1.3368225,0.92712402,-0.20355225
39772,-1.471405,1.1094666,-0.071258545
39773,-1.5434265,1.100769,-0.092163086
39774,-1.5229797,1.2509155,-0.070037842
39775,-1.5287781,1.0839844,0.22094727
39776,-1.6925049,1.0671997,0.25726318
39777,-1.6461182,1.1373901,0.22491455
39778,-1.7176819,1.1836243,0.14709473
39779,-1.6499329,1.131897,0.25283814
39780,-1.7626953,1.0462952,0.35293579
39781,-1.8760681,1.0345459,0.38330078
39782,-1.857605,1.023407,0.37918091
39783,-1.8103027,1.0914612,0.54336548
39784,-1.9317627,1.0353088,0.46081543
39785,-1.9770813,0.85418701,0.5329895
39786,-1.9525146,0.81604004,0.5696106
39787,-2.0147705,0.98937988,0.56900024
39788,-2.0083618,1.0147095,0.74234009
39789,-1.9555664,0.82595825,0.70861816
39790,-2.0588684,0.68634033,0.64453125
39791,-1.9554138,0.75546265,0.65963745
39792,-2.1217346,0.59280396,0.76644897
39793,-2.0701599,0.73944092,0.74874878
39794,-1.9293213,0.57189941,0.92086792
39795,-2.1337891,0.4649353,0.92208862
39796,-2.1179199,0.39672852,0.83618164
39797,-1.950531,0.41549683,0.92605591
39798,-2.0637512,0.33843994,1.3819885
39799,-1.9299316,0.33615112,1.146698
39800,-2.155304,0.33050537,1.3014221
39801,-1.986084,0.30044556,1.23703
39802,-2.0558167,0.16998291,1.3067627
39803,-1.9084167,-0.090026855,1.2072754
39804,-1.9616699,0.057678223,1.3893127
39805,-1.8592834,0.040588379,1.4620972
39806,-1.8540955,-0.010375977,1.5484619
39807,-1.9433594,-0.13519287,1.4056396
39808,-1.8614197,-0.13916016,1.5155029
39809,-1.8742371,-0.30288696,1.4828491
39810,-1.9311523,-0.30700684,1.6888428
39811,-1.7405701,-0.29159546,1.65802
39812,-1.6729736,-0.30822754,1.6346741
39813,-1.730957,-0.56381226,1.6340637
39814,-1.8473816,-0.52124023,1.7773438
39815,-1.8478394,-0.6262207,1.7990112
39816,-1.8545532,-0.66619873,1.7021179
39817,-1.7486572,-0.73120117,1.5751648
39818,-1.8728638,-0.65887451,1.7831421
39819,-1.51474,-0.70266724,1.880188
39820,-1.9863892,-0.89157104,1.8359375
39821,-1.6552734,-0.91125488,1.7456055
39822,-1.8148804,-1.0342407,1.8632507
39823,-1.7022705,-1.1872864,1.8469238
39824,-1.5515137,-1.1340332,1.8859863
39825,-1.4749146,-1.1578369,1.817627
39826,-1.4183044,-1.0992432,1.7053223
39827,-1.383667,-1.1343384,1.9749451
39828,-1.4785767,-1.1753845,1.8757629
39829,-1.2051392,-1.2521362,1.8215942
39830,-1.0386658,-1.3179016,1.8664551
39831,-1.3088989,-1.3142395,1.9256592
39832,-1.267395,-1.4082336,1.8933105
39833,-1.3447571,-1.6223145,1.7366028
39834,-1.5182495,-1.6221619,1.8981934
39835,-0.99807739,-1.6125488,1.8887329
39836,-0.97946167,-1.7346191,1.9013977
39837,-1.051178,-1.7082214,1.9587708
39838,-0.96954346,-1.5110779,1.8435669
39839,-0.95870972,-1.6694641,1.7619324
39840,-0.78125,-1.7459106,1.7698669
39841,-0.73516846,-1.8702698,1.7221069
39842,-0.59936523,-1.7053223,1.8041992
39843,-0.59844971,-1.7636108,1.7634583
39844,-0.56762695,-1.8778992,1.7941284
39845,-0.54260254,-1.9303894,1.8191528
39846,-0.48248291,-1.9770813,1.7987061
39847,-0.42129517,-2.073822,1.6064453
39848,-0.39367676,-2.2003174,1.5618896
39849,-0.34423828,-2.0991516,1.6793823
39850,-0.29602051,-2.3039246,1.4910889
39851,-0.24353027,-2.2888184,1.4924622
39852,-0.23193359,-2.2424316,1.5592957
39853,-0.15350342,-2.2921753,1.4602661
39854,-0.13366699,-2.2973633,1.4279175
39855,-0.070648193,-2.2583008,1.3682556
39856,-0.040893555,-2.1174622,1.3336182
39857,0.13092041,-2.2276306,1.2863159
39858,0.06652832,-2.1899414,1.3505554
39859,0.15686035,-2.1434021,1.2072754
39860,0.12634277,-2.1466064,1.1393738
39861,0.23178101,-2.1182251,1.2875366
39862,0.3553772,-2.2219849,0.93307495
39863,0.30548096,-2.310791,0.97640991
39864,0.28442383,-2.2392273,1.0820007
39865,0.4927063,-2.3426819,0.89172363
39866,0.48950195,-2.2412109,0.93658447
39867,0.54260254,-2.1943665,0.85739136
39868,0.50201416,-2.2224426,0.72631836
39869,0.64468384,-2.2827148,0.65994263
39870,0.5355835,-2.1858215,0.66360474
39871,0.61431885,-2.2393799,0.59570313
39872,0.70007324,-2.244873,0.64498901
39873,0.69030762,-2.191925,0.5267334
39874,0.73379517,-2.0658875,0.50750732
39875,0.76309204,-2.1792603,0.30395508
39876,0.90942383,-2.2468567,0.30059814
39877,0.82122803,-2.2068787,0.38009644
39878,0.95901489,-2.2499084,0.209198
39879,1.0832214,-2.130127,0.29373169
39880,1.0874939,-1.9187927,0.30517578
39881,1.1199951,-1.8533325,0.25283814
39882,1.1314392,-1.8438721,-0.022888184
39883,1.0523987,-1.99646,0.034790039
39884,1.0469055,-1.8710327,0.003204346
39885,1.1309814,-1.7880249,-0.262146
39886,1.0929871,-1.6404724,-0.1876831
39887,1.0005188,-1.631012,-0.093688965
39888,1.0525513,-1.728363,-0.25299072
39889,1.103363,-1.5843201,-0.3427124
39890,1.0118103,-1.6712952,-0.13580322
39891,1.1383057,-1.5940857,-0.33126831
39892,1.1080933,-1.4369202,-0.34118652
39893,1.2945557,-1.3873291,-0.40222168
39894,1.1170959,-1.3500977,-0.48706055
39895,1.0498047,-1.4047241,-0.50506592
39896,1.0562134,-1.214447,-0.67810059
39897,1.1578369,-1.1981201,-0.61126709
39898,1.1813354,-1.1671448,-0.4776001
39899,1.1116028,-1.1309814,-0.56045532
39900,1.1761475,-0.96694946,-0.68008423
39901,1.0949707,-0.87707519,-0.96725464
39902,0.98526001,-0.94970703,-0.9185791
39903,0.80841065,-0.76446533,-1.0046387
39904,0.88378906,-0.7800293,-0.70236206
39905,0.94940185,-0.62591553,-0.82473755
39906,1.2020874,-0.86776733,-0.83496094
39907,1.0501099,-0.5821228,-0.97122192
39908,0.9173584,-0.7131958,-1.1129761
39909,0.98449707,-0.68099976,-0.93292236
39910,0.9463501,-0.59799194,-1.161499
39911,0.85723877,-0.47546387,-0.99395752
39912,0.83908081,-0.45654297,-0.8908081
39913,0.84838867,-0.51605225,-1.1322021
39914,0.83572388,-0.28076172,-0.99945068
39915,0.82778931,-0.27313232,-1.1642456
39916,0.82336426,-0.60897827,-1.275177
39917,0.77575684,-0.39489746,-1.2850952
39918,0.7484436,0.69274902,-1.3189697
39919,0.69152832,-0.11917114,-1.2095642
39920,0.57418823,0.052642822,-1.2019348
39921,0.51757813,-0.25436401,-1.3735962
39922,0.25466919,0.073242188,-1.3380432
39923,0.23040772,-0.11627197,-1.4489746
39924,0.34179688,0.1701355,-1.2086487
39925,0.30944824,0.21209717,-1.3493347
39926,0.45562744,0.30181885,-1.3618469
39927,0.40847778,0.38284302,-1.3145447
39928,0.33599853,0.37231445,-1.1972046
39929,0.27832031,0.48492432,-1.3337708
39930,0.19821167,0.44067383,-1.0960388
39931,0.19668579,0.36682129,-1.2471008
39932,0.10147095,0.51376343,-1.3264465
39933,-0.036621094,0.64605713,-1.1605835
39934,-0.17684937,0.65338135,-1.217041
39935,-0.088195801,0.70999146,-1.3349915
39936,-0.094604492,0.64804077,-1.0348511
39937,-0.15045166,0.70373535,-0.94848633
39938,-0.21484375,0.64483643,-0.92971802
39939,-0.25131226,0.73760986,-1.0083008
39940,-0.25207519,0.64407349,-1.1654663
39941,-0.38986206,0.82977295,-1.2263489
39942,-0.35476685,0.93505859,-1.0716248
39943,-0.47393799,0.91903687,-0.93322754
39944,-0.44540405,1.166687,-0.94970703
39945,-0.63339233,1.086731,-0.9614563
39946,-0.63659668,1.137085,-1.0664368
39947,-0.68603516,1.0403442,-0.85144043
39948,-0.88928223,1.1471558,-0.84274292
39949,-0.86807251,1.0681152,-0.6678772
39950,-0.79177856,1.1376953,-0.60699463
39951,-0.82824707,1.2426758,-0.84014893
39952,-1.0525513,1.1312866,-0.66207886
39953,-1.0142517,1.1694336,-0.56335449
39954,-1.0630798,1.1376953,-0.50598144
39955,-1.1120605,1.0961914,-0.33752441
39956,-1.3494873,1.1082459,-0.44830322
39957,-1.186676,1.0823059,-0.37414551
39958,-1.2698364,1.2568665,-0.52429199
39959,-1.3156128,1.1746216,-0.35812378
39960,-1.4068604,1.3801575,-0.41305542
39961,-1.2887573,1.3549805,-0.37567139
39962,-1.5000916,1.1740112,-0.41900635
39963,-1.4837646,1.3189697,-0.38192749
39964,-1.5068054,1.2364197,-0.10467529
39965,-1.585083,0.78842163,-0.41625977
39966,-1.6271973,1.0983276,-0.14053345
39967,-1.5858459,1.137085,0.080566406
39968,-1.5811157,1.1523438,0.105896
39969,-1.5698242,1.2747192,0.072631836
39970,-1.652832,1.1938477,0.14221191
39971,-1.6439819,1.1247253,0.26565552
39972,-1.6581726,1.1418152,0.32821655
39973,-1.8981934,1.1647034,0.39245606
39974,-1.8984985,0.99822998,0.43502808
39975,-1.8739319,0.99075317,0.35949707
39976,-1.9299316,1.0133362,0.41809082
39977,-1.8777466,1.022644,0.43579102
39978,-1.8803406,0.99777222,0.46707153
39979,-1.9300842,0.93673706,0.46508789
39980,-1.9293213,0.77636719,0.59677124
39981,-1.9467163,0.76034546,0.62469482
39982,-2.0922852,0.71105957,0.55923462
39983,-2.07901,0.49346924,0.75698853
39984,-1.9874573,1.3317871,1.0296631
39985,-2.119751,0.55664063,0.81497192
39986,-2.0585632,0.54473877,1.0800171
39987,-2.1064758,0.55297852,0.80505371
39988,-2.1315002,0.42297363,1.0671997
39989,-2.0327759,0.16448975,0.94650269
39990,-2.0687866,0.39581299,0.99700928
39991,-2.1618652,0.30258179,0.98861694
39992,-2.177887,0.36651611,1.1949158
39993,-2.2550964,0.19668579,1.3987732
39994,-2.2386169,0.2746582,1.1747742
39995,-2.3597717,0.14831543,1.4089966
39996,-2.0767212,-0.018310547,1.6191101
39997,-2.2372437,0.13275147,1.4152527
39998,-2.0632935,0.090332031,1.3569641
39999,-1.9869995,-0.10650635,1.4404297
40000,-2.3068237,-0.10940552,1.7559814
40001,-2.1151733,-0.11474609,1.5161133
40002,-1.9958496,-0.064697266,1.6043091
40003,-2.0066833,-0.30273438,1.4823914
40004,-1.8969727,-0.3112793,1.6151428
40005,-1.9799805,-0.28991699,1.7741394
40006,-1.9764709,-0.55236816,1.7312622
40007,-1.8519592,-0.52780151,1.7956543
40008,-1.8952942,-0.54382324,1.7483521
40009,-1.9825745,-0.70922852,1.5817261
40010,-1.555481,-0.62438965,1.6931152
40011,-1.7541504,-0.73913574,1.7837524
40012,-1.8214416,-0.83740234,1.7181396
40013,-1.700592,-0.95123291,1.8055725
40014,-1.7944336,-1.0253906,1.8792725
40015,-1.8386841,-1.1021423,1.8586731
40016,-1.8031311,-0.99700928,1.887207
40017,-1.7732239,-1.5640259,1.9076538
40018,-1.5591431,-1.2246704,1.8649292
40019,-1.6882324,-1.4306641,1.8392944
40020,-1.5777588,-1.3877869,1.8881226
40021,-1.5023804,-1.428833,1.9606018
40022,-1.3156128,-1.3565063,2.0201111
40023,-1.4453125,-1.4607239,1.7732239
40024,-1.4437866,-1.3742065,1.835022
40025,-1.4727783,-1.5179443,1.9087219
40026,-1.4129639,-1.5643311,1.8161011
40027,-1.2733459,-1.4500427,1.9549561
40028,-1.1967468,-1.6822815,1.7547607
40029,-1.0340881,-1.8017578,1.7552185
40030,-0.96740723,-1.8106079,1.6429138
40031,-0.94787598,-1.7419434,1.9213867
40032,-0.98495483,-1.9444275,1.9696045
40033,-0.87707519,-1.9996643,1.8493652
40034,-0.73226929,-1.8617249,1.9317627
40035,-0.61309815,-1.9467163,1.8371582
40036,-0.87982178,-1.9825745,1.8699646
40037,-0.79864502,-1.9699097,1.7427063
40038,-0.46173096,-1.9088745,1.9070435
40039,-0.57907104,-1.9107056,1.8795776
40040,-0.59829712,-1.9750977,1.7611694
40041,-0.51086426,-2.091217,1.8251038
40042,-0.42221069,-2.2702026,1.5765381
40043,-0.28121948,-2.2514343,1.6052246
40044,-0.38818359,-2.2373962,1.4064026
40045,-0.17150879,-2.2235107,1.5460205
40046,-0.13778687,-2.341156,1.4135742
40047,-0.15792847,-2.2880554,1.5261841
40048,-0.032196045,-2.2433472,1.5278625
40049,0.10467529,-2.3654175,1.4491272
40050,0.08392334,-2.4145508,1.4202881
40051,0.18203735,-2.4130249,1.4356995
40052,0.2482605,-2.3565674,1.2805176
40053,0.29144287,-2.3701477,1.2496948
40054,0.29663086,-2.4578857,1.3774109
40055,0.35400391,-2.2529602,1.2945557
40056,0.43182373,-2.2901917,1.1332703
40057,0.32409668,-2.3596191,1.0192871
40058,0.45471191,-2.2962952,0.83862305
40059,0.48934936,-2.4261475,0.98709106
40060,0.65109253,-2.358551,0.85021973
40061,0.59814453,-2.2419739,0.76477051
40062,0.62896728,-2.2436523,0.63186646
40063,0.54519653,-2.3808289,0.85342407
40064,0.6829834,-2.4383545,0.77713013
40065,0.73883057,-2.3765564,0.54000854
40066,0.80078125,-2.4055481,0.76431274
40067,0.8631897,-2.2727966,0.58990478
40068,0.88012695,-2.2906494,0.48843384
40069,0.81390381,-2.1479797,0.52520752
40070,0.92956543,-1.9799805,0.46218872
40071,0.94329834,-2.2010803,0.3074646
40072,0.97015381,-2.1472168,0.36575317
40073,1.0055542,-2.1765137,0.16647339
40074,0.94238281,-2.1214294,0.21209717
40075,1.1445618,-1.9476318,0.1940918
40076,1.0395813,-1.7887878,0.28320313
40077,1.1181641,-1.76651,0.28198242
40078,1.1747742,-1.8951416,0.10498047
40079,1.2091064,-1.9517517,-0.045318604
40080,1.219635,-1.9433594,-0.057067871
40081,1.1236572,-1.9070435,-0.25177002
40082,1.1486816,-1.7971802,-0.33386231
40083,1.1906433,-1.673584,-0.28869629
40084,1.2501526,-1.6473389,-0.37017822
40085,1.2632751,-1.6494751,-0.39321899
40086,1.2355041,-1.6833496,-0.284729
40087,1.2765503,-1.693573,-0.33218384
40088,1.2490845,-1.5168762,-0.41778564
40089,1.1636353,-1.4915466,-0.51574707
40090,1.2069702,-1.3838196,-0.57189941
40091,1.3893127,-1.3545227,-0.67840576
40092,1.3635254,-1.3793945,-0.67047119
40093,1.2203979,-1.4300537,-0.74432373
40094,1.1538696,-1.3061523,-0.69717407
40095,1.0791016,-1.2136841,-0.87554932
40096,1.1784363,-1.027832,-0.77636719
40097,1.317749,-0.97473144,-0.77636719
40098,1.3830566,-0.82885742,-1.0803223
40099,1.2611389,-0.6829834,-0.83724976
40100,1.2393188,-0.52597046,-1.0021973
40101,1.2202454,-0.62957764,-0.97213745
40102,1.0253906,-0.70220947,-0.9677124
40103,1.0020447,-0.71166992,-1.063385
40104,1.0353088,-0.69976807,-1.1103821
40105,0.96786499,-0.65994263,-1.2275696
40106,0.98449707,-0.61462402,-1.2527466
40107,1.1102295,-0.5355835,-1.2550354
40108,0.95748901,-0.49560547,-1.0993958
40109,0.90896606,-0.32806397,-1.0768127
40110,0.89996338,-0.30609131,-1.2277222
40111,0.8190918,-0.1550293,-1.1923218
40112,0.85998535,-0.20965576,-1.244812
40113,0.72692871,-0.096740723,-1.3407898
40114,0.74996948,-0.27923584,-1.4131165
40115,0.61813354,-0.46127319,-1.4399719
40116,0.67352295,0.94818115,-1.5618896
40117,0.46981811,0.013427734,-1.321106
40118,0.63217163,0.047454834,-1.3983154
40119,0.65032959,0.29876709,-1.4433289
40120,0.45471191,0.28488159,-1.2910461
40121,0.40481567,0.37567139,-1.418457
40122,0.47317505,0.4284668,-1.3667297
40123,0.38879394,0.53192139,-1.4685059
40124,0.18035889,0.521698,-1.3418579
40125,0.25680542,0.82946777,-1.3900757
40126,0.096435547,0.64468384,-1.4341736
40127,-0.1461792,0.69396973,-1.6732788
40128,0.11520386,0.74432373,-1.1711121
40129,0.032958984,0.96557617,-1.4277649
40130,-0.008850098,0.94650269,-1.2992859
40131,-0.18783569,1.0704041,-1.3505554
40132,-0.17105103,0.89141846,-1.2423706
40133,-0.14709473,0.84335327,-1.3639832
40134,-0.29632568,0.88226318,-1.3383484
40135,-0.27709961,1.0075378,-1.4129639
40136,-0.29205322,0.99899292,-1.2490845
40137,-0.38131714,1.1083984,-1.1625671
40138,-0.48217773,1.1801147,-1.1816406
40139,-0.47073364,1.1645508,-1.1134338
40140,-0.56457519,1.0879517,-1.1730957
40141,-0.68740845,1.1610413,-1.0975647
40142,-0.70968628,1.3592529,-0.96252441
40143,-0.73226929,1.3172913,-0.84976196
40144,-0.74462891,1.2641907,-0.79483032
40145,-0.7800293,1.3250732,-0.9274292
40146,-0.85845947,1.2677002,-0.84472656
40147,-0.83312988,1.2588501,-0.87707519
40148,-1.0160828,1.3911438,-0.70480347
40149,-1.0447693,1.4343262,-0.60852051
40150,-1.0713196,1.5766907,-0.64804077
40151,-1.1227417,1.3987732,-0.58456421
40152,-1.3484192,1.3301086,-0.78979492
40153,-1.434021,1.3964844,-0.62408447
40154,-1.5319824,1.3595581,-0.45394897
40155,-1.4559937,1.3484192,-0.39260864
40156,-1.5911865,1.3050842,-0.37261963
40157,-1.6075134,1.418457,-0.36911011
40158,-1.530304,1.5725708,-0.21026611
40159,-1.5888977,1.3635254,-0.28244019
40160,-1.6136169,1.2539673,-0.14450073
40161,-1.5927124,1.3383484,-0.12390137
40162,-1.7300415,1.1987305,0.005493164
40163,-1.6625977,1.2356567,-0.019683838
40164,-1.8190002,1.1325073,-0.041809082
40165,-1.8614197,1.0995483,0.11642456
40166,-1.9845581,1.3098145,0.19332886
40167,-2.0373535,1.1555481,0.23345947
40168,-1.9476318,1.2481689,0.40374756
40169,-1.9789124,1.1170959,0.15838623
40170,-1.9207764,1.178894,0.15518188
40171,-1.8060303,1.1260986,0.362854
40172,-1.9287109,1.2623596,0.3364563
40173,-1.9728088,1.1743164,0.47149658
40174,-2.0222473,1.0574341,0.5380249
40175,-2.0617676,1.0385132,0.55999756
40176,-2.1292114,1.0437012,0.7093811
40177,-2.2254944,1.1595154,0.68313599
40178,-2.1960449,0.8430481,0.73577881
40179,-2.1292114,0.89004517,0.63110352
40180,-2.0800781,0.9451294,0.84411621
40181,-2.2088623,0.39993286,0.83068848
40182,-2.2254944,1.865387,0.74707031
40183,-2.1717834,0.57983398,0.98464966
40184,-2.2175598,0.49072266,0.92086792
40185,-2.0904541,0.62423706,1.0057068
40186,-2.1047974,0.51773071,0.99731445
40187,-2.1934509,0.47836304,1.2452698
40188,-1.9790649,0.49987793,1.1039734
40189,-2.0201111,0.35629272,1.1837769
40190,-1.9458008,0.24719238,1.2712097
40191,-1.9596863,0.1789856,1.4689636
40192,-2.250061,0.10559082,1.3284302
40193,-2.2375488,0.055541992,0.99731445
40194,-2.1453857,-0.12084961,1.4291382
40195,-2.074585,0.018768311,1.579895
40196,-2.3193359,-0.25650024,1.4665222
40197,-2.0143127,-0.32989502,1.5307617
40198,-2.2218323,-0.51696777,1.4411926
40199,-1.9828796,-0.3868103,1.5292358
40200,-2.2036743,-0.32241821,1.5863037
40201,-2.0535278,-0.418396,1.6937256
40202,-2.0834351,-0.49209595,1.9166565
40203,-1.960144,-0.56152344,1.9851685
40204,-2.0503235,-0.59234619,1.7214966
40205,-1.9543457,-0.70907593,1.9207764
40206,-1.9248962,-0.75485229,1.9056702
40207,-1.9062805,-0.82992554,1.8946838
40208,-1.8309021,-0.87524414,1.8589783
40209,-1.8185425,-0.91705322,1.9296265
40210,-1.8659973,-0.94100952,2.0202637
40211,-1.8241882,-1.1360168,1.8624878
40212,-1.6465759,-1.0978699,1.9764709
40213,-1.7419434,-1.0496521,1.9374084
40214,-1.7066956,-1.2545776,1.9723511
40215,-1.685791,-1.2921143,2.2468567
40216,-1.6708374,-1.2310791,2.0199585
40217,-1.6470337,-1.6540527,1.8399048
40218,-1.7277527,-1.3781738,1.9656372
40219,-1.4109802,-1.370697,2.010498
40220,-1.4572144,-1.4758301,1.9340515
40221,-1.3214111,-1.4938354,1.9245911
40222,-1.355896,-1.6592407,1.8563843
40223,-1.3876343,-1.6383362,1.8405151
40224,-1.2710571,-1.5959167,2.0013428
40225,-1.1485291,-2.0697021,1.993866
40226,-1.2072754,-1.9767761,1.8742371
40227,-1.0986328,-1.803894,2.0741272
40228,-1.0054016,-1.9815063,2.1162415
40229,-0.99411011,-2.0082092,2.0352173
40230,-0.95031738,-2.0661926,2.0452881
40231,-0.87249756,-1.9068909,1.8389893
40232,-0.71105957,-1.967926,2.0121765
40233,-0.77331543,-2.0875549,1.8804932
40234,-0.59616089,-2.2213745,1.867981
40235,-0.58273315,-2.2393799,2.0327759
40236,-0.54626465,-2.2616577,1.8157959
40237,-0.36834717,-2.2509766,1.7687988
40238,-0.36331177,-2.2232056,1.7663574
40239,-0.23895264,-2.2314453,1.8121338
40240,-0.2255249,-2.3747253,1.5950012
40241,-0.14450073,-2.3204041,1.6720581
40242,-0.1361084,-2.1728516,1.8101501
40243,-0.12451172,-2.419281,1.7286682
40244,-0.027618408,-2.3532104,1.6363525
40245,-0.035552979,-2.3442078,1.6828918
40246,0.010070801,-2.4539185,1.5736389
40247,0.086975098,-2.6138306,1.421814
40248,0.13076782,-2.4984741,1.40625
40249,0.17333984,-2.4902344,1.3829041
40250,0.22216797,-2.4746704,1.3238525
40251,0.24536133,-2.4006653,1.206665
40252,0.26641846,-2.3252869,1.1706543
40253,0.32485962,-2.3348999,1.1099243
40254,0.39810181,-2.4111938,1.1178589
40255,0.43457031,-2.3936462,1.1598206
40256,0.44082642,-2.3303223,1.0929871
40257,0.56030273,-2.4325562,1.0597229
40258,0.81588745,-2.4339294,0.92315674
40259,0.68542481,-2.5418091,0.83984375
40260,0.5935669,-2.5956726,0.77178955
40261,0.87554932,-2.4838257,0.69168091
40262,0.77957153,-2.557373,0.64788818
40263,0.87615967,-2.5054932,0.69046021
40264,0.86471558,-2.3187256,0.48278809
40265,0.79879761,-2.290802,0.57922363
40266,0.88943481,-2.1289063,0.40100098
40267,1.1068726,-2.1871948,0.3515625
40268,1.0778809,-2.1577454,0.30502319
40269,1.0549927,-2.2183228,0.21636963
40270,1.1193848,-2.1870422,0.1965332
40271,1.3113403,-2.1853638,0.25039673
40272,1.1260986,-2.2601318,0.17715454
40273,1.2257385,-2.1716309,0.044708252
40274,1.2399292,-2.154541,-0.0440979
40275,1.1810303,-2.0411682,-0.22979736
40276,1.1228943,-2.1160889,-0.050048828
40277,1.421814,-1.9673157,-0.11535645
40278,1.3323975,-1.8878174,-0.30715942
40279,1.2762451,-1.8600464,-0.25665283
40280,1.2670898,-1.9143677,-0.33432007
40281,1.1987305,-1.8560791,-0.24688721
40282,1.4007568,-1.8112183,-0.22003174
40283,1.423645,-1.6967773,-0.23895264
40284,1.3330078,-1.6499329,-0.30715942
40285,1.2963867,-1.504364,-0.34011841
40286,1.4666748,-1.4329529,-0.40603638
40287,1.4189148,-1.3682556,-0.69396973
40288,1.2710571,-1.4085388,-0.78918457
40289,1.3687134,-1.2640381,-0.75637817
40290,1.3153076,-1.2435913,-0.70724487
40291,1.3284302,-1.1682129,-0.76461792
40292,1.2808228,-1.3021851,-0.73547363
40293,1.2255859,-1.2165833,-0.88790894
40294,1.2236023,-1.0162354,-1.0244751
40295,1.1328125,-0.95535278,-0.8605957
40296,1.3316345,-0.86975098,-1.0783386
40297,1.1264038,-0.84457397,-1.2283325
40298,1.0681152,-0.72860718,-1.2138367
40299,1.0205078,-0.82061768,-1.1022949
40300,1.1807251,-0.64743042,-1.4233398
40301,1.2689209,-0.6968689,-1.1407471
40302,1.086731,-0.64987183,-1.2341309
40303,1.1941528,-0.55343628,-1.3519287
40304,1.0458374,-0.48660278,-1.204834
40305,1.0925293,-0.46615601,-1.4659119
40306,1.0342407,-0.33920288,-1.3803101
40307,0.91369629,-0.090332031,-1.3835144
40308,0.91918945,-0.23300171,-1.3366699
40309,0.90515137,-0.23147583,-1.3865662
40310,0.90148926,-0.16372681,-1.3209534
40311,0.93399048,0.057983398,-1.3053894
40312,0.70877075,-0.1751709,-1.3539124
40313,0.42617798,-0.57693481,-1.7132568
40314,0.47561645,0.3565979,-1.544342
40315,0.50476074,0.19989014,-1.3945007
40316,0.71044922,0.19714356,-1.3011169
40317,0.66940308,0.2420044,-1.3835144
40318,0.57739258,0.31768799,-1.4361572
40319,0.59799194,0.3704834,-1.5261841
40320,0.44677734,0.49667358,-1.5299988
40321,0.44082642,0.39764404,-1.5893555
40322,0.41122436,0.59005737,-1.4845276
40323,0.37399292,0.730896,-1.3476563
40324,0.31280518,0.806427,-1.3980103
40325,0.13778687,0.97106934,-1.6064453
40326,0.15838623,0.9262085,-1.5434265
40327,0.077819824,0.80215454,-1.461792
40328,0.045928955,0.67474365,-1.4376831
40329,-0.17105103,0.75942993,-1.2969971
40330,-0.084228516,0.88195801,-1.3755798
40331,-0.24993897,0.88104248,-1.1564636
40332,-0.25238037,0.90057373,-1.0891724
40333,-0.21453857,0.96832275,-1.1349487
40334,-0.27984619,1.0949707,-1.3009644
40335,-0.3994751,1.1624146,-1.3842773
40336,-0.48614502,1.3015747,-1.1579895
40337,-0.3276062,1.1047363,-1.2042236
40338,-0.57937622,1.2467957,-1.0919189
40339,-0.6300354,1.2200928,-1.1378479
40340,-0.58685303,1.3311768,-1.1633301
40341,-0.74584961,1.2191772,-1.118927
40342,-0.82275391,1.260376,-1.1253357
40343,-0.91690063,1.3842773,-0.859375
40344,-0.9211731,1.415863,-0.93414307
40345,-0.98068237,1.3948059,-0.86669922
40346,-1.048584,1.4459229,-0.84915161
40347,-1.2103271,1.3261414,-0.78201294
40348,-1.2086487,1.3175964,-0.55923462
40349,-1.4480591,1.2797546,-0.47821045
40350,-1.1865234,1.464386,-0.42144775
40351,-1.0952759,1.3253784,-0.47836304
40352,-1.3301086,1.5264893,-0.44769287
40353,-1.3925171,1.229248,-0.52368164
40354,-1.5653992,1.4033508,-0.32165527
40355,-1.4559937,1.3002014,-0.45471191
40356,-1.530304,1.5022278,-0.4548645
40357,-1.7100525,1.6226196,-0.23345947
40358,-1.6708374,1.2460327,-0.46554565
40359,-1.7279053,1.3459778,-0.23513794
40360,-1.7219543,1.312561,-0.053100586
40361,-1.7680359,1.1732483,-0.15472412
40362,-1.6520691,1.3110352,-0.13549805
40363,-1.7251587,1.3546753,0.003967285
40364,-1.8382263,1.1669922,0.11947632
40365,-1.7845154,1.098175,0.033569336
40366,-1.8611145,1.1747742,0.12588501
40367,-2.1160889,1.0346985,0.25344849
40368,-2.0819092,1.1579895,0.21026611
40369,-1.9308472,1.0620117,0.27404785
40370,-2.1151733,1.1607361,0.25146484
40371,-2.0747375,1.1204529,0.40420532
40372,-2.1128845,0.96466065,0.62744141
40373,-2.1392822,0.95397949,0.58746338
40374,-2.1789551,0.96755981,0.69564819
40375,-2.1580505,0.9286499,0.54321289
40376,-2.0544434,0.88195801,0.82199097
40377,-2.2619629,0.7081604,0.86761475
40378,-2.0780945,0.75683594,0.95367432
40379,-2.3199463,0.58959961,1.0017395
40380,-2.2380066,0.53131103,1.0148621
40381,-2.2093201,0.75927734,0.96694946
40382,-2.1372986,0.67596435,1.0168457
40383,-2.2332764,0.55679321,1.1940002
40384,-2.1960449,0.58273315,1.1636353
40385,-2.2299194,0.44921875,1.269989
40386,-2.3001099,0.37612915,1.2583923
40387,-2.2224426,0.23300171,1.2127686
40388,-2.2937012,0.29998779,1.1505127
40389,-2.4432373,0.26504517,1.386261
40390,-2.2833252,0.25802612,1.4157104
40391,-2.1659851,0.11032105,1.418457
40392,-2.121582,0.17501831,1.4691162
40393,-2.2418213,0.12191773,1.6314697
40394,-2.151947,-0.16967773,1.1651611
40395,-2.2596741,-0.28289795,1.5655518
40396,-2.0614624,-0.15655518,1.7712402
40397,-2.1017456,-0.20507813,1.8989563
40398,-2.0240784,-0.36834717,1.7102051
40399,-2.1150208,-0.5329895,1.8489075
40400,-1.9337463,-0.496521,1.8733215
40401,-1.9984436,-0.43304443,1.7570496
40402,-2.1051025,-0.7762146,1.7469788
40403,-1.6424561,-0.87799072,1.8606567
40404,-1.9892883,-0.86853027,1.9836426
40405,-1.8435669,-0.98571777,1.8737793
40406,-1.7810059,-1.0423279,1.937561
40407,-1.8624878,-0.86074829,1.8972778
40408,-1.7980957,-0.71746826,1.9908142
40409,-1.8722534,-1.0014343,1.9514465
40410,-1.721344,-1.0333252,2.1035767
40411,-1.7312622,-1.2271118,2.0872498
40412,-1.6371155,-1.3804626,2.0339966
40413,-1.6339111,-1.3552856,2.0330811
40414,-1.6085815,-1.4785767,1.965332
40415,-1.4251709,-1.3427734,2.1136475
40416,-1.3082886,-1.5769959,1.9943237
40417,-1.2954712,-1.4419556,2.0251465
40418,-1.5766907,-1.4938354,2.0571899
40419,-1.348114,-1.6104126,1.8060303
40420,-1.1987305,-1.7687988,1.9558716
40421,-1.31073,-1.6094971,2.0271301
40422,-1.1146545,-1.6716003,1.9421387
40423,-1.0827637,-1.7298889,1.912384
40424,-1.0891724,-1.7552185,2.0307922
40425,-1.0354614,-1.9598389,1.8981934
40426,-1.0043335,-1.8180847,2.0019531
40427,-0.83831787,-1.8392944,2.051239
40428,-0.67703247,-1.8927002,1.988678
40429,-0.84457397,-1.9831848,2.1080017
40430,-0.88790894,-1.9873047,1.8908691
40431,-0.69458008,-1.9711304,1.7282104
40432,-0.64834595,-2.0794678,1.7359924
40433,-0.57983398,-1.9177246,1.8074036
40434,-0.51101685,-1.9406128,1.9255066
40435,-0.49987793,-2.0881653,1.8789673
40436,-0.40115356,-2.147522,1.706543
40437,-0.24139404,-2.1154785,1.7980957
40438,-0.39382935,-2.2064209,1.697998
40439,-0.32058716,-2.244873,1.6862488
40440,-0.17745972,-2.2299194,1.7382813
40441,-0.17059326,-2.1273804,1.6616821
40442,-0.027313232,-2.4017334,1.7288208
40443,0.018157959,-2.3954773,1.4875793
40444,-0.063476563,-2.4334717,1.5936279
40445,0.14205933,-2.6229858,1.4282227
40446,0.131073,-2.2680664,1.2490845
40447,0.20217895,-2.4513245,1.2590027
40448,0.42724609,-2.1737671,1.3104248
40449,0.29251099,-2.2637939,1.0992432
40450,0.34667969,-2.2027588,1.15448
40451,0.42739868,-2.2801208,1.1877441
40452,0.52001953,-2.30896,1.1331177
40453,0.6413269,-2.3825073,0.99212647
40454,0.71212769,-2.4943542,0.93612671
40455,0.78048706,-2.5823975,1.0084534
40456,0.80383301,-2.5485229,0.88882446
40457,0.76721191,-2.5082397,0.80932617
40458,0.75408935,-2.6098633,0.7409668
40459,0.84320068,-2.5338745,0.74707031
40460,0.93399048,-2.4681091,0.62088013
40461,0.9928894,-2.3800659,0.53039551
40462,0.86364746,-2.2361755,0.62133789
40463,0.94573975,-2.1911621,0.38116455
40464,1.0977173,-2.1440125,0.48675537
40465,0.91110229,-2.0777893,0.46112061
40466,0.93826294,-2.1798706,0.39398193
40467,0.97045898,-2.2438049,0.33584595
40468,1.1170959,-2.0109558,0.22155762
40469,0.97244263,-2.1334839,0.21972656
40470,0.99319458,-1.8939209,0.14953613
40471,1.0047913,-2.1073914,0.079956055
40472,1.0331726,-2.0613098,-0.11657715
40473,1.1508179,-2.0793152,-0.15380859
40474,1.0140991,-2.0704651,-0.078735352
40475,1.1430359,-1.7253113,-0.013427734
40476,1.1560059,-1.8940735,-0.23147583
40477,1.2802124,-1.7881775,-0.24414063
40478,1.3764954,-1.920929,-0.35949707
40479,1.4105225,-1.7126465,-0.45700073
40480,1.269989,-1.6061401,-0.44281006
40481,1.2171936,-1.5336609,-0.53375244
40482,1.4137268,-1.5917969,-0.54077148
40483,1.2417603,-1.4050293,-0.49240112
40484,1.2319946,-1.582489,-0.60028076
40485,1.4456177,-1.5023804,-0.6918335
40486,1.3842773,-1.4730835,-0.7585144
40487,1.3153076,-1.2994385,-0.74890137
40488,1.5194702,-1.4970398,-0.8366394
40489,1.4346313,-1.0618591,-0.85113525
40490,1.2452698,-1.0580444,-0.90423584
40491,1.1431885,-0.8908081,-0.83953857
40492,1.2301636,-0.87280273,-0.91873169
40493,1.2013245,-1.005249,-0.8670044
40494,1.1604309,-0.92926025,-0.92849731
40495,1.0971069,-0.72021484,-1.0029602
40496,1.136322,-0.83450317,-0.81878662
40497,1.187439,-0.66497803,-0.95504761
40498,1.0540771,-0.63232422,-1.1636353
40499,1.1190796,-0.57800293,-1.2814331
40500,1.129303,-0.49377441,-1.1973572
40501,1.0127258,-0.53710938,-1.3104248
40502,0.92590332,-0.53070068,-1.2609863
40503,0.9576416,-0.33920288,-1.2438965
40504,0.88485718,-0.29647827,-1.2747192
40505,0.86090088,-0.35964966,-1.2359619
40506,0.82824707,-0.25375366,-1.46698
40507,0.69335938,-0.35217285,-1.2838745
40508,0.83602905,-0.28030395,-1.3996887
40509,0.72174072,-0.24459839,-1.4230347
40510,0.74050903,-0.13565063,-1.3560486
40511,0.66711426,-0.39459228,-1.3478088
40512,0.67260742,0.10009766,-1.3926697
40513,0.62667847,0.22705078,-1.3586426
40514,0.37353516,0.24597168,-1.2039185
40515,0.55923462,0.32775879,-1.3702393
40516,0.5847168,0.44433594,-1.4511108
40517,0.41519165,0.55145264,-1.4794922
40518,0.36392212,0.58349609,-1.5046692
40519,0.33676147,0.5569458,-1.4122009
40520,0.40100098,0.53787231,-1.5498352
40521,0.39978027,0.6262207,-1.4271545
40522,0.3527832,0.66604614,-1.2632751
40523,0.14602661,0.87524414,-1.2956238
40524,0.16983032,0.74996948,-1.421051
40525,0.032348633,0.70495606,-1.3671875
40526,0.019683838,0.60272217,-1.4205933
40527,0.008544922,0.68450928,-1.4778137
40528,-0.19897461,0.77331543,-1.4508057
40529,-0.22979736,0.74172974,-1.4389038
40530,-0.25756836,0.91491699,-1.1602783
40531,-0.39230347,0.86578369,-1.1123657
40532,-0.52886963,0.8644104,-1.0389709
40533,-0.5847168,1.015625,-1.0163879
40534,-0.51879883,1.0203552,-1.010437
40535,-0.64331055,1.0493469,-1.1225891
40536,-0.69366455,1.1065674,-0.90072632
40537,-0.62637329,1.0617065,-0.89385986
40538,-0.72570801,1.0749817,-0.76828003
40539,-0.76904297,0.98770142,-0.86364746
40540,-0.97930908,1.1836243,-0.79437256
40541,-0.93994141,1.2268066,-0.94543457
40542,-0.95077515,1.2535095,-0.7194519
40543,-1.0925293,1.5422058,-0.8126831
40544,-1.1515808,1.3569641,-0.75195313
40545,-1.1322021,1.4064026,-0.83084106
40546,-1.1773682,1.2339783,-0.8241272
40547,-1.3392639,1.3774109,-0.70800781
40548,-1.3368225,1.3557434,-0.64926147
40549,-1.3883972,1.2443542,-0.50079346
40550,-1.3198853,1.370697,-0.42236328
40551,-1.3446045,1.3206482,-0.5279541
40552,-1.4376831,1.418457,-0.34072876
40553,-1.4758301,1.2663269,-0.29647827
40554,-1.6893005,1.2976074,-0.27832031
40555,-1.5052795,1.1117554,-0.40985107
40556,-1.5873718,1.2638855,-0.25283814
40557,-1.6215515,1.4347839,-0.062866211
40558,-1.5420532,1.1972046,-0.13519287
40559,-1.771698,1.34552,0.027160645
40560,-1.9146729,1.2948608,0.087432861
40561,-1.7070007,1.2666321,-0.012207031
40562,-1.9522095,1.2129211,0.2645874
40563,-1.6548157,1.0638428,0.1322937
40564,-1.8563843,1.2200928,0.35354614
40565,-1.9189453,1.2652588,0.2192688
40566,-1.9502258,1.2355041,0.27862549
40567,-1.8029785,1.0667419,0.3276062
40568,-2.1495056,1.1727905,0.49560547
40569,-2.0124817,1.1004639,0.3288269
40570,-2.0341492,0.93048096,0.49453735
40571,-2.2839355,1.0232544,0.48797607
40572,-2.3190308,0.95611572,0.55145264
40573,-2.2207642,0.84060669,0.6161499
40574,-2.1061707,0.70587158,0.69519043
40575,-2.2413635,0.80780029,0.67504883
40576,-2.3377991,0.84121704,0.71990967
40577,-2.3095703,0.52047729,0.7371521
40578,-2.3155212,0.51940918,0.76400757
40579,-2.315979,0.59082031,0.95932007
40580,-2.253418,0.67764282,1.0343933
40581,-2.010498,0.63644409,1.0333252
40582,-2.2193909,0.64025879,1.1572266
40583,-2.2421265,0.36972046,1.2228394
40584,-2.180481,0.25970459,1.111908
40585,-2.0324707,0.24902344,1.0868835
40586,-2.1162415,0.36590576,1.151123
40587,-2.2038269,0.43167114,1.3598633
40588,-2.1647644,0.12283325,1.3204956
40589,-2.0606995,0.15380859,1.3674927
40590,-2.1455383,0.011901855,1.5274048
40591,-2.0976257,0.006103516,1.4118958
40592,-2.0231628,-0.18218994,1.3494873
40593,-1.9436646,-0.13946533,1.4489746
40594,-2.0608521,-0.1512146,1.4842224
40595,-2.1203613,-0.21911621,1.5693665
40596,-2.1495056,-0.52108765,1.6366577
40597,-2.1069336,-0.37567139,1.789093
40598,-1.9204712,-0.55038452,1.9062805
40599,-2.0089722,-0.64971924,1.6343689
40600,-2.0320129,-0.56869507,1.6577148
40601,-2.0855713,-0.58227539,1.9024658
40602,-1.761322,-0.63095093,1.8504334
40603,-1.9270325,-0.81726074,1.6413879
40604,-2.0114136,-0.81832886,1.8121338
40605,-1.8144226,-0.90820313,1.6642761
40606,-1.859436,-0.98999023,1.8641663
40607,-1.7280579,-1.0452271,1.8652344
40608,-1.8927002,-1.1251831,1.8580627
40609,-1.7608643,-1.0176086,1.9766235
40610,-1.701355,-1.1616516,1.9862366
40611,-1.6885376,-1.2251282,1.8667603
40612,-1.3529968,-1.2068176,2.1098328
40613,-1.4111328,-1.3053894,1.8945313
40614,-1.4201355,-1.2710571,1.9136047
40615,-1.4312744,-1.1853027,1.9769287
40616,-1.3500977,-1.5034485,1.7932129
40617,-1.3182068,-1.4245605,1.987915
40618,-1.3217163,-1.4253235,2.098999
40619,-1.118927,-1.4009094,1.9955444
40620,-1.2522888,-1.557312,2.0550537
40621,-1.1135864,-1.6835022,2.0266724
40622,-1.2246704,-1.6784668,2.0370483
40623,-0.98052978,-1.8835449,1.937561
40624,-1.0388184,-1.9142151,1.9407654
40625,-0.90133667,-1.8321228,1.8888855
40626,-0.8531189,-2.0306396,1.7881775
40627,-0.86380005,-2.0210266,1.6986084
40628,-0.83450317,-2.0370483,1.8025208
40629,-0.6930542,-1.8669128,1.9332886
40630,-0.68237305,-2.0036316,1.9158936
40631,-0.53741455,-1.9116211,1.8392944
40632,-0.57373047,-2.1064758,1.7547607
40633,-0.26901245,-2.1844482,1.8499756
40634,-0.42114258,-2.1633911,1.8547058
40635,-0.29022217,-2.2424316,1.81427
40636,-0.21087647,-2.2259521,1.6821289
40637,-0.23880005,-2.0022583,1.6203308
40638,-0.16815185,-2.1588135,1.4741516
40639,-0.096893311,-2.0863342,1.5058899
40640,-0.073242188,-2.2807312,1.558075
40641,0.02746582,-2.348175,1.3520813
40642,0.04486084,-2.4377441,1.4318848
40643,0.026397705,-2.4772644,1.3850403
40644,0.02456665,-2.504425,1.2464905
40645,0.21560669,-2.4551392,1.2191772
40646,0.41152954,-2.303772,1.2815857
40647,0.19439697,-2.217865,1.1799622
40648,0.22003174,-2.1273804,1.2202454
40649,0.38894653,-2.1685791,1.207428
40650,0.34729004,-2.2372437,1.0635376
40651,0.60394287,-2.4327087,0.95336914
40652,0.57525635,-2.2669983,0.88821411
40653,0.5506897,-2.2381592,0.96923828
40654,0.53817749,-2.3347473,0.94924927
40655,0.54733276,-2.3484802,0.85632324
40656,0.64849853,-2.2857666,0.83618164
40657,0.59402466,-2.3231506,0.81176758
40658,0.78460693,-2.416687,0.64025879
40659,0.79055786,-2.2450256,0.65200806
40660,0.72570801,-2.013855,0.6326294
40661,0.78369141,-2.3191833,0.56610107
40662,0.89645386,-2.1894836,0.54031372
40663,0.9967041,-2.1461487,0.58502197
40664,0.95214844,-2.0687866,0.34698486
40665,1.0353088,-2.144928,0.44754028
40666,1.0429382,-2.1531677,0.33920288
40667,0.96237183,-2.1147156,0.35675049
40668,0.96923828,-2.0375061,0.17929077
40669,1.0968018,-1.9137573,-0.085754395
40670,1.2345886,-1.8231201,0.025482178
40671,1.2695313,-1.8952942,-0.12252808
40672,1.2825012,-1.8597412,-0.099182129
40673,1.0641479,-2.0028687,-0.096740723
40674,1.0739136,-1.8995666,-0.025787354
40675,1.1383057,-1.8569946,-0.23757935
40676,0.99502563,-1.7407227,-0.010986328
40677,1.2243652,-1.7272949,-0.27084351
40678,1.1024475,-1.5843201,-0.18600464
40679,1.1769104,-1.8151855,-0.42175293
40680,1.1665344,-1.6958618,-0.40542603
40681,1.0725403,-1.5278625,-0.46035767
40682,1.1558533,-1.6000366,-0.57159424
40683,1.1689758,-1.3890076,-0.46386719
40684,1.4576721,-1.6078186,-0.58929443
40685,1.0906982,-1.4233398,-0.58898926
40686,1.3700867,-1.2477112,-0.63156128
40687,1.1956787,-1.3993835,-0.78369141
40688,1.177063,-1.2023926,-0.71228027
40689,1.162262,-1.0894775,-0.76049805
40690,1.157074,-1.0188293,-1.0212708
40691,1.0745239,-1.0224915,-0.74386597
40692,1.2516785,-0.8757019,-0.93017578
40693,1.0258484,-0.79544067,-1.0858154
40694,1.0290527,-0.7498169,-0.990448
40695,0.94726563,-0.44418335,-0.90042114
40696,0.90499878,-0.36010742,-1.0400391
40697,0.84014893,-0.1864624,-0.96069336
40698,0.8039856,-0.34637451,-0.96603394
40699,0.86425781,-0.40832519,-1.1169434
40700,0.91369629,-0.43029785,-1.1880493
40701,0.93643188,-0.48812866,-1.023407
40702,0.94192505,-0.26916504,-1.1149597
40703,0.95870972,-0.31921387,-1.2217712
40704,0.90118408,-0.19515991,-1.2277222
40705,0.8656311,-0.097351074,-1.1967468
40706,0.82550049,-0.19927978,-1.2498474
40707,0.78491211,-0.105896,-1.2561035
40708,0.77026367,-0.12252808,-1.1126709
40709,0.46691894,-0.42526245,-1.2640381
40710,0.41427612,-0.54275513,-1.1894226
40711,0.65597534,0.60668945,-1.1979675
40712,0.42434692,0.1550293,-1.2246704
40713,0.49163818,0.18478394,-1.2518311
40714,0.49453735,0.21728516,-1.2887573
40715,0.37811279,0.29174805,-1.1863709
40716,0.1272583,0.42358398,-1.1294556
40717,0.28686523,0.26901245,-1.2646484
40718,0.22323608,0.47027588,-1.3468933
40719,0.083618164,0.42556763,-1.3447571
40720,0.082702637,0.57632446,-1.4176941
40721,0.067596436,0.61981201,-1.4096069
40722,0.14678955,0.71578979,-1.2683105
40723,-0.068359375,0.75805664,-1.3616943
40724,-0.072784424,0.77285767,-1.3166809
40725,-0.24398804,0.96405029,-1.1380005
40726,-0.17562866,0.91766357,-1.0592651
40727,-0.25009155,0.79711914,-1.0481262
40728,-0.2029419,0.84075928,-0.89950562
40729,-0.35858154,0.90026856,-1.0281372
40730,-0.32470703,0.9274292,-1.1114502
40731,-0.60897827,0.9072876,-1.0346985
40732,-0.49407959,0.99914551,-1.1164856
40733,-0.64834595,1.0339355,-0.89706421
40734,-0.66650391,1.1248779,-0.96054077
40735,-0.73303223,1.1407471,-0.96984863
40736,-0.7850647,1.0816956,-0.86242676
40737,-0.68695068,1.0768127,-0.98403931
40738,-0.85891724,1.1401367,-0.81726074
40739,-0.81100464,1.1445618,-0.7510376
40740,-0.9034729,1.1730957,-0.65322876
40741,-0.82733154,1.2414551,-0.65170288
40742,-0.88272095,1.2391663,-0.64880371
40743,-0.97991943,1.1328125,-0.52368164
40744,-1.0571289,1.0928345,-0.52749634
40745,-1.0545349,1.1724854,-0.49331665
40746,-1.1030579,1.1546326,-0.45684814
40747,-1.1778259,1.1830139,-0.43304443
40748,-1.2252808,1.0699463,-0.33248901
40749,-1.2820435,1.0754395,-0.38879394
40750,-1.3406372,1.1680603,-0.68130493
40751,-1.4042664,1.1077881,-0.31829834
40752,-1.461792,1.1029053,-0.11245728
40753,-1.4085388,1.1204529,-0.1184082
40754,-1.4195251,1.0708618,-0.1184082
40755,-1.5316772,1.0577393,0.015716553
40756,-1.5496826,1.1320496,-0.010681152
40757,-1.6410828,1.0546875,-0.00579834
40758,-1.6247559,1.111908,0.12741089
40759,-1.6282654,1.1021423,0.08605957
40760,-1.7710876,1.124115,0.2532959
40761,-1.7289734,1.1264038,0.12161255
40762,-1.6773987,1.0174561,0.13381958
40763,-1.7419434,1.0368347,0.18371582
40764,-1.7984009,1.0464478,0.35003662
40765,-1.8978882,0.87402344,0.46356201
40766,-1.8128967,1.0609436,0.48965454
40767,-1.7492676,0.99151611,0.35247803
40768,-1.7027283,0.91888428,0.60363769
40769,-1.8414307,0.62042236,0.66131592
40770,-1.9725037,0.63781738,0.62988281
40771,-1.8629456,0.77560425,0.57907104
40772,-1.8608093,0.69671631,0.62911987
40773,-2.0022583,0.48049927,0.74859619
40774,-1.9869995,0.62072754,0.96206665
40775,-1.9781494,0.33187866,0.88806152
40776,-1.9746399,0.40481567,0.95657349
40777,-2.1252441,1.5397644,1.0714722
40778,-2.0726013,0.35614014,1.0705566
40779,-1.9462585,0.30227661,1.0054016
40780,-2.2219849,0.23803711,0.99807739
40781,-1.857605,0.18844605,1.1543274
40782,-2.0980835,0.31738281,1.2324524
40783,-2.1257019,0.18875122,1.1785889
40784,-1.999054,0.15197754,1.217041
40785,-2.0027161,-0.016174316,1.2115479
40786,-2.0542908,0.01953125,1.3148499
40787,-1.9200134,-0.020141602,1.3871765
40788,-1.8121338,-0.3237915,1.3409424
40789,-1.8424988,-0.39489746,1.34552
40790,-1.9755554,-0.4133606,1.2176514
40791,-1.9657898,-0.4914856,1.4599609
40792,-1.9154358,-0.49224853,1.6163635
40793,-1.9052124,-0.4045105,1.6809082
40794,-1.8490601,-0.56213379,1.661377
40795,-1.7552185,-0.6791687,1.6943359
40796,-1.8786621,-0.59051514,1.9136047
40797,-1.7599487,-0.63049316,1.7445374
40798,-1.7559814,-0.50689697,1.8730164
40799,-1.7604065,-0.80093384,1.6815186
40800,-1.7779541,-0.92941284,1.885376
40801,-1.6885376,-1.0794067,1.7163086
40802,-1.6429138,-1.0824585,1.9247437
40803,-1.7364502,-0.96557617,1.9155884
40804,-1.6581726,-0.83679199,1.8887329
40805,-1.6307068,-0.87982178,1.8566895
40806,-1.4143372,-1.0038757,1.7921448
40807,-1.3745117,-1.1309814,1.7887878
40808,-1.4700317,-1.3259888,2.0007324
40809,-1.348877,-1.4863586,1.8727112
40810,-1.5306091,-1.4616394,1.8099976
40811,-1.3204956,-1.3209534,1.8951416
40812,-1.288147,-1.4102173,1.7341614
40813,-1.2538147,-1.534729,1.8267822
40814,-1.2661743,-1.7381287,1.6752625
40815,-1.0949707,-1.7576599,1.7306519
40816,-1.2124634,-1.5310669,1.8395996
40817,-1.1439514,-1.4651489,1.7744446
40818,-0.98571777,-1.4602661,1.8843079
40819,-0.80200195,-1.647644,1.8307495
40820,-0.83053589,-1.7350769,1.8199158
40821,-0.72021484,-1.703949,1.7102051
40822,-0.76904297,-1.9398499,1.7118835
40823,-0.67077637,-1.8545532,1.8338013
40824,-0.60745239,-1.9497681,1.7802429
40825,-0.66009522,-1.973877,1.7675781
40826,-0.58822632,-2.0306396,1.656189
40827,-0.53100586,-1.9625854,1.6090393
40828,-0.48065186,-1.8389893,1.5864563
40829,-0.38818359,-1.8527222,1.5411377
40830,-0.33813477,-1.9697571,1.5885925
40831,-0.22644043,-2.0280457,1.4056396
40832,-0.31082153,-2.1617126,1.4938354
40833,-0.16479492,-2.0353699,1.4147949
40834,-0.12420654,-2.1014404,1.3816834
40835,-0.098266602,-2.1279907,1.4428711
40836,-0.010528564,-2.051239,1.4096069
40837,-0.027923584,-2.0655823,1.4050293
40838,0.023956299,-2.2172546,1.3534546
40839,0.088348389,-2.277832,1.2425232
40840,0.11260986,-2.2875977,1.3204956
40841,0.18173218,-2.1899414,1.3063049
40842,0.22369385,-2.1569824,1.20224
40843,0.26138306,-2.1005249,1.036377
40844,0.31112671,-2.0565796,0.99975586
40845,0.35003662,-2.2070313,0.96008301
40846,0.40924072,-2.1080017,0.88409424
40847,0.45227051,-2.0883179,0.98800659
40848,0.5480957,-1.8109131,0.91598511
40849,0.59631348,-1.84021,0.65704346
40850,0.63446045,-1.9746399,0.66970825
40851,0.61264038,-1.7959595,0.78216553
40852,0.70877075,-1.8492126,0.71533203
40853,0.7623291,-2.0443726,0.76553345
40854,0.74050903,-1.9976807,0.48248291
40855,0.68252563,-2.1347046,0.51391602
40856,0.80734253,-2.0314026,0.36437988
40857,0.85693359,-1.9525146,0.32104492
40858,0.86959839,-2.1281433,0.35110474
40859,0.9135437,-1.9468689,0.29830933
40860,0.83831787,-2.0410156,0.27450561
40861,0.97442627,-1.9445801,0.20523071
40862,0.86959839,-2.016449,0.16479492
40863,0.94680786,-1.8406677,0.11535645
40864,0.9324646,-1.8457031,-0.1499939
40865,0.97503662,-1.9271851,-0.071716309
40866,0.90270996,-1.8600464,-0.098571777
40867,1.0665894,-1.7921448,-0.09475708
40868,1.121521,-1.6835022,-0.059661865
40869,1.1341858,-1.6853333,-0.1852417
40870,0.85388184,-1.5776062,-0.29449463
40871,1.0583496,-1.5882874,-0.33203125
40872,1.0586548,-1.5762329,-0.15396118
40873,1.043396,-1.4813232,-0.33218384
40874,1.187439,-1.5759277,-0.41015625
40875,1.058197,-1.5925598,-0.39672852
40876,1.2309265,-1.5657043,-0.54931641
40877,1.0836792,-1.3792419,-0.55496216
40878,1.0693359,-1.3919067,-0.67703247
40879,0.92575073,-1.1724854,-0.61096191
40880,0.91949463,-1.2835693,-0.72692871
40881,1.2805176,-1.37146,-0.76980591
40882,1.2431335,-0.99472046,-0.77865601
40883,1.0185242,-1.1897278,-0.84762573
40884,0.96008301,-0.95428467,-0.76766968
40885,0.95748901,-0.99197388,-0.82168579
40886,1.1221313,-1.0430908,-0.87692261
40887,1.0403442,-0.84487915,-0.84686279
40888,1.0121155,-0.77087402,-0.8505249
40889,1.0600281,-0.72799683,-0.88867188
40890,1.003418,-0.69610596,-0.93063354
40891,0.90087891,-0.53588867,-0.90774536
40892,0.80703735,-0.53115845,-0.98999023
40893,0.73913574,-0.3036499,-1.005249
40894,0.89477539,-0.4107666,-1.0061646
40895,0.86303711,-0.30700684,-1.0830688
40896,0.84686279,-0.35675049,-1.0836792
40897,0.84732056,-0.35705566,-1.15448
40898,0.84274292,-0.15258789,-1.2492371
40899,0.75057983,-0.035247803,-1.3040161
40900,0.70159912,-0.074157715,-1.2950134
40901,0.72875977,-0.049743652,-1.3320923
40902,0.52001953,0.093383789,-1.2374878
40903,0.66711426,-0.076446533,-1.2854004
40904,0.40893555,-0.23010254,-1.2266541
40905,0.13046265,-0.052490234,-1.2792969
40906,0.50964356,0.17761231,-1.0978699
40907,0.30441284,0.14007568,-1.3183594
40908,0.33096314,-0.024871826,-1.2651062
40909,0.23223877,1.8659973,-1.1967468
40910,0.30593872,0.39871216,-1.3180542
40911,0.17288208,0.59585571,-1.1459351
40912,0.1713562,0.49224853,-1.0699463
40913,0.048980713,0.49743652,-1.2889099
40914,0.096130371,0.57189941,-1.2182617
40915,0.055847168,0.65155029,-1.1706543
40916,-0.24749756,0.61279297,-1.1126709
40917,-0.18325806,0.70159912,-1.133728
40918,-0.18554688,0.75088501,-1.0881042
40919,-0.14602661,0.76004028,-1.0697937
40920,-0.1940918,0.80810547,-0.99884033
40921,-0.28045654,0.87295532,-1.1000061
40922,-0.28686523,0.93566894,-1.0275269
40923,-0.32394409,1.0119629,-1.0606384
40924,-0.53451538,1.0069275,-1.0705566
40925,-0.47698975,1.0707092,-1.1094666
40926,-0.47836304,1.0125732,-0.89294434
40927,-0.68161011,1.0514832,-0.82901001
40928,-0.6678772,1.0165405,-0.76446533
40929,-0.80932617,1.0169983,-0.77835083
40930,-0.91247559,1.071167,-0.75378418
40931,-0.83175659,1.2139893,-0.71105957
40932,-0.84381103,1.0864258,-0.61248779
40933,-1.0295105,1.1271667,-0.46600342
40934,-0.95153809,1.2199402,-0.56762695
40935,-1.1035156,1.1222839,-0.652771
40936,-1.1616516,1.2783813,-0.51040649
40937,-1.2414551,1.1288452,-0.52062988
40938,-1.2329102,1.3931274,-0.45547485
40939,-1.1878967,1.1676025,-0.48629761
40940,-1.2127686,1.2081909,-0.51254272
40941,-1.3700867,1.2770081,-0.39505005
40942,-1.3334656,1.0923767,-0.24887085
40943,-1.4204407,1.282959,-0.17593384
40944,-1.3978577,1.1474609,-0.15258789
40945,-1.5391541,0.97808838,-0.15991211
40946,-1.5710449,0.91278076,-0.1713562
40947,-1.5966797,0.83496094,-0.15899658
40948,-1.6763306,0.96328735,0.009307861
40949,-1.645813,1.2568665,0.064697266
40950,-1.5951538,1.2844849,0.058746338
40951,-1.7073059,1.1906433,0.21453857
40952,-1.5158081,1.1982727,0.17181397
40953,-1.6571045,1.2065125,0.17150879
40954,-1.7121887,1.0522461,0.36224365
40955,-1.7778015,1.0842896,0.28564453
40956,-1.9606018,1.0746765,0.42678833
40957,-1.7591858,1.0678101,0.40710449
40958,-1.7788696,0.96221924,0.36178589
40959,-2.0075989,0.82763672,0.36437988
40960,-1.9874573,0.93582153,0.37307739
40961,-1.9946289,1.0519409,0.54290772
40962,-2.0196533,0.86761475,0.52108765
40963,-2.0692444,0.58792114,0.65795898
40964,-2.2297668,0.66452026,0.85006714
40965,-2.071228,0.69168091,0.78201294
40966,-2.1202087,0.60668945,0.96405029
40967,-2.041626,0.58807373,0.83175659
40968,-2.1505737,0.46829224,1.0673523
40969,-2.0837402,0.40771484,0.99868774
40970,-2.1318054,0.33706665,1.1502075
40971,-1.9981384,0.39718628,0.97076416
40972,-2.1669006,0.27587891,1.1383057
40973,-2.2444153,0.31188965,1.2185669
40974,-2.1052551,0.20584106,1.2495422
40975,-2.172699,1.4506531,1.3819885
40976,-2.019043,0.24597168,1.4175415
40977,-1.9755554,0.02746582,1.3148499
40978,-2.0610046,0.020751953,1.3441467
40979,-1.953125,-0.022583008,1.41922
40980,-2.0726013,-0.05279541,1.2966919
40981,-2.1289063,-0.018768311,1.3964844
40982,-2.0932007,-0.082550049,1.5429688
40983,-2.0796204,-0.31555176,1.5951538
40984,-2.1150208,-0.25375366,1.3502502
40985,-1.9474792,-0.34881592,1.4581299
40986,-2.1420288,-0.49926758,1.6888428
40987,-2.0132446,-0.40557861,1.605835
40988,-1.9619751,-0.6262207,1.6438293
40989,-1.8469238,-0.63659668,1.6679382
40990,-1.8414307,-0.71853638,1.630249
40991,-1.4326477,-0.91430664,1.9537354
40992,-1.8081665,-0.91186523,1.809082
40993,-1.7993164,-0.66650391,1.8997192
40994,-1.6429138,-0.79696655,1.8267822
40995,-1.8037415,-0.9286499,1.7245483
40996,-1.6954041,-0.93490601,1.8432617
40997,-1.6273499,-1.0224915,1.8803406
40998,-1.5489197,-1.2623596,1.8019104
40999,-1.5454102,-1.2026978,1.8164063
41000,-1.6033936,-1.1885071,1.7216492
41001,-1.6259766,-1.1741638,1.7738342
41002,-1.4630127,-1.2475586,2.0405579
41003,-1.5339661,-1.3591003,1.9169617
41004,-1.3269043,-1.3821411,1.9161987
41005,-1.247406,-1.6537476,1.9778442
41006,-1.3340759,-1.5391541,2.0106506
41007,-1.3479614,-1.7240906,1.8334961
41008,-1.2078857,-1.5582275,1.963501
41009,-1.305542,-1.7341614,1.9415283
41010,-1.1569214,-1.890564,1.8257141
41011,-1.0362244,-1.8310547,1.8139648
41012,-1.02005,-2.0185852,1.7480469
41013,-0.93109131,-1.7861938,1.6799927
41014,-0.76904297,-1.81427,1.829071
41015,-0.703125,-1.8888855,1.8618774
41016,-0.74325562,-1.8969727,2.0045471
41017,-0.80963135,-1.9169617,1.8109131
41018,-0.64315796,-1.8989563,1.6886902
41019,-0.54611206,-1.9189453,1.8054199
41020,-0.65734863,-2.036438,1.6197205
41021,-0.49972534,-2.0814514,1.631012
41022,-0.53146362,-2.1356201,1.6345215
41023,-0.45379639,-2.1678162,1.7379761
41024,-0.31097412,-2.0359802,1.7172241
41025,-0.41320801,-2.1176147,1.7947388
41026,-0.41046143,-2.0330811,1.6023254
41027,-0.34744263,-2.0298767,1.6235352
41028,-0.19500732,-2.2970581,1.4866638
41029,-0.21682739,-2.3071289,1.4926147
41030,-0.10253906,-2.3010254,1.5272522
41031,-0.11917114,-2.2821045,1.1610413
41032,0.072021484,-2.1961975,1.3684082
41033,0.23803711,-2.1432495,1.05896
41034,0.31463623,-2.2323608,1.1080933
41035,0.38330078,-2.1864319,1.1950684
41036,0.3263855,-2.3722839,1.0369873
41037,0.42419434,-2.3959351,1.1470032
41038,0.37597656,-2.2862244,1.0096741
41039,0.37277222,-2.4441528,1.0850525
41040,0.57434082,-2.5798035,0.88104248
41041,0.59112549,-2.3812866,0.83206177
41042,0.41030884,-2.2816467,0.95657349
41043,0.42861939,-2.2631836,0.84472656
41044,0.56808472,-2.2149658,0.82275391
41045,0.86212158,-2.1815491,0.70632935
41046,0.85418701,-2.2097778,0.67565918
41047,0.61859131,-2.1873474,0.6173706
41048,0.77148438,-2.1252441,0.63186646
41049,0.84625244,-2.2328186,0.54580688
41050,0.8543396,-2.2692871,0.46478272
41051,0.92697144,-2.2592163,0.29800415
41052,0.95535278,-2.2375488,0.37078857
41053,0.83282471,-2.1153259,0.35369873
41054,0.98937988,-2.0848083,0.3125
41055,1.0437012,-1.97052,0.2142334
41056,1.2475586,-2.0510864,0.21194458
41057,1.1759949,-1.9741821,0.003662109
41058,1.1807251,-1.9668579,0.021209717
41059,1.2442017,-1.9551086,-0.053710938
41060,1.242981,-1.8118286,-0.19882202
41061,1.1073303,-1.9494629,-0.14038086
41062,1.2045288,-1.8743896,-0.15487671
41063,1.2133789,-1.8188477,-0.15960693
41064,1.3000488,-1.9726563,-0.28457642
41065,1.2757874,-1.6087341,-0.25024414
41066,1.3757324,-1.6349792,-0.33996582
41067,1.2644959,-1.6040039,-0.45089722
41068,1.2817383,-1.628418,-0.49804688
41069,1.3282776,-1.6281128,-0.66772461
41070,1.2033081,-1.5631104,-0.55419922
41071,1.2062073,-1.5112305,-0.63186646
41072,1.2731934,-1.4498901,-0.76156616
41073,1.2353516,-1.3238525,-0.62423706
41074,1.3418579,-1.2850952,-0.8052063
41075,1.282959,-1.214447,-0.64056397
41076,1.1645508,-1.1157227,-0.87860107
41077,1.2922668,-1.3005066,-0.81298828
41078,1.267395,-1.0809326,-0.68481445
41079,1.411438,-1.053009,-0.81008911
41080,1.2588501,-1.1164856,-0.94848633
41081,1.1474609,-0.84854126,-1.0568237
41082,1.2518311,-0.81192017,-1.0166931
41083,1.0656738,-0.84320068,-1.0057068
41084,1.124115,-1.0256958,-1.1369324
41085,1.0990906,-0.80535889,-1.1395264
41086,1.0231018,-0.67962647,-0.99914551
41087,0.88699341,-0.77987671,-1.0610962
41088,0.85754394,-0.54199219,-1.2164307
41089,0.92666626,-0.521698,-1.1885071
41090,1.0368347,-0.32836914,-1.2882996
41091,0.9614563,-0.31936645,-1.2823486
41092,0.92575073,-0.17089844,-1.3018799
41093,0.81298828,-0.26916504,-1.1152649
41094,0.90118408,-0.12664795,-1.2796021
41095,0.69839478,-0.14709473,-1.244812
41096,0.81878662,0.073394775,-1.4120483
41097,0.45547485,-0.38619995,-1.6738892
41098,0.41564941,-0.27862549,-1.4253235
41099,0.58547974,-0.057067871,-1.4219666
41100,0.61233521,0.11505127,-1.4273071
41101,0.58258057,0.19378662,-1.5592957
41102,0.56091309,0.30639648,-1.678009
41103,0.5329895,0.18585205,-1.7114258
41104,0.47027588,0.37597656,-1.5882874
41105,0.43701172,0.49789429,-1.5148926
41106,0.32165527,0.35400391,-1.5969849
41107,0.17272949,1.328125,-1.546936
41108,0.24612427,0.75027466,-1.5197754
41109,0.10620117,0.85632324,-1.3049316
41110,-0.01083374,0.71868897,-1.3241577
41111,0.11978149,0.78155518,-1.3574219
41112,0.12023926,0.80505371,-1.4941406
41113,-0.00213623,0.73150635,-1.4013672
41114,-0.14297485,0.81222534,-1.1482239
41115,-0.23651123,0.94390869,-1.1843872
41116,-0.20675659,1.0375977,-1.2260437
41117,-0.21331787,1.0588074,-1.3076782
41118,-0.26092529,1.1541748,-1.2208557
41119,-0.2973938,1.2860107,-1.0412598
41120,-0.52520752,1.3601685,-1.0574341
41121,-0.40176392,1.3319397,-1.1077881
41122,-0.57189941,1.2411499,-1.1520386
41123,-0.65429688,1.171875,-1.0772705
41124,-0.63217163,1.1038208,-0.94406128
41125,-0.6942749,1.1436462,-0.93856812
41126,-0.76644897,1.2573242,-0.99334717
41127,-0.90332031,1.4538574,-0.92895508
41128,-0.86776733,1.3546753,-0.90377808
41129,-0.92697144,1.4381409,-0.80535889
41130,-0.95886231,1.3687134,-0.71716309
41131,-1.0693359,1.3497925,-0.61447144
41132,-1.1445618,1.3433838,-0.5519104
41133,-1.1315918,1.395874,-0.69320679
41134,-1.2164307,1.4805603,-0.55328369
41135,-1.2928772,1.5490723,-0.49346924
41136,-1.3467407,1.5414429,-0.38482666
41137,-1.3362122,1.5307617,-0.26321411
41138,-1.5185547,1.3009644,-0.30548096
41139,-1.4573669,1.3549805,-0.415802
41140,-1.6249084,1.3710022,-0.2722168
41141,-1.5441895,1.3092041,-0.19729614
41142,-1.5170288,1.2815857,-0.16845703
41143,-1.6136169,0.87814331,-0.42861939
41144,-1.6014099,1.0870361,-0.1991272
41145,-1.8063354,1.0679626,-0.082550049
41146,-1.8005371,1.1509705,0.001983643
41147,-1.7897034,1.1482239,0.08102417
41148,-1.9483948,1.1691284,0.21621704
41149,-1.933136,1.2857056,0.29220581
41150,-1.8312073,1.4242554,0.31326294
41151,-1.9747925,1.2757874,0.24520874
41152,-1.9995117,1.2757874,0.4234314
41153,-2.0381165,1.1358643,0.39855957
41154,-2.0277405,1.1714172,0.34912109
41155,-2.1176147,1.1872864,0.59524536
41156,-1.9265747,1.1265564,0.65429688
41157,-1.8563843,0.92788696,0.53359985
41158,-2.0959473,1.0176086,0.65933228
41159,-2.0353699,0.87417603,0.63720703
41160,-2.0198059,0.91018677,0.68542481
41161,-2.0767212,0.87799072,0.67504883
41162,-1.9958496,0.86029053,0.74966431
41163,-2.157135,0.91644287,0.90072632
41164,-1.9839478,0.72357178,0.94192505
41165,-2.1873474,0.62347412,1.1022949
41166,-2.1717834,0.53237915,1.0665894
41167,-2.1414185,0.46951294,1.0444641
41168,-2.1180725,0.25604248,0.94161987
41169,-2.2335815,0.49438477,1.0256958
41170,-2.1043396,0.33325195,1.2113953
41171,-2.2277832,0.28259277,1.2161255
41172,-2.1936035,-0.05569458,1.2361145
41173,-2.2431946,-0.006713867,1.3389587
41174,-2.1754456,0.011291504,1.5478516
41175,-2.2155762,0.025482178,1.572113
41176,-2.3828125,-0.32821655,1.5167236
41177,-2.0994568,-0.023040771,1.4630127
41178,-2.3210144,0.11932373,1.472168
41179,-2.0602417,-0.066986084,1.6134644
41180,-2.1354675,-0.14511108,1.652832
41181,-2.119751,-0.3642273,1.7578125
41182,-2.0237732,-0.34179688,1.6064453
41183,-2.0689392,-0.48294067,1.7250061
41184,-1.9474792,-0.41625977,1.6290283
41185,-2.0503235,-0.40527344,1.8476868
41186,-2.1203613,-0.7119751,1.8307495
41187,-2.0153809,-0.87356567,1.8763733
41188,-1.9859314,-0.94146728,1.8476868
41189,-1.945343,-0.92376709,1.7472839
41190,-2.084198,-1.2181091,1.8258667
41191,-1.8901062,-0.86654663,1.9369507
41192,-2.023468,-0.88745117,1.9430542
41193,-1.7900085,-0.85205078,2.0080566
41194,-1.7848206,-0.8682251,2.0300293
41195,-1.7559814,-1.1047363,1.7721558
41196,-1.6978455,-1.184082,1.9567871
41197,-1.605835,-1.2191772,1.9534302
41198,-1.5142822,-1.4445496,1.9303894
41199,-1.5917969,-1.4265442,2.0440674
41200,-1.5544128,-1.3690186,1.9989014
41201,-1.3731384,-1.4381409,1.9877625
41202,-1.4228821,-1.5982056,1.9496155
41203,-1.4031982,-1.7518616,1.8971252
41204,-1.3821411,-1.7208862,1.7910767
41205,-1.277771,-1.7378235,1.7060852
41206,-1.1459351,-1.8476868,1.6029358
41207,-1.1343384,-1.8746948,1.8891907
41208,-1.0388184,-1.8783569,1.8164063
41209,-0.97717285,-1.9616699,1.9328308
41210,-0.90423584,-1.7910767,1.842041
41211,-0.83740234,-1.7256165,1.8482971
41212,-0.78704834,-1.73172,1.9287109
41213,-0.7699585,-1.8545532,1.9340515
41214,-0.74905396,-1.9567871,1.9845581
41215,-0.66802978,-2.0677185,1.930542
41216,-0.52917481,-2.0864868,1.8818665
41217,-0.54504394,-2.0419312,1.9174194
41218,-0.50003052,-2.3269653,1.9056702
41219,-0.32104492,-2.3965454,1.7214966
41220,-0.29769897,-2.2904968,1.8548584
41221,-0.30944824,-2.1542358,1.7520142
41222,-0.2130127,-2.2229004,1.5538025
41223,-0.21560669,-2.3069763,1.6844177
41224,-0.16967773,-2.1850586,1.5681458
41225,-0.10528565,-2.359314,1.5567017
41226,-0.13656616,-2.4510193,1.5283203
41227,-0.15991211,-2.4197388,1.4653015
41228,0.0340271,-2.4586487,1.3240051
41229,0.079498291,-2.4363708,1.3699341
41230,0.11550903,-2.371521,1.4569092
41231,0.20126343,-2.3796082,1.3652039
41232,0.19683838,-2.4111938,1.2767029
41233,0.23300171,-2.4250793,1.3171387
41234,0.1751709,-2.4620056,1.2843323
41235,0.4498291,-2.5267029,1.1228943
41236,0.46020508,-2.5773621,1.0832214
41237,0.57800293,-2.5131226,0.97793579
41238,0.5921936,-2.7629089,1.0389709
41239,0.52841187,-2.4598694,0.90393066
41240,0.79483032,-2.4157715,0.78384399
41241,0.68115234,-2.3129272,0.74737549
41242,0.7409668,-2.3968506,0.86074829
41243,0.77651978,-2.2337341,0.71777344
41244,0.76446533,-2.406311,0.73928833
41245,0.8039856,-2.4732971,0.60180664
41246,0.9046936,-2.4714661,0.46920776
41247,0.85723877,-2.3718262,0.48095703
41248,0.96618652,-2.2796631,0.49636841
41249,0.95199585,-2.1850586,0.49865723
41250,1.0820007,-2.2297668,0.37292481
41251,1.0501099,-2.1981812,0.4196167
41252,1.1436462,-2.1806335,0.10513306
41253,1.1222839,-2.224884,0.16998291
41254,1.1882019,-2.0085144,0.12145996
41255,1.2518311,-2.0555115,0.084381104
41256,1.2677002,-2.0013428,0.039215088
41257,1.3076782,-1.9223022,0.12252808
41258,1.2036133,-2.063446,-0.037536621
41259,1.2921143,-1.9340515,-0.19699097
41260,1.3008118,-1.9598389,-0.082397461
41261,1.1801147,-1.746521,-0.088195801
41262,1.3337708,-1.8328857,-0.23040772
41263,1.3552856,-1.7210388,-0.26245117
41264,1.3002014,-1.786499,-0.36270142
41265,1.1593628,-1.6906738,-0.34698486
41266,1.3531494,-1.8421936,-0.55038452
41267,1.2519836,-1.4581299,-0.50109863
41268,1.2704468,-1.4393616,-0.70388794
41269,1.2268066,-1.3122559,-0.72189331
41270,1.4465332,-1.2339783,-0.63598633
41271,1.2133789,-1.1195374,-0.67214966
41272,1.3793945,-1.2158203,-0.86303711
41273,1.2637329,-1.2619019,-1.0534668
41274,1.1372375,-1.089325,-0.82641602
41275,1.2467957,-0.99395752,-0.82397461
41276,1.0414124,-1.101532,-0.80413818
41277,1.1364746,-0.99182129,-0.96832275
41278,1.0095215,-1.0037231,-0.87249756
41279,0.97686768,-0.9664917,-0.88088989
41280,1.1175537,-0.80688477,-0.98876953
41281,1.2460327,-0.83450317,-1.0224915
41282,1.1364746,-0.80490112,-1.1961365
41283,1.0430908,-0.52001953,-1.1364746
41284,1.0641479,-0.54992676,-1.2739563
41285,1.1126709,-0.48706055,-1.2153625
41286,1.1108398,-0.27099609,-1.2185669
41287,0.94360352,-0.34515381,-1.1024475
41288,1.0127258,-0.20385742,-1.3879395
41289,0.93826294,-0.19744873,-1.3739014
41290,0.87158203,-0.18295288,-1.3621521
41291,0.78781128,-0.041503906,-1.4611816
41292,0.74859619,0.007781982,-1.5063477
41293,0.52551269,-0.06439209,-1.4805603
41294,0.75149536,0.043029785,-1.5556335
41295,0.60546875,0.048828125,-1.4753723
41296,0.6098938,0.16296387,-1.3537598
41297,0.66314697,0.034942627,-1.4416504
41298,0.56762695,0.29724121,-1.3504028
41299,0.57159424,0.34210205,-1.2522888
41300,0.52062988,0.42114258,-1.3304138
41301,0.56243897,0.39154053,-1.5544128
41302,0.35995483,0.48522949,-1.4544678
41303,0.44204712,0.61523438,-1.5066528
41304,0.30136108,0.4524231,-1.4503479
41305,0.21224976,0.43228149,-1.5164185
41306,0.13198853,1.3420105,-1.4335632
41307,0.17913818,0.78704834,-1.4888
41308,0.19683838,0.81130981,-1.2451172
41309,-0.040283203,0.61462402,-1.3500977
41310,-0.068511963,0.65093994,-1.2677002
41311,-0.19256592,0.88851929,-1.2963867
41312,-0.16281128,0.82397461,-1.340332
41313,-0.22399902,0.98205566,-1.4093018
41314,-0.28488159,1.0827637,-1.3023376
41315,-0.37612915,1.0768127,-1.4465332
41316,-0.33477783,1.0900879,-1.257782
41317,-0.49453735,1.3348389,-1.1265564
41318,-0.64575195,1.2957764,-1.1917114
41319,-0.74188232,1.3812256,-1.0293579
41320,-0.83053589,1.1843872,-1.0762024
41321,-0.65475464,1.1897278,-0.9513855
41322,-0.92453003,1.1398315,-0.79376221
41323,-0.7522583,1.2646484,-0.89126587
41324,-0.87814331,1.4845276,-0.83175659
41325,-1.0227966,1.3572693,-0.8605957
41326,-0.88378906,1.4900208,-0.85723877
41327,-0.94970703,1.4770508,-0.78598022
41328,-1.0099792,1.2516785,-0.68328857
41329,-1.2060547,1.3763428,-0.62911987
41330,-1.1201477,1.2295532,-0.59570313
41331,-1.2750244,1.2695313,-0.65750122
41332,-1.3417053,1.3346863,-0.5871582
41333,-1.361084,1.3265991,-0.42388916
41334,-1.4607239,1.3562012,-0.37750244
41335,-1.4138794,1.3697815,-0.44738769
41336,-1.4811707,1.4190674,-0.25573731
41337,-1.5431213,1.3513184,-0.2507019
41338,-1.5429688,1.2329102,-0.15975952
41339,-1.7602539,1.0029602,-0.14083862
41340,-1.6482544,1.2545776,-0.051727295
41341,-1.6436768,1.1505127,0.0050354
41342,-1.8202209,1.2954712,-0.14205933
41343,-1.7907715,1.0682678,-0.01373291
41344,-1.8556213,1.2811279,0.14801025
41345,-1.8606567,1.1665344,0.068511963
41346,-1.8998718,1.2315369,0.1965332
41347,-1.9421387,1.0562134,0.14892578
41348,-1.9589233,1.1793518,0.25863647
41349,-1.9363403,0.89447022,0.23620606
41350,-1.9288635,1.0623169,0.26580811
41351,-2.0506287,1.1421204,0.36148071
41352,-2.0210266,1.0317993,0.43762207
41353,-2.2088623,1.0127258,0.64208984
41354,-2.1331787,0.82901001,0.47698975
41355,-1.7962646,1.0369873,0.35430908
41356,-2.2724915,0.86685181,0.81314087
41357,-2.2621155,0.69244385,0.70144653
41358,-2.3440552,0.66864014,0.70800781
41359,-2.4113464,0.71014404,0.75683594
41360,-2.1826172,0.6362915,0.91644287
41361,-2.2996521,0.72967529,0.74310303
41362,-2.3406982,0.50735474,1.1190796
41363,-2.2613525,0.4385376,0.8480835
41364,-2.2833252,0.46340942,0.97915649
41365,-2.2134399,0.42938232,1.1752319
41366,-2.2018433,0.32333374,1.1474609
41367,-2.2434998,0.14709473,1.242981
41368,-2.2836304,0.31158447,1.2887573
41369,-2.1853638,0.18280029,1.3217163
41370,-2.149353,0.049591064,1.4086914
41371,-2.0025635,0.30792236,1.3873291
41372,-2.1224976,1.1782837,1.2750244
41373,-2.2471619,0.13320923,1.2509155
41374,-2.1939087,-0.20019531,1.723938
41375,-2.093811,-0.20187378,1.6824341
41376,-2.0524597,-0.13458252,1.6333008
41377,-2.1255493,-0.22766113,1.665802
41378,-2.1325684,-0.37841797,1.4776611
41379,-2.1488953,-0.34454346,1.6569519
41380,-2.089386,-0.45944214,1.7652893
41381,-2.1382141,-0.59509277,1.8753052
41382,-1.7892456,-0.43807983,1.8293762
41383,-1.9866943,-0.56259155,1.8638611
41384,-2.0092773,-0.84671021,1.6265869
41385,-2.0204163,-0.83312988,1.7658997
41386,-2.011261,-0.78430176,1.9398499
41387,-1.9815063,-0.87142944,1.9023132
41388,-1.8251038,-0.9425354,1.9662476
41389,-1.7982483,-1.0571289,1.8644714
41390,-1.9059753,-0.95214844,1.9203186
41391,-1.6644287,-1.0668945,1.9534302
41392,-1.733551,-1.2744141,2.0094299
41393,-1.6217041,-1.3874817,2.068634
41394,-1.648407,-1.5658569,1.8478394
41395,-1.5827942,-1.5878296,1.7495728
41396,-1.6957092,-1.4624023,1.8580627
41397,-1.6769409,-1.4175415,2.1124268
41398,-1.3143921,-1.2399292,2.1325684
41399,-1.4598084,-1.3200378,2.1774292
41400,-1.3763428,-1.5440369,2.1047974
41401,-1.3800049,-1.8904114,1.9367981
41402,-1.280365,-1.9891357,1.8371582
41403,-1.0852051,-1.6760254,1.7453003
41404,-1.1878967,-1.8489075,1.8266296
41405,-1.0916138,-1.8649292,2.0079041
41406,-1.0345459,-1.9654846,2.0108032
41407,-0.93353272,-1.6592407,1.9322205
41408,-0.92849731,-1.9029236,2.0484924
41409,-0.70877075,-2.0144653,1.8916321
41410,-0.80078125,-1.8716431,1.7436218
41411,-0.72723389,-2.0542908,1.81427
41412,-0.74157715,-2.0852661,2.0274353
41413,-0.60058594,-2.1366882,1.6781616
41414,-0.62240601,-2.0465088,1.7276001
41415,-0.31814575,-2.0223999,1.7485046
41416,-0.52597046,-2.1592712,1.6737366
41417,-0.41015625,-2.2021484,1.7718506
41418,-0.36956787,-2.217865,1.7512512
41419,-0.38726807,-2.0477295,1.789856
41420,-0.28411865,-2.2019958,1.7420959
41421,-0.28793335,-2.1485901,1.6694641
41422,-0.24993897,-2.3422241,1.6601563
41423,-0.020294189,-2.220459,1.6934204
41424,-0.16738892,-2.3461914,1.5737915
41425,-0.043182373,-2.2297668,1.4385986
41426,0.047607422,-2.4937439,1.5603638
41427,0.19622803,-2.4099731,1.466217
41428,0.40802002,-2.2589111,1.3424683
41429,0.3326416,-2.3709106,1.2088013
41430,0.50140381,-2.3973083,1.171875
41431,0.30563355,-2.48703,1.000824
41432,0.31921387,-2.5137329,1.0636902
41433,0.45959473,-2.4200439,1.1528015
41434,0.56289673,-2.6495361,1.1207581
41435,0.60714722,-2.2424316,1.1125183
41436,0.75256348,-2.4891663,1.0621643
41437,0.7673645,-2.5888062,0.97183228
41438,0.67749023,-2.4598694,0.83251953
41439,0.84289551,-2.6173401,0.68893433
41440,0.77468872,-2.5312805,0.67077637
41441,0.87524414,-2.444458,0.65536499
41442,0.8883667,-2.3442078,0.71517944
41443,0.82992554,-2.278595,0.61279297
41444,0.98922729,-2.1235657,0.59341431
41445,0.92407227,-2.0233154,0.57266235
41446,0.89157104,-2.129364,0.56472778
41447,0.86959839,-2.1879578,0.32333374
41448,0.97442627,-2.149353,0.48660278
41449,0.99502563,-2.2642517,0.41213989
41450,1.1575317,-2.0765686,0.36346436
41451,1.1254883,-2.0126343,0.2230835
41452,1.1468506,-1.9381714,0.14953613
41453,1.1585999,-2.074585,0.060272217
41454,1.2701416,-2.0639038,-0.13427734
41455,1.2072754,-2.13974,-0.15274048
41456,1.2768555,-1.985321,-0.096282959
41457,1.1607361,-1.8833923,-0.37857056
41458,1.4181519,-1.7997742,-0.3125
41459,1.280365,-1.817627,-0.36056519
41460,1.3024902,-1.8273926,-0.35812378
41461,1.3346863,-1.819458,-0.47195435
41462,1.2962341,-1.7306519,-0.44265747
41463,1.37146,-1.5821838,-0.39337158
41464,1.2756348,-1.6577148,-0.38269043
41465,1.3647461,-1.6088867,-0.69152832
41466,1.4720154,-1.6331482,-0.70907593
41467,1.4929199,-1.522522,-0.60272217
41468,1.4900208,-1.3928223,-0.75927734
41469,1.4416504,-1.5026855,-0.82626343
41470,1.3224792,-1.257782,-0.85418701
41471,1.3844299,-1.3253784,-0.88500977
41472,1.257782,-1.2393188,-1.0354614
41473,1.2065125,-1.1485291,-0.83587647
41474,1.1836243,-1.1604309,-0.96969604
41475,1.2866211,-1.1369324,-0.99533081
41476,1.2945557,-1.0314941,-0.97732544
41477,1.3415527,-0.83847046,-1.1039734
41478,1.3539124,-0.74264526,-1.0784912
41479,1.1645508,-0.72341919,-1.0339355
41480,1.2463379,-1.0150146,-1.2243652
41481,1.1727905,-0.703125,-1.2123108
41482,0.99960327,-0.8203125,-1.1950684
41483,0.89202881,-0.59875488,-1.2158203
41484,0.89767456,-0.35797119,-1.1856079
41485,0.93551636,-0.39855957,-1.1793518
41486,0.89035034,-0.22491455,-1.3768005
41487,1.0247803,-0.27572632,-1.348114
41488,0.97106934,-0.20706177,-1.3601685
41489,0.93994141,-0.079650879,-1.469574
41490,0.85098267,-0.05065918,-1.3822937
41491,0.81420898,0.030975342,-1.2937927
41492,0.82046509,-0.09552002,-1.5612793
41493,0.45318603,-0.19134522,-1.3760376
41494,0.63079834,0.1184082,-1.3256836
41495,0.57632446,0.13275147,-1.3079834
41496,0.56243897,0.1953125,-1.3671875
41497,0.48187256,0.25405884,-1.4111328
41498,0.52246094,0.29541016,-1.6246033
41499,0.47973633,0.27175903,-1.4607239
41500,0.49316406,0.4258728,-1.4942932
41501,0.41625977,0.59280396,-1.3366699
41502,0.30197144,0.52810669,-1.4839172
41503,0.45593262,0.54458618,-1.3830566
41504,0.25787353,0.52307129,-1.5112305
41505,0.2130127,0.65368652,-1.5055847
41506,0.20751953,0.68939209,-1.4315796
41507,0.16342163,1.8145752,-1.3493347
41508,0.018157959,0.95504761,-1.4373779
41509,-0.085906982,0.71899414,-1.3816834
41510,-0.23010254,0.93734741,-1.2106323
41511,-0.098724365,0.97137451,-1.1227417
41512,-0.30212402,0.97167969,-1.2564087
41513,-0.52047729,1.0746765,-1.1242676
41514,-0.6060791,1.2582397,-1.1555481
41515,-0.69229126,1.2263489,-1.0905457
41516,-0.62011719,1.235199,-1.0415649
41517,-0.61538696,1.1819458,-1.0566711
41518,-0.70266724,1.1831665,-1.1268616
41519,-0.69595337,1.1499023,-1.0731506
41520,-0.63095093,1.2026978,-1.1845398
41521,-0.83435059,1.3253784,-1.0058594
41522,-0.87661743,1.3961792,-0.92147827
41523,-0.73471069,1.2918091,-0.9060669
41524,-0.65673828,1.4147949,-0.7421875
41525,-0.94970703,1.2423706,-0.76950073
41526,-0.94329834,1.0394287,-0.79650879
41527,-0.9664917,1.2069702,-0.77255249
41528,-1.0552979,1.3247681,-0.65734863
41529,-0.98937988,1.385498,-0.61355591
41530,-1.1422729,1.3978577,-0.60852051
41531,-1.1967468,1.2748718,-0.57418823
41532,-1.3983154,1.287384,-0.38406372
41533,-1.4039612,1.1758423,-0.5758667
41534,-1.4968872,1.275177,-0.47073364
41535,-1.4562988,1.2306213,-0.55053711
41536,-1.6694641,1.1051941,-0.50521851
41537,-1.4489746,1.2129211,-0.35842895
41538,-1.5925598,1.2397766,-0.27877808
41539,-1.6233826,1.3002014,-0.22857666
41540,-1.6300964,1.3684082,-0.13824463
41541,-1.7549133,1.3095093,0.053710938
41542,-1.9096375,1.5193176,0.097808838
41543,-1.8086243,1.539917,0.14450073
41544,-1.7211914,1.3761902,0.19363403
41545,-1.8562317,1.7012024,0.23620606
41546,-1.6955566,1.5783691,0.23101807
41547,-1.9351196,1.3372803,0.28427124
41548,-1.8771362,1.2104797,0.284729
41549,-1.907959,1.1065674,0.34835815
41550,-2.0542908,1.1773682,0.52749634
41551,-2.0552063,1.0113525,0.54824829
41552,-2.2961426,0.96740723,0.61477661
41553,-2.109375,0.93963623,0.62576294
41554,-2.2514343,0.96084595,0.79940796
41555,-2.0797729,0.9413147,0.67001343
41556,-2.1488953,0.82855225,0.66680908
41557,-2.3271179,0.76599121,0.8291626
41558,-2.3516846,0.77819824,0.82962036
41559,-2.3561096,0.88668823,0.86242676
41560,-2.2096252,0.82366943,0.8517456
41561,-2.2128296,0.60028076,0.92590332
41562,-2.2117615,0.53314209,0.97045898
41563,-2.3176575,0.42129517,1.1405945
41564,-2.2598267,0.29052734,1.2127686
41565,-2.3091125,0.29434204,1.2741089
41566,-2.2784424,0.32226563,1.2641907
41567,-2.3046875,0.37384033,1.2602234
41568,-2.2659302,0.10665894,1.3951111
41569,-2.2761536,0.030822754,1.6143799
41570,-2.1368408,0.090942383,1.3116455
41571,-2.0678711,-0.19210815,1.1573791
41572,-1.9694519,-0.13366699,1.3406372
41573,-2.0977783,-0.58837891,1.4456177
41574,-2.1252441,0.20645142,1.4544678
41575,-2.1394348,0.55953979,1.5803528
41576,-1.9706726,0.84976196,1.7163086
41577,-2.1762085,-0.51971435,1.8386841
41578,-2.1069336,-0.2684021,1.7370605
41579,-2.1429443,-0.32745361,1.7623901
41580,-2.1331787,-0.4574585,1.7901611
41581,-1.9903564,-0.49499512,1.8197632
41582,-1.9613647,-0.6489563,1.7495728
41583,-1.869812,-0.79803467,1.7381287
41584,-1.8667603,-0.74279785,1.7425537
41585,-1.8266296,-0.69717407,1.9287109
41586,-1.7092896,-0.6716919,1.8327332
41587,-1.9042969,-0.70220947,1.8614197
41588,-1.769104,-0.88150024,1.8191528
41589,-1.9480896,-1.0794067,1.9862366
41590,-1.663208,-1.1242676,1.9848633
41591,-1.7576599,-1.1064148,1.8786621
41592,-1.6943359,-1.0090637,2.1438599
41593,-1.6603088,-1.1662292,2.1452332
41594,-1.5354919,-1.3237,1.9586182
41595,-1.532135,-1.315918,1.8257141
41596,-1.5525818,-1.3240051,1.8899536
41597,-1.4920044,-1.4527893,1.907196
41598,-1.6702271,-1.5763855,1.8093872
41599,-1.3887024,-1.600647,1.7448425
41600,-1.3456726,-1.5422058,1.9271851
41601,-1.2226868,-1.6085815,1.9412231
41602,-1.3473511,-1.6627502,1.9874573
41603,-1.3375854,-1.8244934,1.8902588
41604,-1.2298584,-1.6169739,2.0324707
41605,-1.0610962,-1.6624451,2.0289612
41606,-0.92758179,-1.8547058,1.9041443
41607,-0.87234497,-1.7347717,2.0057678
41608,-0.97640991,-1.8960571,1.8901062
41609,-0.90774536,-1.7399597,2.0083618
41610,-0.76919556,-1.9276428,1.8978882
41611,-0.55343628,-1.965332,1.8731689
41612,-0.6918335,-1.9979858,1.9239807
41613,-0.64636231,-2.1238708,1.9207764
41614,-0.54107666,-1.9569397,1.796875
41615,-0.4850769,-1.8952942,1.8106079
41616,-0.42709351,-2.0770264,1.5634155
41617,-0.30197144,-2.1058655,1.5686035
41618,-0.18218994,-1.882782,1.5382385
41619,-0.15075684,-1.8791199,1.5519714
41620,-0.056610107,-2.1536255,1.5522766
41621,-0.077819824,-2.2509766,1.3973999
41622,0.091094971,-2.2894287,1.594696
41623,-0.046081543,-2.406311,1.4277649
41624,0.002746582,-2.489624,1.3795471
41625,0.014190674,-2.4156189,1.3534546
41626,0.070495605,-2.288208,1.3601685
41627,0.20217895,-2.2279358,1.3531494
41628,0.20324707,-2.3529053,1.2023926
41629,0.14968872,-2.3596191,1.1425781
41630,0.31005859,-2.3919678,1.1787415
41631,0.51223755,-2.3184204,1.109314
41632,0.38818359,-2.2912598,1.1010742
41633,0.43060303,-2.5259399,1.0995483
41634,0.61767578,-2.4935913,0.94085693
41635,0.6312561,-2.4674988,1.0275269
41636,0.58364868,-2.4917603,0.95016479
41637,0.66680908,-2.6765442,0.79986572
41638,0.70266724,-2.4328613,0.72128296
41639,0.66894531,-2.0884705,0.59082031
41640,0.68084717,-2.1934509,0.65917969
41641,0.77758789,-2.0849609,0.47851563
41642,0.96832275,-2.3051453,0.5632019
41643,0.75149536,-2.256012,0.61889648
41644,0.9034729,-2.3471069,0.45379639
41645,0.74066162,-2.109375,0.40466309
41646,0.86074829,-2.0281982,0.40939331
41647,0.93215942,-2.1018982,0.41137695
41648,1.0081482,-2.1118164,0.29251099
41649,1.0577393,-2.1365356,0.21179199
41650,1.0519409,-2.1513367,0.094146729
41651,0.97229004,-2.0649719,0.12619019
41652,1.0562134,-1.9895935,0.083618164
41653,1.1128235,-1.9773865,0.14816284
41654,1.1329651,-1.8736267,-0.046081543
41655,1.1747742,-1.8045044,-0.14282227
41656,1.2028503,-1.7724609,-0.15670776
41657,1.2011719,-1.8492126,-0.28915405
41658,1.1105347,-1.6539001,-0.24246216
41659,1.0601807,-1.6690063,-0.27740478
41660,1.1868286,-1.5771484,-0.3918457
41661,1.1831665,-1.5483093,-0.42572022
41662,1.2435913,-1.6326904,-0.42617798
41663,1.2174988,-1.5200806,-0.48919678
41664,1.1802673,-1.4892578,-0.48706055
41665,1.072998,-1.1967468,-0.61981201
41666,1.1772156,-1.1404419,-0.51101685
41667,1.1328125,-1.0655212,-0.59936523
41668,1.0415649,-1.1468506,-0.67016602
41669,1.157074,-1.0746765,-0.64758301
41670,1.1689758,-1.0127258,-0.70968628
41671,1.1410522,-1.0273743,-0.8517456
41672,1.111145,-0.83358765,-0.91827393
41673,1.0246277,-0.82046509,-0.8480835
41674,1.1048889,-0.89859009,-0.75668335
41675,1.0334778,-0.8581543,-0.92437744
41676,0.92651367,-0.61981201,-0.87890625
41677,0.99822998,-0.83648682,-0.88912964
41678,0.93139648,-0.75820923,-1.0868835
41679,0.98983765,-0.73913574,-0.97640991
41680,0.83755493,-0.61035156,-1.068573
41681,0.80963135,-0.58059692,-1.1177063
41682,0.83480835,-0.4989624,-1.1286926
41683,0.81161499,-0.40634155,-1.1888123
41684,0.92819214,-0.24124145,-1.1395264
41685,0.82443237,-0.20431519,-1.1412048
41686,0.82397461,-0.40466309,-1.0974121
41687,0.81039429,-0.26123047,-1.2557983
41688,0.74523926,-0.24780273,-1.2225342
41689,0.55953979,-0.010223389,-1.2594604
41690,0.63049316,-0.042266846,-1.1975098
41691,0.68023682,0.04989624,-1.1122131
41692,0.4309082,-0.062408447,-1.375885
41693,0.38009644,-0.14953613,-1.3357544
41694,0.5178833,0.1234436,-1.3572693
41695,0.34225464,0.072174072,-1.1206055
41696,0.56640625,0.23590088,-1.126709
41697,0.3225708,0.31860352,-1.1264038
41698,0.31600952,0.23406982,-1.2516785
41699,0.30883789,0.46478272,-1.1314392
41700,0.30090332,0.46188355,-1.4105225
41701,0.075836182,0.50186157,-0.87463379
41702,-0.015869141,0.77316284,-1.2548828
41703,0.082397461,0.59814453,-1.2113953
41704,0.1210022,0.67123413,-1.2338257
41705,-0.065155029,0.48751831,-1.1480713
41706,-0.22781372,0.63201904,-1.4086914
41707,-0.22644043,0.58547974,-1.2565613
41708,-0.15930176,1.2628174,-1.2643433
41709,-0.21850586,0.76843262,-1.1943054
41710,-0.34118652,0.86105347,-1.0580444
41711,-0.50247192,0.95916748,-0.94009399
41712,-0.46447754,1.0780334,-0.93429565
41713,-0.52078247,1.0568237,-1.0401916
41714,-0.55908203,1.0943604,-1.0717773
41715,-0.59967041,1.1157227,-0.83801269
41716,-0.61157227,1.0209656,-0.83435059
41717,-0.71624756,1.1767578,-0.6954956
41718,-0.75881958,1.0670471,-0.90576172
41719,-0.76843262,0.98876953,-0.79284668
41720,-0.85479736,1.1869812,-0.9425354
41721,-0.76080322,1.2374878,-0.75683594
41722,-0.91445923,1.197052,-0.69412231
41723,-1.0244751,1.0595703,-0.65368652
41724,-1.1126709,1.083374,-0.48797607
41725,-1.1273193,1.0565186,-0.45730591
41726,-1.073761,1.1309814,-0.62179565
41727,-1.1999512,1.0980225,-0.34515381
41728,-1.1947632,1.0879517,-0.34545898
41729,-1.3346863,1.1834717,-0.35827637
41730,-1.3586426,1.1120605,-0.32440186
41731,-1.5075684,1.0015869,-0.24749756
41732,-1.4485168,1.0995483,-0.059661865
41733,-1.4260864,1.0662842,-0.082397461
41734,-1.2957764,1.1833191,-0.065002441
41735,-1.3885498,1.1123657,-0.16021728
41736,-1.4239502,1.0566711,0.13275147
41737,-1.521759,1.0108948,-0.073394775
41738,-1.5283203,1.109314,0.0440979
41739,-1.6543579,1.0220337,0.20553589
41740,-1.6600037,0.89553833,0.078277588
41741,-1.6203308,1.0449219,0.061035156
41742,-1.7172241,1.2237549,0.1953125
41743,-1.7605591,0.98648071,0.15914917
41744,-1.855011,1.0263062,0.23483276
41745,-1.6564941,1.0041809,0.32104492
41746,-1.9189453,0.9854126,0.42648315
41747,-1.9992065,0.82229614,0.39276123
41748,-1.9017029,0.73440552,0.40527344
41749,-1.8708801,0.72387695,0.56335449
41750,-1.8942261,0.77774048,0.53390503
41751,-2.1122742,0.69793701,0.53100586
41752,-1.9711304,0.69168091,0.53283691
41753,-1.9390869,0.71044922,0.64819336
41754,-2.0858765,0.56808472,0.79269409
41755,-1.9152832,0.62469482,0.66589356
41756,-1.938324,0.38665772,0.72052002
41757,-1.8717957,0.58685303,0.88165283
41758,-1.8716431,0.46447754,0.91644287
41759,-1.938324,0.28289795,0.89645386
41760,-1.9003296,0.42663574,0.97869873
41761,-1.8643188,0.40283203,1.1083984
41762,-1.9396973,0.14404297,1.0321045
41763,-1.9387817,0.08682251,1.1071777
41764,-1.9934082,-0.061340332,1.1329651
41765,-2.0092773,-0.099945068,0.99365234
41766,-1.9706726,-0.074615479,1.1721802
41767,-2.0401001,0.040283203,0.98083496
41768,-2.0198059,-0.17440796,1.3031006
41769,-1.9485474,-0.18280029,1.2231445
41770,-1.9111633,-0.27572632,1.3555908
41771,-1.9406128,-0.33508301,1.5029907
41772,-1.8521118,-0.2822876,1.3916016
41773,-1.8661499,-0.37811279,1.4680481
41774,-1.8499756,-0.48416138,1.5779114
41775,-1.8469238,-0.61004639,1.5190125
41776,-1.9056702,-0.55404663,1.5328979
41777,-1.8664551,-0.48202515,1.81427
41778,-1.7539978,-0.50354004,1.5235901
41779,-1.8267822,-0.6842041,1.6934204
41780,-1.7861938,-0.60974121,1.8310547
41781,-1.630249,-0.71289063,1.8937683
41782,-1.6903687,-0.69335938,1.7541504
41783,-1.7185974,-0.9475708,1.7498779
41784,-1.6809082,-0.94543457,1.8153381
41785,-1.6725159,-0.99136353,1.8397522
41786,-1.6098022,-0.98815918,1.8141174
41787,-1.4382935,-1.0968018,1.8995666
41788,-1.5367126,-1.2409973,1.7004395
41789,-1.5292358,-1.3967896,1.9436646
41790,-1.4813232,-1.242218,1.9683838
41791,-1.4242554,-1.2260437,2.0100403
41792,-1.441803,-1.2443542,2.0027161
41793,-1.3461304,-1.3395691,1.8850708
41794,-1.2858582,-1.4631653,1.8112183
41795,-1.242981,-1.4968872,1.8411255
41796,-1.1309814,-1.5579224,1.9766235
41797,-1.0917664,-1.5437317,1.6740417
41798,-1.0519409,-1.741333,1.7951965
41799,-0.88043213,-1.7256165,1.8391418
41800,-0.94177246,-1.8359375,1.8664551
41801,-0.83908081,-1.8286133,1.7137146
41802,-0.86578369,-1.6331482,1.5957642
41803,-0.6388855,-1.6433716,1.7483521
41804,-0.60913086,-1.8083191,1.7379761
41805,-0.75119019,-1.8107605,1.7727661
41806,-0.71868897,-1.8539429,1.7195129
41807,-0.55725098,-1.831665,1.6001892
41808,-0.54733276,-2.0385742,1.5966797
41809,-0.56457519,-2.0007324,1.5991211
41810,-0.40893555,-2.0367432,1.5400696
41811,-0.42800903,-2.0803833,1.5242004
41812,-0.41534424,-2.1337891,1.5460205
41813,-0.36239624,-2.0570374,1.6143799
41814,-0.25314331,-2.0776367,1.3700867
41815,-0.13854981,-1.9787598,1.3478088
41816,0.013580322,-2.000885,1.4877319
41817,-0.077819824,-2.0558167,1.3720703
41818,-0.087890625,-2.0863342,1.4506531
41819,-0.017700195,-2.1582031,1.3710022
41820,0.032043457,-2.2192383,1.2808228
41821,-0.048675537,-2.2105408,1.0618591
41822,0.20858765,-2.2521973,1.0140991
41823,0.17852783,-2.0840454,1.023407
41824,0.33615112,-2.1009827,1.0745239
41825,0.30960083,-1.9335938,0.99822998
41826,0.3604126,-2.0544434,1.1230469
41827,0.41671753,-2.0777893,1.050415
41828,0.41198731,-2.0384216,1.0063171
41829,0.46264648,-2.0742798,0.99182129
41830,0.5229187,-2.0979309,0.85327148
41831,0.56259155,-2.2425842,0.72662353
41832,0.60928345,-2.1279907,0.73745728
41833,0.57281494,-2.1646118,0.70877075
41834,0.66833496,-2.1662903,0.63034058
41835,0.66375732,-2.0935059,0.65444946
41836,0.73532104,-2.0162964,0.57266235
41837,0.7850647,-2.1968079,0.46875
41838,0.79666138,-2.0635986,0.40344238
41839,0.80032349,-2.0089722,0.43762207
41840,0.82443237,-2.0547485,0.32196045
41841,0.8114624,-1.9371033,0.31860352
41842,0.80215454,-2.0321655,0.15090942
41843,0.87600708,-1.8753052,0.2571106
41844,0.99441528,-2.1020508,0.20584106
41845,1.1245728,-2.0671082,0.10513306
41846,0.98510742,-1.6877747,0.11260986
41847,0.94070435,-1.7245483,0.024414063
41848,0.86242676,-1.7608643,-0.016479492
41849,0.97137451,-1.8206787,-0.18554688
41850,0.95230103,-1.8721008,-0.054016113
41851,0.79711914,-1.806488,-0.16845703
41852,0.97076416,-1.5486145,-0.19119263
41853,1.018219,-1.5878296,-0.25665283
41854,1.0217285,-1.5060425,-0.28762817
41855,1.0876465,-1.3964844,-0.43380737
41856,1.1123657,-1.5533447,-0.29754639
41857,1.1230469,-1.4227295,-0.54199219
41858,1.1473084,-1.4100647,-0.43273926
41859,1.0316467,-1.2284851,-0.38330078
41860,1.0980225,-1.3291931,-0.50048828
41861,0.93826294,-1.2884521,-0.4876709
41862,1.0829163,-1.1825562,-0.73928833
41863,1.0388184,-1.1547852,-0.61126709
41864,1.1639404,-1.1308289,-0.68664551
41865,1.1195374,-1.1195374,-0.72631836
41866,1.1172485,-0.97503662,-0.69824219
41867,1.1196899,-1.0195923,-0.84884644
41868,0.99243164,-0.88699341,-0.81512451
41869,0.92651367,-0.71411133,-0.8152771
41870,0.93093872,-0.73348999,-0.81939697
41871,0.8392334,-0.6578064,-0.86395264
41872,0.78796387,-0.44616699,-1.0191345
41873,1.0218811,-0.43777466,-1.0037231
41874,0.83862305,-0.46783447,-1.0754395
41875,0.68572998,-0.48248291,-1.0331726
41876,0.86135864,-0.45944214,-1.1750793
41877,0.80154419,-0.35812378,-1.0804749
41878,0.83084106,-0.27587891,-1.1306763
41879,0.82946777,-0.12054443,-1.1727905
41880,0.79620361,-0.03036499,-1.1114502
41881,0.69747925,-0.003814697,-1.0598755
41882,0.62850952,0.094451904,-1.1227417
41883,0.52917481,0.13702393,-1.2478638
41884,0.22781372,-0.3515625,-1.4935303
41885,0.40710449,-0.43685913,-1.4898682
41886,0.19088745,-0.24459839,-1.4259338
41887,0.20828247,0.023803711,-1.5538025
41888,0.51376343,0.20385742,-1.3684082
41889,0.43045044,0.36804199,-1.3938904
41890,0.41381836,0.31738281,-1.2353516
41891,0.25482178,0.26092529,-1.1392212
41892,0.17990112,0.33691406,-1.109314
41893,0.1713562,0.44143677,-1.3024902
41894,0.16113281,0.54260254,-1.1717224
41895,0.067443848,0.46142578,-1.2460327
41896,-0.011444092,0.5154419,-1.2471008
41897,-0.043792725,0.60058594,-1.3467407
41898,-0.15914917,0.44128418,-1.3265991
41899,-0.16143799,0.62179565,-1.2297058
41900,-0.20629883,0.76980591,-1.1376953
41901,-0.13931274,0.78048706,-1.1761475
41902,-0.4574585,0.82061768,-1.1062622
41903,-0.37307739,1.0015869,-1.1155701
41904,-0.31173706,0.95703125,-0.92544556
41905,-0.46478272,1.0380554,-1.0397339
41906,-0.6149292,1.1573791,-0.99197388
41907,-0.49880981,1.0842896,-1.0176086
41908,-0.59738159,1.065979,-0.99945068
41909,-0.52444458,1.1120605,-0.94207764
41910,-0.68389893,1.0072327,-0.96817017
41911,-0.61935425,1.1981201,-0.93673706
41912,-0.88973999,1.3058472,-0.91003418
41913,-0.84365845,1.1184692,-0.82763672
41914,-0.89263916,1.1590576,-0.76034546
41915,-0.96099853,1.2660217,-0.72067261
41916,-1.0412598,1.1903381,-0.68893433
41917,-1.0966492,1.1929321,-0.6489563
41918,-1.121521,1.2214661,-0.64727783
41919,-1.1312866,1.2580872,-0.57189941
41920,-1.2358093,1.2683105,-0.40222168
41921,-1.3156128,1.2533569,-0.40420532
41922,-1.2817383,1.2724304,-0.47439575
41923,-1.4172363,1.320343,-0.36743164
41924,-1.3194275,1.0943604,-0.39138794
41925,-1.3801575,1.1763,-0.34896851
41926,-1.4292908,1.136322,-0.35247803
41927,-1.2875366,1.1721802,-0.24047852
41928,-1.7074585,0.70587158,-0.40527344
41929,-1.5603638,0.95794678,-0.20355225
41930,-1.6503906,1.0125732,-0.068511963
41931,-1.5789795,1.0238647,-0.03326416
41932,-1.7355347,1.1161804,0.103302
41933,-1.6203308,1.1114502,0.10498047
41934,-1.7677307,1.2408447,0.27984619
41935,-1.7398071,1.1451721,0.26046753
41936,-1.7683411,1.0423279,0.22323608
41937,-1.7808533,1.0144043,0.45303345
41938,-1.9818115,1.0054016,0.43823242
41939,-2.0353699,0.82168579,0.49743652
41940,-1.811676,0.98937988,0.54855347
41941,-1.9236755,0.81420898,0.66040039
41942,-1.7964172,0.87600708,0.60333252
41943,-1.9850159,0.78155518,0.72479248
41944,-2.1284485,0.7107544,0.66940308
41945,-1.9760132,0.58044434,0.6326294
41946,-2.0262146,0.70724487,0.91613769
41947,-1.9607544,0.5406189,0.71777344
41948,-2.0056152,0.69656372,0.85571289
41949,-2.0840454,0.73898315,0.91079712
41950,-2.1614075,0.51391602,0.86547852
41951,-2.0639038,0.37963867,0.92254639
41952,-2.1949768,0.45227051,0.86929321
41953,-2.1144104,0.29510498,0.9173584
41954,-2.2235107,0.40237427,1.1332703
41955,-2.0198059,0.26977539,1.1268616
41956,-2.1151733,0.22491455,1.288147
41957,-2.1775818,0.14755249,1.3529968
41958,-2.1611023,0.028839111,1.343689
41959,-2.096405,0.052490234,1.3066101
41960,-1.993103,0.037841797,1.4175415
41961,-1.9914246,0.069885254,1.5802002
41962,-2.1214294,-0.095672607,1.5693665
41963,-2.0977783,-0.067901611,1.5838623
41964,-1.9865417,-0.092010498,1.3587952
41965,-2.0410156,-0.26245117,1.7337036
41966,-1.927948,-0.26916504,1.6581726
41967,-1.9126892,-0.32943726,1.4945984
41968,-1.8994141,-0.33203125,1.5519714
41969,-1.965332,-0.40679932,1.8515015
41970,-1.9250488,-0.49026489,1.7718506
41971,-1.781311,-0.53283691,1.6902161
41972,-1.8112183,-0.94238281,1.8113709
41973,-1.8356323,-0.98388672,1.7605591
41974,-1.8431091,-0.86959839,1.8464661
41975,-1.8424988,-0.8517456,1.803894
41976,-1.6693115,-0.76934815,1.8840027
41977,-1.6455078,-0.81924438,1.8981934
41978,-1.6976929,-0.8531189,2.015686
41979,-1.5409851,-1.0171509,2.1279907
41980,-1.5431213,-1.0824585,2.1331787
41981,-1.5516663,-1.2858582,2.1484375
41982,-1.5388489,-1.1399841,2.0346069
41983,-1.4526367,-1.2078857,2.0901489
41984,-1.4814758,-1.2049866,1.8708801
41985,-1.4395142,-1.4692688,1.8606567
41986,-1.3757324,-1.4279175,1.8856812
41987,-1.3793945,-1.5222168,1.9172668
41988,-1.3182068,-1.6973877,1.8132019
41989,-1.3052368,-1.8548584,1.8312073
41990,-1.1027527,-1.6740417,1.9168091
41991,-1.1151123,-1.6201782,1.8841553
41992,-1.0449219,-1.6609192,1.9473267
41993,-1.1895752,-1.9798279,1.8133545
41994,-1.0777283,-1.8821716,1.8180847
41995,-0.94894409,-1.7384338,1.8362427
41996,-0.72296143,-1.7272949,1.9506836
41997,-0.70877075,-1.8292236,2.0074463
41998,-0.70877075,-1.8347168,1.8710327
41999,-0.7359314,-1.8321228,1.9587708
42000,-0.65231323,-1.8275452,1.7939758
42001,-0.4536438,-1.9337463,1.9215393
42002,-0.34927368,-1.9320679,1.8127441
42003,-0.41015625,-2.1922302,1.8644714
42004,-0.44555664,-2.0080566,1.7073059
42005,-0.49087524,-2.0883179,1.6836548
42006,-0.36148071,-2.1037292,1.65802
42007,-0.25741577,-2.1144104,1.7895508
42008,-0.21270752,-2.1615601,1.5415955
42009,-0.18783569,-2.1615601,1.7677307
42010,-0.057983398,-2.4156189,1.4680481
42011,-0.059814453,-2.3269653,1.4900208
42012,0.021820068,-2.3562622,1.5332031
42013,0.065155029,-2.4191284,1.5341187
42014,0.074310303,-2.2872925,1.426239
42015,0.22842407,-2.3791504,1.2236023
42016,0.2571106,-2.3751831,1.4245605
42017,0.36499023,-2.3471069,1.3983154
42018,0.3352356,-2.5666809,1.1029053
42019,0.39382935,-2.3516846,1.086731
42020,0.31829834,-2.2769165,1.0765076
42021,0.39505005,-2.2769165,1.0070801
42022,0.34347534,-2.4215698,1.0287476
42023,0.63522339,-2.2937012,0.95870972
42024,0.59448242,-2.3483276,0.78552246
42025,0.4989624,-2.4668884,0.74874878
42026,0.60256958,-2.3384094,0.57739258
42027,0.52398682,-2.1968079,0.70251465
42028,0.62057495,-2.1942139,0.56655884
42029,0.62545776,-2.1055603,0.68496704
42030,0.77636719,-2.338562,0.38162231
42031,0.71960449,-2.2494507,0.64758301
42032,0.8946228,-2.1508789,0.50476074
42033,0.74264526,-2.0703125,0.39337158
42034,0.77529907,-2.0324707,0.32592773
42035,0.83435059,-1.9110107,0.34210205
42036,0.98480225,-2.1942139,0.17837524
42037,1.0542297,-2.088623,0.11230469
42038,1.1364746,-2.1038818,0.2583313
42039,0.95947266,-1.9706726,0.23544312
42040,1.0707092,-1.9558716,0.11856079
42041,1.159668,-1.8870544,0.053710938
42042,1.2075806,-1.8516541,-0.097961426
42043,1.2139893,-1.9528198,-0.21697998
42044,1.2471008,-1.9018555,-0.12023926
42045,1.1587524,-1.8235779,-0.37078857
42046,1.1671448,-1.6882324,-0.26580811
42047,1.305542,-1.6558838,-0.29403686
42048,1.1837769,-1.4801025,-0.29190064
42049,1.2927246,-1.6668701,-0.47729492
42050,1.2640381,-1.5612793,-0.48965454
42051,1.1721802,-1.6320801,-0.46615601
42052,1.1915588,-1.40625,-0.42297363
42053,1.2239075,-1.3494873,-0.5317688
42054,1.15448,-1.3769531,-0.67855835
42055,1.1607361,-1.1846924,-0.66940308
42056,1.1871338,-1.2216187,-0.69610596
42057,1.2733459,-1.2850952,-0.81497192
42058,1.1364746,-1.1904907,-0.95840454
42059,1.1035156,-1.0087585,-0.83251953
42060,1.0961914,-0.92681885,-0.93139648
42061,1.1903381,-0.99426269,-0.95596313
42062,1.1569214,-0.89828491,-1.0301209
42063,1.1103821,-0.89553833,-0.95092773
42064,1.1279297,-0.79803467,-1.0444641
42065,1.1509705,-0.74279785,-1.068573
42066,1.1209106,-0.65444946,-1.060791
42067,1.0693359,-0.6149292,-1.1120605
42068,0.98587036,-0.60134888,-1.0279846
42069,1.0372925,-0.65063477,-1.1564636
42070,0.99319458,-0.52520752,-1.1743164
42071,1.0275269,-0.37368774,-1.2458801
42072,1.0412598,-0.23254395,-1.1587524
42073,0.90423584,-0.28060913,-1.3078308
42074,0.80993652,-0.29815674,-1.1338806
42075,0.91079712,-0.17272949,-1.403656
42076,0.80474853,-0.099639893,-1.3496399
42077,0.75485229,-0.046234131,-1.5213013
42078,0.7862854,0.13031006,-1.4413452
42079,0.73059082,-0.11947632,-1.6134644
42080,0.72418213,-0.015869141,-1.7033386
42081,0.53085327,0.30944824,-1.5319824
42082,0.45013428,0.14160156,-1.3366699
42083,0.60348511,0.30517578,-1.4819336
42084,0.41320801,0.20141602,-1.3195801
42085,0.3944397,0.27694702,-1.3789368
42086,0.23361206,0.48675537,-1.3479614
42087,0.46966553,0.45288086,-1.2277222
42088,0.42785644,0.57495117,-1.4346313
42089,0.18386841,0.47592163,-1.3224792
42090,0.16876221,0.48934936,-1.295166
42091,0.26504517,0.78323364,-1.3938904
42092,0.19989014,0.8265686,-1.3549805
42093,0.018463135,0.80001831,-1.257019
42094,0.059509277,0.76599121,-1.2557983
42095,0.026245117,0.89187622,-1.2379456
42096,-0.080566406,0.83023071,-1.3537598
42097,-0.22277832,0.76370239,-1.3685608
42098,-0.26794434,0.77865601,-1.2284851
42099,-0.45150757,0.90667725,-1.0467529
42100,-0.33233643,0.9487915,-1.2033081
42101,-0.43243408,1.0903931,-0.95916748
42102,-0.43579102,1.1767578,-1.0824585
42103,-0.46859741,1.159668,-0.9803772
42104,-0.62423706,1.3442993,-0.92529297
42105,-0.71228027,1.0897827,-0.83847046
42106,-0.63613892,1.0668945,-0.83465576
42107,-0.70556641,1.0852051,-0.70632935
42108,-0.77941894,1.1357117,-0.76705933
42109,-0.86456299,1.2255859,-0.78689575
42110,-0.96557617,1.3723755,-0.95779419
42111,-0.97564697,1.3525391,-0.84152222
42112,-1.1006165,1.2982178,-0.67398071
42113,-1.0397339,1.4501953,-0.62805176
42114,-1.116333,1.242981,-0.61233521
42115,-1.3043213,1.2411499,-0.70281982
42116,-1.3127136,1.2910461,-0.48919678
42117,-1.2921143,1.4175415,-0.60012817
42118,-1.3035584,1.3543701,-0.39489746
42119,-1.3665771,1.2677002,-0.3112793
42120,-1.3272095,1.2445068,-0.22613525
42121,-1.4639282,1.272583,-0.1298523
42122,-1.6212463,1.1933899,-0.042114258
42123,-1.5597534,1.2304688,-0.036621094
42124,-1.8119812,0.99029541,-0.15869141
42125,-1.6882324,1.0383606,-0.095825195
42126,-1.7160034,1.1849976,-0.022583008
42127,-1.6773987,1.158905,0.10467529
42128,-1.8138123,1.1502075,0.22094727
42129,-1.9285584,1.1633301,0.14175415
42130,-1.8237305,1.0656738,0.14602661
42131,-1.9155884,1.1660767,0.19836426
42132,-1.9967651,0.97213745,0.38116455
42133,-1.9476318,1.0108948,0.35507202
42134,-1.917572,0.97885132,0.39428711
42135,-1.9618225,0.95748901,0.46905518
42136,-2.0053101,0.95230103,0.50201416
42137,-2.0307922,0.86975098,0.57418823
42138,-1.986084,0.89416504,0.55786133
42139,-2.0762634,0.81954956,0.65383911
42140,-2.0048523,0.75881958,0.59112549
42141,-1.9981384,0.81344604,0.73944092
42142,-2.1310425,0.88546753,0.62286377
42143,-1.9773865,0.74478149,0.83816528
42144,-2.0887756,0.69213867,0.89172363
42145,-1.999054,0.64620972,0.85540772
42146,-2.0329285,0.59814453,1.1166382
42147,-2.0111084,0.58135986,1.071167
42148,-2.1029663,0.40390015,1.2057495
42149,-2.2007751,0.46051025,1.2797546
42150,-2.0571899,0.52947998,1.2528992
42151,-2.1199036,0.39718628,1.252594
42152,-2.1902466,0.30395508,1.219635
42153,-1.8980408,0.12969971,1.1323547
42154,-2.1853638,0.18951416,1.3026428
42155,-2.0431519,-0.003662109,1.4297485
42156,-2.1514893,-0.003509521,1.4857483
42157,-2.1723938,-0.074310303,1.5800476
42158,-2.2459412,-0.15853882,1.3046265
42159,-2.1342468,0.054931641,1.4736938
42160,-2.1200562,-0.07232666,1.6088867
42161,-2.0791626,-0.24734497,1.6571045
42162,-2.0178223,-0.28808594,1.4962769
42163,-1.9236755,-0.43182373,1.4996338
42164,-2.0361328,-0.33615112,1.6474915
42165,-1.9778442,-0.44921875,1.5637207
42166,-1.9067383,-0.54351807,1.620636
42167,-2.0167542,-0.59326172,1.8292236
42168,-1.9384766,-0.54412842,1.7948914
42169,-2.0239258,-0.80718994,1.8891907
42170,-1.7678833,-0.87005615,1.9677734
42171,-1.7277527,-1.0064697,1.8507385
42172,-1.7640686,-0.89248657,1.8501282
42173,-1.686554,-1.0348511,1.8354797
42174,-1.620636,-0.95779419,1.9468689
42175,-1.5594482,-1.0006714,1.9544983
42176,-1.8013,-1.275177,1.9259644
42177,-1.4930725,-1.2800598,1.9903564
42178,-1.6462708,-1.4012146,2.0513916
42179,-1.6548157,-1.3327026,1.9610596
42180,-1.5490723,-1.4007568,1.7927551
42181,-1.4624023,-1.1154175,1.8701172
42182,-1.4987183,-1.2658691,1.7997742
42183,-1.5110779,-1.3571167,1.9142151
42184,-1.1601257,-1.5209961,1.927948
42185,-1.3728333,-1.6885376,2.0303345
42186,-1.2382507,-1.5913391,1.8392944
42187,-1.240387,-1.6992188,1.9314575
42188,-1.2327576,-1.8798828,1.8222046
42189,-1.0398865,-1.9920349,2.0271301
42190,-0.9576416,-2.0361328,1.9430542
42191,-1.0906982,-1.8865967,1.8861389
42192,-0.93200684,-1.8522644,1.8484497
42193,-0.74707031,-1.7094421,1.8888855
42194,-0.80032349,-1.8473816,1.7926025
42195,-0.80261231,-2.0683289,1.8005371
42196,-0.54275513,-2.048645,1.9264221
42197,-0.53070068,-2.2286987,1.8075562
42198,-0.48583984,-2.2756958,1.7370605
42199,-0.55419922,-2.2518921,1.5814209
42200,-0.49758911,-2.2224426,1.577301
42201,-0.48690796,-2.3687744,1.8164063
42202,-0.27099609,-2.3100281,1.7536926
42203,-0.25299072,-2.2787476,1.517334
42204,-0.23986816,-2.3977661,1.5193176
42205,-0.17929077,-2.3010254,1.6307068
42206,-0.15975952,-2.2499084,1.4398193
42207,-0.13031006,-2.270813,1.5127563
42208,0.050201416,-2.4198914,1.3299561
42209,-0.041503906,-2.3956299,1.3269043
42210,-0.058898926,-2.6881409,1.2637329
42211,0.060882568,-2.3455811,1.2460327
42212,0.34088135,-2.3468018,1.3276672
42213,0.35812378,-2.2615051,1.2173462
42214,0.43045044,-2.4012756,1.2098694
42215,0.41198731,-2.3791504,1.1802673
42216,0.4385376,-2.3974609,1.1726379
42217,0.49407959,-2.3854065,1.177063
42218,0.38269043,-2.3828125,0.97686768
42219,0.60363769,-2.3493958,0.80566406
42220,0.56686401,-2.3210144,0.9828186
42221,0.60424805,-2.3487854,0.93612671
42222,0.6918335,-2.5003052,0.80871582
42223,0.65536499,-2.5518799,0.67352295
42224,0.77468872,-2.4394226,0.53375244
42225,0.81451416,-2.3997498,0.61279297
42226,0.91888428,-2.4058533,0.54855347
42227,1.0702515,-2.2789001,0.59310913
42228,0.9451294,-2.1600342,0.43334961
42229,0.95733643,-2.0391846,0.42373657
42230,1.1294556,-2.184906,0.51071167
42231,0.98556519,-2.3640442,0.41503906
42232,1.0961914,-2.1850586,0.19561768
42233,1.2658691,-2.3226929,0.17211914
42234,1.1921692,-2.0297241,0.16540527
42235,1.2136841,-2.1009827,0.21316528
42236,1.2109375,-2.0294189,0.054626465
42237,1.1643982,-2.0252991,0.034484863
42238,1.0028076,-2.0010376,0.006256104
42239,1.1825562,-2.0973206,-0.15396118
42240,1.2371826,-1.8405151,-0.11413574
42241,1.3317871,-1.7492676,-0.14328003
42242,1.1543274,-1.7700195,-0.31646728
42243,1.2091064,-1.7236328,-0.19882202
42244,1.2823486,-1.6902161,-0.36346436
42245,1.2741089,-1.7877197,-0.35385132
42246,1.2243652,-1.7500305,-0.32073975
42247,1.2341309,-1.6186523,-0.34164429
42248,1.1505127,-1.632843,-0.49987793
42249,1.1172485,-1.6343689,-0.54656982
42250,1.2594604,-1.544342,-0.76019287
42251,1.1862183,-1.4474487,-0.5859375
42252,1.1347961,-1.3909912,-0.68817139
42253,1.1772156,-1.0429382,-0.67810059
42254,1.2013245,-1.1303711,-0.76568603
42255,1.3780212,-0.90408325,-0.79376221
42256,1.2312317,-0.756073,-0.88531494
42257,1.0997009,-0.61019897,-1.0961914
42258,1.1032104,-0.80276489,-1.0186768
42259,1.2030029,-0.71243286,-0.94085693
42260,1.2518311,-0.57601929,-1.0308838
42261,1.2411499,-0.62576294,-1.0972595
42262,1.1024475,-0.68603516,-1.1065674
42263,1.1323547,-0.54199219,-1.126709
42264,1.068573,-0.66665649,-1.1566162
42265,0.96801758,-0.53405762,-1.1238098
42266,1.0250854,-0.41976929,-1.1827087
42267,0.97961426,-0.47103882,-1.2364197
42268,0.98114014,-0.34591675,-1.1505127
42269,0.93643188,-0.27282715,-1.2783813
42270,0.806427,-0.20980835,-1.2376404
42271,0.93688965,-0.2734375,-1.3752747
42272,0.75622559,-0.10910034,-1.3354492
42273,0.75988769,-0.037994385,-1.3121033
42274,0.8682251,-0.19668579,-1.2991333
42275,0.40176392,-0.80932617,-1.5800476
42276,0.65216065,-0.1663208,-1.2654114
42277,0.49926758,0.054168701,-1.3517761
42278,0.56365967,0.059509277,-1.414032
42279,0.40237427,0.19729614,-1.3825989
42280,0.49880981,0.2545166,-1.3525391
42281,0.43457031,0.22277832,-1.2825012
42282,0.46691894,0.29663086,-1.4465332
42283,0.27572632,0.25436401,-1.5248108
42284,0.21682739,0.3515625,-1.4898682
42285,0.32348633,0.58944702,-1.3438416
42286,0.25238037,0.63293457,-1.3461304
42287,0.20599365,0.79238892,-1.3790894
42288,0.11260986,0.82839966,-1.2689209
42289,-0.042572021,0.73547363,-1.4089966
42290,-0.008850098,0.87173462,-1.3323975
42291,0.001068115,0.94528198,-1.2634277
42292,-0.085449219,0.95901489,-1.242981
42293,-0.2507019,1.1306763,-1.199646
42294,-0.29281616,1.000061,-1.3116455
42295,-0.30227661,0.88531494,-1.343689
42296,-0.31478882,1.0798645,-1.186676
42297,-0.36682129,1.0919189,-1.2539673
42298,-0.47149658,1.2268066,-1.34552
42299,-0.52886963,1.3609314,-1.2339783
42300,-0.58258057,1.4416504,-1.0624695
42301,-0.67077637,1.4361572,-0.99945068
42302,-0.77880859,1.4202881,-0.90087891
42303,-0.83251953,1.4007568,-0.85342407
42304,-0.91156006,1.3227844,-0.78735352
42305,-0.90621948,1.4382935,-0.75241089
42306,-0.93505859,1.4205933,-0.66360474
42307,-1.1167908,1.4302063,-0.59509277
42308,-1.2249756,1.4520264,-0.55465698
42309,-1.211853,1.5258789,-0.62469482
42310,-1.247406,1.4419556,-0.61584473
42311,-1.2496948,1.2452698,-0.70098877
42312,-1.264801,1.3070679,-0.68603516
42313,-1.3391113,1.3134766,-0.66970825
42314,-1.2971497,1.4437866,-0.59677124
42315,-1.401825,1.4425659,-0.54443359
42316,-1.5078735,1.4346313,-0.4196167
42317,-1.5481567,1.2138367,-0.3314209
42318,-1.5478516,1.3179016,-0.24642944
42319,-1.5200806,1.4590454,-0.27084351
42320,-1.7062378,1.2710571,-0.28076172
42321,-1.9174194,1.1393738,-0.14022827
42322,-1.849823,1.1605835,-0.04119873
42323,-1.7906189,1.2545776,0.021362305
42324,-1.8536377,1.4096069,0.079345703
42325,-1.7471313,1.3577271,0.074768066
42326,-1.8391418,1.3899231,0.16204834
42327,-1.8678284,1.3038635,0.32302856
42328,-1.9367981,1.2002563,0.2998352
42329,-2.0405579,1.2792969,0.340271
42330,-2.0248413,1.1520386,0.32714844
42331,-1.9891357,1.1988831,0.29159546
42332,-2.0761108,1.3131714,0.38650513
42333,-2.0907593,1.1956787,0.52734375
42334,-2.2012329,0.96832275,0.56594849
42335,-2.2111511,1.088562,0.58624268
42336,-2.2314453,0.89782715,0.55343628
42337,-2.2795105,0.88363647,0.72692871
42338,-2.1795654,0.80200195,0.67062378
42339,-2.2738647,0.83251953,0.82122803
42340,-2.2544861,0.77896118,0.73043823
42341,-2.2909546,0.64636231,0.88653565
42342,-2.3524475,0.60455322,0.97686768
42343,-2.3951721,0.5506897,1.0700989
42344,-2.1615601,0.45669556,1.030426
42345,-2.3208618,0.55023193,0.99334717
42346,-2.2868347,0.46478272,1.1531067
42347,-2.2331238,0.24291992,1.2193298
42348,-2.30896,0.21270752,1.2637329
42349,-2.3579407,0.12191773,1.2223816
42350,-2.4134827,0.18798828,1.3214111
42351,-2.2262573,0.29754639,1.3598633
42352,-2.3460388,0.14816284,1.423645
42353,-2.2642517,0.081787109,1.3095093
42354,-2.2010803,0.068969727,1.4041138
42355,-2.0462036,-0.10391235,1.4176941
42356,-2.1032715,-0.25344849,1.3908386
42357,-2.0935059,-0.19104004,1.3702393
42358,-2.2425842,-0.30181885,1.4814758
42359,-2.1492004,-0.44433594,1.5222168
42360,-2.0574951,-0.32348633,1.0940552
42361,-2.094574,-0.4560852,1.4755249
42362,-2.1856689,-0.4397583,1.9015503
42363,-2.0845032,-0.66009522,1.3801575
42364,-2.0388794,-0.61477661,1.6471863
42365,-2.2099304,-0.65765381,1.6473389
42366,-1.8899536,-0.94970703,1.7877197
42367,-1.9509888,-0.74615478,1.890564
42368,-2.0004272,-0.84671021,1.7666626
42369,-1.9325256,-1.0205078,1.8211365
42370,-1.8247986,-0.88485718,1.9433594
42371,-1.7399597,-0.83190918,2.0144653
42372,-1.8234253,-0.88607788,2.0230103
42373,-1.7019653,-0.95504761,2.0631409
42374,-1.7098999,-1.1204529,1.9230652
42375,-1.6435242,-1.2512207,2.2079468
42376,-1.4933777,-1.3432312,2.3088074
42377,-1.5991211,-1.459198,2.2120667
42378,-1.5383911,-1.5045166,1.9978333
42379,-1.4694214,-1.5324402,2.2036743
42380,-1.342926,-1.6184998,2.0169067
42381,-1.44104,-1.8112183,2.0805359
42382,-1.3684082,-1.5463257,2.013092
42383,-1.3342285,-1.6676331,1.9444275
42384,-1.1885071,-1.7404175,1.9015503
42385,-1.1631775,-1.9493103,1.9035339
42386,-1.1383057,-1.9247437,1.7489624
42387,-1.0700989,-1.9296265,1.8521118
42388,-1.0600281,-2.0516968,2.0172119
42389,-0.96832275,-1.9546509,2.0779419
42390,-1.0014343,-1.9345093,2.0614624
42391,-0.91156006,-1.9041443,2.0562744
42392,-0.84320068,-1.9320679,1.9764709
42393,-0.85739136,-1.9439697,2.0204163
42394,-0.51895142,-2.0439148,1.9099426
42395,-0.5909729,-1.9874573,1.8481445
42396,-0.53024292,-1.9010925,1.8847656
42397,-0.55541992,-2.0898438,1.8878174
42398,-0.40100098,-2.0806885,1.9691467
42399,-0.37216186,-2.3260498,1.9140625
42400,-0.35614014,-2.3194885,1.8026733
42401,-0.29647827,-2.4609375,1.7610168
42402,-0.14801025,-2.3918152,1.5608215
42403,-0.059509277,-2.3146057,1.7585754
42404,-0.12451172,-2.2579956,1.6200256
42405,-0.020446777,-2.4613953,1.5867615
42406,0.13153076,-2.5021362,1.401825
42407,0.074005127,-2.5889587,1.5176392
42408,0.15182495,-2.4201965,1.2161255
42409,0.16418457,-2.5105286,1.3497925
42410,0.20385742,-2.5463867,1.3119507
42411,0.24597168,-2.4594116,1.3314819
42412,0.31066894,-2.4076843,1.2858582
42413,0.35461426,-2.3510742,1.2409973
42414,0.4006958,-2.2920227,1.2162781
42415,0.42602539,-2.2729492,1.1688232
42416,0.43685913,-2.4557495,1.0516357
42417,0.59494019,-2.3919678,0.89675903
42418,0.6173706,-2.4890137,0.87890625
42419,0.68969727,-2.3640442,0.9060669
42420,0.71411133,-2.4299622,0.96099853
42421,0.79193115,-2.3590088,0.82229614
42422,0.81970215,-2.2502136,0.6918335
42423,0.84899902,-2.2415161,0.66040039
42424,0.86044312,-2.1522522,0.53726196
42425,0.92956543,-2.4064636,0.50811768
42426,0.96221924,-2.318573,0.50140381
42427,0.84579468,-2.3716736,0.40771484
42428,1.0159302,-2.3983765,0.30593872
42429,1.0627747,-2.1418762,0.40344238
42430,0.94848633,-1.9926453,0.23101807
42431,1.137085,-2.0547485,0.064697266
42432,1.1703491,-1.9880676,0.24505615
42433,1.2171936,-2.0184326,-0.004730225
42434,1.1631775,-2.0747375,0.032806396
42435,1.2304688,-1.9947815,-0.059509277
42436,1.2289429,-2.0225525,-0.081939697
42437,1.270752,-1.9047546,-0.17608643
42438,1.2788391,-1.9586182,-0.042724609
42439,1.3967896,-1.8444824,-0.073852539
42440,1.2597656,-1.8371582,-0.26397705
42441,1.1709595,-1.9207764,-0.27557373
42442,1.2565613,-1.7169189,-0.30487061
42443,1.2069702,-1.7178345,-0.30197144
42444,1.3465881,-1.6574097,-0.40283203
42445,1.4442444,-1.6009521,-0.38925171
42446,1.2762451,-1.5275574,-0.5380249
42447,1.2901306,-1.5623474,-0.68527222
42448,1.3710022,-1.6131592,-0.53314209
42449,1.2228394,-1.6867065,-0.6993103
42450,1.3415527,-1.451416,-0.6199646
42451,1.2957764,-1.4080811,-0.82733154
42452,1.4201355,-1.1917114,-0.81008911
42453,1.3391113,-1.3137817,-0.97610474
42454,1.3215637,-1.2705994,-0.99121094
42455,1.2330627,-1.0717773,-1.0009766
42456,1.3540649,-0.98861694,-0.98480225
42457,1.3499451,-0.79574585,-0.94955444
42458,1.2564087,-0.675354,-1.003418
42459,1.1135864,-0.46310425,-1.1065674
42460,1.3078308,-0.54824829,-1.1523438
42461,1.0801697,-0.56335449,-1.3171387
42462,1.2258911,-0.44204712,-1.2567139
42463,1.1120605,-0.45425415,-1.320343
42464,1.1039734,-0.49087524,-1.3458252
42465,1.0391235,-0.55328369,-1.1889648
42466,0.98571777,-0.49575806,-1.3215637
42467,0.93734741,-0.27450561,-1.3110352
42468,0.98556519,-0.26550293,-1.4064026
42469,0.9602356,-0.29907227,-1.3299561
42470,0.83969116,-0.33081055,-1.3891602
42471,0.89279175,-0.20904541,-1.4498901
42472,0.7043457,-0.13000488,-1.3468933
42473,0.79406738,-0.006866455,-1.4109802
42474,0.60943603,0.065307617,-1.5905762
42475,0.52856445,0.063781738,-1.5843201
42476,0.60501099,0.2293396,-1.5562439
42477,0.78399658,0.32989502,-1.5328979
42478,0.62866211,0.35186768,-1.3302612
42479,0.44464111,0.24780273,-1.4724731
42480,0.46112061,0.37872314,-1.3835144
42481,0.51086426,0.57144165,-1.4422607
42482,0.42694092,0.74905396,-1.4279175
42483,0.14297485,0.47531128,-1.47995
42484,0.2861023,0.70617676,-1.6117859
42485,0.28930664,0.64346313,-1.4511108
42486,0.011444092,0.82702637,-1.5710449
42487,0.065460205,0.80535889,-1.3822937
42488,0.016021729,0.91415405,-1.2841797
42489,0.043945313,0.84793091,-1.2440491
42490,-0.13671875,0.84503174,-1.1175537
42491,-0.23529053,0.87753296,-1.1564636
42492,-0.27008057,1.1138916,-1.1819458
42493,-0.20584106,1.0372925,-1.2532043
42494,-0.24291992,0.94451904,-1.2594604
42495,-0.21087647,0.99639893,-1.1401367
42496,-0.27984619,0.99533081,-1.3296509
42497,-0.47149658,1.030426,-1.3438416
42498,-0.46432495,1.1480713,-1.2086487
42499,-0.4196167,1.3221741,-1.1936951
42500,-0.53237915,1.239624,-1.1573791
42501,-0.77957153,1.1340332,-0.98068237
42502,-0.70831299,1.0253906,-1.013031
42503,-0.74890137,1.2338257,-1.0650635
42504,-0.79238892,1.2680054,-1.0113525
42505,-0.83374023,1.3284302,-0.94360352
42506,-0.89859009,1.4648438,-0.79711914
42507,-0.86608887,1.5283203,-0.74264526
42508,-1.0301209,1.3214111,-0.73120117
42509,-1.137085,1.35849,-0.64682007
42510,-1.1952209,1.328125,-0.61981201
42511,-1.2364197,1.3923645,-0.52337647
42512,-1.26297,1.4604187,-0.47271728
42513,-1.3316345,1.4654541,-0.4725647
42514,-1.3851929,1.5353394,-0.41671753
42515,-1.5005493,1.3214111,-0.43930054
42516,-1.4587402,1.3046265,-0.26046753
42517,-1.5403748,1.1053467,-0.45562744
42518,-1.6439819,1.2734985,-0.27633667
42519,-1.5977478,1.5008545,-0.21499634
42520,-1.7193604,1.3259888,-0.27282715
42521,-1.6033936,1.2936401,-0.14465332
42522,-1.7097473,1.2695313,0.024719238
42523,-1.6249084,1.2524414,0.052947998
42524,-1.6998291,1.2005615,-0.016174316
42525,-1.685791,1.277771,0.072021484
42526,-1.6708374,1.1624146,0.15640259
42527,-1.7810059,1.1878967,0.17593384
42528,-1.7945862,1.1116028,0.30014038
42529,-1.9236755,1.2249756,0.4145813
42530,-1.9197083,1.1117554,0.29449463
42531,-2.010498,1.0462952,0.47943115
42532,-2.0245361,1.0699463,0.38803101
42533,-1.9943237,1.1332703,0.55435181
42534,-1.9108582,1.0218811,0.64544678
42535,-2.1234131,0.93292236,0.70739746
42536,-2.0159912,0.92391968,0.79101563
42537,-2.0851135,0.90087891,0.71899414
42538,-2.1315002,0.7736206,0.83496094
42539,-2.1130371,0.76141357,0.80718994
42540,-2.2085571,0.64285278,0.97366333
42541,-2.2943115,0.55084228,0.99731445
42542,-2.1937561,0.55801392,0.94818115
42543,-2.2238159,0.40435791,1.0560608
42544,-2.2232056,0.46081543,0.92712402
42545,-2.2865295,0.69641113,1.0949707
42546,-2.0983887,0.60195923,1.2165833
42547,-2.1801758,0.41595459,1.0719299
42548,-2.1986389,0.42251587,1.2776184
42549,-2.4613953,0.15106201,1.3598633
42550,-1.8933105,-0.44830322,1.3316345
42551,-2.0875549,0.042266846,1.4295959
42552,-2.0014954,0.13717651,1.5011597
42553,-2.1923828,-0.002441406,1.4706421
42554,-2.1737671,-0.12634277,1.4685059
42555,-2.2088623,-0.17669678,1.338501
42556,-2.2169495,-0.20812988,1.6191101
42557,-2.0491028,-0.24185181,1.6796875
42558,-2.2795105,-0.23910523,1.8069458
42559,-2.1203613,-0.39627075,1.6448975
42560,-2.1011353,-0.35079956,1.6137695
42561,-1.9267273,-0.55435181,1.668396
42562,-2.0947266,-0.52368164,1.5811157
42563,-1.9535828,-0.42572022,1.5266418
42564,-1.8048096,-0.61920166,1.7724609
42565,-1.8791199,-0.67687988,1.7803955
42566,-1.7947388,-0.81069946,1.8035889
42567,-1.7678833,-0.90484619,1.7852783
42568,-1.8301392,-1.0681152,1.7388916
42569,-1.7088318,-1.0374451,1.9265747
42570,-1.8659973,-1.056366,1.9235229
42571,-1.6621399,-1.0443115,1.8920898
42572,-1.6947937,-0.96588135,1.8684387
42573,-1.5342712,-1.060791,1.7901611
42574,-1.6015625,-1.1489868,1.7588806
42575,-1.6116333,-1.1235046,1.6921997
42576,-1.5242004,-1.3812256,1.890564
42577,-1.5460205,-1.3291931,1.9854736
42578,-1.4576721,-1.5975952,1.8983459
42579,-1.3078308,-1.427002,2.0106506
42580,-1.3510132,-1.6030884,2.1318054
42581,-1.3139343,-1.6183472,1.8554688
42582,-1.2327576,-1.7337036,1.7687988
42583,-1.2025452,-1.4823914,2.0062256
42584,-1.0501099,-1.479187,1.9038391
42585,-1.0844421,-1.6426086,1.9621277
42586,-0.9336853,-1.7108154,1.9398499
42587,-0.9538269,-1.7866516,1.9819641
42588,-1.0144043,-1.6845703,1.8515015
42589,-0.99990845,-2.0277405,1.8058777
42590,-1.0214233,-2.0954895,1.8389893
42591,-0.78063965,-2.0736694,1.9281006
42592,-0.80841065,-2.1330261,1.9190979
42593,-0.62606812,-2.1707153,1.8379211
42594,-0.52703857,-2.0271301,1.8086243
42595,-0.48156738,-1.9784546,1.7279053
42596,-0.51605225,-1.9442749,1.6479492
42597,-0.33432007,-2.1247864,1.7573547
42598,-0.4876709,-2.146759,1.6229248
42599,-0.40802002,-2.1600342,1.799469
42600,-0.24291992,-2.3443604,1.7431641
42601,-0.25360107,-2.2114563,1.5588379
42602,-0.34133911,-2.2090149,1.5515137
42603,-0.095825195,-2.1290588,1.5122986
42604,-0.083618164,-2.2158813,1.5492249
42605,-0.015716553,-2.2062683,1.4381409
42606,0.057678223,-2.1730042,1.3317871
42607,0.17440796,-2.3320007,1.207428
42608,0.23864746,-2.3670959,1.1376953
42609,0.27099609,-2.3065186,1.1390686
42610,0.2734375,-2.2660828,1.1306763
42611,0.2456665,-2.2937012,1.0969543
42612,0.33752441,-2.3890686,1.018219
42613,0.3086853,-2.3329163,1.0534668
42614,0.31814575,-2.2337341,1.1810303
42615,0.39596558,-2.1141052,1.161499
42616,0.48751831,-2.2976685,1.0461426
42617,0.62744141,-2.1757507,1.0075378
42618,0.69076538,-2.0207214,0.83679199
42619,0.77484131,-2.1644592,0.78811646
42620,0.80444336,-2.1817017,0.7345581
42621,0.81390381,-2.2631836,0.70297241
42622,0.88134766,-2.2427368,0.5758667
42623,0.87280273,-2.1231079,0.67901611
42624,0.95550537,-2.1424866,0.45928955
42625,0.92956543,-2.191925,0.58746338
42626,0.97244263,-2.0809937,0.39047241
42627,0.95916748,-2.2476196,0.38497925
42628,0.909729,-2.1453857,0.25756836
42629,1.0778809,-2.1092224,0.050048828
42630,0.95596313,-2.0596313,0.14343262
42631,1.083374,-1.9116211,0.1348877
42632,1.1166382,-2.0135498,0.20050049
42633,1.164093,-2.1147156,0.042419434
42634,1.109314,-2.059021,0.081939697
42635,1.2001038,-1.9369507,-0.11032105
42636,1.0882568,-1.9654846,-0.008087158
42637,1.0816956,-1.7636108,-0.045471191
42638,1.0162354,-1.8078613,-0.18127441
42639,1.1271667,-1.8325806,-0.32897949
42640,1.1784363,-1.6767883,-0.44937134
42641,1.3024902,-1.6390991,-0.56396484
42642,1.1096191,-1.5423584,-0.37963867
42643,1.1602783,-1.4996338,-0.37643433
42644,1.0926819,-1.4248657,-0.390625
42645,1.1990356,-1.3140869,-0.63827515
42646,1.1135864,-1.2731934,-0.69854736
42647,1.063385,-1.3224792,-0.60516357
42648,1.1149597,-1.2471008,-0.77606201
42649,1.1102295,-1.2741089,-0.56365967
42650,1.3323975,-1.29776,-0.59249878
42651,1.3394165,-1.1355591,-0.77972412
42652,1.2409973,-1.1773682,-0.89202881
42653,1.1685181,-1.1778259,-0.92208862
42654,1.1297607,-0.99777222,-0.93582153
42655,0.93597412,-0.95779419,-0.79055786
42656,1.1047363,-0.81832886,-1.0163879
42657,1.1410522,-0.75317383,-0.94833374
42658,1.0064697,-0.7409668,-1.0479736
42659,1.0229492,-0.63522339,-1.0612488
42660,1.0690308,-0.5329895,-1.0708618
42661,0.99838257,-0.42510986,-1.2625122
42662,0.96328735,-0.53543091,-1.1271667
42663,0.92819214,-0.32897949,-1.0102844
42664,0.91018677,-0.42236328,-1.0302734
42665,0.80795288,-0.25573731,-1.0443115
42666,0.66970825,-0.30685425,-0.94345093
42667,0.66925049,-0.21850586,-1.0533142
42668,0.65353394,-0.047302246,-1.1541748
42669,0.65628052,-0.045013428,-1.1755371
42670,0.73745728,-0.11352539,-1.164856
42671,0.62545776,-0.050201416,-1.2533569
42672,0.58288574,-0.12008667,-1.6000366
42673,0.27297974,-0.15335083,-1.4767456
42674,0.43533325,0.041503906,-1.4021301
42675,0.42282105,0.11276245,-1.3653564
42676,0.39535522,0.19592285,-1.08078
42677,0.35552978,0.19699097,-1.1553955
42678,0.34057617,0.21636963,-1.2840271
42679,0.28045654,0.37887573,-1.4294434
42680,0.25009155,0.34698486,-1.1569214
42681,0.044708252,0.44052124,-1.2207031
42682,-0.007171631,0.26702881,-1.3598633
42683,0.016326904,0.33355713,-1.2271118
42684,-0.03036499,0.36590576,-1.3037109
42685,0.13122559,0.38269043,-1.2931824
42686,-0.089569092,0.59082031,-1.2773132
42687,-0.21728516,0.73471069,-1.2882996
42688,-0.098876953,0.74584961,-1.3467407
42689,-0.11581421,0.887146,-1.1486816
42690,-0.30517578,0.94299316,-1.1502075
42691,-0.23712158,1.1332703,-1.1125183
42692,-0.3465271,0.98266602,-1.0449219
42693,-0.34637451,0.86761475,-1.0180664
42694,-0.3477478,1.0163879,-1.1732483
42695,-0.54244995,0.90011597,-1.1190796
42696,-0.46813965,1.0047913,-0.80413818
42697,-0.55404663,1.131897,-0.9274292
42698,-0.60501099,1.209259,-0.92788696
42699,-0.63461304,1.085968,-0.93582153
42700,-0.72219849,1.1402893,-0.96481323
42701,-0.97702026,1.0928345,-0.81176758
42702,-0.8833313,1.0223389,-0.78781128
42703,-0.90408325,1.0853577,-0.78689575
42704,-0.84274292,1.169281,-0.66452026
42705,-0.96420288,1.2322998,-0.52917481
42706,-0.99914551,1.2240601,-0.64804077
42707,-1.098938,1.2321472,-0.61462402
42708,-1.2539673,1.2228394,-0.59066772
42709,-1.2071228,1.1524963,-0.41732788
42710,-1.2313843,1.295166,-0.31280518
42711,-1.3493347,1.1090088,-0.24154663
42712,-1.2788391,1.2033081,-0.34866333
42713,-1.3175964,0.90408325,-0.30273438
42714,-1.4707947,1.0916138,-0.35400391
42715,-1.5353394,1.166687,-0.30044556
42716,-1.5434265,1.0375977,-0.10986328
42717,-1.4874268,1.1657715,-0.055389404
42718,-1.5866089,1.1138916,-0.090789795
42719,-1.663208,1.184082,0.015563965
42720,-1.4822388,1.1383057,0.035858154
42721,-1.6702271,1.0681152,0.12329102
42722,-1.77948,1.1433411,0.076751709
42723,-2.0254517,1.1100769,0.11260986
42724,-2.2390747,1.0017395,0.27770996
42725,-1.8713379,0.96405029,0.14923096
42726,-1.880188,0.93017578,0.24383545
42727,-1.942749,0.83511353,0.38635254
42728,-1.8249512,0.92163086,0.38238525
42729,-1.9055176,0.87738037,0.44494629
42730,-1.8638611,0.93597412,0.50643921
42731,-1.9212341,0.9135437,0.4536438
42732,-2.1379089,0.82717896,0.64971924
42733,-1.9403076,0.77911377,0.77972412
42734,-2.0333862,0.80307007,0.65612793
42735,-2.1508789,0.66192627,0.89111328
42736,-2.0539856,0.67520142,0.93475342
42737,-2.1679688,0.61569214,0.94009399
42738,-2.1055603,0.57174683,0.93887329
42739,-2.0684814,0.60256958,1.0713196
42740,-2.0588684,0.49255371,0.8934021
42741,-2.0426941,0.28823853,0.8203125
42742,-2.1960449,0.19607544,0.88607788
42743,-1.8952942,0.003204346,1.1428833
42744,-1.9490051,0.22613525,1.2806702
42745,-2.1540833,0.14968872,1.2475586
42746,-1.9795227,0.42648315,1.3879395
42747,-2.0587158,0.22537231,1.1354065
42748,-2.0024109,0.083007813,1.2518311
42749,-1.973877,-0.12054443,1.2878418
42750,-2.3045349,-0.04486084,1.3116455
42751,-2.1221924,-0.018768311,1.427002
42752,-2.0758057,-0.24002075,1.4183044
42753,-1.9929504,-0.27084351,1.3735962
42754,-2.2341919,-0.25588989,1.5248108
42755,-1.8954468,-0.21682739,1.5589905
42756,-1.9796753,-0.20645142,1.5118408
42757,-1.8263245,-0.41442871,1.4694214
42758,-1.882782,-0.43548584,1.6470337
42759,-1.7886353,-0.48645019,1.6743469
42760,-1.9010925,-0.62911987,1.592865
42761,-1.8751526,-0.71151733,1.4353943
42762,-1.7817688,-0.80688477,1.7129517
42763,-1.7614746,-0.54168701,1.8963623
42764,-1.7047119,-0.62927246,1.7523193
42765,-1.5916443,-0.80596924,1.8701172
42766,-1.7944336,-0.96466065,1.7973328
42767,-1.7480469,-1.0232544,1.8508911
42768,-1.645813,-0.96313477,1.8334961
42769,-1.6027832,-1.0601807,1.8121338
42770,-1.6503906,-1.1827087,1.8370056
42771,-1.5316772,-0.97640991,1.6517639
42772,-1.3491821,-1.0090637,1.8443298
42773,-1.4431763,-1.1380005,1.9378662
42774,-1.5658569,-1.3291931,1.8544006
42775,-1.2309265,-1.3874817,1.8998718
42776,-1.1042786,-1.3220215,1.9024658
42777,-1.063385,-1.434021,1.7988586
42778,-1.0476685,-1.602478,1.8457031
42779,-1.0818481,-1.6459656,1.8742371
42780,-1.0751343,-1.5838623,1.9618225
42781,-0.95977783,-1.6540527,1.9082642
42782,-0.96633911,-1.6261291,1.8103027
42783,-0.79971313,-1.5940857,1.7468262
42784,-0.91751099,-1.6011047,1.8101501
42785,-0.91079712,-1.697998,1.8896484
42786,-0.77682495,-1.6581726,1.9085693
42787,-0.66162109,-1.663208,1.7059326
42788,-0.62088013,-1.771698,1.7805481
42789,-0.56091309,-1.8186951,1.6870117
42790,-0.49102783,-1.9659424,1.6992188
42791,-0.5456543,-2.0927429,1.6197205
42792,-0.41259766,-2.1295166,1.5551758
42793,-0.38345337,-2.0982361,1.5052795
42794,-0.32318115,-1.9645691,1.5522766
42795,-0.24597168,-2.0619202,1.4437866
42796,-0.15960693,-2.2140503,1.5602112
42797,-0.30517578,-2.0724487,1.5487671
42798,-0.18722534,-2.1038818,1.4613342
42799,0.03326416,-2.2225952,1.375885
42800,-0.027313232,-2.2123718,1.401825
42801,-0.014343262,-2.164917,1.408844
42802,0.1184082,-2.0071411,1.415863
42803,0.12893677,-2.0344543,1.3943481
42804,0.131073,-2.0823669,1.2980652
42805,0.21957398,-2.1539307,1.2490845
42806,0.30944824,-2.2711182,1.2518311
42807,0.29785156,-2.2015381,1.2060547
42808,0.33462524,-2.1092224,1.1235046
42809,0.37200928,-2.2406006,0.98388672
42810,0.44311523,-2.3461914,0.93093872
42811,0.45059204,-2.29599,0.75454712
42812,0.50216675,-2.286377,0.68481445
42813,0.55175781,-2.2868347,0.73684692
42814,0.58898926,-2.3071289,0.71533203
42815,0.61706543,-2.298584,0.66894531
42816,0.67886353,-2.068634,0.53695679
42817,0.79223633,-2.1618652,0.66482544
42818,0.69061279,-2.0005798,0.57723999
42819,0.76141357,-2.043457,0.44174194
42820,0.66757202,-2.1879578,0.21789551
42821,0.85357666,-2.0663452,0.33981323
42822,0.76873779,-2.170105,0.45913696
42823,0.88806152,-2.0916748,0.26580811
42824,0.78201294,-2.1200562,0.20431519
42825,0.77926636,-1.8223572,0.32562256
42826,0.87371826,-1.8295288,0.25802612
42827,1.0238647,-2.0574951,-0.028076172
42828,1.0797119,-1.927948,0.059509277
42829,0.92834473,-1.8118286,0.060424805
42830,1.0144043,-1.7926025,0.040588379
42831,1.0697937,-1.781311,-0.023193359
42832,1.1225891,-1.7250061,-0.079803467
42833,1.1132813,-1.7892456,0.013427734
42834,1.1233521,-1.8319702,-0.1260376
42835,1.1460876,-1.6064453,-0.21148682
42836,1.1138916,-1.6072083,-0.27297974
42837,1.0784912,-1.4897156,-0.28549194
42838,1.2008667,-1.4286804,-0.44403076
42839,1.0932922,-1.3204956,-0.37231445
42840,1.0319519,-1.4556885,-0.49636841
42841,1.0624695,-1.340332,-0.46844482
42842,1.060791,-1.4118958,-0.49118042
42843,0.94985962,-1.3464355,-0.52200317
42844,1.101532,-1.2028503,-0.75912476
42845,1.1064148,-1.1430359,-0.81787109
42846,1.0600281,-1.0290527,-0.8241272
42847,0.92285156,-0.93688965,-0.9487915
42848,0.98876953,-1.0021973,-0.67520142
42849,0.90988159,-0.81726074,-0.94528198
42850,0.94238281,-0.81542969,-0.76049805
42851,0.82000732,-0.66345215,-0.96130371
42852,0.8114624,-0.77758789,-0.95794678
42853,0.965271,-0.65383911,-0.92132568
42854,0.94940185,-0.61309815,-0.85021973
42855,1.0310364,-0.62240601,-0.99884033
42856,0.88027954,-0.45272827,-1.0398865
42857,1.0287476,-0.44647217,-1.1132813
42858,0.82290649,-0.2583313,-0.95947266
42859,0.89050293,-0.2961731,-0.97351074
42860,0.82611084,-0.27877808,-1.166687
42861,0.82458496,-0.24032593,-1.03302
42862,0.62026978,-0.29418945,-1.1494446
42863,0.60302734,-0.16540527,-1.2872314
42864,0.63781738,-0.21942139,-1.2716675
42865,0.72052002,-0.049438477,-1.2329102
42866,0.45440674,-0.041351318,-1.1499023
42867,0.44570923,-0.17501831,-1.2811279
42868,0.35507202,-0.29541016,-1.3479614
42869,0.3175354,-0.23178101,-1.4096069
42870,0.36468506,0.077209473,-1.1611938
42871,0.42449951,0.20111084,-1.2315369
42872,0.32150269,0.43106079,-1.0665894
42873,0.23544312,0.37139893,-1.3098145
42874,0.23681641,0.38589478,-1.1828613
42875,0.2381897,0.52001953,-1.2327576
42876,0.20751953,0.58898926,-1.1340332
42877,0.018768311,0.61981201,-1.1555481
42878,0.087738037,0.5229187,-1.2571716
42879,-0.062866211,0.79620361,-1.0742188
42880,-0.11642456,0.70480347,-1.3127136
42881,-0.25405884,0.73471069,-1.1167908
42882,-0.31585693,0.60440063,-0.99578857
42883,-0.31524658,0.66589356,-1.1431885
42884,-0.32409668,0.86364746,-1.0289001
42885,-0.27633667,0.87036133,-0.98800659
42886,-0.38131714,0.8656311,-1.1787415
42887,-0.72387695,0.81222534,-0.91049194
42888,-0.69488525,1.0061646,-0.88516235
42889,-0.67306519,0.86471558,-1.0726929
42890,-0.73364258,0.95901489,-1.048584
42891,-0.83145142,1.0249329,-0.99807739
42892,-0.94360352,0.94818115,-0.88790894
42893,-1.0162354,1.0218811,-0.99655151
42894,-0.94711304,1.075592,-0.80245972
42895,-1.0400391,1.0044861,-0.72723389
42896,-0.96664429,1.164093,-0.82870483
42897,-0.83953857,1.2109375,-0.75469971
42898,-0.89828491,1.197052,-0.72814941
42899,-0.9866333,1.1663818,-0.39337158
42900,-1.1895752,1.0969543,-0.48583984
42901,-1.1839294,1.1068726,-0.61477661
42902,-1.1846924,1.1174011,-0.55419922
42903,-1.1784363,1.2480164,-0.44113159
42904,-1.2516785,1.2835693,-0.30578613
42905,-1.4219666,1.1886597,-0.25772095
42906,-1.3519287,1.1552429,-0.37002564
42907,-1.2661743,1.2518311,-0.34057617
42908,-1.365509,1.2600708,-0.36819458
42909,-1.6595459,0.95687866,-0.48812866
42910,-1.4120483,1.1006165,-0.085449219
42911,-1.5792847,1.2435913,-0.051574707
42912,-1.4588928,1.217804,-0.1789856
42913,-1.5916443,1.1541748,-0.037384033
42914,-1.5713501,1.0614014,0.23284912
42915,-1.628418,0.91934204,0.057220459
42916,-1.7010498,1.1564636,0.22094727
42917,-1.5513611,1.0961914,0.092773438
42918,-1.6862488,0.97885132,0.11520386
42919,-1.703186,0.90057373,0.20278931
42920,-1.7628479,0.93078613,0.3578186
42921,-1.77948,0.77087402,0.30166626
42922,-1.8180847,0.90087891,0.43411255
42923,-1.8560791,0.70022583,0.41992188
42924,-1.998291,0.85891724,0.62561035
42925,-1.9540405,0.80108643,0.57800293
42926,-1.9718933,0.78155518,0.61294556
42927,-2.0207214,0.71777344,0.81344604
42928,-2.056427,0.68756103,0.77911377
42929,-2.175293,0.4699707,0.76339722
42930,-2.0721436,0.64834595,0.90881348
42931,-2.0159912,0.39733887,0.82397461
42932,-2.2265625,0.40023804,0.89324951
42933,-2.0849609,0.45898438,0.93292236
42934,-2.0922852,0.43197632,0.87631226
42935,-2.0379639,0.37216186,0.98327637
42936,-1.9844055,0.37322998,1.0588074
42937,-1.9567871,0.35705566,1.1352539
42938,-1.940918,0.24520874,1.1428833
42939,-2.0986938,0.19058228,1.2844849
42940,-2.0649719,0.20980835,1.3204956
42941,-1.8429565,0.16296387,1.2304688
42942,-1.8743896,0.022888184,1.3153076
42943,-2.0153809,-0.022125244,1.2605286
42944,-1.7955017,0.029296875,1.3571167
42945,-1.9503784,-0.10681152,1.3023376
42946,-1.9711304,-0.14846802,1.443634
42947,-1.7976379,-0.36483765,1.4317322
42948,-1.9288635,-0.34851074,1.3676453
42949,-1.8818665,-0.31311035,1.5319824
42950,-1.8818665,-0.46325684,1.7715454
42951,-1.7689514,-0.4524231,1.6346741
42952,-1.9241333,-0.64086914,1.5504456
42953,-1.7854309,-0.6149292,1.4579773
42954,-1.6217041,-0.88928223,1.5075684
42955,-1.9224548,-0.85067749,1.6923523
42956,-1.8067932,-0.94451904,1.6403198
42957,-1.8374634,-1.0520935,1.9036865
42958,-1.6429138,-0.96389771,1.676178
42959,-1.557312,-0.9992981,1.5715027
42960,-1.7205811,-1.0507202,1.8000793
42961,-1.700592,-0.95458984,1.9252014
42962,-1.6612244,-0.98968506,1.8913269
42963,-1.6578674,-1.1851501,1.9009399
42964,-1.4712524,-1.2850952,1.8412781
42965,-1.385498,-1.3668823,1.879425
42966,-1.4546204,-1.3896179,1.8002319
42967,-1.378479,-1.5078735,1.9355774
42968,-1.267395,-1.4579773,1.9078064
42969,-1.1665344,-1.3426209,1.9792175
42970,-1.2922668,-1.4552307,2.0251465
42971,-1.1720276,-1.4181519,2.0925903
42972,-1.1051941,-1.451416,1.8623352
42973,-1.1253357,-1.5086365,1.8795776
42974,-0.99731445,-1.7407227,1.7329407
42975,-0.90148926,-1.5736389,1.9412231
42976,-0.9298706,-1.6442871,1.8516541
42977,-0.86517334,-1.8928528,1.8336487
42978,-0.9437561,-1.9076538,1.8977356
42979,-0.83816528,-1.6503906,1.9631958
42980,-0.73822022,-1.7120361,1.8115234
42981,-0.62347412,-1.7800903,1.8148804
42982,-0.66375732,-2.0199585,1.817627
42983,-0.46844482,-2.0343018,1.7007446
42984,-0.44967651,-1.8746948,1.7463684
42985,-0.57174683,-1.8528748,1.71875
42986,-0.44250488,-2.0002747,1.7199707
42987,-0.35614014,-2.0285034,1.7210388
42988,-0.3251648,-2.2886658,1.6564941
42989,-0.35415649,-2.2505188,1.6343689
42990,-0.23666382,-2.2488403,1.6256714
42991,-0.25695801,-2.3643494,1.5553284
42992,-0.16998291,-2.2294617,1.6027832
42993,-0.13031006,-2.1258545,1.5480041
42994,0.042419434,-2.2116089,1.398468
42995,-0.0340271,-2.182312,1.4025879
42996,0.037689209,-2.1629333,1.2882996
42997,0.12771606,-2.3820496,1.2149048
42998,0.23361206,-2.3782349,1.2634277
42999,0.22293091,-2.2840881,1.1491394
43000,0.41656494,-2.3214722,1.0411072
43001,0.32546997,-2.1931458,1.0270691
43002,0.49194336,-2.2077942,0.87493897
43003,0.46401978,-2.1336365,0.88592529
43004,0.4574585,-2.2225952,0.84594727
43005,0.4675293,-2.2520447,0.81512451
43006,0.58258057,-2.1844482,0.78125
43007,0.66543579,-2.1601868,0.95214844
43008,0.57403565,-2.1998596,0.84533691
43009,0.65429688,-2.2207642,0.63720703
43010,0.73684692,-1.9822693,0.53268433
43011,0.74432373,-2.1270752,0.54367065
43012,0.677948,-2.0718384,0.53314209
43013,0.84274292,-2.1679688,0.5355835
43014,0.91842651,-2.1035767,0.50460815
43015,0.84335327,-2.0018005,0.49819946
43016,0.95657349,-2.1121216,0.30944824
43017,0.83267212,-1.9691467,0.18966675
43018,0.97122192,-1.9271851,0.30349731
43019,0.97351074,-1.8438721,0.32730103
43020,1.1914063,-1.917572,0.26443481
43021,1.0853577,-2.0274353,0.04486084
43022,1.1602783,-1.9596863,0.043640137
43023,1.1276245,-1.8006897,-0.034484863
43024,1.1505127,-1.7210388,-0.065002441
43025,1.2257385,-1.7044067,-0.17868042
43026,1.0745239,-1.6122437,-0.14892578
43027,1.0644531,-1.6972351,-0.24154663
43028,1.186676,-1.7773438,-0.18615723
43029,1.1325073,-1.6963196,-0.085449219
43030,1.1778259,-1.6226196,-0.15625
43031,1.1480713,-1.4753723,-0.19897461
43032,1.1283875,-1.3781738,-0.20141602
43033,1.1843872,-1.539917,-0.46524048
43034,1.1769104,-1.5304565,-0.49957275
43035,1.1816406,-1.4030457,-0.54382324
43036,1.1811829,-1.267395,-0.56381226
43037,1.1428833,-1.1509705,-0.65704346
43038,1.0801697,-0.97351074,-0.59539795
43039,1.1553955,-1.0017395,-0.70510864
43040,1.1381531,-0.98632813,-0.8291626
43041,1.0871887,-1.0420227,-0.97854614
43042,1.1076355,-1.0844421,-1.0035706
43043,1.101532,-0.95474243,-0.92330933
43044,1.0449219,-0.82458496,-0.92926025
43045,1.0038757,-0.73440552,-0.87524414
43046,0.99899292,-0.6326294,-0.93826294
43047,0.97290039,-0.60668945,-0.95916748
43048,0.92437744,-0.57342529,-0.98648071
43049,0.93933106,-0.54489136,-1.0418701
43050,0.95947266,-0.46264648,-1.0162354
43051,0.9135437,-0.42129517,-1.1222839
43052,0.88409424,-0.30212402,-1.0418701
43053,0.89889526,-0.43289185,-1.0592651
43054,0.83099365,-0.4006958,-1.1219788
43055,0.82077026,-0.28793335,-1.181488
43056,0.78872681,-0.24917603,-1.3316345
43057,0.80230713,-0.13824463,-1.4042664
43058,0.75057983,-0.01449585,-1.2841797
43059,0.71121216,0.10742188,-1.3604736
43060,0.73852539,-0.11199951,-1.4863586
43061,0.29388428,-0.43807983,-1.5322876
43062,0.38909912,-0.078735352,-1.4202881
43063,0.50872803,0.13885498,-1.2049866
43064,0.53161621,0.39825439,-1.2181091
43065,0.43685913,0.46112061,-1.2414551
43066,0.50918579,0.32470703,-1.3574219
43067,0.33691406,0.38146973,-1.394043
43068,0.28945923,0.4447937,-1.4044189
43069,0.19836426,0.53131103,-1.4907837
43070,0.23544312,0.63430786,-1.2677002
43071,0.32470703,0.69122315,-1.3182068
43072,0.065002441,0.70922852,-1.2896729
43073,-0.036468506,0.63934326,-1.3253784
43074,0.030975342,0.78613281,-1.3504028
43075,0.13214111,0.4296875,-1.3153076
43076,-0.21240234,0.67276001,-1.2145996
43077,-0.27999878,0.77606201,-1.2666321
43078,-0.19577026,0.84411621,-1.235199
43079,-0.37124634,0.99075317,-1.3668823
43080,-0.2482605,0.94955444,-1.23703
43081,-0.3527832,1.1390686,-1.053772
43082,-0.39611816,1.1567688,-1.0379028
43083,-0.4637146,1.0108948,-1.0903931
43084,-0.44891357,1.1842346,-1.0993958
43085,-0.61599731,0.93917847,-0.80200195
43086,-0.53649902,1.0169983,-0.93200684
43087,-0.76873779,1.060791,-0.79116821
43088,-0.64483643,1.1756897,-1.0197449
43089,-0.7649231,1.116333,-0.87509155
43090,-0.80657959,1.3963318,-0.78720093
43091,-0.86914063,1.1859131,-0.80291748
43092,-0.92147827,1.1843872,-0.75286865
43093,-0.99685669,1.1685181,-0.84899902
43094,-1.1097717,1.1743164,-0.72647095
43095,-1.104126,1.1627197,-0.72937012
43096,-1.2924194,1.3021851,-0.46630859
43097,-1.227417,1.2158203,-0.55297852
43098,-1.0871887,1.3650513,-0.40771484
43099,-1.2492371,1.1860657,-0.4524231
43100,-1.4093018,1.1764526,-0.32287598
43101,-1.4025879,1.2202454,-0.3894043
43102,-1.3183594,1.3090515,-0.24536133
43103,-1.5170288,1.3053894,-0.19226074
43104,-1.5571594,1.1053467,-0.1499939
43105,-1.5765381,1.1199951,-0.16571045
43106,-1.61026,1.0418701,0.007019043
43107,-1.5376282,1.0684204,-0.058135986
43108,-1.6490173,1.1001587,0.14892578
43109,-1.5652466,1.0917664,0.013427734
43110,-1.6090393,1.2127686,-0.049591064
43111,-1.6534424,1.1817932,0.093688965
43112,-1.6688538,1.1645508,0.1298523
43113,-1.8191528,1.1395264,0.16860962
43114,-1.8156433,1.1784363,0.22796631
43115,-1.8147278,1.0675049,0.37353516
43116,-1.8353271,1.1331177,0.47775269
43117,-1.9447327,0.94604492,0.50247192
43118,-1.9088745,1.1355591,0.54748535
43119,-2.0013428,0.91308594,0.55740356
43120,-1.9807434,1.1187744,0.63308716
43121,-1.9662476,0.90148926,0.58959961
43122,-1.9024658,0.85662842,0.67611694
43123,-2.0761108,0.76522827,0.66131592
43124,-2.0814514,0.71380615,0.74371338
43125,-2.0207214,0.66802978,0.79589844
43126,-2.1813965,0.73974609,0.87753296
43127,-2.2337341,0.64651489,0.80978394
43128,-2.1907043,0.56091309,1.0614014
43129,-2.1879578,0.61431885,1.2043762
43130,-2.199707,0.44403076,1.1753845
43131,-2.2569275,0.37490845,1.2980652
43132,-2.1794128,0.3527832,1.1401367
43133,-2.1054077,0.33370972,1.1485291
43134,-2.1942139,0.25421143,1.2971497
43135,-2.1817017,0.15029907,1.3528442
43136,-2.1089172,0.18920898,1.4367676
43137,-1.9841003,0.054626465,1.4144897
43138,-2.0019531,-0.067443848,1.4530945
43139,-2.0381165,0.015258789,1.5190125
43140,-1.9836426,0.021972656,1.4959717
43141,-1.9047546,-0.1121521,1.4129639
43142,-1.9770813,-0.34439087,1.5167236
43143,-2.0481873,-0.33081055,1.7533875
43144,-2.0874023,-0.31951904,1.6400146
43145,-2.0446777,-0.52215576,1.5658569
43146,-2.0503235,-0.51971435,1.6424561
43147,-2.0544434,-0.45776367,1.6479492
43148,-1.9354248,-0.60791016,1.8031311
43149,-1.8489075,-0.62240601,1.8333435
43150,-1.9769287,-0.70526123,1.6912842
43151,-1.8756104,-0.71990967,1.7216492
43152,-1.9291687,-0.86029053,1.8656921
43153,-1.8023682,-0.84884644,1.6816711
43154,-1.640625,-0.76293945,1.9032288
43155,-1.8638611,-0.89355469,1.8754578
43156,-1.7404175,-0.9954834,1.7597961
43157,-1.675415,-1.0415649,1.4811707
43158,-1.7745972,-1.2322998,1.7849731
43159,-1.7436218,-1.0058594,1.8447876
43160,-1.5968323,-1.0192871,2.0141602
43161,-1.4289856,-1.1506653,2.0513916
43162,-1.3935852,-1.2677002,2.0217896
43163,-1.4898682,-1.4892578,2.0495605
43164,-1.3632202,-1.5371704,1.9674683
43165,-1.3034058,-1.6827393,1.8902588
43166,-1.3830566,-1.7176819,1.803894
43167,-1.1630249,-1.713562,1.9369507
43168,-1.166687,-1.8357849,1.8638611
43169,-1.129303,-1.8133545,2.0986938
43170,-1.0847473,-1.7738342,2.0555115
43171,-1.1277771,-1.8476868,1.9189453
43172,-1.0333252,-1.6122437,1.8159485
43173,-0.80749512,-1.6557312,1.8940735
43174,-0.90621948,-1.8519592,1.8400574
43175,-0.81314087,-1.9007874,1.8460083
43176,-0.81237793,-1.8403625,1.7648315
43177,-0.5619812,-1.9024658,1.8913269
43178,-0.5758667,-2.0413208,1.9172668
43179,-0.49743652,-2.0117188,1.9442749
43180,-0.42526245,-2.1948242,1.7047119
43181,-0.4284668,-2.2114563,1.6786194
43182,-0.37597656,-2.1847534,1.7416382
43183,-0.31738281,-2.1133423,1.5722656
43184,-0.39001465,-2.1980286,1.605835
43185,-0.29556274,-2.1508789,1.6413879
43186,-0.31661987,-2.1455383,1.5792847
43187,-0.24108887,-2.2309875,1.4582825
43188,-0.09979248,-2.2744751,1.3624573
43189,-0.049743652,-2.3721313,1.3357544
43190,-0.084228516,-2.3995972,1.4645386
43191,-0.038146973,-2.4880981,1.3406372
43192,-0.13153076,-2.177124,1.3104248
43193,0.19668579,-2.169342,1.3586426
43194,0.14419556,-2.3638916,1.2557983
43195,0.29083252,-2.2917175,1.1984253
43196,0.29296875,-2.1748352,1.2843323
43197,0.21896362,-2.3147583,1.1791992
43198,0.33691406,-2.3086548,1.0469055
43199,0.61004639,-2.4902344,1.0369873
43200,0.55175781,-2.3301697,0.92651367
43201,0.45562744,-2.3448181,0.91156006
43202,0.63049316,-2.4331665,0.75119019
43203,0.67733765,-2.3786926,0.70068359
43204,0.76690674,-2.3371887,0.76324463
43205,0.7510376,-2.13974,0.76293945
43206,0.87631226,-2.2608948,0.76782227
43207,0.85494995,-2.3007202,0.58044434
43208,0.91018677,-2.3071289,0.55633545
43209,0.9854126,-2.2566223,0.51895142
43210,1.0417175,-2.2506714,0.52215576
43211,0.92544556,-2.1940613,0.46218872
43212,1.2078857,-2.1153259,0.42800903
43213,1.1053467,-2.0922852,0.2041626
43214,0.94146728,-2.2923279,0.27038574
43215,1.1352539,-2.1476746,0.21347046
43216,0.98144531,-2.2091675,0.11199951
43217,1.0580444,-2.1798706,-0.004882813
43218,1.0845947,-2.0965576,0.014190674
43219,1.0772705,-2.1026611,0.005187988
43220,1.2251282,-1.8736267,-0.027313232
43221,1.2870789,-2.046814,-0.093688965
43222,1.3420105,-1.8103027,-0.088653564
43223,1.2498474,-1.9052124,-0.13549805
43224,1.3641357,-1.6351318,-0.23864746
43225,1.2158203,-1.7701721,-0.33782959
43226,1.3528442,-1.5342712,-0.42907715
43227,1.3418579,-1.6459656,-0.45944214
43228,1.4160156,-1.6491699,-0.55358887
43229,1.3427734,-1.5322876,-0.53131103
43230,1.3467407,-1.6059875,-0.64346313
43231,1.3859558,-1.4146423,-0.66574097
43232,1.3356018,-1.2339783,-0.60882568
43233,1.2820435,-1.2582397,-0.7081604
43234,1.4610291,-1.2527466,-0.77667236
43235,1.3560486,-1.2738037,-1.0533142
43236,1.2332153,-1.2371826,-0.77423096
43237,1.257019,-1.1294556,-0.77087402
43238,1.272583,-1.0493469,-0.97076416
43239,1.2379456,-0.91094971,-0.85769653
43240,1.3552856,-0.98648071,-0.98190308
43241,1.1834717,-0.72998047,-0.93338013
43242,1.3441467,-0.73654175,-1.0290527
43243,1.2405396,-0.6477356,-0.99227905
43244,1.3764954,-0.56259155,-1.1080933
43245,1.1421204,-0.58227539,-1.2045288
43246,1.2124634,-0.53115845,-1.2390137
43247,1.1889648,-0.50964356,-1.2728882
43248,1.0784912,-0.39489746,-1.3021851
43249,0.99822998,-0.33325195,-1.1810303
43250,1.010437,-0.33493042,-1.0617065
43251,1.0220337,-0.38314819,-1.3444519
43252,1.0386658,-0.23971558,-1.2985229
43253,0.99578857,-0.29541016,-1.2805176
43254,0.78109741,-0.22277832,-1.1524963
43255,0.99609375,-0.046691895,-1.3041687
43256,0.8543396,-0.028839111,-1.3893127
43257,0.56182861,-0.28411865,-1.6674805
43258,0.4876709,-0.045166016,-1.5289307
43259,0.61721802,0.13198853,-1.4587402
43260,0.54244995,0.27389526,-1.5115356
43261,0.62698364,0.30929565,-1.4706421
43262,0.46401978,0.22537231,-1.5097046
43263,0.24871826,0.41137695,-1.4161682
43264,0.36987305,0.58502197,-1.3574219
43265,0.37506103,0.56808472,-1.5934753
43266,0.28991699,0.56808472,-1.3308716
43267,0.34133911,0.67230225,-1.4610291
43268,0.26733398,0.7901001,-1.4295959
43269,0.15411377,0.8833313,-1.2884521
43270,0.020751953,0.95397949,-1.2741089
43271,0.011901855,0.8241272,-1.3848877
43272,-0.19882202,0.86761475,-1.2484741
43273,-0.065765381,0.88912964,-1.3154602
43274,-0.29754639,0.90270996,-1.333313
43275,-0.14755249,0.93383789,-1.1424255
43276,-0.20477295,0.95718384,-1.28479
43277,-0.17547607,1.043396,-1.3247681
43278,-0.30700684,1.0037231,-1.1767578
43279,-0.40054321,1.3061523,-1.186676
43280,-0.57922363,1.2182617,-1.1691284
43281,-0.53604126,1.3189697,-1.1135864
43282,-0.62347412,1.2797546,-1.2034607
43283,-0.73562622,1.0969543,-1.1753845
43284,-0.75897217,1.2646484,-1.0409546
43285,-0.77972412,1.2678528,-0.88989258
43286,-0.78613281,1.1865234,-1.003418
43287,-0.78796387,1.322937,-0.84365845
43288,-0.87921143,1.5341187,-0.83724976
43289,-0.9777832,1.486969,-0.89630127
43290,-0.94482422,1.5129089,-0.79498291
43291,-1.1009216,1.4524841,-0.59906006
43292,-1.0307312,1.3806152,-0.67779541
43293,-1.1010742,1.3964844,-0.67825317
43294,-1.2231445,1.4564514,-0.61096191
43295,-1.3098145,1.4663696,-0.54840088
43296,-1.4471436,1.3583374,-0.39520264
43297,-1.3516235,1.2205505,-0.41992188
43298,-1.4125061,1.3116455,-0.22705078
43299,-1.4645386,1.1776733,-0.34454346
43300,-1.4630127,1.3729858,-0.28762817
43301,-1.6026306,1.3381958,-0.17028809
43302,-1.5653992,1.3011169,-0.070495605
43303,-1.7718506,1.2350464,0.005340576
43304,-1.855011,1.1654663,0.03112793
43305,-1.7991638,1.2757874,0.018615723
43306,-1.8643188,1.1480713,0.15975952
43307,-1.8492126,1.2896729,0.13183594
43308,-1.8437195,1.2823486,0.12878418
43309,-1.8939209,1.2452698,0.20309448
43310,-1.993866,1.2387085,0.25512695
43311,-2.0187378,1.2162781,0.27923584
43312,-2.0492554,1.0823059,0.34805298
43313,-2.0231628,1.1759949,0.39901733
43314,-2.0614624,1.0284424,0.41030884
43315,-2.1928406,1.0958862,0.48629761
43316,-2.2793579,1.0083008,0.58517456
43317,-2.1389771,1.0414124,0.58609009
43318,-2.2497559,0.8908081,0.81710815
43319,-2.0620728,0.99594116,0.76629639
43320,-2.147522,0.88607788,0.79574585
43321,-2.3181152,0.86624146,0.92163086
43322,-2.3580933,0.86013794,0.93811035
43323,-2.3718262,0.80612183,0.97686768
43324,-2.1725464,0.61203003,1.0237122
43325,-2.3405457,0.46463013,0.91827393
43326,-2.288208,0.51895142,0.91644287
43327,-2.2624207,0.42236328,0.9538269
43328,-2.1304321,0.62133789,1.0681152
43329,-2.1852112,0.62164307,1.1853027
43330,-2.1716309,0.38360596,1.3037109
43331,-2.1398926,0.31143189,1.3291931
43332,-2.1203613,0.30349731,1.2307739
43333,-2.1684265,0.34942627,1.2905884
43334,-2.1138,0.209198,1.2733459
43335,-2.255249,0.16265869,1.3508606
43336,-2.1760559,0.075683594,1.5437317
43337,-2.1299744,0.035095215,1.5023804
43338,-2.0396423,-0.024871826,1.6210938
43339,-2.1386719,-0.16113281,1.4445496
43340,-2.0960999,-0.32653809,1.6052246
43341,-2.1456909,-0.3805542,1.7729187
43342,-2.2380066,-0.36254883,1.7472839
43343,-2.1017456,-0.75805664,1.9094849
43344,-2.0796204,-0.65155029,1.7825317
43345,-2.0857239,-0.53894043,1.7811584
43346,-1.9459534,-0.72814941,1.7282104
43347,-1.9670105,-0.61096191,1.8730164
43348,-1.9651794,-0.68191528,1.6867065
43349,-1.9035339,-0.86425781,2.0065308
43350,-2.0858765,-0.88729858,1.9458008
43351,-1.9107056,-0.95733643,2.0043945
43352,-1.7744446,-0.90957642,1.8519592
43353,-1.7245483,-0.99853516,2.1310425
43354,-1.8171692,-1.1457825,2.0777893
43355,-1.661377,-1.2080383,1.428833
43356,-1.6958618,-1.207428,1.9358826
43357,-1.4816284,-1.3430786,2.0709229
43358,-1.6230774,-1.2686157,2.0803833
43359,-1.6162109,-1.3075256,1.9302368
43360,-1.5843201,-1.3842773,1.9445801
43361,-1.5951538,-1.50177,2.0065308
43362,-1.4425659,-1.5771484,2.0812988
43363,-1.3812256,-1.5829468,1.9030762
43364,-1.3981628,-1.6932678,1.9812012
43365,-1.3119507,-1.7337036,1.7990112
43366,-1.1766052,-1.7306519,1.953125
43367,-1.383667,-1.9326782,1.8945313
43368,-1.0217285,-1.8759155,2.0732117
43369,-1.0552979,-1.7736816,2.0561218
43370,-1.0192871,-1.890564,1.9850159
43371,-0.93994141,-1.8115234,2.0092773
43372,-0.93734741,-1.8096924,2.0956421
43373,-0.83114624,-1.9364929,2.0233154
43374,-0.66268921,-2.0346069,1.9354248
43375,-0.64682007,-2.0600891,1.8798828
43376,-0.55786133,-1.9522095,1.7749023
43377,-0.51574707,-2.0062256,1.7932129
43378,-0.47149658,-2.2174072,1.812439
43379,-0.62133789,-2.3123169,1.9241333
43380,-0.50338745,-2.2937012,1.8417358
43381,-0.38513184,-2.2798157,1.8057251
43382,-0.40039063,-2.3425293,1.6798401
43383,-0.19973755,-2.2822571,1.8365479
43384,-0.32501221,-2.1957397,1.7097473
43385,-0.041503906,-2.3049927,1.5481567
43386,-0.0390625,-2.3164368,1.5280151
43387,0.15258789,-2.6812744,1.3998413
43388,-0.032653809,-2.5285339,1.5107727
43389,0.19363403,-2.6522827,1.3142395
43390,0.12390137,-2.4501038,1.2115479
43391,0.045166016,-2.45224,1.333313
43392,0.22003174,-2.1963501,1.2918091
43393,0.39886475,-2.285614,1.1781311
43394,0.35247803,-2.2822571,1.131134
43395,0.42098999,-2.4511719,1.0046387
43396,0.43609619,-2.3117065,1.1003113
43397,0.63323975,-2.5166321,0.97503662
43398,0.59570313,-2.3616028,0.93887329
43399,0.60348511,-2.4320984,0.97457886
43400,0.61584473,-2.5592041,0.96633911
43401,0.70770264,-2.5799561,0.99151611
43402,0.76095581,-2.6199341,0.69869995
43403,0.76095581,-2.5564575,0.69030762
43404,0.7623291,-2.4404907,0.6880188
43405,0.87463379,-2.2723389,0.67947388
43406,0.89477539,-2.3873901,0.52932739
43407,0.98648071,-2.2828674,0.54199219
43408,0.97045898,-2.3234558,0.53863525
43409,1.0314941,-2.2509766,0.31295776
43410,0.99182129,-2.184906,0.38269043
43411,0.98342896,-2.2471619,0.31982422
43412,1.1495972,-2.124939,0.43930054
43413,1.1012268,-1.9909668,0.20721435
43414,1.2449646,-2.0761108,-0.049743652
43415,1.2908936,-2.1192932,0.084381104
43416,1.2489319,-2.1946716,-0.085144043
43417,1.2219238,-2.1421814,0.064086914
43418,1.1929321,-2.0166016,-0.14892578
43419,1.0455322,-1.9868469,-0.051116943
43420,1.1143494,-1.8545532,-0.16296387
43421,1.289978,-1.920166,-0.14434815
43422,1.2747192,-1.7703247,-0.42144775
43423,1.2705994,-1.7236328,-0.28594971
43424,1.3716125,-1.7141724,-0.41046143
43425,1.2469482,-1.5028381,-0.50964356
43426,1.1849976,-1.5286255,-0.50918579
43427,1.320343,-1.456604,-0.41641235
43428,1.1433411,-1.5365601,-0.51879883
43429,1.3513184,-1.4537048,-0.65673828
43430,1.1769104,-1.4782715,-0.64498901
43431,1.2896729,-1.4044189,-0.63201904
43432,1.1869812,-1.2496948,-0.75378418
43433,1.2397766,-1.1358643,-0.72937012
43434,1.3697815,-1.1831665,-0.70098877
43435,1.3902283,-0.97900391,-0.84655762
43436,1.338501,-0.9475708,-0.84197998
43437,1.1624146,-0.68054199,-0.85037231
43438,1.0792541,-0.86349487,-0.88531494
43439,1.1659241,-0.88241577,-0.92971802
43440,1.1068726,-0.75256348,-0.89294434
43441,0.95947266,-0.63644409,-1.0238647
43442,1.1264038,-0.63934326,-1.1590576
43443,1.1102295,-0.677948,-0.99990845
43444,0.94268799,-0.44921875,-1.1401367
43445,1.0778809,-0.72097778,-1.287384
43446,1.000824,-0.52642822,-1.2979126
43447,1.1801147,-0.47592163,-1.3021851
43448,0.95108032,-0.29876709,-1.3340759
43449,0.9954834,-0.2796936,-1.1534119
43450,0.98205566,-0.31066894,-1.2394714
43451,0.90377808,-0.19363403,-1.3142395
43452,0.80764771,-0.1373291,-1.2471008
43453,0.73501587,-0.016021729,-1.2635803
43454,0.56060791,-0.11886597,-1.5260315
43455,0.51101685,0.047912598,-1.4549255
43456,0.53466797,0.19424438,-1.524353
43457,0.71136475,0.23513794,-1.5808105
43458,0.5909729,0.34484863,-1.506958
43459,0.61553955,0.34225464,-1.5715027
43460,0.5166626,0.41610718,-1.546936
43461,0.63766479,0.37780762,-1.4195251
43462,0.234375,0.41427612,-1.421814
43463,0.35812378,0.5430603,-1.47995
43464,0.2394104,0.59051514,-1.3989258
43465,0.33462524,0.52719116,-1.2719727
43466,0.18325806,0.77102661,-1.4105225
43467,0.20141602,0.75378418,-1.2895203
43468,0.020599365,0.72250366,-1.2359619
43469,-0.025024414,0.84594727,-1.2533569
43470,-0.13565063,0.8303833,-1.1660767
43471,-0.28121948,0.8883667,-1.2109375
43472,-0.15075684,0.81222534,-1.318512
43473,-0.15136719,0.8442688,-1.2628174
43474,-0.21057129,0.90942383,-1.0916138
43475,-0.3074646,0.78781128,-1.2373352
43476,-0.29281616,1.0151672,-1.2437439
43477,-0.46005249,1.1254883,-1.1512756
43478,-0.54443359,1.3143921,-1.1763
43479,-0.58441162,1.2844849,-1.1709595
43480,-0.6539917,1.413269,-1.1991882
43481,-0.69702148,1.2780762,-1.1401367
43482,-0.83801269,1.2515259,-0.87844849
43483,-0.8102417,1.2043762,-1.036377
43484,-0.87768555,1.3699341,-0.88867188
43485,-0.84594727,1.3746643,-0.83892822
43486,-1.0255432,1.4816284,-0.83206177
43487,-1.1242676,1.4265442,-0.78857422
43488,-1.0047913,1.3661194,-0.87738037
43489,-1.0855103,1.2553406,-0.49118042
43490,-1.2753296,1.2457275,-0.60668945
43491,-1.2484741,1.2425232,-0.54992676
43492,-1.3424683,1.5036011,-0.55786133
43493,-1.3723755,1.4480591,-0.443573
43494,-1.4057922,1.4208984,-0.38894653
43495,-1.4523315,1.3420105,-0.55404663
43496,-1.473999,1.3926697,-0.53161621
43497,-1.5281677,1.426239,-0.3062439
43498,-1.5232849,1.2089539,-0.22613525
43499,-1.6156006,1.2924194,-0.16921997
43500,-1.625824,1.3293457,-0.28305054
43501,-1.6088867,1.2471008,-0.18463135
43502,-1.7095947,1.1747742,0.030212402
43503,-1.7420959,1.1378479,0.14068603
43504,-1.7492676,1.0998535,0.058441162
43505,-1.7980957,1.1698914,0.15441895
43506,-1.8617249,1.2045288,0.00289917
43507,-1.8798828,1.1804199,0.19287109
43508,-1.832428,1.0586548,0.29632568
43509,-1.9380188,1.0528564,0.19363403
43510,-1.9773865,0.9916687,0.34423828
43511,-1.9056702,1.0324097,0.2835083
43512,-1.8777466,0.92803955,0.48858643
43513,-2.03125,1.0148621,0.58929443
43514,-2.1298218,0.86242676,0.58273315
43515,-2.1044922,0.90515137,0.47866821
43516,-2.0172119,0.8821106,0.68084717
43517,-2.1958923,0.83969116,0.73760986
43518,-2.0722961,0.72967529,0.75271606
43519,-2.2007751,0.81695557,0.86120606
43520,-2.1165466,0.73867798,0.77697754
43521,-2.0556641,0.73471069,0.90942383
43522,-2.1618652,0.62423706,0.93582153
43523,-2.280426,0.45104981,1.1004639
43524,-2.2824097,0.54946899,1.1340332
43525,-2.0135498,0.40084839,1.1422729
43526,-2.1537781,0.45578003,1.1018372
43527,-2.2058105,0.37139893,1.3093567
43528,-2.0916748,0.36178589,1.2214661
43529,-2.3051453,0.21560669,1.3038635
43530,-2.1150208,0.070037842,1.3479614
43531,-2.1334839,0.16403198,1.2750244
43532,-2.1459961,0.23803711,1.4160156
43533,-1.9906616,0.11123657,1.4326477
43534,-2.0721436,0.035705566,1.3362122
43535,-2.1124268,-0.32028198,1.4360046
43536,-1.9909668,-0.038757324,1.4102173
43537,-2.0532227,-0.29190064,1.6384888
43538,-2.0535278,-0.53146362,1.5588379
43539,-1.945343,-0.49621582,1.819458
43540,-1.95755,-0.5368042,1.5394592
43541,-2.0436096,-0.66757202,1.7236328
43542,-1.8891907,-0.86425781,1.7982483
43543,-1.8699646,-0.69869995,1.9062805
43544,-1.986084,-0.77148438,1.6314697
43545,-1.9598389,-0.63308716,1.9615173
43546,-1.7704773,-0.67077637,1.9657898
43547,-1.7791748,-0.79437256,1.9177246
43548,-1.7738342,-0.82855225,1.9813538
43549,-1.6516113,-0.887146,1.8286133
43550,-1.8328857,-1.0710144,1.9807434
43551,-1.7260742,-0.93826294,1.869812
43552,-1.5777588,-0.93688965,2.0365906
43553,-1.7193604,-1.1784363,1.8942261
43554,-1.5698242,-1.2710571,1.71875
43555,-1.4613342,-1.2586975,2.0761108
43556,-1.5791321,-1.5870666,1.8920898
43557,-1.4797974,-1.5930176,1.9288635
43558,-1.4503479,-1.4927673,1.9068909
43559,-1.4164734,-1.446228,1.9404602
43560,-1.3526916,-1.5991211,1.9367981
43561,-1.2982178,-1.4535522,2.0599365
43562,-1.2591553,-1.6381836,2.0063782
43563,-1.1798096,-1.4492798,2.1060181
43564,-1.0752869,-1.3735962,2.0567322
43565,-1.1758423,-1.6326904,2.0883179
43566,-1.0032654,-1.8421936,2.1575928
43567,-0.87478638,-1.9702148,1.9584656
43568,-0.88150024,-1.8972778,1.9691467
43569,-0.87738037,-1.7318726,2.0573425
43570,-0.7925415,-1.8681335,2.0410156
43571,-0.7510376,-1.8371582,2.0800781
43572,-0.63995361,-1.9111633,1.9587708
43573,-0.68450928,-1.9192505,1.8977356
43574,-0.65246582,-1.9036865,1.9070435
43575,-0.51940918,-1.9503784,1.9155884
43576,-0.46386719,-2.0323181,1.6629028
43577,-0.5847168,-2.1195984,1.6505432
43578,-0.440979,-2.0921326,1.697998
43579,-0.35644531,-2.3379517,1.5771484
43580,-0.18676758,-2.3738098,1.7303467
43581,-0.1689148,-2.4284363,1.5498352
43582,-0.11688232,-2.1932983,1.4489746
43583,-0.007324219,-2.1655273,1.5499878
43584,-0.003204346,-2.195282,1.464386
43585,-0.073699951,-2.2584534,1.5318298
43586,0.042419434,-2.1208191,1.5414429
43587,0.098724365,-2.3179626,1.4627075
43588,0.028686523,-2.4681091,1.3139343
43589,0.14205933,-2.4580383,1.1965942
43590,0.08392334,-2.4102783,1.2069702
43591,0.42755127,-2.3753357,1.285553
43592,0.36361694,-2.4136353,1.1682129
43593,0.36407471,-2.3313904,1.0696411
43594,0.38085938,-2.2662354,1.0839844
43595,0.29251099,-2.3582458,1.0424805
43596,0.40115356,-2.2930908,1.0351563
43597,0.58258057,-2.3046875,0.97122192
43598,0.52810669,-2.3675537,0.95077515
43599,0.69580078,-2.2973633,0.74935913
43600,0.75622559,-2.3049927,0.78613281
43601,0.66329956,-2.1685791,0.79147339
43602,0.60501099,-2.2846985,0.77026367
43603,0.73181152,-2.3194885,0.64163208
43604,0.74951172,-2.1600342,0.6262207
43605,0.75302124,-2.2874451,0.51422119
43606,0.89126587,-2.1757507,0.33172607
43607,0.98449707,-2.1368408,0.49407959
43608,1.0522461,-2.1057129,0.36300659
43609,0.90026856,-2.2103882,0.46234131
43610,0.99502563,-2.2450256,0.25665283
43611,0.94451904,-2.1115112,0.26596069
43612,0.88043213,-2.0063782,0.15090942
43613,0.8946228,-1.9203186,0.10742188
43614,1.0774231,-1.8545532,-0.004119873
43615,1.0426331,-1.9528198,-0.014648438
43616,1.09375,-1.8096924,-0.048675537
43617,1.086731,-1.734314,-0.08972168
43618,1.2036133,-1.8569946,-0.14556885
43619,1.2135315,-1.7932129,-0.003051758
43620,1.1315918,-1.6571045,-0.24108887
43621,1.1628723,-1.6168213,-0.24276733
43622,1.1683655,-1.6157532,-0.26107788
43623,1.1645508,-1.7349243,-0.45654297
43624,1.2208557,-1.5086365,-0.47332764
43625,1.3166809,-1.4990234,-0.6741333
43626,1.3771057,-1.3917541,-0.56610107
43627,1.3392639,-1.3378906,-0.61218262
43628,1.3044739,-1.3583374,-0.5430603
43629,1.307373,-1.1859131,-0.68084717
43630,1.1738586,-1.1660767,-0.70846558
43631,1.2731934,-1.2088013,-0.79162598
43632,1.191864,-1.2007141,-0.78292847
43633,1.1584473,-1.1004639,-0.93215942
43634,1.2414551,-1.0508728,-0.8782959
43635,1.1520386,-0.95108032,-0.95962524
43636,1.1087036,-0.88073731,-1.0002136
43637,1.1291504,-0.67352295,-1.1445618
43638,1.0147095,-0.6716919,-0.9854126
43639,1.1894226,-0.57159424,-1.0214233
43640,1.1860657,-0.6111145,-1.0517883
43641,1.1968994,-0.493927,-1.0714722
43642,1.0661316,-0.50140381,-1.1358643
43643,1.136322,-0.23681641,-1.423645
43644,0.8203125,-0.44494629,-1.2471008
43645,1.083374,-0.55404663,-1.1972046
43646,0.73471069,-0.24261475,-1.3755798
43647,0.75775147,-0.19363403,-1.3372803
43648,0.80245972,-0.18554688,-1.2451172
43649,0.70983887,-0.22125244,-1.2181091
43650,0.74508667,-0.25939941,-1.2918091
43651,0.93185425,-0.091552734,-1.2705994
43652,0.84075928,0.022735596,-1.1317444
43653,0.73425293,-0.43579102,-1.4024353
43654,0.64636231,-0.060577393,-1.3885498
43655,0.40374756,0.1789856,-1.2367249
43656,0.48553467,0.19348145,-1.3980103
43657,0.49041748,0.27801514,-1.2805176
43658,0.52902222,0.36758423,-1.3671875
43659,0.44067383,0.38757324,-1.3522339
43660,0.30319214,0.53436279,-1.3313293
43661,0.50048828,0.45257568,-1.3221741
43662,0.18585205,0.40924072,-1.3470459
43663,0.19042969,0.38421631,-1.3627625
43664,0.24291992,0.50292969,-1.2547302
43665,0.11825561,0.52780151,-1.4396667
43666,0.13122559,0.67901611,-1.3912964
43667,-0.035400391,0.572052,-1.3591003
43668,-0.19378662,0.69885254,-1.1404419
43669,-0.062408447,0.81390381,-1.1271667
43670,-0.14160156,0.9072876,-1.2576294
43671,-0.25878906,1.063385,-1.1404419
43672,-0.28640747,0.90362549,-1.1427307
43673,-0.36361694,0.95230103,-1.1357117
43674,-0.41213989,0.99517822,-1.0974121
43675,-0.45333862,1.0147095,-0.9564209
43676,-0.37246704,0.92559815,-0.89584351
43677,-0.48614502,1.0566711,-0.94970703
43678,-0.63232422,1.1471558,-1.0601807
43679,-0.61691284,1.1126709,-1.0638428
43680,-0.66238403,1.1279297,-0.91125488
43681,-0.73638916,1.1106873,-0.84838867
43682,-0.69122315,1.0644531,-0.78643799
43683,-0.81756592,1.0848999,-0.78811646
43684,-0.97946167,1.1325073,-0.78933716
43685,-0.90774536,1.1651611,-0.82992554
43686,-0.92468262,1.2185669,-0.80108643
43687,-1.0334778,1.207428,-0.62866211
43688,-1.0438538,1.0032654,-0.68115234
43689,-1.2031555,1.0728455,-0.6199646
43690,-1.2153625,1.15448,-0.52886963
43691,-1.206665,1.2232971,-0.42510986
43692,-1.3426209,1.3009644,-0.51300049
43693,-1.2306213,1.2524414,-0.32531738
43694,-1.4100647,1.2716675,-0.31387329
43695,-1.569519,0.98983765,-0.59387207
43696,-1.5063477,1.1505127,-0.47836304
43697,-1.6282654,1.1218262,-0.21896362
43698,-1.5995789,1.1335754,-0.055236816
43699,-1.6481018,1.1366272,-0.003814697
43700,-1.7132568,1.1634827,0.063476563
43701,-1.6003418,1.1869812,0.039978027
43702,-1.711731,1.0820007,0.17608643
43703,-1.7478943,1.2428284,0.18936157
43704,-1.7901611,1.0842896,0.21636963
43705,-1.7373657,1.1065674,0.27648926
43706,-1.7059326,1.182251,0.34500122
43707,-1.9490051,0.91995239,0.37597656
43708,-1.8435669,0.9022522,0.51559448
43709,-1.8193054,1.0652161,0.46157837
43710,-1.8980408,0.8203125,0.42221069
43711,-2.064209,0.85372925,0.6439209
43712,-1.9616699,0.84594727,0.62759399
43713,-1.8392944,0.87493897,0.78765869
43714,-2.0045471,0.91278076,0.60089111
43715,-1.9474792,0.93460083,0.56549072
43716,-2.036438,0.8215332,0.67062378
43717,-2.0162964,0.74645996,0.80276489
43718,-2.1115112,0.84075928,0.98983765
43719,-2.1279907,0.75241089,0.94909668
43720,-2.0977783,0.50674438,0.85632324
43721,-2.099762,0.50109863,1.071167
43722,-2.1005249,0.48812866,0.9828186
43723,-2.0933533,0.47241211,0.89538574
43724,-2.2653198,0.24856567,1.0696411
43725,-2.2547913,0.25848389,1.1439514
43726,-2.0301819,0.19073486,1.1746216
43727,-2.1286011,0.19317627,1.1265564
43728,-1.9421387,-0.050964355,1.2530518
43729,-2.1437073,0.05279541,1.217041
43730,-2.0739746,-0.058288574,1.3363647
43731,-2.049408,0.026245117,1.381073
43732,-2.1600342,-0.08972168,1.3893127
43733,-2.1298218,-0.055389404,1.3705444
43734,-2.0025635,-0.17028809,1.521759
43735,-1.9776916,-0.18722534,1.5335083
43736,-2.0550537,-0.32440186,1.5400696
43737,-2.0329285,-0.24887085,1.489563
43738,-1.8888855,-0.24780273,1.4962769
43739,-2.0124817,-0.29937744,1.725769
43740,-1.9711304,-1.0150146,1.6531372
43741,-1.7739868,-0.71884155,1.6789246
43742,-1.8612671,-0.52978516,1.7845154
43743,-1.8966675,-0.73120117,1.7778015
43744,-1.8440247,-0.78292847,1.5988159
43745,-1.7520142,-0.72143555,1.8302917
43746,-1.7567444,-0.79818726,1.8492126
43747,-1.8132019,-0.93933106,1.9708252
43748,-1.6085815,-0.9854126,1.6760254
43749,-1.6567993,-0.9274292,1.8222046
43750,-1.5905762,-0.84640503,2.019043
43751,-1.6171265,-0.965271,1.6903687
43752,-1.4836121,-0.92895508,1.6262817
43753,-1.4575195,-1.153717,1.7176819
43754,-1.3943481,-1.1485291,1.8605041
43755,-1.3909912,-1.257782,1.8103027
43756,-1.2780762,-1.4422607,1.7909241
43757,-1.3449097,-1.5795898,1.7506409
43758,-1.1373901,-1.499939,1.7004395
43759,-1.2493896,-1.6033936,1.7778015
43760,-1.131134,-1.5072632,1.8417358
43761,-1.1463928,-1.6540527,1.9136047
43762,-1.0421753,-1.3334656,1.9277954
43763,-1.1062622,-1.6127014,1.893158
43764,-0.96588135,-1.7198181,1.8301392
43765,-0.81176758,-1.4720154,1.628418
43766,-0.80352783,-1.8553162,1.7103577
43767,-0.86425781,-1.6511536,1.6818237
43768,-0.69915772,-1.7933655,1.8411255
43769,-0.76797485,-1.8226624,1.7021179
43770,-0.59417725,-2.167511,1.7424011
43771,-0.62866211,-2.0854187,1.8411255
43772,-0.60760498,-1.9049072,1.7588806
43773,-0.60287476,-1.7993164,1.7182922
43774,-0.52963257,-1.8141174,1.7803955
43775,-0.48324585,-1.9825745,1.6679382
43776,-0.29083252,-1.9970703,1.6349792
43777,-0.31738281,-2.0968628,1.5541077
43778,-0.23849487,-2.1499634,1.4753723
43779,-0.19424438,-2.1580505,1.4877319
43780,-0.13259888,-2.1304321,1.5301514
43781,-0.2230835,-1.9955444,1.4411926
43782,-0.004425049,-2.0129395,1.5133667
43783,-0.013275146,-2.0491028,1.3258362
43784,-0.018768311,-2.1740723,1.2838745
43785,-0.08972168,-2.1043396,1.2893677
43786,0.28594971,-2.3860168,1.1645508
43787,0.22872925,-2.3510742,1.3542175
43788,0.22369385,-2.3838806,1.0696411
43789,0.29129028,-2.3287964,1.1810303
43790,0.38208008,-2.3875427,1.007843
43791,0.45166016,-2.1517944,1.1152649
43792,0.3527832,-2.2821045,0.93460083
43793,0.36972046,-2.1894836,0.68908691
43794,0.30654907,-2.1652222,0.79772949
43795,0.50125122,-2.1722412,0.79589844
43796,0.61248779,-2.1812439,0.75912476
43797,0.69198608,-2.1707153,0.677948
43798,0.64987183,-2.2215271,0.77789307
43799,0.72769165,-2.1437073,0.66375732
43800,0.76721191,-2.0645142,0.45776367
43801,0.81008911,-2.1147156,0.52551269
43802,0.81878662,-2.0870972,0.53283691
43803,0.88439941,-2.1224976,0.33630371
43804,0.93261719,-2.1130371,0.40298462
43805,0.96984863,-2.1203613,0.33554077
43806,0.99273682,-1.950531,0.27954102
43807,1.0137939,-1.8579102,0.2394104
43808,1.0145569,-1.8637085,0.17120361
43809,1.0552979,-1.8331909,0.17364502
43810,1.1012268,-1.8240356,0.054931641
43811,1.1018372,-1.8429565,-0.071563721
43812,1.0757446,-1.7411804,-0.093078613
43813,1.1140442,-1.7163086,-0.14144898
43814,1.1595154,-1.6743469,-0.16479492
43815,1.1857605,-1.6609192,-0.1751709
43816,1.2442017,-1.7111206,-0.039978027
43817,1.1273193,-1.6418457,-0.07232666
43818,1.1314392,-1.6162109,-0.16479492
43819,1.0832214,-1.5777588,-0.37200928
43820,1.0778809,-1.4912415,-0.32455444
43821,1.1508179,-1.5003967,-0.32196045
43822,1.1372375,-1.4302063,-0.46356201
43823,1.1228943,-1.3748169,-0.56793213
43824,1.1309814,-1.444397,-0.5607605
43825,1.0546875,-1.2010193,-0.5935669
43826,1.0870361,-1.2136841,-0.61691284
43827,0.95794678,-1.1308289,-0.70541382
43828,0.98678589,-1.0992432,-0.75668335
43829,0.98846435,-1.0137939,-0.72448731
43830,1.0324097,-1.0464478,-0.79910278
43831,1.0269165,-0.99365234,-0.77804565
43832,1.022644,-0.87280273,-0.91186523
43833,0.9992981,-0.8392334,-0.88531494
43834,0.96618652,-0.71166992,-0.94680786
43835,0.94848633,-0.67443848,-0.95504761
43836,0.90057373,-0.67840576,-0.92437744
43837,0.85632324,-0.71456909,-0.96755981
43838,0.86044312,-0.76843262,-0.92849731
43839,0.86547852,-0.65734863,-1.0720825
43840,0.93658447,-0.43289185,-1.0272217
43841,0.75134277,-0.33432007,-1.0675049
43842,0.84625244,-0.5619812,-1.1965942
43843,0.73501587,-0.22796631,-1.1595154
43844,0.7107544,-0.22064209,-1.2805176
43845,0.89202881,-0.26062012,-1.2666321
43846,0.65093994,-0.065612793,-1.2973022
43847,0.73181152,-0.103302,-1.1405945
43848,0.63934326,-0.1435852,-1.2020874
43849,0.59646606,0.058288574,-1.1418152
43850,0.34469605,-0.21820068,-1.1619568
43851,0.33187866,-0.32028198,-1.3330078
43852,0.35858154,0.17730713,-1.2103271
43853,0.38833618,0.24276733,-1.0523987
43854,0.35903931,0.30303955,-1.1282349
43855,0.27542114,0.32226563,-1.1621094
43856,0.3276062,0.27938843,-1.2541199
43857,0.28640747,0.53009033,-1.2614441
43858,0.16220093,0.57449341,-1.2504578
43859,0.068969727,0.54931641,-0.98709106
43860,0.2986145,0.46600342,-1.2075806
43861,-0.017089844,0.52261353,-1.1058044
43862,-0.10620117,0.51818848,-1.235199
43863,0.046386719,0.59661865,-1.026001
43864,-0.071258545,0.5406189,-1.101532
43865,-0.23132324,0.68237305,-0.78613281
43866,-0.062255859,0.71121216,-0.99304199
43867,-0.34698486,0.77423096,-0.96130371
43868,-0.3956604,0.75317383,-1.0054016
43869,-0.58349609,0.95993042,-1.1131287
43870,-0.5329895,0.91705322,-1.1016846
43871,-0.70373535,0.93444824,-0.98892212
43872,-0.58486938,0.72616577,-0.91613769
43873,-0.64636231,0.80657959,-1.0409546
43874,-0.71487427,0.96405029,-1.0656738
43875,-0.72967529,1.0038757,-0.87707519
43876,-0.85769653,1.1688232,-0.78323364
43877,-1.0174561,1.1784363,-0.81329346
43878,-1.0066223,1.1198425,-0.69137573
43879,-0.86929321,1.1791992,-0.67977905
43880,-1.0371399,1.265564,-0.66864014
43881,-1.1248779,1.0585022,-0.572052
43882,-1.1334229,1.2138367,-0.61950684
43883,-1.0446167,1.0980225,-0.50079346
43884,-1.0505676,1.0691834,-0.64300537
43885,-1.2339783,1.1975098,-0.43685913
43886,-1.3191223,1.1264038,-0.29266357
43887,-1.1329651,1.1192322,-0.37689209
43888,-1.2677002,1.16745,-0.40481567
43889,-1.4231873,1.0528564,-0.32012939
43890,-1.4730835,0.94863892,-0.2734375
43891,-1.7614746,0.72372437,-0.29724121
43892,-1.5588379,1.0458374,-0.1045227
43893,-1.5670776,0.98266602,0.024871826
43894,-1.6448975,1.0823059,-0.079956055
43895,-1.5739441,1.1682129,-0.030059814
43896,-1.8247986,1.0342407,0.14038086
43897,-1.7178345,0.97167969,0.12710571
43898,-1.7027283,1.0655212,0.25650024
43899,-1.7654419,0.9841919,0.15472412
43900,-1.7204285,0.86791992,0.41015625
43901,-1.6156006,0.99060059,0.37719727
43902,-1.855011,1.0346985,0.34210205
43903,-1.892395,0.95535278,0.45913696
43904,-1.887207,0.92300415,0.4951477
43905,-1.870575,0.96130371,0.54290772
43906,-1.8049622,0.93505859,0.55633545
43907,-1.8099976,0.92971802,0.59188843
43908,-1.9255066,0.84472656,0.73410034
43909,-1.8247986,0.8126831,0.6954956
43910,-1.9662476,0.69335938,0.62271118
43911,-2.0820618,0.71090698,0.74462891
43912,-2.109375,0.60623169,0.82748413
43913,-2.0219421,0.6489563,0.81726074
43914,-2.0022583,0.45837402,0.84686279
43915,-1.9380188,0.66131592,0.99822998
43916,-1.9813538,0.59646606,0.80352783
43917,-1.7776489,0.52810669,1.0379028
43918,-1.9760132,0.4989624,1.0772705
43919,-2.0568848,0.25756836,1.1601257
43920,-1.9891357,0.46264648,1.1798096
43921,-2.0523071,0.262146,0.90148926
43922,-2.0091248,0.17547607,1.0348511
43923,-1.7407227,-0.018920898,1.1508179
43924,-2.0960999,0.105896,1.1831665
43925,-1.8618774,-0.036621094,1.3363647
43926,-2.2062683,-0.014343262,1.3305664
43927,-2.0362854,-0.20233154,1.3038635
43928,-1.889801,-0.21240234,1.4059448
43929,-1.8841553,-0.26565552,1.5284729
43930,-1.8928528,-0.33248901,1.4413452
43931,-1.9020081,-0.31188965,1.5075684
43932,-1.807251,-0.39230347,1.5234375
43933,-1.8591309,-0.45120239,1.68396
43934,-1.8992615,-0.50308228,1.5744019
43935,-1.8632507,-0.84564209,1.6485596
43936,-1.877594,-0.87844849,1.5309143
43937,-1.5924072,-0.70098877,1.6558838
43938,-1.6917419,-0.81665039,1.6653442
43939,-1.6235352,-0.90667725,1.7112732
43940,-1.6349792,-0.63018799,1.8356323
43941,-1.5437317,-0.76416016,1.870575
43942,-1.4877319,-0.8001709,1.9015503
43943,-1.547699,-1.0673523,1.8901062
43944,-1.6136169,-1.0591125,1.8276978
43945,-1.4517212,-1.2362671,1.7756653
43946,-1.50177,-1.0174561,1.6531372
43947,-1.3349915,-1.1044312,1.7175293
43948,-1.3021851,-1.0087585,1.7263794
43949,-1.3047791,-1.0664368,1.6546631
43950,-1.2992859,-1.2081909,1.7240906
43951,-1.2921143,-1.2268066,1.7990112
43952,-1.1824036,-1.3179016,1.8667603
43953,-1.1030579,-1.3702393,1.893158
43954,-1.1604309,-1.5458679,1.7341614
43955,-1.244812,-1.7379761,1.8171692
43956,-1.0101318,-1.6572571,1.8048096
43957,-1.1218262,-1.7733765,1.7996216
43958,-0.94207764,-1.7477417,1.8786621
43959,-0.91079712,-1.8280029,1.6864014
43960,-0.90560913,-1.7861938,1.7578125
43961,-0.83267212,-1.7222595,1.8850708
43962,-0.72662353,-1.7654419,1.8722534
43963,-0.61904907,-2.051239,1.6419983
43964,-0.61431885,-1.8478394,1.7346191
43965,-0.63949585,-1.9197083,1.5753174
43966,-0.43273926,-1.9238281,1.7326355
43967,-0.51437378,-2.0957947,1.7430115
43968,-0.46951294,-2.2296143,1.6105652
43969,-0.41320801,-2.026062,1.6104126
43970,-0.35247803,-2.1702576,1.5335083
43971,-0.23132324,-1.9522095,1.5509033
43972,-0.36071777,-2.137146,1.6418457
43973,-0.13870239,-2.2169495,1.4471436
43974,-0.12084961,-2.0750427,1.5370178
43975,-0.041656494,-2.2683716,1.4343262
43976,-0.031280518,-2.2618103,1.2649536
43977,-0.045013428,-2.3171997,1.3327026
43978,-0.016174316,-2.1925354,1.2135315
43979,0.30029297,-2.0463562,1.3546753
43980,0.20202637,-1.9981384,1.3613892
43981,0.26885986,-2.0892334,1.1837769
43982,0.27755737,-2.2161865,1.0913086
43983,0.25222778,-2.1893311,1.1495972
43984,0.28686523,-2.2636414,0.97290039
43985,0.45135498,-2.3219299,0.87707519
43986,0.34820557,-2.4468994,0.91308594
43987,0.51345825,-2.4119568,0.97900391
43988,0.62011719,-2.3623657,0.87921143
43989,0.61706543,-2.3171997,0.66665649
43990,0.68267822,-2.3370361,0.68603516
43991,0.63415527,-2.1652222,0.65872192
43992,0.69000244,-2.1690369,0.65200806
43993,0.79238892,-2.220459,0.5178833
43994,0.76431274,-2.1008301,0.41763306
43995,0.83084106,-1.9918823,0.5140686
43996,0.88165283,-1.8946838,0.47515869
43997,1.0292053,-2.1028137,0.29434204
43998,0.88684082,-2.0170593,0.42480469
43999,0.85891724,-2.1684265,0.30334473
44000,0.91384888,-1.9299316,0.33706665
44001,1.007843,-2.1026611,0.37246704
44002,1.0531616,-1.9580078,0.1600647
44003,1.0844421,-1.9459534,0.19241333
44004,1.1262512,-1.9955444,0.083007813
44005,1.1035156,-1.9126892,0.10726929
44006,1.1358643,-1.7970276,-0.18234253
44007,0.98571777,-1.8263245,-0.091705322
44008,1.1148071,-1.663208,-0.26046753
44009,1.1824036,-1.5176392,-0.26855469
44010,1.184845,-1.4656067,-0.2204895
44011,1.0780334,-1.5344238,-0.19302368
44012,1.192627,-1.6021729,-0.23605347
44013,1.1717224,-1.5589905,-0.35568237
44014,1.0183716,-1.4251709,-0.27755737
44015,1.1637878,-1.3282776,-0.45700073
44016,1.0586548,-1.2626648,-0.73242188
44017,1.1973572,-1.293335,-0.67337036
44018,1.1128235,-1.3459778,-0.67276001
44019,1.1341858,-1.3084412,-0.68511963
44020,1.0302734,-1.2127686,-0.61935425
44021,1.1895752,-1.0520935,-0.73059082
44022,1.1299133,-1.1546326,-0.76309204
44023,1.0823059,-1.0514832,-0.83084106
44024,1.1128235,-0.78491211,-0.76843262
44025,1.003418,-0.68145752,-0.83633423
44026,1.0926819,-0.67062378,-0.78231812
44027,0.97259522,-0.64575195,-0.87677002
44028,1.0723877,-0.84320068,-0.98983765
44029,0.95123291,-0.79147339,-0.97579956
44030,0.97610474,-0.6690979,-1.0998535
44031,0.97702026,-0.44555664,-1.0876465
44032,0.83190918,-0.4145813,-1.1174011
44033,0.89233398,-0.51742554,-1.1593628
44034,0.82672119,-0.42205811,-1.0069275
44035,0.85021973,-0.39596558,-1.2045288
44036,0.87539673,-0.28106689,-1.055603
44037,0.80978394,-0.23208618,-1.2921143
44038,0.76049805,-0.12512207,-1.1308289
44039,0.7623291,-0.10681152,-1.1779785
44040,0.71411133,-0.11459351,-1.1734009
44041,0.40863037,-0.34729004,-1.360321
44042,0.5368042,-0.051879883,-1.4125061
44043,0.58258057,0.014190674,-1.1817932
44044,0.51757813,0.20645142,-1.2486267
44045,0.43457031,0.21789551,-1.4094543
44046,0.4586792,0.28930664,-1.4022827
44047,0.42266846,0.2923584,-1.4332581
44048,0.28411865,0.39108276,-1.2730408
44049,0.26504517,0.46234131,-1.3201904
44050,0.20492554,0.49041748,-1.2173462
44051,0.37322998,0.40222168,-1.3017273
44052,0.11306763,0.59616089,-1.2443542
44053,0.11703491,0.44082642,-1.3989258
44054,0.13717651,0.6388855,-1.2994385
44055,-0.0730896,0.67489624,-1.2487793
44056,0.091705322,0.85601807,-1.2200928
44057,-0.12786865,0.89904785,-1.1819458
44058,-0.19622803,0.73791504,-1.1117554
44059,-0.24780273,0.91217041,-1.0704041
44060,-0.29495239,0.7875061,-1.1729431
44061,-0.35369873,0.88317871,-0.96191406
44062,-0.35919189,0.85769653,-0.97579956
44063,-0.41244507,0.78582764,-1.1236572
44064,-0.51071167,0.97503662,-0.98480225
44065,-0.47622681,0.96313477,-1.1651611
44066,-0.51879883,1.2249756,-0.96664429
44067,-0.59844971,1.2023926,-0.98724365
44068,-0.74890137,1.289978,-1.0629272
44069,-0.86425781,1.3122559,-1.0705566
44070,-0.96481323,1.1262512,-0.7862854
44071,-0.77697754,1.0101318,-0.86547852
44072,-0.83023071,1.3027954,-0.78781128
44073,-0.89675903,1.2095642,-0.70129394
44074,-1.1456299,1.2149048,-0.70205688
44075,-1.050415,1.4129639,-0.85083008
44076,-0.96160889,1.3578796,-0.71365356
44077,-0.99121094,1.39328,-0.73043823
44078,-1.1433411,1.3563538,-0.54885864
44079,-1.1694336,1.262207,-0.50125122
44080,-1.2683105,1.2893677,-0.47134399
44081,-1.3330078,1.3516235,-0.4234314
44082,-1.3578796,1.3699341,-0.390625
44083,-1.3825989,1.3433838,-0.30303955
44084,-1.459198,1.2843323,-0.22476196
44085,-1.4974976,1.2704468,-0.26901245
44086,-1.5551758,1.2779236,-0.20446777
44087,-1.6212463,0.89477539,-0.22888184
44088,-1.7578125,1.0798645,-0.092926025
44089,-1.6903687,1.2890625,-0.05279541
44090,-1.635437,1.1807251,-0.13183594
44091,-1.6423035,1.1566162,0.1234436
44092,-1.5655518,1.2811279,0.15563965
44093,-1.8157959,1.3363647,0.22598267
44094,-1.7857361,1.1288452,0.23880005
44095,-1.9438171,1.1221313,0.20309448
44096,-1.9325256,1.0990906,0.34225464
44097,-1.9804382,1.1849976,0.3112793
44098,-1.9184875,1.1453247,0.37353516
44099,-1.9206238,0.89569092,0.38330078
44100,-2.0397949,0.97473144,0.54412842
44101,-1.8904114,0.93536377,0.6137085
44102,-2.1229553,0.79727173,0.60516357
44103,-2.0584106,0.87158203,0.58837891
44104,-2.0605469,0.90682983,0.66375732
44105,-2.1162415,0.83465576,0.69213867
44106,-2.1192932,0.7951355,0.60363769
44107,-1.9921875,0.76263428,0.88241577
44108,-1.9760132,0.68481445,0.84365845
44109,-2.0011902,0.67153931,0.97702026
44110,-1.9398499,0.53039551,1.1079407
44111,-2.0402527,0.48065186,0.93521118
44112,-1.9866943,0.48049927,1.2367249
44113,-1.9688416,0.54138184,1.2133789
44114,-2.1606445,0.49362183,1.2893677
44115,-2.1447754,0.22598267,1.3549805
44116,-2.1890259,0.3137207,1.3198853
44117,-2.0013428,0.19485474,1.3122559
44118,-2.0225525,0.16235352,1.3874817
44119,-2.154541,0.24551392,1.4929199
44120,-2.1600342,0.072021484,1.6189575
44121,-2.1769714,0.005645752,1.5350342
44122,-2.3434448,-0.025482178,1.64505
44123,-2.1080017,-0.056762695,1.6505432
44124,-2.1118164,-0.25939941,1.5844727
44125,-2.341156,-0.36621094,1.7622375
44126,-1.9514465,-0.3414917,1.7311096
44127,-2.0263672,-0.39276123,1.7877197
44128,-1.9656372,-0.44021606,1.714325
44129,-1.9909668,-0.63751221,1.8450928
44130,-1.9114685,-0.66452026,1.8081665
44131,-1.8661499,-0.6791687,1.6999817
44132,-1.8739319,-0.83801269,1.7524719
44133,-1.8367004,-0.70007324,1.7727661
44134,-1.9082642,-0.94970703,1.9015503
44135,-1.8649292,-0.8694458,1.8182373
44136,-1.8991089,-1.3911438,1.9422913
44137,-1.8363953,-1.1404419,2.0075989
44138,-1.8157959,-0.93780518,1.832428
44139,-1.68396,-0.90148926,2.0648193
44140,-1.5388489,-1.0348511,1.9924927
44141,-1.7144775,-1.2245178,1.875
44142,-1.5638733,-1.3093567,1.9242859
44143,-1.5377808,-1.521759,1.8782043
44144,-1.4506531,-1.4968872,1.8933105
44145,-1.439209,-1.427002,1.8508911
44146,-1.2754822,-1.5509033,2.1498108
44147,-1.1685181,-1.456604,1.9702148
44148,-1.1981201,-1.6027832,1.9897461
44149,-1.1772156,-1.468811,1.6880798
44150,-1.0499573,-1.4691162,1.9276428
44151,-1.1636353,-1.582489,2.0042419
44152,-1.1366272,-1.6978455,1.9161987
44153,-1.0031128,-1.8157959,1.9000244
44154,-0.79025269,-1.9189453,2.0330811
44155,-0.82641602,-1.9210815,1.8920898
44156,-0.80413818,-1.9747925,1.9874573
44157,-0.79986572,-1.7440796,1.9352722
44158,-0.80047607,-1.9592285,1.9741821
44159,-0.66955566,-1.9606018,1.7831421
44160,-0.63659668,-1.9474792,1.8367004
44161,-0.56762695,-2.0046997,1.675415
44162,-0.51071167,-1.9940186,1.6355896
44163,-0.45104981,-2.0001221,1.6362
44164,-0.51437378,-1.9511414,1.7906189
44165,-0.29937744,-2.1133423,1.7230225
44166,-0.24978638,-2.2729492,1.5505981
44167,-0.35232544,-2.3861694,1.6017151
44168,-0.27816772,-2.3191833,1.4581299
44169,-0.059051514,-2.3324585,1.5846252
44170,-0.22979736,-2.2721863,1.595459
44171,-0.099029541,-2.0751953,1.6622925
44172,0.001220703,-2.2195435,1.4039612
44173,0.1184082,-2.2724915,1.5776062
44174,0.12084961,-2.442627,1.2738037
44175,0.10040283,-2.4819946,1.4237976
44176,0.25360107,-2.4865723,1.3270569
44177,0.31784058,-2.3690796,1.2240601
44178,0.37353516,-2.197113,1.187439
44179,0.37567139,-2.3751831,1.1862183
44180,0.33752441,-2.3335266,0.99731445
44181,0.51528931,-2.2776794,0.96633911
44182,0.54931641,-2.1708679,1.0079956
44183,0.57312012,-2.1496582,0.87356567
44184,0.62683106,-2.2471619,0.86608887
44185,0.52642822,-2.2917175,0.74890137
44186,0.61172485,-2.1763611,0.8164978
44187,0.64819336,-2.2621155,0.84625244
44188,0.93261719,-2.3504639,0.66177368
44189,0.74707031,-2.1081543,0.56365967
44190,0.78613281,-2.0843506,0.6690979
44191,0.63339233,-2.2293091,0.48583984
44192,0.93505859,-2.2422791,0.50476074
44193,1.0069275,-2.1513367,0.42724609
44194,1.0565186,-2.1530151,0.41503906
44195,1.0784912,-2.0858765,0.32608032
44196,1.1105347,-2.0349121,0.15197754
44197,1.1795044,-2.0004272,0.19821167
44198,1.1027527,-2.1922302,0.012969971
44199,1.2626648,-2.0851135,0.13961792
44200,1.2371826,-2.0339966,-0.003051758
44201,1.1016846,-1.99646,0.068206787
44202,1.2219238,-2.1148682,0.1248169
44203,1.2188721,-2.0082092,0.092163086
44204,1.121521,-1.8278503,-0.14297485
44205,1.1419678,-1.756897,-0.20217895
44206,1.1863709,-1.7776489,-0.25268555
44207,1.3482666,-1.7282104,-0.53436279
44208,1.3111877,-1.5167236,-0.46691894
44209,1.2574768,-1.5403748,-0.48431397
44210,1.3775635,-1.4863586,-0.67611694
44211,1.2228394,-1.4907837,-0.64865112
44212,1.1865234,-1.5454102,-0.51132202
44213,1.1973572,-1.5106201,-0.51315308
44214,1.3806152,-1.3246155,-0.62545776
44215,1.2759399,-1.2591553,-0.74142456
44216,1.245575,-1.1395264,-0.77545166
44217,1.3989258,-1.0250854,-0.79086304
44218,1.321106,-1.2663269,-0.8392334
44219,1.262207,-1.1650085,-0.75195313
44220,1.3299561,-1.3180542,-0.96740723
44221,1.328125,-1.2097168,-1.0905457
44222,1.3903809,-1.0548401,-1.0391235
44223,1.1875916,-0.77575684,-0.95825195
44224,1.2095642,-0.72952271,-1.1090088
44225,1.2409973,-0.65002441,-1.043396
44226,1.0597229,-0.6022644,-1.2268066
44227,1.0510254,-0.53970337,-1.0787964
44228,0.89538574,-0.53451538,-1.2553406
44229,0.99639893,-0.44662476,-1.4149475
44230,0.90881348,-0.44616699,-1.3098145
44231,0.94146728,-0.18722534,-1.2664795
44232,0.92407227,-0.37521362,-1.2689209
44233,0.92773438,-0.1449585,-1.2705994
44234,0.98083496,-0.2204895,-1.3562012
44235,0.82702637,-0.084686279,-1.3269043
44236,0.77972412,-0.080871582,-1.3012695
44237,0.90026856,0.077362061,-1.3514709
44238,0.73928833,0.036621094,-1.4613342
44239,0.48660278,-0.021820068,-1.4376831
44240,0.60333252,0.02822876,-1.5206909
44241,0.52658081,0.22994995,-1.3650513
44242,0.63064575,0.3314209,-1.4430237
44243,0.63781738,0.3515625,-1.282959
44244,0.53161621,0.50460815,-1.4335632
44245,0.53375244,0.39367676,-1.4120483
44246,0.2645874,0.37338257,-1.4057922
44247,0.2861023,0.64056397,-1.3743591
44248,0.39413452,0.61676025,-1.3993835
44249,0.25192261,0.57525635,-1.2606812
44250,0.11016846,0.67245483,-1.2814331
44251,-0.16311645,0.57388306,-1.3197327
44252,0.10986328,0.72372437,-1.3214111
44253,-0.10635376,0.79605103,-1.3383484
44254,-0.12176514,0.89370728,-1.2910461
44255,-0.11398315,1.0188293,-1.3545227
44256,-0.093994141,0.9828186,-1.2574768
44257,-0.17791748,1.0739136,-1.1457825
44258,-0.21957398,1.1924744,-1.2754822
44259,-0.31738281,1.2382507,-1.2698364
44260,-0.36712647,1.1968994,-0.9916687
44261,-0.52978516,1.0949707,-1.1357117
44262,-0.56625366,1.2446594,-1.0568237
44263,-0.54489136,1.230011,-0.89645386
44264,-0.519104,1.0728455,-0.82824707
44265,-0.54595947,1.1256409,-1.0470581
44266,-0.78918457,1.1645508,-0.81604004
44267,-0.79940796,1.2503052,-0.77682495
44268,-0.86181641,1.1187744,-0.82778931
44269,-0.82199097,1.2219238,-0.9147644
44270,-0.93383789,1.3145447,-0.81741333
44271,-0.9046936,1.2945557,-0.78857422
44272,-1.1798096,1.2197876,-0.80871582
44273,-1.1700439,1.338501,-0.88088989
44274,-1.0778809,1.4031982,-0.72311401
44275,-1.2210083,1.4945984,-0.6578064
44276,-1.0542297,1.3677979,-0.51376343
44277,-1.3366699,1.3345337,-0.4397583
44278,-1.3835144,1.2454224,-0.32470703
44279,-1.4358521,1.3720703,-0.19989014
44280,-1.5411377,1.2731934,-0.1449585
44281,-1.4907837,1.3227844,-0.23696899
44282,-1.3894653,1.1811829,-0.22781372
44283,-1.47995,1.1793518,-0.16220093
44284,-1.6165161,1.1152649,-0.037231445
44285,-1.655426,1.2081909,-0.018005371
44286,-1.8132019,1.1479187,0.04119873
44287,-1.751709,1.3258362,0.085601807
44288,-1.787262,1.159668,0.15197754
44289,-1.8856812,1.197052,0.262146
44290,-1.8743896,1.1773682,0.23513794
44291,-1.9577026,1.0488892,0.22094727
44292,-1.9342041,1.1607361,0.41610718
44293,-1.990509,1.0018921,0.55648804
44294,-2.0074463,1.002655,0.44891357
44295,-2.0951843,0.98999023,0.55664063
44296,-2.0365906,1.1198425,0.46981811
44297,-2.0994568,1.03302,0.59173584
44298,-1.9454956,0.99395752,0.58135986
44299,-2.1774292,0.88516235,0.67611694
44300,-1.9760132,0.87524414,0.64453125
44301,-2.0172119,0.78277588,0.6338501
44302,-2.0726013,0.76980591,0.88195801
44303,-2.1511841,0.80810547,0.91491699
44304,-1.9975281,0.74920654,0.97671509
44305,-2.1528625,0.65917969,1.0272217
44306,-2.2006226,0.6578064,1.1531067
44307,-2.0315552,0.69793701,1.1973572
44308,-2.1310425,0.50613403,1.2936401
44309,-2.2468567,0.46951294,1.0800171
44310,-2.1356201,0.32928467,1.1315918
44311,-2.0288086,0.40313721,1.0845947
44312,-2.205658,0.24353027,1.2701416
44313,-2.1128845,0.26443481,1.3594055
44314,-2.1697998,0.13916016,1.5231323
44315,-2.1340942,0.041351318,1.5208435
44316,-2.1611023,0.11123657,1.4500427
44317,-2.0025635,-0.043792725,1.3916016
44318,-2.1311951,0.098724365,1.3948059
44319,-2.1253967,0.043945313,1.4508057
44320,-2.2238159,-0.27267456,1.5524292
44321,-1.9752502,-0.31982422,1.6366577
44322,-1.9589233,-0.21118164,1.5991211
44323,-2.0440674,-0.21179199,1.7030334
44324,-2.0124817,-0.16586304,1.4770508
44325,-1.9749451,-0.37582397,1.6773987
44326,-2.0690918,-0.4914856,2.0558167
44327,-2.1122742,-0.73898315,1.9099426
44328,-1.9529724,-0.76690674,1.9761658
44329,-1.9012451,-0.7421875,1.8415833
44330,-1.8690491,-0.79193115,2.0295715
44331,-1.9825745,-0.82443237,1.9317627
44332,-1.8249512,-0.54733276,1.7944336
44333,-1.7774963,-0.83587647,1.9842529
44334,-1.6716003,-1.2130737,2.0730591
44335,-1.7314148,-1.3987732,1.9873047
44336,-1.6819763,-1.2194824,2.024231
44337,-1.5829468,-1.1767578,1.9891357
44338,-1.5487671,-1.1222839,1.9752502
44339,-1.481781,-1.1982727,2.0852661
44340,-1.3661194,-1.1758423,2.1035767
44341,-1.4620972,-1.3796997,2.1548462
44342,-1.4642334,-1.4292908,2.0381165
44343,-1.4529419,-1.5795898,1.6079712
44344,-1.3357544,-1.5423584,1.9224548
44345,-1.2303162,-1.7616272,1.9483948
44346,-1.313324,-1.769104,2.0219421
44347,-1.194458,-1.8057251,1.6627502
44348,-1.2028503,-1.8034363,1.7677307
44349,-0.95535278,-1.8667603,1.7816162
44350,-1.114502,-1.7346191,2.0462036
44351,-0.93170166,-1.6795349,1.9790649
44352,-0.85632324,-1.8389893,2.0941162
44353,-0.80978394,-2.0132446,1.8395996
44354,-0.79483032,-1.9725037,1.8101501
44355,-0.7170105,-2.0458984,1.9805908
44356,-0.58883667,-2.0214844,1.697998
44357,-0.52093506,-2.056427,1.9564819
44358,-0.41748047,-2.0254517,1.7745972
44359,-0.58105469,-2.1621704,1.678009
44360,-0.51361084,-2.0947266,1.6809082
44361,-0.33004761,-2.1043396,1.7739868
44362,-0.39794922,-2.15271,1.7025757
44363,-0.31036377,-2.0346069,1.7129517
44364,-0.2255249,-2.2999573,1.7167664
44365,-0.083312988,-2.3416138,1.7079163
44366,-0.039367676,-2.3730469,1.5588379
44367,-0.038146973,-2.3568726,1.4822388
44368,-0.032196045,-2.3364258,1.361084
44369,0.037841797,-2.2354126,1.3493347
44370,0.29495239,-2.1340942,1.2825012
44371,0.12359619,-2.162323,1.2998962
44372,0.2607727,-2.2840881,1.1779785
44373,0.21697998,-2.381897,1.3179016
44374,0.37994385,-2.4327087,1.2713623
44375,0.40344238,-2.3892212,1.1560059
44376,0.50567627,-2.4726868,1.02005
44377,0.5545044,-2.3852539,0.94696045
44378,0.46813965,-2.3260498,1.0896301
44379,0.5456543,-2.2554016,1.0269165
44380,0.50537109,-2.3243713,1.0366821
44381,0.68618774,-2.3059082,0.84915161
44382,0.61706543,-2.2457886,0.66314697
44383,0.88439941,-2.2601318,0.71395874
44384,0.86364746,-2.3959351,0.72311401
44385,0.91094971,-2.2827148,0.70388794
44386,1.0922241,-2.3954773,0.63049316
44387,1.0101318,-2.3065186,0.56488037
44388,0.94680786,-2.2660828,0.3817749
44389,0.83267212,-2.1994019,0.46844482
44390,0.98922729,-2.2064209,0.25482178
44391,1.0321045,-2.1824646,0.30105591
44392,1.1022949,-2.2039795,0.16204834
44393,1.1047363,-2.2039795,0.27297974
44394,0.96588135,-2.1620178,0.086212158
44395,1.0385132,-1.7875671,-0.008544922
44396,1.0218811,-1.8865967,0.028533936
44397,1.1328125,-1.7959595,-0.20446777
44398,1.1273193,-1.8586731,-0.13977051
44399,1.2266541,-1.7878723,-0.27236939
44400,1.1669922,-1.9204712,-0.15777588
44401,1.3314819,-1.7796326,-0.36010742
44402,1.2541199,-1.4624023,-0.2104187
44403,1.2109375,-1.5458679,-0.41870117
44404,1.2965393,-1.7306519,-0.3125
44405,1.1921692,-1.6059875,-0.26199341
44406,1.4283752,-1.502533,-0.3263855
44407,1.3778687,-1.4788818,-0.41168213
44408,1.1990356,-1.4289856,-0.37002564
44409,1.3418579,-1.3168335,-0.68603516
44410,1.3726807,-1.2854004,-0.70877075
44411,1.1962891,-1.2788391,-0.74401856
44412,1.2042236,-1.194458,-0.62530518
44413,1.1529541,-1.1201477,-0.80062866
44414,1.1210632,-1.0453796,-1.0298157
44415,1.1523438,-1.0168457,-0.93612671
44416,1.1491394,-1.026001,-0.95016479
44417,1.0684204,-0.89904785,-0.87142944
44418,1.1660767,-0.97686768,-0.92468262
44419,1.1068726,-0.96298218,-0.93231201
44420,1.0476685,-0.93231201,-1.0333252
44421,1.1062622,-0.86654663,-1.0777283
44422,1.1071777,-0.77102661,-1.1138916
44423,1.1779785,-0.62438965,-1.0604858
44424,1.1123657,-0.58059692,-1.0769653
44425,1.0678101,-0.59066772,-1.1508179
44426,0.93612671,-0.25161743,-1.0559082
44427,0.94970703,-0.2923584,-1.260376
44428,0.98052978,-0.27648926,-1.2258911
44429,0.93444824,-0.21362305,-1.2815857
44430,0.82397461,-0.21652222,-1.2651062
44431,0.75668335,-0.1461792,-1.2902832
44432,0.76126099,-0.079803467,-1.368103
44433,0.6954956,-0.085601807,-1.4019775
44434,0.73623657,-0.078277588,-1.541748
44435,0.64620972,-0.21881103,-1.473999
44436,0.83389282,0.14297485,-1.4385986
44437,0.68939209,0.14511108,-1.4181519
44438,0.5897522,0.25634766,-1.2585449
44439,0.50857544,0.24932861,-1.3148499
44440,0.48156738,0.32913208,-1.2246704
44441,0.54321289,0.3225708,-1.2841797
44442,0.41168213,0.40145874,-1.4872742
44443,0.34576416,0.36148071,-1.4718628
44444,0.1713562,0.57479858,-1.2998962
44445,0.19958496,0.5317688,-1.3165283
44446,0.28015137,0.58273315,-1.2893677
44447,0.25772095,0.59051514,-1.7144775
44448,0.11077881,0.52307129,-1.5093994
44449,0.18493652,0.52154541,-1.1950684
44450,0.00793457,0.58181763,-1.2309265
44451,-0.048370361,0.76324463,-1.1930847
44452,-0.057830811,0.76812744,-1.0514832
44453,-0.29403686,0.92315674,-1.1244202
44454,-0.17501831,0.93078613,-1.1297607
44455,-0.5229187,0.93826294,-1.2133789
44456,-0.44311523,0.91125488,-1.210022
44457,-0.58105469,1.1717224,-1.1909485
44458,-0.51498413,1.2220764,-1.1972046
44459,-0.67596435,1.2373352,-1.1825562
44460,-0.74554443,1.09375,-1.1351013
44461,-0.78536987,1.0668945,-1.1802673
44462,-0.77209473,1.2077332,-0.96908569
44463,-0.90332031,1.2684631,-0.98480225
44464,-0.80215454,1.3331604,-0.97045898
44465,-1.0437012,1.4707947,-0.83007813
44466,-0.99761963,1.5194702,-0.71914673
44467,-1.0421753,1.5197754,-0.76293945
44468,-1.0345459,1.395874,-0.7699585
44469,-1.0850525,1.378479,-0.57540894
44470,-1.1698914,1.4440918,-0.50506592
44471,-1.1450195,1.476593,-0.52093506
44472,-1.1483765,1.5397644,-0.52322388
44473,-1.1904907,1.5875244,-0.51956177
44474,-1.2498474,1.6784668,-0.55725098
44475,-1.3673401,1.5142822,-0.43807983
44476,-1.4186096,1.4433289,-0.49011231
44477,-1.4172363,1.4195251,-0.48217773
44478,-1.4527893,1.3847351,-0.87158203
44479,-1.6146851,1.4575195,-1.0928345
44480,-1.6166687,1.3031006,-0.41595459
44481,-1.6094971,1.2974548,-0.15533447
44482,-1.6503906,1.2203979,-0.26580811
44483,-1.6891479,1.3769531,-0.1486206
44484,-1.6696167,1.3304138,0.003662109
44485,-1.7456055,1.3142395,0.1449585
44486,-1.7915344,1.3087463,0.11932373
44487,-1.8005371,1.2983704,0.15914917
44488,-1.859436,1.2960815,0.26428223
44489,-1.9541931,1.3208008,0.32302856
44490,-1.9346619,1.1688232,0.18569946
44491,-2.0018005,1.2597656,0.28411865
44492,-2.0127869,1.1758423,0.40542603
44493,-1.9239807,1.0385132,0.42129517
44494,-2.015686,1.1386108,0.4888916
44495,-2.1072388,1.0180664,0.75759888
44496,-2.1305847,1.0458374,0.73776245
44497,-2.144165,1.0415649,0.6439209
44498,-2.0349121,1.0049438,0.83755493
44499,-2.1498108,1.0137939,0.85235596
44500,-2.1838379,0.87539673,1.0456848
44501,-2.2419739,0.79452515,0.86456299
44502,-2.33078,0.70159912,0.94406128
44503,-2.0904541,0.81283569,0.87921143
44504,-2.0722961,0.6930542,0.87677002
44505,-2.2094727,0.74432373,1.036377
44506,-2.270813,0.47454834,1.0836792
44507,-2.2143555,0.51483154,1.1531067
44508,-2.321167,0.33966064,1.3638306
44509,-2.3420715,0.31402588,1.4282227
44510,-2.1720886,0.29724121,1.1930847
44511,-2.2839355,0.27679443,1.2080383
44512,-2.2451782,0.26855469,1.5066528
44513,-2.220459,0.23803711,1.3568115
44514,-2.2218323,0.09765625,1.59729
44515,-2.1166992,0.19348145,1.5672302
44516,-2.066803,-0.073394775,1.6300964
44517,-2.0480347,-0.18951416,1.5287781
44518,-2.250061,-0.16204834,1.4904785
44519,-2.0625305,-0.14328003,1.7453003
44520,-2.0283508,-0.1689148,1.5222168
44521,-1.9543457,-0.52536011,1.6285706
44522,-2.0449829,-0.39642334,1.7379761
44523,-2.1356201,-0.46981811,1.7774963
44524,-1.9419861,-0.43777466,1.8467712
44525,-1.9407654,-0.51055908,1.7810059
44526,-2.0121765,-0.74630737,1.7932129
44527,-1.9381714,-0.65979004,1.8600464
44528,-1.8890381,-0.6942749,1.9190979
44529,-1.9506836,-0.90698242,1.7103577
44530,-1.8849182,-0.7963562,1.9090271
44531,-1.7193604,-1.0025024,2.0397949
44532,-1.7791748,-1.3803101,2.03125
44533,-1.7829895,-1.5457153,1.9100952
44534,-1.8185425,-1.4103699,2.1524048
44535,-1.6760254,-1.1907959,1.9366455
44536,-1.5097046,-1.1810303,2.0137024
44537,-1.6046143,-1.3699341,1.8252563
44538,-1.7118835,-1.4653015,1.7886353
44539,-1.4924622,-1.2280273,1.9549561
44540,-1.4205933,-1.3505554,2.1269226
44541,-1.3290405,-1.5571594,1.894989
44542,-1.4352417,-1.7019653,1.8991089
44543,-1.2405396,-1.746521,2.0391846
44544,-1.1888123,-1.8043518,2.1932983
44545,-1.169281,-1.7074585,2.1463013
44546,-1.0769653,-2.0005798,1.8312073
44547,-0.9286499,-2.0095825,1.5434265
44548,-0.8706665,-1.9264221,1.4630127
44549,-0.91995239,-1.9534302,1.7687988
44550,-0.88729858,-1.8341064,1.897583
44551,-0.84014893,-1.9494629,1.925354
44552,-0.79238892,-1.9638062,1.9433594
44553,-0.70770264,-1.9212341,1.9009399
44554,-0.55007935,-1.9934082,1.9213867
44555,-0.4951477,-2.0747375,1.8893433
44556,-0.58807373,-2.0574951,1.8263245
44557,-0.51010132,-2.2433472,1.6342163
44558,-0.62530518,-2.3478699,1.7070007
44559,-0.4586792,-2.1472168,1.7604065
44560,-0.3666687,-2.2236633,1.7095947
44561,-0.32852173,-2.1488953,1.5023804
44562,-0.26535034,-1.9534302,1.6467285
44563,-0.14587402,-2.2680664,1.525116
44564,-0.10253906,-2.1960449,1.5963745
44565,-0.13137817,-2.3226929,1.5823364
44566,0.000152588,-2.3791504,1.5681458
44567,0.025177002,-2.5032043,1.6564941
44568,0.069274902,-2.2648621,1.3838196
44569,0.10421753,-2.2831726,1.4068604
44570,0.056915283,-2.374115,1.2831116
44571,0.18890381,-2.3313904,1.3734436
44572,0.25314331,-2.3538208,1.2913513
44573,0.43655395,-2.51297,1.2614441
44574,0.3704834,-2.4824524,1.2315369
44575,0.46142578,-2.3156738,1.1677551
44576,0.74920654,-2.3718262,1.0574341
44577,0.55999756,-2.3083496,1.0163879
44578,0.56457519,-2.4456787,0.90789795
44579,0.59204102,-2.2883606,0.87081909
44580,0.55877685,-2.4284363,0.77835083
44581,0.68542481,-2.1742249,0.81390381
44582,0.81329346,-2.2093201,0.69992065
44583,0.74874878,-2.1212769,0.75408935
44584,0.84503174,-2.1421814,0.64254761
44585,0.88409424,-2.3538208,0.67153931
44586,0.9286499,-2.3104858,0.4989624
44587,0.72570801,-2.3002625,0.36621094
44588,1.1123657,-2.2512817,0.47149658
44589,1.0202026,-2.1194458,0.30288696
44590,1.1550903,-2.0547485,0.38742065
44591,0.9753418,-2.0100403,0.2130127
44592,1.0922241,-2.12677,0.31463623
44593,0.99822998,-2.1551514,0.25726318
44594,1.1383057,-2.2311401,0.071105957
44595,1.1958313,-2.0675659,-0.023193359
44596,1.2397766,-1.8983459,-0.069580078
44597,1.0987854,-1.7756653,-0.23880005
44598,1.1437988,-1.9198608,-0.000457764
44599,1.2298584,-1.9255066,-0.14190674
44600,1.3571167,-1.8281555,-0.12313843
44601,1.2564087,-1.6860962,-0.12908935
44602,1.1856079,-1.6604614,-0.18295288
44603,1.2832642,-1.8267822,-0.33111572
44604,1.1932373,-1.6583252,-0.41091919
44605,1.3252258,-1.7224121,-0.43395996
44606,1.461792,-1.6465759,-0.4888916
44607,1.2770081,-1.6325378,-0.54550171
44608,1.3362122,-1.5785217,-0.51773071
44609,1.3056946,-1.4508057,-0.64834595
44610,1.3473511,-1.3745117,-0.54580688
44611,1.1274719,-1.240387,-0.63491821
44612,1.2298584,-1.2059021,-0.81924438
44613,1.2858582,-1.2799072,-1.0354614
44614,1.1868286,-1.2045288,-0.85128784
44615,1.2889099,-1.1364746,-0.82305908
44616,1.1906433,-0.9437561,-0.97381592
44617,1.1680603,-0.93444824,-1.2380981
44618,1.1975098,-0.84014893,-1.0241699
44619,1.1462402,-0.82077026,-1.0565186
44620,1.1096191,-0.72479248,-0.97640991
44621,1.1410522,-0.58059692,-1.040802
44622,1.0472107,-0.54931641,-1.0134888
44623,1.0598755,-0.66238403,-0.96542358
44624,1.0241699,-0.6564331,-1.2013245
44625,0.91796875,-0.49499512,-1.1853027
44626,1.0040283,-0.47164917,-1.321106
44627,0.95962524,-0.28411865,-1.3076782
44628,0.93063354,-0.27145386,-1.2098694
44629,0.94802856,-0.2281189,-1.4440918
44630,1.0017395,-0.20874023,-1.2913513
44631,0.8203125,-0.19592285,-1.2934875
44632,0.81588745,-0.11962891,-1.234436
44633,0.65155029,0.05859375,-1.4648438
44634,0.50842285,0.03326416,-1.6687012
44635,0.48782349,-0.047454834,-1.8096924
44636,0.48110962,0.10498047,-1.7242432
44637,0.40710449,0.091552734,-1.3157654
44638,0.54931641,0.21896362,-1.6993713
44639,0.5279541,0.22598267,-1.5647888
44640,0.60180664,0.37872314,-1.4028931
44641,0.50537109,0.47790527,-1.4099121
44642,0.43182373,0.4347229,-1.4431763
44643,0.28457642,0.51635742,-1.3504028
44644,0.30258179,0.54473877,-1.4328003
44645,0.081634521,0.7194519,-1.4559937
44646,0.12313843,0.80291748,-1.3250732
44647,0.14678955,0.80841065,-1.3766479
44648,0.079345703,0.72601318,-1.4994812
44649,-0.10498047,0.78414917,-1.3264465
44650,-0.13397217,1.0079956,-1.4355469
44651,0.017700195,0.97290039,-1.3760376
44652,-0.18310547,1.0002136,-1.3873291
44653,-0.21362305,0.70922852,-1.4274597
44654,-0.46890259,0.8215332,-1.0971069
44655,-0.41748047,1.1053467,-1.0215759
44656,-0.40313721,1.1378479,-1.0658264
44657,-0.54351807,1.0922241,-1.1613464
44658,-0.58670044,1.1508179,-0.9298706
44659,-0.51132202,1.1616516,-1.0223389
44660,-0.6022644,1.1758423,-0.86090088
44661,-0.67550659,0.98510742,-1.048584
44662,-0.80368042,1.1140442,-1.0571289
44663,-0.84472656,1.1064148,-0.96099853
44664,-0.73226929,1.2158203,-0.80261231
44665,-0.79177856,1.1354065,-0.77789307
44666,-0.96588135,1.0877991,-0.84716797
44667,-0.92132568,1.2217712,-0.74676514
44668,-1.005249,1.2197876,-0.78109741
44669,-1.0842896,1.2620544,-0.68237305
44670,-1.0232544,1.0290527,-0.67993164
44671,-1.1125183,1.1152649,-0.62667847
44672,-1.1912537,1.2075806,-0.58319092
44673,-1.461792,1.1941528,-0.48461914
44674,-1.4054871,1.2571716,-0.39352417
44675,-1.5519714,1.1849976,-1.1195374
44676,-1.5882874,1.1630249,-0.2532959
44677,-1.4884949,1.3977051,-0.34637451
44678,-1.5493774,1.4440918,-0.43991089
44679,-1.5731812,1.4253235,-0.66726685
44680,-1.5359497,1.1999512,-0.35964966
44681,-1.6174316,1.098938,-0.2116394
44682,-1.7456055,1.0861206,0.021057129
44683,-1.787262,1.210022,0.081787109
44684,-1.7443848,1.0092163,-0.14434815
44685,-1.8881226,0.94985962,0.048370361
44686,-1.6880798,1.0916138,0.20996094
44687,-1.8463135,1.1328125,0.25177002
44688,-1.6668701,1.1218262,0.21697998
44689,-1.8403625,0.88516235,0.29144287
44690,-1.9267273,0.90332031,0.37399292
44691,-1.865387,0.96374512,0.40740967
44692,-1.8249512,0.99380493,0.39413452
44693,-1.9007874,0.90423584,0.41229248
44694,-1.9477844,0.7711792,0.49240112
44695,-1.9168091,0.68725586,0.54031372
44696,-1.882019,0.72158813,0.61904907
44697,-1.7965698,0.76675415,0.54992676
44698,-1.7790222,0.78475952,0.59463501
44699,-1.9894409,0.63720703,0.76507568
44700,-2.0755005,0.50567627,0.79803467
44701,-2.0620728,0.48370361,0.72753906
44702,-1.9230652,0.53710938,0.81726074
44703,-2.0672607,0.45059204,1.1114502
44704,-2.0808411,0.44540405,1.0621643
44705,-2.0724487,0.26397705,1.0134888
44706,-2.0504761,0.39382935,1.0302734
44707,-2.1430969,0.32287598,1.1129761
44708,-2.2683716,0.15075684,1.2379456
44709,-2.0652771,0.26260376,1.3954163
44710,-2.1112061,0.017700195,1.3206482
44711,-2.0739746,0.11825561,1.2919617
44712,-2.1290588,-0.087585449,1.4624023
44713,-2.0469666,-0.074310303,1.3493347
44714,-2.2557068,-0.084991455,1.5936279
44715,-2.000885,-0.16326904,1.451416
44716,-2.0974731,-0.1725769,1.5551758
44717,-1.8099976,-0.34805298,1.5576172
44718,-2.0423889,-0.38970947,1.6429138
44719,-1.920929,-0.41687012,1.6958618
44720,-1.9934082,-0.45227051,1.5002441
44721,-1.9329834,-0.49133301,1.6688538
44722,-1.729126,-0.48812866,1.7095947
44723,-1.8528748,-0.52612305,1.7358398
44724,-1.8002319,-0.63217163,1.8862915
44725,-1.9345093,-0.80688477,1.8276978
44726,-1.8597412,-0.74417114,1.8264771
44727,-1.6752625,-0.88745117,1.7282104
44728,-1.6235352,-0.84487915,1.7721558
44729,-1.7092896,-0.97000122,1.8292236
44730,-1.583252,-0.68634033,1.8347168
44731,-1.5501404,-1.3998413,1.9477844
44732,-1.5553284,-1.3000488,1.5861511
44733,-1.5765381,-0.95672607,1.8313599
44734,-1.4559937,-1.3101196,1.8505859
44735,-1.4424133,-1.1585999,1.8803406
44736,-1.2489319,-1.2167358,1.9215393
44737,-1.3343811,-1.4472961,1.7915344
44738,-1.4678955,-1.3763428,1.9146729
44739,-1.463623,-1.5438843,1.8614197
44740,-1.3172913,-1.3566589,1.6305542
44741,-1.325531,-1.4402771,1.5054321
44742,-1.1605835,-1.4541626,1.73172
44743,-1.1463928,-1.5072632,1.9485474
44744,-1.0795593,-1.5391541,1.9534302
44745,-1.1308289,-1.7008972,1.9892883
44746,-0.9841919,-1.7913818,1.9110107
44747,-0.99594116,-1.9128418,1.887207
44748,-0.82046509,-1.8617249,1.8518066
44749,-0.75637817,-1.8502808,1.680603
44750,-0.753479,-1.973877,1.6497803
44751,-0.66650391,-1.9210815,1.7671204
44752,-0.6048584,-1.8774414,1.7834473
44753,-0.50186157,-1.7674255,1.783905
44754,-0.44372559,-1.781311,1.764679
44755,-0.41351318,-1.9514465,1.8299866
44756,-0.37780762,-2.0465088,1.7547607
44757,-0.28381348,-2.0350647,1.8058777
44758,-0.25390625,-2.0901489,1.7146301
44759,-0.28717041,-2.1905518,1.5441895
44760,-0.30136108,-1.9262695,1.5637207
44761,-0.08102417,-1.9837952,1.5353394
44762,-0.103302,-1.9865417,1.4259338
44763,-0.059051514,-2.1788025,1.3697815
44764,-0.081787109,-2.230835,1.2579346
44765,-0.08682251,-2.1264648,1.3458252
44766,0.2293396,-2.1653748,1.2236023
44767,0.15136719,-2.2859192,1.2670898
44768,0.22247315,-2.2883606,1.0466003
44769,0.15472412,-2.2721863,1.0064697
44770,0.32546997,-2.1017456,1.1380005
44771,0.38314819,-2.0965576,1.0670471
44772,0.20812988,-2.0205688,1.1071777
44773,0.25665283,-2.1343994,1.0025024
44774,0.37734985,-2.0954895,0.97412109
44775,0.44708252,-2.1308899,0.87158203
44776,0.43579102,-2.0854187,0.94619751
44777,0.59906006,-2.0497131,0.75775147
44778,0.56686401,-2.0678711,0.69351196
44779,0.64559937,-2.1202087,0.75973511
44780,0.51239014,-2.1598816,0.70510864
44781,0.5545044,-2.1992493,0.59188843
44782,0.66650391,-2.3641968,0.62301636
44783,0.94207764,-2.0405579,0.55267334
44784,0.91796875,-1.8933105,0.34118652
44785,0.92971802,-2.0794678,0.40176392
44786,0.94207764,-2.0646667,0.59295654
44787,0.98297119,-1.9891357,0.47241211
44788,0.96572876,-1.9543457,0.34133911
44789,0.94451904,-1.8991089,0.28274536
44790,0.95916748,-1.8818665,0.17868042
44791,1.0601807,-1.9529724,-0.028533936
44792,1.1245728,-1.8876648,-0.090332031
44793,1.1708069,-1.9625854,-0.11154175
44794,1.1886597,-2.0237732,-0.1852417
44795,1.0574341,-1.867981,-0.15731812
44796,1.1375427,-1.6229248,0.005187988
44797,1.0688782,-1.8104553,-0.13122559
44798,1.1630249,-1.5866089,-0.23727417
44799,1.3040161,-1.5705872,-0.20126343
44800,1.1500549,-1.5270996,-0.26229858
44801,1.2365723,-1.5310669,-0.31707764
44802,1.1048889,-1.4562988,-0.37841797
44803,1.0574341,-1.3504028,-0.43075561
44804,1.0420227,-1.2971497,-0.40267944
44805,1.047821,-1.2890625,-0.4460144
44806,1.0467529,-1.1933899,-0.64498901
44807,1.1024475,-1.1911011,-0.87005615
44808,1.2091064,-1.1755371,-0.71792603
44809,1.0630798,-1.2503052,-0.46325684
44810,1.1653137,-1.1488342,-0.83251953
44811,0.97976685,-1.0447693,-0.70404053
44812,0.93582153,-0.9362793,-0.79772949
44813,1.0040283,-0.76339722,-0.753479
44814,0.97915649,-0.74005127,-0.76217651
44815,0.93841553,-0.69564819,-0.79559326
44816,0.93505859,-0.65093994,-0.91674805
44817,0.8996582,-0.59234619,-0.96282959
44818,0.94924927,-0.48706055,-0.99411011
44819,0.97900391,-0.45654297,-1.096344
44820,0.94238281,-0.38497925,-1.1050415
44821,0.9992981,-0.45639038,-1.1801147
44822,0.96725464,-0.43014526,-1.1404419
44823,0.8996582,-0.38284302,-1.113739
44824,0.84991455,-0.4006958,-1.0704041
44825,0.82351685,-0.28625488,-1.1000061
44826,0.79605103,-0.23956299,-1.0848999
44827,0.81848144,-0.11032105,-1.1433411
44828,0.67993164,-0.21652222,-1.0800171
44829,0.60470581,-0.11581421,-1.1448669
44830,0.61096191,0.12741089,-1.0400391
44831,0.49682617,0.070953369,-1.5690613
44832,0.73822022,0.13656616,-1.9256592
44833,0.54992676,0.075378418,-1.5440369
44834,0.39016724,0.060424805,-1.1717224
44835,0.39245606,0.13397217,-1.2164307
44836,0.31112671,0.26855469,-1.3638306
44837,0.18630981,0.24398804,-1.0575867
44838,0.25054932,0.36376953,-1.2457275
44839,0.12115479,0.44158936,-1.1038208
44840,0.14190674,0.3213501,-1.1882019
44841,0.078430176,0.39138794,-1.3537598
44842,0.095977783,0.50415039,-1.3931274
44843,0.020751953,0.61401367,-1.1686707
44844,-0.10040283,0.56457519,-1.0012817
44845,-0.026702881,0.70678711,-1.1662292
44846,-0.12496948,0.89797974,-1.1408997
44847,-0.090332031,0.90911865,-1.0740662
44848,-0.15335083,0.86425781,-0.90057373
44849,-0.22781372,0.86486816,-1.0365295
44850,-0.31219482,0.85388184,-0.88180542
44851,-0.46157837,1.0229492,-1.4337158
44852,-0.49636841,0.76965332,-0.76385498
44853,-0.40008545,0.8013916,-0.97366333
44854,-0.51055908,0.95794678,-0.82977295
44855,-0.61477661,0.96099853,-0.8732605
44856,-0.62820435,1.1094666,-0.96069336
44857,-0.55328369,1.0746765,-1.138916
44858,-0.72189331,1.1274719,-0.89050293
44859,-0.64666748,1.0865784,-0.85128784
44860,-0.73516846,0.98403931,-0.76477051
44861,-0.9815979,0.97442627,-0.61065674
44862,-0.88287353,1.1187744,-0.68008423
44863,-0.884552,1.0275269,-0.35491943
44864,-0.88684082,0.99243164,-0.574646
44865,-1.0734558,1.3153076,-0.45455933
44866,-1.1019897,1.0165405,-0.30914307
44867,-1.1273193,0.98205566,-0.46386719
44868,-1.2335205,0.94146728,-0.27297974
44869,-1.3232422,0.96618652,-0.72540283
44870,-1.2983704,0.97366333,-0.44677734
44871,-1.3948059,0.90789795,-1.0777283
44872,-1.4512634,0.7723999,-0.55221558
44873,-1.4346313,0.95199585,-0.14099121
44874,-1.5783691,1.1430359,-0.16448975
44875,-1.4379883,1.09375,-0.10025024
44876,-1.4363098,1.0847473,-0.078125
44877,-1.4746094,1.1541748,0.045471191
44878,-1.5330505,1.1752319,0.23025513
44879,-1.6734314,1.0061646,0.25772095
44880,-1.7835999,1.1523438,0.31173706
44881,-1.8833923,1.0861206,0.23986816
44882,-1.8873596,1.2045288,0.37231445
44883,-1.8287659,1.0832214,0.39031982
44884,-1.8441772,1.0571289,0.4234314
44885,-1.728363,1.0552979,0.39306641
44886,-1.8598938,1.138916,0.52276611
44887,-1.9154358,0.88577271,0.60455322
44888,-1.9364929,1.0067749,0.61477661
44889,-1.8392944,0.77713013,0.56457519
44890,-1.8989563,0.69610596,0.57403565
44891,-1.895752,0.88653565,0.58853149
44892,-1.9197083,0.66986084,0.81176758
44893,-2.0570374,0.78338623,0.6829834
44894,-2.0083618,0.71685791,0.76187134
44895,-2.0077515,0.56762695,0.82366943
44896,-1.9390869,0.63293457,0.73944092
44897,-1.7889404,0.59860229,0.7925415
44898,-1.9329834,0.32012939,0.83389282
44899,-2.0379639,0.36193848,1.0914612
44900,-1.8536377,0.35491943,1.1195374
44901,-1.9142151,0.43731689,1.1254883
44902,-1.9564819,0.28564453,1.1256409
44903,-1.8321228,0.28396606,1.2095642
44904,-1.8450928,0.19165039,1.3139343
44905,-1.8319702,-0.025787354,1.2158203
44906,-2.0195007,-0.11581421,1.2513733
44907,-2.0195007,-0.13641357,1.3737488
44908,-1.9786072,-0.01373291,1.2458801
44909,-2.1382141,-0.12741089,1.378479
44910,-1.9514465,0.085754395,1.4993286
44911,-1.9535828,-0.20492554,1.5626526
44912,-1.9416809,-0.26184082,1.6221619
44913,-1.7503357,-0.30960083,1.5258789
44914,-1.7674255,-0.28701782,1.6468811
44915,-1.5789795,-0.41442871,1.5594482
44916,-1.6107178,-0.49682617,1.6259766
44917,-1.8826294,-0.51483154,1.5852356
44918,-1.7849731,-0.74615478,1.6305542
44919,-1.8325806,-0.67947388,1.5841675
44920,-1.894989,-0.68115234,1.8826294
44921,-1.7919922,-0.72341919,1.8695068
44922,-1.9013977,-0.86334228,1.8484497
44923,-1.590271,-0.83831787,1.6841125
44924,-1.7150879,-1.1167908,1.7141724
44925,-1.6291809,-0.98754883,1.8299866
44926,-1.4523315,-1.2652588,1.9226074
44927,-1.3540649,-1.0266113,1.905365
44928,-1.7138672,-1.0531616,1.7419434
44929,-1.3426209,-1.2043762,1.960144
44930,-1.4511108,-1.3565063,2.0739746
44931,-1.285553,-1.257782,1.9480896
44932,-1.2121582,-1.28479,1.8670654
44933,-1.3050842,-1.4614868,1.8089294
44934,-1.2705994,-1.6017151,1.7860413
44935,-1.340332,-1.4204407,1.7469788
44936,-1.1332703,-1.6835022,1.7929077
44937,-1.0299683,-1.6157532,1.7782593
44938,-0.95748901,-1.5641785,1.8164063
44939,-0.82458496,-1.4401245,1.6426086
44940,-0.78277588,-1.4997864,1.6317749
44941,-0.86547852,-1.5007019,1.7088318
44942,-0.71289063,-1.6777039,1.6889954
44943,-0.73303223,-1.6520691,1.6540527
44944,-0.65109253,-1.6833496,1.7041016
44945,-0.58837891,-1.7353821,1.6583252
44946,-0.56030273,-1.8415833,1.6293335
44947,-0.58807373,-1.8656921,1.6706848
44948,-0.54168701,-1.9139099,1.663208
44949,-0.48995972,-1.9856262,1.6438293
44950,-0.55328369,-1.9110107,1.6429138
44951,-0.51864624,-1.9506836,1.4343262
44952,-0.33828735,-1.9476318,1.5162659
44953,-0.25878906,-2.0756531,1.4732361
44954,-0.13687134,-2.1414185,1.3970947
44955,-0.14068603,-2.2029114,1.3951111
44956,-0.16723633,-2.1604919,1.3720703
44957,-0.10406494,-2.2212219,1.3972473
44958,-0.043487549,-2.1821594,1.3795471
44959,0.037841797,-2.1572876,1.3699341
44960,0.074005127,-2.2402954,1.2998962
44961,0.057373047,-2.2065735,1.2689209
44962,0.11444092,-2.2120667,1.2886047
44963,0.17852783,-2.2161865,1.2838745
44964,0.20858765,-2.2273254,1.2139893
44965,0.32348633,-2.1713257,1.1236572
44966,0.31494141,-2.0953369,1.0664368
44967,0.38452148,-2.0890808,1.0261536
44968,0.49224853,-2.1963501,0.84335327
44969,0.50048828,-2.2067261,0.74554443
44970,0.47729492,-2.2032166,0.7043457
44971,0.49316406,-2.1665955,0.72113037
44972,0.5947876,-2.024231,0.66146851
44973,0.67932129,-2.1492004,0.60333252
44974,0.66436768,-2.149353,0.62179565
44975,0.68984985,-2.1379089,0.57312012
44976,0.79803467,-2.0602417,0.49728394
44977,0.84289551,-2.0407104,0.48095703
44978,0.87646484,-2.1157837,0.53909302
44979,0.81970215,-1.9641113,0.36437988
44980,0.96221924,-1.9656372,0.25756836
44981,0.95123291,-2.0108032,0.24261475
44982,0.97457886,-2.0399475,0.15670776
44983,0.99731445,-1.9563293,0.024261475
44984,1.0011291,-1.8850708,0.12466431
44985,1.0922241,-1.7933655,-0.092163086
44986,1.0678101,-1.7324829,-0.012512207
44987,1.0861206,-1.7762756,0.057220459
44988,1.1102295,-1.79245,0.059356689
44989,1.1444092,-1.7538452,-0.098876953
44990,1.0922241,-1.7221069,-0.10009766
44991,1.1254883,-1.7495728,-0.082855225
44992,1.0592651,-1.8286133,-0.14709473
44993,1.1235046,-1.6680908,-0.48782349
44994,1.1651611,-1.6036987,-0.43029785
44995,1.1672974,-1.751709,-0.47348022
44996,1.1260986,-1.6026306,-0.55541992
44997,1.1854553,-1.2400818,-0.39871216
44998,1.1282349,-1.2101746,-0.45654297
44999,1.1477661,-1.1221313,-0.37078857
45000,1.0795593,-1.2940979,-0.55801392
45001,1.1859131,-1.2043762,-0.58547974
45002,1.1128235,-1.1239624,-0.52383423
45003,1.1369324,-1.1166382,-0.56121826
45004,1.081543,-1.1410522,-0.56137085
45005,0.94940185,-1.1116028,-0.53192139
45006,0.90988159,-1.0795593,-0.76950073
45007,0.98724365,-0.91491699,-0.92880249
45008,0.87097168,-0.98510742,-0.8782959
45009,0.93048096,-0.80551147,-0.96405029
45010,0.88745117,-0.61203003,-0.86456299
45011,0.99700928,-0.75408935,-0.809021
45012,1.0148621,-0.81787109,-1.010437
45013,0.91003418,-0.55236816,-1.0116577
45014,0.95123291,-0.51345825,-1.0971069
45015,0.96694946,-0.46127319,-1.1503601
45016,0.93780518,-0.37277222,-1.1129761
45017,0.80703735,-0.27923584,-1.1175537
45018,0.91812134,-0.17837524,-1.1604309
45019,0.78079224,-0.19226074,-1.0702515
45020,0.63079834,-0.17318726,-1.2188721
45021,0.83526611,-0.029907227,-1.1355591
45022,0.64605713,0.11764526,-1.1721802
45023,0.70922852,0.049285889,-1.1082459
45024,0.68145752,-0.029296875,-1.697998
45025,0.5368042,0.10620117,-1.2918091
45026,0.35903931,0.005187988,-1.4593506
45027,0.48629761,0.051727295,-1.4035034
45028,0.47622681,0.039367676,-1.1009216
45029,0.28778076,0.42633057,-1.4273071
45030,0.25695801,0.33843994,-1.3328552
45031,0.29174805,0.42602539,-1.2556458
45032,0.26733398,0.3868103,-1.3473511
45033,0.062561035,0.4006958,-1.4144897
45034,0.16815185,0.5758667,-1.2533569
45035,0.1083374,0.70968628,-1.2220764
45036,-0.061340332,0.63781738,-1.2055969
45037,-0.25268555,0.73684692,-1.1283875
45038,-0.080871582,0.75881958,-1.1012268
45039,-0.090789795,0.69946289,-1.2623596
45040,-0.10910034,0.65673828,-1.2184143
45041,-0.25177002,0.79803467,-1.1352539
45042,-0.21270752,0.73120117,-1.2625122
45043,-0.15045166,0.94360352,-1.1930847
45044,-0.29495239,0.90087891,-1.179657
45045,-0.34088135,0.86532593,-1.1347961
45046,-0.50765991,1.1732483,-0.89477539
45047,-0.54489136,1.1972046,-0.76507568
45048,-0.70892334,1.184082,-0.84732056
45049,-0.5809021,1.2487793,-0.8480835
45050,-0.58029175,1.1430359,-0.72692871
45051,-0.67657471,1.1027527,-0.78598022
45052,-0.66329956,1.1651611,-0.78948975
45053,-0.98571777,1.1369324,-0.71868897
45054,-0.88272095,1.1677551,-0.68908691
45055,-0.87280273,1.2466431,-0.60775757
45056,-1.1277771,1.2251282,-0.31921387
45057,-1.0087585,1.3153076,-0.31433106
45058,-1.2408447,1.1911011,-0.49285889
45059,-1.187439,1.0914612,-0.68115234
45060,-1.2857056,1.1102295,-0.4133606
45061,-1.232605,1.2139893,-0.599823
45062,-1.2715149,0.91659546,-0.33050537
45063,-1.4108276,1.4564514,-0.30975342
45064,-1.362915,1.3273621,-0.2935791
45065,-1.4576721,1.2812805,-0.13473511
45066,-1.3877869,1.3490295,-0.16983032
45067,-1.4221191,1.3322449,-0.38223267
45068,-1.6680908,1.0696411,-0.33309936
45069,-1.6630554,1.2240601,-0.030822754
45070,-1.6879272,1.0791016,0.022888184
45071,-1.5856934,1.1869812,0.045928955
45072,-1.6062927,1.2496948,0.18676758
45073,-1.8746948,1.1233521,0.12710571
45074,-1.7895508,1.2527466,0.25207519
45075,-1.7082214,1.098938,0.27694702
45076,-1.6847229,0.92605591,0.20690918
45077,-1.6795349,1.0017395,0.36651611
45078,-1.7558289,0.89355469,0.32226563
45079,-1.9708252,0.98876953,0.50949097
45080,-1.8444824,1.0748291,0.41122436
45081,-1.8569946,0.96847534,0.51818848
45082,-1.9451904,0.87966919,0.43777466
45083,-1.9197083,0.91949463,0.63995361
45084,-2.0147705,0.92300415,0.53955078
45085,-1.9407654,0.80566406,0.58456421
45086,-1.9688416,0.80764771,0.62484741
45087,-1.9920349,0.74630737,0.67443848
45088,-1.9802856,0.73532104,0.74157715
45089,-2.0175171,0.57220459,0.79956055
45090,-2.0550537,0.65979004,0.87753296
45091,-2.1124268,0.51651001,1.0377502
45092,-2.0184326,0.56228638,1.1288452
45093,-2.2337341,0.41412353,1.129303
45094,-2.2506714,0.3642273,1.3096619
45095,-2.2241211,0.31768799,1.1791992
45096,-2.0823669,0.25421143,1.1972046
45097,-2.2148132,0.27923584,1.217804
45098,-2.1469116,0.31967163,1.328125
45099,-2.026062,0.16708374,1.2260437
45100,-2.1166992,0.27557373,1.4331055
45101,-2.0149231,0.068054199,1.4373779
45102,-2.0085144,-0.009918213,1.3731384
45103,-2.0425415,-0.05859375,1.3214111
45104,-2.0091248,-0.081787109,1.4697266
45105,-1.940918,-0.058898926,1.579895
45106,-1.8894959,-0.1260376,1.52771
45107,-1.9662476,-0.10910034,1.6908264
45108,-1.9534302,-0.39291382,1.5740967
45109,-1.9410706,-0.43640137,1.7150879
45110,-1.8638611,-0.54519653,1.5432739
45111,-1.985321,-0.61035156,1.5089416
45112,-1.8415833,-0.57373047,1.5811157
45113,-1.7523193,-0.77667236,1.558075
45114,-1.8792725,-0.81192017,1.4624023
45115,-1.7367554,-0.73776245,1.5289307
45116,-1.7643738,-0.79956055,1.5341187
45117,-1.7314148,-0.84472656,1.4477539
45118,-1.680603,-0.83312988,1.5283203
45119,-1.6387939,-0.90057373,1.5127563
45120,-1.5991211,-0.94772339,1.678772
45121,-1.6152954,-1.1141968,1.647644
45122,-1.5367126,-1.2120056,1.5625
45123,-1.5003967,-1.5289307,1.6874695
45124,-1.4396667,-1.3897705,1.9256592
45125,-1.5501404,-1.3900757,1.8807983
45126,-1.5496826,-1.3591003,1.9032288
45127,-1.2960815,-1.4379883,1.9807434
45128,-1.1514282,-1.6465759,2.2117615
45129,-1.1468506,-1.6555786,2.0545959
45130,-1.0861206,-1.5716553,2.0022583
45131,-1.1776733,-1.7202759,1.8939209
45132,-1.1904907,-1.6992188,1.9436646
45133,-1.1143494,-1.6134644,1.7515564
45134,-0.84793091,-1.7167664,1.9636536
45135,-1.0501099,-1.8876648,1.9972229
45136,-0.89599609,-1.9281006,1.854248
45137,-0.9298706,-1.7327881,1.885376
45138,-0.86807251,-1.8811035,1.8826294
45139,-0.79040527,-1.8223572,1.8899536
45140,-0.79910278,-2.0159912,1.7086792
45141,-0.68161011,-1.8211365,1.7605591
45142,-0.65307617,-1.8685913,1.8066406
45143,-0.48721314,-1.9134521,1.7483521
45144,-0.44342041,-2.0033264,1.8896484
45145,-0.45883179,-2.1212769,1.7288208
45146,-0.38543701,-2.0848083,1.6712952
45147,-0.34881592,-2.2207642,1.605835
45148,-0.25817871,-2.0782471,1.5472412
45149,-0.30548096,-2.0407104,1.6470337
45150,-0.10269165,-2.1257019,1.4759827
45151,-0.021514893,-2.1327209,1.4810181
45152,0.00213623,-2.2285461,1.2194824
45153,0.000152588,-2.3577881,1.2991333
45154,0.16098023,-2.364502,1.3711548
45155,0.16021728,-2.208252,1.3050842
45156,0.19897461,-2.182312,1.1688232
45157,0.24291992,-2.1650696,1.164093
45158,0.37445068,-2.2491455,1.0058594
45159,0.41259766,-2.2425842,1.0321045
45160,0.40679932,-2.409668,1.0153198
45161,0.46630859,-2.3860168,1.1569214
45162,0.50537109,-2.3931885,1.1242676
45163,0.50827026,-2.429657,0.97061157
45164,0.57220459,-2.4679565,0.93032837
45165,0.58959961,-2.414856,0.95169067
45166,0.56976318,-2.2779846,0.8555603
45167,0.75088501,-2.2981262,0.85708618
45168,0.70159912,-2.2950745,0.82351685
45169,0.78735352,-2.2366333,0.59890747
45170,0.70983887,-2.3355103,0.6918335
45171,0.91934204,-2.0254517,0.64407349
45172,0.86273193,-2.0475769,0.40985107
45173,0.85586548,-2.1090698,0.36087036
45174,0.97961426,-2.0082092,0.31799316
45175,0.93811035,-2.1386719,0.25192261
45176,0.97747803,-2.0217896,0.017089844
45177,1.015625,-2.0031738,0.11413574
45178,1.0163879,-1.9656372,-0.20324707
45179,1.1035156,-2.0379639,-0.31860352
45180,1.2089539,-1.8730164,-0.15792847
45181,1.1491394,-1.9021606,-0.15930176
45182,1.0850525,-2.0837402,-0.53329468
45183,1.1277771,-2.0004272,-0.131073
45184,1.1767578,-1.9152832,-0.59448242
45185,1.1094666,-1.7202759,-0.65841675
45186,1.1843872,-1.7503357,-0.27557373
45187,1.2145996,-1.6889954,-0.31738281
45188,1.1569214,-1.6571045,-0.72189331
45189,1.2091064,-1.7178345,-0.47561645
45190,1.2207031,-1.6534424,-0.71365356
45191,1.227417,-1.6459656,-0.81542969
45192,1.1543274,-1.4654541,-0.76293945
45193,1.3642883,-1.5213013,-0.7131958
45194,1.2283325,-1.4694214,-0.58242798
45195,1.1328125,-1.3520813,-0.46813965
45196,1.1138916,-1.3023376,-0.52703857
45197,1.2110901,-1.2585449,-0.61233521
45198,1.1590576,-1.2553406,-0.74951172
45199,1.2002563,-1.1303711,-0.7434082
45200,1.1177063,-1.0162354,-0.74127197
45201,1.0328674,-0.87219238,-0.86196899
45202,1.1161804,-0.82321167,-0.99899292
45203,1.1338806,-0.88409424,-1.0093689
45204,1.1630249,-0.70831299,-0.99914551
45205,1.1108398,-0.63781738,-1.0554504
45206,1.2026978,-0.55725098,-0.96542358
45207,1.0572815,-0.51239014,-1.0217285
45208,0.95870972,-0.43930054,-0.97137451
45209,1.1039734,-0.44891357,-1.0949707
45210,1.1100769,-0.36224365,-1.2310791
45211,0.94177246,-0.38421631,-1.3162231
45212,0.88867188,-0.33935547,-1.2763977
45213,0.84884644,-0.29174805,-1.2188721
45214,0.93444824,-0.20629883,-1.1630249
45215,0.79528809,-0.068054199,-1.2153625
45216,0.93933106,-0.050964355,-1.2661743
45217,0.87173462,-0.071716309,-1.3531494
45218,0.7093811,-0.092010498,-1.5538025
45219,0.5154419,-0.046386719,-1.5083313
45220,0.51345825,-0.13183594,-1.3305664
45221,0.54153442,0.05645752,-1.3659668
45222,0.53421021,0.24215698,-1.3923645
45223,0.49636841,0.35064697,-1.4472961
45224,0.51361084,0.3704834,-1.6229248
45225,0.33477783,0.46569824,-1.5771484
45226,0.26031494,0.37658691,-1.5991211
45227,0.35140991,0.43914795,-1.4196777
45228,0.2444458,0.70632935,-1.4880371
45229,0.15182495,0.599823,-1.3916016
45230,0.20202637,0.62255859,-0.97808838
45231,0.16448975,0.71426392,-1.2554932
45232,0.025024414,0.78979492,-1.4039612
45233,0.11917114,0.95077515,-1.1100769
45234,-0.10528565,0.89706421,-1.5428162
45235,-0.006561279,0.85540772,-1.4135742
45236,-0.18859863,1.0127258,-1.3589478
45237,-0.14160156,1.0528564,-1.4631653
45238,-0.26260376,1.096344,-1.401825
45239,-0.30792236,0.94039917,-1.1723328
45240,-0.4637146,0.96832275,-1.2776184
45241,-0.48614502,1.0371399,-1.0673523
45242,-0.3453064,0.99380493,-1.0964966
45243,-0.4397583,1.0693359,-1.1698914
45244,-0.61218262,1.1080933,-0.99853516
45245,-0.55999756,1.1912537,-0.94238281
45246,-0.71548462,1.2132263,-0.94955444
45247,-0.75531006,1.2361145,-0.94146728
45248,-0.84457397,1.1958313,-0.95672607
45249,-0.91125488,1.207428,-0.91888428
45250,-0.9147644,1.2571716,-0.88378906
45251,-0.9375,1.2495422,-0.8430481
45252,-1.1810303,1.395874,-0.85571289
45253,-1.055603,1.2997437,-0.72860718
45254,-1.2179565,1.2347412,-0.71121216
45255,-1.2680054,1.2771606,-0.57434082
45256,-1.3204956,1.2641907,-0.5418396
45257,-1.3833618,1.2998962,-0.58746338
45258,-1.3813782,1.3037109,-0.44799805
45259,-1.398468,1.3172913,-0.49438477
45260,-1.3954163,1.0816956,-0.53421021
45261,-1.4866638,1.1737061,-0.4284668
45262,-1.4642334,1.2628174,-0.37017822
45263,-1.5203857,1.3056946,-0.11871338
45264,-1.5933228,1.3604736,-0.14831543
45265,-1.9032288,1.1401367,-0.35049439
45266,-1.660614,1.2895203,-0.23651123
45267,-1.5895081,1.3563538,-0.075531006
45268,-1.6967773,1.4233398,0.18417358
45269,-1.6430664,1.2783813,0.11138916
45270,-1.6842651,1.2197876,0.13092041
45271,-1.7047119,1.1407471,0.12496948
45272,-1.7721558,1.0754395,0.1638794
45273,-1.8333435,0.93704224,0.25772095
45274,-1.7724609,1.0476685,0.16860962
45275,-1.697998,1.0922241,0.41397095
45276,-1.9026184,0.91491699,0.29083252
45277,-1.8722534,0.83816528,0.4989624
45278,-2.0504761,0.83801269,0.42022705
45279,-1.9567871,0.87539673,0.40008545
45280,-1.9746399,0.73242188,0.58334351
45281,-1.8103027,0.86853027,0.71273804
45282,-1.895752,0.85586548,0.55892944
45283,-2.0001221,0.85525513,0.80459595
45284,-2.1162415,0.65383911,0.79452515
45285,-2.0043945,0.51010132,0.86181641
45286,-1.9897461,0.63812256,0.68893433
45287,-1.9955444,0.66619873,1.0192871
45288,-2.2340393,0.67428589,0.34759522
45289,-2.1289063,0.57220459,0.65078735
45290,-2.293396,0.38482666,0.76904297
45291,-2.2718811,0.32501221,0.80810547
45292,-2.0996094,0.2734375,0.92636108
45293,-2.1458435,0.1876831,0.76171875
45294,-2.1760559,0.19668579,0.90393066
45295,-2.0828247,0.14907837,1.0916138
45296,-2.0581055,-0.035858154,1.2141418
45297,-2.0770264,-0.065002441,1.5124512
45298,-2.1740723,0.008087158,1.3677979
45299,-2.0820618,-0.072174072,1.1637878
45300,-2.0794678,-0.15686035,1.1698914
45301,-2.1110535,-0.19882202,1.3916016
45302,-2.0201111,-0.38330078,1.2738037
45303,-1.8815613,-0.62072754,1.5496826
45304,-2.1104431,-0.41824341,1.6970825
45305,-2.0358276,-0.56335449,1.635437
45306,-2.0077515,-0.46783447,1.3845825
45307,-2.0622253,-0.59326172,1.8209839
45308,-1.7832947,-0.5392456,1.5338135
45309,-1.9091797,-0.70846558,1.4456177
45310,-1.9259644,-0.71609497,1.834259
45311,-1.8708801,-0.85235596,1.7922974
45312,-1.8457031,-0.85525513,1.6261291
45313,-1.6394043,-0.84609985,1.9551086
45314,-1.8533325,-0.96099853,1.5229797
45315,-1.8521118,-0.78567505,1.7050171
45316,-1.7323303,-0.87371826,1.5093994
45317,-1.6703796,-1.0523987,1.5690613
45318,-1.5617371,-1.0713196,1.6287231
45319,-1.5185547,-1.3314819,1.078949
45320,-1.4723206,-1.3952637,1.4801025
45321,-1.4561462,-1.4294434,1.3235474
45322,-1.4678955,-1.472168,1.2020874
45323,-1.4421082,-1.4224243,0.96328735
45324,-1.2678528,-1.3589478,1.4129639
45325,-1.3017273,-1.4562988,1.6534424
45326,-1.2506104,-1.7895508,1.5515137
45327,-1.144104,-1.6784668,1.3458252
45328,-1.1328125,-1.4929199,1.3494873
45329,-1.007843,-1.6793823,1.5733337
45330,-0.93933106,-1.8533325,1.9137573
45331,-0.86914063,-1.8582153,2.1261597
45332,-0.88668823,-1.9396973,2.0222473
45333,-0.8921814,-2.0230103,2.0426941
45334,-0.75622559,-1.8803406,1.932373
45335,-0.85220337,-1.8785095,1.9050598
45336,-0.73059082,-2.0823669,1.8037415
45337,-0.59677124,-1.9841003,1.875
45338,-0.59387207,-2.1881104,1.8037415
45339,-0.52947998,-2.0828247,1.7056274
45340,-0.56762695,-1.9332886,1.7407227
45341,-0.51635742,-1.9439697,1.7054749
45342,-0.35247803,-2.098999,1.6152954
45343,-0.34423828,-2.2261047,1.6133118
45344,-0.21575928,-2.2506714,1.7346191
45345,-0.32394409,-2.3020935,1.4907837
45346,-0.2444458,-2.2714233,1.5301514
45347,-0.14144898,-2.2607422,1.5252686
45348,0.047912598,-2.1801758,1.5835571
45349,-0.083465576,-2.3431396,1.557312
45350,0.085601807,-2.4128723,1.4830017
45351,0.15197754,-2.389679,1.3909912
45352,0.10482788,-2.3416138,1.4227295
45353,0.17776489,-2.4899292,1.3354492
45354,0.25299072,-2.3912048,1.2252808
45355,0.22384644,-2.3257446,0.95108032
45356,0.45166016,-2.2758484,1.0058594
45357,0.37689209,-2.350769,1.0490417
45358,0.44326782,-2.2798157,0.9753418
45359,0.54702759,-2.2338867,0.80001831
45360,0.56930542,-2.4014282,0.47698975
45361,0.57937622,-2.3327637,0.78323364
45362,0.63079834,-2.4191284,0.50048828
45363,0.76507568,-2.3905945,0.71121216
45364,0.75057983,-2.318573,0.48080444
45365,0.71014404,-2.2967529,0.26184082
45366,0.77987671,-2.3243713,0.11016846
45367,0.79498291,-2.3135376,0.36560059
45368,0.81939697,-2.3304749,0.44143677
45369,0.92544556,-2.2299194,0.27954102
45370,1.0258484,-2.3994446,0.5015564
45371,1.0369873,-2.2499084,0.37338257
45372,1.0635376,-2.321167,0.29296875
45373,1.1689758,-2.1369934,0.4296875
45374,1.1616516,-2.1748352,0.17990112
45375,1.2922668,-2.0159912,0.09979248
45376,1.3378906,-2.0439148,0.062408447
45377,1.3842773,-2.0887756,0.044708252
45378,1.3529968,-2.088623,0.047607422
45379,1.267395,-1.7913818,0.033111572
45380,1.1451721,-1.8061829,-0.093994141
45381,1.3520813,-1.8707275,-0.053253174
45382,1.285553,-1.7941284,-0.025939941
45383,1.3485718,-1.7660522,-0.21026611
45384,1.3973999,-1.6943359,-0.27999878
45385,1.3140869,-1.6900635,-0.3276062
45386,1.410675,-1.5875244,-0.45944214
45387,1.4045715,-1.5446472,-0.46096802
45388,1.2518311,-1.5414429,-1.0835266
45389,1.2612915,-1.693573,-0.85525513
45390,1.2496948,-1.5068054,-0.753479
45391,1.2153625,-1.4175415,-1.0702515
45392,1.2258911,-1.244812,-1.1953735
45393,1.2246704,-1.2034607,-1.0427856
45394,1.1898804,-1.1331177,-1.2667847
45395,1.2921143,-1.0655212,-0.81771851
45396,1.3491821,-1.05896,-0.73059082
45397,1.3766479,-1.0440063,-0.60714722
45398,1.3632202,-1.0174561,-0.86959839
45399,1.3418579,-0.91003418,-0.91140747
45400,1.2158203,-0.80245972,-1.0357666
45401,1.2661743,-0.7421875,-1.0726929
45402,1.2072754,-0.63339233,-1.0827637
45403,1.1523438,-0.61843872,-1.1419678
45404,0.99273682,-0.55786133,-1.2217712
45405,1.0362244,-0.50308228,-1.2188721
45406,1.1193848,-0.41030884,-1.2620544
45407,1.1340332,-0.40206909,-1.3121033
45408,1.0249329,-0.4423523,-1.2117004
45409,1.0673523,-0.38833618,-1.4553833
45410,1.0292053,-0.362854,-1.4422607
45411,1.0336304,-0.23071289,-1.2042236
45412,0.99319458,-0.24734497,-1.3754272
45413,0.74539185,-0.11383057,-1.2590027
45414,0.74401856,0.13626099,-1.239624
45415,0.79238892,0.071411133,-1.2911987
45416,0.76095581,-0.078735352,-1.4778137
45417,0.76690674,-0.090484619,-1.4651489
45418,0.59631348,-0.11627197,-1.5330505
45419,0.79269409,0.27450561,-1.3977051
45420,0.64987183,0.29083252,-1.5390015
45421,0.63018799,0.37521362,-1.4485168
45422,0.48477173,0.43991089,-1.3777161
45423,0.44204712,0.42755127,-1.3415527
45424,0.39413452,0.43624878,-1.2994385
45425,0.35110474,0.4385376,-1.5988159
45426,0.4019165,0.56564331,-1.5100098
45427,0.17944336,0.67657471,-1.4373779
45428,0.30563355,0.56533813,-1.7045593
45429,0.11245728,0.57235718,-1.5505981
45430,0.016021729,0.84136963,-1.3249207
45431,0.087890625,0.79055786,-1.1865234
45432,0.077667236,0.86257935,-1.2011719
45433,-0.05355835,0.9387207,-1.190033
45434,-0.33248901,0.987854,-1.1650085
45435,-0.1638794,1.1120605,-1.2710571
45436,-0.22964478,1.1938477,-1.1859131
45437,-0.26672363,1.1167908,-1.2155151
45438,-0.55343628,1.0888672,-1.1856079
45439,-0.44921875,1.0964966,-1.267395
45440,-0.58517456,1.0754395,-1.1419678
45441,-0.52612305,0.9992981,-1.1422729
45442,-0.72555542,1.091156,-1.0565186
45443,-0.7749939,1.2371826,-1.1141968
45444,-0.83496094,1.1978149,-0.97015381
45445,-0.77087402,1.1413574,-0.99731445
45446,-0.67962647,1.3441467,-0.86975098
45447,-0.92773438,1.1767578,-0.82214356
45448,-0.90072632,1.1079407,-0.85998535
45449,-0.93826294,1.31073,-0.86959839
45450,-1.1291504,1.2632751,-0.70739746
45451,-1.1785889,1.3008118,-0.78109741
45452,-1.1283875,1.3529968,-0.69885254
45453,-1.1665344,1.3316345,-0.63140869
45454,-1.2026978,1.3215637,-0.57174683
45455,-1.3322449,1.4459229,-0.57952881
45456,-1.3024902,1.3980103,-0.43289185
45457,-1.4013672,1.3671875,-0.36956787
45458,-1.4648438,1.3821411,-0.30303955
45459,-1.5159607,1.3287354,-0.29586792
45460,-1.5219116,1.3407898,-0.18936157
45461,-1.5679932,1.4642334,-0.25146484
45462,-1.5911865,1.3201904,-0.14328003
45463,-1.8183899,1.2687683,-0.010223389
45464,-1.7831421,1.3526916,-0.042724609
45465,-1.7407227,1.3549805,0.082702637
45466,-1.8508911,1.3484192,0.011291504
45467,-1.6856384,1.3475037,0.16784668
45468,-1.7956543,1.3157654,0.19012451
45469,-1.8023682,1.3970947,0.19393921
45470,-1.8449402,1.37146,0.2822876
45471,-2.0043945,1.3262939,0.34484863
45472,-2.0698547,1.280365,0.38345337
45473,-2.0877075,1.2306213,0.42907715
45474,-2.0552063,1.2245178,0.53344727
45475,-2.0727539,1.2516785,0.57922363
45476,-2.1572876,1.1430359,0.6652832
45477,-2.0870972,1.1193848,0.69152832
45478,-2.1989441,1.0058594,0.76293945
45479,-2.1574402,0.99258423,0.79559326
45480,-2.2029114,0.86837769,0.87814331
45481,-2.2640991,0.88378906,0.96801758
45482,-2.2544861,0.80261231,0.71151733
45483,-2.1577454,0.86242676,0.92102051
45484,-2.3245239,0.93078613,0.96389771
45485,-2.2293091,0.65628052,0.96969604
45486,-2.1621704,0.64819336,1.1885071
45487,-2.1606445,0.60791016,1.0646057
45488,-2.3603821,0.47775269,1.242981
45489,-2.190094,0.58517456,1.1334229
45490,-2.3857117,0.39001465,1.5258789
45491,-2.1818542,0.40008545,0.88699341
45492,-2.3262024,0.20904541,1.2994385
45493,-2.230835,0.23956299,0.66833496
45494,-2.0555115,0.15472412,1.4646912
45495,-2.1365356,0.076599121,1.063385
45496,-2.1348572,0.000457764,1.2788391
45497,-2.255249,-0.10604858,1.3458252
45498,-2.0368958,-0.044250488,1.7414856
45499,-2.1090698,-0.14007568,1.7459106
45500,-1.8681335,-0.20706177,1.8186951
45501,-2.1382141,-0.1763916,1.681366
45502,-2.069397,-0.34484863,1.7048645
45503,-2.0321655,-0.36941528,1.6239929
45504,-1.8777466,-0.46600342,1.4826965
45505,-1.8881226,-0.59753418,1.6564941
45506,-2.0474243,-0.5392456,1.6812134
45507,-1.8009949,-0.519104,1.6952515
45508,-1.993866,-0.53466797,1.9108582
45509,-1.90979,-0.72219849,1.8251038
45510,-2.0370483,-0.96343994,1.8757629
45511,-1.7631531,-0.99227905,1.9398499
45512,-1.9833374,-1.0910034,1.7222595
45513,-1.8885803,-1.0522461,1.920166
45514,-1.6680908,-1.0632324,2.1986389
45515,-1.5600586,-1.0577393,2.0869446
45516,-1.5866089,-0.97732544,2.0617676
45517,-1.5829468,-1.34552,1.9247437
45518,-1.5487671,-1.3241577,2.0593262
45519,-1.4900208,-1.3201904,1.8896484
45520,-1.5203857,-1.6053772,2.035675
45521,-1.4176941,-1.5087891,2.361145
45522,-1.3227844,-1.4863586,1.7579651
45523,-1.39328,-1.3226318,1.8534851
45524,-1.1795044,-1.7118835,1.7962646
45525,-1.1315918,-1.7425537,1.2956238
45526,-1.2542725,-1.7764282,1.7327881
45527,-1.2333679,-1.7277527,1.4360046
45528,-1.1763,-1.5884399,1.804657
45529,-0.85678101,-1.7358398,2.0410156
45530,-0.88317871,-1.7456055,2.1110535
45531,-0.89538574,-1.9577026,1.9570923
45532,-0.91796875,-1.8981934,1.9869995
45533,-0.78826904,-2.0155334,1.8161011
45534,-0.75988769,-2.1058655,1.7599487
45535,-0.78781128,-2.0524597,1.7497253
45536,-0.5001831,-2.0007324,1.736145
45537,-0.47149658,-2.0553589,1.7749023
45538,-0.49697876,-2.1228027,1.5858459
45539,-0.39871216,-2.0629883,1.579895
45540,-0.38879394,-2.2242737,1.6137695
45541,-0.36819458,-2.2886658,1.8463135
45542,-0.25390625,-2.3602295,1.5644836
45543,-0.24993897,-2.3564148,1.7045593
45544,-0.1789856,-2.3751831,1.6549683
45545,-0.13305664,-2.4226379,1.5177917
45546,-0.083465576,-2.3754883,1.5852356
45547,-0.068054199,-2.2285461,1.5867615
45548,0.013885498,-2.1757507,1.5307617
45549,0.14175415,-2.177887,1.4399719
45550,0.11230469,-2.3023987,1.365509
45551,0.19790649,-2.3136902,1.3220215
45552,0.22521973,-2.3893738,1.3032532
45553,0.3717041,-2.474823,1.124115
45554,0.30029297,-2.5695801,1.0119629
45555,0.53543091,-2.4765015,1.0087585
45556,0.50231934,-2.5753784,1.031189
45557,0.57693481,-2.5773621,1.0873413
45558,0.64208984,-2.4043274,1.1639404
45559,0.42098999,-2.3886108,1.1006165
45560,0.56655884,-2.3904419,0.98937988
45561,0.72860718,-2.283783,1.0510254
45562,0.80261231,-2.2076416,0.86074829
45563,0.93261719,-2.336731,0.81542969
45564,0.84976196,-2.3678589,0.37139893
45565,0.91308594,-2.3843384,0.51834106
45566,0.98724365,-2.3588562,0.49621582
45567,0.92468262,-2.2625732,0.4927063
45568,0.8454895,-2.0681763,0.37521362
45569,1.126709,-2.1600342,0.3213501
45570,0.94940185,-2.2085571,0.30044556
45571,1.116333,-2.1917725,0.21316528
45572,1.1924744,-2.1479797,0.18280029
45573,1.1019897,-2.0922852,0.17608643
45574,1.0624695,-1.8685913,0.043945313
45575,1.2094116,-2.0414734,0.12359619
45576,1.1491394,-1.9517517,-0.009460449
45577,1.1973572,-2.1363831,-0.073242188
45578,1.0745239,-1.9573975,-0.10971069
45579,1.232605,-1.9845581,-0.085754395
45580,1.2826538,-1.9194031,-0.057983398
45581,1.2640381,-1.8081665,-0.30441284
45582,1.2976074,-1.7956543,-0.3036499
45583,1.2158203,-1.8118286,-0.38925171
45584,1.1746216,-1.6835022,-0.53451538
45585,1.1880493,-1.628418,-0.53085327
45586,1.3746643,-1.4788818,-0.42541504
45587,1.3052368,-1.4335632,-0.43411255
45588,1.3160706,-1.4550781,-0.57022095
45589,1.3259888,-1.2605286,-0.62469482
45590,1.328125,-1.3349915,-0.67077637
45591,1.2924194,-1.3682556,-0.70144653
45592,1.2857056,-1.3215637,-0.71365356
45593,1.2561035,-1.4395142,-0.81283569
45594,1.2600708,-1.2240601,-1.0215759
45595,1.1904907,-1.1459351,-0.87432861
45596,1.2193298,-1.0362244,-0.97335815
45597,1.1219788,-0.96435547,-0.79589844
45598,1.0742188,-0.8493042,-0.99365234
45599,1.2768555,-0.84594727,-0.97518921
45600,1.0897827,-0.76293945,-0.93887329
45601,0.97427368,-0.79437256,-0.88058472
45602,1.1621094,-0.70419312,-1.0147095
45603,1.0797119,-0.64193726,-1.048584
45604,1.1857605,-0.57281494,-1.0932922
45605,1.0430908,-0.60302734,-1.1538696
45606,1.0455322,-0.45852661,-1.0983276
45607,0.87432861,-0.53222656,-1.1262512
45608,0.93353272,-0.52108765,-1.2046814
45609,0.80322266,-0.21942139,-1.0957336
45610,0.86364746,-0.27450561,-1.2026978
45611,0.84686279,-0.18615723,-1.2007141
45612,0.89736938,0.011901855,-1.1875916
45613,0.8984375,-0.035095215,-1.2559509
45614,0.70220947,-0.04989624,-1.5290833
45615,0.58929443,-0.24093628,-1.4813232
45616,0.60577393,0.16189575,-1.4898682
45617,0.47119141,0.24810791,-1.5673828
45618,0.5519104,0.22293091,-1.3352966
45619,0.37597656,0.24932861,-1.5226746
45620,0.36453247,0.35400391,-1.1286926
45621,0.48797607,0.44036865,-1.5983582
45622,0.29937744,0.32958984,-1.504364
45623,0.42144775,0.21850586,-1.4216614
45624,0.40863037,0.55419922,-1.4143372
45625,0.27770996,0.58807373,-1.3743591
45626,0.1008606,0.61141968,-1.7660522
45627,0.16174316,0.66619873,-1.5298462
45628,0.15319824,0.69976807,-1.4128113
45629,-0.087738037,0.82839966,-1.1018372
45630,-0.050811768,0.83114624,-1.456604
45631,-0.001525879,0.91918945,-1.2397766
45632,-0.20675659,1.0650635,-1.1328125
45633,-0.43212891,0.96405029,-1.1560059
45634,-0.2671814,1.023407,-1.0968018
45635,-0.33691406,1.015625,-1.2774658
45636,-0.47348022,1.1022949,-1.1801147
45637,-0.43838501,1.0943604,-1.2060547
45638,-0.55053711,1.0430908,-1.0476685
45639,-0.57983398,1.0923767,-1.0533142
45640,-0.56716919,1.1512756,-1.1961365
45641,-0.73959351,1.1688232,-1.1497498
45642,-0.81420898,1.1334229,-1.0638428
45643,-0.90209961,1.3467407,-1.0684204
45644,-0.85006714,1.2741089,-0.96908569
45645,-0.81771851,1.1721802,-0.78994751
45646,-0.85296631,1.1599731,-0.90560913
45647,-1.0021973,1.1999512,-0.82962036
45648,-1.1390686,1.2918091,-0.68069458
45649,-1.1669922,1.2687683,-0.63705444
45650,-1.0906982,1.5280151,-0.38970947
45651,-1.1846924,1.4172363,-0.6237793
45652,-1.1376953,1.4567566,-0.54626465
45653,-1.3987732,1.3262939,-0.58135986
45654,-1.4707947,1.237793,-0.24276733
45655,-1.4086914,1.3467407,-0.50613403
45656,-1.4677429,0.89172363,-0.59875488
45657,-1.5353394,0.80932617,-0.443573
45658,-1.4706421,0.81130981,-0.36300659
45659,-1.6275024,0.9463501,-0.50598144
45660,-1.6326904,0.87081909,-0.22293091
45661,-1.6252136,1.0414124,0.10162354
45662,-1.6543579,1.1659241,-0.14266968
45663,-1.6410828,1.411438,-0.018463135
45664,-1.7840576,1.3520813,-0.028381348
45665,-1.7697144,1.3011169,-0.029144287
45666,-1.6314697,1.3183594,0.13946533
45667,-1.8023682,1.1724854,0.1361084
45668,-1.8711853,1.0890198,0.31585693
45669,-1.8011475,1.149292,0.3427124
45670,-1.8299866,1.1579895,0.35949707
45671,-1.7903137,1.1383057,0.39199829
45672,-1.8119812,1.0754395,0.48675537
45673,-2.039032,0.97061157,0.56488037
45674,-2.0924377,1.0389709,0.52947998
45675,-1.9702148,0.99349976,0.26885986
45676,-2.0019531,0.79467773,0.57418823
45677,-2.1011353,0.80596924,0.77056885
45678,-2.0106506,0.8190918,0.62286377
45679,-2.0648193,0.79299927,0.64956665
45680,-2.2161865,0.88745117,0.63430786
45681,-2.0762634,0.78414917,0.70800781
45682,-2.0570374,0.63354492,0.76217651
45683,-2.0545959,0.59326172,0.91445923
45684,-2.0910645,0.40130615,0.80703735
45685,-2.1231079,0.4309082,0.76538086
45686,-2.0968628,0.39108276,0.83892822
45687,-2.0585632,0.39932251,0.76629639
45688,-2.1907043,0.28625488,0.93460083
45689,-2.1772766,0.33828735,1.3012695
45690,-2.2267151,0.24017334,1.34552
45691,-2.1221924,0.006103516,1.3380432
45692,-1.9970703,0.15029907,1.2768555
45693,-1.9618225,-0.013427734,1.2261963
45694,-1.998291,0.004272461,1.4581299
45695,-1.9688416,-0.040130615,1.2219238
45696,-1.9346619,-0.18783569,1.4207459
45697,-2.0480347,-0.20690918,1.2312317
45698,-2.0484924,-0.10055542,1.448822
45699,-1.9676209,-0.089416504,1.7428589
45700,-2.0710754,-0.008392334,1.709137
45701,-1.9918823,-0.18463135,1.4610291
45702,-1.9245911,-0.2784729,1.3197327
45703,-1.9236755,-0.28320313,1.7575073
45704,-1.8518066,-0.44021606,1.8432617
45705,-1.7791748,-0.54428101,1.8067932
45706,-1.6363525,-0.64437866,1.6107178
45707,-1.8907166,-0.71258545,1.7121887
45708,-1.6932678,-0.63613892,1.8505859
45709,-1.6810608,-0.80062866,1.663208
45710,-1.6807556,-0.93551636,1.6896057
45711,-1.7080688,-1.0820007,1.7112732
45712,-1.660614,-1.2287903,1.7391968
45713,-1.6871643,-1.2438965,1.5594482
45714,-1.4675903,-1.3066101,1.6246033
45715,-1.5258789,-1.178894,1.7996216
45716,-1.4120483,-1.4064026,1.9248962
45717,-1.4511108,-1.2484741,1.7483521
45718,-1.2789917,-1.2635803,2.0753479
45719,-1.3165283,-1.5061951,1.7431641
45720,-1.2390137,-1.7393494,1.8774414
45721,-1.178894,-1.4337158,1.8302917
45722,-1.2564087,-1.5612793,1.9291687
45723,-1.1502075,-1.7070007,1.8838501
45724,-1.2019348,-2.29599,1.9689941
45725,-1.0153198,-1.9256592,1.5202332
45726,-1.0092163,-2.0213318,1.81427
45727,-0.91033935,-1.7875671,1.8618774
45728,-0.76293945,-1.8756104,1.9488525
45729,-0.88165283,-1.8588257,1.9068909
45730,-0.71395874,-1.937561,1.8875122
45731,-0.65170288,-1.8708801,1.7063904
45732,-0.5456543,-1.9625854,1.8544006
45733,-0.61569214,-1.8289185,1.8562317
45734,-0.40008545,-2.0869446,1.9354248
45735,-0.50231934,-2.1211243,1.6497803
45736,-0.27420044,-2.0620728,1.7158508
45737,-0.39886475,-2.0916748,1.5408325
45738,-0.27099609,-2.0121765,1.7132568
45739,-0.28030395,-2.1159363,1.558075
45740,-0.22033691,-2.039032,1.5264893
45741,-0.14221191,-2.0547485,1.4994812
45742,-0.15335083,-2.2000122,1.5505981
45743,-0.11306763,-2.2451782,1.5440369
45744,0.016784668,-2.326355,1.4779663
45745,0.11306763,-2.3191833,1.421051
45746,0.070648193,-2.2161865,1.4935303
45747,0.14175415,-2.1867371,1.2414551
45748,0.12573242,-2.1717834,1.211853
45749,0.11413574,-2.2116089,1.191864
45750,0.34851074,-2.1781921,1.1708069
45751,0.2003479,-2.1536255,0.95367432
45752,0.46188355,-2.2007751,0.99533081
45753,0.26580811,-2.2505188,1.0716248
45754,0.37307739,-2.297821,0.93429565
45755,0.64559937,-2.3553467,1.0002136
45756,0.57540894,-2.5134277,0.77484131
45757,0.50231934,-2.2245789,0.83374023
45758,0.54611206,-2.4160767,0.6930542
45759,0.5909729,-2.3191833,0.58135986
45760,0.64544678,-2.2169495,0.73867798
45761,0.60211182,-2.2731018,0.68847656
45762,0.6539917,-2.0349121,0.6829834
45763,0.63873291,-2.2634888,0.72967529
45764,0.82550049,-2.3161316,0.46081543
45765,0.8682251,-2.2027588,0.49316406
45766,0.83709717,-2.1508789,0.47363281
45767,0.93460083,-1.9526672,0.43151856
45768,0.92971802,-1.9219971,0.39215088
45769,0.90332031,-2.1691895,0.41809082
45770,1.0655212,-2.0651245,0.1675415
45771,1.109314,-2.1226501,0.18920898
45772,1.035614,-2.0570374,0.16647339
45773,1.09375,-1.9520569,-0.000457764
45774,1.0412598,-1.9412231,0.061340332
45775,1.0574341,-1.8280029,-0.00869751
45776,1.1790466,-1.7562866,0.026702881
45777,1.1724854,-1.9754028,-0.18585205
45778,1.1152649,-1.7630005,-0.20080566
45779,1.2322998,-1.6793823,-0.19104004
45780,1.1572266,-1.6792297,-0.24505615
45781,1.217804,-1.6027832,-0.14160156
45782,1.1158752,-1.6526794,-0.3968811
45783,1.0403442,-1.5155029,-0.35430908
45784,1.1090088,-1.5316772,-0.41687012
45785,1.1572266,-1.4517212,-0.44448853
45786,1.2185669,-1.4234924,-0.61691284
45787,1.1730957,-1.260376,-0.5708313
45788,1.0903931,-0.95413208,-0.70587158
45789,1.1901855,-1.0076904,-0.57052612
45790,1.1361694,-1.2223816,-0.63110352
45791,1.0757446,-0.88363647,-1.1958313
45792,1.0418701,-0.86181641,-1.0984802
45793,1.0670471,-1.0221863,-0.83709717
45794,1.1488342,-1.0415649,-0.89447022
45795,1.1120605,-1.1099243,-0.85769653
45796,1.1358643,-0.83068848,-0.887146
45797,1.1669922,-0.71685791,-0.93551636
45798,0.96496582,-0.64376831,-1.010437
45799,1.020813,-0.65048218,-1.0635376
45800,1.0246277,-0.64270019,-0.97595215
45801,0.87707519,-0.4032898,-1.051178
45802,0.84350586,-0.51269531,-1.0810852
45803,0.90759277,-0.43258667,-1.1175537
45804,0.84472656,-0.4196167,-1.0186768
45805,0.91262817,-0.24002075,-1.1038208
45806,0.94406128,-0.4069519,-1.1790466
45807,0.76843262,-0.082550049,-1.0919189
45808,0.77133179,-0.07598877,-1.2258911
45809,0.81878662,-0.11077881,-1.2106323
45810,0.70220947,0.014190674,-1.3240051
45811,0.69763184,-0.51132202,-1.3200378
45812,0.69122315,-0.51757813,-1.401825
45813,0.47546387,-0.6300354,-1.4569092
45814,0.47851563,-0.69213867,-1.6075134
45815,0.46035767,0.003509521,-1.3183594
45816,0.48843384,-0.44769287,-1.3171387
45817,0.39825439,0.2444458,-1.3224792
45818,0.40969849,0.30609131,-1.3012695
45819,0.34347534,0.42739868,-1.2937927
45820,0.30258179,0.45272827,-1.2458801
45821,0.1940918,0.55465698,-1.1749268
45822,0.22491455,0.63659668,-1.2097168
45823,0.032958984,0.61584473,-1.2820435
45824,0.02746582,0.55038452,-1.1611938
45825,-0.043792725,0.61126709,-1.2089539
45826,-0.052032471,0.22140503,-1.2487793
45827,-0.12878418,0.2444458,-1.277771
45828,-0.20401001,0.65170288,-1.1605835
45829,-0.23986816,0.56365967,-1.1309814
45830,-0.19943237,0.55084228,-0.96542358
45831,-0.32012939,0.64056397,-1.0780334
45832,-0.36834717,0.66726685,-1.1021423
45833,-0.35675049,0.88623047,-0.95489502
45834,-0.45516968,0.92681885,-0.96160889
45835,-0.58166504,1.0476685,-0.96435547
45836,-0.59020996,1.0162354,-0.91705322
45837,-0.64178467,0.86105347,-0.80825806
45838,-0.61203003,0.76797485,-0.98754883
45839,-0.60821533,0.97244263,-0.91064453
45840,-0.65841675,1.191864,-1.0342407
45841,-0.9046936,0.99655151,-0.85372925
45842,-0.94680786,1.0354614,-1.0470581
45843,-0.89599609,1.0598755,-0.89126587
45844,-0.95245361,1.0768127,-0.86761475
45845,-0.85342407,1.1354065,-0.81344604
45846,-0.96954346,1.1750793,-0.71990967
45847,-0.99853516,1.171875,-0.79605103
45848,-0.9765625,1.2464905,-0.57556152
45849,-1.2251282,1.1364746,-0.56060791
45850,-1.2680054,1.061554,-0.41107178
45851,-1.2527466,1.1540222,-0.51712036
45852,-1.2718201,0.54931641,-0.39916992
45853,-1.5081787,1.0697937,-0.3755188
45854,-1.4189148,1.2971497,-0.25253296
45855,-1.2590027,1.3702393,-0.43334961
45856,-1.3441467,1.0597229,-0.21224976
45857,-1.4421082,1.1604309,-0.096435547
45858,-1.5815735,1.1534119,-0.4586792
45859,-1.6667175,0.81665039,0.037841797
45860,-1.5385437,0.97015381,0.019989014
45861,-1.6299438,1.0704041,0.04699707
45862,-1.6856384,0.95092773,0.29113769
45863,-1.7100525,0.91903687,0.054321289
45864,-1.730957,1.1584473,0.20141602
45865,-1.7732239,0.90270996,0.31906128
45866,-1.9151306,0.87539673,0.1574707
45867,-1.8086243,0.80627441,0.31616211
45868,-1.8945313,0.81542969,0.40985107
45869,-1.7982483,0.87844849,0.38803101
45870,-1.8341064,0.86608887,0.46981811
45871,-1.9400024,0.94970703,0.43228149
45872,-1.9677734,0.91674805,0.59234619
45873,-1.8806458,0.74523926,0.50079346
45874,-1.9760132,0.72463989,0.70037842
45875,-1.9189453,0.82809448,0.66192627
45876,-1.9961548,0.67947388,0.91674805
45877,-1.9979858,0.7131958,0.86868286
45878,-2.0501709,0.62683106,0.99884033
45879,-1.9744873,0.56976318,0.86151123
45880,-1.8838501,0.63308716,0.95428467
45881,-1.9424438,0.60729981,1.055603
45882,-1.9700623,0.45837402,1.0794067
45883,-2.0022583,0.50994873,1.2281799
45884,-1.9682312,0.37979126,1.3421631
45885,-2.1121216,0.29510498,1.1709595
45886,-2.1141052,0.12390137,1.0662842
45887,-2.0446777,0.20019531,1.1587524
45888,-2.1209717,0.14831543,1.28479
45889,-1.9813538,-0.16906738,1.2446594
45890,-2.0155334,-0.17150879,1.4703369
45891,-1.8460083,-0.1222229,1.4538574
45892,-1.8330383,-0.1789856,1.544342
45893,-2.0860291,-0.30105591,1.1555481
45894,-1.8304443,-0.29327393,1.5983582
45895,-1.8434143,-0.24688721,1.4569092
45896,-2.0401001,-0.49789429,1.5509033
45897,-1.9895935,-0.46432495,1.5103149
45898,-1.8161011,-0.3717041,1.4822388
45899,-1.7858887,-0.55709839,1.6467285
45900,-1.8136597,-0.61248779,1.6841125
45901,-1.7047119,-0.52963257,1.5679932
45902,-1.7745972,-0.77453613,1.736145
45903,-1.8888855,-0.78353882,1.7449951
45904,-1.7520142,-0.78811646,1.6873169
45905,-1.7271423,-0.81176758,1.6398621
45906,-1.7567444,-0.94116211,1.842804
45907,-1.6952515,-0.73043823,1.6444397
45908,-1.7654419,-1.114502,1.7033386
45909,-1.6435242,-1.0943604,1.9197083
45910,-1.681366,-1.1424255,1.7518616
45911,-1.4953613,-1.0966492,1.7877197
45912,-1.512146,-1.2515259,1.8470764
45913,-1.4526367,-1.2342834,1.6609192
45914,-1.3484192,-1.2269592,1.7724609
45915,-1.3563538,-1.2019348,1.9021606
45916,-1.171875,-1.1030579,2.020874
45917,-1.1383057,-1.3800049,1.8815613
45918,-1.2158203,-1.424408,1.8927002
45919,-1.1206055,-1.4164734,1.776123
45920,-1.0934448,-1.4485168,1.7103577
45921,-1.1392212,-1.448822,1.8434143
45922,-1.1199951,-1.6722107,1.8339539
45923,-1.0099792,-1.4468384,1.7532349
45924,-0.9274292,-1.5802002,1.6864014
45925,-0.83358765,-1.7018127,1.697998
45926,-0.81283569,-1.836853,1.8144226
45927,-0.68572998,-2.0133972,1.7141724
45928,-0.62789917,-1.7636108,1.7933655
45929,-0.61660767,-1.62323,1.6557312
45930,-0.5329895,-1.8254089,1.534729
45931,-0.54794312,-1.8260193,1.6815186
45932,-0.38421631,-1.9396973,1.6799927
45933,-0.36376953,-2.0198059,1.7030334
45934,-0.30334473,-2.0065308,1.6230774
45935,-0.32089233,-2.0704651,1.5771484
45936,-0.33035278,-1.9750977,1.5185547
45937,-0.24536133,-2.0018005,1.4935303
45938,-0.13885498,-2.0207214,1.5039063
45939,-0.090789795,-2.0626831,1.5318298
45940,-0.14038086,-2.071228,1.4579773
45941,0.02456665,-2.1582031,1.3261414
45942,-0.11932373,-2.1499634,1.0650635
45943,-0.069885254,-2.2236633,1.282959
45944,0.042419434,-2.0051575,1.1611938
45945,0.10421753,-2.1055603,1.1941528
45946,0.083618164,-2.0111084,1.2223816
45947,0.35980225,-1.9694519,1.0447693
45948,0.23178101,-1.8681335,1.098938
45949,0.29006958,-2.0672607,1.0705566
45950,0.3666687,-2.015686,0.97076416
45951,0.3755188,-2.0524597,0.831604
45952,0.64437866,-2.003479,0.80810547
45953,0.46295166,-2.0883179,0.83709717
45954,0.60745239,-2.0425415,0.63110352
45955,0.77636719,-1.8699646,0.66558838
45956,0.68557739,-1.9104004,0.66635132
45957,0.72006226,-2.096405,0.50506592
45958,0.78186035,-2.0135498,0.47775269
45959,0.74874878,-1.9224548,0.33752441
45960,0.71014404,-2.099762,0.47775269
45961,0.85861206,-2.0365906,0.30273438
45962,0.7258606,-1.8954468,0.32409668
45963,0.728302,-1.9329834,0.22338867
45964,0.78186035,-1.6873169,0.31936645
45965,1.1105347,-1.8133545,0.26535034
45966,0.83892822,-1.7861938,0.27023315
45967,0.89797974,-1.9335938,0.10253906
45968,0.93933106,-1.7167664,0.13977051
45969,1.0865784,-1.9085693,-0.011444092
45970,0.9677124,-1.7321777,-0.014953613
45971,1.1331177,-1.7268372,-0.09185791
45972,1.1547852,-1.8397522,-0.085906982
45973,1.1332703,-1.7895508,-0.069732666
45974,1.1022949,-1.663208,-0.096130371
45975,1.1108398,-1.5057373,-0.17410278
45976,1.1180115,-1.3882446,-0.20584106
45977,1.1575317,-1.3369751,-0.36132813
45978,1.1523438,-1.4161682,-0.39886475
45979,1.1914063,-1.4726257,-0.52398682
45980,1.1361694,-1.3755798,-0.44540405
45981,1.0566711,-1.2518311,-0.59112549
45982,1.0734558,-1.072998,-0.40084839
45983,1.1091614,-1.0214233,-0.53527832
45984,1.1010742,-1.3046265,-0.69351196
45985,1.0671997,-1.2065125,-0.67779541
45986,1.1120605,-1.0046387,-0.9715271
45987,1.0914612,-0.7723999,-0.79345703
45988,1.035614,-0.87600708,-0.69519043
45989,0.95733643,-0.64620972,-0.77194214
45990,0.98266602,-0.67703247,-0.84106445
45991,1.0191345,-0.72128296,-0.99151611
45992,0.93597412,-0.75317383,-0.90820313
45993,0.95962524,-0.74081421,-0.97473144
45994,0.94161987,-0.58746338,-0.95687866
45995,0.88256836,-0.52612305,-0.84533691
45996,0.8114624,-0.42419434,-0.92224121
45997,0.86990356,-0.55725098,-1.0186768
45998,0.68374634,-0.46173096,-1.0105896
45999,0.85250854,-0.40435791,-1.1077881
46000,0.79696655,-0.33721924,-1.1637878
46001,0.69091797,-0.28396606,-1.1798096
46002,0.73104858,-0.14709473,-1.0986328
46003,0.68908691,-0.21560669,-1.2602234
46004,0.79025269,-0.017242432,-1.2094116
46005,0.61157227,-0.13977051,-1.2400818
46006,0.61187744,-0.80123901,-1.4256287
46007,0.63552856,-1.3401794,-1.3719177
46008,0.51177978,-0.4977417,-1.39328
46009,0.45700073,0.096435547,-1.4653015
46010,0.60302734,0.33813477,-1.2823486
46011,0.41351318,0.23376465,-1.288147
46012,0.43823242,0.35766602,-1.2634277
46013,0.26657105,0.30334473,-1.0565186
46014,0.22369385,0.45654297,-1.1257935
46015,0.17242432,0.44433594,-1.0752869
46016,0.084075928,0.52978516,-1.1807251
46017,0.022888184,0.54840088,-1.1401367
46018,-0.024871826,0.46569824,-1.169281
46019,-0.13961792,0.72937012,-1.0406494
46020,0.014038086,0.62225342,-1.1604309
46021,-0.040740967,0.75119019,-1.0375977
46022,-0.22338867,0.68084717,-0.95428467
46023,-0.27481079,0.73974609,-1.1068726
46024,-0.30319214,0.84732056,-1.0716248
46025,-0.26473999,0.75469971,-0.97351074
46026,-0.43167114,0.94085693,-1.0398865
46027,-0.3477478,0.94085693,-1.0435486
46028,-0.44586182,0.81695557,-1.0795593
46029,-0.63598633,0.7925415,-1.0198975
46030,-0.47027588,0.7434082,-1.1149597
46031,-0.56594849,0.92224121,-0.92102051
46032,-0.62255859,0.96740723,-0.95993042
46033,-0.74508667,1.0784912,-0.9451294
46034,-0.65322876,1.2304688,-0.97412109
46035,-0.72479248,1.1228943,-0.67657471
46036,-0.82229614,1.1761475,-0.66253662
46037,-0.94818115,1.1413574,-0.66070557
46038,-0.99060059,1.1550903,-0.63552856
46039,-1.0697937,1.1022949,-0.56365967
46040,-1.1167908,1.3671875,-0.60333252
46041,-1.2051392,1.3357544,-0.29663086
46042,-1.133728,1.2530518,-0.38238525
46043,-1.3461304,1.1199951,-0.37460327
46044,-1.3378906,1.1459351,-0.35629272
46045,-1.3285828,1.1460876,-0.40771484
46046,-1.3439941,1.0765076,-0.2822876
46047,-1.3652039,0.96939087,-0.22460938
46048,-1.4260864,0.93811035,-0.33905029
46049,-1.5504456,0.4170227,-0.42694092
46050,-1.6719055,0.84350586,-0.25558472
46051,-1.64505,0.92514038,-0.4624939
46052,-1.566925,0.82977295,-0.068511963
46053,-1.5193176,0.70663452,0.13717651
46054,-1.6575623,0.92727661,0.042724609
46055,-1.6412354,1.0154724,0.15441895
46056,-1.5913391,1.0714722,0.091552734
46057,-1.8292236,0.97137451,0.045471191
46058,-1.7904663,0.90118408,0.16555786
46059,-1.8029785,0.96038818,0.22583008
46060,-1.7094421,1.0108948,0.42297363
46061,-1.8537903,1.0493469,0.46600342
46062,-1.7274475,0.95581055,0.53100586
46063,-1.7984009,0.87020874,0.47943115
46064,-1.9136047,0.90515137,0.69915772
46065,-1.867981,0.87203979,0.65490723
46066,-1.8803406,0.80444336,0.70129394
46067,-1.9206238,0.70388794,0.7144165
46068,-1.995697,0.60195923,0.69824219
46069,-1.9386291,0.69366455,0.77651978
46070,-2.0162964,0.73318481,0.77255249
46071,-2.0372009,0.65383911,0.86227417
46072,-1.9145203,0.597229,0.9274292
46073,-1.9311523,0.55801392,0.90484619
46074,-2.1411133,0.40939331,0.9538269
46075,-1.9885254,0.41900635,0.95352173
46076,-1.9784546,0.418396,1.0342407
46077,-2.0602417,0.30807495,1.0287476
46078,-2.0678711,0.23376465,1.0371399
46079,-1.920166,0.10803223,1.1169434
46080,-1.9961548,0.21530151,1.1193848
46081,-2.0828247,0.093688965,1.3874817
46082,-2.0962524,0.18066406,1.3063049
46083,-2.0420837,0.16326904,1.3471985
46084,-2.0645142,0.16296387,1.2995911
46085,-1.8838501,0.049438477,1.3246155
46086,-1.9961548,-0.08605957,1.2820435
46087,-1.7939758,-0.14709473,1.4945984
46088,-1.9717407,-0.26611328,1.431427
46089,-1.8977356,-0.29327393,1.484375
46090,-1.9013977,-0.35095215,1.5892029
46091,-1.8273926,-0.34851074,1.4640808
46092,-1.9708252,-0.32684326,1.3667297
46093,-1.8112183,-0.43395996,1.3249207
46094,-1.71875,-0.71151733,1.4949036
46095,-1.7353821,-0.60165405,1.5861511
46096,-1.7332459,-0.59265137,1.4956665
46097,-1.7460632,-0.5847168,1.6030884
46098,-1.807251,-0.67230225,1.893158
46099,-1.7381287,-0.93734741,1.7999268
46100,-1.5571594,-0.92025757,1.8255615
46101,-1.6574097,-1.0308838,1.8666077
46102,-1.5579224,-1.1515808,1.9290161
46103,-1.5362549,-0.98571777,1.8656921
46104,-1.6278076,-1.159668,1.8609619
46105,-1.4955139,-1.0136414,1.7630005
46106,-1.3391113,-1.1636353,1.6616821
46107,-1.4161682,-1.322937,1.6145325
46108,-1.4434814,-1.4614868,1.6461182
46109,-1.4361572,-1.5887451,1.6940308
46110,-1.2757874,-1.6326904,1.7338562
46111,-1.2660217,-1.4996338,1.8276978
46112,-1.2001038,-1.4964294,1.6941834
46113,-1.0397339,-1.4768982,1.8190002
46114,-1.0162354,-1.5008545,1.6374207
46115,-1.0169983,-1.5975952,1.8933105
46116,-1.0519409,-1.5640259,1.8521118
46117,-0.92773438,-1.6918945,1.9042969
46118,-0.82702637,-1.6931152,1.8501282
46119,-0.73287964,-1.8331909,1.7144775
46120,-0.64178467,-1.7927551,1.8138123
46121,-0.58944702,-1.8186951,1.7546082
46122,-0.50521851,-1.84021,1.6827393
46123,-0.43731689,-1.9268799,1.6369629
46124,-0.42648315,-1.915741,1.8580627
46125,-0.47943115,-2.1226501,1.665802
46126,-0.30212402,-1.9540405,1.6867065
46127,-0.38299561,-1.8293762,1.7021179
46128,-0.40756226,-1.7675781,1.645813
46129,-0.40313721,-2.046814,1.5675354
46130,-0.16723633,-2.0684814,1.5371704
46131,-0.1045227,-2.1240234,1.5826416
46132,-0.15960693,-2.0480347,1.4855957
46133,-0.010986328,-2.1458435,1.4430237
46134,0.070343018,-2.1078491,1.3441467
46135,0.077667236,-2.0484924,1.4093018
46136,0.054016113,-1.9694519,1.3586426
46137,0.21636963,-2.1934509,1.2666321
46138,0.24734497,-2.2027588,1.401825
46139,0.31982422,-2.2547913,1.1901855
46140,0.26809692,-2.3287964,1.2091064
46141,0.37033081,-2.3426819,0.98342896
46142,0.37506103,-2.3588562,0.90698242
46143,0.4548645,-2.2497559,0.83984375
46144,0.4675293,-2.2750854,0.82870483
46145,0.48828125,-2.2943115,0.78903198
46146,0.53894043,-2.2108459,0.77270508
46147,0.51956177,-2.0596313,0.77026367
46148,0.69152832,-1.9287109,0.68634033
46149,0.68008423,-1.9563293,0.67001343
46150,0.78948975,-2.0483398,0.58258057
46151,0.76599121,-2.0697021,0.5355835
46152,0.80291748,-2.1969604,0.48156738
46153,0.85403442,-2.1818542,0.44433594
46154,0.92468262,-2.1208191,0.3326416
46155,0.79101563,-2.066803,0.27053833
46156,0.95321655,-2.0065308,0.37414551
46157,1.0662842,-2.0248413,0.33050537
46158,0.9753418,-1.9929504,0.27786255
46159,1.0754395,-2.0196533,0.21835327
46160,1.0766602,-2.0864868,0.22003174
46161,0.99212647,-1.9503784,0.18829346
46162,0.98175049,-1.8865967,0.12817383
46163,1.0281372,-1.690979,0.085144043
46164,1.0507202,-1.8373108,-0.011138916
46165,1.0212708,-1.6746521,-0.096740723
46166,1.1206055,-1.7385864,-0.21179199
46167,1.2202454,-1.7727661,-0.21728516
46168,1.1190796,-1.6296387,-0.22247315
46169,1.1560059,-1.5882874,-0.24169922
46170,0.98876953,-1.5473938,-0.46340942
46171,1.1251831,-1.4356995,-0.34225464
46172,1.0516357,-1.3931274,-0.34500122
46173,1.1755371,-1.4234924,-0.29006958
46174,1.1924744,-1.4811707,-0.52703857
46175,1.309967,-1.3591003,-0.43945313
46176,1.2365723,-1.3232422,-0.6690979
46177,1.1727905,-1.2197876,-0.76507568
46178,1.1288452,-1.1875916,-0.66345215
46179,1.1422729,-1.1607361,-0.77407837
46180,1.2171936,-1.0774231,-0.75027466
46181,1.003418,-1.0159302,-0.76751709
46182,1.0333252,-1.0673523,-0.74157715
46183,1.1489868,-1.0127258,-0.89767456
46184,1.0157776,-0.87875366,-0.89920044
46185,1.0443115,-0.98526001,-1.0493469
46186,1.0482788,-1.085968,-0.98052978
46187,1.0784912,-0.8795166,-1.0137939
46188,0.99853516,-0.69335938,-1.0968018
46189,0.96435547,-0.75088501,-1.0237122
46190,0.92254639,-0.73165894,-0.94085693
46191,0.96328735,-0.68527222,-0.95123291
46192,0.89859009,-0.53649902,-0.9185791
46193,0.92254639,-0.47988892,-0.90560913
46194,0.91262817,-0.42816162,-1.0534668
46195,0.8126831,-0.3616333,-1.0371399
46196,0.65872192,-0.38299561,-1.1676025
46197,0.78643799,-0.37063599,-1.2782288
46198,0.76278687,-0.1701355,-1.1849976
46199,0.65765381,-0.034332275,-1.1854553
46200,0.60119629,-0.74508667,-1.6311646
46201,0.59936523,-1.0734558,-1.6674805
46202,0.42312622,-0.46951294,-1.4480591
46203,0.48522949,0.030059814,-1.3571167
46204,0.5480957,0.36956787,-1.366272
46205,0.51376343,0.26290894,-1.1923218
46206,0.32470703,0.26916504,-1.3633728
46207,0.51239014,0.50765991,-1.3885498
46208,0.3326416,0.56747437,-1.3093567
46209,0.31341553,0.43075561,-1.469574
46210,0.25390625,0.48233032,-1.4120483
46211,0.22216797,0.61798096,-1.3717651
46212,0.08605957,0.66238403,-1.260376
46213,0.026245117,0.81054688,-1.2268066
46214,0.059509277,0.80978394,-1.2815857
46215,0.016937256,0.71868897,-1.2660217
46216,-0.051727295,0.78186035,-1.2033081
46217,-0.14205933,0.77041626,-1.1828613
46218,-0.17318726,0.71487427,-1.2594604
46219,-0.23193359,0.91918945,-1.2748718
46220,-0.22567749,0.95123291,-1.2515259
46221,-0.33004761,1.0025024,-1.0693359
46222,-0.40115356,0.98175049,-1.1422729
46223,-0.58990478,1.204834,-1.1212158
46224,-0.64056397,1.7964172,-0.99197388
46225,-0.61981201,2.394104,-1.0697937
46226,-0.69656372,2.4493408,-1.1238098
46227,-0.73532104,2.3556519,-0.84899902
46228,-0.85342407,2.4493408,-0.94238281
46229,-0.89019775,2.1318054,-0.77331543
46230,-0.84457397,2.6959229,-0.78552246
46231,-0.93200684,2.4395752,-0.87112427
46232,-0.88439941,2.8808594,-0.78369141
46233,-1.0887146,2.7813721,-0.71044922
46234,-1.0827637,2.3684692,-0.69580078
46235,-1.108551,1.8812561,-0.62225342
46236,-1.2567139,1.2051392,-0.71807861
46237,-1.105957,1.2374878,-0.51696777
46238,-1.1512756,1.395874,-0.61340332
46239,-1.4527893,1.4100647,-0.47149658
46240,-1.4584351,1.4889526,-0.49194336
46241,-1.4814758,1.4115906,-0.42434692
46242,-1.4710999,1.3447571,-0.14526367
46243,-1.408844,1.3677979,-0.14312744
46244,-1.4778137,1.3713074,-0.13793945
46245,-1.5319824,0.93109131,-0.34729004
46246,-1.6847229,1.2663269,-0.13580322
46247,-1.5205383,1.1224365,-0.082397461
46248,-1.713562,1.1608887,0.025024414
46249,-1.628418,1.1273193,0.008239746
46250,-1.6726685,1.0961914,-0.04196167
46251,-1.734314,1.0906982,0.015563965
46252,-1.7892456,1.1347961,0.21820068
46253,-1.7758179,0.99899292,0.19256592
46254,-1.8284607,0.96496582,0.32089233
46255,-1.8571472,1.0877991,0.33340454
46256,-1.8438721,1.0325623,0.72845459
46257,-1.9967651,1.1392212,0.32165527
46258,-1.9604492,0.8656311,0.33370972
46259,-2.0852661,0.81893921,0.50537109
46260,-2.0739746,0.98068237,0.32531738
46261,-1.9650269,0.95016479,0.55084228
46262,-2.1255493,0.77331543,0.56533813
46263,-2.1739197,0.73303223,0.74584961
46264,-2.0806885,0.85128784,0.77453613
46265,-1.986084,0.72219849,0.76309204
46266,-2.0626831,0.61584473,0.84640503
46267,-2.122345,0.58532715,0.84213257
46268,-2.2323608,0.50689697,1.084137
46269,-2.1720886,0.65048218,1.0401916
46270,-1.9396973,0.59692383,0.97198486
46271,-2.1418762,0.55679321,0.97839356
46272,-2.1411133,0.49133301,1.2744141
46273,-2.1026611,0.41992188,1.1750793
46274,-2.1961975,0.31097412,1.1598206
46275,-2.2001648,0.34423828,1.285553
46276,-2.0443726,0.22018433,1.3870239
46277,-2.0724487,0.1272583,1.3978577
46278,-2.0080566,0.14251709,1.4613342
46279,-2.1047974,0.18569946,1.4103699
46280,-2.1478271,0.181427,1.3238525
46281,-2.0504761,-0.047302246,1.4031982
46282,-1.9450378,-0.095367432,1.4933777
46283,-2.0880127,0.023193359,1.6345215
46284,-2.1270752,-0.17166138,1.5792847
46285,-1.945343,-0.35797119,1.5826416
46286,-2.0108032,-0.41290283,1.6543579
46287,-1.9535828,-0.54260254,1.7285156
46288,-1.9204712,-0.57678223,1.6676331
46289,-1.8821716,-0.69061279,1.7727661
46290,-1.9136047,-0.86074829,1.8710327
46291,-1.9372559,-1.091156,1.8373108
46292,-1.8408203,-1.1169434,1.5605164
46293,-1.945343,-1.2988281,2.0027161
46294,-1.7233276,-1.0731506,1.8927002
46295,-1.7422485,-1.2336731,2.121582
46296,-1.7453003,-1.2060547,1.9659424
46297,-1.6448975,-1.5034485,1.8634033
46298,-1.6998291,-1.3391113,2.1955872
46299,-1.5977478,-1.3856506,2.0248413
46300,-1.574707,-1.4216614,1.9995117
46301,-1.448822,-1.3771057,1.9622803
46302,-1.5237427,-1.3571167,2.0472717
46303,-1.2408447,-1.3194275,2.0458984
46304,-1.3879395,-1.4979553,2.0140076
46305,-1.4390564,-1.5270996,2.0454407
46306,-1.3970947,-1.532135,1.8777466
46307,-1.3577271,-1.6522217,1.8530273
46308,-1.1225891,-1.6990662,2.0524597
46309,-1.0601807,-1.6821289,2.0361328
46310,-1.0180664,-1.834259,1.9587708
46311,-0.96069336,-1.816864,2.0678711
46312,-0.94024658,-1.7303467,1.9801331
46313,-0.88272095,-1.7533875,1.9885254
46314,-0.93841553,-1.7312622,1.9212341
46315,-0.86349487,-1.9390869,1.9058228
46316,-0.74157715,-2.0210266,1.9050598
46317,-0.74188232,-2.1264648,1.8659973
46318,-0.72937012,-2.0256042,1.9537354
46319,-0.69152832,-2.0947266,1.9348145
46320,-0.61126709,-2.1430969,1.7089844
46321,-0.54382324,-2.2692871,1.6043091
46322,-0.41778564,-1.8191528,1.7446899
46323,-0.37948608,-2.2454834,1.7376709
46324,-0.35125732,-2.2941589,1.6116333
46325,-0.29037476,-2.3222351,1.534729
46326,-0.25360107,-2.3854065,1.496582
46327,-0.079650879,-2.338562,1.6223145
46328,-0.069274902,-2.4298096,1.6371155
46329,-0.079193115,-2.5224304,1.4877319
46330,-0.087127686,-2.492218,1.4758301
46331,0.032958984,-2.5553894,1.3301086
46332,0.025482178,-2.4169922,1.2620544
46333,0.063934326,-2.3153687,1.4094543
46334,0.20950317,-2.3794556,1.50177
46335,0.2243042,-2.4159241,1.4343262
46336,0.30593872,-2.5119019,1.1653137
46337,0.33325195,-2.0899963,1.1196899
46338,0.27114868,-1.6506958,1.0913086
46339,0.45181274,-1.6645813,1.1987305
46340,0.45394897,-2.0321655,1.2211609
46341,0.57525635,-2.5402832,0.92163086
46342,0.6312561,-2.3745728,0.99014282
46343,0.62866211,-2.2787476,0.80627441
46344,0.73059082,-2.3425293,0.77224731
46345,0.81436157,-2.3910522,0.87921143
46346,0.81542969,-2.2625732,0.69290161
46347,0.91552734,-2.333374,0.64300537
46348,0.94818115,-1.505127,0.48446655
46349,0.90621948,-1.3594055,0.52566528
46350,0.97671509,-2.2973633,0.59280396
46351,0.97290039,-2.363739,0.46844482
46352,1.0652161,-2.3643494,0.49987793
46353,0.89553833,-2.4249268,0.18447876
46354,1.0774231,-2.5300598,0.25024414
46355,1.1019897,-2.4778748,0.39520264
46356,1.1322021,-2.4768066,0.26763916
46357,1.0845947,-2.3127747,0.054321289
46358,1.086731,-2.5418091,0.14556885
46359,1.0386658,-2.454071,0.16098023
46360,1.1158752,-2.2923279,0.15838623
46361,1.1474609,-2.5930786,-0.19882202
46362,1.1914063,-2.2297668,0.009155273
46363,1.1497498,-2.2677612,0.063018799
46364,1.2214661,-2.0713806,-0.026397705
46365,1.2934875,-2.3744202,-0.29678345
46366,1.3475037,-2.2007751,-0.2986145
46367,1.3630676,-1.9682312,-0.40527344
46368,1.3699341,-1.9665527,-0.43258667
46369,1.1625671,-1.6293335,-0.69519043
46370,1.2316895,-1.5509033,-0.55892944
46371,1.2792969,-1.3928223,-0.42678833
46372,1.3127136,-0.67871094,-0.55114746
46373,1.4533997,-0.27893066,-0.58258057
46374,1.3214111,-1.1862183,-0.69869995
46375,1.3320923,-1.2664795,-0.74417114
46376,1.3543701,-1.1935425,-0.81771851
46377,1.239624,-1.0473633,-0.80474853
46378,1.1825562,-1.0441589,-0.97824097
46379,1.1454773,-0.9828186,-1.0325623
46380,1.3328552,-0.88043213,-0.98175049
46381,1.0760498,-0.93658447,-0.94070435
46382,1.1933899,-0.86074829,-1.0879517
46383,1.2072754,-0.79330444,-1.1485291
46384,1.1933899,-0.67810059,-1.1108398
46385,1.1929321,-0.61187744,-1.1329651
46386,1.1808777,-0.15853882,-1.343689
46387,1.1428833,-0.60897827,-1.2185669
46388,1.0820007,-0.57037353,-1.0903931
46389,1.08078,-0.48904419,-1.3302612
46390,1.005249,-0.41885376,-1.2580872
46391,1.0058594,-0.35888672,-1.3150024
46392,0.92773438,-0.54534912,-1.2284851
46393,0.9803772,-0.33569336,-1.3150024
46394,0.9173584,-0.34729004,-1.3179016
46395,0.79650879,-0.37399292,-1.2637329
46396,0.81726074,-0.33538818,-1.4295959
46397,0.77667236,-0.34637451,-1.7079163
46398,0.55221558,-0.3717041,-1.6995239
46399,0.65078735,-0.40420532,-1.690979
46400,0.67779541,0.04989624,-1.6316223
46401,0.57800293,0.16479492,-1.6667175
46402,0.53146362,0.21728516,-1.6049194
46403,0.51956177,0.209198,-1.5364075
46404,0.3527832,0.46844482,-1.4779663
46405,0.33950806,1.0481262,-1.451416
46406,0.34164429,1.4030457,-1.3565063
46407,0.33996582,1.751709,-1.4682007
46408,0.25543213,1.2931824,-1.4570618
46409,0.30273438,0.87661743,-1.4373779
46410,0.24185181,1.5412903,-1.1480713
46411,0.26947022,2.0895386,-1.2564087
46412,0.059051514,1.3522339,-1.3052368
46413,0.082397461,0.96038818,-1.2416077
46414,-0.098724365,0.81619263,-1.1965942
46415,-0.24780273,0.67260742,-1.1787415
46416,-0.21408081,0.74966431,-1.2562561
46417,-0.28182983,0.69381714,-1.1990356
46418,-0.40786743,0.92498779,-1.3261414
46419,-0.36315918,0.92666626,-1.2167358
46420,-0.45928955,1.0240173,-1.2715149
46421,-0.55389404,1.1036682,-1.2203979
46422,-0.79360962,1.3294983,-1.1357117
46423,-0.5607605,1.2002563,-1.1349487
46424,-0.55908203,1.1871338,-1.0522461
46425,-0.89035034,1.1039734,-1.0308838
46426,-0.73135376,1.068573,-0.95947266
46427,-0.96405029,1.2695313,-0.9487915
46428,-0.98602295,1.2376404,-0.90316772
46429,-0.987854,1.3299561,-0.80795288
46430,-0.96481323,1.3337708,-0.81237793
46431,-1.0620117,1.2585449,-0.75088501
46432,-1.2176514,0.82504272,-0.73959351
46433,-1.1148071,1.0043335,-0.73303223
46434,-1.3282776,1.047821,-0.54153442
46435,-1.2945557,1.1445618,-0.38299561
46436,-1.2663269,1.1170959,-0.49499512
46437,-1.5089416,1.0873413,-0.58959961
46438,-1.4511108,1.3102722,-0.46325684
46439,-1.4860535,1.2341309,-0.39733887
46440,-1.546936,1.6308594,-0.42694092
46441,-1.4294434,2.3800659,-0.23391724
46442,-1.5594482,0.98434448,-0.29022217
46443,-1.5620422,0.99594116,-0.16403198
46444,-1.6252136,1.1456299,-0.081481934
46445,-1.6703796,1.2115479,-0.1499939
46446,-1.7158508,1.2353516,0.12512207
46447,-1.7753601,1.2002563,0.012512207
46448,-1.9570923,1.1598206,0.22583008
46449,-1.8078613,1.0209656,0.039825439
46450,-1.7578125,1.1160278,0.045318604
46451,-1.784668,0.98602295,0.20080566
46452,-1.9194031,1.1149597,0.28991699
46453,-1.8663025,1.177063,0.37139893
46454,-2.036438,1.0557556,0.4838562
46455,-2.0620728,0.71136475,0.44555664
46456,-2.0730591,0.62759399,0.4914856
46457,-2.1043396,0.87982178,0.60699463
46458,-2.1641541,0.50613403,0.60089111
46459,-2.1774292,0.89630127,0.92376709
46460,-2.1833801,0.6137085,0.84014893
46461,-2.3257446,0.66894531,0.84533691
46462,-2.1472168,0.80871582,0.8631897
46463,-2.0750427,0.76354981,0.98022461
46464,-2.17453,0.57220459,0.99655151
46465,-2.3143005,0.49621582,0.92254639
46466,-2.1063232,0.58166504,0.90576172
46467,-2.2636414,0.30273438,0.95245361
46468,-2.1672058,0.31723022,1.085968
46469,-2.1606445,0.068206787,1.1901855
46470,-2.2195435,0.18310547,1.1798096
46471,-2.1179199,0.089416504,1.3316345
46472,-2.1337891,0.045471191,1.3360596
46473,-2.2348022,0.26519775,1.5365601
46474,-2.219696,0.22125244,1.2109375
46475,-2.169342,0.068664551,1.3194275
46476,-2.2137451,0.081176758,1.4727783
46477,-2.0986938,-0.34484863,1.5020752
46478,-2.1096802,-0.625,1.4312744
46479,-2.177887,-0.42098999,1.5118408
46480,-2.1330261,-0.77682495,1.585083
46481,-2.0872498,-0.67382813,1.5655518
46482,-2.0153809,-0.73638916,1.4782715
46483,-2.1096802,-1.1294556,1.5560913
46484,-2.0703125,-1.0598755,1.97052
46485,-1.9102478,-1.0217285,1.7770386
46486,-1.9900513,-1.0818481,1.6481018
46487,-2.0643616,-0.82092285,1.894989
46488,-1.9152832,-1.2728882,1.7584229
46489,-1.9746399,-0.98083496,1.9078064
46490,-1.998291,-0.92803955,1.8292236
46491,-1.7704773,-1.4129639,2.0474243
46492,-1.8359375,-1.2226868,1.9497681
46493,-1.5460205,-1.4369202,1.8600464
46494,-1.7376709,-1.6105652,1.8850708
46495,-1.6790771,-1.3768005,1.9773865
46496,-1.7004395,-1.7404175,1.9221497
46497,-1.5493774,-1.8405151,2.0106506
46498,-1.517334,-1.980896,2.003479
46499,-1.4758301,-1.7330933,2.0849609
46500,-1.4862061,-2.0703125,1.9862366
46501,-1.3769531,-2.2070313,1.9796753
46502,-1.3595581,-1.8582153,2.0091248
46503,-1.4328003,-2.1652222,1.8356323
46504,-1.2336731,-2.2053528,1.9314575
46505,-1.2251282,-2.0327759,2.0263672
46506,-1.1743164,-1.5818787,1.90979
46507,-1.1099243,-1.9647217,1.673584
46508,-1.0348511,-1.7048645,1.8273926
46509,-1.0113525,-1.8028259,1.8548584
46510,-0.95336914,-1.7022705,1.8670654
46511,-0.86288452,-1.7552185,1.8708801
46512,-0.77377319,-1.7701721,1.8379211
46513,-0.69534302,-1.9821167,1.892395
46514,-0.62347412,-2.0370483,1.8836975
46515,-0.71899414,-2.0396423,1.8692017
46516,-0.73348999,-1.9398499,1.8484497
46517,-0.68527222,-2.0257568,1.7918396
46518,-0.52307129,-2.0689392,1.703186
46519,-0.48675537,-2.1665955,1.7910767
46520,-0.39306641,-2.2793579,1.8286133
46521,-0.28808594,-2.3193359,1.7315674
46522,-0.31829834,-2.2496033,1.7352295
46523,-0.34179688,-2.1958923,1.6651916
46524,-0.16479492,-2.0915222,1.7636108
46525,-0.10223389,-2.2210693,1.6278076
46526,-0.077972412,-2.301178,1.4692688
46527,-0.051879883,-2.3287964,1.5266418
46528,0.10131836,-2.3979187,1.4230347
46529,0.21850586,-2.5460815,1.2495422
46530,0.16525269,-2.4395752,1.342926
46531,0.26885986,-2.3553467,1.3900757
46532,0.31661987,-2.4986267,1.2139893
46533,0.33035278,-2.4749756,1.2107849
46534,0.37185669,-2.3196411,1.1343384
46535,0.49316406,-2.9040527,1.0490417
46536,0.51895142,-2.9470825,1.0900879
46537,0.57983398,-2.8520203,0.99899292
46538,0.61218262,-2.5526428,0.86242676
46539,0.58776856,-2.520752,0.98999023
46540,0.60760498,-2.5457764,0.75088501
46541,0.65109253,-2.5447083,0.81008911
46542,0.78659058,-2.5488281,0.71609497
46543,0.83251953,-2.6716614,0.76782227
46544,0.84503174,-2.3429871,0.59295654
46545,0.82305908,-2.244873,0.66421509
46546,0.84320068,-2.4330139,0.52505493
46547,0.95703125,-2.2621155,0.40206909
46548,1.0066223,-2.5379944,0.31921387
46549,1.0745239,-2.4880981,0.49209595
46550,0.96206665,-2.1684265,0.037536621
46551,0.93719482,-2.0426941,0.29052734
46552,0.95428467,-1.9165039,0.29052734
46553,1.072998,-1.9903564,0.08026123
46554,1.1665344,-2.0152283,-0.006408691
46555,1.0377502,-2.0318604,0.1751709
46556,1.1715698,-2.0358276,0.005493164
46557,1.0743713,-2.0722961,-0.14144898
46558,1.1772156,-1.8763733,-0.20828247
46559,1.1679077,-1.7483521,-0.46798706
46560,1.1305237,-1.8031311,-0.35797119
46561,1.3142395,-1.7729187,-0.36376953
46562,1.3693237,-1.8164063,-0.29006958
46563,1.4318848,-1.9392395,-0.24047852
46564,1.456604,-1.728363,-0.32455444
46565,1.2524414,-1.6455078,-0.31082153
46566,1.2945557,-1.6290283,-0.61981201
46567,1.385498,-1.5185547,-0.51940918
46568,1.4147949,-1.4950562,-0.84472656
46569,1.4625549,-1.5049744,-0.63827515
46570,1.3679504,-1.504364,-0.61721802
46571,1.3378906,-1.5155029,-0.54626465
46572,1.2728882,-1.3717651,-0.54443359
46573,1.2353516,-1.230011,-0.88317871
46574,1.199646,-0.23361206,-1.0658264
46575,1.1775208,-1.104126,-0.82931519
46576,1.159668,-1.0377502,-0.84335327
46577,1.1485291,-0.95962524,-0.84869385
46578,1.1660767,-0.91949463,-0.86486816
46579,1.1448669,-0.86288452,-0.93170166
46580,1.207428,-0.72174072,-0.97763062
46581,1.1909485,-0.58349609,-1.0089111
46582,1.1499023,-0.51620483,-1.0916138
46583,1.1199951,-0.46890259,-1.0070801
46584,1.0934448,-0.44830322,-1.1334229
46585,1.0559082,-0.53237915,-1.178894
46586,1.050415,-0.42816162,-0.98556519
46587,0.98251343,-0.39169311,-1.2718201
46588,0.95367432,-0.31677246,-1.3320923
46589,0.82885742,-0.3137207,-1.2857056
46590,0.79559326,-0.10528565,-1.2773132
46591,0.78033447,-0.10681152,-1.3227844
46592,0.74035644,-0.01159668,-1.5098572
46593,0.66131592,-0.13854981,-1.3169861
46594,0.63232422,0.02456665,-1.477356
46595,0.49163818,-0.131073,-1.6307068
46596,0.5545044,0.013885498,-1.4614868
46597,0.45776367,0.20385742,-1.3409424
46598,0.51742554,0.25894165,-1.3848877
46599,0.58502197,0.28564453,-1.4230347
46600,0.48034668,0.23223877,-1.3598633
46601,0.49240112,0.34393311,-1.3842773
46602,0.30960083,0.52490234,-1.3868713
46603,0.25146484,0.32928467,-1.3787842
46604,0.2986145,0.43533325,-1.2734985
46605,0.2633667,0.53985596,-1.4103699
46606,0.15625,0.47180176,-1.2913513
46607,0.38085938,0.30487061,-1.3128662
46608,0.17700195,0.51513672,-1.2481689
46609,0.11886597,0.76217651,-1.2579346
46610,-0.019683838,0.98342896,-1.2214661
46611,-0.14221191,0.82427978,-1.1552429
46612,-0.21865845,0.85357666,-1.3127136
46613,-0.052642822,0.95428467,-1.0636902
46614,-0.22277832,0.77224731,-1.1903381
46615,-0.33355713,0.87341309,-1.0327148
46616,-0.37750244,0.8190918,-1.1584473
46617,-0.3868103,0.94940185,-1.0655212
46618,-0.50857544,1.0758972,-1.1735535
46619,-0.64620972,1.0112,-0.86853027
46620,-0.68161011,1.2164307,-0.91979981
46621,-0.72143555,1.242981,-0.93551636
46622,-0.70755005,1.0420227,-1.0096741
46623,-0.77270508,1.1187744,-0.98312378
46624,-0.86914063,0.96008301,-0.83862305
46625,-0.87997437,1.260376,-0.76400757
46626,-0.87585449,1.289978,-0.88897705
46627,-0.90789795,1.262207,-0.67901611
46628,-1.0543823,1.4108276,-0.72250366
46629,-1.1709595,1.2617493,-0.5871582
46630,-1.0342407,1.3619995,-0.60760498
46631,-1.2600708,1.4425659,-0.64590454
46632,-1.217041,1.3137817,-0.48278809
46633,-1.3963318,1.2402344,-0.41427612
46634,-1.3044739,1.3720703,-0.45898438
46635,-1.5151978,1.360321,-0.24902344
46636,-1.4353943,1.255188,-0.31600952
46637,-1.6390991,1.2806702,-0.24017334
46638,-1.4749146,0.94207764,-0.43640137
46639,-1.7329407,1.040802,-0.41625977
46640,-1.6062927,2.6954651,-0.31524658
46641,-1.5791321,1.4477539,-0.042419434
46642,-1.7410278,1.4221191,-0.12496948
46643,-1.82724,1.2820435,-0.066223145
46644,-1.8260193,1.355896,-0.034637451
46645,-1.946106,1.2458801,0.22354126
46646,-1.849823,1.3262939,0.32272339
46647,-1.9268799,1.1964416,0.22735596
46648,-1.8711853,1.1506653,0.19546509
46649,-1.8647766,1.1869812,0.30426025
46650,-1.872406,1.1250305,0.25527954
46651,-1.9270325,1.1851501,0.079345703
46652,-2.0455933,0.98999023,0.27008057
46653,-1.9848633,0.97610474,0.51269531
46654,-2.0053101,0.96817017,0.53497315
46655,-2.1943665,1.1120605,0.42373657
46656,-2.0979309,0.93826294,0.46386719
46657,-2.0152283,0.85281372,0.75286865
46658,-1.9989014,0.7182312,0.72509766
46659,-2.1347046,0.57937622,0.68878174
46660,-2.1478271,0.58532715,0.90332031
46661,-2.2132874,0.59341431,0.79101563
46662,-2.2998047,0.73623657,0.70999146
46663,-2.1882629,0.63720703,0.91415405
46664,-2.0857239,0.65444946,0.8821106
46665,-2.0875549,0.46936035,1.0327148
46666,-2.1307373,0.42938232,0.78582764
46667,-2.2019958,0.27206421,1.0713196
46668,-2.1563721,0.40802002,1.2039185
46669,-2.3103333,-0.14526367,1.3101196
46670,-2.1525574,0.11474609,1.3543701
46671,-2.0777893,-0.42678833,1.2857056
46672,-2.1124268,-0.032348633,1.3471985
46673,-2.0448303,-0.015411377,1.4758301
46674,-1.9821167,-0.50552368,1.5687561
46675,-2.0300293,0.11184692,1.5080261
46676,-2.224884,0.052185059,1.4335632
46677,-2.1333313,-0.072021484,1.5292358
46678,-2.2601318,-0.044250488,1.5344238
46679,-1.9702148,-0.29907227,1.3583374
46680,-2.0884705,-0.3944397,1.5574646
46681,-1.9580078,-0.43411255,1.7506409
46682,-2.0928955,-0.47836304,1.6249084
46683,-2.0372009,-0.45257568,1.73172
46684,-2.0576477,-0.48156738,1.9107056
46685,-2.0056152,-0.41198731,1.9421387
46686,-1.9882202,-0.52764893,1.8603516
46687,-1.9822693,-0.70999146,1.8417358
46688,-1.7907715,-0.74752808,1.9537354
46689,-1.713562,-0.93170166,1.8455505
46690,-1.8287659,-1.0221863,1.615448
46691,-1.6856384,-1.0014343,1.8238831
46692,-1.9703674,-0.82489014,1.9030762
46693,-1.7279053,-1.0372925,1.809845
46694,-1.7526245,-1.0873413,1.9281006
46695,-1.685791,-1.0313416,1.9026184
46696,-1.6389465,-1.315918,2.020874
46697,-1.5789795,-1.2016296,2.1179199
46698,-1.3064575,-1.6592407,2.006073
46699,-1.5678406,-1.6104126,1.9604492
46700,-1.4547729,-1.574707,1.7633057
46701,-1.3078308,-2.0689392,1.890564
46702,-1.2806702,-2.0812988,2.0147705
46703,-1.2762451,-1.9035339,2.041626
46704,-1.3156128,-1.5359497,2.0062256
46705,-1.0394287,-1.6958618,2.1394348
46706,-1.0847473,-1.6990662,1.8640137
46707,-0.97259522,-1.6943359,1.9775391
46708,-0.80184937,-1.8713379,2.0103455
46709,-0.88226318,-1.839447,2.0417786
46710,-0.88363647,-1.8876648,2.0462036
46711,-0.70251465,-1.9154358,1.9854736
46712,-0.60470581,-2.0393372,1.8699646
46713,-0.58074951,-2.0799255,1.8783569
46714,-0.61172485,-2.1646118,1.8328857
46715,-0.62149048,-2.0524597,1.9670105
46716,-0.33843994,-1.9842529,1.9245911
46717,-0.44219971,-2.0776367,1.7297363
46718,-0.45806885,-2.0715332,1.6152954
46719,-0.43930054,-2.3742676,1.7950439
46720,-0.3527832,-2.2406006,1.7683411
46721,-0.21560669,-2.4131775,1.7893982
46722,-0.23010254,-2.3362732,1.577301
46723,-0.08605957,-2.2691345,1.4605713
46724,-0.20523071,-2.2593689,1.415863
46725,-0.11413574,-2.1261597,1.3217163
46726,0.16296387,-2.3179626,1.3929749
46727,0.062561035,-2.2610474,1.1355591
46728,0.1876831,-2.517395,1.3354492
46729,0.12786865,-2.5076294,1.2309265
46730,0.26855469,-2.5126648,1.124115
46731,0.21392822,-2.3719788,1.2770081
46732,0.35079956,-2.5784302,1.2979126
46733,0.35644531,-2.4157715,1.2789917
46734,0.4019165,-2.384491,1.2025452
46735,0.48461914,-2.3657227,1.1381531
46736,0.58258057,-2.2625732,1.1143494
46737,0.51055908,-2.3884583,1.0426331
46738,0.64239502,-2.3336792,1.0479736
46739,0.62561035,-2.4113464,1.0646057
46740,0.75195313,-2.4238586,0.73577881
46741,0.78491211,-2.1566772,0.95046997
46742,0.67306519,-2.2558594,0.55007935
46743,0.8782959,-2.4194336,0.52246094
46744,0.78613281,-2.4092102,0.51177978
46745,1.0339355,-2.2203064,0.49255371
46746,0.88256836,-2.2773743,0.40130615
46747,0.93292236,-2.1798706,0.45562744
46748,0.94543457,-2.063446,0.46569824
46749,1.0678101,-2.1809387,0.34515381
46750,1.0397339,-2.1252441,0.26245117
46751,0.99624634,-2.1469116,0.33981323
46752,1.0211182,-1.9465637,0.00289917
46753,1.2486267,-2.0043945,0.004425049
46754,1.144104,-2.0401001,-0.039672852
46755,1.3722229,-2.2499084,0.009307861
46756,1.1520386,-2.0625305,0.066986084
46757,1.1407471,-2.1026611,-0.12939453
46758,1.1767578,-1.9555664,-0.11444092
46759,1.2341309,-1.9146729,-0.32180786
46760,1.4179993,-1.9541931,-0.41854858
46761,1.3415527,-1.8952942,-0.30487061
46762,1.350708,-1.8452454,-0.36987305
46763,1.3012695,-1.8086243,-0.31738281
46764,1.1853027,-1.6195679,-0.44342041
46765,1.2634277,-1.5084839,-0.41748047
46766,1.2892151,-1.4141846,-0.46325684
46767,1.264801,-1.3711548,-0.57006836
46768,1.1987305,-1.3825989,-0.6149292
46769,1.2832642,-1.5245056,-0.56823731
46770,1.1038208,-1.385498,-0.61447144
46771,1.1795044,-1.4807129,-0.58868408
46772,1.1584473,-0.91186523,-0.71655273
46773,1.2373352,-1.1959839,-0.83648682
46774,1.227417,-1.2532043,-0.94192505
46775,1.2359619,-1.0794067,-0.78063965
46776,1.2423706,-1.028595,-0.82122803
46777,1.2094116,-0.94940185,-0.80535889
46778,1.1917114,-0.89385986,-0.92346191
46779,1.0977173,-0.8001709,-1.1242676
46780,1.2042236,-0.54107666,-1.1251831
46781,1.0900879,-0.47012329,-1.2052917
46782,0.87799072,-0.47180176,-1.2948608
46783,1.0231018,-0.418396,-1.7181396
46784,0.9262085,-0.33782959,-1.2054443
46785,0.9664917,-0.37658691,-1.1978149
46786,0.81344604,-0.29067993,-1.0688782
46787,0.94573975,-0.21743774,-1.1279297
46788,0.95855713,-0.14251709,-1.1358643
46789,0.84838867,-0.1612854,-1.2461853
46790,0.80764771,-0.079650879,-1.1659241
46791,0.69122315,-0.20507813,-1.346283
46792,0.69488525,-0.24581909,-1.18927
46793,0.67092896,-0.44540405,-1.5332031
46794,0.53161621,-0.18035889,-1.374054
46795,0.66665649,0.10070801,-1.3975525
46796,0.5847168,0.20385742,-1.2304688
46797,0.58807373,0.1335144,-1.1122131
46798,0.54504394,0.058746338,-1.2843323
46799,0.53756714,0.31066894,-1.1090088
46800,0.41503906,0.29571533,-1.3330078
46801,0.17105103,0.10848999,-1.401062
46802,0.31402588,0.31585693,-1.2988281
46803,0.31784058,0.37002564,-1.3627625
46804,0.24627685,0.53833008,-1.18927
46805,0.15594482,0.51940918,-1.1058044
46806,0.01373291,0.60562134,-1.212616
46807,0.046386719,0.69061279,-1.2954712
46808,0.010986328,0.60852051,-1.2355041
46809,-0.059814453,0.82824707,-1.2528992
46810,-0.17211914,0.87051392,-1.2582397
46811,-0.24978638,0.9463501,-1.3421631
46812,-0.13366699,0.95413208,-1.2164307
46813,-0.27175903,0.96008301,-1.2045288
46814,-0.37460327,0.90103149,-1.2852478
46815,-0.33386231,0.92910767,-1.1026001
46816,-0.49316406,0.93017578,-1.1898804
46817,-0.50552368,0.81588745,-0.9854126
46818,-0.48492432,1.0768127,-0.99731445
46819,-0.55419922,1.1767578,-1.0803223
46820,-0.64788818,1.2133789,-0.83801269
46821,-0.7850647,1.1239624,-0.72235107
46822,-0.8480835,1.1524963,-0.71350098
46823,-0.80276489,1.1447144,-0.82519531
46824,-0.75271606,1.1108398,-1.0108948
46825,-0.88760376,1.0458374,-0.74829102
46826,-0.8442688,1.2658691,-0.753479
46827,-1.0469055,1.1402893,-0.61950684
46828,-1.0115051,1.0690308,-0.51574707
46829,-1.1297607,1.1721802,-0.73120117
46830,-1.1100769,0.85952759,-0.60836792
46831,-1.2728882,1.1924744,-0.46508789
46832,-1.3002014,1.2188721,-0.56381226
46833,-1.3487244,0.98297119,-0.45715332
46834,-1.655426,0.77026367,-0.68817139
46835,-1.4559937,0.69717407,-0.38497925
46836,-1.4070129,1.0635376,-0.24902344
46837,-1.4335632,0.9274292,-0.23422241
46838,-1.5280151,1.0345459,-0.21575928
46839,-1.4697266,1.0920715,-0.096435547
46840,-1.4793396,1.0514832,0.10513306
46841,-1.5283203,1.1291504,-0.15594482
46842,-1.6184998,1.2660217,-0.096740723
46843,-1.6847229,1.08078,-0.097503662
46844,-1.6856384,1.0342407,0.15197754
46845,-1.6062927,1.0650635,0.23498535
46846,-1.7240906,1.0243225,0.12664795
46847,-1.7958069,1.0171509,0.30700684
46848,-1.7333984,1.0714722,0.35064697
46849,-2.0341492,0.90820313,0.3868103
46850,-1.9042969,0.8670044,0.3414917
46851,-1.9747925,0.90774536,0.42526245
46852,-2.0117188,0.85601807,0.57525635
46853,-2.0222473,0.84152222,0.58761597
46854,-1.8945313,0.78689575,0.53192139
46855,-2.0278931,0.44158936,0.53985596
46856,-2.006073,0.77041626,0.65536499
46857,-1.9729614,0.95687866,0.67245483
46858,-2.0913696,0.52688599,0.77026367
46859,-2.0870972,0.47988892,0.87631226
46860,-1.8489075,0.57785034,0.77087402
46861,-1.9438171,0.49819946,1.0290527
46862,-2.0199585,0.30929565,0.82366943
46863,-1.9581604,0.11062622,0.87524414
46864,-1.9316101,0.34057617,0.92666626
46865,-2.0153809,0.34790039,1.0914612
46866,-1.9851685,0.29724121,0.97518921
46867,-1.9911194,0.15411377,0.93139648
46868,-1.9468689,0.20614624,1.081543
46869,-1.9429016,0.022888184,1.0842896
46870,-1.9216919,-0.19989014,1.1509705
46871,-2.0021057,-0.092773438,1.2426758
46872,-2.0698547,-0.16662598,1.4518738
46873,-1.8504334,-0.27313232,1.3891602
46874,-2.0343018,-0.061340332,1.5280151
46875,-1.9256592,-0.39077759,1.4978027
46876,-2.076416,-0.49179077,1.4303589
46877,-1.8731689,-0.41625977,1.630249
46878,-1.9985962,-0.57418823,1.5242004
46879,-1.6818237,-0.46630859,1.7591858
46880,-1.9541931,-0.70541382,1.7863464
46881,-1.7208862,-0.7824707,1.776886
46882,-1.852417,-0.59555054,1.7608643
46883,-1.7164612,-0.63369751,1.693573
46884,-1.8878174,-0.77606201,1.7036438
46885,-1.9194031,-0.77911377,1.7024231
46886,-1.7298889,-1.1958313,1.6926575
46887,-1.7675781,-1.1784363,1.7669678
46888,-1.6688538,-1.1010742,1.7781067
46889,-1.574707,-1.1836243,1.6494751
46890,-1.5386963,-1.3505554,1.8383789
46891,-1.472168,-1.040802,1.9462585
46892,-1.4953613,-1.2129211,1.8418884
46893,-1.4755249,-1.2760925,1.953125
46894,-1.4506531,-1.2298584,1.7793274
46895,-1.2239075,-1.4849854,1.6737366
46896,-1.2069702,-1.1799622,1.8666077
46897,-1.3711548,-1.5512085,1.887207
46898,-1.2136841,-1.6696167,1.7492676
46899,-1.1557007,-1.6915894,1.8151855
46900,-1.1416626,-1.7614746,1.9439697
46901,-1.1161804,-1.5393066,1.9033813
46902,-1.3838196,-1.5354919,1.7993164
46903,-1.1378479,-1.7668152,1.8643188
46904,-0.9854126,-1.6630554,1.7797852
46905,-0.94726563,-1.6679382,1.6912842
46906,-0.80749512,-1.7024231,1.631012
46907,-0.82092285,-1.8011475,1.6668701
46908,-0.82733154,-1.7338562,1.5785217
46909,-0.69244385,-1.7312622,1.7041016
46910,-0.63369751,-1.9465637,1.6743469
46911,-0.71380615,-2.0947266,1.6584778
46912,-0.57571411,-1.9407654,1.5330505
46913,-0.37109375,-1.9454956,1.6714478
46914,-0.51635742,-1.8621826,1.6886902
46915,-0.36621094,-1.9146729,1.5235901
46916,-0.37719727,-1.966095,1.5910339
46917,-0.42419434,-1.9790649,1.5873718
46918,-0.25527954,-2.1044922,1.5719604
46919,-0.20507813,-2.1452332,1.7041016
46920,-0.16326904,-2.1798706,1.4099121
46921,-0.17822266,-2.0332336,1.5246582
46922,-0.18844605,-2.1160889,1.3777161
46923,-0.11276245,-2.0796204,1.3969421
46924,-0.077362061,-2.1382141,1.3774109
46925,0.16693115,-2.2238159,1.3061523
46926,0.012817383,-2.2146606,1.16745
46927,0.18661499,-2.1672058,0.97702026
46928,0.22033691,-2.1615601,0.97305298
46929,0.26245117,-2.2689819,1.1351013
46930,0.34576416,-2.2460938,1.1212158
46931,0.29312134,-2.2198486,1.0887146
46932,0.28488159,-2.3519897,1.0400391
46933,0.39779663,-2.1768188,0.83206177
46934,0.48217773,-2.2444153,0.90499878
46935,0.42907715,-2.2212219,0.70800781
46936,0.41320801,-2.2312927,0.85662842
46937,0.4850769,-2.2393799,0.68145752
46938,0.60363769,-2.0849609,0.61218262
46939,0.61355591,-1.9078064,0.46890259
46940,0.61431885,-2.0327759,0.53482056
46941,0.65734863,-1.9619751,0.54244995
46942,0.75714111,-2.0010376,0.47088623
46943,0.68176269,-2.0811462,0.45669556
46944,0.73776245,-1.9076538,0.41809082
46945,0.69259644,-1.9984436,0.3125
46946,0.81817627,-2.010498,0.17791748
46947,0.92163086,-1.7832947,0.1965332
46948,0.884552,-1.7515564,0.22232056
46949,0.96923828,-1.836853,0.10192871
46950,0.89569092,-1.9033813,0.060577393
46951,0.88775635,-1.7237854,0.053253174
46952,1.1247253,-1.8673706,0.035400391
46953,1.0908508,-1.7106628,0.025634766
46954,1.0444641,-1.7422485,-0.078125
46955,1.1096191,-1.713562,-0.003967285
46956,1.0357666,-1.7204285,-0.012512207
46957,1.1222839,-1.7211914,-0.030059814
46958,1.0137939,-1.5266418,-0.15655518
46959,0.94970703,-1.5507507,-0.31265259
46960,1.138916,-1.3249207,-0.29907227
46961,1.0466003,-1.4361572,-0.30807495
46962,1.0531616,-1.4208984,-0.3137207
46963,1.03302,-1.3728333,-0.36315918
46964,1.0177612,-1.4700317,-0.33218384
46965,1.0321045,-1.2338257,-0.63140869
46966,1.0939026,-1.2812805,-0.56945801
46967,1.1532593,-1.0697937,-0.66162109
46968,1.003418,-1.0630798,-0.69717407
46969,1.0940552,-1.1630249,-0.71578979
46970,1.0531616,-1.1431885,-0.66635132
46971,1.1152649,-0.60455322,-0.73242188
46972,0.89294434,-0.83694458,-0.8644104
46973,0.99060059,-0.82641602,-0.99227905
46974,0.92514038,-0.8782959,-0.98358154
46975,0.92468262,-0.72967529,-0.95687866
46976,0.86151123,-0.71548462,-0.91522217
46977,0.9046936,-0.76278687,-0.97610474
46978,0.9967041,-0.5355835,-0.94604492
46979,0.82183838,-0.46691894,-0.93460083
46980,0.84381103,-0.37643433,-1.0920715
46981,0.82458496,-0.2935791,-1.2207031
46982,0.80581665,-0.42556763,-1.2542725
46983,0.87127685,-0.36483765,-1.3150024
46984,0.79376221,-0.28167725,-1.1698914
46985,0.77804565,-0.2532959,-1.2748718
46986,0.63995361,0.033874512,-1.1578369
46987,0.67871094,0.032043457,-1.3194275
46988,0.7333374,0.11657715,-1.3259888
46989,0.3012085,0.090637207,-1.1230469
46990,0.14923096,-0.089111328,-1.1642456
46991,0.26153564,-0.057525635,-1.2791443
46992,0.49560547,-0.004882813,-1.1152649
46993,0.51452637,0.24719238,-1.2367249
46994,0.17242432,0.3755188,-1.2913513
46995,0.31494141,0.28076172,-1.2062073
46996,0.26916504,0.41671753,-1.1242676
46997,0.2406311,0.44189453,-1.1474609
46998,0.15823364,0.61553955,-1.194458
46999,-0.17822266,0.75805664,-1.2252808
47000,-0.044250488,0.49102783,-1.2684631
47001,-0.044555664,0.60684204,-1.111908
47002,-0.050506592,0.63934326,-1.0365295
47003,0.000915527,0.71380615,-1.0444641
47004,-0.22796631,0.6867981,-0.98831177
47005,-0.19897461,0.67047119,-1.1468506
47006,-0.28747559,0.67718506,-0.87432861
47007,-0.44815064,0.63095093,-0.94161987
47008,-0.41671753,0.69488525,-0.81665039
47009,-0.40145874,0.86456299,-1.0305786
47010,-0.26977539,0.85388184,-0.962677
47011,-0.41213989,1.1108398,-0.88745117
47012,-0.54443359,1.224823,-0.87142944
47013,-0.43579102,1.1157227,-1.0188293
47014,-0.63751221,1.0652161,-0.91751099
47015,-0.59448242,1.0562134,-0.92346191
47016,-0.82641602,0.93414307,-0.83953857
47017,-0.91339111,1.1437988,-0.78048706
47018,-0.79025269,1.1616516,-0.81542969
47019,-0.83816528,1.2106323,-0.66589356
47020,-0.82183838,1.1878967,-0.71594238
47021,-0.90896606,1.1843872,-0.61386108
47022,-0.85327148,1.0670471,-0.48339844
47023,-1.1679077,0.99792481,-0.56762695
47024,-1.1808777,0.97106934,-0.30975342
47025,-1.2901306,1.1143494,-0.50704956
47026,-1.3465881,1.0469055,-0.36071777
47027,-1.3214111,1.1730957,-0.30441284
47028,-1.3987732,1.1572266,-0.24230957
47029,-1.2879944,1.0351563,-0.24353027
47030,-2.2958374,0.74798584,-0.63720703
47031,-1.3839722,0.93322754,-0.44799805
47032,-1.237793,1.0392761,-0.31494141
47033,-1.4382935,1.2550354,-0.19042969
47034,-1.4889526,1.0350037,-0.12115479
47035,-1.579895,0.92224121,0.020294189
47036,-1.6596985,1.0118103,0.051574707
47037,-1.6888428,2.0733643,-0.10116577
47038,-1.585083,1.0375977,0.21865845
47039,-1.6995239,0.94207764,0.23757935
47040,-1.7884827,0.96389771,0.21087647
47041,-1.9075012,0.88012695,0.3894043
47042,-1.676178,0.96008301,0.34301758
47043,-1.9204712,0.93078613,0.42129517
47044,-1.8707275,0.78964233,0.45578003
47045,-1.8914795,0.91613769,0.54458618
47046,-1.8397522,0.76721191,0.52276611
47047,-1.8156433,0.72052002,0.2772522
47048,-1.8611145,0.74462891,0.58914185
47049,-1.9252014,0.53207397,1.0235596
47050,-1.8962097,0.56747437,0.62530518
47051,-1.9288635,0.50109863,0.89447022
47052,-1.9268799,0.57754517,0.89630127
47053,-1.8865967,0.46096802,0.85494995
47054,-1.9226074,0.58776856,0.60729981
47055,-1.9877625,0.2973938,0.8934021
47056,-1.9677734,0.45944214,0.912323
47057,-1.9230652,0.41046143,0.86273193
47058,-1.9857788,0.41442871,0.90713501
47059,-2.069397,0.30059814,0.98754883
47060,-1.856842,0.3793335,1.1502075
47061,-1.9116211,0.34973144,1.156311
47062,-1.9682312,0.10925293,1.0798645
47063,-2.0152283,0.14297485,1.1778259
47064,-1.8334961,-0.11108398,1.2716675
47065,-1.8632507,-0.14663696,1.4923096
47066,-1.8998718,-0.12542725,1.424408
47067,-1.8128967,-0.098571777,1.3652039
47068,-1.9950867,-0.24047852,1.328125
47069,-1.8188477,-0.28701782,1.448822
47070,-1.8811035,-0.3187561,1.5596008
47071,-1.9308472,-0.4699707,1.6918945
47072,-1.7532349,-0.53710938,1.5840149
47073,-1.7379761,-0.67337036,1.4910889
47074,-1.8458557,-0.65948486,1.4953613
47075,-1.672821,-0.65093994,1.5542603
47076,-1.7163086,-0.7484436,1.6882324
47077,-1.6551209,-0.69168091,1.6441345
47078,-1.7895508,-0.77590942,1.6886902
47079,-1.6487122,-0.98846435,1.6703796
47080,-1.6716003,-0.91567993,1.8110657
47081,-1.7778015,-1.0949707,1.8202209
47082,-1.7333984,-0.91339111,1.8080139
47083,-1.5988159,-1.0282898,1.7329407
47084,-1.5245056,-1.0565186,1.8765259
47085,-1.5693665,-1.0864258,1.8882751
47086,-1.4485168,-1.3172913,1.7803955
47087,-1.5492249,-1.2316895,1.6792297
47088,-1.4395142,-1.3363647,1.7988586
47089,-1.3308716,-1.4741516,1.8128967
47090,-1.3542175,-1.3664246,1.7756653
47091,-1.3777161,-1.3311768,1.7602539
47092,-1.3769531,-1.4997864,1.9487
47093,-1.0928345,-1.3420105,1.7681885
47094,-1.0990906,-1.4006042,1.8151855
47095,-1.337738,-1.6653442,1.6772461
47096,-1.1561584,-1.7388916,1.5808105
47097,-1.0714722,-1.7214966,1.7259216
47098,-0.98526001,-1.6459656,1.6671753
47099,-0.85266113,-1.6514587,1.723938
47100,-0.84197998,-1.587677,1.8179321
47101,-0.88699341,-2.1458435,1.9355774
47102,-0.78964233,-1.8383789,1.5214539
47103,-0.61431885,-2.0199585,1.7132568
47104,-0.64971924,-1.9754028,1.8139648
47105,-0.53207397,-2.0724487,1.6926575
47106,-0.50567627,-1.8847656,1.5328979
47107,-0.53817749,-1.8463135,1.6487122
47108,-0.52078247,-1.8051147,1.6860962
47109,-0.26931763,-1.9026184,1.7259216
47110,-0.35568237,-1.9570923,1.6145325
47111,-0.33721924,-2.0957947,1.5704346
47112,-0.24780273,-2.1574402,1.5298462
47113,-0.1826477,-2.1369934,1.3816834
47114,-0.1109314,-1.9482422,1.3555908
47115,0.020294189,-1.9369507,1.3473511
47116,-0.061950684,-2.0991516,1.3850403
47117,-0.033111572,-2.0654297,1.338501
47118,0.050811768,-2.1580505,1.285553
47119,0.13122559,-2.2096252,1.2695313
47120,0.12573242,-2.2821045,1.2242126
47121,0.2255249,-2.191925,1.2194824
47122,0.24765015,-2.1817017,1.1608887
47123,0.35079956,-2.2128296,1.1650085
47124,0.33996582,-2.0327759,1.1193848
47125,0.3276062,-1.9142151,1.0751343
47126,0.50704956,-2.0343018,0.9375
47127,0.46951294,-2.0367432,0.83877563
47128,0.62515259,-2.1376038,0.76034546
47129,0.69229126,-2.1505737,0.77957153
47130,0.67352295,-2.1940613,0.86975098
47131,0.62255859,-1.9618225,0.76141357
47132,0.70404053,-2.0167542,0.69702148
47133,0.80856323,-2.0295715,0.59265137
47134,0.79589844,-2.0822144,0.56396484
47135,0.82580566,-2.1551514,0.47119141
47136,0.91522217,-2.1940613,0.48950195
47137,0.86639404,-2.1559143,0.46005249
47138,0.92422485,-2.0161438,0.3805542
47139,0.85357666,-2.0277405,0.42160034
47140,0.88577271,-1.9833374,0.29296875
47141,0.94970703,-2.0037842,0.21118164
47142,0.98266602,-2.0791626,0.14251709
47143,1.1436462,-1.9961548,-0.031433105
47144,1.1938477,-1.9587708,0.014953613
47145,1.1230469,-2.0257568,-0.04486084
47146,1.0250854,-1.7907715,0.010223389
47147,1.1174011,-1.6470337,-0.13168335
47148,1.1210632,-1.7689514,-0.15228272
47149,1.1257935,-1.7724609,0.012664795
47150,1.2211609,-1.8415833,-0.28717041
47151,1.121521,-1.6906738,-0.25588989
47152,1.1827087,-1.6157532,-0.50872803
47153,1.1479187,-1.5084839,-0.42221069
47154,1.3465881,-1.476593,-0.43487549
47155,1.2930298,-1.6427612,-0.49453735
47156,1.2025452,-1.618042,-0.493927
47157,1.2347412,-1.5145874,-0.61889648
47158,1.149292,-1.4834595,-0.47195435
47159,1.3485718,-1.1912537,-0.63293457
47160,1.1239624,-1.1738586,-0.64758301
47161,1.0482788,-1.0830688,-0.76049805
47162,1.1601257,-1.0594177,-0.64849853
47163,1.0894775,-1.2161255,-0.64804077
47164,1.08078,-0.98693848,-0.85876465
47165,1.1026001,-1.0795593,-0.84167481
47166,0.9375,-0.89492798,-0.81726074
47167,0.84899902,-0.95520019,-0.76324463
47168,0.98480225,-0.79803467,-0.96191406
47169,0.91018677,0.34683228,-0.91369629
47170,0.95977783,-0.59509277,-1.0484314
47171,0.93688965,-0.6173706,-0.9487915
47172,0.97442627,-0.54321289,-1.0649109
47173,0.98098755,-0.47424316,-1.0842896
47174,1.0523987,-0.45852661,-1.1834717
47175,1.015625,-0.38024902,-1.1808777
47176,0.91064453,-0.3918457,-1.232605
47177,0.77545166,-0.26763916,-1.156311
47178,0.91995239,-0.16174316,-1.1555481
47179,0.6451416,-0.16723633,-1.2199402
47180,0.64941406,-0.038604736,-1.1602783
47181,0.61203003,0.011749268,-1.2475586
47182,0.49987793,0.046844482,-1.149292
47183,0.2331543,-0.060577393,-1.6203308
47184,0.59753418,-0.096588135,-1.3546753
47185,0.48538208,0.061645508,-1.197052
47186,0.77056885,0.24734497,-1.3516235
47187,0.4850769,0.50918579,-1.3754272
47188,0.38864136,0.29922485,-1.1605835
47189,0.33569336,0.23040772,-1.3464355
47190,0.19073486,0.29159546,-1.2626648
47191,0.30593872,0.47363281,-1.3320923
47192,0.25817871,0.38116455,-1.1630249
47193,0.23849487,0.51147461,-1.2103271
47194,0.10498047,0.4927063,-1.2284851
47195,0.04776001,0.39154053,-1.2341309
47196,-0.10772705,0.61904907,-1.207428
47197,-0.15945435,0.6640625,-1.2216187
47198,-0.027923584,0.60241699,-1.2667847
47199,-0.077362061,0.67810059,-1.374054
47200,-0.26504517,0.96099853,-1.3609314
47201,-0.28427124,0.85220337,-1.2716675
47202,-0.091552734,0.990448,-1.3021851
47203,-0.38406372,0.96832275,-1.2187195
47204,-0.58563232,1.0902405,-1.0998535
47205,-0.60821533,1.1009216,-1.0067749
47206,-0.61889648,1.1024475,-0.90576172
47207,-0.63278198,1.0205078,-0.90164185
47208,-0.6590271,1.1022949,-0.89294434
47209,-0.64056397,1.1857605,-0.96450806
47210,-0.66986084,1.206665,-0.82168579
47211,-0.90148926,1.4169312,-0.87387085
47212,-0.95947266,1.3015747,-0.64987183
47213,-0.95321655,1.3131714,-0.66009522
47214,-0.93307495,1.2023926,-0.68542481
47215,-1.0467529,1.2896729,-0.74813843
47216,-1.0398865,1.2503052,-0.62683106
47217,-1.2374878,1.2612915,-0.53527832
47218,-1.1856079,1.4186096,-0.48614502
47219,-1.0748291,1.5525818,-0.52490234
47220,-1.2141418,1.4569092,-0.61798096
47221,-1.1811829,1.1880493,-0.50292969
47222,-1.2887573,1.1322021,-0.35446167
47223,-1.4060974,1.2069702,-0.36819458
47224,-1.4169312,1.2261963,-0.36956787
47225,-1.4208984,1.1639404,-0.23773193
47226,-1.6098022,0.82931519,-0.23590088
47227,-1.6691589,0.71853638,-0.33981323
47228,-1.7048645,0.90774536,-0.11322022
47229,-1.7938232,1.0974121,0.006866455
47230,-1.8034363,1.0392761,0.14968872
47231,-1.6755676,1.1579895,0.034942627
47232,-1.5766907,1.1515808,-0.014953613
47233,-1.6928101,1.0986328,0.13412476
47234,-1.7663574,0.78186035,0.069580078
47235,-1.8692017,1.4916992,0.11962891
47236,-1.895752,0.97839356,0.095367432
47237,-1.8777466,0.96618652,0.26702881
47238,-1.9171143,0.9046936,0.23086548
47239,-1.9519043,0.96481323,0.3326416
47240,-1.9430542,0.89355469,0.41992188
47241,-2.0257568,0.82366943,0.35583496
47242,-1.8464661,0.95733643,0.49942017
47243,-2.0864868,0.8203125,0.56045532
47244,-2.0780945,0.71090698,0.6262207
47245,-2.0500183,0.8215332,0.62255859
47246,-2.0907593,0.99304199,0.72799683
47247,-2.1896362,0.78018188,1.222229
47248,-2.1516418,0.80291748,0.9072876
47249,-2.333374,0.73242188,0.9614563
47250,-2.2468567,0.66833496,0.89630127
47251,-2.2436523,0.56304932,1.1401367
47252,-2.223053,0.45562744,1.0202026
47253,-2.1890259,0.38787842,1.1720276
47254,-2.130127,0.4486084,1.2341309
47255,-2.1105957,0.28533936,1.1418152
47256,-2.0489502,0.43151856,1.2962341
47257,-2.1458435,0.25024414,1.3716125
47258,-2.1836853,0.16616821,1.3327026
47259,-2.0758057,0.18432617,1.2863159
47260,-2.081604,0.14175415,1.3960266
47261,-1.9773865,-0.11016846,1.1763
47262,-1.9816589,-0.23712158,1.1479187
47263,-1.9760132,-0.18096924,1.427002
47264,-1.9692993,-0.4107666,1.3317871
47265,-1.8478394,-0.4107666,1.5238953
47266,-2.0002747,-0.4675293,1.5007019
47267,-1.8383789,-0.48065186,1.5808105
47268,-1.9992065,-0.49163818,1.6767883
47269,-1.9352722,-0.53665161,1.6726685
47270,-1.8815613,-0.46066284,1.8139648
47271,-1.7684937,-0.56182861,1.8722534
47272,-1.8914795,-0.56793213,1.980896
47273,-1.875,-0.47317505,1.8656921
47274,-1.7593384,-0.64346313,1.9252014
47275,-1.8182373,-0.85388184,1.991272
47276,-1.7678833,-0.87127685,1.7631531
47277,-1.7086792,-1.1236572,1.937561
47278,-1.8309021,-0.99395752,1.8637085
47279,-1.6064453,-1.0040283,1.8978882
47280,-1.7108154,-0.93856812,2.0214844
47281,-1.6647339,-0.88485718,1.9371033
47282,-1.6465759,-1.0559082,1.9232178
47283,-1.541748,-1.0922241,2.0455933
47284,-1.5132141,-1.2976074,1.9761658
47285,-1.4637756,-1.4575195,1.9868469
47286,-1.2910461,-1.6064453,2.0053101
47287,-1.1683655,-1.6506958,2.0629883
47288,-1.2878418,-1.7294312,1.9015503
47289,-1.2030029,-1.8745422,2.003479
47290,-1.1515808,-1.8563843,2.0214844
47291,-1.0671997,-1.8447876,1.8473816
47292,-1.0411072,-1.7407227,1.9992065
47293,-0.92651367,-1.7599487,1.9764709
47294,-0.99960327,-1.8037415,1.8832397
47295,-0.96466065,-1.7327881,1.9003296
47296,-0.80596924,-1.9456482,1.8838501
47297,-0.7572937,-1.8217468,1.8875122
47298,-0.77789307,-1.7904663,1.8487549
47299,-0.74157715,-1.9436646,1.9158936
47300,-0.74081421,-2.2146606,1.8241882
47301,-0.72280884,-2.0294189,1.7828369
47302,-0.6060791,-2.1807861,1.6990662
47303,-0.46691894,-2.0788574,1.7350769
47304,-0.32012939,-1.9619751,1.6990662
47305,-0.36804199,-1.9136047,1.5444946
47306,-0.17837524,-1.9369507,1.665802
47307,-0.19973755,-2.0425415,1.5463257
47308,-0.20935059,-2.1942139,1.5176392
47309,-0.28076172,-2.2593689,1.6107178
47310,-0.067901611,-2.3565674,1.4196777
47311,-0.066986084,-2.1389771,1.5060425
47312,-0.037384033,-2.2224426,1.471405
47313,-0.003967285,-2.088623,1.4503479
47314,-0.030212402,-2.3025513,1.3516235
47315,0.1991272,-2.2233582,1.2608337
47316,0.26046753,-2.3420715,1.1862183
47317,0.2482605,-2.4452209,1.1479187
47318,0.3704834,-2.5178528,1.2251282
47319,0.49423218,-2.3612976,1.0972595
47320,0.45303345,-2.4560547,1.1579895
47321,0.45715332,-2.3712158,0.95046997
47322,0.55007935,-2.3754883,0.89172363
47323,0.52444458,-2.3835754,1.0267639
47324,0.56121826,-2.3547363,0.8480835
47325,0.8140564,-2.3298645,0.7623291
47326,0.64193726,-2.3353577,0.71533203
47327,0.71304321,-2.1903992,0.62347412
47328,0.74905396,-2.1250916,0.61828613
47329,0.79208374,-2.2106934,0.60943603
47330,0.87371826,-2.1640015,0.57617188
47331,0.9085083,-2.1908569,0.55267334
47332,0.9513855,-2.1131897,0.46569824
47333,0.95275879,-2.1321106,0.55755615
47334,0.98266602,-2.1102905,0.36956787
47335,0.96801758,-2.1728516,0.22644043
47336,1.0510254,-1.9584656,0.19622803
47337,0.97732544,-2.0532227,0.20645142
47338,1.0847473,-1.9717407,0.22155762
47339,1.1131287,-1.920166,-0.003204346
47340,1.227417,-1.9450378,0.065307617
47341,1.1161804,-1.9372559,0.045471191
47342,1.1865234,-1.8643188,0.093688965
47343,1.1946106,-1.6996765,0.017089844
47344,1.2780762,-1.9171143,-0.039367676
47345,1.2315369,-1.7803955,-0.37322998
47346,1.199646,-1.8035889,-0.2142334
47347,1.1746216,-1.6993713,-0.17684937
47348,1.0810852,-1.7329407,-0.16220093
47349,1.2527466,-1.6664124,-0.41946411
47350,1.1898804,-1.5258789,-0.42999268
47351,1.1860657,-1.4627075,-0.62774658
47352,1.1897278,-1.3354492,-0.50506592
47353,1.0592651,-1.3262939,-0.60897827
47354,1.3014221,-1.2002563,-0.59814453
47355,1.1787415,-1.0427856,-0.65704346
47356,1.1769104,-1.177063,-0.81863403
47357,1.3275146,-1.3204956,-0.67932129
47358,1.1650085,-1.1747742,-0.73654175
47359,0.99914551,-0.94787598,-0.84243774
47360,1.1575317,-1.0940552,-0.89096069
47361,1.3150024,-0.93933106,-0.80871582
47362,1.1605835,-0.94955444,-0.85906982
47363,1.0003662,-0.8972168,-0.87646484
47364,1.0816956,-0.76019287,-1.0493469
47365,1.158905,-0.80749512,-0.92254639
47366,1.0636902,-0.9777832,-1.03302
47367,0.95336914,-0.39794922,-1.2207031
47368,1.1195374,-0.5305481,-1.0745239
47369,0.96862793,-0.50079346,-0.95001221
47370,0.94741821,-0.46646118,-1.1647034
47371,0.79788208,-0.32913208,-1.2428284
47372,0.94055176,-0.30929565,-1.1611938
47373,0.87112427,-0.15090942,-1.2467957
47374,0.87677002,-0.095825195,-1.245575
47375,0.80123901,-0.2281189,-1.0932922
47376,0.82931519,-0.11993408,-1.2225342
47377,0.5847168,-0.43563843,-1.7849731
47378,0.48339844,-0.51696777,-1.3920593
47379,0.58624268,-0.32012939,-1.5557861
47380,0.35598755,-0.13900757,-1.4816284
47381,0.48904419,0.13763428,-1.5129089
47382,0.50445557,0.085906982,-1.4831543
47383,0.61401367,0.29525757,-1.4477539
47384,0.3326416,0.33477783,-1.4231873
47385,0.37826538,0.39169311,-1.3829041
47386,0.32562256,0.53741455,-1.3735962
47387,0.32592773,0.52001953,-1.3191223
47388,0.21331787,0.53726196,-1.375885
47389,0.14770508,0.51040649,-1.4672852
47390,-0.006103516,0.68115234,-1.3873291
47391,0.12374878,0.6086731,-1.2561035
47392,0.062866211,0.63354492,-1.3653564
47393,0.10742188,0.78735352,-1.2579346
47394,0.081787109,0.75958252,-1.1901855
47395,-0.20431519,0.77224731,-1.232605
47396,-0.32226563,0.86975098,-1.2350464
47397,-0.24551392,0.78186035,-1.1216736
47398,-0.33905029,0.78811646,-1.2252808
47399,-0.50460815,1.060791,-1.0873413
47400,-0.340271,1.0760498,-1.2205505
47401,-0.36514282,1.1186218,-1.2452698
47402,-0.36895752,1.2127686,-1.2374878
47403,-0.41763306,1.3114929,-1.3139343
47404,-0.44830322,1.3146973,-1.0321045
47405,-0.64910889,1.1711121,-1.0595703
47406,-0.79559326,1.0852051,-0.99273682
47407,-0.82458496,1.1172485,-0.91339111
47408,-0.78430176,1.1412048,-0.73822022
47409,-0.82885742,1.2541199,-0.9677124
47410,-1.0369873,1.330719,-0.68847656
47411,-0.96603394,1.4364624,-0.91018677
47412,-0.91156006,1.232605,-0.57815552
47413,-1.0083008,1.007843,-0.65170288
47414,-1.2327576,1.3835144,-0.49835205
47415,-1.1056519,1.2861633,-0.46127319
47416,-1.1419678,1.2527466,-0.43273926
47417,-1.2615967,1.3496399,-0.52764893
47418,-1.204071,1.3473511,-0.42114258
47419,-1.270752,1.3040161,-0.39459228
47420,-1.3969421,1.2646484,-0.33859253
47421,-1.4819336,1.2278748,-0.16525269
47422,-1.4610291,1.3871765,-0.24398804
47423,-1.6757202,0.97976685,-0.32791138
47424,-1.8760681,1.2301636,-0.096130371
47425,-1.6973877,1.2635803,-0.13946533
47426,-1.6679382,1.2644959,-0.00793457
47427,-1.7608643,1.244812,-0.10864258
47428,-1.7222595,1.184082,0.012664795
47429,-1.8252563,1.0977173,0.31402588
47430,-1.7765808,1.2133789,0.2583313
47431,-1.9485474,1.0632324,0.34408569
47432,-1.9741821,0.77484131,0.33843994
47433,-1.9622803,0.72753906,0.44494629
47434,-1.9508362,0.99655151,0.4888916
47435,-2.0571899,1.0083008,0.50094604
47436,-2.1136475,0.95306397,0.6539917
47437,-2.1199036,0.82061768,0.60836792
47438,-2.1466064,0.85784912,0.63796997
47439,-2.1438599,0.81253052,0.75958252
47440,-2.1548462,0.75469971,0.77392578
47441,-2.1929932,0.76812744,0.79116821
47442,-2.1878052,0.76354981,0.73791504
47443,-2.1101379,0.62759399,0.86257935
47444,-2.1676636,0.72463989,0.85250854
47445,-2.1800232,0.6173706,0.92681885
47446,-2.2109985,0.52825928,0.94894409
47447,-2.1517944,0.4548645,0.98968506
47448,-2.1130371,0.46447754,0.97351074
47449,-2.0597839,0.43792725,0.91125488
47450,-2.0991516,0.45959473,1.1470032
47451,-2.0265198,0.45516968,1.1662292
47452,-2.0578003,0.27175903,1.3336182
47453,-2.1266174,0.33294678,1.307373
47454,-2.2216797,0.1435852,1.3964844
47455,-2.0254517,0.19104004,1.340332
47456,-2.1456909,0.24353027,1.3272095
47457,-2.0648193,0.034484863,1.5544128
47458,-2.1473694,-0.12115479,1.5960693
47459,-2.1723938,-0.074768066,1.3575745
47460,-2.1536255,-0.15777588,1.5725708
47461,-2.0985413,-0.039978027,1.4802551
47462,-2.1316528,-0.36605835,1.7802429
47463,-2.0401001,-0.35125732,1.8019104
47464,-2.0170593,-0.50765991,1.9555664
47465,-1.9181824,-0.67901611,1.761322
47466,-2.0011902,-0.59875488,1.763916
47467,-2.0266724,-0.61691284,1.8014526
47468,-1.9778442,-0.76202393,1.7468262
47469,-1.9497681,-0.72067261,1.831665
47470,-1.9528198,-1.0617065,1.7572021
47471,-2.0521545,-1.0411072,1.8408203
47472,-1.7375183,-1.089325,1.9161987
47473,-1.6288757,-1.0676575,2.0227051
47474,-1.9458008,-0.89981079,2.0962524
47475,-1.8914795,-1.0794067,1.9758606
47476,-1.9104004,-1.2052917,2.1511841
47477,-1.7680359,-1.2513733,2.2120667
47478,-1.7163086,-1.10672,2.0935059
47479,-1.6281128,-1.2322998,2.0123291
47480,-1.3726807,-1.3764954,1.9458008
47481,-1.6642761,-1.2174988,1.9338989
47482,-1.3562012,-1.418457,1.8496704
47483,-1.4802551,-1.3047791,1.9972229
47484,-1.269989,-1.5846252,1.9641113
47485,-1.227417,-1.6551209,1.9137573
47486,-1.2640381,-1.7129517,1.8193054
47487,-1.184082,-1.7367554,1.8572998
47488,-1.0864258,-1.8264771,2.1720886
47489,-1.0401916,-1.8261719,1.985321
47490,-1.0183716,-1.9171143,2.1264648
47491,-0.97824097,-1.8911743,1.9493103
47492,-0.86410522,-1.7807007,1.9917297
47493,-0.77865601,-1.9134521,1.9763184
47494,-0.87463379,-1.9769287,1.9885254
47495,-0.74066162,-2.144928,2.0793152
47496,-0.60440063,-1.973877,1.8174744
47497,-0.54443359,-2.0043945,1.993103
47498,-0.49011231,-2.081604,1.8954468
47499,-0.49713135,-2.1742249,1.8127441
47500,-0.41885376,-2.3139954,1.7701721
47501,-0.43289185,-2.3539734,1.6792297
47502,-0.41229248,-2.4055481,1.7131042
47503,-0.33203125,-2.4108887,1.7425537
47504,-0.31738281,-2.3233032,1.4587402
47505,-0.20812988,-2.3126221,1.605835
47506,-0.16921997,-2.2729492,1.6134644
47507,-0.080718994,-2.3519897,1.5405273
47508,-0.018005371,-2.4003601,1.6247559
47509,0.12054443,-2.3893738,1.5228271
47510,0.095672607,-2.3678589,1.2654114
47511,0.23269653,-2.4516296,1.4292908
47512,0.10070801,-2.492981,1.4054871
47513,0.29907227,-2.3765564,1.3780212
47514,0.32974243,-2.2512817,1.2533569
47515,0.31936645,-2.2610474,1.1605835
47516,0.50369263,-2.3658752,0.92193603
47517,0.54473877,-2.406311,1.0314941
47518,0.5166626,-2.3751831,0.93643188
47519,0.57907104,-2.3649597,1.0372925
47520,0.6993103,-2.3551941,0.88195801
47521,0.52444458,-2.4832153,0.7661438
47522,0.64682007,-2.3234558,0.7862854
47523,0.67352295,-2.3092651,0.70129394
47524,0.72891235,-2.2877502,0.72158813
47525,0.67398071,-2.3432922,0.55877685
47526,0.86669922,-2.3905945,0.57891846
47527,0.77270508,-2.2364807,0.49224853
47528,0.70205688,-2.273407,0.48278809
47529,0.87661743,-2.2436523,0.54092407
47530,0.84960938,-2.1070862,0.37567139
47531,0.92193603,-2.2396851,0.41854858
47532,0.96054077,-2.0799255,0.28259277
47533,1.0319519,-1.9580078,0.16418457
47534,0.79605103,-1.9850159,0.23834228
47535,0.89309692,-1.8267822,0.19943237
47536,1.0830688,-1.9967651,0.18341065
47537,1.0675049,-2.0529175,0.074310303
47538,0.87463379,-1.9459534,-0.099487305
47539,1.0913086,-1.8408203,-0.26245117
47540,1.1755371,-1.8080139,-0.21087647
47541,1.3334656,-1.8664551,-0.31845093
47542,1.386261,-1.6557312,-0.36132813
47543,1.1135864,-1.57547,-0.45410156
47544,1.0783386,-1.7800903,-0.48721314
47545,1.2533569,-1.6693115,-0.37902832
47546,1.1418152,-1.4294434,-0.53817749
47547,1.2081909,-1.4855957,-0.51452637
47548,1.1845398,-1.4570618,-0.52520752
47549,1.2792969,-1.6082764,-0.67077637
47550,1.3989258,-1.3597107,-0.70281982
47551,1.4509583,-1.3168335,-0.68954468
47552,1.368103,-1.365509,-0.73196411
47553,1.3453674,-1.1601257,-0.75317383
47554,1.2353516,-1.0977173,-0.6477356
47555,1.3581848,-1.1495972,-0.91461182
47556,1.1625671,-1.0243225,-0.88867188
47557,1.2841797,-0.98449707,-0.84228516
47558,1.260376,-0.83938599,-0.98510742
47559,1.3592529,-0.90820313,-0.92193603
47560,1.2623596,-0.75408935,-1.1032104
47561,1.3046265,-0.63293457,-1.2055969
47562,1.2202454,-0.55618286,-1.2345886
47563,1.230011,-0.41198731,-1.0951233
47564,1.0079956,-0.42602539,-1.1221313
47565,1.0552979,-0.55664063,-1.1355591
47566,0.96664429,-0.39703369,-1.2399292
47567,1.003418,-0.33126831,-1.1459351
47568,0.98098755,-0.28640747,-1.2788391
47569,0.84320068,-0.31005859,-1.2608337
47570,0.83480835,-0.06362915,-1.388855
47571,0.97015381,-0.12405395,-1.2986755
47572,0.98648071,-0.061035156,-1.545105
47573,0.70404053,0.063323975,-1.4633179
47574,0.60729981,-0.37734985,-1.7471313
47575,0.12313843,-0.44570923,-1.6726685
47576,0.48217773,-0.26809692,-1.8623352
47577,0.63552856,0.040588379,-1.5101624
47578,0.51742554,0.22949219,-1.2908936
47579,0.53222656,0.32196045,-1.2783813
47580,0.48995972,0.31387329,-1.262207
47581,0.4460144,0.32775879,-1.368103
47582,0.39901733,0.36941528,-1.3447571
47583,0.37002564,0.48995972,-1.3391113
47584,0.13427734,0.65063477,-1.4578247
47585,0.48446655,0.59524536,-1.4430237
47586,0.26733398,0.61645508,-1.2910461
47587,0.22064209,0.65002441,-1.3565063
47588,0.094909668,0.64788818,-1.3110352
47589,0.18096924,0.83862305,-1.3438416
47590,0.048370361,0.98144531,-1.308136
47591,-0.080566406,0.99121094,-1.3180542
47592,-0.1512146,0.98556519,-1.3500977
47593,-0.074310303,0.88439941,-1.368103
47594,-0.2104187,0.98144531,-1.3877869
47595,-0.43029785,0.93994141,-1.3348389
47596,-0.35095215,1.005249,-1.3882446
47597,-0.35247803,0.94894409,-1.2303162
47598,-0.55877685,0.98144531,-1.1042786
47599,-0.41091919,1.1097717,-1.18927
47600,-0.58410644,1.1723328,-1.1418152
47601,-0.74691772,1.1294556,-1.0241699
47602,-0.75988769,1.2124634,-0.94650269
47603,-0.76522827,1.2628174,-0.990448
47604,-0.99517822,1.2319946,-0.99655151
47605,-0.80261231,1.2452698,-1.086731
47606,-0.84091187,1.2286377,-0.87722778
47607,-1.1529541,1.383667,-1.0295105
47608,-1.1889648,1.4880371,-0.86868286
47609,-1.2384033,1.4761353,-0.74111938
47610,-1.153717,1.4445496,-0.65505981
47611,-1.2939453,1.4189148,-0.72860718
47612,-1.3031006,1.3522339,-0.65948486
47613,-1.3212585,1.1975098,-0.60180664
47614,-1.421814,1.2051392,-0.45974731
47615,-1.4587402,1.3502502,-0.50872803
47616,-1.4970398,1.3623047,-0.38192749
47617,-1.4486694,1.4064026,-0.30075073
47618,-1.4317322,1.4161682,-0.2381897
47619,-1.3322449,1.3320923,-0.20751953
47620,-1.496582,1.524353,-0.23956299
47621,-1.6973877,1.3954163,-0.2192688
47622,-1.6363525,1.3874817,-0.1802063
47623,-1.6851807,1.4422607,-0.087280273
47624,-1.7362976,1.1805725,-0.083465576
47625,-1.7411804,1.1708069,0.02243042
47626,-1.7759705,1.2530518,0.10742188
47627,-1.8664551,1.0447693,0.047454834
47628,-1.9194031,1.318512,0.20996094
47629,-1.9923401,1.3166809,0.31387329
47630,-2.088623,1.0302734,0.25650024
47631,-2.1109009,0.95077515,0.2331543
47632,-2.1469116,1.3664246,0.37322998
47633,-2.1510315,1.3800049,0.49026489
47634,-2.1542358,1.1825562,0.38772583
47635,-2.1723938,1.0920715,0.54870606
47636,-2.2702026,1.2036133,0.65536499
47637,-2.3294067,0.97900391,0.62316894
47638,-2.2454834,0.99395752,0.52886963
47639,-2.1609497,1.0171509,0.78872681
47640,-2.0414734,0.63293457,0.73165894
47641,-2.1708679,0.85113525,0.81390381
47642,-2.3083496,0.93444824,0.90393066
47643,-2.4949646,0.75088501,0.91583252
47644,-2.1408081,0.57373047,1.0496521
47645,-2.2511292,0.45791626,1.1462402
47646,-2.2254944,0.5480957,1.1090088
47647,-2.3225403,0.46798706,1.0702515
47648,-2.6599121,0.49026489,1.3085938
47649,-2.6229858,0.42205811,1.2979126
47650,-2.3945618,0.49453735,1.4266968
47651,-2.2955322,0.48187256,1.3308716
47652,-2.3013306,0.17852783,1.3261414
47653,-2.3486328,0.15197754,1.414032
47654,-2.339325,-0.087432861,1.5145874
47655,-2.497406,-0.14526367,1.3192749
47656,-2.386322,-0.11962891,1.4691162
47657,-2.5512695,-0.12619019,1.6358948
47658,-2.40448,-0.29174805,1.555481
47659,-2.7001953,-0.28930664,1.6749573
47660,-2.1133423,-0.28747559,1.5545654
47661,-2.1957397,-0.36895752,1.8247986
47662,-1.7687988,-0.50582886,1.7079163
47663,-1.92276,-0.53039551,1.6456604
47664,-2.0079041,-0.46356201,1.7318726
47665,-1.9058228,-0.51010132,1.7848206
47666,-1.8742371,-0.48614502,1.8577576
47667,-2.0294189,-0.53390503,1.7590332
47668,-1.9128418,-0.65734863,1.8484497
47669,-1.8809509,-0.6262207,1.9497681
47670,-1.9680786,-0.77011108,2.0922852
47671,-1.730957,-1.0293579,1.762085
47672,-1.7150879,-1.0774231,1.7605591
47673,-1.6107178,-0.96939087,2.0126343
47674,-1.6668701,-0.90423584,2.0541382
47675,-1.6636658,-1.2246704,1.8884277
47676,-2.3876953,-1.3656616,2.0553589
47677,-1.668396,-1.423645,2.1098328
47678,-1.9720459,-1.4123535,2.0414734
47679,-1.1445618,-1.4569092,2.1499634
47680,-2.1356201,-1.4888,1.8466187
47681,-1.8722534,-1.5335083,2.0166016
47682,-1.6325378,-1.6210938,1.9837952
47683,-1.6088867,-1.7152405,1.7855835
47684,-1.4825439,-1.6903687,1.8490601
47685,-1.2896729,-1.6841125,2.1792603
47686,-1.1381531,-1.6737366,1.9136047
47687,-1.1569214,-1.5859985,1.9949341
47688,-0.96130371,-1.7811584,1.9244385
47689,-0.97518921,-1.754303,1.854248
47690,-1.031189,-1.8295288,1.7298889
47691,-0.90484619,-1.9441223,1.7089844
47692,-0.67352295,-2.0632935,1.6424561
47693,-0.75302124,-1.9403076,2.0300293
47694,-0.74707031,-2.1032715,1.7218018
47695,-0.53756714,-2.1888733,1.7651367
47696,-0.53634644,-2.1673584,1.8106079
47697,-0.65933228,-2.2669983,1.7790222
47698,-0.60165405,-2.0303345,1.9792175
47699,-0.42572022,-2.1113586,1.6635132
47700,-0.29037476,-2.1328735,1.6506958
47701,-0.14663696,-2.2827148,1.4801025
47702,-0.28564453,-2.1147156,1.6520691
47703,-0.20492554,-2.4087524,1.6133118
47704,-0.24124145,-2.1656799,1.6146851
47705,-0.092468262,-2.2662354,1.4115906
47706,0.014953613,-2.2079468,1.4407349
47707,0.061035156,-2.2323608,1.446991
47708,0.11810303,-2.364502,1.4289856
47709,0.1361084,-2.4891663,1.3934326
47710,0.2130127,-2.5369263,1.4006042
47711,0.21194458,-2.4511719,1.2559509
47712,0.19302368,-2.2589111,1.2960815
47713,0.19744873,-2.3007202,1.2733459
47714,0.12939453,-2.4009705,1.1816406
47715,0.44265747,-2.3736572,1.0832214
47716,0.30441284,-2.4214172,1.0266113
47717,0.37384033,-2.1104431,1.0690308
47718,0.36239624,-2.2332764,1.1225891
47719,0.44555664,-2.2360229,0.93917847
47720,0.33859253,-2.2019958,0.91888428
47721,0.49255371,-2.3005676,0.87539673
47722,0.53390503,-2.4710083,0.79315185
47723,0.55038452,-2.2938538,0.69458008
47724,0.75759888,-2.2331238,0.73623657
47725,0.9286499,-2.2390747,0.60653687
47726,0.88394165,-2.2624207,0.47180176
47727,0.71899414,-2.1029663,0.46401978
47728,0.94573975,-2.1707153,0.31982422
47729,1.0673523,-2.2006226,0.39901733
47730,1.1045837,-2.2079468,0.27679443
47731,1.0586548,-2.1279907,0.32669067
47732,0.98175049,-2.0146179,0.15686035
47733,1.2635803,-2.1917725,0.088195801
47734,1.116333,-2.0042419,0.076141357
47735,1.1264038,-1.8969727,0.080871582
47736,1.1578369,-1.884613,-0.051727295
47737,1.1221313,-2.0550537,-0.088500977
47738,1.197052,-1.8922424,-0.16265869
47739,1.3082886,-1.7131042,-0.16159058
47740,1.1309814,-1.7364502,-0.19866943
47741,1.1048889,-1.6491699,-0.14480591
47742,1.2191772,-1.7489624,-0.27511597
47743,1.194458,-1.9107056,-0.16601563
47744,1.1331177,-1.7329407,-0.2281189
47745,1.427002,-1.6072083,-0.43365478
47746,1.40625,-1.492157,-0.51391602
47747,1.3461304,-1.6072083,-0.60089111
47748,1.0894775,-1.4884949,-0.45211792
47749,1.254425,-1.4903259,-0.53253174
47750,1.3098145,-1.3305664,-0.79162598
47751,1.1401367,-1.3298035,-0.68954468
47752,1.2321472,-1.365509,-0.88256836
47753,1.2702942,-1.2542725,-0.71014404
47754,1.3079834,-1.2715149,-0.76370239
47755,1.1380005,-1.1018372,-0.97503662
47756,1.2295532,-1.1982727,-0.84671021
47757,1.1439514,-0.92178345,-0.89660644
47758,1.121521,-0.87219238,-0.92910767
47759,1.1227417,-0.82458496,-1.031189
47760,1.1657715,-0.77529907,-0.9085083
47761,1.3058472,-0.66558838,-0.97808838
47762,1.2533569,-0.70785522,-1.0168457
47763,1.0113525,-0.67306519,-1.1654663
47764,1.0028076,0.64712524,-1.2097168
47765,1.0137939,-0.41534424,-1.0830688
47766,0.92559815,-0.2583313,-1.1608887
47767,0.78048706,-0.33599853,-1.2330627
47768,0.87753296,-0.13824463,-1.151123
47769,0.95703125,-0.1550293,-1.1740112
47770,0.81420898,-0.070343018,-1.3719177
47771,0.86578369,-0.004882813,-1.2788391
47772,0.84274292,-0.25421143,-1.3171387
47773,0.78811646,-0.22094727,-1.030426
47774,0.64086914,-0.083007813,-1.3639832
47775,0.43807983,-0.36926269,-1.5693665
47776,0.47744751,-0.038452148,-1.2609863
47777,0.62088013,0.15090942,-1.3543701
47778,0.4850769,0.17745972,-1.315155
47779,0.40130615,0.34698486,-1.2763977
47780,0.36743164,0.40588379,-1.3911438
47781,0.44830322,0.41229248,-1.2773132
47782,0.33905029,0.34454346,-1.2831116
47783,0.28579712,0.37979126,-1.4202881
47784,0.22918701,0.49468994,-1.3066101
47785,0.29602051,0.59631348,-1.3298035
47786,0.12390137,0.59753418,-1.3502502
47787,-0.005950928,0.74172974,-1.3282776
47788,0.1411438,0.69198608,-1.2667847
47789,-0.001068115,0.77331543,-1.2886047
47790,-0.020599365,0.92376709,-1.3137817
47791,-0.089111328,1.0687256,-1.2812805
47792,-0.12527466,1.1071777,-1.0754395
47793,-0.33218384,1.0733032,-1.2930298
47794,-0.33691406,1.0243225,-1.0748291
47795,-0.39337158,1.0365295,-1.0369873
47796,-0.46920776,0.89431763,-1.000061
47797,-0.50094604,0.8795166,-1.0227966
47798,-0.60821533,1.192627,-0.94909668
47799,-0.64697266,1.0348511,-0.84655762
47800,-0.65597534,1.1091614,-0.87783813
47801,-0.68969727,1.1346436,-0.8581543
47802,-0.7043457,1.1474609,-0.86639404
47803,-0.73074341,1.1224365,-0.7409668
47804,-0.75454712,1.2025452,-0.71578979
47805,-0.7762146,1.1976624,-0.62103272
47806,-0.89187622,1.2078857,-0.55664063
47807,-0.95886231,1.2658691,-0.65063477
47808,-0.98114014,1.3182068,-0.63720703
47809,-1.0183716,1.2426758,-0.6564331
47810,-1.1904907,1.1763,-0.57571411
47811,-1.1653137,1.1819458,-0.5871582
47812,-1.2336731,1.2194824,-0.56884766
47813,-1.2716675,1.1833191,-0.54367065
47814,-1.3555908,1.1975098,-0.55053711
47815,-1.4190674,1.1135864,-0.54473877
47816,-1.7132568,0.69366455,-0.73898315
47817,-1.633606,1.2179565,-0.53070068
47818,-1.4093018,1.1824036,-0.22979736
47819,-1.5785217,1.3015747,-0.051727295
47820,-1.7619324,1.4703369,-0.12817383
47821,-1.8212891,1.3188171,-0.097351074
47822,-1.8528748,1.2304688,0.006866455
47823,-1.8243408,1.3444519,0.003509521
47824,-1.8664551,1.2882996,-0.04776001
47825,-1.8266296,1.265564,0.15380859
47826,-1.8815613,1.3404846,0.2180481
47827,-1.7663574,1.1242676,0.19226074
47828,-1.9830322,1.038208,0.053710938
47829,-1.8025208,1.0165405,0.27053833
47830,-1.9866943,2.1646118,0.28594971
47831,-1.8910217,0.94924927,0.53253174
47832,-1.9671631,0.87921143,0.34988403
47833,-1.9598389,0.87783813,0.44570923
47834,-2.0042419,0.96923828,0.52215576
47835,-1.9309998,0.94284058,0.68115234
47836,-1.714325,0.82244873,0.61233521
47837,-2.0230103,0.88577271,0.68237305
47838,-1.8676758,0.85769653,0.71914673
47839,-2.089386,0.73867798,0.76187134
47840,-2.2087097,0.80749512,0.77407837
47841,-2.0227051,0.69168091,0.54718018
47842,-2.0671082,0.51300049,0.97976685
47843,-1.973114,0.38024902,0.91186523
47844,-2.0355225,0.55023193,0.88973999
47845,-1.9761658,0.19973755,1.040802
47846,-2.069397,0.18554688,1.1390686
47847,-2.1652222,0.25817871,1.1506653
47848,-2.0581055,0.32852173,1.1289978
47849,-1.9277954,0.072174072,1.2304688
47850,-2.223053,0.16372681,1.2030029
47851,-2.1687317,0.29495239,1.1079407
47852,-2.0175171,0.10925293,1.2811279
47853,-1.945343,0.13183594,1.3412476
47854,-2.1029663,-0.059356689,1.4373779
47855,-2.0695496,-0.23773193,1.4242554
47856,-2.1565247,-0.13656616,1.3873291
47857,-1.832428,-0.1473999,1.4343262
47858,-2.2158813,-0.22003174,1.410675
47859,-2.0370483,-0.33157349,1.6297913
47860,-1.9369507,-0.53741455,1.4953613
47861,-2.2903442,-0.43106079,1.6395569
47862,-2.0233154,-0.75057983,1.7341614
47863,-2.0956421,-0.66757202,1.5750122
47864,-2.0448303,-0.76797485,1.6142273
47865,-1.9277954,-0.65872192,1.8449402
47866,-1.8840027,-0.81497192,1.6784668
47867,-1.8682861,-0.77850342,1.811676
47868,-1.6674805,-0.83297729,1.789856
47869,-1.8591309,-1.0205078,1.7944336
47870,-1.9519043,-0.9841919,1.8510437
47871,-1.8115234,-1.0162354,1.8615723
47872,-2.0140076,-0.87982178,2.0120239
47873,-1.4375305,-1.071167,1.8070984
47874,-1.7071533,-1.1906433,1.8060303
47875,-1.5101624,-1.4544678,1.7811584
47876,-1.5515137,-1.3679504,1.7175293
47877,-1.2297058,-1.529541,1.7497253
47878,-1.2792969,-1.6125488,1.6766357
47879,-1.31073,-1.5046692,1.9213867
47880,-1.0359192,-1.5499878,1.914978
47881,-1.2269592,-1.6429138,1.8035889
47882,-1.3000488,-1.6517639,1.7320251
47883,-1.2806702,-1.6316223,1.7390442
47884,-1.1383057,-1.5441895,1.7681885
47885,-0.88790894,-1.4723206,1.9381714
47886,-0.76828003,-1.5663147,1.844635
47887,-0.84136963,-1.7655945,1.9587708
47888,-0.70098877,-1.844635,1.9235229
47889,-0.79269409,-1.7526245,1.656189
47890,-0.71289063,-1.9865417,2.01828
47891,-0.76324463,-2.0043945,1.7034912
47892,-0.62545776,-2.2599792,1.8502808
47893,-0.55999756,-1.9918823,1.9203186
47894,-0.49057007,-2.1765137,1.8444824
47895,-0.41213989,-2.2561646,1.697998
47896,-0.48980713,-2.1069336,1.4550781
47897,-0.26870728,-2.0187378,1.6220093
47898,-0.37979126,-2.0782471,1.6610718
47899,-0.12374878,-2.3687744,1.486969
47900,-0.23773193,-2.1685791,1.497345
47901,-0.13854981,-2.4046326,1.4811707
47902,-0.1524353,-2.1508789,1.4620972
47903,-0.096740723,-2.240448,1.4356995
47904,-0.02243042,-2.2549438,1.2637329
47905,0.095825195,-2.2247314,1.4382935
47906,0.19805908,-2.2564697,1.3339233
47907,0.20889282,-2.2689819,1.2435913
47908,0.17318726,-2.2640991,1.1738586
47909,0.24490356,-2.3403931,1.1000061
47910,0.24368286,-2.1992493,1.0449219
47911,0.29251099,-2.2451782,0.98648071
47912,0.35293579,-2.2372437,0.96115112
47913,0.42297363,-2.1876526,0.94345093
47914,0.41564941,-2.2871399,0.96328735
47915,0.52993774,-2.1141052,0.86639404
47916,0.48126221,-2.1887207,0.91888428
47917,0.57388306,-2.2079468,0.95123291
47918,0.56503296,-2.2941589,0.67840576
47919,0.4850769,-2.2871399,0.68359375
47920,0.67352295,-2.2341919,0.63522339
47921,0.70602417,-2.1847534,0.53863525
47922,0.66101074,-1.9210815,0.58547974
47923,0.72570801,-2.1081543,0.46020508
47924,0.74539185,-2.1807861,0.40618897
47925,0.76141357,-2.063446,0.29251099
47926,0.84655762,-2.1835327,0.32669067
47927,0.92254639,-2.0056152,0.2935791
47928,0.96282959,-1.90979,0.21850586
47929,0.8996582,-1.8753052,0.2355957
47930,0.91156006,-1.8710327,0.088195801
47931,1.0313416,-1.8132019,0.00213623
47932,0.95779419,-1.852417,0.14968872
47933,1.0166931,-1.966095,0.064697266
47934,1.0916138,-1.7695618,-0.10650635
47935,1.0046387,-1.698761,-0.10482788
47936,1.0762024,-1.764679,-0.16098023
47937,1.0568237,-1.7773438,-0.2267456
47938,1.1547852,-1.8148804,-0.30197144
47939,1.1946106,-1.7056274,-0.18783569
47940,1.1824036,-1.6748047,-0.45028686
47941,1.0957336,-1.5985107,-0.26412964
47942,1.071167,-1.3667297,-0.26046753
47943,1.114502,-1.3929749,-0.39627075
47944,1.3343811,-1.4175415,-0.49621582
47945,1.1230469,-1.4390564,-0.4850769
47946,1.0122681,-1.293335,-0.62133789
47947,0.95977783,-1.282196,-0.53222656
47948,1.1117554,-1.212616,-0.52276611
47949,0.8984375,-1.159668,-0.43197632
47950,1.1846924,-1.342926,-0.71594238
47951,1.0404968,-1.10672,-0.85021973
47952,1.0710144,-1.1164856,-0.77697754
47953,1.0856628,-1.0855103,-0.91567993
47954,1.0441589,-1.0018921,-0.80734253
47955,1.09375,-0.94772339,-0.85906982
47956,0.9815979,-0.90484619,-0.90164185
47957,0.90362549,-0.92025757,-0.94284058
47958,0.95230103,-0.78308106,-0.99761963
47959,0.93566894,-0.51055908,-1.0662842
47960,0.93307495,-0.54046631,-1.0716248
47961,0.88439941,-0.55343628,-1.0910034
47962,0.84289551,1.287384,-1.3015747
47963,0.78918457,-0.31143189,-1.0430908
47964,0.72174072,-0.37811279,-1.1302185
47965,0.78720093,-0.23376465,-1.2106323
47966,0.86303711,-0.11108398,-1.1367798
47967,0.7258606,-0.12176514,-1.1602783
47968,0.80474853,0.007629395,-1.0527039
47969,0.67306519,-0.098571777,-1.3032532
47970,0.65292358,0.057373047,-1.2210083
47971,0.59692383,-0.30715942,-1.3189697
47972,0.44952393,-0.031738281,-1.4590454
47973,0.46142578,-0.043792725,-1.4694214
47974,0.47363281,0.32821655,-0.85083008
47975,0.47973633,0.32470703,-1.10672
47976,0.49682617,0.24169922,-1.1578369
47977,0.19546509,0.25604248,-1.1846924
47978,0.23849487,0.30090332,-1.3751221
47979,0.085906982,0.53955078,-1.126709
47980,0.24795532,0.44265747,-1.2231445
47981,0.073547363,0.49240112,-1.2475586
47982,0.11978149,0.37750244,-1.204071
47983,0.15075684,0.56427002,-1.204834
47984,-0.045776367,0.61950684,-1.3685608
47985,-0.15167236,0.70571899,-1.3179016
47986,-0.18035889,0.76293945,-1.2428284
47987,-0.32287598,0.58853149,-1.1856079
47988,-0.27008057,0.85464478,-1.2329102
47989,-0.24169922,0.68115234,-1.1465454
47990,-0.27313232,0.93215942,-1.1779785
47991,-0.29205322,0.97412109,-1.1352539
47992,-0.33279419,0.98312378,-1.0395813
47993,-0.47851563,0.99304199,-0.97213745
47994,-0.59326172,0.92971802,-0.91049194
47995,-0.60638428,0.99655151,-1.0081482
47996,-0.60363769,1.0597229,-0.9967041
47997,-0.72372437,1.0021973,-0.987854
47998,-0.66589356,1.1097717,-1.0064697
47999,-0.91781616,0.92086792,-0.79177856
48000,-0.79116821,1.1172485,-0.86975098
48001,-0.77270508,0.97381592,-0.80505371
48002,-0.94818115,1.0948181,-0.75408935
48003,-0.8694458,0.9526062,-0.63171387
48004,-0.94818115,1.0258484,-0.53863525
48005,-1.007843,1.083374,-0.4586792
48006,-1.0949707,1.2875366,-0.42724609
48007,-1.0925293,1.2266541,-0.48202515
48008,-1.3021851,1.1616516,-0.37322998
48009,-1.257019,1.269989,-0.29373169
48010,-1.6108704,1.0534668,-0.32745361
48011,-1.4916992,0.95916748,-0.45059204
48012,-1.751709,0.77056885,-0.66513062
48013,-1.5202332,0.68313599,-0.2923584
48014,-1.6349792,0.87554932,-0.26580811
48015,-1.5531921,1.0157776,-0.18951416
48016,-1.3420105,1.0638428,-0.18844605
48017,-1.4501953,1.1895752,0.068817139
48018,-1.5306091,1.1749268,0.10681152
48019,-1.5678406,1.0507202,-0.028991699
48020,-1.6915894,0.97076416,0.18463135
48021,-1.6764832,1.0043335,0.15106201
48022,-1.7962646,1.0514832,0.26123047
48023,-1.8536377,0.78048706,0.34011841
48024,-1.7440796,0.90301514,0.41778564
48025,-1.6941834,1.1593628,0.40893555
48026,-1.9329834,0.78567505,0.40237427
48027,-1.9494629,0.68328857,0.41809082
48028,-1.9119263,2.2416687,0.59539795
48029,-1.730957,0.85952759,0.54794312
48030,-1.7973328,0.83786011,0.53344727
48031,-1.9207764,0.83770752,0.41320801
48032,-1.8763733,0.70831299,0.6149292
48033,-1.9311523,0.83740234,0.68069458
48034,-1.8237305,0.71502685,0.7460022
48035,-1.8630981,0.76293945,0.70358276
48036,-2.0135498,0.69610596,0.91262817
48037,-2.0375061,0.55480957,0.99197388
48038,-2.1282959,0.496521,1.0176086
48039,-2.0037842,0.4032898,0.76416016
48040,-2.3808289,0.44921875,1.1437988
48041,-2.197876,0.40771484,1.0452271
48042,-2.283783,0.24810791,1.1761475
48043,-2.1498108,0.31234741,1.1073303
48044,-2.4101257,0.37124634,1.1737061
48045,-2.0303345,0.13885498,1.2709045
48046,-2.03125,-0.30014038,1.3179016
48047,-2.1054077,-0.08682251,1.1634827
48048,-2.2306824,0.068054199,1.4135742
48049,-2.0222473,-0.13275147,1.28479
48050,-2.1569824,-0.17654419,1.3923645
48051,-2.1107483,-0.20584106,1.5222168
48052,-2.0896912,-0.38619995,1.4360046
48053,-2.0288086,-0.37139893,1.5084839
48054,-1.8893433,-0.26824951,1.5333557
48055,-1.726532,-0.26580811,1.6352844
48056,-1.7987061,-0.47973633,1.5203857
48057,-1.6062927,-0.57540894,1.4982605
48058,-1.7367554,-0.62240601,1.4152527
48059,-1.6067505,-0.63919067,1.6586304
48060,-1.557312,-0.72540283,1.6589355
48061,-1.7721558,-0.61050415,1.7062378
48062,-1.8928528,-0.79391479,1.8487549
48063,-1.7419434,-0.79544067,1.8074036
48064,-1.6333008,-0.97808838,1.8257141
48065,-1.6543579,-1.2231445,1.7848206
48066,-1.7495728,-1.2443542,1.7327881
48067,-1.4239502,-1.2490845,1.7481995
48068,-1.6111755,-1.4279175,1.7149353
48069,-1.5475464,-1.0771179,1.8395996
48070,-1.633606,-1.1560059,1.7349243
48071,-1.3856506,-1.2295532,1.6622925
48072,-1.2548828,-1.209259,1.7028809
48073,-1.4698791,-1.5606689,1.7897034
48074,-1.5550232,-1.62323,1.7385864
48075,-1.7355347,-1.4489746,1.791687
48076,-1.3496399,-1.6366577,1.5872192
48077,-1.5585327,-1.5908813,1.7041016
48078,-1.1001587,-1.5229797,1.8658447
48079,-0.89172363,-1.6403198,1.7401123
48080,-0.95443726,-1.647644,1.7442322
48081,-1.0783386,-1.7089844,1.7100525
48082,-0.92590332,-1.8284607,1.6667175
48083,-0.91094971,-1.8330383,1.8197632
48084,-0.78399658,-1.8180847,1.5660095
48085,-0.58441162,-1.7578125,1.7541504
48086,-0.5809021,-1.8070984,1.7645264
48087,-0.68206787,-1.7123413,1.8423462
48088,-0.71426392,-1.9338989,1.7684937
48089,-0.64437866,-1.9740295,1.7749023
48090,-0.625,-2.0372009,1.7141724
48091,-0.47271728,-1.9393921,1.5591431
48092,-0.30090332,-1.9320679,1.6262817
48093,-0.34881592,-2.0046997,1.5505981
48094,-0.26229858,-2.04422,1.5065002
48095,-0.28060913,-1.9668579,1.4851379
48096,-0.22644043,-2.0092773,1.2927246
48097,-0.16204834,-2.2325134,1.3427734
48098,-0.11428833,-2.1908569,1.3600159
48099,0.015869141,-2.2116089,1.2640381
48100,0.068817139,-2.2290039,1.2257385
48101,0.044403076,-1.9906616,1.1955261
48102,0.079650879,-1.987915,1.2295532
48103,0.12619019,-2.0124817,1.264801
48104,0.26489258,-2.0759583,1.1547852
48105,0.2494812,-2.089386,1.1164856
48106,0.26367188,-2.0793152,1.1332703
48107,0.34744263,-2.0988464,1.0223389
48108,0.37109375,-2.1289063,0.99975586
48109,0.39871216,-2.3652649,1.0194397
48110,0.39398193,-2.3414612,0.94589233
48111,0.42907715,-2.3556519,0.8732605
48112,0.47943115,-2.2773743,0.73608398
48113,0.60729981,-2.2589111,0.69000244
48114,0.53253174,-2.2354126,0.74417114
48115,0.5960083,-1.9807434,0.4057312
48116,0.75317383,-1.9064331,0.49209595
48117,0.58563232,-1.9857788,0.49057007
48118,0.7270813,-1.9161987,0.47485352
48119,0.8215332,-1.920166,0.33401489
48120,0.69915772,-1.9750977,0.29708862
48121,0.72998047,-2.0292664,0.2923584
48122,0.90011597,-1.7643738,0.27175903
48123,1.0079956,-1.8231201,0.17929077
48124,0.81817627,-1.5873718,0.13687134
48125,1.0339355,-1.696167,-0.1210022
48126,1.0174561,-1.8196106,-0.008239746
48127,1.0227966,-1.7814636,0.051269531
48128,1.2167358,-1.6998291,-0.016326904
48129,1.0293579,-1.6471863,0.016174316
48130,1.1581421,-1.8054199,0.048522949
48131,1.0310364,-1.625061,-0.1739502
48132,1.2004089,-1.6444397,-0.33370972
48133,1.2747192,-1.6551209,-0.2696228
48134,0.94009399,-1.7150879,-0.27435303
48135,1.1094666,-1.6268921,-0.5305481
48136,1.0029602,-1.4559937,-0.48675537
48137,1.0400391,-1.2980652,-0.4598999
48138,1.1898804,-1.3270569,-0.34362793
48139,1.1207581,-1.4639282,-0.47836304
48140,1.0514832,-1.2393188,-0.51940918
48141,1.0742188,-1.2243652,-0.79940796
48142,1.1672974,-1.1062622,-0.70510864
48143,1.0595703,-1.051178,-0.59738159
48144,1.1772156,-0.8493042,-0.70892334
48145,1.0380554,-0.77209473,-0.56137085
48146,0.87051392,-0.55755615,-0.75805664
48147,0.7472229,-0.73364258,-0.78079224
48148,0.82336426,-0.59570313,-0.85235596
48149,0.93170166,-0.63583374,-0.92773438
48150,0.94390869,-0.66864014,-0.86883545
48151,0.94192505,-0.61508179,-0.98968506
48152,0.98968506,-0.74447632,-1.0598755
48153,1.020813,-0.54519653,-1.0736084
48154,0.91491699,-0.46630859,-1.0108948
48155,0.94146728,-0.54443359,-1.1352539
48156,0.92529297,-0.50109863,-0.96664429
48157,0.95840454,-0.26260376,-1.2174988
48158,0.76522827,-0.28717041,-1.3243103
48159,0.86791992,-0.2822876,-1.1210632
48160,0.73471069,-0.032196045,-1.1514282
48161,0.65582275,-0.11566162,-1.053772
48162,0.65994263,-0.17715454,-1.0250854
48163,0.70480347,-0.13015747,-1.2109375
48164,0.67321777,-0.080871582,-1.0694885
48165,0.53314209,0.10803223,-1.204071
48166,0.39505005,-0.14221191,-1.4736938
48167,0.38742065,0.10925293,-1.4666748
48168,0.37719727,0.048370361,-1.3543701
48169,0.33035278,0.10772705,-1.2684631
48170,0.31341553,0.23849487,-1.3783264
48171,0.29922485,0.25665283,-1.4654541
48172,0.38833618,0.44555664,-1.1962891
48173,0.262146,0.33050537,-1.2617493
48174,0.2507019,0.45501709,-1.2506104
48175,0.17425537,0.53955078,-1.2077332
48176,0.13885498,0.58761597,-1.2039185
48177,0.15365601,0.67138672,-1.0749817
48178,0.062255859,0.5821228,-1.1598206
48179,-0.041503906,0.67947388,-1.1724854
48180,-0.16159058,0.6552124,-1.1201477
48181,-0.23757935,0.78811646,-1.0508728
48182,-0.28244019,0.85678101,-0.9854126
48183,-0.30517578,0.67230225,-0.97976685
48184,-0.34576416,0.68450928,-0.962677
48185,-0.37368774,0.77713013,-1.1329651
48186,-0.48828125,0.88607788,-1.1662292
48187,-0.60836792,0.93292236,-1.0098267
48188,-0.59326172,1.0546875,-0.97747803
48189,-0.58410644,1.1930847,-0.93688965
48190,-0.78842163,1.1148071,-0.74417114
48191,-0.77194214,1.0546875,-0.70739746
48192,-0.76156616,1.0467529,-0.72967529
48193,-0.86090088,0.91430664,-0.77697754
48194,-0.91751099,1.0357666,-0.63644409
48195,-0.95291138,1.1210632,-0.53833008
48196,-0.9689331,1.1508179,-0.70510864
48197,-0.97335815,1.0826111,-0.53817749
48198,-1.0263062,1.1016846,-0.47332764
48199,-1.078186,1.0507202,-0.51879883
48200,-1.2016296,1.0351563,-0.44372559
48201,-1.0783386,0.87249756,-0.56930542
48202,-1.2702942,0.91003418,-0.46020508
48203,-1.3009644,1.1514282,-0.52520752
48204,-1.3253784,1.0296631,-0.29113769
48205,-1.4247131,1.0917664,-0.20019531
48206,-1.4117432,1.1024475,-0.15686035
48207,-1.5464783,1.1984253,-0.11428833
48208,-1.8916321,0.96801758,-0.30715942
48209,-1.5493774,1.0769653,-0.14434815
48210,-1.5238953,1.2210083,-0.08972168
48211,-1.546936,1.2460327,-0.027618408
48212,-1.6395569,1.1520386,0.21316528
48213,-1.559906,0.97015381,0.050964355
48214,-1.7718506,1.0134888,0.13397217
48215,-1.678009,1.0308838,0.22796631
48216,-1.7733765,1.1732483,0.33111572
48217,-1.8165588,0.99746704,0.32867432
48218,-1.7530823,0.84152222,0.36972046
48219,-1.8008423,0.84533691,0.45806885
48220,-1.9248962,0.9173584,0.37963867
48221,-2.0318604,0.83465576,0.53955078
48222,-1.8156433,0.77011108,0.51025391
48223,-1.8659973,0.77957153,0.65353394
48224,-2.0075989,0.63308716,0.63522339
48225,-1.8484497,0.28457642,0.66741943
48226,-2.0100403,0.48217773,0.81893921
48227,-1.9612122,0.60180664,0.88439941
48228,-1.9969177,0.54412842,0.56396484
48229,-2.024231,0.48797607,0.90866089
48230,-2.0419312,0.52841187,0.96679688
48231,-2.0654297,0.50598144,0.96725464
48232,-2.0550537,0.47241211,1.0948181
48233,-1.9721985,0.50537109,1.156311
48234,-2.0188904,0.38284302,1.3064575
48235,-1.9165039,0.27938843,1.1468506
48236,-2.0396423,0.11047363,1.0717773
48237,-2.0368958,0.098266602,0.67977905
48238,-2.1641541,0.076599121,0.99426269
48239,-1.8847656,0.034179688,1.1560059
48240,-1.8395996,0.054626465,1.2019348
48241,-1.8836975,0.13442993,1.2202454
48242,-1.8103027,-0.056152344,1.2197876
48243,-1.9230652,-0.13153076,1.2921143
48244,-1.8833923,-0.018157959,1.3551331
48245,-1.8478394,-0.23712158,1.3578796
48246,-2.0077515,-0.23376465,1.5270996
48247,-1.7802429,-0.26748657,1.6340637
48248,-1.7784119,-0.43060303,1.6040039
48249,-1.7956543,-0.53070068,1.7053223
48250,-1.7947388,-0.50994873,1.7211914
48251,-1.8695068,-0.67779541,1.685791
48252,-1.6618347,-0.55221558,1.6937256
48253,-1.8379211,-0.6262207,1.6625977
48254,-1.8115234,-0.51452637,1.8061829
48255,-1.8493652,-0.73242188,1.7901611
48256,-1.6281128,-0.82336426,1.7709351
48257,-1.5873718,-0.87539673,1.7739868
48258,-1.6705322,-0.89096069,1.9126892
48259,-1.4987183,-0.93063354,1.8331909
48260,-1.6897583,-0.87860107,1.9184875
48261,-1.7910767,-1.1991882,1.7163086
48262,-1.7503357,-1.1386108,1.8586731
48263,-1.5107727,-1.2811279,2.0570374
48264,-1.605072,-1.2565613,1.9207764
48265,-1.5795898,-1.469574,1.7184448
48266,-1.3877869,-1.5713501,1.6706848
48267,-1.3598633,-1.4822388,1.8586731
48268,-1.3938904,-1.6567993,1.8264771
48269,-1.3226318,-1.4727783,1.9087219
48270,-1.1332703,-1.3221741,1.937561
48271,-1.1790466,-1.4645386,1.723938
48272,-1.2521362,-1.3572693,1.86203
48273,-1.0322571,-1.6429138,1.7866516
48274,-0.9828186,-1.5760803,1.8403625
48275,-1.1528015,-1.7448425,1.9042969
48276,-0.8215332,-1.6319275,1.8966675
48277,-1.0317993,-1.8664551,1.7793274
48278,-0.83053589,-1.6474915,1.7160034
48279,-0.88973999,-1.6490173,1.6697693
48280,-0.72906494,-1.7596436,1.7138672
48281,-0.59158325,-1.9187927,1.8414307
48282,-0.48538208,-1.8907166,1.6772461
48283,-0.47164917,-1.9619751,1.7935181
48284,-0.46401978,-1.8600464,1.680603
48285,-0.38360596,-1.8447876,1.6668701
48286,-0.23788452,-2.016449,1.7559814
48287,-0.26107788,-2.0487976,1.6052246
48288,-0.2255249,-2.1385193,1.4404297
48289,-0.16326904,-2.1916199,1.6101074
48290,-0.21942139,-2.1331787,1.5742493
48291,-0.14205933,-2.1403503,1.4836121
48292,-0.023345947,-2.2593689,1.4471436
48293,0.022125244,-2.2113037,1.4445496
48294,0.026702881,-2.3023987,1.348114
48295,0.1651001,-2.3348999,1.2290955
48296,0.19302368,-2.4397278,1.2684631
48297,0.2154541,-2.2354126,1.2931824
48298,0.2545166,-2.394104,1.2107849
48299,0.41671753,-2.1490479,1.1935425
48300,0.34744263,-2.272644,1.1195374
48301,0.40863037,-2.1238708,0.99578857
48302,0.60638428,-2.0811462,0.94314575
48303,0.53863525,-2.2332764,1.0394287
48304,0.55267334,-2.225647,0.85281372
48305,0.58197022,-2.2116089,0.9046936
48306,0.61233521,-2.2077942,0.834198
48307,0.72052002,-2.1917725,0.74157715
48308,0.76248169,-2.2166443,0.68939209
48309,0.81832886,-2.199707,0.64239502
48310,0.82489014,-2.171936,0.59844971
48311,0.90240478,-2.0675659,0.50064087
48312,0.98739624,-2.1492004,0.55282593
48313,1.0054016,-2.2172546,0.48080444
48314,0.99685669,-2.1685791,0.36132813
48315,1.0592651,-2.1188354,0.34988403
48316,0.965271,-2.162323,0.24139404
48317,0.97717285,-2.0358276,0.26565552
48318,0.93521118,-2.0147705,0.24261475
48319,0.96176147,-1.8510437,0.26641846
48320,1.0588074,-2.0266724,0.12359619
48321,1.174469,-1.9372559,0.023193359
48322,1.1080933,-1.6949463,0.10391235
48323,1.2734985,-1.7050171,-0.050354004
48324,1.1120605,-1.6630554,-0.078582764
48325,1.2316895,-1.7160034,-0.096740723
48326,1.2393188,-1.6964722,-0.22949219
48327,1.2091064,-1.8315125,-0.31463623
48328,1.0803223,-1.7207336,-0.19104004
48329,1.1688232,-1.6403198,-0.40359497
48330,1.2013245,-1.3890076,-0.34286499
48331,1.2521362,-1.4451599,-0.44418335
48332,1.1782837,-1.4361572,-0.4649353
48333,1.1802673,-1.3000488,-0.45639038
48334,1.1804199,-1.2918091,-0.61767578
48335,1.1553955,-1.3357544,-0.6262207
48336,1.1347961,-1.2490845,-0.72082519
48337,1.2023926,-1.1068726,-0.64971924
48338,1.1416626,-1.0551453,-0.69747925
48339,1.0806274,-1.0331726,-0.75958252
48340,1.2231445,-1.149292,-0.83221435
48341,1.1843872,-1.1161804,-0.85220337
48342,1.2434387,-1.0324097,-0.82839966
48343,1.0923767,-0.84411621,-0.80764771
48344,1.2159729,-0.81893921,-0.89584351
48345,1.1412048,-0.73287964,-0.92224121
48346,1.1279297,-0.72723389,-0.90408325
48347,1.2216187,-0.53817749,-0.990448
48348,0.89447022,-0.64239502,-0.97320557
48349,0.94604492,-0.53955078,-1.0112
48350,0.85235596,-0.56686401,-0.93505859
48351,0.90759277,-0.58990478,-1.0447693
48352,0.90820313,-0.39154053,-1.2283325
48353,0.85266113,-0.47210693,-1.2239075
48354,0.74584961,-0.39154053,-1.2413025
48355,0.81207275,-0.24688721,-1.1860657
48356,0.72875977,-0.19989014,-1.0900879
48357,0.80215454,-0.27511597,-1.1962891
48358,0.78140259,-0.095214844,-1.1132813
48359,0.77301025,0.13290405,-1.2232971
48360,0.58547974,-0.25512695,-1.6983032
48361,0.29342651,-0.46813965,-1.4964294
48362,0.45104981,-0.049133301,-1.4186096
48363,0.50170898,0.26123047,-1.3656616
48364,0.59417725,0.34194946,-1.3980103
48365,0.52505493,0.35232544,-1.4781189
48366,0.50323486,0.47561645,-1.5179443
48367,0.38085938,0.53314209,-1.1895752
48368,0.39794922,0.40939331,-1.2841797
48369,0.15655518,0.58456421,-1.5342712
48370,0.18875122,0.51315308,-1.5229797
48371,0.032958984,0.54519653,-1.4665222
48372,0.13580322,0.59646606,-1.3142395
48373,0.042877197,0.53604126,-1.353302
48374,-0.098114014,0.7736206,-1.5159607
48375,-0.0340271,0.81054688,-1.3954163
48376,-0.13671875,0.86029053,-1.3279724
48377,-0.21896362,0.9513855,-1.2826538
48378,-0.17272949,0.83175659,-1.2442017
48379,-0.19515991,1.1386108,-1.1309814
48380,-0.36071777,1.1439514,-1.020813
48381,-0.25421143,1.2237549,-1.1183166
48382,-0.23361206,1.1723328,-1.1477661
48383,-0.41290283,1.1767578,-1.0650635
48384,-0.45043945,1.0552979,-0.98312378
48385,-0.72189331,1.0087585,-0.93093872
48386,-0.70571899,1.0978699,-1.1750793
48387,-0.82336426,1.1074829,-0.92712402
48388,-0.76004028,1.33255,-0.89202881
48389,-0.74676514,1.2234497,-0.76797485
48390,-0.90942383,1.3356018,-0.87127685
48391,-0.8946228,1.4279175,-0.83648682
48392,-1.0850525,1.2379456,-0.84121704
48393,-1.0470581,1.2960815,-0.79849243
48394,-1.0447693,1.3209534,-0.58944702
48395,-1.1605835,1.2591553,-0.49468994
48396,-1.2693787,1.4118958,-0.46447754
48397,-1.325531,1.530304,-0.43960571
48398,-1.3717651,1.3891602,-0.49209595
48399,-1.3923645,1.2884521,-0.36010742
48400,-1.4466858,1.3375854,-0.34912109
48401,-1.5332031,1.2780762,-0.20507813
48402,-1.6520691,1.2356567,-0.35934448
48403,-1.6003418,1.2692261,-0.21102905
48404,-1.8028259,0.87539673,-0.30197144
48405,-1.9204712,1.1711121,-0.12817383
48406,-1.7558289,1.131134,-0.019989014
48407,-1.6390991,1.12854,-0.10406494
48408,-1.8896484,1.2443542,0.090026855
48409,-1.7565918,1.2232971,0.10513306
48410,-1.8989563,1.2626648,0.18951416
48411,-1.932373,1.2316895,0.20065308
48412,-1.8981934,1.0557556,0.34255981
48413,-1.8894959,1.1291504,0.3352356
48414,-2.0027161,1.2268066,0.27633667
48415,-2.0385742,1.1512756,0.4359436
48416,-2.0346069,1.1260986,0.46264648
48417,-2.0651245,1.0951233,0.47958374
48418,-2.0463562,1.0652161,0.41748047
48419,-2.049408,0.78689575,0.51193237
48420,-1.9613647,0.86837769,0.57037353
48421,-2.0706177,0.78186035,0.64025879
48422,-2.0822144,0.70373535,0.8126831
48423,-2.210083,0.7434082,0.75958252
48424,-2.192688,0.67947388,0.93795776
48425,-2.1949768,0.73791504,0.71334839
48426,-2.1961975,0.60058594,0.90896606
48427,-2.1652222,0.66711426,0.9147644
48428,-2.1569824,0.52505493,0.80871582
48429,-2.1678162,0.49987793,1.0449219
48430,-2.1372986,0.33584595,1.0754395
48431,-2.0309448,0.35583496,1.1329651
48432,-1.9360352,0.30166626,1.072998
48433,-2.2749329,0.26062012,1.2182617
48434,-2.2129822,0.069122314,1.2615967
48435,-2.1687317,0.18966675,1.232605
48436,-2.2631836,0.02532959,1.317749
48437,-2.1350098,-0.083007813,1.5167236
48438,-2.0385742,-0.080718994,1.5103149
48439,-2.1212769,-0.059661865,1.6087341
48440,-2.0922852,-0.15670776,1.4468384
48441,-1.8548584,-0.20889282,1.5591431
48442,-2.1664429,-0.3137207,1.5942383
48443,-2.0329285,-0.32897949,1.6226196
48444,-2.1165466,-0.32302856,1.7300415
48445,-1.8534851,-0.48049927,1.7385864
48446,-2.0761108,-0.34042358,1.8315125
48447,-2.039032,-0.49682617,1.7410278
48448,-1.8118286,-0.51574707,1.6348267
48449,-1.990509,-0.59860229,1.6879272
48450,-1.9470215,-0.39031982,1.7268372
48451,-1.7776489,-0.57250977,1.7671204
48452,-1.7773438,-0.81604004,1.7781067
48453,-1.6326904,-0.78567505,1.9035339
48454,-1.8681335,-0.85647583,1.9372559
48455,-1.9665527,-0.97839356,2.0410156
48456,-1.7625427,-1.0716248,1.975708
48457,-1.4790344,-1.1677551,1.960144
48458,-1.5591431,-1.0783386,1.9442749
48459,-1.5811157,-0.89935303,2.0629883
48460,-1.3926697,-1.190033,1.8934631
48461,-1.5002441,-1.3339233,1.9226074
48462,-1.4297485,-1.5344238,1.9458008
48463,-1.1222839,-1.5264893,1.9332886
48464,-1.3108826,-1.6085815,2.1083069
48465,-1.3487244,-1.6763306,1.8582153
48466,-1.1331177,-1.6242981,1.967926
48467,-1.1611938,-1.583252,2.020874
48468,-1.2031555,-1.5664673,1.9496155
48469,-1.1395264,-1.8292236,2.0082092
48470,-1.0908508,-1.8606567,2.0057678
48471,-0.8505249,-1.8521118,1.9000244
48472,-0.88012695,-1.7572021,1.9784546
48473,-0.94024658,-1.985321,1.9110107
48474,-0.75134277,-1.9836426,1.9235229
48475,-0.8946228,-2.0883179,1.9813538
48476,-0.75408935,-2.019043,1.824646
48477,-0.76400757,-2.1165466,1.9602966
48478,-0.65490723,-2.2880554,1.8244934
48479,-0.58868408,-2.2172546,1.9047546
48480,-0.47393799,-2.1511841,1.8341064
48481,-0.54168701,-2.0785522,1.8058777
48482,-0.35858154,-2.1582031,1.7939758
48483,-0.39031982,-2.0574951,1.6673279
48484,-0.21636963,-2.1673584,1.7456055
48485,-0.3314209,-2.2743225,1.6139221
48486,-0.008239746,-2.3803711,1.5005493
48487,-0.14465332,-2.3350525,1.6146851
48488,-0.011291504,-2.3721313,1.5567017
48489,-0.061798096,-2.3735046,1.335144
48490,-0.022583008,-2.497406,1.413269
48491,0.20233154,-2.2351074,1.3592529
48492,0.26092529,-2.2517395,1.5406799
48493,0.22598267,-2.3558044,1.3285828
48494,0.19287109,-2.2024536,1.1956787
48495,0.3352356,-2.3443604,1.1956787
48496,0.39001465,-2.4432373,1.2141418
48497,0.41381836,-2.336731,1.1816406
48498,0.38330078,-2.4446106,1.2161255
48499,0.46417236,-2.2502136,1.0350037
48500,0.40710449,-2.4084473,1.0198975
48501,0.59570313,-2.4516296,0.96466065
48502,0.58456421,-2.3875427,0.92941284
48503,0.64819336,-2.4186707,0.66482544
48504,0.64575195,-2.2119141,0.62759399
48505,0.83114624,-2.210083,0.66131592
48506,0.703125,-2.1641541,0.74234009
48507,0.8404541,-2.2103882,0.57174683
48508,0.76034546,-2.2134399,0.42434692
48509,0.87097168,-2.2042847,0.57922363
48510,1.0032654,-2.2189331,0.43960571
48511,0.94039917,-2.1871948,0.41442871
48512,0.94070435,-2.2393799,0.27435303
48513,1.1140442,-2.1229553,0.40130615
48514,1.2001038,-2.2303772,0.21759033
48515,1.1791992,-1.993866,0.24902344
48516,1.1083984,-2.0120239,0.2607727
48517,1.1611938,-2.0695496,0.21636963
48518,1.2762451,-1.9610596,0.004272461
48519,1.1477661,-1.8380737,0.11322022
48520,1.0894775,-2.019043,0.06729126
48521,1.2202454,-2.0965576,-0.055236816
48522,1.2756348,-1.9848633,-0.084381104
48523,1.3078308,-1.8208313,-0.18112183
48524,1.4083862,-1.7553711,-0.11581421
48525,1.1999512,-1.6955566,-0.13656616
48526,1.1825562,-1.7471313,-0.27587891
48527,1.1555481,-1.6143799,-0.49133301
48528,1.2387085,-1.5402222,-0.38391113
48529,1.1753845,-1.6023254,-0.56274414
48530,1.3156128,-1.5652466,-0.59783935
48531,1.3275146,-1.3433838,-0.52444458
48532,1.2060547,-1.162262,-0.67108154
48533,1.2194824,-1.2399292,-0.70541382
48534,1.2164307,-1.3267517,-0.62728882
48535,1.0598755,-1.292572,-0.6791687
48536,1.3154602,-1.118927,-0.84289551
48537,1.4559937,-1.1904907,-0.77484131
48538,1.3040161,-1.0604858,-0.91262817
48539,1.2286377,-0.9803772,-0.95153809
48540,1.1428833,-0.89874268,-0.89233398
48541,1.1880493,-0.93185425,-0.95947266
48542,1.1607361,-0.97305298,-1.0032654
48543,1.1700439,-0.84899902,-1.1216736
48544,1.1576843,-0.89477539,-1.2077332
48545,1.3256836,-0.77041626,-1.104126
48546,1.1181641,-0.62255859,-1.2770081
48547,1.0971069,-0.50842285,-1.3572693
48548,1.0791016,-0.39779663,-1.3243103
48549,1.1114502,-0.34423828,-1.2765503
48550,1.1524963,-0.28152466,-1.3169861
48551,1.0723877,-0.31280518,-1.3717651
48552,0.85021973,-0.23254395,-1.2287903
48553,0.84228516,-0.15884399,-1.4321899
48554,0.82885742,-0.25558472,-1.3668823
48555,0.70022583,-0.19317627,-1.2284851
48556,0.54779053,-0.62179565,-1.4985657
48557,0.39398193,0.011749268,-1.5254211
48558,0.57678223,-0.06362915,-1.5232849
48559,0.50811768,-0.10299683,-1.5536499
48560,0.56015015,0.1689148,-1.6271973
48561,0.4814148,0.35583496,-1.650238
48562,0.6022644,0.45578003,-1.4120483
48563,0.37994385,0.61767578,-1.395874
48564,0.27877808,0.46646118,-1.2094116
48565,0.25421143,0.49560547,-1.1027527
48566,0.20248413,0.65261841,-1.2014771
48567,0.21667481,0.68008423,-1.4202881
48568,0.088653564,0.834198,-1.5492249
48569,0.060424805,0.81878662,-1.4228821
48570,0.019989014,0.69473267,-1.2033081
48571,-0.05569458,0.75378418,-1.3110352
48572,-0.079498291,0.83312988,-1.4785767
48573,-0.085296631,0.82473755,-1.2159729
48574,-0.11779785,1.0043335,-1.2194824
48575,-0.20324707,0.99517822,-1.3044739
48576,-0.24337769,1.0064697,-1.2214661
48577,-0.34545898,1.2438965,-1.1825562
48578,-0.52825928,1.2078857,-1.1380005
48579,-0.51971435,1.2062073,-1.1126709
48580,-0.45410156,1.197052,-1.2530518
48581,-0.48660278,1.1540222,-1.1999512
48582,-0.57922363,1.1759949,-1.1476135
48583,-0.69656372,1.1419678,-1.0198975
48584,-0.52154541,1.2954712,-0.94726563
48585,-0.84838867,1.312561,-0.97137451
48586,-0.73440552,1.4071655,-0.94116211
48587,-0.94055176,1.3830566,-0.92803955
48588,-0.89538574,1.3551331,-0.8203125
48589,-1.0656738,1.1682129,-0.68252563
48590,-1.1830139,1.1581421,-0.54321289
48591,-1.0968018,1.2225342,-0.71807861
48592,-1.1177063,1.3127136,-0.82275391
48593,-1.209259,1.40625,-0.62652588
48594,-1.0821533,1.1392212,-0.73410034
48595,-1.2229919,1.3446045,-0.52246094
48596,-1.4533997,1.2239075,-0.43167114
48597,-1.3352966,1.44104,-0.49591064
48598,-1.4982605,1.28479,-0.53131103
48599,-1.4689636,1.2176514,-0.43945313
48600,-1.605835,1.2843323,-0.28488159
48601,-1.6217041,1.1271667,-0.36926269
48602,-1.5943909,1.285553,-0.2746582
48603,-1.8322754,1.2576294,-0.05645752
48604,-1.8014526,1.2583923,-0.083465576
48605,-1.8103027,1.2892151,-0.098724365
48606,-1.774292,1.4068604,0.072479248
48607,-1.8666077,1.2268066,0.2079773
48608,-1.7973328,1.401825,0.11962891
48609,-1.9465637,1.20224,0.24688721
48610,-1.7733765,1.2730408,0.16464233
48611,-1.8927002,1.1398315,0.37414551
48612,-1.9084167,1.1560059,0.42572022
48613,-2.0030212,1.0385132,0.45654297
48614,-1.902771,1.0571289,0.47286987
48615,-2.0091248,1.1286926,0.51452637
48616,-1.9195557,0.94985962,0.63308716
48617,-2.0175171,0.99639893,0.65063477
48618,-2.1562195,0.84533691,0.70861816
48619,-1.8803406,0.69641113,0.66726685
48620,-2.2961426,0.81710815,0.7522583
48621,-1.9918823,0.70297241,0.84899902
48622,-2.121582,0.77484131,0.92315674
48623,-2.2538757,1.5390015,0.85998535
48624,-2.2970581,0.58929443,1.0668945
48625,-2.1351624,0.60745239,1.0302734
48626,-2.2511292,0.69046021,1.1303711
48627,-2.4102783,0.46295166,1.0960388
48628,-2.2489929,0.54855347,1.2849426
48629,-2.2740173,0.44403076,1.1462402
48630,-2.224884,0.55511475,0.8883667
48631,-2.2943115,0.27984619,1.2931824
48632,-2.0399475,0.1965332,1.4672852
48633,-2.0689392,0.16143799,1.3168335
48634,-2.0643616,0.15182495,1.4221191
48635,-2.0549011,0.059051514,1.4686584
48636,-2.1264648,0.15014648,1.5019226
48637,-2.2181702,-0.018310547,1.4299011
48638,-2.0596313,-0.1802063,1.492157
48639,-2.0843506,-0.22949219,1.9219971
48640,-2.0500183,-0.13397217,1.6207886
48641,-2.0742798,-0.097351074,1.7868042
48642,-1.9799805,-0.35598755,1.8708801
48643,-1.9161987,-0.29602051,1.7446899
48644,-1.9264221,-0.25588989,1.6218567
48645,-1.985321,-0.58654785,1.6113281
48646,-1.9499207,-0.6880188,1.8034363
48647,-1.8838501,-0.7019043,1.7976379
48648,-1.9442749,-0.87509155,1.7996216
48649,-1.9842529,-1.0124207,1.8141174
48650,-1.9839478,-0.81253052,1.9485474
48651,-1.7930603,-1.10672,1.8865967
48652,-1.7982483,-1.1064148,1.9503784
48653,-1.7352295,-1.0740662,1.946106
48654,-1.8408203,-1.3175964,1.9721985
48655,-1.6784668,-1.3432312,1.9377136
48656,-1.6616821,-1.3314819,1.9441223
48657,-1.4926147,-1.1656189,2.0478821
48658,-1.4523315,-1.3638306,1.9512939
48659,-1.6703796,-1.5231323,2.0515442
48660,-1.5010071,-1.5666199,1.9876099
48661,-1.3850403,-1.5402222,1.9760132
48662,-1.3867188,-1.6355896,1.703186
48663,-1.2786865,-1.5052795,2.0487976
48664,-1.259613,-1.6584778,2.0544434
48665,-1.1326599,-1.7689514,1.9665527
48666,-1.2112427,-1.8688965,1.9018555
48667,-1.0636902,-1.8344116,1.9230652
48668,-1.0308838,-1.8582153,1.9645691
48669,-0.94360352,-1.8196106,1.9587708
48670,-0.88729858,-1.7750549,2.0072937
48671,-0.78521728,-1.8362427,1.811676
48672,-0.69366455,-1.8586731,1.7694092
48673,-0.72433472,-1.8261719,1.8997192
48674,-0.63690185,-1.8351746,1.8374634
48675,-0.66146851,-1.8870544,1.8743896
48676,-0.71029663,-1.8315125,1.8347168
48677,-0.49926758,-2.1992493,1.8173218
48678,-0.47286987,-2.1130371,1.7233276
48679,-0.49209595,-2.1495056,1.4727783
48680,-0.35583496,-2.2558594,1.5811157
48681,-0.41290283,-2.3097229,1.4900208
48682,-0.31143189,-2.2381592,1.4910889
48683,-0.29052734,-2.278595,1.5692139
48684,-0.20721435,-2.3060608,1.6421509
48685,-0.045776367,-2.5076294,1.5454102
48686,0.073394775,-2.2657776,1.6055298
48687,-0.035247803,-2.2561646,1.6558838
48688,0.038146973,-2.2993469,1.5634155
48689,0.10391235,-2.1801758,1.4868164
48690,0.15274048,-2.0489502,1.5016174
48691,0.17303467,-2.1894836,1.2960815
48692,0.25482178,-2.2822571,1.2341309
48693,0.3352356,-2.4127197,1.2063599
48694,0.32333374,-2.3797607,1.1994934
48695,0.42022705,-2.437439,1.0317993
48696,0.38162231,-2.4568176,1.0165405
48697,0.58380127,-2.4380493,0.90835571
48698,0.55938721,-2.5576782,0.87341309
48699,0.58609009,-2.4740601,0.99243164
48700,0.5480957,-2.3240662,0.91705322
48701,0.58868408,-2.5132751,0.63293457
48702,0.53512573,-2.4841309,0.64239502
48703,0.68984985,-2.4909973,0.5317688
48704,1.0473633,-2.2097778,0.60928345
48705,0.82550049,-2.0944214,0.45089722
48706,0.9185791,-2.1292114,0.46386719
48707,0.87493897,-2.1855164,0.39794922
48708,1.1654663,-2.3768616,0.37399292
48709,0.95062256,-1.8051147,0.35263061
48710,0.95611572,-2.0613098,0.26275635
48711,0.98999023,-2.1110535,0.20782471
48712,1.1349487,-2.0661926,0.049591064
48713,0.88989258,-2.0959473,0.018463135
48714,1.1236572,-2.1279907,-0.072937012
48715,1.3330078,-2.0613098,-0.086669922
48716,1.1210632,-1.9100952,-0.2041626
48717,1.3615417,-1.9560242,-0.18280029
48718,1.2098694,-1.8727112,-0.16586304
48719,1.2405396,-1.7590332,-0.24642944
48720,1.2442017,-1.7541504,-0.25268555
48721,1.3330078,-1.7507935,-0.33981323
48722,1.4300537,-1.8585205,-0.39031982
48723,1.395874,-1.7150879,-0.27450561
48724,1.2567139,-1.5405273,-0.30578613
48725,1.3314819,-1.82724,-0.55023193
48726,1.4093018,-1.7483521,-0.60775757
48727,1.1909485,-1.5104675,-0.58868408
48728,1.071167,-1.5724182,-0.75668335
48729,1.2117004,-1.5921021,-0.69854736
48730,1.2203979,-1.3894653,-0.74142456
48731,1.3562012,-1.3342285,-0.6237793
48732,1.1804199,-1.1102295,-0.8013916
48733,1.3357544,-1.0623169,-0.91018677
48734,1.0557556,-1.0964966,-0.77331543
48735,1.1148071,-0.98876953,-0.91598511
48736,1.1782837,-0.81100464,-0.95489502
48737,1.0540771,-0.74874878,-1.0572815
48738,0.90454102,-0.95977783,-0.98876953
48739,1.0923767,-0.89645386,-1.0742188
48740,1.2234497,-0.75454712,-1.1694336
48741,1.0823059,-0.69763184,-1.2095642
48742,1.1279297,-0.52200317,-1.2059021
48743,1.1271667,-0.74432373,-1.2135315
48744,0.94299316,-0.55633545,-1.1672974
48745,0.884552,-0.5078125,-0.97518921
48746,0.9211731,-0.53405762,-1.3104248
48747,0.97290039,-0.39855957,-1.0754395
48748,0.90148926,-0.25299072,-1.2043762
48749,0.77148438,-0.3666687,-1.4073181
48750,0.8303833,-0.36514282,-1.2390137
48751,0.99609375,-0.20309448,-1.4135742
48752,0.7623291,-0.19851685,-1.2272644
48753,0.64941406,-0.51437378,-1.4169312
48754,0.60836792,-0.51269531,-1.4047241
48755,0.51635742,1.1218262,-1.3993835
48756,0.35919189,-0.10742188,-1.2359619
48757,0.390625,0.023803711,-1.3233948
48758,0.42266846,0.13290405,-1.2802124
48759,0.53283691,0.22857666,-1.5045166
48760,0.43121338,0.47119141,-1.3557434
48761,0.40466309,0.43106079,-1.54953
48762,0.38406372,0.57998657,-1.4489746
48763,0.2645874,0.63613892,-1.4169312
48764,0.29510498,0.77484131,-1.368866
48765,0.31021118,0.74890137,-1.3381958
48766,0.19927978,0.70159912,-1.4833069
48767,0.15686035,0.71487427,-1.459198
48768,0.1222229,0.6602478,-1.3331604
48769,-0.12313843,0.73806763,-1.2976074
48770,-0.11672974,0.91445923,-1.2104797
48771,-0.16845703,0.56991577,-1.3548279
48772,-0.262146,0.77590942,-1.2236023
48773,-0.23925781,0.73272705,-1.0693359
48774,-0.35049439,0.97625732,-1.0757446
48775,-0.28549194,0.93353272,-1.0491943
48776,-0.44250488,1.005249,-0.95184326
48777,-0.51300049,1.2078857,-0.98617554
48778,-0.61294556,1.0751343,-0.82244873
48779,-0.597229,1.0598755,-0.93551636
48780,-0.66574097,1.0542297,-0.88531494
48781,-0.68710327,1.0118103,-0.7333374
48782,-0.59783935,1.1135864,-0.87722778
48783,-0.77056885,1.0510254,-0.85083008
48784,-0.69793701,1.121521,-0.85189819
48785,-0.8366394,1.3287354,-0.82763672
48786,-1.0083008,1.2982178,-0.75881958
48787,-0.98770142,1.2588501,-0.69076538
48788,-1.1599731,1.3442993,-0.66497803
48789,-1.0379028,1.2185669,-0.78567505
48790,-1.1643982,1.2950134,-0.76446533
48791,-1.1471558,1.3728333,-0.73364258
48792,-1.3142395,1.3920593,-0.66497803
48793,-1.4216614,1.368103,-0.46691894
48794,-1.401062,1.50177,-0.34622192
48795,-1.3343811,1.315155,-0.28640747
48796,-1.4295959,1.3485718,-0.30181885
48797,-1.6644287,1.0328674,-0.39916992
48798,-1.6627502,1.050415,-0.28320313
48799,-1.6474915,1.2593079,-0.40802002
48800,-1.5235901,1.3465881,-0.24505615
48801,-1.6555786,1.3476563,0.022735596
48802,-1.7193604,1.2744141,-0.041503906
48803,-1.8766785,1.3027954,-0.20446777
48804,-1.8051147,1.2765503,0.037078857
48805,-1.9024658,1.3273621,0.17929077
48806,-1.7210388,1.2672424,0.1826477
48807,-1.920166,1.2757874,0.10360718
48808,-2.0043945,1.2078857,0.29144287
48809,-1.9036865,1.1064148,0.15991211
48810,-1.9299316,1.1825562,0.29098511
48811,-1.8695068,1.1524963,0.32318115
48812,-1.9709778,0.92529297,0.53985596
48813,-1.9316101,0.99258423,0.44845581
48814,-2.1588135,0.83679199,0.69091797
48815,-2.0544434,0.89996338,0.68054199
48816,-2.2525024,0.90835571,0.67245483
48817,-2.1739197,0.88806152,0.64849853
48818,-2.3339844,0.77728272,0.57373047
48819,-2.1057129,0.65246582,0.84259033
48820,-2.1022034,0.56274414,0.86975098
48821,-2.0228577,1.6351318,0.89004517
48822,-2.2123718,0.44662476,0.98846435
48823,-2.1101379,0.54824829,1.031189
48824,-2.0709229,0.22094727,0.91583252
48825,-2.2348022,0.48339844,1.0319519
48826,-2.2485352,0.2243042,0.99517822
48827,-2.1141052,0.25924683,1.1753845
48828,-2.2328186,0.31982422,1.1775208
48829,-2.1592712,0.33935547,1.1610413
48830,-2.2390747,0.10406494,1.1769104
48831,-2.1879578,-0.054931641,1.1784363
48832,-2.0462036,-0.070953369,1.3699341
48833,-2.1075439,0.024871826,1.3998413
48834,-2.208252,0.002593994,1.4814758
48835,-2.1788025,-0.10253906,1.6340637
48836,-1.9694519,0.04486084,1.5211487
48837,-1.9837952,-0.035552979,1.5203857
48838,-2.0281982,-0.29678345,1.6793823
48839,-1.9335938,-0.18890381,1.6287231
48840,-2.0018005,-0.24581909,1.8725586
48841,-2.096405,-0.34667969,1.6767883
48842,-1.9895935,-0.27542114,1.8862915
48843,-1.9035339,-0.47943115,1.9454956
48844,-1.762085,-0.59494019,1.8658447
48845,-1.8635559,-0.89584351,1.7126465
48846,-1.8951416,-0.71960449,1.7955017
48847,-2.1257019,-0.73806763,1.8572998
48848,-1.7851257,-0.84640503,1.8078613
48849,-1.6885376,-0.9046936,1.9464111
48850,-1.8040466,-1.2428284,1.7459106
48851,-1.8322754,-1.1782837,1.7903137
48852,-1.5519714,-1.1552429,1.9647217
48853,-1.6616821,-1.2872314,1.9244385
48854,-1.5463257,-1.3601685,1.9973755
48855,-1.4468384,-1.1587524,2.0021057
48856,-1.4787292,-1.1999512,2.0014954
48857,-1.3824463,-1.1352539,1.9688416
48858,-1.1193848,-1.2799072,1.8959045
48859,-1.3241577,-1.3134766,2.0489502
48860,-1.4492798,-1.6833496,1.8824768
48861,-1.1398315,-1.7468262,1.8380737
48862,-1.4335632,-1.8005371,1.6456604
48863,-1.3990784,-1.8182373,1.8074036
48864,-1.1210632,-1.7843628,1.8544006
48865,-1.0491943,-1.6262817,1.9163513
48866,-1.0824585,-1.7114258,1.8640137
48867,-0.90866089,-1.6197205,2.0289612
48868,-0.92483521,-1.8109131,2.0256042
48869,-0.76538086,-1.9676209,1.9081116
48870,-0.75500488,-1.9618225,1.7420959
48871,-0.68771362,-1.9470215,1.8449402
48872,-0.7144165,-1.9284058,1.887207
48873,-0.61935425,-1.9470215,1.7497253
48874,-0.60592651,-2.0483398,1.7697144
48875,-0.54519653,-2.1165466,1.7779541
48876,-0.40298462,-2.0892334,1.7373657
48877,-0.38726807,-2.1781921,1.6929626
48878,-0.365448,-2.1914673,1.7327881
48879,-0.3086853,-2.1054077,1.6322327
48880,-0.27130127,-2.1354675,1.6035461
48881,-0.20187378,-2.0553589,1.5194702
48882,-0.14572144,-2.1691895,1.5452576
48883,-0.066223145,-2.2090149,1.4068604
48884,-0.11917114,-2.3605347,1.4466858
48885,-0.067749023,-2.2984314,1.3574219
48886,-0.00213623,-2.4598694,1.2060547
48887,0.021972656,-2.2660828,1.2820435
48888,0.089569092,-2.2506714,1.2649536
48889,0.15151978,-2.1910095,1.2390137
48890,0.19195557,-2.1676636,1.2390137
48891,0.18890381,-2.2424316,1.1552429
48892,0.47058106,-2.212677,1.2179565
48893,0.32012939,-2.4182129,1.1196899
48894,0.28533936,-2.2717285,1.0990906
48895,0.55618286,-2.3580933,0.90377808
48896,0.41946411,-2.3587036,1.0472107
48897,0.51467896,-2.4737549,0.89355469
48898,0.72357178,-2.2723389,0.76599121
48899,0.5809021,-2.1868896,0.8821106
48900,0.71640015,-2.2746277,0.74386597
48901,0.75439453,-2.1894836,0.68328857
48902,0.81344604,-2.2926331,0.53970337
48903,0.86120606,-2.2250366,0.59799194
48904,0.78872681,-2.2802734,0.49163818
48905,0.94482422,-2.2596741,0.53527832
48906,0.87661743,-2.1798706,0.55038452
48907,1.030426,-2.2213745,0.39398193
48908,0.86730957,-2.1075439,0.42816162
48909,1.0549927,-2.1308899,0.32150269
48910,1.0308838,-2.069397,0.36483765
48911,0.89141846,-2.1400452,0.32272339
48912,0.97579956,-2.0555115,0.11047363
48913,0.90148926,-2.0445251,0.067901611
48914,1.0343933,-2.0626831,0.11962891
48915,1.1402893,-2.1116638,-0.11138916
48916,1.1705017,-1.9796753,-0.093994141
48917,1.2062073,-2.0220947,-0.10955811
48918,1.1366272,-1.7979431,-0.24765015
48919,1.2355041,-1.7230225,-0.14709473
48920,1.1915588,-1.743927,-0.21957398
48921,1.2246704,-1.5652466,-0.24017334
48922,1.2426758,-1.651001,-0.31677246
48923,1.1437988,-1.6099548,-0.45501709
48924,1.146698,-1.6165161,-0.49011231
48925,1.1891174,-1.471405,-0.50811768
48926,1.2112427,-1.3194275,-0.40756226
48927,1.1245728,-1.3719177,-0.37719727
48928,1.2695313,-1.341095,-0.66101074
48929,1.1100769,-1.3926697,-0.7170105
48930,1.2452698,-1.2985229,-0.81176758
48931,1.3285828,-1.1717224,-0.72982788
48932,1.2338257,-0.93902588,-0.63583374
48933,1.4035034,-0.96984863,-0.72647095
48934,1.0546875,-0.85632324,-0.77835083
48935,1.0430908,-0.90164185,-0.90362549
48936,1.0287476,-0.67062378,-1.038208
48937,0.99121094,-0.73669434,-0.82946777
48938,0.99258423,-0.58563232,-0.80703735
48939,0.89797974,-0.61660767,-0.87402344
48940,0.71182251,-0.81130981,-1.0557556
48941,1.0752869,-0.82778931,-1.0943604
48942,1.1338806,-0.55877685,-1.0748291
48943,1.022644,-0.45715332,-1.2962341
48944,0.96847534,-0.49133301,-1.3108826
48945,0.82641602,-0.45806885,-1.1328125
48946,0.89416504,-0.24810791,-1.1975098
48947,0.86334228,-0.19958496,-1.2814331
48948,0.77209473,-0.38238525,-1.1703491
48949,0.72967529,-0.2684021,-1.2393188
48950,0.76263428,-0.20553589,-1.096344
48951,0.75119019,-0.12130737,-0.99029541
48952,0.81207275,-0.15533447,-1.0699463
48953,0.2935791,0.24261475,-1.3374329
48954,0.44525147,-0.36346436,-1.3577271
48955,0.51147461,-0.081481934,-1.1070251
48956,0.57235718,0.079956055,-1.2678528
48957,0.52490234,0.28076172,-1.2585449
48958,0.5456543,0.35476685,-1.1804199
48959,0.3956604,0.35415649,-1.1717224
48960,0.38833618,0.37384033,-1.1846924
48961,0.287323,0.45013428,-1.4199829
48962,0.1184082,0.46356201,-1.5142822
48963,0.27603149,0.54611206,-1.1248779
48964,0.079040527,0.70556641,-1.2510681
48965,0.12145996,0.79071045,-1.2716675
48966,-0.02532959,0.75485229,-1.1727905
48967,-0.088500977,0.84243774,-1.1462402
48968,-0.14083862,0.81176758,-1.2315369
48969,-0.077514648,0.79345703,-1.1486816
48970,-0.1171875,0.89645386,-1.1437988
48971,-0.31219482,0.77285767,-0.95153809
48972,-0.17822266,0.87738037,-1.1122131
48973,-0.21347046,0.90103149,-1.1602783
48974,-0.37445068,0.98342896,-1.1712646
48975,-0.53314209,0.96740723,-0.99746704
48976,-0.50964356,1.0044861,-1.0360718
48977,-0.62957764,1.1431885,-1.0217285
48978,-0.67428589,1.0971069,-1.0572815
48979,-0.73196411,1.0972595,-0.96694946
48980,-0.78460693,1.1006165,-0.86868286
48981,-0.8555603,1.137085,-0.94223022
48982,-1.0394287,1.0719299,-0.63903809
48983,-0.87677002,1.0484314,-0.73699951
48984,-0.96862793,1.2776184,-0.71289063
48985,-1.0455322,1.1112976,-0.48461914
48986,-1.0464478,1.1927795,-0.50216675
48987,-1.1579895,1.0076904,-0.53146362
48988,-1.269989,1.0397339,-0.40405273
48989,-1.2438965,1.1332703,-0.49087524
48990,-1.1691284,1.2333679,-0.4560852
48991,-1.1274719,1.2471008,-0.33279419
48992,-1.4428711,1.0643005,-0.38604736
48993,-1.3751221,1.0121155,-0.48522949
48994,-1.4677429,0.96435547,-0.35446167
48995,-1.3728333,1.0720825,-0.29296875
48996,-1.4120483,0.97167969,-0.057220459
48997,-1.5093994,1.1044312,-0.11291504
48998,-1.4855957,1.1099243,-0.17959595
48999,-1.5135193,1.0583496,0.066986084
49000,-1.648407,0.95596313,0.058135986
49001,-1.7155457,1.0049438,0.13427734
49002,-1.6346741,0.94818115,0.032196045
49003,-1.6876221,1.0603333,0.039215088
49004,-1.5867615,0.97137451,0.18096924
49005,-1.7045593,0.97412109,0.13717651
49006,-1.7178345,0.77789307,0.25588989
49007,-1.8426514,0.87203979,0.40802002
49008,-1.8566895,0.98632813,0.45639038
49009,-1.6816711,0.71685791,0.38864136
49010,-1.9241333,0.78186035,0.39581299
49011,-1.9816589,0.7522583,0.66894531
49012,-1.9633484,0.66085815,0.68618774
49013,-1.9624329,0.69580078,0.46554565
49014,-2.0429993,0.82183838,0.652771
49015,-1.960907,0.71014404,0.58120728
49016,-1.8096924,0.6338501,0.71731567
49017,-1.9326782,0.64224243,0.68435669
49018,-1.9784546,0.39962769,0.74371338
49019,-1.9633484,0.52658081,0.80917358
49020,-2.1502686,0.52062988,0.80337524
49021,-2.0559692,0.54138184,1.0375977
49022,-1.9592285,0.24658203,0.96069336
49023,-1.9309998,0.15975952,0.94070435
49024,-2.0266724,0.15731812,0.95977783
49025,-1.9958496,0.18920898,1.1470032
49026,-2.0304871,0.32791138,1.2683105
49027,-1.912384,0.076599121,1.0380554
49028,-2.0594788,0.084991455,1.217041
49029,-2.0927429,0.012969971,1.1242676
49030,-2.2085571,-0.049743652,1.184082
49031,-1.9720459,-0.17349243,1.2417603
49032,-1.9624329,-0.19363403,1.4459229
49033,-1.9989014,-0.23300171,1.232605
49034,-2.0185852,-0.28549194,1.4308166
49035,-1.7683411,-0.30899048,1.4559937
49036,-1.6053772,-0.49743652,1.5844727
49037,-1.7713928,-0.54901123,1.44104
49038,-1.7312622,-0.53970337,1.5771484
49039,-1.7054749,-0.53863525,1.5039063
49040,-1.8611145,-0.54092407,1.6314697
49041,-1.7597961,-0.60852051,1.6748047
49042,-1.6653442,-0.7460022,1.6461182
49043,-1.6906738,-0.57067871,1.8087769
49044,-1.8017578,-0.76080322,1.8363953
49045,-1.6275024,-1.0317993,1.6864014
49046,-1.5663147,-0.86303711,1.8280029
49047,-1.5397644,-0.97824097,1.7758179
49048,-1.6828918,-1.1740112,1.6049194
49049,-1.6438293,-1.2294006,1.5748596
49050,-1.5888977,-1.2728882,1.6017151
49051,-1.4613342,-1.2171936,1.7086792
49052,-1.4631653,-1.2568665,1.8005371
49053,-1.7907715,-1.45401,1.6815186
49054,-1.4927673,-1.5718079,1.8782043
49055,-1.3861084,-1.4237976,1.8247986
49056,-1.1950684,-1.4445496,1.7233276
49057,-1.2693787,-1.4181519,1.7993164
49058,-1.1839294,-1.46698,1.7475891
49059,-1.0134888,-1.5049744,1.8914795
49060,-1.1286926,-1.6386414,1.6996765
49061,-0.9387207,-1.5011597,1.7060852
49062,-0.77575684,-1.6345215,1.7274475
49063,-0.91125488,-1.6055298,1.8118286
49064,-0.96298218,-1.8435669,1.8243408
49065,-0.73318481,-1.8104553,1.809845
49066,-0.75622559,-1.8441772,1.7655945
49067,-0.67901611,-1.7770386,1.7202759
49068,-0.63873291,-1.8118286,1.7001343
49069,-0.59906006,-1.8945313,1.8164063
49070,-0.58929443,-1.882019,1.7446899
49071,-0.57281494,-1.7599487,1.7105103
49072,-0.47149658,-1.7585754,1.6560364
49073,-0.39367676,-1.8824768,1.5383911
49074,-0.41244507,-1.9960022,1.6043091
49075,-0.31097412,-1.8988037,1.5870666
49076,-0.2935791,-2.036438,1.6162109
49077,-0.30929565,-2.019043,1.5802002
49078,-0.26702881,-2.0243835,1.4619446
49079,-0.20507813,-2.0002747,1.3970947
49080,-0.16677856,-1.8777466,1.459198
49081,-0.11428833,-2.0066833,1.4349365
49082,-0.10284424,-1.978302,1.3905334
49083,-0.037841797,-2.0207214,1.4193726
49084,0.005340576,-2.171936,1.3008118
49085,0.057678223,-2.1546936,1.2319946
49086,0.20812988,-2.1516418,1.2232971
49087,0.24963379,-2.2257996,1.0731506
49088,0.30731201,-2.15271,0.94848633
49089,0.365448,-2.1224976,0.93704224
49090,0.42373657,-2.0751953,0.87738037
49091,0.43395996,-2.0588684,0.79803467
49092,0.43395996,-2.1598816,0.77087402
49093,0.50750732,-2.0695496,0.79910278
49094,0.52932739,-1.9677734,0.71731567
49095,0.57754517,-1.9972229,0.70968628
49096,0.71868897,-1.9888306,0.68939209
49097,0.53604126,-2.1841431,0.5847168
49098,0.64208984,-2.0350647,0.46447754
49099,0.58288574,-1.8887329,0.54077148
49100,0.80459595,-1.8209839,0.49880981
49101,0.79772949,-1.8119812,0.41397095
49102,0.88989258,-1.885376,0.43533325
49103,0.77667236,-1.8626404,0.47592163
49104,0.79345703,-1.9995117,0.49560547
49105,0.80200195,-1.8821716,0.234375
49106,0.95458984,-1.7912292,0.29541016
49107,0.92285156,-1.7709351,0.11169434
49108,0.87585449,-1.6329956,0.085601807
49109,0.90881348,-1.8183899,-0.11962891
49110,0.78674316,-1.9372559,-0.025024414
49111,0.99426269,-1.8099976,-0.056152344
49112,0.76843262,-1.7498779,-0.14328003
49113,0.79376221,-1.7958069,-0.14755249
49114,1.0726929,-1.6137695,-0.20553589
49115,0.94528198,-1.5739441,-0.30578613
49116,0.98266602,-1.5568542,-0.31616211
49117,0.8279419,-1.5489197,-0.4397583
49118,1.1143494,-1.4352417,-0.34942627
49119,0.95245361,-1.5026855,-0.43609619
49120,1.0975647,-1.2886047,-0.41137695
49121,0.9954834,-1.2402344,-0.44784546
49122,1.1169434,-1.2445068,-0.52429199
49123,0.97183228,-1.3172913,-0.61904907
49124,1.0527039,-1.3383484,-0.50003052
49125,0.91812134,-1.1387634,-0.73394775
49126,1.1433411,-1.0557556,-0.64086914
49127,0.98632813,-0.9513855,-0.63476563
49128,0.74905396,-0.95535278,-0.74768066
49129,0.9286499,-1.0217285,-0.90698242
49130,0.84609985,-0.91262817,-0.75775147
49131,1.1303711,-0.80703735,-0.84472656
49132,1.0360718,-0.7800293,-0.71029663
49133,0.9298706,-0.64590454,-0.76370239
49134,0.95947266,-0.79376221,-0.94268799
49135,0.99441528,-0.60211182,-1.035614
49136,0.91125488,-0.67443848,-1.1250305
49137,0.81848144,-0.37475586,-1.0650635
49138,0.65216065,-0.38818359,-1.0507202
49139,0.64666748,-0.32592773,-1.0830688
49140,0.88470459,-0.39505005,-0.97015381
49141,0.69610596,-0.33340454,-1.0054016
49142,0.77941894,-0.20339966,-1.2536621
49143,0.70678711,-0.23986816,-1.0214233
49144,0.71731567,-0.046081543,-1.1645508
49145,0.59585571,-0.039672852,-1.2626648
49146,0.51879883,-0.10910034,-1.1880493
49147,0.031433105,-0.31677246,-1.3417053
49148,0.075073242,-0.32165527,-1.302948
49149,0.33630371,-0.19607544,-1.0748291
49150,0.45196533,-0.064086914,-1.1746216
49151,0.48049927,0.33508301,-1.0202026
49152,0.23529053,0.37979126,-1.4360046
49153,0.29632568,0.35476685,-1.2101746
49154,0.34133911,0.25756836,-1.2086487
49155,0.25299072,0.32226563,-1.2773132
49156,0.20233154,0.48980713,-1.2275696
49157,0.009155273,0.45349121,-1.101532
49158,0.014038086,0.4598999,-1.081543
49159,0.14282227,0.52078247,-1.134491
49160,0.016021729,0.41625977,-1.2194824
49161,-0.2331543,0.44738769,-1.056366
49162,-0.18692017,0.60180664,-1.0835266
49163,-0.29800415,0.75195313,-1.126709
49164,-0.19805908,0.73852539,-1.0627747
49165,-0.30059814,0.72555542,-1.1070251
49166,-0.47943115,0.86425781,-1.0777283
49167,-0.31204224,1.0148621,-1.0722351
49168,-0.43258667,0.99822998,-1.0865784
49169,-0.4649353,1.0253906,-0.87402344
49170,-0.59173584,0.91552734,-0.93414307
49171,-0.54473877,1.1120605,-0.79391479
49172,-0.60501099,1.0090637,-0.89126587
49173,-0.63735962,1.0560608,-0.79040527
49174,-0.80261231,1.2216187,-0.76721191
49175,-0.81893921,1.2898254,-0.6312561
49176,-0.83648682,1.1228943,-0.69625854
49177,-1.0174561,1.1659241,-0.5770874
49178,-1.156311,1.1578369,-0.60882568
49179,-0.94314575,1.1253357,-0.68603516
49180,-1.071167,1.1030579,-0.42633057
49181,-1.1604309,1.1943054,-0.59143066
49182,-1.2229919,1.2493896,-0.39199829
49183,-1.0253906,1.1352539,-0.49163818
49184,-1.35849,1.1376953,-0.51116943
49185,-1.35849,1.2353516,-0.37277222
49186,-1.2335205,1.1279297,-0.26123047
49187,-1.4120483,1.2174988,-0.41625977
49188,-1.2754822,1.2715149,-0.22460938
49189,-1.413269,0.82717896,-0.20339966
49190,-1.5237427,0.44891357,-0.43426514
49191,-1.7260742,0.86654663,-0.13305664
49192,-1.2522888,0.91140747,-0.20584106
49193,-1.245575,0.92651367,-0.13000488
49194,-1.3647461,1.0272217,-0.034179688
49195,-1.7301941,0.95336914,0.055236816
49196,-1.6546631,0.99395752,0.27160644
49197,-1.6703796,0.91430664,0.14190674
49198,-1.7684937,0.85662842,0.24230957
49199,-1.6610718,0.82855225,0.3642273
49200,-1.7976379,0.7421875,0.29663086
49201,-1.9741821,0.75744629,0.26321411
49202,-1.8386841,0.61386108,0.3036499
49203,-1.943512,0.74676514,0.43441772
49204,-1.8321228,0.77972412,0.4208374
49205,-1.895752,0.79360962,0.64331055
49206,-2.0149231,0.597229,0.72265625
49207,-2.0571899,0.47470093,0.66436768
49208,-1.9714355,0.59539795,0.72631836
49209,-1.9799805,0.47134399,0.70739746
49210,-2.1368408,0.46920776,0.86486816
49211,-2.2854614,0.47683716,0.49850464
49212,-2.1975708,0.45166016,0.70770264
49213,-1.9366455,0.40908814,0.84075928
49214,-1.900177,0.24291992,0.8996582
49215,-1.9946289,0.45761108,1.018219
49216,-2.0106506,0.25863647,1.2263489
49217,-1.9779968,0.067901611,1.0853577
49218,-2.0985413,0.92346191,1.1439514
49219,-2.0761108,0.27664185,1.1972046
49220,-1.842804,0.17150879,1.1560059
49221,-1.991272,0.26580811,1.1152649
49222,-1.9595337,0.091552734,1.2814331
49223,-1.9384766,0.10131836,1.3491821
49224,-1.8911743,-0.10269165,1.4466858
49225,-1.9415283,-0.16571045,1.4694214
49226,-1.7327881,-0.032196045,1.4401245
49227,-2.0471191,-0.28915405,1.2675476
49228,-1.7904663,-0.35858154,1.401825
49229,-1.9595337,-0.38513184,1.3842773
49230,-1.8260193,-0.37841797,1.6690063
49231,-1.8431091,-0.5783081,1.7793274
49232,-1.918335,-0.61584473,1.7408752
49233,-1.9454956,-0.72372437,1.572876
49234,-1.8959045,-0.64071655,1.4286804
49235,-1.978302,-0.86151123,1.570282
49236,-1.8463135,-1.000061,1.5716553
49237,-1.673584,-0.80917358,1.7349243
49238,-1.6723633,-0.75241089,1.7750549
49239,-1.602478,-0.85861206,1.6755676
49240,-1.6134644,-0.81542969,1.7668152
49241,-1.5267944,-1.1045837,1.7428589
49242,-1.4936829,-1.2095642,1.8052673
49243,-1.5983582,-1.370697,1.7996216
49244,-1.4453125,-1.2861633,1.7472839
49245,-1.4916992,-1.1863709,1.8586731
49246,-1.4553833,-1.3485718,1.8347168
49247,-1.3946533,-1.2976074,1.7974854
49248,-1.4160156,-1.3423157,1.7178345
49249,-1.35849,-1.3450623,1.7514038
49250,-1.244812,-1.4263916,1.885376
49251,-1.2750244,-1.4524841,1.8945313
49252,-1.2431335,-1.6033936,1.8743896
49253,-1.270752,-1.4331055,2.0370483
49254,-1.1521912,-1.493988,1.9598389
49255,-1.1276245,-1.7440796,2.0349121
49256,-0.91751099,-1.7472839,1.7819214
49257,-1.0321045,-1.8341064,2.0051575
49258,-0.87753296,-1.696167,1.9361877
49259,-0.82214356,-1.794281,1.8624878
49260,-0.74569702,-1.8559265,1.7909241
49261,-0.71533203,-1.882782,1.7341614
49262,-0.78613281,-1.7868042,1.7816162
49263,-0.55419922,-1.8489075,1.5904236
49264,-0.53817749,-1.894989,1.5802002
49265,-0.54946899,-1.8885803,1.6578674
49266,-0.50567627,-1.9839478,1.7576599
49267,-0.42068481,-2.1221924,1.570282
49268,-0.46844482,-2.1551514,1.7030334
49269,-0.24536133,-2.1447754,1.7454529
49270,-0.40084839,-2.0051575,1.6531372
49271,-0.2456665,-1.9485474,1.4483643
49272,-0.19927978,-2.1131897,1.5788269
49273,-0.019378662,-1.9706726,1.4990234
49274,-0.078430176,-2.2340393,1.3777161
49275,0.018310547,-2.2857666,1.3687134
49276,0.096130371,-2.310791,1.0717773
49277,0.098876953,-2.257843,1.0853577
49278,0.21438599,-2.2244263,1.1376953
49279,0.1852417,-2.1723938,1.1624146
49280,0.27313232,-2.1514893,1.1688232
49281,0.42266846,-2.2149658,1.0881042
49282,0.42114258,-2.3013306,0.97885132
49283,0.44494629,-2.2853088,1.0475159
49284,0.47271728,-2.3051453,0.97961426
49285,0.45379639,-2.288208,0.97427368
49286,0.46844482,-2.3144531,0.82855225
49287,0.60180664,-2.3439026,0.8996582
49288,0.64926147,-2.253418,0.83557129
49289,0.6338501,-2.2703552,0.91293335
49290,0.67474365,-2.3477173,0.69580078
49291,0.87249756,-2.1772766,0.69671631
49292,0.53131103,-1.8183899,0.63751221
49293,0.74157715,-2.0843506,0.54702759
49294,0.72906494,-2.1270752,0.55236816
49295,0.90774536,-2.1354675,0.41870117
49296,0.80596924,-2.0928955,0.48797607
49297,0.79360962,-2.0889282,0.4258728
49298,0.965271,-2.0635986,0.24169922
49299,1.1146545,-2.0195007,0.20095825
49300,0.98480225,-1.9506836,0.03616333
49301,1.0888672,-2.0536804,-0.021057129
49302,1.1676025,-1.8455505,0.051269531
49303,1.0049438,-1.741333,0.074768066
49304,1.1631775,-1.8173218,-0.15426636
49305,1.138916,-1.7222595,-0.050048828
49306,1.1947632,-1.7546082,-0.10681152
49307,1.2457275,-1.7492676,-0.22277832
49308,1.2350464,-1.6345215,-0.11962891
49309,1.171875,-1.6708374,-0.46905518
49310,1.2477112,-1.6639709,-0.53115845
49311,1.2524414,-1.68396,-0.47317505
49312,1.2332153,-1.5472412,-0.66162109
49313,1.2698364,-1.4199829,-0.71594238
49314,1.280365,-1.3525391,-0.62774658
49315,1.2240601,-1.2536621,-0.5078125
49316,1.1268616,-1.2940979,-0.43319702
49317,1.0820007,-1.2211609,-0.52703857
49318,1.237793,-1.0914612,-0.65551758
49319,1.0935974,-1.2232971,-0.61767578
49320,1.1685181,-1.1442566,-0.84579468
49321,1.1917114,-1.0914612,-0.74478149
49322,1.0469055,-0.93032837,-0.67367554
49323,1.1465454,-0.85113525,-0.7850647
49324,1.0693359,-0.84640503,-0.84472656
49325,1.0394287,-0.76370239,-0.94024658
49326,1.1141968,-0.78308106,-1.0012817
49327,1.1572266,-0.75454712,-1.0716248
49328,0.99624634,-0.80917358,-1.0327148
49329,1.0192871,-0.62774658,-0.95947266
49330,1.0295105,-0.62011719,-1.098175
49331,1.0397339,-0.55175781,-1.1097717
49332,0.97015381,-0.47149658,-1.2477112
49333,0.87844849,-0.47241211,-1.1482239
49334,0.80917358,-0.25512695,-1.2213135
49335,0.81436157,-0.35079956,-1.1460876
49336,0.85220337,-0.32043457,-1.3513184
49337,0.87554932,-0.22277832,-1.0838318
49338,0.93826294,-0.29052734,-1.2075806
49339,0.83984375,-0.10498047,-1.1891174
49340,0.64239502,-0.090789795,-1.1613464
49341,0.51177978,-0.26565552,-1.3624573
49342,0.35919189,-0.29312134,-1.3690186
49343,0.41976929,0.13763428,-1.4025879
49344,0.53695679,0.28778076,-1.315918
49345,0.56976318,0.2923584,-1.3789368
49346,0.58258057,0.24795532,-1.3444519
49347,0.42999268,0.3112793,-1.5124512
49348,0.31463623,0.014953613,-1.3386536
49349,0.40679932,0.20629883,-1.4749146
49350,0.27282715,1.8348694,-1.1413574
49351,0.13549805,0.57693481,-1.28479
49352,0.045166016,0.53070068,-1.1595154
49353,0.042877197,0.67855835,-1.3134766
49354,0.066680908,0.8052063,-1.2910461
49355,-0.006713867,0.75164795,-1.1895752
49356,-0.058746338,0.80932617,-1.4530945
49357,-0.05355835,0.70098877,-1.2557983
49358,-0.071868896,0.75042725,-1.2542725
49359,-0.084838867,0.84350586,-1.1756897
49360,-0.28823853,0.84030151,-1.0765076
49361,-0.14465332,0.80337524,-1.1634827
49362,-0.27893066,0.8203125,-1.0603333
49363,-0.38543701,1.0223389,-0.9602356
49364,-0.41793823,1.0736084,-1.12854
49365,-0.4850769,1.0180664,-0.80307007
49366,-0.5090332,1.0762024,-1.0250854
49367,-0.53588867,1.192627,-1.0124207
49368,-0.62149048,1.1035156,-1.0704041
49369,-0.75088501,1.270752,-0.84320068
49370,-0.84472656,1.2432861,-0.82473755
49371,-0.89736938,1.3504028,-0.74874878
49372,-0.86578369,1.0955811,-0.83999634
49373,-0.99456787,1.3934326,-0.7673645
49374,-1.0035706,1.2419128,-0.78033447
49375,-1.0740662,1.275177,-0.85510254
49376,-1.1677551,1.4215088,-0.54824829
49377,-1.3189697,1.2532043,-0.53405762
49378,-1.2434387,1.3301086,-0.51773071
49379,-1.3328552,1.113739,-0.53268433
49380,-1.4082336,1.2675476,-0.26535034
49381,-1.5428162,1.3284302,-0.37734985
49382,-1.4915466,1.4649963,-0.22872925
49383,-1.4929199,1.3308716,-0.29510498
49384,-1.5684509,1.2896729,-0.13946533
49385,-1.7774963,1.35849,-0.074310303
49386,-1.8211365,0.9841919,-0.37857056
49387,-1.9866943,1.2249756,-0.11413574
49388,-1.8612671,1.3188171,-0.02532959
49389,-1.8641663,1.2216187,-0.008544922
49390,-1.6999817,1.1056519,-0.077209473
49391,-1.6880798,1.2081909,-0.025939941
49392,-1.6708374,1.1785889,0.15792847
49393,-1.9143677,1.2039185,0.31646728
49394,-1.9464111,0.92025757,0.20065308
49395,-1.8418884,0.9564209,0.33569336
49396,-1.8618774,0.97061157,0.2935791
49397,-1.8832397,0.98617554,0.46630859
49398,-1.9264221,0.94268799,0.40115356
49399,-1.9419861,0.92315674,0.57601929
49400,-2.0544434,0.89248657,0.48797607
49401,-2.0527649,0.92956543,0.52154541
49402,-2.1321106,0.82641602,0.62072754
49403,-2.1766663,0.80734253,0.73608398
49404,-2.0910645,0.75988769,0.64987183
49405,-2.1044922,0.51208496,0.77545166
49406,-2.2541809,0.66452026,0.95535278
49407,-2.1911621,0.38650513,0.70220947
49408,-2.2756958,0.50079346,0.81085205
49409,-2.2280884,0.57434082,1.0021973
49410,-2.1890259,0.58654785,0.76721191
49411,-2.2669983,0.41091919,0.74615478
49412,-2.2155762,0.3868103,1.072998
49413,-2.2471619,0.21362305,1.255188
49414,-2.0840454,0.1473999,1.2936401
49415,-2.2990417,0.12542725,1.4292908
49416,-2.1612549,0.89614868,1.2678528
49417,-2.1420288,0.20233154,1.3441467
49418,-2.1643066,0.28686523,1.5016174
49419,-2.091217,0.10284424,1.4430237
49420,-2.0770264,-0.032806396,1.4720154
49421,-2.0988464,-0.024719238,1.572876
49422,-2.0994568,-0.23605347,1.5376282
49423,-2.0773315,-0.25970459,1.5415955
49424,-1.9718933,-0.26931763,1.5878296
49425,-1.9877625,-0.3527832,1.6314697
49426,-1.9787598,-0.39413452,1.6499329
49427,-2.039032,-0.71807861,1.5444946
49428,-1.8821716,-0.63598633,1.5917969
49429,-1.9369507,-0.70770264,1.7098999
49430,-1.8395996,-0.85449219,1.6874695
49431,-1.8659973,-0.75378418,1.7010498
49432,-1.9412231,-0.73135376,1.739502
49433,-1.7723084,-0.91674805,1.7250061
49434,-1.8301392,-0.83694458,1.8859863
49435,-1.7933655,-1.0163879,1.7327881
49436,-1.7427063,-1.0307312,1.8249512
49437,-1.7619324,-1.0336304,1.7579651
49438,-1.8367004,-1.3227844,1.8452454
49439,-1.7041016,-1.0443115,1.8760681
49440,-1.5888977,-1.1190796,1.9711304
49441,-1.5794373,-1.2286377,1.917572
49442,-1.4350891,-1.3581848,1.9200134
49443,-1.446228,-1.3945007,2.0275879
49444,-1.4601135,-1.5350342,2.0704651
49445,-1.44104,-1.3644409,1.8916321
49446,-1.3122559,-1.4784241,1.7907715
49447,-1.292572,-1.6105652,1.6955566
49448,-1.2930298,-1.5122986,1.8515015
49449,-1.1375427,-1.5715027,1.9004822
49450,-1.0772705,-1.6893005,1.8865967
49451,-1.083374,-1.713562,1.938324
49452,-1.0766602,-1.8052673,1.8769836
49453,-0.96435547,-1.8739319,1.9293213
49454,-0.80276489,-2.015686,1.6378784
49455,-0.83221435,-2.1347046,1.6534424
49456,-0.74264526,-1.9818115,1.8800354
49457,-0.78521728,-1.8804932,1.9003296
49458,-0.51345825,-1.9740295,1.8354797
49459,-0.62103272,-1.9271851,1.8778992
49460,-0.37841797,-2.0167542,1.7604065
49461,-0.42907715,-1.8621826,1.8295288
49462,-0.45166016,-2.0251465,1.9017029
49463,-0.36132813,-2.0809937,1.8103027
49464,-0.36621094,-2.0806885,1.7391968
49465,-0.30426025,-2.2261047,1.6738892
49466,-0.19302368,-2.2557068,1.6821289
49467,-0.093994141,-2.1821594,1.5155029
49468,-0.1298523,-2.1365356,1.4460754
49469,-0.07598877,-2.2129822,1.4923096
49470,-0.001373291,-2.2355652,1.4126587
49471,0.012817383,-2.2431946,1.2243652
49472,0.13870239,-2.3469543,1.2255859
49473,0.13793945,-2.4291992,1.33255
49474,0.19302368,-2.3704529,1.2077332
49475,0.26092529,-2.3651123,1.1830139
49476,0.25299072,-2.3762512,1.2075806
49477,0.31997681,-2.3532104,1.197052
49478,0.37918091,-2.225647,1.1526489
49479,0.39596558,-2.1743774,1.133728
49480,0.45181274,-2.1923828,1.0644531
49481,0.5657959,-2.1893311,0.89828491
49482,0.61798096,-2.2077942,0.87890625
49483,0.69824219,-2.2383118,0.84228516
49484,0.72341919,-2.247467,0.90362549
49485,0.73699951,-2.4424744,0.6111145
49486,0.85586548,-2.1450806,0.71121216
49487,0.86746216,-2.3339844,0.48568726
49488,0.90744019,-2.0974731,0.57113647
49489,0.86990356,-2.1737671,0.59783935
49490,0.9185791,-2.1746826,0.32104492
49491,1.0043335,-2.2229004,0.28259277
49492,1.0224915,-2.2486877,0.26489258
49493,1.0697937,-2.2396851,0.24047852
49494,1.0542297,-2.3057556,0.18035889
49495,1.027832,-2.1409607,0.35247803
49496,0.97442627,-1.9232178,0.2722168
49497,1.0946655,-2.0126343,0.16830444
49498,1.0038757,-1.9534302,0.050201416
49499,1.1112976,-2.0927429,-0.094604492
49500,1.0334778,-1.9459534,-0.22659302
49501,1.086731,-2.0178223,-0.17501831
49502,1.118927,-1.8875122,-0.15258789
49503,1.1402893,-1.9036865,-0.18798828
49504,1.0350037,-1.8096924,-0.1965332
49505,1.2687683,-1.7294312,-0.30563355
49506,1.0939026,-1.6778564,-0.29571533
49507,1.1524963,-1.6184998,-0.42510986
49508,1.229248,-1.5254211,-0.44815064
49509,1.1335754,-1.4468384,-0.38253784
49510,1.2298584,-1.4875793,-0.42678833
49511,1.2802124,-1.4530945,-0.41503906
49512,1.260376,-1.5708923,-0.63919067
49513,1.1776733,-1.2612915,-0.60852051
49514,1.1361694,-1.2890625,-0.87707519
49515,1.1244202,-1.1401367,-0.6539917
49516,1.1923218,-1.1437988,-0.9211731
49517,1.2789917,-1.0281372,-0.97839356
49518,1.2812805,-0.98968506,-0.96038818
49519,1.2942505,-0.94055176,-0.99777222
49520,1.2797546,-0.87860107,-0.94573975
49521,1.053772,-0.79025269,-1.1071777
49522,1.2522888,-0.70037842,-0.97076416
49523,1.060791,-0.76400757,-1.0913086
49524,1.1042786,-0.67901611,-1.0388184
49525,1.1569214,-0.61950684,-1.0565186
49526,0.9777832,-0.49621582,-1.036377
49527,0.92163086,-0.51849365,-1.0574341
49528,1.1398315,-0.49331665,-1.0449219
49529,1.0473633,-0.47668457,-1.1228943
49530,1.1358643,-0.38894653,-1.0679626
49531,0.8670044,-0.4776001,-1.1895752
49532,1.0012817,-0.27053833,-1.1756897
49533,0.80810547,-0.23803711,-1.3061523
49534,0.85830688,-0.16418457,-1.3842773
49535,0.79574585,-0.10757446,-1.4770508
49536,0.78598022,-0.19012451,-1.4537048
49537,0.52734375,-0.24887085,-1.2904358
49538,0.45349121,-0.6326294,-1.4990234
49539,0.39825439,-0.13778687,-1.5090942
49540,0.43899536,0.025024414,-1.2254334
49541,0.45669556,0.40206909,-1.2506104
49542,0.4032898,0.34194946,-1.2536621
49543,0.43243408,0.37078857,-1.1698914
49544,0.37185669,0.23086548,-1.3800049
49545,0.36102295,0.48522949,-1.4175415
49546,0.19165039,0.34729004,-1.3809204
49547,0.22888184,0.42327881,-1.2341309
49548,0.22109985,0.80276489,-1.2019348
49549,0.029602051,0.65795898,-1.1967468
49550,0.22583008,0.77468872,-1.282196
49551,0.018920898,0.92407227,-1.3018799
49552,-0.11901856,0.75073242,-1.2734985
49553,-0.081481934,0.82397461,-1.2850952
49554,-0.10925293,0.87036133,-1.2356567
49555,-0.22094727,1.1465454,-1.0798645
49556,-0.340271,1.1947632,-1.10672
49557,-0.1550293,1.0966492,-1.1495972
49558,-0.40115356,1.1175537,-1.1773682
49559,-0.5166626,1.0469055,-1.2033081
49560,-0.50354004,0.9185791,-1.151886
49561,-0.64483643,0.94284058,-1.295166
49562,-0.60577393,0.94940185,-1.1534119
49563,-0.68756103,1.0462952,-1.0740662
49564,-0.7762146,1.3163757,-0.94894409
49565,-0.69030762,1.2527466,-0.8480835
49566,-0.81176758,1.4826965,-0.81558228
49567,-0.88607788,1.3186646,-0.76080322
49568,-0.70877075,1.1172485,-0.90393066
49569,-0.67611694,1.2667847,-0.75408935
49570,-0.98739624,1.292572,-0.64315796
49571,-1.0708618,1.4123535,-0.54870606
49572,-1.0961914,1.4149475,-0.57907104
49573,-1.2554932,1.4038086,-0.67260742
49574,-1.0491943,1.4460754,-0.54260254
49575,-1.2976074,1.4030457,-0.55984497
49576,-1.4039612,1.1628723,-0.39825439
49577,-1.3549805,1.1950684,-0.48461914
49578,-1.361084,1.3470459,-0.39505005
49579,-1.4489746,1.234436,-0.29541016
49580,-1.4588928,1.0798645,-0.36605835
49581,-1.4497375,1.264801,-0.29296875
49582,-1.5292358,1.0429382,-0.2255249
49583,-1.5879822,1.0758972,-0.079803467
49584,-1.6630554,1.0780334,0.012512207
49585,-1.6998291,1.1198425,-0.016937256
49586,-1.8392944,1.1393738,0.10375977
49587,-1.7323303,1.2110901,0.093078613
49588,-1.7492676,1.1369324,0.18966675
49589,-1.7695618,1.1404419,0.29586792
49590,-1.7707825,1.2019348,0.33859253
49591,-1.8423462,1.0209656,0.3565979
49592,-2.0457458,1.0421753,0.45227051
49593,-1.9769287,0.99487305,0.39871216
49594,-2.0704651,1.0987854,0.59707642
49595,-2.0854187,0.96420288,0.44342041
49596,-2.0710754,1.0217285,0.52017212
49597,-2.1166992,0.83190918,0.4675293
49598,-2.0849609,0.80078125,0.55130005
49599,-2.182312,0.67337036,0.55664063
49600,-2.1383667,0.70037842,0.675354
49601,-2.1612549,0.73822022,0.74249268
49602,-2.1333313,0.66345215,0.83511353
49603,-2.2393799,0.79162598,0.93826294
49604,-2.2117615,0.63400269,0.87402344
49605,-2.0954895,0.61004639,0.93643188
49606,-2.2244263,0.63812256,1.1352539
49607,-2.1386719,0.52001953,1.0137939
49608,-2.0983887,0.37628174,1.1933899
49609,-2.2593689,0.35202026,1.2004089
49610,-2.1458435,0.10879517,1.1402893
49611,-2.2138977,0.15701294,1.1502075
49612,-1.993103,0.0831604,1.3787842
49613,-2.0367432,0.15197754,1.3623047
49614,-2.1289063,0.079803467,1.3609314
49615,-2.0301819,0.14404297,0.96160889
49616,-2.0225525,-0.060424805,1.2512207
49617,-1.9467163,0.032958984,1.428833
49618,-2.0425415,-0.077972412,1.5368652
49619,-1.9894409,-0.23925781,1.7158508
49620,-2.0809937,-0.30975342,1.5730286
49621,-2.0419312,-0.39108276,1.6471863
49622,-2.0600891,-0.43792725,1.6915894
49623,-2.0603943,-0.35980225,1.7721558
49624,-2.0195007,-0.63949585,1.6931152
49625,-1.9255066,-0.67810059,1.6630554
49626,-1.9625854,-0.81634522,1.9110107
49627,-2.0303345,-0.87646484,1.9056702
49628,-1.842041,-0.97824097,1.9351196
49629,-1.8704224,-0.8354187,1.7982483
49630,-1.7327881,-0.92407227,1.8603516
49631,-1.7141724,-0.99212647,1.7980957
49632,-1.849823,-1.0725403,1.9610596
49633,-1.6262817,-1.1949158,2.0895386
49634,-1.690979,-1.2765503,1.8426514
49635,-1.7092896,-1.2219238,1.8167114
49636,-1.4155579,-1.108551,1.9795227
49637,-1.4653015,-1.2155151,1.9343567
49638,-1.5072632,-1.3900757,2.0463562
49639,-1.4860535,-1.383667,1.9903564
49640,-1.3787842,-1.4526367,1.9566345
49641,-1.3494873,-1.6827393,1.9410706
49642,-1.2791443,-1.6574097,1.9935608
49643,-1.1735535,-1.632843,1.9502258
49644,-1.2510681,-1.6299438,2.1798706
49645,-1.2435913,-1.5634155,2.0599365
49646,-1.1553955,-1.6493225,2.0278931
49647,-1.0760498,-1.8345642,1.9778442
49648,-0.91949463,-1.4279175,2.0838928
49649,-1.0092163,-1.6844177,1.9662476
49650,-0.962677,-1.7939758,2.0809937
49651,-0.75439453,-1.8946838,1.9973755
49652,-0.80169678,-1.8937683,1.9250488
49653,-0.72311401,-1.8875122,1.8856812
49654,-0.66329956,-2.0463562,1.8482971
49655,-0.63903809,-2.041626,1.8910217
49656,-0.67199707,-2.0791626,1.8309021
49657,-0.49682617,-2.230072,1.7034912
49658,-0.52001953,-2.1762085,1.6638184
49659,-0.4107666,-2.1685791,1.7628479
49660,-0.32684326,-2.0176697,1.7601013
49661,-0.22796631,-2.0706177,1.50177
49662,-0.17837524,-2.1697998,1.6183472
49663,-0.29037476,-2.3318481,1.6958618
49664,-0.001525879,-2.2721863,1.6886902
49665,-0.27145386,-2.4780273,1.6098022
49666,-0.059509277,-2.1723938,1.570282
49667,0.10299683,-2.4531555,1.3975525
49668,-0.063018799,-2.3085022,1.5994263
49669,0.096588135,-2.394104,1.3832092
49670,0.1512146,-2.2589111,1.3594055
49671,0.15090942,-2.4285889,1.3124084
49672,0.31143189,-2.4563599,1.2075806
49673,0.42999268,-2.4963379,1.2643433
49674,0.36926269,-2.4531555,1.0411072
49675,0.60195923,-2.4517822,1.0273743
49676,0.49057007,-2.4349976,0.94619751
49677,0.48568726,-2.2471619,1.0412598
49678,0.44494629,-2.5257874,1.0656738
49679,0.72265625,-2.1414185,1.0681152
49680,0.57983398,-2.0941162,0.78186035
49681,0.66619873,-2.3278809,0.75363159
49682,0.64605713,-2.1443176,0.89248657
49683,0.730896,-2.2651672,0.89538574
49684,0.87280273,-2.2798157,0.65719604
49685,0.83526611,-2.2625732,0.5581665
49686,0.75683594,-2.1247864,0.66177368
49687,0.96496582,-2.2470093,0.5770874
49688,0.93521118,-2.2453308,0.4196167
49689,0.90652466,-2.093811,0.30639648
49690,0.88516235,-2.0397949,0.43151856
49691,1.0331726,-2.1292114,0.24475098
49692,1.2609863,-2.0791626,0.19073486
49693,1.085968,-2.0355225,0.14434815
49694,1.0656738,-2.0384216,-0.11688232
49695,1.2446594,-1.9535828,0.07232666
49696,1.0603333,-1.9497681,0.090484619
49697,1.1929321,-1.987915,-0.077514648
49698,1.4108276,-1.9155884,0.008850098
49699,1.3699341,-2.1006775,-0.12268066
49700,1.3305664,-1.864624,-0.16983032
49701,1.3844299,-1.7550659,-0.27816772
49702,1.3053894,-1.6900635,-0.29968262
49703,1.4808655,-1.6107178,-0.47439575
49704,1.312561,-1.7041016,-0.4624939
49705,1.3526916,-1.7045593,-0.65032959
49706,1.2496948,-1.7118835,-0.68389893
49707,1.2374878,-1.6665649,-0.73486328
49708,1.2136841,-1.5068054,-0.70037842
49709,1.2808228,-1.2435913,-0.53726196
49710,1.2969971,-1.3677979,-0.66650391
49711,1.3215637,-1.3935852,-0.79788208
49712,1.3342285,-1.2541199,-0.73913574
49713,1.3383484,-1.3154602,-0.86853027
49714,1.3026428,-1.2475586,-0.7951355
49715,1.1975098,-1.2286377,-0.70297241
49716,1.2582397,-1.1972046,-0.7611084
49717,1.1352539,-0.90698242,-0.93811035
49718,1.1767578,-1.0612488,-0.92193603
49719,1.1627197,-0.86898804,-0.9727478
49720,1.28479,-1.0998535,-1.1012268
49721,1.1032104,-0.8984375,-0.96740723
49722,1.1392212,-0.78033447,-1.051178
49723,1.2239075,-0.64849853,-1.1407471
49724,1.0542297,-0.57235718,-1.3218689
49725,1.0700989,-0.51391602,-1.4118958
49726,0.84381103,-0.50170898,-1.3409424
49727,1.0778809,-0.31906128,-1.2840271
49728,0.91323853,-0.35064697,-1.2263489
49729,0.91918945,-0.32470703,-1.3713074
49730,0.87493897,-0.22323608,-1.3578796
49731,0.78323364,-0.17333984,-1.3121033
49732,0.87295532,0.066833496,-1.41922
49733,0.76400757,0.14419556,-1.3121033
49734,0.50994873,-0.14282227,-1.3729858
49735,0.61279297,-0.055999756,-1.6204834
49736,0.60668945,0.15029907,-1.5136719
49737,0.54199219,0.16281128,-1.6586304
49738,0.72494507,0.19638062,-1.6828918
49739,0.74020386,0.36911011,-1.5362549
49740,0.52688599,0.4019165,-1.5719604
49741,0.50354004,0.34454346,-1.4997864
49742,0.49743652,0.40374756,-1.4938354
49743,0.40145874,0.56915283,-1.4421082
49744,0.51589966,0.79147339,-1.4042664
49745,0.24795532,0.68527222,-1.3514709
49746,0.19561768,0.49133301,-1.3713074
49747,0.24795532,0.88088989,-1.5888977
49748,0.10040283,1.6525269,-1.5811157
49749,0.096435547,1.3775635,-1.4047241
49750,0.1008606,0.68939209,-1.4128113
49751,-0.000457764,0.83679199,-1.3308716
49752,-0.073242188,0.83602905,-1.2263489
49753,-0.092926025,0.81726074,-1.3116455
49754,-0.17303467,0.91690063,-1.2896729
49755,-0.1876831,1.1181641,-1.2852478
49756,-0.39031982,1.2434387,-1.1100769
49757,-0.30441284,1.1578369,-1.1639404
49758,-0.4460144,1.2071228,-1.0623169
49759,-0.44769287,1.2358093,-1.1196899
49760,-0.58364868,1.1547852,-1.0984802
49761,-0.58135986,1.2249756,-1.1244202
49762,-0.60668945,1.0968018,-1.068573
49763,-0.77606201,1.3925171,-0.9576416
49764,-0.80154419,1.3195801,-0.96588135
49765,-0.89385986,1.4077759,-0.91751099
49766,-1.0449219,1.289978,-0.81710815
49767,-0.94802856,1.3386536,-0.8744812
49768,-1.081543,1.3288879,-0.77209473
49769,-1.1483765,1.3650513,-0.68481445
49770,-1.192627,1.4358521,-0.64315796
49771,-1.1645508,1.3781738,-0.75286865
49772,-1.3208008,1.4881897,-0.72769165
49773,-1.287384,1.4942932,-0.50613403
49774,-1.2014771,1.5112305,-0.49682617
49775,-1.3064575,1.3470459,-0.36575317
49776,-1.3673401,1.2565613,-0.5039978
49777,-1.4138794,1.3439941,-0.56793213
49778,-1.5245056,1.2127686,-0.36865234
49779,-1.6714478,1.293335,-0.39733887
49780,-1.5914917,1.207428,-0.31173706
49781,-1.5733337,1.2367249,-0.18920898
49782,-1.5756226,1.2545776,-0.14083862
49783,-1.7300415,1.2171936,-0.047607422
49784,-1.728363,1.3461304,0.06729126
49785,-1.7625427,1.3098145,0.03326416
49786,-1.8125916,1.1183166,0.16235352
49787,-1.9213867,1.0700989,0.18676758
49788,-1.9189453,1.0261536,0.2482605
49789,-1.8469238,1.1077881,0.19058228
49790,-1.8865967,1.2689209,0.36865234
49791,-2.0333862,0.90545654,0.31097412
49792,-2.1658325,0.98022461,0.45379639
49793,-2.0500183,1.0562134,0.53344727
49794,-2.1946716,0.9777832,0.51422119
49795,-2.0944214,0.79498291,0.59814453
49796,-2.1298218,0.8039856,0.80291748
49797,-2.1786499,0.83892822,0.83267212
49798,-2.1556091,0.8895874,0.7019043
49799,-2.2021484,0.86669922,0.81390381
49800,-2.0849609,0.78292847,0.91125488
49801,-2.2421265,0.75637817,0.88562012
49802,-2.2666931,0.67825317,0.94238281
49803,-2.2090149,0.59173584,0.9022522
49804,-2.2669983,0.61096191,0.97488403
49805,-2.154541,1.098938,1.0682678
49806,-2.1618652,0.66680908,1.1793518
49807,-2.1299744,0.28396606,1.2007141
49808,-2.0581055,0.25207519,1.1431885
49809,-2.1382141,0.13595581,1.0482788
49810,-2.2660828,0.3237915,1.2443542
49811,-2.2969055,0.11627197,1.3363647
49812,-2.2711182,0.026855469,1.3293457
49813,-2.3190308,0.084381104,1.1125183
49814,-2.2146606,0.090942383,1.3316345
49815,-1.9775391,0.52459717,1.4866638
49816,-2.0767212,0.59494019,1.4337158
49817,-2.1728516,1.3722229,1.5661621
49818,-2.053833,-0.33706665,1.6264343
49819,-2.2518921,-0.34439087,1.6622925
49820,-2.1603394,-0.39276123,1.6796875
49821,-2.013855,-0.41473389,1.6690063
49822,-1.9296265,-0.2822876,1.6737366
49823,-1.9384766,-0.38528442,1.6505432
49824,-2.1081543,-0.56533813,1.7913818
49825,-1.8913269,-0.7345581,1.6854858
49826,-1.918335,-0.69015503,1.6625977
49827,-2.0201111,-0.70373535,1.8299866
49828,-1.8829346,-0.58822632,1.9297791
49829,-1.8391418,-0.77819824,1.8579102
49830,-1.7819214,-0.93505859,1.8321228
49831,-1.7424011,-1.0848999,1.9616699
49832,-1.6567993,-1.1245728,1.8231201
49833,-1.6355896,-1.2301636,1.927948
49834,-1.7735291,-1.2567139,1.9407654
49835,-1.8107605,-1.1607361,1.914978
49836,-1.723175,-1.1369324,1.9070435
49837,-1.4266968,-1.0121155,2.0069885
49838,-1.5313721,-1.2918091,1.9500732
49839,-1.4239502,-1.4108276,1.9291687
49840,-1.3652039,-1.8493652,1.9422913
49841,-1.4605713,-1.7008972,1.8478394
49842,-1.3127136,-1.9076538,1.9467163
49843,-1.3526916,-1.8333435,1.8145752
49844,-1.2271118,-1.8927002,1.875
49845,-1.1726379,-1.8251038,1.9670105
49846,-1.0565186,-1.8374634,1.9555664
49847,-1.0766602,-1.8589783,2.0089722
49848,-1.0507202,-1.8829346,1.965332
49849,-0.97167969,-1.8998718,2.0185852
49850,-0.90438843,-1.9204712,1.9955444
49851,-0.67214966,-1.8742371,1.880188
49852,-0.68222046,-1.9068909,1.8878174
49853,-0.72860718,-1.857605,1.9139099
49854,-0.71380615,-1.7541504,1.8563843
49855,-0.57128906,-1.7550659,1.8069458
49856,-0.51971435,-1.8002319,1.6802979
49857,-0.54046631,-2.2297668,1.6612244
49858,-0.54534912,-2.2782898,1.7018127
49859,-0.4850769,-2.1191406,1.6390991
49860,-0.36315918,-2.2241211,1.6668701
49861,-0.38238525,-2.2428894,1.6723633
49862,-0.24841309,-2.3193359,1.5461731
49863,-0.2355957,-2.2575378,1.4430237
49864,-0.065612793,-2.06604,1.4654541
49865,0.064544678,-2.0368958,1.6503906
49866,-0.22857666,-1.8254089,1.5859985
49867,-0.043945313,-2.0916748,1.4979553
49868,0.019836426,-1.9830322,1.4054871
49869,-0.051574707,-2.1086121,1.3552856
49870,0.15945435,-2.3362732,1.2898254
49871,0.24658203,-2.4575806,1.3136291
49872,0.25634766,-2.480011,1.2440491
49873,0.38360596,-2.3431396,1.2023926
49874,0.49407959,-2.4110413,1.1044312
49875,0.38482666,-2.4690247,1.111145
49876,0.49560547,-2.4879456,1.0536194
49877,0.50460815,-2.5021362,1.0255432
49878,0.65612793,-2.4710083,0.85128784
49879,0.62057495,-2.5234985,0.81390381
49880,0.67871094,-2.4658203,0.61340332
49881,0.59539795,-2.3791504,0.74996948
49882,0.80230713,-2.2567749,0.70755005
49883,0.81878662,-2.4290466,0.55999756
49884,0.6993103,-2.3275757,0.46081543
49885,0.89141846,-2.2328186,0.54870606
49886,0.88104248,-2.2538757,0.54519653
49887,0.90377808,-2.2674561,0.54397583
49888,1.0308838,-2.1440125,0.3616333
49889,0.87921143,-2.1336365,0.28045654
49890,0.92330933,-2.1646118,0.24154663
49891,0.99960327,-2.2715759,0.23895264
49892,1.0453796,-2.2229004,0.13427734
49893,1.1581421,-2.1060181,0.19561768
49894,0.9564209,-2.0425415,0.25344849
49895,1.0884094,-2.0133972,0.097503662
49896,1.2409973,-1.8286133,0.12466431
49897,1.1239624,-1.9612122,0.04699707
49898,1.0699463,-1.9976807,0.01159668
49899,1.100769,-1.9696045,-0.18630981
49900,1.1967468,-1.8334961,-0.16860962
49901,1.0723877,-1.8984985,-0.33660889
49902,1.1808777,-1.7303467,-0.27938843
49903,1.187439,-1.7088318,-0.35461426
49904,1.2203979,-1.7001343,-0.46768189
49905,1.1769104,-1.5637207,-0.60821533
49906,1.1061096,-1.6020203,-0.5027771
49907,1.1225891,-1.6122437,-0.47363281
49908,1.1927795,-1.446991,-0.63140869
49909,1.3357544,-1.3249207,-0.64590454
49910,1.2989807,-1.2669373,-0.72006226
49911,1.3525391,-1.0946655,-0.83602905
49912,1.2405396,-0.95840454,-0.8253479
49913,1.1856079,-0.88851929,-0.82443237
49914,1.1048889,-0.91812134,-0.78323364
49915,1.2553406,-0.95428467,-0.86929321
49916,1.0690308,-1.0501099,-0.97717285
49917,1.058197,-0.96221924,-0.95565796
49918,1.1238098,-0.9298706,-0.98602295
49919,1.1024475,-0.81069946,-0.89828491
49920,0.93200684,-0.66452026,-0.97824097
49921,0.99487305,-0.59677124,-0.92010498
49922,0.98953247,-0.65704346,-0.96755981
49923,0.88821411,-0.56777954,-0.94329834
49924,0.8908081,-0.48812866,-0.97930908
49925,0.78674316,-0.418396,-1.0816956
49926,0.87219238,-0.33493042,-1.1375427
49927,0.79467773,-0.30303955,-1.1946106
49928,0.76385498,-0.337677,-1.1462402
49929,0.92163086,-0.20965576,-1.1813354
49930,0.76690674,-0.14541626,-1.2391663
49931,0.82168579,-0.02746582,-1.2216187
49932,0.58319092,-0.047454834,-1.3041687
49933,0.65505981,-0.018310547,-1.2809753
49934,0.24505615,-0.41015625,-1.57547
49935,0.13153076,-0.42785644,-1.569519
49936,0.51467896,-0.16357422,-1.4073181
49937,0.51452637,-0.020599365,-1.2738037
49938,0.31845093,0.30609131,-1.1373901
49939,0.50460815,0.38330078,-1.1480713
49940,0.34362793,0.16998291,-1.2680054
49941,0.32989502,0.41503906,-1.3653564
49942,0.36254883,0.4460144,-1.6375732
49943,0.41137695,0.15228272,-1.2756348
49944,0.41046143,0.574646,-1.134491
49945,0.24993897,0.24047852,-1.1691284
49946,0.080566406,0.21942139,-1.2480164
49947,0.046386719,0.18341065,-1.1793518
49948,-0.010070801,0.15090942,-1.1585999
49949,-0.16448975,0.28381348,-1.2240601
49950,0.050048828,0.59814453,-1.2625122
49951,-0.20507813,1.3415527,-1.3046265
49952,-0.15792847,0.73242188,-1.3043213
49953,-0.21392822,0.9487915,-1.2649536
49954,-0.28015137,0.98327637,-1.1598206
49955,-0.2645874,1.0153198,-1.1134338
49956,-0.45730591,1.1088562,-1.0577393
49957,-0.55267334,1.0153198,-0.92849731
49958,-0.56457519,1.0842896,-1.0334778
49959,-0.69854736,1.1459351,-0.93978882
49960,-0.66711426,1.1653137,-0.90011597
49961,-0.69152832,1.2242126,-0.9211731
49962,-0.74020386,1.2646484,-0.81008911
49963,-0.86395264,1.1227417,-0.8694458
49964,-0.98220825,1.149292,-0.84335327
49965,-1.0113525,1.1283875,-0.72387695
49966,-0.96710205,1.1526489,-0.67352295
49967,-0.99243164,1.1779785,-0.65124512
49968,-1.0713196,1.1901855,-0.71884155
49969,-1.3252258,1.1732483,-0.49118042
49970,-1.2072754,1.1250305,-0.61462402
49971,-1.1697388,1.2290955,-0.49560547
49972,-1.2710571,1.1076355,-0.44052124
49973,-1.4120483,1.2400818,-0.3237915
49974,-1.3313293,1.2713623,-0.36575317
49975,-1.4044189,1.3064575,-0.25772095
49976,-1.3265991,1.2338257,-0.30609131
49977,-1.4382935,1.2886047,-0.24642944
49978,-1.4979553,1.2138367,-0.22949219
49979,-1.6088867,1.1914063,-0.12115479
49980,-1.587677,1.1132813,-0.072479248
49981,-1.5673828,1.0760498,0.006103516
49982,-1.5307617,1.1524963,0.079345703
49983,-1.8247986,1.0600281,0.22537231
49984,-1.658783,0.97839356,0.10513306
49985,-1.7358398,1.005249,0.31936645
49986,-1.819458,0.9677124,0.13626099
49987,-1.8107605,1.1257935,0.35339356
49988,-1.7584229,1.0327148,0.30197144
49989,-1.8167114,1.0064697,0.37277222
49990,-1.8510437,0.92437744,0.45898438
49991,-1.9076538,0.87707519,0.4234314
49992,-1.9436646,0.94055176,0.37139893
49993,-1.9448853,0.74859619,0.68603516
49994,-1.8711853,0.82901001,0.53192139
49995,-1.7611694,0.56503296,0.57571411
49996,-1.9552612,0.7371521,0.64910889
49997,-2.1194458,0.70526123,0.58364868
49998,-1.9366455,0.67993164,0.68283081
49999,-1.8417358,0.68145752,0.77835083
50000,-1.9815063,0.77880859,0.90484619
50001,-1.973877,0.5619812,1.0388184
50002,-1.9973755,0.47271728,0.95535278
50003,-2.0167542,0.23284912,0.95367432
50004,-2.0950317,0.27908325,1.0673523
50005,-2.0812988,0.44143677,1.1218262
50006,-1.9526672,0.20385742,1.0084534
50007,-1.9340515,0.22293091,1.0728455
50008,-1.9061279,0.27603149,1.0098267
50009,-1.938324,0.13717651,1.2686157
50010,-2.0288086,-0.10543823,1.5138245
50011,-1.9969177,-0.079345703,1.2791443
50012,-1.7533875,-0.1335144,1.0673523
50013,-1.9035339,-0.2204895,1.1993408
50014,-1.8887329,-0.2204895,1.3552856
50015,-1.9741821,-0.27389526,1.2944031
50016,-2.0361328,-0.59020996,1.3577271
50017,-1.8806458,-0.55236816,1.5623474
50018,-1.8516541,-0.31463623,1.6665649
50019,-1.9967651,0.017547607,1.5588379
50020,-1.8424988,-0.39215088,1.4794922
50021,-2.074585,-0.62271118,1.6156006
50022,-1.8583679,-0.60379028,1.6737366
50023,-1.9018555,-0.48355103,1.6716003
50024,-1.9371033,-0.88317871,1.8395996
50025,-1.8670654,-0.92849731,1.7443848
50026,-1.7474365,-0.89599609,1.7471313
50027,-1.9384766,-0.96008301,1.7367554
50028,-1.6763306,-1.2084961,1.6220093
50029,-1.6760254,-1.2306213,1.6473389
50030,-1.7320251,-1.1878967,1.6822815
50031,-1.6429138,-1.2957764,1.8112183
50032,-1.5257263,-1.0606384,1.7727661
50033,-1.4779663,-1.2246704,1.3452148
50034,-1.2805176,-1.396637,1.6186523
50035,-1.5362549,-1.4025879,1.8473816
50036,-1.3552856,-1.34552,2.008667
50037,-1.3017273,-1.5213013,1.7546082
50038,-1.2658691,-1.5739441,1.6674805
50039,-1.3710022,-1.6088867,1.6511536
50040,-1.2867737,-1.7070007,1.7793274
50041,-1.1073303,-1.7495728,1.8136597
50042,-1.1903381,-1.6999817,1.8585205
50043,-1.0345459,-1.6416931,1.9404602
50044,-0.92330933,-1.7785645,1.7800903
50045,-0.93795776,-1.6117859,1.8305969
50046,-0.83801269,-1.71875,1.7956543
50047,-0.85540772,-1.8432617,1.8127441
50048,-0.7371521,-1.8136597,1.8179321
50049,-0.78125,-1.8875122,1.7114258
50050,-0.72616577,-1.7355347,1.6401672
50051,-0.71868897,-2.0021057,1.6731262
50052,-0.57296753,-2.0892334,1.5307617
50053,-0.56335449,-2.1333313,1.5148926
50054,-0.45715332,-2.1676636,1.5927124
50055,-0.48278809,-2.1615601,1.5985107
50056,-0.35263061,-2.1640015,1.545105
50057,-0.26687622,-2.230835,1.6389465
50058,-0.28915405,-2.1473694,1.5354919
50059,-0.18981934,-2.1418762,1.5605164
50060,-0.18066406,-2.2705078,1.5661621
50061,-0.25253296,-2.3483276,1.4154053
50062,-0.12802124,-2.4450684,1.4213562
50063,-0.16723633,-2.2331238,1.2776184
50064,0.055236816,-2.4021912,1.37146
50065,-0.008392334,-2.338562,1.4440918
50066,0.10894775,-2.220459,1.1885071
50067,0.12161255,-2.1669006,1.2678528
50068,0.15884399,-2.1147156,1.1383057
50069,0.2003479,-2.4261475,0.97045898
50070,0.38146973,-2.1681213,0.98449707
50071,0.46234131,-2.2114563,0.93826294
50072,0.32287598,-2.2663879,1.0635376
50073,0.37490845,-2.3632813,1.0461426
50074,0.55892944,-2.2996521,0.85098267
50075,0.50933838,-2.1310425,0.94085693
50076,0.72021484,-2.0372009,0.85449219
50077,0.5897522,-2.0613098,0.7434082
50078,0.62988281,-2.1098328,0.66314697
50079,0.6413269,-2.1780396,0.61981201
50080,0.76797485,-2.1525574,0.59555054
50081,0.81848144,-2.1791077,0.56274414
50082,0.7963562,-2.121582,0.51727295
50083,0.85449219,-1.9844055,0.41351318
50084,0.8581543,-2.046814,0.39978027
50085,0.92086792,-2.0445251,0.3678894
50086,0.9223938,-1.9094849,0.33813477
50087,0.94085693,-2.0533752,0.21697998
50088,0.9173584,-2.0449829,0.21514893
50089,0.96420288,-2.0397949,0.20812988
50090,1.0168457,-1.9000244,0.18218994
50091,1.0108948,-1.7443848,0.21316528
50092,1.1218262,-1.7007446,0.059204102
50093,1.0281372,-1.64505,0.082855225
50094,1.0871887,-1.756897,0.12283325
50095,1.2055969,-1.6564941,-0.057678223
50096,1.0116577,-1.5658569,-0.15075684
50097,0.98220825,-1.6638184,-0.24963379
50098,1.0351563,-1.6508484,-0.31768799
50099,0.96557617,-1.7076111,-0.25848389
50100,1.0418701,-1.6636658,-0.49743652
50101,1.0302734,-1.6043091,-0.39794922
50102,1.0881042,-1.5492249,-0.37261963
50103,1.1572266,-1.3108826,-0.43380737
50104,1.0112,-1.2391663,-0.49987793
50105,1.1506653,-1.1541748,-0.59616089
50106,1.0699463,-1.1225891,-0.40252686
50107,1.1413574,-1.1032104,-0.6362915
50108,1.0498047,-1.0432434,-0.54504394
50109,0.99426269,-0.87249756,-0.66207886
50110,1.0583496,-0.86273193,-0.65551758
50111,0.93170166,-0.92376709,-0.78353882
50112,1.0342407,-0.91400147,-0.92102051
50113,1.1099243,-0.71121216,-0.80062866
50114,1.0084534,-0.78781128,-1.0198975
50115,1.0012817,-0.66925049,-0.78933716
50116,0.96328735,-0.71838379,-0.97122192
50117,0.64071655,-0.65353394,-0.92269897
50118,0.93307495,-0.54077148,-0.82244873
50119,0.71243286,-0.58197022,-0.9298706
50120,0.83267212,-0.36102295,-1.0391235
50121,0.72494507,-0.37399292,-1.1550903
50122,0.79818726,-0.21057129,-1.0646057
50123,0.88546753,-0.27191162,-1.1236572
50124,0.75988769,-0.26626587,-1.1201477
50125,0.6741333,-0.24154663,-1.2158203
50126,0.74996948,-0.15472412,-1.1766052
50127,0.60180664,-0.27999878,-1.2057495
50128,0.48721314,0.011444092,-1.229248
50129,0.29022217,-0.10040283,-1.3781738
50130,0.2470398,-0.16357422,-1.3412476
50131,0.64758301,0.038757324,-1.211853
50132,0.44891357,0.23132324,-1.2426758
50133,0.32501221,0.12664795,-1.2145996
50134,0.46813965,0.21911621,-1.0603333
50135,0.41519165,0.22399902,-1.1695862
50136,0.28839111,0.37689209,-1.2260437
50137,0.19836426,0.26245117,-1.3275146
50138,0.084228516,0.3515625,-1.2838745
50139,0.020446777,0.37918091,-1.1399841
50140,-0.031433105,0.89996338,-1.2054443
50141,-0.026855469,0.72769165,-1.4811707
50142,0.009765625,0.6918335,-1.1529541
50143,-0.077819824,0.53604126,-1.1021423
50144,-0.088806152,0.68145752,-1.1462402
50145,-0.2432251,0.6703186,-1.1303711
50146,-0.29083252,0.66864014,-1.0192871
50147,-0.30105591,0.61721802,-1.0389709
50148,-0.28625488,0.72601318,-1.0324097
50149,-0.44677734,0.90133667,-0.9135437
50150,-0.36148071,0.84320068,-0.88684082
50151,-0.54473877,0.92559815,-0.94360352
50152,-0.56884766,1.0321045,-1.0801697
50153,-0.58059692,1.0168457,-0.78201294
50154,-0.63781738,0.93414307,-0.97167969
50155,-0.70068359,0.99807739,-0.96923828
50156,-0.77560425,0.97900391,-0.85861206
50157,-0.69519043,1.0389709,-0.95550537
50158,-0.72097778,1.181488,-0.92285156
50159,-0.74554443,1.2867737,-0.88180542
50160,-0.81604004,1.2890625,-0.81039429
50161,-0.81130981,1.1688232,-0.74951172
50162,-1.0403442,1.1122131,-0.62057495
50163,-1.0583496,1.1898804,-0.69168091
50164,-1.0800171,1.1169434,-0.6048584
50165,-1.1523438,1.1112976,-0.54992676
50166,-1.109314,1.0713196,-0.39855957
50167,-1.2451172,1.3105774,-0.32180786
50168,-1.1421204,1.1366272,-0.43823242
50169,-1.3224792,1.0572815,-0.29800415
50170,-1.399231,1.0035706,-0.15563965
50171,-1.5632629,0.50613403,-0.62225342
50172,-1.4884949,0.83206177,-0.15350342
50173,-1.3305664,1.0636902,-0.20095825
50174,-1.5063477,0.97000122,-0.12664795
50175,-1.5415955,0.96679688,-0.20370483
50176,-1.5473938,1.0308838,0.068817139
50177,-1.6241455,1.0159302,-0.06652832
50178,-1.6720581,0.97595215,0.025634766
50179,-1.7286682,1.0916138,0.14526367
50180,-1.7147827,0.912323,0.36865234
50181,-1.638031,0.95046997,0.33355713
50182,-1.7224121,0.8555603,0.40756226
50183,-1.8019104,0.82824707,0.48660278
50184,-1.817627,1.0621643,0.49484253
50185,-1.7237854,0.80078125,0.50537109
50186,-1.8505859,0.82809448,0.49697876
50187,-1.8710327,0.90301514,0.51712036
50188,-1.8110657,0.77484131,0.75897217
50189,-1.7724609,0.86120606,0.6489563
50190,-1.8908691,0.74325562,0.74035644
50191,-1.9633484,0.65490723,0.76141357
50192,-1.955719,0.62698364,0.76080322
50193,-1.9891357,0.50369263,0.80261231
50194,-1.8913269,0.55587769,0.70800781
50195,-2.0126343,0.42694092,0.71060181
50196,-2.0825195,0.20751953,0.86578369
50197,-2.0909119,0.39077759,0.81817627
50198,-1.9590759,0.31921387,0.98999023
50199,-1.9859314,0.23223877,0.95214844
50200,-1.971283,0.13397217,1.0952759
50201,-1.9534302,0.10253906,1.0900879
50202,-1.925354,0.097961426,1.0610962
50203,-2.0030212,-0.044708252,1.2771606
50204,-2.0761108,-0.02822876,1.3818359
50205,-1.9548035,0.021972656,1.3699341
50206,-1.9091797,-0.12741089,1.4619446
50207,-2.0848083,-0.21286011,1.2969971
50208,-2.0803833,-0.32699585,1.3160706
50209,-1.9485474,-0.19683838,1.5130615
50210,-1.9851685,-0.32348633,1.177063
50211,-1.8803406,-0.39245606,1.386261
50212,-1.9821167,-0.29190064,1.5058899
50213,-1.9068909,-0.37948608,1.451416
50214,-1.897583,-0.57434082,1.6044617
50215,-1.7669678,-0.63186646,1.631012
50216,-1.8048096,-0.48294067,1.5481567
50217,-1.743927,-0.46066284,1.5008545
50218,-1.7175293,-0.72235107,1.6378784
50219,-1.8261719,-0.7421875,1.7675781
50220,-1.6575623,-0.9664917,1.9122314
50221,-1.723938,-1.108551,1.738739
50222,-1.7678833,-0.82046509,1.9587708
50223,-1.7901611,-0.98907471,1.8188477
50224,-1.7565918,-0.9828186,1.8891907
50225,-1.7388916,-1.0041809,1.9873047
50226,-1.5376282,-0.98800659,1.7686462
50227,-1.6268921,-1.4042664,1.5983582
50228,-1.4350891,-1.2487793,1.6685486
50229,-1.3496399,-1.4700317,1.7456055
50230,-1.3148499,-1.320343,1.7498779
50231,-1.300354,-1.3949585,1.8572998
50232,-1.3009644,-1.4894104,1.6487122
50233,-1.2548828,-1.3911438,1.8243408
50234,-1.2597656,-1.394043,1.7636108
50235,-1.153717,-1.5150452,1.399231
50236,-1.1889648,-1.4402771,1.8161011
50237,-0.9727478,-1.5576172,1.751709
50238,-0.89935303,-1.5397644,1.6917419
50239,-0.90270996,-1.5765381,1.7764282
50240,-0.95916748,-1.8447876,1.7419434
50241,-0.77972412,-1.829834,1.7738342
50242,-0.82931519,-1.7948914,1.6392517
50243,-0.69961548,-1.8167114,1.5838623
50244,-0.71090698,-1.8795776,1.5307617
50245,-0.62835693,-1.9726563,1.6087341
50246,-0.68908691,-1.9363403,1.7269897
50247,-0.5065918,-1.8824768,1.7500305
50248,-0.41427612,-1.8139648,1.7129517
50249,-0.3604126,-1.9815063,1.7044067
50250,-0.38375855,-2.0162964,1.6230774
50251,-0.25848389,-2.0735168,1.6175842
50252,-0.18722534,-2.1710205,1.6397095
50253,-0.25222778,-2.0988464,1.5182495
50254,-0.25115967,-1.9577026,1.5074158
50255,-0.06439209,-2.0024109,1.4202881
50256,-0.056610107,-2.1517944,1.4147949
50257,-0.057373047,-2.171936,1.3734436
50258,0.009918213,-2.3202515,1.3632202
50259,-0.005340576,-2.4118042,1.3446045
50260,-0.10162354,-2.288208,1.2457275
50261,0.089111328,-2.2521973,1.1175537
50262,0.18218994,-2.1955872,1.078186
50263,0.2607727,-2.1960449,1.0452271
50264,0.27359009,-2.1614075,1.1178589
50265,0.31326294,-2.0622253,0.96511841
50266,0.49530029,-2.0336914,0.82305908
50267,0.38970947,-2.0425415,0.88073731
50268,0.42785644,-2.0100403,0.87753296
50269,0.45715332,-2.0768738,0.88134766
50270,0.56671143,-2.1131897,0.85449219
50271,0.55175781,-2.0797729,0.72814941
50272,0.66345215,-2.0231628,0.63796997
50273,0.61798096,-1.8840027,0.66162109
50274,0.70770264,-2.2242737,0.73638916
50275,0.72067261,-2.0787048,0.48522949
50276,0.7661438,-1.960907,0.37414551
50277,0.83053589,-2.0556641,0.45730591
50278,0.8782959,-1.9541931,0.41931152
50279,0.91156006,-2.0300293,0.35980225
50280,0.81253052,-1.7599487,0.41564941
50281,0.89035034,-1.9624329,0.19515991
50282,0.9576416,-1.8655396,0.14251709
50283,1.0079956,-1.8481445,0.2142334
50284,1.0456848,-1.9642639,-0.062255859
50285,1.0923767,-1.8266296,0.037689209
50286,1.0430908,-1.7869568,0.062866211
50287,1.0580444,-1.7222595,-0.044403076
50288,1.1100769,-1.7611694,0.054016113
50289,1.1911011,-1.7752075,-0.13320923
50290,1.0652161,-1.6844177,-0.14266968
50291,1.1169434,-1.6862488,-0.2494812
50292,1.091156,-1.6355896,-0.39581299
50293,1.178894,-1.5357971,-0.49240112
50294,1.1856079,-1.592865,-0.34255981
50295,1.1669922,-1.4501953,-0.49224853
50296,1.1776733,-1.366272,-0.5090332
50297,1.1555481,-1.4282227,-0.4989624
50298,1.0549927,-1.2342834,-0.47317505
50299,1.0406494,-1.1592102,-0.58166504
50300,1.0955811,-1.2045288,-0.71990967
50301,1.1068726,-1.0887146,-0.81466675
50302,1.027832,-0.98388672,-0.63034058
50303,1.1154175,-0.94314575,-0.70739746
50304,1.0847473,-0.90988159,-0.71273804
50305,0.92575073,-0.90454102,-0.72143555
50306,0.96618652,-0.74371338,-0.78918457
50307,0.98648071,-0.87051392,-0.83068848
50308,0.92575073,-0.64605713,-0.81085205
50309,0.95596313,-0.82138062,-0.97351074
50310,1.0401916,-0.65429688,-0.81756592
50311,1.0241699,-0.70281982,-1.0684204
50312,1.0232544,-0.5355835,-0.95703125
50313,0.95504761,-0.52566528,-1.230011
50314,1.0954285,-0.4258728,-1.1140442
50315,0.94482422,-0.42755127,-1.2280273
50316,1.0499573,-0.27877808,-1.1373901
50317,0.79742432,-0.1449585,-1.2976074
50318,0.73486328,-0.16555786,-1.1274719
50319,0.83328247,-0.1499939,-1.1383057
50320,0.8152771,-0.002593994,-1.2754822
50321,0.79071045,-0.094451904,-1.1952209
50322,0.74920654,-0.063934326,-1.2478638
50323,0.62698364,-0.0340271,-1.3520813
50324,0.61065674,0.048828125,-1.1790466
50325,0.58898926,0.13565063,-1.4411926
50326,0.66482544,0.29953003,-1.4328003
50327,0.42068481,0.47012329,-1.3543701
50328,0.40527344,0.23391724,-1.4445496
50329,0.20568848,0.30517578,-1.2908936
50330,0.25970459,0.37506103,-1.2753296
50331,0.18432617,0.38253784,-1.2454224
50332,0.20431519,0.56503296,-1.2919617
50333,0.14007568,0.4560852,-1.3021851
50334,0.18310547,0.41900635,-1.1697388
50335,0.081939697,0.56732178,-1.0766602
50336,0.12893677,0.71365356,-0.9841919
50337,-0.079803467,0.78399658,-1.0122681
50338,-0.036010742,0.75866699,-1.0588074
50339,-0.044708252,0.7498169,-1.1418152
50340,-0.22003174,0.89279175,-1.2091064
50341,-0.23071289,0.92926025,-1.0835266
50342,-0.35964966,1.0072327,-1.2124634
50343,-0.37200928,0.95947266,-1.3475037
50344,-0.45959473,0.98999023,-1.0641479
50345,-0.47683716,0.93704224,-1.2310791
50346,-0.56365967,0.96130371,-1.0046387
50347,-0.60562134,1.0235596,-0.87402344
50348,-0.61279297,1.0784912,-0.86181641
50349,-0.68481445,0.9689331,-0.88500977
50350,-0.76004028,1.1605835,-0.84915161
50351,-0.71578979,1.2434387,-0.78338623
50352,-0.91827393,1.3226318,-0.85189819
50353,-0.81771851,1.2319946,-0.69885254
50354,-0.89614868,1.0910034,-0.66314697
50355,-0.92758179,1.078186,-0.73150635
50356,-1.0249329,0.99792481,-0.73577881
50357,-1.151123,1.2078857,-0.72433472
50358,-1.05896,1.3510132,-0.47821045
50359,-1.1062622,1.3275146,-0.35064697
50360,-1.1546326,1.2556458,-0.51055908
50361,-1.3137817,1.2231445,-0.44952393
50362,-1.3920593,1.1990356,-0.3894043
50363,-1.4775085,1.269989,-0.30670166
50364,-1.4923096,1.1975098,-0.40893555
50365,-1.3470459,1.0769653,-0.31112671
50366,-1.4065552,1.0906982,-0.088348389
50367,-1.408844,0.69885254,-0.18753052
50368,-1.421814,1.0209656,-0.16723633
50369,-1.6235352,1.0159302,0.053100586
50370,-1.6123962,1.0501099,0.001220703
50371,-1.7240906,1.0400391,0.15579224
50372,-1.6471863,1.025238,0.28778076
50373,-1.7849731,0.94818115,0.13931274
50374,-1.6575623,1.1676025,0.19729614
50375,-1.7344666,1.1387634,0.25634766
50376,-1.9226074,0.94207764,0.39657593
50377,-1.8763733,1.0113525,0.30548096
50378,-2.0185852,1.0644531,0.55938721
50379,-1.9816589,1.1865234,0.51147461
50380,-2.0404053,0.98999023,0.5116272
50381,-2.0132446,0.94360352,0.44647217
50382,-1.9348145,0.8895874,0.66894531
50383,-1.9876099,0.92681885,0.55862427
50384,-1.975708,0.89767456,0.58837891
50385,-1.8681335,0.69992065,0.70831299
50386,-1.9250488,0.78613281,0.81802368
50387,-1.9483948,0.63339233,0.83007813
50388,-2.0497131,0.63140869,0.69488525
50389,-2.0962524,0.68389893,0.99792481
50390,-1.9961548,0.44525147,1.053009
50391,-1.9943237,0.41213989,1.0987854
50392,-2.0585632,0.45074463,1.0560608
50393,-2.0332336,0.45928955,1.1010742
50394,-2.0761108,0.58059692,1.2313843
50395,-1.9854736,0.028991699,1.0070801
50396,-2.0402527,0.22644043,1.0881042
50397,-2.1080017,0.063934326,1.1524963
50398,-2.1638489,-0.031585693,1.2442017
50399,-1.9720459,-0.048522949,1.2957764
50400,-2.0373535,-0.12008667,1.1280823
50401,-2.0251465,-0.12634277,1.1572266
50402,-2.0397949,-0.25192261,1.1531067
50403,-2.1131897,-0.057220459,1.4979553
50404,-2.1180725,-0.23971558,1.0224915
50405,-2.026062,-0.21316528,1.3179016
50406,-2.0048523,-0.46447754,1.5170288
50407,-1.9166565,-0.41351318,1.5228271
50408,-2.0759583,-0.38009644,1.6012573
50409,-1.6963196,-0.66040039,1.3198853
50410,-2.0574951,-0.48095703,1.756134
50411,-1.9126892,-0.67306519,1.643219
50412,-1.8597412,-0.58578491,1.6508484
50413,-1.8974304,-0.46203613,1.6438293
50414,-1.9030762,-0.60028076,2.0014954
50415,-1.7098999,-0.78094482,1.8115234
50416,-1.6769409,-0.74707031,1.8389893
50417,-1.6874695,-1.0302734,1.8179321
50418,-1.6165161,-1.2156677,1.7997742
50419,-1.6101074,-1.2190247,1.8101501
50420,-1.5682983,-1.1106873,1.9793701
50421,-1.5957642,-0.96969604,1.8086243
50422,-1.4671326,-0.9526062,1.8553162
50423,-1.4299011,-1.0198975,1.8791199
50424,-1.4494324,-1.151886,1.7732239
50425,-1.4595032,-1.1468506,1.7645264
50426,-1.2889099,-1.5686035,1.8084717
50427,-1.428833,-1.5419006,1.8016052
50428,-1.1642456,-1.6746521,1.8383789
50429,-1.0769653,-1.5351868,1.885376
50430,-1.3563538,-1.7047119,1.8826294
50431,-1.2219238,-1.5853882,1.8193054
50432,-1.1871338,-1.8876648,1.8415833
50433,-0.96801758,-1.7523193,1.9355774
50434,-1.0832214,-1.736908,1.877594
50435,-0.96008301,-1.6693115,1.9100952
50436,-0.77575684,-1.8600464,1.8035889
50437,-0.67001343,-1.6957092,1.9490051
50438,-0.81039429,-1.750946,1.7835999
50439,-0.6741333,-1.6888428,1.7362976
50440,-0.64605713,-1.9235229,1.7437744
50441,-0.63247681,-1.8685913,1.774292
50442,-0.53390503,-2.1052551,1.6226196
50443,-0.39031982,-2.0991516,1.7929077
50444,-0.49453735,-1.9970703,1.6255188
50445,-0.46310425,-2.1759033,1.661377
50446,-0.37399292,-2.0655823,1.4355469
50447,-0.2394104,-2.0454407,1.6407776
50448,-0.23284912,-2.3815918,1.7288208
50449,-0.24078369,-2.396698,1.5563965
50450,-0.024719238,-2.322998,1.5101624
50451,-0.053405762,-2.3703003,1.439209
50452,-0.033569336,-2.4176025,1.3520813
50453,0.10635376,-2.2039795,1.3085938
50454,0.12145996,-2.2148132,1.2969971
50455,0.20690918,-2.0794678,1.300354
50456,0.24597168,-2.2134399,1.1352539
50457,0.36178589,-2.3384094,1.1662292
50458,0.32440186,-2.2177124,0.97213745
50459,0.40710449,-2.1569824,1.0527039
50460,0.41748047,-2.3123169,0.94421387
50461,0.46783447,-2.3104858,0.91430664
50462,0.64788818,-2.4000549,1.0061646
50463,0.50231934,-2.1966553,0.83679199
50464,0.65933228,-2.2845459,0.81970215
50465,0.69885254,-2.2172546,0.79177856
50466,0.71838379,-2.1878052,0.68008423
50467,0.69992065,-2.1534729,0.66421509
50468,0.80047607,-2.1759033,0.64575195
50469,0.76797485,-2.1040344,0.60821533
50470,0.79910278,-2.1087646,0.58105469
50471,0.90057373,-2.0581055,0.53909302
50472,0.82702637,-2.0980835,0.50003052
50473,0.89401245,-2.1386719,0.26931763
50474,0.91552734,-1.9720459,0.18234253
50475,1.0261536,-2.0323181,0.23544312
50476,0.86608887,-2.0236206,0.26367188
50477,0.91369629,-2.1594238,0.23681641
50478,1.0284424,-1.9755554,0.20904541
50479,1.1425781,-1.8663025,0.11657715
50480,1.1959839,-1.9096375,0.033721924
50481,1.1801147,-1.8681335,-0.073547363
50482,1.1174011,-1.7366028,-0.12466431
50483,1.2002563,-1.8313599,-0.15472412
50484,1.2046814,-1.7875671,-0.28427124
50485,1.1627197,-1.7785645,-0.34286499
50486,1.2220764,-1.6583252,-0.41000366
50487,1.1160278,-1.6482544,-0.29769897
50488,1.1843872,-1.5109253,-0.32226563
50489,1.3406372,-1.5483093,-0.29373169
50490,1.2713623,-1.5837097,-0.34469605
50491,1.2879944,-1.5335083,-0.37841797
50492,1.2460327,-1.3908386,-0.58441162
50493,1.2786865,-1.3323975,-0.70266724
50494,1.260376,-1.1129761,-0.72418213
50495,1.1624146,-1.1238098,-0.72265625
50496,1.2109375,-1.2548828,-0.60165405
50497,1.164856,-1.230011,-0.77392578
50498,1.2532043,-1.1891174,-0.81359863
50499,1.182251,-1.1132813,-0.91781616
50500,1.0986328,-1.1279297,-0.94146728
50501,1.0832214,-0.94573975,-0.83724976
50502,1.1849976,-0.96466065,-0.95001221
50503,1.0864258,-1.0212708,-0.88729858
50504,1.096344,-0.92727661,-0.89691162
50505,1.0565186,-0.79421997,-1.0162354
50506,1.2432861,-0.61203003,-1.065979
50507,0.9954834,-0.60058594,-1.1938477
50508,1.0632324,-0.6690979,-1.0864258
50509,1.0368347,-0.5770874,-1.0873413
50510,1.0107422,-0.45394897,-1.0766602
50511,0.95581055,-0.30914307,-1.1170959
50512,0.96511841,-0.30883789,-1.1531067
50513,0.82138062,-0.42678833,-1.2878418
50514,0.79467773,-0.43151856,-1.2503052
50515,0.75668335,-0.14251709,-1.2582397
50516,0.76812744,-0.19119263,-1.2854004
50517,0.84640503,-0.078735352,-1.2469482
50518,0.70922852,-0.077209473,-1.3719177
50519,0.64224243,0.086975098,-1.2832642
50520,0.74386597,-0.27709961,-1.2478638
50521,0.46401978,0.003204346,-1.4306641
50522,0.30715942,0.29830933,-1.3970947
50523,0.46142578,0.25939941,-1.3197327
50524,0.58105469,0.44189453,-1.3035584
50525,0.45501709,0.45028686,-1.3444519
50526,0.46142578,0.29220581,-1.355896
50527,0.23666382,0.60455322,-1.3673401
50528,0.30975342,0.35171509,-1.4460754
50529,0.20355225,0.65429688,-1.2973022
50530,-0.006408691,0.59967041,-1.2937927
50531,0.005493164,0.72845459,-1.295929
50532,0.029907227,0.79925537,-1.3734436
50533,-0.018157959,0.64254761,-1.3528442
50534,-0.17272949,0.77636719,-1.368103
50535,-0.098876953,0.79895019,-1.2522888
50536,-0.070800781,0.88897705,-1.1323547
50537,-0.30548096,0.8656311,-1.3226318
50538,-0.23834228,0.91979981,-1.2138367
50539,-0.29968262,1.0839844,-1.0266113
50540,-0.26748657,1.129303,-1.1514282
50541,-0.37460327,1.1967468,-1.2359619
50542,-0.29602051,1.3485718,-1.0452271
50543,-0.54519653,1.2239075,-1.1721802
50544,-0.53192139,1.3153076,-1.0681152
50545,-0.67810059,1.2319946,-1.1204529
50546,-0.72784424,1.1747742,-1.076355
50547,-0.72845459,1.149292,-0.9954834
50548,-0.75576782,1.232605,-0.9387207
50549,-0.97610474,1.1813354,-0.85906982
50550,-0.82061768,1.3035584,-0.78460693
50551,-0.88668823,1.3287354,-0.74630737
50552,-1.0397339,1.3130188,-0.71670532
50553,-1.1862183,1.1322021,-0.61721802
50554,-1.1549377,1.1975098,-0.5001831
50555,-1.1688232,1.3009644,-0.47729492
50556,-1.3189697,1.239624,-0.41091919
50557,-1.3777161,1.2742615,-0.34698486
50558,-1.5460205,1.2857056,-0.34378052
50559,-1.4051819,1.4294434,-0.32363892
50560,-1.4448547,1.4247131,-0.41122436
50561,-1.5022278,1.4653015,-0.3288269
50562,-1.4289856,1.45401,-0.25741577
50563,-1.6064453,1.3619995,-0.31463623
50564,-1.7675781,0.98770142,-0.45440674
50565,-1.7320251,1.0836792,-0.2243042
50566,-1.6888428,1.2017822,-0.061798096
50567,-1.7306519,1.177063,-0.083007813
50568,-1.7785645,1.2129211,0.19180298
50569,-2.0451355,1.1532593,0.2961731
50570,-1.7962646,1.2600708,0.20614624
50571,-1.8783569,1.0359192,0.1701355
50572,-1.9073486,1.0441589,0.1789856
50573,-2.0085144,1.1283875,0.39550781
50574,-1.9598389,1.1245728,0.32302856
50575,-1.8635559,1.1439514,0.45501709
50576,-1.8927002,1.1135864,0.48294067
50577,-1.9749451,1.1721802,0.60791016
50578,-1.9889832,1.1390686,0.65322876
50579,-2.0640564,0.91506958,0.59890747
50580,-2.0942688,0.81375122,0.81130981
50581,-2.0788574,0.7875061,0.84533691
50582,-2.1466064,0.79833984,0.79650879
50583,-2.253418,0.77667236,0.86959839
50584,-2.278595,0.83221435,1.0067749
50585,-2.2398376,0.74768066,1.0139465
50586,-2.0918274,0.51651001,0.94497681
50587,-2.0614624,0.61279297,0.85083008
50588,-2.2460938,0.55099487,0.87112427
50589,-2.1313477,0.46569824,1.071167
50590,-2.0487976,0.47286987,1.1514282
50591,-2.1960449,0.27511597,1.1479187
50592,-2.2732544,0.36743164,1.3407898
50593,-2.1008301,0.27557373,1.2347412
50594,-2.0860291,0.15838623,1.2727356
50595,-2.142334,0.095214844,1.2716675
50596,-2.0942688,0.2130127,1.3961792
50597,-2.1327209,-0.026550293,1.5684509
50598,-2.2018433,-0.13427734,1.4532471
50599,-2.2747803,-0.14312744,1.2974548
50600,-2.0227051,-0.16708374,1.4802551
50601,-2.0402527,-0.22155762,1.6151428
50602,-1.9464111,-0.18066406,1.6169739
50603,-2.0466614,-0.1965332,1.4836121
50604,-2.0681763,-0.15563965,1.6700745
50605,-2.0307922,-0.47515869,1.6668701
50606,-1.9482422,-0.74462891,1.6955566
50607,-1.8215942,-0.71960449,1.6487122
50608,-1.9496155,-0.64865112,1.6661072
50609,-1.8264771,-0.6892395,1.8237305
50610,-1.8803406,-0.6300354,1.9003296
50611,-1.918335,-0.70205688,1.9651794
50612,-1.8592834,-0.85494995,1.7578125
50613,-1.8830872,-0.82077026,1.9044495
50614,-1.8075562,-0.83572388,1.9726563
50615,-1.7962646,-0.91110229,1.9085693
50616,-1.6812134,-1.1228943,1.9520569
50617,-1.505127,-1.1297607,2.0387268
50618,-1.6056824,-1.2826538,2.1340942
50619,-1.4379883,-1.2986755,2.0976257
50620,-1.4704895,-1.3557434,2.2033691
50621,-1.418457,-1.3265991,2.1644592
50622,-1.4286804,-1.3937378,2.0495605
50623,-1.4730835,-1.5402222,2.1456909
50624,-1.4222717,-1.7567444,2.0007324
50625,-1.2760925,-1.8182373,1.8583679
50626,-1.2010193,-1.812439,1.9203186
50627,-1.3668823,-2.0962524,1.9268799
50628,-1.2164307,-2.1502686,1.9456482
50629,-1.0464478,-2.0410156,1.8582153
50630,-0.82427978,-1.9265747,1.9689941
50631,-0.81466675,-2.0254517,2.0092773
50632,-0.81314087,-2.1066284,1.990509
50633,-0.7611084,-1.8429565,2.0394897
50634,-0.67077637,-1.9692993,1.8655396
50635,-0.5696106,-2.0341492,2.0503235
50636,-0.73806763,-2.0141602,1.8418884
50637,-0.61584473,-2.0855713,1.9047546
50638,-0.51437378,-2.1759033,1.8359375
50639,-0.61050415,-2.2128296,1.7868042
50640,-0.5821228,-2.3336792,1.585083
50641,-0.36209106,-2.4378967,1.7285156
50642,-0.42022705,-2.517395,1.693573
50643,-0.38070679,-2.2311401,1.6751099
50644,-0.3112793,-2.3419189,1.5719604
50645,-0.070648193,-2.2431946,1.4286804
50646,-0.053100586,-2.2418213,1.5345764
50647,-0.11871338,-2.3692322,1.5969849
50648,-0.066986084,-2.4302673,1.6043091
50649,0.071563721,-2.5097656,1.5135193
50650,0.001525879,-2.5326538,1.5414429
50651,0.16357422,-2.3297119,1.4045715
50652,0.27770996,-2.3986816,1.4259338
50653,0.27496338,-2.3551941,1.4938354
50654,0.33752441,-2.4687195,1.282959
50655,0.48370361,-2.4575806,1.2588501
50656,0.49453735,-2.4328613,1.1920166
50657,0.56716919,-2.3542786,1.0392761
50658,0.47912598,-2.4887085,1.0231018
50659,0.60836792,-2.5630188,0.92529297
50660,0.54412842,-2.5495911,0.79772949
50661,0.56777954,-2.4017334,0.66970825
50662,0.80688477,-2.34375,0.83282471
50663,0.77804565,-2.3666382,0.82214356
50664,0.80123901,-2.4404907,0.78460693
50665,0.74081421,-2.4723816,0.71563721
50666,0.77575684,-2.2691345,0.6892395
50667,0.85205078,-2.0701599,0.57540894
50668,0.8795166,-2.1127319,0.53253174
50669,1.0018921,-2.1055603,0.47286987
50670,0.92300415,-2.1447754,0.55206299
50671,0.97412109,-2.1342468,0.4309082
50672,0.99029541,-2.1844482,0.34759522
50673,1.0232544,-2.0545959,0.18630981
50674,1.0443115,-1.8850708,0.15838623
50675,1.1094666,-1.9342041,0.15045166
50676,1.2297058,-1.8811035,0.0390625
50677,1.2567139,-2.0204163,-0.1045227
50678,1.2097168,-2.0437622,0.016479492
50679,1.1700439,-2.1507263,-0.082855225
50680,1.2634277,-1.9046021,-0.008544922
50681,1.35849,-1.8069458,-0.1272583
50682,1.2367249,-1.6868591,-0.081329346
50683,1.2901306,-1.716156,-0.30685425
50684,1.2947083,-1.872406,-0.38162231
50685,1.1585999,-1.8719482,-0.46508789
50686,1.2158203,-1.7314148,-0.48904419
50687,1.1889648,-1.7243958,-0.57006836
50688,1.1444092,-1.569519,-0.64331055
50689,1.1930847,-1.3801575,-0.4951477
50690,1.2878418,-1.5635681,-0.57418823
50691,1.2702942,-1.6822815,-0.60775757
50692,1.1715698,-1.4929199,-0.79330444
50693,1.1651611,-1.322937,-0.71456909
50694,1.2599182,-1.204834,-0.73760986
50695,1.1701965,-1.1239624,-0.71716309
50696,1.2297058,-1.118927,-0.71182251
50697,1.1061096,-0.95733643,-0.72235107
50698,1.3082886,-0.69335938,-0.92285156
50699,1.2942505,-0.66711426,-0.9312439
50700,1.1494446,-0.77835083,-0.97412109
50701,1.184845,-0.73654175,-0.90240478
50702,1.081543,-0.69061279,-0.96466065
50703,1.063385,-0.57800293,-1.0351563
50704,1.0784912,-0.49865723,-1.0519409
50705,1.1300659,-0.54443359,-1.1535645
50706,1.025238,-0.44158936,-1.2446594
50707,1.1323547,-0.43487549,-1.3568115
50708,1.0031128,-0.3779602,-1.2950134
50709,0.9425354,-0.30929565,-1.388855
50710,1.026001,-0.14389038,-1.408844
50711,0.97320557,-0.10543823,-1.3514709
50712,0.79742432,-0.21469116,-1.4425659
50713,0.77987671,-0.059509277,-1.3928223
50714,0.70495606,-0.029296875,-1.3101196
50715,0.61645508,-0.14160156,-1.5560913
50716,0.63552856,-0.22567749,-1.5525818
50717,0.39871216,-0.19195557,-1.4378357
50718,0.65795898,0.19760132,-1.6329956
50719,0.7699585,0.35903931,-1.4834595
50720,0.47058106,0.22476196,-1.484375
50721,0.60668945,0.42755127,-1.4335632
50722,0.50384522,0.42022705,-1.5005493
50723,0.3994751,0.47073364,-1.4659119
50724,-0.006103516,0.34973144,-1.3652039
50725,0.25192261,0.41351318,-1.448822
50726,0.25848389,0.53161621,-1.2944031
50727,0.12313843,0.36804199,-1.3902283
50728,0.16555786,0.80261231,-1.3885498
50729,0.051422119,0.8631897,-1.5142822
50730,-0.066833496,0.85632324,-1.3551331
50731,-0.031433105,0.85479736,-1.2545776
50732,-0.069274902,0.82305908,-1.1845398
50733,-0.1159668,0.87203979,-1.4094543
50734,-0.074615479,0.97793579,-1.3641357
50735,-0.4032898,0.85098267,-1.2756348
50736,-0.36712647,0.93460083,-1.3140869
50737,-0.44296265,0.98083496,-1.1654663
50738,-0.40679932,1.1198425,-1.1637878
50739,-0.48126221,1.1309814,-1.1708069
50740,-0.48828125,1.1216736,-1.1502075
50741,-0.64575195,1.2216187,-0.87127685
50742,-0.5392456,1.2593079,-0.95840454
50743,-0.57510376,1.2355041,-0.96115112
50744,-0.71853638,1.1486816,-0.8744812
50745,-0.83053589,1.3011169,-1.0951233
50746,-0.97503662,1.3301086,-1.126709
50747,-1.040802,1.4065552,-0.8366394
50748,-0.92956543,1.4831543,-0.90484619
50749,-1.1094666,1.5252686,-0.8215332
50750,-1.0134888,1.4671326,-0.96817017
50751,-1.12854,1.3519287,-0.84014893
50752,-1.2362671,1.4324951,-0.63323975
50753,-1.186676,1.3748169,-0.44555664
50754,-1.2731934,1.4231873,-0.57800293
50755,-1.3046265,1.3790894,-0.55847168
50756,-1.3136291,1.4326477,-0.41992188
50757,-1.4862061,1.3543701,-0.35339356
50758,-1.5667725,1.2945557,-0.33401489
50759,-1.4482117,1.3697815,-0.28457642
50760,-1.5823364,1.1361694,-0.51483154
50761,-1.5093994,1.3755798,-0.32577515
50762,-1.5982056,1.2895203,-0.29998779
50763,-1.6801453,1.1630249,-0.23269653
50764,-1.7346191,1.3079834,-0.054321289
50765,-1.7607117,1.2585449,0.11810303
50766,-1.6355896,1.2561035,0.10650635
50767,-1.8650818,1.1126709,0.20462036
50768,-1.7355347,1.0128784,0.11642456
50769,-1.7877197,1.1053467,0.28411865
50770,-1.7276001,1.1289978,0.19805908
50771,-1.8264771,1.0824585,0.33599853
50772,-2.0246887,1.1933899,0.13717651
50773,-1.9044495,0.9135437,0.43960571
50774,-1.9891357,1.0063171,0.42480469
50775,-2.0277405,0.99487305,0.60729981
50776,-2.0922852,0.86929321,0.71594238
50777,-2.2283936,0.8454895,0.76263428
50778,-2.0347595,0.67398071,0.63430786
50779,-1.9769287,0.77163696,0.65689087
50780,-2.1385193,0.69229126,0.83679199
50781,-2.1069336,0.52032471,0.76507568
50782,-2.0904541,0.66741943,0.76217651
50783,-2.2227478,0.56274414,0.8581543
50784,-2.1432495,0.65078735,0.95718384
50785,-2.1102905,0.60745239,0.84014893
50786,-2.1559143,0.53482056,1.1695862
50787,-2.2084045,0.50094604,1.199646
50788,-2.2891235,0.47119141,1.2417603
50789,-2.1694946,0.22369385,1.2481689
50790,-2.1353149,0.31921387,1.2155151
50791,-2.1614075,0.1159668,1.3334656
50792,-2.0127869,0.20050049,1.4311218
50793,-2.1476746,-0.41671753,1.3484192
50794,-2.0452881,0.013427734,1.4733887
50795,-2.0016479,-0.15167236,1.5075684
50796,-2.0718384,-0.16693115,1.4608765
50797,-1.9966125,-0.39154053,1.3960266
50798,-2.051239,-0.16555786,1.4834595
50799,-2.0748901,-0.28686523,1.6679382
50800,-2.0620728,-0.37261963,1.4874268
50801,-1.8577576,-0.34606934,1.6189575
50802,-1.9592285,-0.51361084,1.7703247
50803,-2.0610046,-0.45379639,1.7256165
50804,-2.0233154,-0.61706543,1.7370605
50805,-2.0170593,-0.46951294,1.7704773
50806,-1.9490051,-0.61157227,1.8287659
50807,-1.8769836,-0.75149536,1.7085266
50808,-1.794281,-0.8908081,1.7045593
50809,-1.9665527,-1.0510254,1.9569397
50810,-1.8922424,-1.0188293,2.0068359
50811,-1.6184998,-0.99090576,1.8353271
50812,-1.5992737,-0.93566894,1.8688965
50813,-1.7036438,-1.0487366,1.9953918
50814,-1.5283203,-1.0606384,1.9970703
50815,-1.5869141,-1.214447,1.9247437
50816,-1.5496826,-1.4433289,2.1539307
50817,-1.546936,-1.4709473,2.114563
50818,-1.6093445,-1.446228,2.0613098
50819,-1.3679504,-1.4750671,2.0791626
50820,-1.3935852,-1.6047668,2.114563
50821,-1.2435913,-1.4395142,2.0759583
50822,-1.4660645,-1.5197754,1.9981384
50823,-1.2503052,-1.5019226,2.026825
50824,-1.2545776,-1.6429138,1.9813538
50825,-1.2927246,-1.8179321,1.8515015
50826,-1.0942078,-1.7764282,1.8490601
50827,-1.0101318,-1.8167114,2.0425415
50828,-0.98953247,-1.8661499,1.8475342
50829,-0.89157104,-1.942749,1.8127441
50830,-0.97686768,-1.8652344,1.9522095
50831,-0.90423584,-1.8057251,1.8228149
50832,-0.84716797,-1.7854309,1.9314575
50833,-0.80078125,-2.0336914,1.7466736
50834,-0.70465088,-1.8994141,1.6351318
50835,-0.5581665,-1.8753052,1.8534851
50836,-0.62606812,-1.859436,1.9430542
50837,-0.57846069,-2.0272827,1.786499
50838,-0.47424316,-2.0608521,1.6889954
50839,-0.48782349,-2.1826172,1.6638184
50840,-0.39520264,-2.1896362,1.7897034
50841,-0.38742065,-2.2297668,1.7997742
50842,-0.15914917,-2.1984863,1.5289307
50843,-0.072784424,-2.0358276,1.5071106
50844,-0.051269531,-2.1057129,1.5620422
50845,-0.049438477,-2.1858215,1.4564514
50846,-0.055084229,-2.1002197,1.2281799
50847,0.081787109,-2.3484802,1.3711548
50848,0.07522583,-2.5294495,1.2617493
50849,0.18386841,-2.5265503,1.2281799
50850,0.12710571,-2.437439,1.2284851
50851,0.2180481,-2.2036743,1.3227844
50852,0.17288208,-2.3733521,1.1549377
50853,0.33294678,-2.1932983,1.2689209
50854,0.40725708,-2.3490906,1.1341858
50855,0.56610107,-2.2805786,1.131134
50856,0.38497925,-2.2238159,1.1257935
50857,0.52947998,-2.2631836,0.96099853
50858,0.59173584,-2.6211548,0.94024658
50859,0.50933838,-2.4154663,0.57617188
50860,0.75469971,-2.3019409,0.74966431
50861,0.54397583,-2.3736572,0.85220337
50862,0.7484436,-2.2746277,0.72448731
50863,0.82595825,-2.2062683,0.76019287
50864,0.79727173,-2.3277283,0.50964356
50865,0.89935303,-2.3048401,0.57861328
50866,0.99014282,-2.1813965,0.46508789
50867,1.0098267,-2.1508789,0.35308838
50868,0.9072876,-1.9354248,0.46966553
50869,1.0307312,-2.0935059,0.3894043
50870,0.98770142,-1.8551636,0.41564941
50871,0.91934204,-2.1472168,0.24658203
50872,1.1123657,-2.1678162,0.21575928
50873,1.0409546,-2.1881104,0.3251648
50874,0.99594116,-1.9810486,0.0390625
50875,1.0426331,-1.8334961,-0.14328003
50876,1.1906433,-1.9073486,-0.15411377
50877,1.1579895,-1.7497253,-0.059967041
50878,1.1116028,-1.8875122,-0.10543823
50879,1.2162781,-1.7469788,-0.31677246
50880,1.2464905,-1.7631531,-0.077056885
50881,1.4306641,-1.6746521,-0.19332886
50882,1.4299011,-1.6366577,-0.25817871
50883,1.2521362,-1.7378235,-0.28015137
50884,1.2818909,-1.6769409,-0.3326416
50885,1.3052368,-1.7156982,-0.51361084
50886,1.2637329,-1.7391968,-0.62469482
50887,1.2641907,-1.4735413,-0.60470581
50888,1.1988831,-1.2927246,-0.5305481
50889,1.2646484,-1.4404297,-0.68542481
50890,1.1973572,-1.3395691,-0.70007324
50891,1.1763,-1.068573,-0.69274902
50892,1.3583374,-1.21521,-0.89279175
50893,1.1526489,-1.1328125,-0.85891724
50894,1.133728,-1.1325073,-0.84579468
50895,1.1483765,-1.0542297,-0.92285156
50896,1.0839844,-0.99853516,-0.79818726
50897,1.1210632,-0.87692261,-0.94238281
50898,1.2016296,-0.84655762,-1.026001
50899,1.2216187,-0.81314087,-1.0906982
50900,1.2281799,-0.64544678,-1.1120605
50901,1.15448,-0.55282593,-1.0980225
50902,1.0540771,-0.40161133,-1.0301209
50903,1.0124207,-0.47515869,-1.1164856
50904,1.0240173,-0.41122436,-1.0636902
50905,0.96557617,-0.45227051,-1.1526489
50906,0.86807251,-0.25970459,-1.1662292
50907,0.80764771,-0.3894043,-1.2083435
50908,0.96115112,-0.35522461,-1.1940002
50909,0.92285156,-0.26519775,-1.3479614
50910,0.79650879,-0.16616821,-1.2864685
50911,0.80062866,-0.21026611,-1.3015747
50912,0.73287964,-0.003662109,-1.2405396
50913,0.89736938,0.010681152,-1.2962341
50914,0.51025391,-0.036468506,-1.346283
50915,0.47866821,-0.050201416,-1.3098145
50916,0.5229187,0.19668579,-1.2693787
50917,0.55145264,0.27557373,-1.3813782
50918,0.35812378,0.1876831,-1.2771606
50919,0.47058106,0.16326904,-1.4060974
50920,0.50933838,0.32363892,-1.3418579
50921,0.69091797,0.43823242,-1.3970947
50922,0.59005737,0.52383423,-1.3012695
50923,0.52139282,0.440979,-1.3192749
50924,0.14328003,0.38619995,-1.3049316
50925,0.058135986,0.48248291,-1.3560486
50926,0.18615723,0.57983398,-1.1502075
50927,-0.053253174,0.67199707,-1.3238525
50928,0.17532349,0.78781128,-1.2136841
50929,-0.13854981,0.76385498,-1.2139893
50930,-0.1045227,0.86975098,-1.2612915
50931,-0.14328003,0.95733643,-1.0969543
50932,-0.23330688,0.97412109,-1.2786865
50933,-0.29632568,0.89309692,-1.1575317
50934,-0.49636841,0.92254639,-1.1546326
50935,-0.48126221,1.0884094,-1.1643982
50936,-0.46356201,1.0643005,-1.1726379
50937,-0.519104,0.98907471,-1.1508179
50938,-0.64849853,1.247406,-1.0317993
50939,-0.74462891,1.098938,-0.8984375
50940,-0.69458008,1.1227417,-0.80413818
50941,-0.728302,1.1714172,-0.82641602
50942,-0.82122803,1.1071777,-0.79803467
50943,-0.9262085,1.0644531,-0.79940796
50944,-0.88302612,1.0891724,-0.80993652
50945,-0.95214844,1.2089539,-0.60028076
50946,-1.0609436,1.1813354,-0.54229736
50947,-1.1332703,1.2127686,-0.56335449
50948,-1.1434937,1.2355041,-0.67321777
50949,-1.2962341,1.1730957,-0.58029175
50950,-1.1334229,1.1903381,-0.57312012
50951,-1.3511658,1.187439,-0.51239014
50952,-1.2657166,1.2889099,-0.45822144
50953,-1.4144897,1.1691284,-0.43670654
50954,-1.3273621,1.2112427,-0.30517578
50955,-1.4834595,1.2243652,-0.32501221
50956,-1.3595581,0.78979492,-0.47561645
50957,-1.6230774,1.1083984,-0.26519775
50958,-1.6900635,1.1984253,-0.30426025
50959,-1.5959167,1.2304688,-0.17364502
50960,-1.565094,1.3755798,-0.076293945
50961,-1.6264343,1.2675476,-0.16830444
50962,-1.7155457,1.2078857,-0.065765381
50963,-1.8005371,1.2785339,0.13244629
50964,-1.9363403,1.1581421,0.22094727
50965,-1.8125916,1.2591553,0.10665894
50966,-1.8040466,1.0719299,0.10925293
50967,-1.7745972,1.1849976,0.093841553
50968,-1.7747498,1.1543274,0.27038574
50969,-2.0033264,1.2263489,0.37887573
50970,-2.0031738,1.1138916,0.37109375
50971,-1.9760132,1.015625,0.48782349
50972,-2.068634,0.97625732,0.48614502
50973,-1.9967651,1.1082459,0.61462402
50974,-2.0838928,0.89355469,0.6262207
50975,-2.0770264,0.8241272,0.62133789
50976,-1.8714905,0.86105347,0.71746826
50977,-1.975708,0.75897217,0.8744812
50978,-2.0143127,0.69946289,0.79589844
50979,-2.2024536,0.7661438,0.8821106
50980,-2.1942139,0.72921753,0.86395264
50981,-2.1200562,0.71533203,0.79681397
50982,-2.1736145,0.47668457,0.88134766
50983,-2.2146606,0.40740967,1.1187744
50984,-2.179718,0.38818359,1.0046387
50985,-2.1687317,0.48370361,1.0604858
50986,-2.1434021,0.37490845,1.1499023
50987,-2.0431519,0.39764404,1.2442017
50988,-2.0661926,0.25390625,1.3223267
50989,-2.3716736,0.15914917,1.1761475
50990,-2.2070313,-0.13168335,1.2374878
50991,-2.1746826,-0.52490234,1.2518311
50992,-2.0986938,-0.088500977,1.4099121
50993,-2.1989441,0.007781982,1.3693237
50994,-2.0913696,-0.072174072,1.375885
50995,-2.0329285,-0.20751953,1.448822
50996,-2.0530701,-0.19699097,1.4645386
50997,-2.1046448,-0.13519287,1.5913391
50998,-2.1180725,-0.14602661,1.7224121
50999,-1.9737244,-0.35629272,1.638031
51000,-1.9450378,-0.73425293,1.6156006
51001,-1.9200134,-0.67077637,1.6911316
51002,-1.8740845,-0.66116333,1.900177
51003,-1.9134521,-0.68008423,1.6288757
51004,-1.8858337,-0.52520752,1.8037415
51005,-1.7588806,-0.66207886,1.7016602
51006,-1.8637085,-0.65689087,1.786499
51007,-1.7404175,-0.88821411,1.8215942
51008,-1.8238831,-0.79925537,1.9442749
51009,-1.7436218,-0.90332031,1.7532349
51010,-1.8708801,-1.022644,1.8562317
51011,-1.6209412,-0.97290039,1.8659973
51012,-1.7404175,-1.1048889,2.0188904
51013,-1.6575623,-1.1508179,1.8212891
51014,-1.5655518,-1.3247681,1.7877197
51015,-1.5005493,-1.51474,1.8229675
51016,-1.4442444,-1.6481018,1.8405151
51017,-1.4442444,-1.5905762,1.7565918
51018,-1.4836121,-1.3180542,1.9544983
51019,-1.1000061,-1.4096069,2.0649719
51020,-1.342926,-1.5992737,2.0228577
51021,-1.2547302,-1.554718,1.8167114
51022,-1.275177,-1.4912415,1.8688965
51023,-1.1286926,-1.4625549,1.8164063
51024,-1.2132263,-1.6531372,1.8882751
51025,-1.0331726,-1.6841125,1.8812561
51026,-1.0668945,-1.782074,1.9839478
51027,-0.95809937,-1.7192078,1.8156433
51028,-0.90835571,-1.8785095,1.8670654
51029,-0.93063354,-1.9599915,1.8286133
51030,-0.87081909,-2.117157,1.7483521
51031,-0.78414917,-2.0452881,1.8286133
51032,-0.56686401,-2.003479,1.8487549
51033,-0.63903809,-1.9380188,1.7123413
51034,-0.51605225,-1.9120789,1.7736816
51035,-0.52520752,-1.9676209,1.8107605
51036,-0.2897644,-2.0480347,1.6816711
51037,-0.37185669,-2.3077393,1.7944336
51038,-0.365448,-2.2283936,1.5788269
51039,-0.23727417,-2.2251892,1.5454102
51040,-0.16036987,-2.2479248,1.5390015
51041,-0.11154175,-2.2442627,1.4111328
51042,-0.029296875,-2.1273804,1.6149902
51043,0.030670166,-2.1757507,1.3949585
51044,-0.05065918,-2.1537781,1.3859558
51045,-0.014343262,-2.1502686,1.4027405
51046,0.14373779,-2.3043823,1.3063049
51047,0.05279541,-2.2459412,1.4093018
51048,0.092773438,-2.3857117,1.4144897
51049,0.14175415,-2.227478,1.2646484
51050,0.28717041,-2.3269653,1.206665
51051,0.39016724,-2.2967529,1.0774231
51052,0.27053833,-2.4177551,1.1128235
51053,0.43579102,-2.5013733,0.92681885
51054,0.35003662,-2.1969604,0.89920044
51055,0.38330078,-2.1427917,0.8706665
51056,0.56945801,-2.2590637,0.91125488
51057,0.48782349,-2.1110535,0.89126587
51058,0.59112549,-2.3233032,0.71807861
51059,0.81542969,-2.2361755,0.67565918
51060,0.9362793,-2.2045898,0.64102173
51061,0.54534912,-2.1185303,0.67016602
51062,0.79345703,-2.0288086,0.47897339
51063,0.80200195,-2.1142578,0.58853149
51064,1.0142517,-2.0278931,0.56350708
51065,1.0028076,-2.0263672,0.3817749
51066,0.91888428,-2.1383667,0.35736084
51067,0.965271,-2.0544434,0.32653809
51068,1.0742188,-2.0185852,0.31524658
51069,1.1146545,-1.9828796,0.11184692
51070,0.99792481,-2.0317078,0.089874268
51071,1.053772,-2.0239258,0.096130371
51072,1.0339355,-1.9050598,0.085754395
51073,1.0847473,-1.8836975,-0.006713867
51074,1.1399841,-2.0196533,-0.078277588
51075,0.98129272,-1.8052673,-0.16235352
51076,1.098175,-1.8305969,-0.12939453
51077,1.2371826,-1.6981506,-0.26473999
51078,1.199646,-1.7330933,-0.27038574
51079,1.3386536,-1.5774536,-0.26580811
51080,1.3232422,-1.6218567,-0.40878296
51081,1.1689758,-1.5911865,-0.33203125
51082,1.335907,-1.4683533,-0.30593872
51083,1.2243652,-1.4779663,-0.4032898
51084,1.0980225,-1.4251709,-0.42327881
51085,1.1181641,-1.4190674,-0.48965454
51086,1.1418152,-1.555481,-0.56762695
51087,1.164856,-1.3586426,-0.46844482
51088,1.1090088,-1.3285828,-0.57403565
51089,1.2669373,-1.3316345,-0.49346924
51090,1.1491394,-1.1695862,-0.58944702
51091,1.0359192,-1.3838196,-0.71090698
51092,1.0899353,-1.2820435,-0.78170776
51093,1.0121155,-1.0322571,-0.75927734
51094,1.0595703,-1.0734558,-0.80688477
51095,1.0546875,-0.97106934,-1.020813
51096,1.0960388,-0.86654663,-0.86532593
51097,1.0887146,-0.69274902,-1.0400391
51098,1.081543,-0.675354,-1.1531067
51099,1.063385,-0.56915283,-1.1592102
51100,1.1868286,-0.57418823,-1.0580444
51101,0.99502563,-0.37139893,-1.0249329
51102,1.1303711,-0.56625366,-0.90408325
51103,1.1096191,-0.54489136,-1.1579895
51104,1.1126709,-0.47271728,-0.91842651
51105,0.85266113,-0.36010742,-1.2609863
51106,1.0995483,-0.2885437,-1.1920166
51107,1.0151672,-0.15258789,-1.1962891
51108,0.69396973,-0.26855469,-1.1114502
51109,0.71166992,-0.32928467,-1.217804
51110,0.84884644,-0.13900757,-1.2905884
51111,0.83984375,-0.1133728,-1.3562012
51112,0.52734375,-0.00579834,-1.3612366
51113,0.69244385,0.13549805,-1.3117981
51114,0.5847168,0.12496948,-1.1914063
51115,0.36453247,0.16555786,-1.1657715
51116,0.3868103,0.16921997,-1.1532593
51117,0.15289307,0.16998291,-1.2214661
51118,0.22979736,0.29769897,-1.1804199
51119,0.12756348,0.4284668,-1.1997986
51120,0.25894165,0.28411865,-1.1686707
51121,0.20996094,0.39657593,-1.2045288
51122,0.12435913,0.54214478,-1.2435913
51123,0.046234131,0.54718018,-1.1813354
51124,-0.047912598,0.63049316,-1.2542725
51125,-0.053405762,0.80963135,-1.2770081
51126,-0.16784668,0.63568115,-1.043396
51127,-0.12817383,0.78796387,-0.95306397
51128,-0.096740723,0.90270996,-1.1355591
51129,-0.2192688,0.98571777,-1.2773132
51130,-0.23483276,0.85678101,-1.1512756
51131,-0.29602051,0.8442688,-1.1340332
51132,-0.36117554,0.94329834,-1.0775757
51133,-0.40939331,0.93734741,-1.1485291
51134,-0.36010742,1.0424805,-1.111145
51135,-0.50933838,1.055603,-1.0574341
51136,-0.55541992,1.0707092,-0.99945068
51137,-0.61096191,0.96588135,-1.0710144
51138,-0.67199707,1.1772156,-1.0913086
51139,-0.71212769,1.1743164,-1.0166931
51140,-0.84579468,1.1138916,-0.96496582
51141,-0.83145142,1.1090088,-0.9312439
51142,-0.91751099,1.0960388,-0.83236694
51143,-0.9387207,1.1164856,-0.74737549
51144,-0.97900391,1.1528015,-0.64544678
51145,-1.0289001,1.1302185,-0.4800415
51146,-1.0769653,1.0644531,-0.39581299
51147,-1.1250305,1.0241699,-0.34606934
51148,-1.1547852,1.0064697,-0.46279907
51149,-1.1804199,1.2051392,-0.42770386
51150,-1.3087463,1.197052,-0.34164429
51151,-1.4128113,1.0546875,-0.20187378
51152,-1.4819336,0.65811157,-0.5065918
51153,-1.3516235,0.87280273,-0.39260864
51154,-1.37146,0.80154419,-0.32989502
51155,-1.4985657,1.0404968,-0.2444458
51156,-1.6210938,1.0029602,-0.079040527
51157,-1.5570068,1.007843,-0.05279541
51158,-1.5971375,1.1326599,0.077209473
51159,-1.600647,1.2098694,0.14068603
51160,-1.4317322,1.0675049,0.11550903
51161,-1.4608765,0.99014282,0.12634277
51162,-1.7633057,0.95016479,0.09262085
51163,-1.8563843,0.85983276,0.40100098
51164,-1.8022156,1.0333252,0.32928467
51165,-1.8067932,0.86730957,0.50918579
51166,-1.6957092,0.96984863,0.26626587
51167,-1.7707825,0.859375,0.49423218
51168,-1.8348694,0.80368042,0.55969238
51169,-1.9558716,0.9211731,0.58197022
51170,-1.9450378,0.83618164,0.5229187
51171,-1.99646,0.61019897,0.71136475
51172,-1.9143677,0.76171875,0.63110352
51173,-1.8983459,0.73577881,0.61233521
51174,-1.9487,0.69274902,0.66665649
51175,-1.894989,0.52459717,0.64193726
51176,-2.0068359,0.7119751,0.81832886
51177,-1.9247437,0.51712036,0.78369141
51178,-2.0553589,0.56243897,0.80703735
51179,-1.9937134,0.49987793,0.81329346
51180,-2.0019531,0.29785156,0.82275391
51181,-1.8966675,0.39398193,1.0523987
51182,-1.9548035,0.27252197,0.98739624
51183,-2.0321655,0.15258789,1.0404968
51184,-1.9445801,0.28076172,0.95214844
51185,-1.8443298,0.15884399,1.1167908
51186,-1.8730164,-0.08972168,1.2153625
51187,-1.7732239,0.10192871,1.1878967
51188,-1.8774414,0.27404785,1.277771
51189,-1.7851257,-0.2684021,1.307373
51190,-1.8899536,-0.28717041,1.3656616
51191,-1.9592285,-0.19546509,1.3327026
51192,-1.8641663,-0.30578613,1.3195801
51193,-1.8011475,-0.26412964,1.5583801
51194,-1.7657471,-0.18753052,1.574707
51195,-1.9169617,-0.31219482,1.4216614
51196,-1.9070435,-0.4309082,1.5039063
51197,-1.7964172,-0.54168701,1.2597656
51198,-1.8511963,-0.50521851,1.370697
51199,-1.7779541,-0.51696777,1.5260315
51200,-1.7980957,-0.64346313,1.268158
51201,-1.7805481,-0.48751831,1.5600586
51202,-1.681366,-0.76187134,1.2216187
51203,-1.7875671,-0.77529907,1.6897583
51204,-1.6804504,-0.85113525,1.6770935
51205,-1.6665649,-0.79452515,1.7936707
51206,-1.5176392,-1.0066223,1.862793
51207,-1.5820313,-1.1521912,1.8200684
51208,-1.5658569,-1.0568237,1.6584778
51209,-1.441803,-1.1003113,1.7230225
51210,-1.401062,-0.98495483,1.7228699
51211,-1.4041138,-1.1117554,1.672821
51212,-1.4102173,-1.2155151,1.7987061
51213,-1.3146973,-1.2423706,1.8630981
51214,-1.3574219,-1.2533569,1.8678284
51215,-1.2991333,-1.4077759,1.8452454
51216,-1.309967,-1.5348816,1.5151978
51217,-1.2510681,-1.6178894,1.8359375
51218,-1.1070251,-1.6693115,1.8630981
51219,-0.92529297,-1.6069031,1.8208313
51220,-0.98052978,-1.6680908,1.7251587
51221,-0.88745117,-1.6383362,1.6609192
51222,-0.79742432,-1.6574097,1.7938232
51223,-0.82015991,-1.6676331,1.6453552
51224,-0.77850342,-1.7112732,1.6188049
51225,-0.69030762,-1.650238,1.6897583
51226,-0.68832397,-1.6333008,1.7489624
51227,-0.53771973,-1.8057251,1.8353271
51228,-0.62149048,-1.8852234,1.7118835
51229,-0.44799805,-1.9126892,1.5556335
51230,-0.3666687,-1.8788147,1.5603638
51231,-0.41931152,-1.9613647,1.4738464
51232,-0.31982422,-1.8766785,1.5759277
51233,-0.496521,-1.8237305,1.6157532
51234,-0.37734985,-1.9403076,1.496582
51235,-0.28213501,-1.9772339,1.439209
51236,-0.10864258,-1.9567871,1.4013672
51237,-0.2633667,-1.9293213,1.421814
51238,-0.13580322,-2.3007202,1.2832642
51239,-0.1675415,-2.0837402,1.4268494
51240,0.011138916,-2.0996094,1.3766479
51241,-0.061798096,-1.973877,1.3624573
51242,0.055847168,-2.2523499,1.1431885
51243,0.12969971,-2.0303345,1.2297058
51244,0.10253906,-2.3013306,1.1579895
51245,0.13656616,-2.0004272,1.1618042
51246,0.18920898,-2.0379639,1.05896
51247,0.39306641,-2.1408081,1.0083008
51248,0.43899536,-2.1911621,0.9916687
51249,0.45288086,-2.1916199,0.97824097
51250,0.44342041,-2.1507263,0.90896606
51251,0.44189453,-2.1542358,0.80688477
51252,0.43395996,-2.1989441,0.71411133
51253,0.54992676,-2.1434021,0.73730469
51254,0.65612793,-2.1452332,0.69763184
51255,0.70907593,-2.0687866,0.6968689
51256,0.61431885,-1.9490051,0.48950195
51257,0.65765381,-1.8807983,0.52215576
51258,0.75927734,-1.9572449,0.44631958
51259,0.72814941,-1.8733215,0.38696289
51260,0.75241089,-1.9470215,0.40847778
51261,0.83831787,-1.9136047,0.3565979
51262,0.85632324,-1.9473267,0.29968262
51263,0.87173462,-2.0082092,0.1940918
51264,1.0188293,-1.8193054,0.23696899
51265,0.97824097,-1.9265747,0.21148682
51266,0.88867188,-1.8103027,0.19958496
51267,1.0040283,-1.9213867,0.24368286
51268,0.98052978,-1.88797,-0.062561035
51269,0.93154907,-1.9032288,0.01663208
51270,0.89202881,-1.6552734,-0.016479492
51271,0.96130371,-1.6946411,0.008392334
51272,1.0513306,-1.7538452,-0.099334717
51273,1.0829163,-1.7349243,0.079956055
51274,1.0949707,-1.6957092,-0.021514893
51275,1.010437,-1.8025208,-0.12207031
51276,1.0321045,-1.4865112,-0.087280273
51277,1.022644,-1.4215088,-0.23605347
51278,1.025238,-1.3237,-0.45593262
51279,1.0980225,-1.1706543,-0.51757813
51280,1.0165405,-1.2747192,-0.51452637
51281,1.1010742,-1.2982178,-0.48400879
51282,1.1239624,-1.232605,-0.40481567
51283,1.116333,-1.2028503,-0.54290772
51284,0.9564209,-1.2026978,-0.69091797
51285,0.91018677,-1.1056519,-0.71990967
51286,0.93994141,-1.0153198,-0.80551147
51287,0.98388672,-1.0006714,-0.79940796
51288,1.0314941,-0.96633911,-0.78094482
51289,0.98526001,-0.82687378,-0.87142944
51290,0.94543457,-0.80383301,-0.84976196
51291,1.0769653,-0.89050293,-0.98983765
51292,0.93353272,-0.63842773,-1.088562
51293,0.83114624,-0.60546875,-0.9727478
51294,0.84106445,-0.60882568,-0.88745117
51295,0.92498779,-0.40222168,-0.91125488
51296,0.86914063,-0.42327881,-0.85388184
51297,0.82351685,-0.38818359,-0.98083496
51298,0.8581543,-0.35140991,-1.1108398
51299,0.79711914,-0.21102905,-1.0620117
51300,0.69580078,-0.15960693,-1.1151123
51301,0.73425293,-0.23605347,-1.2788391
51302,0.75073242,-0.076904297,-1.361084
51303,0.73791504,0.009765625,-1.2408447
51304,0.55007935,-0.035400391,-1.1531067
51305,0.65490723,0.002441406,-1.03302
51306,0.38253784,-0.21713257,-1.3766479
51307,0.4675293,-0.17547607,-1.2268066
51308,0.21453857,-0.14511108,-1.3137817
51309,0.40786743,0.011749268,-1.0791016
51310,0.34194946,0.25665283,-1.2200928
51311,0.3276062,0.3956604,-1.3497925
51312,0.47241211,0.26367188,-1.2362671
51313,0.2571106,0.38665772,-1.3545227
51314,0.27404785,0.44448853,-1.1407471
51315,0.16357422,0.54641724,-1.0862732
51316,0.093383789,0.52764893,-1.275177
51317,0.048065186,0.60638428,-1.2438965
51318,0.036315918,0.6716919,-1.1351013
51319,0.03036499,0.58792114,-1.1367798
51320,0.002593994,0.54656982,-1.035614
51321,-0.14282227,0.60806274,-1.1981201
51322,-0.13580322,0.7131958,-0.99517822
51323,-0.29479981,0.68405151,-1.1322021
51324,-0.27053833,0.75073242,-1.0003662
51325,-0.3918457,0.76416016,-1.098175
51326,-0.33340454,0.92315674,-1.0057068
51327,-0.46737671,0.990448,-1.060791
51328,-0.50537109,1.0404968,-0.98022461
51329,-0.56243897,1.1567688,-0.95565796
51330,-0.64193726,1.1700439,-0.96908569
51331,-0.70648193,1.0430908,-0.80978394
51332,-0.72387695,0.95947266,-0.68206787
51333,-0.75836182,0.98571777,-0.79284668
51334,-0.70404053,1.0469055,-0.65826416
51335,-0.74111938,1.0684204,-0.6237793
51336,-0.88867188,1.1795044,-0.61553955
51337,-0.90209961,1.1303711,-0.55603027
51338,-0.88134766,1.1724854,-0.47897339
51339,-0.8795166,1.0684204,-0.69244385
51340,-1.0247803,1.048584,-0.49407959
51341,-1.1691284,0.93688965,-0.55053711
51342,-1.2037659,1.0983276,-0.51834106
51343,-1.038208,1.2036133,-0.43655395
51344,-1.2597656,1.1027527,-0.38375855
51345,-1.3838196,1.0800171,-0.3477478
51346,-1.4607239,1.0760498,-0.32333374
51347,-1.4935303,1.2823486,-0.16937256
51348,-1.3514709,1.1767578,-0.1675415
51349,-1.6030884,0.75195313,-0.26748657
51350,-1.5618896,1.1358643,-0.08605957
51351,-1.5281677,1.0791016,-0.041503906
51352,-1.5838623,1.0905457,0.047302246
51353,-1.5240479,1.105957,0.10665894
51354,-1.6888428,1.0754395,0.21118164
51355,-1.7150879,1.0009766,0.2243042
51356,-1.7521667,1.0079956,0.23605347
51357,-1.6885376,0.93170166,0.11672974
51358,-1.6474915,1.0218811,0.26199341
51359,-1.7658997,0.82092285,0.19866943
51360,-1.7382813,0.91430664,0.3137207
51361,-1.8121338,0.89355469,0.34042358
51362,-1.9999695,0.72967529,0.46142578
51363,-1.940155,0.84518433,0.40237427
51364,-1.9454956,0.72433472,0.65002441
51365,-1.8536377,0.77682495,0.62957764
51366,-1.9065857,0.66452026,0.66131592
51367,-1.8753052,0.60882568,0.6741333
51368,-1.9863892,0.64666748,0.77392578
51369,-2.0581055,0.48400879,0.94238281
51370,-1.9024658,0.32714844,0.78308106
51371,-2.0120239,0.41824341,0.75469971
51372,-1.8067932,0.42724609,0.87051392
51373,-2.0211792,0.39794922,0.81192017
51374,-2.0155334,0.30548096,0.88577271
51375,-1.8447876,0.36224365,1.0571289
51376,-1.9699097,0.22659302,1.0978699
51377,-2.0606995,0.14663696,1.293335
51378,-1.9645691,0.184021,1.0836792
51379,-1.9920349,0.28656006,1.2307739
51380,-2.0147705,0.25848389,1.2004089
51381,-1.9726563,0.19622803,1.4671326
51382,-1.918335,0.12115479,1.3188171
51383,-1.9294739,-0.062866211,1.3825989
51384,-2.0993042,-0.284729,1.5322876
51385,-1.9061279,-0.30822754,1.3725281
51386,-1.8682861,-0.2772522,1.3208008
51387,-1.8914795,-0.2154541,1.3302612
51388,-1.8893433,-0.49072266,1.5640259
51389,-1.7678833,-0.55252075,1.5325928
51390,-1.953125,-0.43579102,1.4581299
51391,-1.9815063,-0.62728882,1.6038513
51392,-1.927948,-0.74691772,1.5176392
51393,-1.9107056,-0.82397461,1.4337158
51394,-1.8206787,-0.68115234,1.4564514
51395,-1.9544983,-0.76080322,1.5272522
51396,-1.7677307,-1.0270691,1.4358521
51397,-1.6395569,-0.94039917,1.653595
51398,-1.7304993,-1.0261536,2.074585
51399,-1.4956665,-0.97290039,1.5293884
51400,-1.6067505,-1.0507202,1.547699
51401,-1.6119385,-1.0389709,1.7333984
51402,-1.5214539,-1.0818481,1.8183899
51403,-1.7570496,-1.3677979,1.6352844
51404,-1.5432739,-1.2905884,1.8336487
51405,-1.4178467,-1.3752747,1.8676758
51406,-1.2481689,-1.3775635,1.7616272
51407,-1.4558411,-1.3514709,1.8159485
51408,-1.2811279,-1.5626526,1.7849731
51409,-1.4202881,-1.5242004,1.9166565
51410,-1.2623596,-1.3285828,1.9741821
51411,-1.2731934,-1.340332,1.9256592
51412,-1.1160278,-1.4141846,1.9067383
51413,-1.2463379,-1.6026306,1.8165588
51414,-1.111145,-1.525116,1.8318176
51415,-1.0333252,-1.6333008,1.8916321
51416,-1.0423279,-1.8284607,1.8751526
51417,-0.9135437,-1.8356323,1.9224548
51418,-0.8555603,-1.7758179,1.8811035
51419,-0.73577881,-1.885376,1.6557312
51420,-0.66604614,-1.7984009,1.7053223
51421,-0.60745239,-1.9900513,1.8937683
51422,-0.59890747,-2.0245361,1.5983582
51423,-0.50476074,-1.9003296,1.5412903
51424,-0.44204712,-1.8792725,1.5606689
51425,-0.52703857,-1.862793,1.6937256
51426,-0.46630859,-2.0262146,1.5742493
51427,-0.33538818,-2.0599365,1.4926147
51428,-0.19836426,-2.1006775,1.4952087
51429,-0.35461426,-2.1096802,1.567688
51430,-0.28030395,-2.0864868,1.5356445
51431,-0.1763916,-2.1592712,1.4427185
51432,-0.24398804,-2.0994568,1.566925
51433,-0.20233154,-2.0256042,1.4019775
51434,0.025024414,-2.0941162,1.2771606
51435,0.10375977,-2.2346497,1.2582397
51436,0.023193359,-2.34375,1.2374878
51437,0.035552979,-2.3008728,1.2059021
51438,0.23803711,-2.3197937,1.1953735
51439,0.2255249,-2.2631836,1.1737061
51440,0.25924683,-2.250061,1.1019897
51441,0.26580811,-2.164917,1.0829163
51442,0.35675049,-2.1908569,1.1291504
51443,0.35507202,-2.1783447,1.1566162
51444,0.37506103,-2.1574402,1.078186
51445,0.5392456,-2.1502686,0.89035034
51446,0.50811768,-2.1948242,1.0025024
51447,0.58364868,-2.1966553,0.95428467
51448,0.52093506,-2.1377563,0.76797485
51449,0.71136475,-2.179718,0.69290161
51450,0.65307617,-2.1133423,0.78094482
51451,0.65048218,-1.9778442,0.64529419
51452,0.62805176,-2.1061707,0.52871704
51453,0.71121216,-2.0915222,0.61889648
51454,0.77514648,-2.1975708,0.40771484
51455,0.86151123,-2.2045898,0.34484863
51456,0.91308594,-2.1990967,0.29403686
51457,0.99533081,-2.0608521,0.35491943
51458,0.87539673,-2.0748901,0.38711548
51459,0.92895508,-1.99646,0.15533447
51460,0.92468262,-1.9975281,0.26535034
51461,1.1299133,-1.9018555,0.15289307
51462,1.161499,-1.9203186,-0.057067871
51463,1.1534119,-1.9523621,-0.098876953
51464,1.0490417,-1.9927979,-0.02166748
51465,1.1325073,-1.7308044,-0.13595581
51466,1.1376953,-1.7364502,-0.1991272
51467,1.1904907,-1.6906738,-0.34973144
51468,1.2512207,-1.620636,-0.31158447
51469,1.2667847,-1.5809631,-0.41687012
51470,1.254425,-1.607666,-0.40405273
51471,1.2901306,-1.512146,-0.35324097
51472,1.3110352,-1.4860535,-0.51208496
51473,1.2347412,-1.4302063,-0.57479858
51474,1.2759399,-1.434021,-0.49224853
51475,1.1611938,-1.5643311,-0.61141968
51476,1.1604309,-1.5089416,-0.55145264
51477,1.1094666,-1.4396667,-0.61264038
51478,1.0704041,-1.2541199,-0.54748535
51479,1.2158203,-1.1300659,-0.76004028
51480,1.2117004,-1.0739136,-0.67184448
51481,1.3232422,-0.95520019,-0.8694458
51482,1.2290955,-0.95092773,-1.0032654
51483,1.2298584,-0.97259522,-0.9262085
51484,1.134491,-0.81542969,-0.99960327
51485,1.1621094,-0.71136475,-1.1016846
51486,1.0997009,-0.66680908,-1.0882568
51487,1.1071777,-0.60897827,-1.0939026
51488,1.0133362,-0.66543579,-1.0656738
51489,1.0366821,-0.59890747,-1.0917664
51490,1.0690308,-0.47607422,-0.96969604
51491,1.0073853,-0.57037353,-1.1169434
51492,0.98220825,-0.47897339,-0.96618652
51493,1.0083008,-0.37445068,-1.0845947
51494,0.94451904,-0.4032898,-1.0333252
51495,0.97763062,-0.25985718,-1.1894226
51496,0.92559815,-0.27526856,-1.1515808
51497,0.87493897,-0.30273438,-1.3078308
51498,0.90454102,-0.095214844,-1.3020325
51499,0.69717407,-0.31280518,-1.3827515
51500,0.56488037,-0.036468506,-1.2425232
51501,0.67596435,0.008544922,-1.2828064
51502,0.76416016,-0.17745972,-1.3476563
51503,0.44311523,0.17730713,-1.3583374
51504,0.45349121,0.060882568,-1.3093567
51505,0.64300537,0.27755737,-1.1584473
51506,0.44219971,0.27984619,-1.2504578
51507,0.42480469,0.54107666,-1.2382507
51508,0.40145874,0.36621094,-1.444397
51509,0.3616333,0.51239014,-1.4268494
51510,0.17562866,0.62408447,-1.2844849
51511,0.24719238,0.54412842,-1.3427734
51512,0.11627197,0.58105469,-1.3497925
51513,0.005645752,0.71655273,-1.4086914
51514,0.03616333,0.71456909,-1.4076233
51515,-0.27435303,0.89706421,-1.4505005
51516,-0.032653809,0.84274292,-1.3121033
51517,-0.27664185,0.84259033,-1.1672974
51518,-0.16448975,0.89370728,-1.2965393
51519,-0.27252197,0.89096069,-1.1585999
51520,-0.33996582,0.87814331,-1.0539246
51521,-0.33370972,0.93719482,-1.0792541
51522,-0.42739868,0.99060059,-1.2039185
51523,-0.49682617,0.76660156,-1.0166931
51524,-0.3944397,0.77163696,-1.026001
51525,-0.46829224,1.0276794,-1.1399841
51526,-0.51483154,0.98083496,-1.0842896
51527,-0.70922852,1.0972595,-0.8984375
51528,-0.56350708,1.2384033,-0.95870972
51529,-0.77346802,1.217804,-1.0520935
51530,-0.80764771,1.2312317,-0.90499878
51531,-0.90042114,1.1161804,-0.58670044
51532,-0.79742432,1.1761475,-0.70388794
51533,-0.99319458,1.3114929,-0.75149536
51534,-1.1888123,1.2409973,-0.55892944
51535,-1.1610413,1.3531494,-0.76873779
51536,-1.1381531,1.3165283,-0.5809021
51537,-1.2861633,1.3058472,-0.49224853
51538,-1.378479,1.2406921,-0.46234131
51539,-1.3327026,1.2734985,-0.37750244
51540,-1.4430237,1.2831116,-0.34622192
51541,-1.4393616,1.396637,-0.25299072
51542,-1.3865662,1.3461304,-0.33233643
51543,-1.4624023,1.3331604,-0.2230835
51544,-1.590271,1.2670898,-0.17547607
51545,-1.5945435,1.1245728,-0.22491455
51546,-1.7144775,1.3500977,-0.061950684
51547,-1.7558289,1.2939453,0.062561035
51548,-1.7323303,1.1416626,0.0050354
51549,-1.8388367,1.2342834,-0.091400146
51550,-1.7750549,1.1662292,0.069732666
51551,-1.77948,1.2796021,0.20095825
51552,-1.9564819,1.1061096,0.26870728
51553,-1.842041,0.97854614,0.19470215
51554,-1.8713379,1.0151672,0.2607727
51555,-1.9807434,1.1497498,0.37033081
51556,-2.0162964,1.0896301,0.21575928
51557,-1.9647217,0.92086792,0.21667481
51558,-2.0333862,0.91583252,0.52261353
51559,-2.016449,0.83465576,0.40893555
51560,-2.0199585,0.86975098,0.67840576
51561,-2.0071411,1.0203552,0.6652832
51562,-2.0706177,0.82702637,0.56091309
51563,-2.1113586,0.93566894,0.7522583
51564,-2.1464539,0.88516235,0.7723999
51565,-2.026062,0.85525513,0.85235596
51566,-2.1865845,0.72113037,0.81192017
51567,-2.06604,0.72662353,0.87875366
51568,-2.2868347,0.54916382,0.81054688
51569,-2.0837402,0.42114258,0.97412109
51570,-2.2389221,0.46905518,1.0412598
51571,-2.1440125,0.66635132,0.75973511
51572,-2.1159363,0.36407471,1.2072754
51573,-2.2451782,0.29296875,1.1776733
51574,-2.2888184,0.23025513,1.2634277
51575,-2.1893311,0.24307251,1.1706543
51576,-2.124176,0.094299316,1.4176941
51577,-2.011261,0.098266602,1.4334106
51578,-2.1981812,-0.063476563,1.3287354
51579,-2.0651245,-0.18478394,1.4633179
51580,-1.9718933,-0.068969727,1.3752747
51581,-2.1968079,-0.18188477,1.5415955
51582,-2.2740173,-0.14251709,1.4982605
51583,-2.1315002,-0.37689209,1.451416
51584,-2.041626,-0.1864624,1.5226746
51585,-2.0854187,-0.26153564,1.592865
51586,-2.0304871,-0.40039063,1.6812134
51587,-2.0137024,-0.56945801,1.7166138
51588,-1.8597412,-0.54748535,1.7701721
51589,-1.7333984,-0.47424316,1.8164063
51590,-1.8489075,-0.74584961,1.9404602
51591,-1.7910767,-0.67443848,1.8469238
51592,-1.9252014,-0.82015991,1.7189026
51593,-1.8991089,-0.69564819,1.986084
51594,-1.9674683,-0.93338013,1.9470215
51595,-1.7874146,-0.99945068,1.7044067
51596,-2.020874,-1.0179138,2.0495605
51597,-1.7160034,-0.93002319,1.9493103
51598,-1.738739,-0.90530396,1.4569092
51599,-1.6421509,-1.1364746,1.9311523
51600,-1.5921021,-1.2905884,1.9525146
51601,-1.6363525,-1.3304138,2.1318054
51602,-1.5466309,-1.3856506,2.0074463
51603,-1.5306091,-1.4169312,2.0147705
51604,-1.3485718,-1.3993835,2.1873474
51605,-1.3510132,-1.3623047,1.9950867
51606,-1.2744141,-1.3755798,1.9830322
51607,-1.2727356,-1.4471436,2.0339966
51608,-1.1738586,-1.5109253,2.1420288
51609,-1.149292,-1.6371155,1.8254089
51610,-1.1688232,-1.5592957,1.9438171
51611,-1.0977173,-1.6607666,1.8205261
51612,-0.98968506,-1.7118835,1.8009949
51613,-0.82778931,-1.8597412,2.0391846
51614,-0.87463379,-1.8847656,1.9596863
51615,-0.91171265,-2.0541382,1.8951416
51616,-0.73623657,-1.8841553,1.9549561
51617,-0.80230713,-2.0614624,1.9726563
51618,-0.58532715,-2.0478821,1.8605041
51619,-0.68237305,-2.0169067,1.7233276
51620,-0.65490723,-1.9110107,1.8511963
51621,-0.56823731,-2.0788574,1.7521667
51622,-0.44738769,-2.1466064,1.645813
51623,-0.39337158,-2.0635986,1.6793823
51624,-0.36819458,-2.0965576,1.6525269
51625,-0.25970459,-2.2575378,1.6680908
51626,-0.18493652,-2.2720337,1.54953
51627,-0.28656006,-2.2396851,1.4733887
51628,-0.068054199,-2.4012756,1.4793396
51629,-0.055389404,-2.258606,1.6589355
51630,-0.026855469,-2.1983337,1.4395142
51631,-0.038146973,-2.2119141,1.509552
51632,0.023956299,-2.2492981,1.4588928
51633,0.17654419,-2.4504089,1.3600159
51634,0.1940918,-2.3701477,1.2701416
51635,0.28396606,-2.4789429,1.2199402
51636,0.21743774,-2.3608398,1.0742188
51637,0.36987305,-2.3474121,1.1450195
51638,0.40725708,-2.3364258,0.97915649
51639,0.47241211,-2.3031616,1.0414124
51640,0.4951477,-2.3577881,0.86532593
51641,0.57373047,-2.2923279,0.82199097
51642,0.66436768,-2.2311401,0.85830688
51643,0.51147461,-2.166748,0.90255737
51644,0.5267334,-2.3036194,0.7975769
51645,0.78918457,-2.208252,0.83145142
51646,0.61462402,-2.2796631,0.64544678
51647,0.86837769,-2.1032715,0.597229
51648,0.9147644,-2.0176697,0.50247192
51649,0.99822998,-2.0710754,0.52551269
51650,0.90881348,-2.1691895,0.36697388
51651,1.0249329,-2.2343445,0.42175293
51652,0.89035034,-2.3046875,0.53405762
51653,1.0501099,-2.359314,0.30563355
51654,0.97518921,-2.24823,0.18798828
51655,1.184845,-2.1905518,0.19302368
51656,0.96389771,-2.0654297,0.24002075
51657,1.1181641,-2.0536804,0.082702637
51658,1.0305786,-2.1205139,0.033721924
51659,1.1126709,-2.0979309,0.15335083
51660,1.1398315,-2.0861816,-0.009765625
51661,1.3079834,-1.8637085,-0.046081543
51662,1.1286926,-1.9337463,-0.13214111
51663,1.1018372,-1.781311,-0.073547363
51664,1.1668396,-1.7993164,-0.26657105
51665,1.1738586,-1.7929077,-0.17883301
51666,1.1436462,-1.6763306,-0.30212402
51667,1.1642456,-1.7810059,-0.33126831
51668,1.2724304,-1.5661621,-0.41870117
51669,1.1309814,-1.5603638,-0.64712524
51670,1.3008118,-1.7131042,-0.58563232
51671,1.1799622,-1.3754272,-0.46829224
51672,1.308136,-1.502533,-0.49530029
51673,1.2294006,-1.3487244,-0.57144165
51674,1.1334229,-1.2495422,-0.68969727
51675,1.1799622,-1.2277222,-0.87249756
51676,1.1177063,-1.1268616,-0.66757202
51677,1.1607361,-1.0758972,-0.78567505
51678,1.0528564,-0.99426269,-0.73898315
51679,1.0662842,-0.95748901,-0.76690674
51680,0.99136353,-1.006012,-0.87768555
51681,0.99441528,-0.87173462,-0.91873169
51682,0.92544556,-0.86715698,-0.92010498
51683,0.98312378,-0.68969727,-0.85845947
51684,1.0107422,-0.78216553,-0.96466065
51685,1.043396,-0.71807861,-1.1254883
51686,0.99807739,-0.63995361,-1.0897827
51687,1.0046387,-0.52459717,-1.2063599
51688,1.1090088,-0.45166016,-1.3095093
51689,1.033783,-0.4133606,-1.2573242
51690,0.99914551,-0.31021118,-1.3555908
51691,0.87738037,-0.45532227,-1.2646484
51692,0.77087402,-0.29556274,-1.2155151
51693,0.87585449,-0.26016235,-1.2445068
51694,0.75897217,-0.16021728,-1.2065125
51695,0.77575684,-0.096282959,-1.2011719
51696,0.82321167,-0.12313843,-1.2153625
51697,0.73013306,-0.036621094,-1.2651062
51698,0.45349121,-0.27069092,-1.5274048
51699,0.41000366,-0.19775391,-1.5371704
51700,0.26763916,0.042572021,-1.4413452
51701,0.4699707,0.10543823,-1.3232422
51702,0.39230347,0.41168213,-1.2944031
51703,0.39169311,0.37918091,-1.3224792
51704,0.36560059,0.14678955,-1.3961792
51705,0.32424927,0.24993897,-1.3903809
51706,0.22277832,0.41870117,-1.353302
51707,0.26550293,0.45181274,-1.2626648
51708,0.23681641,0.48706055,-1.4025879
51709,0.16357422,0.51422119,-1.2915039
51710,0.19897461,0.62103272,-1.3754272
51711,-0.021057129,0.5670166,-1.3423157
51712,-0.14694214,0.75714111,-1.3294983
51713,-0.076599121,0.87707519,-1.3273621
51714,-0.15975952,0.93200684,-1.2684631
51715,-0.32531738,0.9777832,-1.3478088
51716,-0.15975952,1.0612488,-1.3212585
51717,-0.43014526,0.9777832,-1.1735535
51718,-0.30029297,1.1010742,-1.2652588
51719,-0.59921265,0.83557129,-1.1540222
51720,-0.61279297,0.8706665,-1.0798645
51721,-0.65048218,1.0528564,-1.2464905
51722,-0.61065674,0.99487305,-0.96862793
51723,-0.61401367,1.0418701,-0.95809937
51724,-0.76416016,1.1210632,-1.1317444
51725,-0.88378906,1.1196899,-0.92300415
51726,-0.96542358,1.2886047,-0.87371826
51727,-0.92071533,1.1470032,-0.85510254
51728,-1.0772705,1.2364197,-0.86090088
51729,-0.87768555,1.3000488,-0.70556641
51730,-1.0667419,1.1842346,-0.753479
51731,-1.0044861,1.3592529,-0.7321167
51732,-1.2882996,1.3160706,-0.71746826
51733,-1.2333679,1.3154602,-0.50506592
51734,-1.280365,1.3391113,-0.66558838
51735,-1.2948608,1.240387,-0.53527832
51736,-1.3195801,1.3212585,-0.50491333
51737,-1.463623,1.3241577,-0.3137207
51738,-1.4865112,1.2612915,-0.28961182
51739,-1.4756775,1.1174011,-0.28793335
51740,-1.5112305,1.1875916,-0.19226074
51741,-1.4634705,1.2579346,-0.2255249
51742,-1.5118408,1.3948059,-0.16708374
51743,-1.4672852,1.2695313,-0.14022827
51744,-1.7832947,1.0585022,-0.033416748
51745,-1.7523193,1.0180664,0.021057129
51746,-1.7979431,1.1294556,0.12496948
51747,-1.8347168,1.1132813,0.11901856
51748,-1.8663025,1.1805725,0.25604248
51749,-1.8133545,1.1941528,0.2420044
51750,-1.8838501,1.2023926,0.30792236
51751,-1.8373108,1.2075806,0.33706665
51752,-1.8856812,1.1419678,0.31906128
51753,-2.0004272,1.1109924,0.5178833
51754,-2.0198059,1.0275269,0.47637939
51755,-2.0275879,0.9753418,0.48110962
51756,-2.039032,1.0404968,0.52078247
51757,-2.1430969,1.0021973,0.64239502
51758,-2.1185303,0.89950562,0.60241699
51759,-2.2021484,0.90637207,0.70281982
51760,-2.182312,0.76568603,0.80459595
51761,-2.2128296,0.59326172,0.70709228
51762,-1.9786072,0.73135376,0.806427
51763,-2.1200562,0.74111938,0.88928223
51764,-2.2563171,0.53268433,1.0003662
51765,-2.141571,0.4951477,0.89645386
51766,-2.3059082,0.48873901,1.0473633
51767,-2.122345,0.38406372,1.2991333
51768,-2.0904541,0.39199829,1.0806274
51769,-2.0941162,0.38574219,1.1044312
51770,-1.9807434,0.36834717,1.1201477
51771,-2.1844482,0.19836426,1.2223816
51772,-2.1905518,0.19195557,1.184082
51773,-2.0465088,0.18737793,1.4718628
51774,-2.0050049,0.14984131,1.3687134
51775,-2.0225525,0.0831604,1.4439392
51776,-1.9761658,0.041503906,1.3381958
51777,-2.046814,-0.19042969,1.3337708
51778,-2.0454407,-0.24780273,1.4416504
51779,-2.0172119,-0.26901245,1.5031433
51780,-2.064209,-0.30609131,1.6075134
51781,-2.0986938,-0.44998169,1.5557861
51782,-1.8135071,-0.39916992,1.5940857
51783,-1.968689,-0.41198731,1.6906738
51784,-1.8830872,-0.3742981,1.5884399
51785,-1.9058228,-0.61050415,1.6558838
51786,-1.8586731,-0.68328857,1.7024231
51787,-1.9088745,-0.71868897,1.693573
51788,-1.9050598,-0.45425415,1.834259
51789,-1.7749023,-0.66833496,1.7988586
51790,-1.8060303,-0.85296631,1.7953491
51791,-1.8180847,-0.8821106,1.9525146
51792,-1.7575073,-0.8392334,1.9784546
51793,-1.7675781,-1.1312866,1.9544983
51794,-1.6156006,-0.99182129,1.8252563
51795,-1.7216492,-1.1920166,2.1356201
51796,-1.5411377,-1.0420227,2.1083069
51797,-1.6413879,-1.131134,1.6255188
51798,-1.5252686,-1.2963867,1.7237854
51799,-1.4334106,-1.5350342,1.8495178
51800,-1.3887024,-1.5625,1.9546509
51801,-1.3761902,-1.5917969,2.0223999
51802,-1.3148499,-1.567688,2.1447754
51803,-1.3116455,-1.5966797,2.0861816
51804,-1.3798523,-1.643219,2.0954895
51805,-1.3482666,-1.7208862,2.0513916
51806,-1.3366699,-1.7498779,2.0252991
51807,-1.1242676,-1.6726685,1.9606018
51808,-1.1767578,-1.7922974,1.9744873
51809,-0.92819214,-1.7300415,1.9216919
51810,-0.93765259,-1.7993164,1.9226074
51811,-0.90087891,-1.8026733,1.8701172
51812,-0.85128784,-1.9242859,1.9485474
51813,-0.73867798,-1.9172668,1.9259644
51814,-0.71029663,-1.8783569,1.9192505
51815,-0.66162109,-1.9084167,1.8537903
51816,-0.5809021,-2.0185852,1.8423462
51817,-0.56243897,-2.0252991,1.9512939
51818,-0.56137085,-2.1803284,1.9049072
51819,-0.40008545,-1.9633484,1.7457581
51820,-0.44921875,-2.0552063,1.6384888
51821,-0.21011353,-2.1405029,1.6418457
51822,-0.30517578,-2.1647644,1.6671753
51823,-0.17913818,-2.3217773,1.6676331
51824,-0.20477295,-2.2619629,1.7224121
51825,-0.131073,-2.2329712,1.619873
51826,-0.005187988,-2.244873,1.5455627
51827,-0.064697266,-2.15271,1.5040588
51828,0.15014648,-2.3724365,1.4611816
51829,0.22216797,-2.3522949,1.451416
51830,0.17684937,-2.3023987,1.3989258
51831,0.23345947,-2.4046326,1.2776184
51832,0.38131714,-2.3886108,1.2954712
51833,0.38665772,-2.40448,1.2518311
51834,0.36682129,-2.34375,1.240387
51835,0.36132813,-2.3974609,1.1326599
51836,0.49209595,-2.366333,1.2387085
51837,0.43029785,-2.3655701,1.1550903
51838,0.37963867,-2.2592163,1.0903931
51839,0.62545776,-2.3205566,1.0443115
51840,0.63903809,-2.2714233,0.78186035
51841,0.67337036,-2.2053528,0.9173584
51842,0.70159912,-2.1704102,0.79666138
51843,0.6930542,-2.2442627,0.76293945
51844,0.87707519,-2.2099304,0.6010437
51845,0.89599609,-2.2991943,0.57678223
51846,0.83831787,-2.4594116,0.51177978
51847,0.88378906,-2.3457336,0.41046143
51848,0.97488403,-2.3953247,0.59082031
51849,0.9777832,-2.2932434,0.32745361
51850,0.80627441,-2.2740173,0.34973144
51851,0.90408325,-2.1641541,0.34896851
51852,1.0877991,-2.1453857,0.18737793
51853,0.92834473,-2.2589111,0.128479
51854,1.133728,-2.1250916,0.17074585
51855,1.125946,-2.0791626,-0.017547607
51856,1.166687,-2.0187378,0.089416504
51857,1.169281,-1.9525146,0.063934326
51858,1.2649536,-1.8711853,-0.028076172
51859,1.3092041,-2.0372009,-0.14556885
51860,1.2744141,-2.0530701,-0.20111084
51861,1.2080383,-1.9766235,-0.32897949
51862,1.1198425,-1.8266296,-0.29296875
51863,1.2861633,-1.7352295,-0.35400391
51864,1.289978,-1.7889404,-0.55877685
51865,1.1952209,-1.7523193,-0.49499512
51866,1.186676,-1.7424011,-0.51635742
51867,1.3012695,-1.6387939,-0.57754517
51868,1.312561,-1.4598084,-0.53512573
51869,1.206665,-1.3023376,-0.52917481
51870,1.2910461,-1.2994385,-0.58502197
51871,1.1785889,-1.2138367,-0.66467285
51872,1.2280273,-1.1891174,-0.74066162
51873,1.1340332,-1.2780762,-0.69488525
51874,1.1547852,-1.111908,-0.79162598
51875,1.2638855,-1.1865234,-0.80291748
51876,1.1062622,-1.098938,-0.73928833
51877,1.23703,-1.1676025,-0.86380005
51878,1.1265564,-1.0784912,-0.92376709
51879,1.2794495,-0.94696045,-0.9298706
51880,1.192627,-0.98602295,-1.0018921
51881,1.1236572,-0.8430481,-0.77804565
51882,1.0469055,-0.67718506,-1.1125183
51883,1.1372375,-0.62530518,-1.1131287
51884,1.0839844,-0.68572998,-1.0517883
51885,1.0452271,-0.60531616,-1.260376
51886,0.79421997,-0.51132202,-1.2243652
51887,0.92056274,-0.47302246,-1.1906433
51888,0.88378906,-0.28518677,-1.1207581
51889,0.94406128,-0.30548096,-1.2219238
51890,0.90072632,-0.31921387,-1.2915039
51891,1.0243225,-0.14007568,-1.2155151
51892,0.79803467,-0.01449585,-1.3710022
51893,0.94085693,0.1083374,-1.2614441
51894,0.70770264,-0.091094971,-1.4450073
51895,0.38009644,-0.13763428,-1.5431213
51896,0.58731079,-0.52032471,-1.5397644
51897,0.54443359,0.025939941,-1.5744019
51898,0.61279297,0.22613525,-1.5216064
51899,0.53833008,0.47531128,-1.4689636
51900,0.46920776,0.37399292,-1.4483643
51901,0.50643921,0.59249878,-1.3607788
51902,0.3894043,0.46691894,-1.3876343
51903,0.50872803,0.54168701,-1.3903809
51904,0.27053833,0.67016602,-1.3818359
51905,0.21591187,0.62042236,-1.3804626
51906,0.054626465,0.55358887,-1.3059998
51907,0.092468262,0.68054199,-1.383667
51908,0.1612854,0.66299438,-1.1994934
51909,-0.025939941,0.70648193,-1.2101746
51910,0.007629395,0.80200195,-1.1978149
51911,-0.071105957,0.7194519,-1.2895203
51912,-0.22232056,0.83831787,-1.3095093
51913,-0.30075073,1.1238098,-1.1981201
51914,-0.35980225,0.87478638,-1.1924744
51915,-0.28671265,1.003418,-1.2353516
51916,-0.30914307,1.1042786,-1.1808777
51917,-0.33233643,1.0877991,-1.2054443
51918,-0.35705566,1.0084534,-1.1698914
51919,-0.60729981,1.0452271,-1.1857605
51920,-0.68588257,1.1338806,-1.1029053
51921,-0.49621582,1.0348511,-1.0379028
51922,-0.60211182,1.2275696,-1.0717773
51923,-0.56640625,1.2747192,-0.93887329
51924,-0.70510864,1.3024902,-0.97320557
51925,-0.76248169,1.3040161,-0.99853516
51926,-0.75485229,1.3124084,-0.78735352
51927,-0.89294434,1.2971497,-0.80810547
51928,-0.96099853,1.3270569,-0.64315796
51929,-1.0116577,1.4041138,-0.90332031
51930,-1.0914612,1.2641907,-0.88119507
51931,-1.1035156,1.3442993,-0.64498901
51932,-1.2753296,1.4408875,-0.55892944
51933,-1.1573791,1.2979126,-0.59143066
51934,-1.2536621,1.2135315,-0.58517456
51935,-1.4009094,1.5205383,-0.47515869
51936,-1.4195251,1.4266968,-0.58776856
51937,-1.473999,1.3522339,-0.34439087
51938,-1.4498901,1.4126587,-0.36605835
51939,-1.5953064,1.1543274,-0.17913818
51940,-1.7834473,1.2197876,-0.24246216
51941,-1.5684509,1.2635803,-0.23696899
51942,-1.5254211,1.3186646,-0.2041626
51943,-1.6340637,1.3261414,-0.045471191
51944,-1.6740417,1.3090515,0.032348633
51945,-1.7694092,1.231842,0.077514648
51946,-1.8994141,1.0752869,0.10162354
51947,-1.8707275,1.254425,0.23406982
51948,-1.9889832,1.0047913,0.31066894
51949,-1.9335938,1.2464905,0.3817749
51950,-1.8315125,1.0974121,0.40802002
51951,-1.9750977,1.0224915,0.48248291
51952,-2.0993042,0.96466065,0.49102783
51953,-1.9725037,0.95031738,0.50247192
51954,-2.0202637,0.99243164,0.61141968
51955,-2.1113586,1.1016846,0.69351196
51956,-2.1017456,0.87234497,0.69793701
51957,-2.1080017,0.89599609,0.69061279
51958,-2.1354675,0.93933106,0.65704346
51959,-2.127533,0.82092285,0.89981079
51960,-2.2477722,0.95245361,0.81542969
51961,-2.1357727,0.77102661,0.84060669
51962,-2.1638489,0.84228516,0.80352783
51963,-2.2817993,0.75668335,0.83999634
51964,-2.2529602,0.56732178,0.87478638
51965,-2.3025513,0.77728272,1.0975647
51966,-2.3483276,0.57632446,0.94360352
51967,-2.2555542,0.52734375,1.2797546
51968,-2.243042,0.45227051,1.0986328
51969,-2.1633911,0.33935547,1.3526916
51970,-2.2906494,0.34500122,1.2057495
51971,-2.3733521,0.41320801,1.3458252
51972,-2.3553467,0.14434815,1.4356995
51973,-2.0252991,0.088806152,1.4480591
51974,-2.2441101,0.15228272,1.5730286
51975,-2.1824646,0.17364502,1.3088989
51976,-2.1379089,-0.1876831,1.424408
51977,-2.081604,-0.1171875,1.5286255
51978,-2.0970154,-0.16845703,1.7204285
51979,-2.010498,-0.21850586,1.6755676
51980,-2.1469116,-0.12634277,1.516571
51981,-2.1162415,-0.32501221,1.5687561
51982,-1.9917297,-0.28320313,1.9329834
51983,-2.0097351,-1.1351013,1.7840576
51984,-1.8455505,-0.64712524,1.6589355
51985,-1.9941711,-0.61599731,1.8518066
51986,-1.9271851,-0.70114136,1.5922546
51987,-1.8666077,-0.66467285,1.7593384
51988,-1.9132996,-0.97061157,1.7126465
51989,-1.8461609,-0.91049194,1.9560242
51990,-1.8804932,-0.91201782,1.9776916
51991,-1.8457031,-1.0961914,1.9670105
51992,-1.6644287,-1.0112,1.9152832
51993,-1.5914917,-0.97824097,1.9824219
51994,-1.7362976,-0.90576172,1.8891907
51995,-1.6479492,-1.0797119,1.8762207
51996,-1.5713501,-1.3725281,1.4178467
51997,-1.4770508,-1.2695313,1.8493652
51998,-1.4169312,-1.3816834,1.9470215
51999,-1.5359497,-1.3919067,2.0976257
52000,-1.5727234,-1.4822388,1.9441223
52001,-1.3458252,-1.4967346,1.9316101
52002,-1.3954163,-1.5016174,1.9422913
52003,-1.3444519,-1.4408875,1.9395447
52004,-1.4013672,-1.6621399,1.9076538
52005,-1.2554932,-1.4831543,1.9158936
52006,-1.0574341,-1.5901184,1.8563843
52007,-0.99105835,-1.7138672,2.0036316
52008,-1.0192871,-1.9593811,1.9859314
52009,-0.97091675,-1.9476318,1.9055176
52010,-1.0357666,-1.9369507,2.0736694
52011,-0.7107544,-1.9238281,1.947937
52012,-0.7800293,-2.1072388,1.8203735
52013,-0.73913574,-2.0480347,2.0372009
52014,-0.76797485,-2.0001221,1.8447876
52015,-0.60211182,-2.0783997,1.8057251
52016,-0.41870117,-2.1307373,1.640625
52017,-0.55618286,-2.1005249,1.7147827
52018,-0.45196533,-1.9503784,1.6874695
52019,-0.42541504,-1.9877625,1.758728
52020,-0.28137207,-2.2076416,1.7831421
52021,-0.32669067,-2.2488403,1.6110229
52022,-0.37872314,-2.2171021,1.6487122
52023,-0.27420044,-2.0536804,1.7201233
52024,-0.1020813,-2.2636414,1.7657471
52025,-0.11138916,-2.2866821,1.5263367
52026,-0.070037842,-2.2041321,1.4624023
52027,-0.1272583,-2.2531128,1.3665771
52028,-0.10696411,-2.1520996,1.413269
52029,0.16021728,-2.1882629,1.3905334
52030,0.043792725,-2.2392273,1.2635803
52031,-0.003204346,-2.3345947,1.2626648
52032,0.11138916,-2.3193359,1.0256958
52033,0.17211914,-2.3228455,1.1180115
52034,0.24917603,-2.3677063,1.0635376
52035,0.34469605,-2.2996521,0.95031738
52036,0.39154053,-2.5064087,0.86929321
52037,0.47393799,-2.2746277,0.92590332
52038,0.60577393,-2.3745728,0.95474243
52039,0.45791626,-2.3181152,0.95153809
52040,0.74279785,-2.2731018,0.79544067
52041,0.59082031,-2.4179077,0.81497192
52042,0.64849853,-2.4104309,0.81695557
52043,0.78521728,-2.3345947,0.7371521
52044,0.77331543,-2.3013306,0.57601929
52045,0.79833984,-2.0892334,0.52062988
52046,0.84732056,-2.1932983,0.49560547
52047,0.82382202,-2.1536255,0.43228149
52048,0.89813232,-2.2488403,0.29998779
52049,0.83099365,-2.2122192,0.31661987
52050,0.90133667,-2.1763611,0.25573731
52051,0.9928894,-2.0166016,0.11764526
52052,0.89401245,-1.9613647,0.27587891
52053,1.0194397,-2.0236206,0.14099121
52054,1.0366821,-1.9581604,0.084686279
52055,1.0266113,-1.8571472,0.12084961
52056,1.1354065,-1.9284058,0.13427734
52057,1.1013794,-1.7408752,0.072021484
52058,1.0501099,-1.86203,-0.088500977
52059,1.0432434,-1.8367004,-0.15838623
52060,1.2086487,-1.9177246,-0.27145386
52061,1.1058044,-1.7811584,-0.43487549
52062,1.1100769,-1.8322754,-0.43212891
52063,1.2683105,-1.6653442,-0.41259766
52064,1.1408997,-1.5484619,-0.29693603
52065,1.2341309,-1.5304565,-0.30929565
52066,1.1300659,-1.4532471,-0.40313721
52067,1.1947632,-1.446991,-0.58227539
52068,1.1712646,-1.5626526,-0.55786133
52069,1.2483215,-1.4047241,-0.62011719
52070,1.2733459,-1.2921143,-0.6439209
52071,1.3575745,-1.1901855,-0.68069458
52072,1.0870361,-1.1875916,-0.73608398
52073,1.1528015,-1.1976624,-0.73440552
52074,1.1953735,-1.2208557,-0.84106445
52075,1.1013794,-1.1004639,-0.78063965
52076,1.0731506,-1.0319519,-0.74951172
52077,1.1347961,-0.99960327,-0.93276978
52078,1.0321045,-0.92712402,-0.83206177
52079,0.94726563,-0.7699585,-1.0736084
52080,1.0498047,-0.72967529,-0.99349976
52081,1.1294556,-0.63781738,-1.0118103
52082,1.0415649,-0.62973022,-0.97640991
52083,1.0321045,-0.59204102,-1.1654663
52084,0.81176758,-0.45211792,-1.0476685
52085,0.89599609,-0.38009644,-1.0159302
52086,0.91308594,-0.30700684,-1.1952209
52087,0.7875061,-0.29510498,-1.0217285
52088,0.78643799,-0.32501221,-1.1663818
52089,0.77026367,-0.26596069,-1.2091064
52090,0.9262085,-0.045166016,-1.190033
52091,0.61203003,-0.10803223,-1.1671448
52092,0.6451416,0.055389404,-1.2084961
52093,0.81039429,-0.02166748,-1.3426209
52094,0.60577393,-0.04699707,-1.4385986
52095,0.4284668,-0.24993897,-1.50177
52096,0.56259155,-0.004272461,-1.4402771
52097,0.49102783,0.1071167,-1.2017822
52098,0.44509888,0.14801025,-1.1834717
52099,0.33096314,0.25390625,-1.3183594
52100,0.27389526,0.25360107,-1.1470032
52101,0.30044556,0.33096314,-1.2817383
52102,0.41168213,0.52810669,-1.2518311
52103,0.21820068,0.69671631,-1.2539673
52104,0.078125,0.46554565,-1.1376953
52105,0.14312744,0.34713745,-1.2980652
52106,0.077667236,0.52124023,-1.3648987
52107,0.038909912,0.60058594,-1.333313
52108,-0.20523071,0.6652832,-1.3246155
52109,0.008087158,0.63293457,-1.2231445
52110,-0.15884399,0.62866211,-1.0423279
52111,0.050811768,0.79116821,-1.1456299
52112,-0.13275147,0.83251953,-1.1123657
52113,-0.31433106,1.0325623,-1.0742188
52114,-0.33355713,1.0284424,-1.0180664
52115,-0.50872803,0.97076416,-0.90652466
52116,-0.43212891,0.90270996,-0.92163086
52117,-0.58761597,0.86883545,-1.0202026
52118,-0.54626465,1.0244751,-0.92788696
52119,-0.73883057,1.0238647,-1.0224915
52120,-0.6149292,1.1416626,-1.0534668
52121,-0.69061279,1.1174011,-1.0119629
52122,-0.70037842,1.2207031,-0.94100952
52123,-0.77713013,1.1628723,-0.87738037
52124,-0.93780518,1.0536194,-0.86761475
52125,-0.97381592,1.0359192,-0.7572937
52126,-1.0362244,0.95977783,-0.75500488
52127,-0.96343994,1.0943604,-0.71899414
52128,-1.0470581,1.1395264,-0.63812256
52129,-1.1711121,1.1643982,-0.52246094
52130,-1.1010742,1.1598206,-0.39627075
52131,-1.3258362,1.1532593,-0.41992188
52132,-1.2826538,1.1105347,-0.37292481
52133,-1.2889099,1.2365723,-0.40649414
52134,-1.3545227,1.1291504,-0.30136108
52135,-1.4860535,0.94604492,-0.40771484
52136,-1.3867188,1.1256409,-0.26412964
52137,-1.4108276,0.96542358,-0.21499634
52138,-1.5563965,1.1772156,-0.14312744
52139,-1.557312,1.0702515,-0.036621094
52140,-1.6877747,1.1380005,0.031890869
52141,-1.5866089,1.1715698,-0.016479492
52142,-1.6760254,1.1805725,0.040435791
52143,-1.6386414,1.1416626,0.13168335
52144,-1.6566467,1.0588074,0.2470398
52145,-1.6934204,0.90393066,0.15838623
52146,-1.6918945,1.0617065,0.26519775
52147,-1.676178,1.1062622,0.42053223
52148,-1.7710876,1.0168457,0.27130127
52149,-1.8621826,0.89202881,0.36071777
52150,-1.8878174,0.94573975,0.49636841
52151,-1.9873047,0.97061157,0.38070679
52152,-1.9454956,1.0357666,0.54199219
52153,-1.9287109,1.0063171,0.68237305
52154,-1.9200134,0.87677002,0.71212769
52155,-1.9320679,0.76858521,0.68389893
52156,-2.046051,0.75180054,0.63339233
52157,-1.93573,0.76141357,0.75500488
52158,-1.9833374,0.60012817,0.71105957
52159,-2.1203613,0.57449341,0.94741821
52160,-1.9471741,0.5696106,0.91751099
52161,-2.0439148,0.44723511,0.81390381
52162,-2.0220947,0.42434692,1.0108948
52163,-2.0895386,0.31433106,0.99685669
52164,-2.0166016,0.19195557,0.98205566
52165,-2.0529175,0.33691406,0.96755981
52166,-1.8551636,0.17852783,1.0803223
52167,-1.9506836,0.3036499,1.2205505
52168,-2.036438,0.30517578,1.2103271
52169,-2.043457,0.12283325,1.3806152
52170,-2.2412109,0.10696411,1.3928223
52171,-2.1003723,-0.1411438,1.2580872
52172,-1.9674683,-0.043334961,1.2802124
52173,-1.9075012,0.0390625,1.4440918
52174,-1.7712402,-0.020599365,1.4556885
52175,-1.9624329,-0.25482178,1.5205383
52176,-1.7356873,-0.20584106,1.4993286
52177,-1.794281,-0.17181397,1.517334
52178,-1.8994141,-0.27923584,1.4141846
52179,-2.0056152,-0.38406372,1.5722656
52180,-1.9418335,-0.20309448,1.5167236
52181,-1.892395,-0.44799805,1.4585876
52182,-1.6662598,-0.71533203,1.5344238
52183,-1.8013,-0.63735962,1.6027832
52184,-1.763916,-0.51391602,1.7868042
52185,-1.7437744,-0.64697266,1.7169189
52186,-1.7370605,-0.73898315,1.6142273
52187,-1.7086792,-0.72265625,1.7089844
52188,-1.678772,-0.99456787,1.7976379
52189,-1.6226196,-1.0655212,1.383667
52190,-1.6586304,-1.0021973,1.6009521
52191,-1.5632629,-1.2521362,1.5414429
52192,-1.5577698,-0.98449707,1.8188477
52193,-1.605835,-0.98022461,1.7871094
52194,-1.5361023,-0.97000122,1.7398071
52195,-1.3635254,-1.2467957,1.7219543
52196,-1.2792969,-1.1906433,1.8658447
52197,-1.3619995,-1.481781,1.7172241
52198,-1.3793945,-1.2878418,1.7041016
52199,-1.1845398,-1.5397644,1.8171692
52200,-1.1138916,-1.7471313,1.7401123
52201,-1.2257385,-1.4508057,1.829834
52202,-1.1584473,-1.6264343,1.8074036
52203,-0.94909668,-1.6827393,1.9306946
52204,-0.99502563,-1.7547607,1.6815186
52205,-0.87768555,-1.6595459,1.6004944
52206,-0.91598511,-1.7596436,1.787262
52207,-0.79055786,-1.7176819,1.8841553
52208,-0.68206787,-1.7042541,1.7984009
52209,-0.80780029,-1.6958618,1.8484497
52210,-0.68267822,-1.7292786,1.7088318
52211,-0.50216675,-1.8112183,1.7909241
52212,-0.55633545,-1.9412231,1.7105103
52213,-0.440979,-1.9763184,1.8127441
52214,-0.4095459,-2.0173645,1.5986633
52215,-0.22140503,-1.9598389,1.690979
52216,-0.32958984,-1.9062805,1.4761353
52217,-0.11260986,-1.8785095,1.6087341
52218,-0.25756836,-2.0111084,1.4279175
52219,-0.14266968,-2.0834351,1.4672852
52220,-0.2130127,-2.2572327,1.321106
52221,-0.13397217,-2.2087097,1.2521362
52222,-0.022125244,-2.2117615,1.3543701
52223,0.093383789,-2.3197937,1.2467957
52224,0.039978027,-2.0814514,1.1743164
52225,0.15274048,-2.0431519,1.1639404
52226,0.15533447,-2.0397949,1.1755371
52227,0.18814087,-2.0933533,1.1828613
52228,0.26016235,-2.2177124,1.272583
52229,0.2482605,-2.1969604,1.047821
52230,0.3565979,-2.2123718,1.0401916
52231,0.38101196,-2.2187805,1.0694885
52232,0.44647217,-2.2808838,1.0852051
52233,0.53131103,-2.4015808,0.92819214
52234,0.42266846,-2.4333191,0.82122803
52235,0.6086731,-2.3970032,0.80871582
52236,0.53894043,-2.3013306,0.72860718
52237,0.62637329,-2.1748352,0.73745728
52238,0.6552124,-2.1977234,0.65414429
52239,0.79742432,-2.0320129,0.56732178
52240,0.70648193,-2.0828247,0.45852661
52241,0.72509766,-2.0838928,0.54840088
52242,0.87524414,-1.9728088,0.39901733
52243,0.67749023,-2.0858765,0.48294067
52244,0.97061157,-1.9985962,0.32592773
52245,0.94009399,-1.9450378,0.17120361
52246,0.8883667,-1.9633484,0.25466919
52247,0.88775635,-1.9549561,0.24230957
52248,1.0559082,-2.0251465,0.13565063
52249,1.023407,-2.0269775,0.11993408
52250,1.1825562,-1.9152832,0.17227173
52251,0.98876953,-1.8218994,0.131073
52252,0.97488403,-1.8501282,0.055236816
52253,1.0064697,-1.6639709,0.11795044
52254,1.1885071,-1.738739,-0.016021729
52255,1.0987854,-1.7521667,-0.18371582
52256,1.1950684,-1.6802979,-0.12756348
52257,1.09375,-1.7105103,-0.29373169
52258,1.1726379,-1.5647888,-0.38360596
52259,1.1102295,-1.6687012,-0.40557861
52260,0.95535278,-1.5139771,-0.42663574
52261,1.0325623,-1.3653564,-0.35400391
52262,1.1781311,-1.3244629,-0.3742981
52263,1.1701965,-1.3122559,-0.50949097
52264,1.086731,-1.2799072,-0.519104
52265,1.105957,-1.2861633,-0.52856445
52266,0.94802856,-1.0557556,-0.54443359
52267,1.0290527,-1.0707092,-0.74859619
52268,0.92544556,-0.83007813,-0.81253052
52269,1.0641479,-0.77896118,-0.81924438
52270,1.1209106,-0.72753906,-0.6968689
52271,0.9336853,-0.86990356,-0.6439209
52272,1.1050415,-0.74401856,-0.82458496
52273,0.89447022,-0.75256348,-0.91064453
52274,0.92681885,-0.75958252,-1.0232544
52275,0.93811035,-0.5821228,-0.98754883
52276,0.91430664,-0.69732666,-0.83221435
52277,0.93902588,-0.52078247,-0.81512451
52278,0.90911865,-0.57373047,-0.9298706
52279,0.81954956,-0.50918579,-1.0015869
52280,0.89630127,-0.54122925,-0.87982178
52281,0.84075928,-0.38604736,-1.071167
52282,0.74401856,-0.33935547,-1.1016846
52283,0.85662842,-0.28747559,-1.2252808
52284,0.73822022,-0.41900635,-1.1880493
52285,0.809021,-0.23925781,-1.2054443
52286,0.74508667,-0.20217895,-1.1831665
52287,0.55755615,-0.15991211,-1.1582947
52288,0.69671631,-0.017700195,-1.3310242
52289,0.61721802,0.031890869,-1.3360596
52290,0.23147583,-0.28656006,-1.4202881
52291,0.46524048,0.071868896,-1.3639832
52292,0.42510986,0.14556885,-1.2838745
52293,0.28564453,0.32974243,-1.1825562
52294,0.39428711,0.27709961,-1.3046265
52295,0.33248901,0.30715942,-1.1917114
52296,0.38330078,0.39733887,-1.3821411
52297,0.21835327,0.46890259,-1.231842
52298,0.32730103,0.48080444,-1.1109924
52299,0.30349731,0.77102661,-1.338501
52300,0.11535645,0.43304443,-1.1581421
52301,-0.018157959,0.67718506,-1.2080383
52302,-0.31341553,0.57128906,-1.0240173
52303,0.097198486,0.54382324,-1.0734558
52304,0.019683838,0.79986572,-1.1230469
52305,-0.1574707,0.80535889,-1.1296082
52306,-0.20187378,0.77926636,-1.0774231
52307,-0.3326416,0.63735962,-1.1073303
52308,-0.32730103,0.80947876,-1.0653687
52309,-0.43106079,0.90148926,-1.0110474
52310,-0.27313232,1.0401916,-0.884552
52311,-0.34133911,1.0559082,-1.0803223
52312,-0.4927063,1.0882568,-0.97442627
52313,-0.45944214,0.97763062,-0.97473144
52314,-0.652771,0.92178345,-0.82931519
52315,-0.64071655,0.8694458,-0.81390381
52316,-0.62927246,1.0588074,-0.75531006
52317,-0.76431274,1.0794067,-0.84762573
52318,-0.70343018,1.1683655,-0.74630737
52319,-0.81832886,1.1039734,-0.73440552
52320,-0.82992554,1.1206055,-0.64575195
52321,-0.94955444,1.1157227,-0.55114746
52322,-0.98556519,0.99700928,-0.66635132
52323,-1.108551,1.03302,-0.53451538
52324,-1.1813354,0.99990845,-0.50338745
52325,-1.1700439,1.3009644,-0.62072754
52326,-1.2405396,1.1737061,-0.74447632
52327,-1.3174438,1.1502075,-0.57418823
52328,-1.335907,1.3208008,-0.40039063
52329,-1.4001465,1.317749,-0.39276123
52330,-1.5174866,1.2065125,-0.18981934
52331,-1.6094971,1.0017395,-0.44128418
52332,-1.4666748,1.0656738,-0.20889282
52333,-1.5859985,1.2008667,-0.13061523
52334,-1.4868164,1.0487366,0.045776367
52335,-1.5039063,0.90286255,-0.1298523
52336,-1.541748,0.96817017,0.086517334
52337,-1.6726685,1.0601807,0.055847168
52338,-1.5068054,0.99304199,0.16845703
52339,-1.7184448,0.90774536,0.21591187
52340,-1.7088318,0.87097168,0.26794434
52341,-1.7141724,0.92803955,0.2961731
52342,-1.643219,0.93505859,0.29876709
52343,-1.7964172,0.88546753,0.44250488
52344,-1.8183899,0.86669922,0.45730591
52345,-1.7578125,0.84243774,0.48904419
52346,-1.784668,0.71563721,0.47485352
52347,-1.8070984,0.69168091,0.52932739
52348,-1.8235779,0.76278687,0.63705444
52349,-1.8202209,0.68908691,0.77835083
52350,-2.0004272,0.77224731,0.70053101
52351,-1.9226074,0.61431885,0.72036743
52352,-1.8540955,0.52734375,0.85845947
52353,-1.9644165,0.56854248,0.6741333
52354,-2.0962524,0.5015564,0.92559815
52355,-2.0254517,0.5166626,0.93566894
52356,-2.1014404,0.61706543,1.0636902
52357,-1.8994141,0.31890869,1.1225891
52358,-1.9050598,0.48751831,1.0676575
52359,-1.958313,0.42724609,0.97900391
52360,-1.8737793,0.26641846,1.0418701
52361,-1.9085693,0.24215698,1.1286926
52362,-1.9512939,0.065460205,1.3102722
52363,-1.950531,0.2154541,1.231842
52364,-2.0095825,-0.091400146,1.3023376
52365,-2.0767212,-0.12451172,1.2097168
52366,-1.9255066,-0.31661987,1.1387634
52367,-1.8914795,-0.008239746,1.3340759
52368,-1.7816162,-0.11520386,1.3566589
52369,-1.9894409,-0.27374268,1.6157532
52370,-1.8739319,-0.11703491,1.5730286
52371,-1.8453979,-0.34942627,1.4883423
52372,-1.8325806,-0.53466797,1.5911865
52373,-1.8217468,-0.65032959,1.5441895
52374,-2.0077515,-0.68206787,1.6003418
52375,-1.7330933,-0.49041748,1.587677
52376,-1.8241882,-0.93017578,1.7816162
52377,-1.8391418,-0.80322266,1.8740845
52378,-1.7683411,-0.73974609,1.8417358
52379,-1.796875,-0.67199707,1.7694092
52380,-1.5257263,-0.81985474,1.8467712
52381,-1.8005371,-1.2060547,1.6920471
52382,-1.8663025,-0.95291138,1.693573
52383,-1.6516113,-1.0664368,1.6616821
52384,-1.6444397,-1.0830688,1.6949463
52385,-1.5449524,-1.0528564,1.8571472
52386,-1.4344788,-1.0751343,1.9126892
52387,-1.3439941,-1.2542725,1.9155884
52388,-1.4758301,-1.2355041,1.9584656
52389,-1.302948,-1.3684082,1.9616699
52390,-1.1863709,-1.2275696,1.9830322
52391,-1.1338806,-1.3623047,1.8252563
52392,-1.2832642,-1.317749,1.9319153
52393,-1.3204956,-1.3575745,1.9320679
52394,-1.2634277,-1.3090515,1.8041992
52395,-1.2936401,-1.4787292,1.8382263
52396,-1.1428833,-1.5617371,1.7553711
52397,-1.2301636,-1.5509033,1.6494751
52398,-0.90270996,-1.6821289,1.829834
52399,-1.0191345,-1.7477417,1.8496704
52400,-0.91796875,-1.7176819,1.8621826
52401,-0.76553345,-1.7626953,2.0036316
52402,-0.61279297,-1.7073059,1.8338013
52403,-0.75759888,-1.8424988,1.7089844
52404,-0.59158325,-1.867981,1.7608643
52405,-0.61981201,-1.918335,1.5597534
52406,-0.51956177,-1.8234253,1.7550659
52407,-0.52581787,-1.9874573,1.6465759
52408,-0.38696289,-1.8777466,1.6294861
52409,-0.35049439,-1.9400024,1.5567017
52410,-0.28396606,-1.9883728,1.5649414
52411,-0.24642944,-2.0930481,1.5309143
52412,-0.12619019,-1.9975281,1.578064
52413,-0.14038086,-2.1038818,1.6592407
52414,-0.10650635,-2.028656,1.5530396
52415,-0.12039185,-2.155304,1.5640259
52416,-0.028686523,-2.052002,1.4871216
52417,-0.1159668,-2.2293091,1.5202332
52418,-0.003509521,-2.3622131,1.3453674
52419,0.02532959,-2.3403931,1.5071106
52420,0.16540527,-2.3248291,1.187439
52421,0.19515991,-2.303009,1.1956787
52422,0.40176392,-2.1368408,1.1230469
52423,0.32653809,-2.1606445,1.1143494
52424,0.23895264,-2.0545959,1.1022949
52425,0.35736084,-2.2566223,1.0159302
52426,0.52276611,-2.1768188,0.92651367
52427,0.47836304,-2.2668457,0.88272095
52428,0.62454224,-2.1199036,0.84838867
52429,0.54336548,-2.2357178,0.73196411
52430,0.65811157,-2.1438599,0.74111938
52431,0.63537598,-2.1981812,0.83435059
52432,0.66207886,-1.9726563,0.75897217
52433,0.65124512,-2.0899963,0.75134277
52434,0.7119751,-2.1232605,0.55541992
52435,0.65979004,-2.0915222,0.64697266
52436,0.86639404,-2.1549988,0.52978516
52437,0.84365845,-2.0722961,0.30456543
52438,0.82565308,-2.0697021,0.3527832
52439,0.9576416,-2.0527649,0.3779602
52440,0.9803772,-1.9136047,0.26611328
52441,0.98678589,-1.9708252,0.24902344
52442,1.0002136,-1.8730164,0.21011353
52443,1.0493469,-1.9648743,0.12542725
52444,1.0438538,-1.9061279,0.076293945
52445,1.063385,-1.8533325,0.1222229
52446,0.94696045,-1.9152832,0.010375977
52447,1.0064697,-1.8927002,-0.16448975
52448,1.083374,-1.8661499,-0.12664795
52449,1.0699463,-1.7784119,-0.20324707
52450,1.0908508,-1.598053,-0.1864624
52451,0.97885132,-1.7437744,-0.26397705
52452,1.0595703,-1.7704773,-0.31814575
52453,1.1888123,-1.4637756,-0.29830933
52454,1.1378479,-1.3505554,-0.22064209
52455,1.2519836,-1.4433289,-0.2053833
52456,1.2597656,-1.3917541,-0.4548645
52457,1.2742615,-1.4453125,-0.46173096
52458,1.3348389,-1.3432312,-0.63323975
52459,1.2539673,-1.3696289,-0.61950684
52460,1.2567139,-1.2554932,-0.60546875
52461,1.0174561,-1.2713623,-0.6187439
52462,1.1193848,-1.0539246,-0.79940796
52463,1.1212158,-1.126709,-0.78536987
52464,1.232605,-1.0704041,-0.80886841
52465,1.1495972,-0.94619751,-1.0273743
52466,1.1721802,-0.85250854,-0.87341309
52467,1.0548401,-0.79574585,-0.96664429
52468,1.0534668,-0.73135376,-0.89675903
52469,1.0906982,-0.5708313,-1.0192871
52470,0.92803955,-0.58319092,-1.0827637
52471,0.93154907,-0.41229248,-1.0005188
52472,0.93521118,-0.41213989,-1.0600281
52473,0.93917847,-0.55114746,-1.0551453
52474,0.90942383,-0.35980225,-1.0502625
52475,0.96496582,-0.36132813,-1.1445618
52476,1.0160828,-0.2671814,-1.0906982
52477,0.90667725,-0.34759522,-1.1203003
52478,0.84289551,-0.15960693,-1.1831665
52479,0.79376221,-0.13427734,-1.2649536
52480,0.90377808,-0.076446533,-1.2361145
52481,0.86669922,-0.077209473,-1.2615967
52482,0.64178467,-0.047912598,-1.2916565
52483,0.64102173,-0.031433105,-1.3572693
52484,0.52383423,-0.103302,-1.3299561
52485,0.49026489,0.13473511,-1.1962891
52486,0.42541504,0.24719238,-1.2734985
52487,0.37368774,0.2746582,-1.2348938
52488,0.44128418,0.25527954,-1.1476135
52489,0.46463013,0.23712158,-1.3891602
52490,0.28823853,0.31814575,-1.3172913
52491,0.37261963,0.43701172,-1.1834717
52492,0.27450561,0.46386719,-1.4012146
52493,0.19607544,0.51055908,-1.2974548
52494,0.12680054,0.56121826,-1.1872864
52495,0.050964355,0.49850464,-1.2811279
52496,0.015411377,0.496521,-1.1949158
52497,-0.065917969,0.62454224,-1.1950684
52498,-0.085144043,0.7875061,-1.2272644
52499,-0.093231201,0.86120606,-1.3121033
52500,-0.012664795,0.82931519,-1.2985229
52501,-0.23803711,0.80810547,-1.0142517
52502,-0.34133911,0.82305908,-1.0494995
52503,-0.30029297,0.93658447,-1.1703491
52504,-0.29663086,1.0038757,-1.0490417
52505,-0.31829834,0.86395264,-1.0025024
52506,-0.34378052,0.8732605,-0.98190308
52507,-0.39001465,0.97427368,-1.0353088
52508,-0.49972534,0.95413208,-0.90515137
52509,-0.53131103,1.0868835,-1.0466003
52510,-0.69702148,1.2098694,-1.0029602
52511,-0.76309204,1.3148499,-0.87905884
52512,-0.69473267,1.2098694,-0.95809937
52513,-0.86593628,1.075592,-0.98999023
52514,-0.93231201,1.1013794,-0.84762573
52515,-0.91094971,1.1152649,-0.68817139
52516,-0.86273193,1.1828613,-0.69534302
52517,-0.98632813,1.3050842,-0.78125
52518,-1.1361694,1.3314819,-0.64926147
52519,-1.1755371,1.2203979,-0.57556152
52520,-1.257019,1.3063049,-0.64819336
52521,-1.2591553,1.2158203,-0.56884766
52522,-1.2554932,1.1999512,-0.46691894
52523,-1.318512,1.1700439,-0.36758423
52524,-1.3246155,1.1656189,-0.22232056
52525,-1.421814,1.2304688,-0.20690918
52526,-1.3366699,1.2184143,-0.13549805
52527,-1.4057922,1.0412598,-0.063781738
52528,-1.4746094,0.96969604,-0.21911621
52529,-1.579895,1.0484314,-0.19104004
52530,-1.6644287,1.0476685,-0.067138672
52531,-1.5803528,1.051178,0.034942627
52532,-1.6516113,1.0783386,0.14831543
52533,-1.690979,1.0153198,0.014801025
52534,-1.6055298,1.0295105,0.01663208
52535,-1.7486572,1.0752869,0.18280029
52536,-1.749115,1.1515808,0.30197144
52537,-1.8106079,1.0595703,0.36682129
52538,-1.8232727,1.0505676,0.40344238
52539,-1.8051147,1.0195923,0.41061401
52540,-1.8267822,1.0017395,0.43945313
52541,-1.8769836,0.90408325,0.5480957
52542,-1.9711304,0.83724976,0.68099976
52543,-1.9645691,0.90545654,0.66146851
52544,-2.0135498,0.79498291,0.68771362
52545,-2.0262146,0.79269409,0.73303223
52546,-1.9544983,0.78353882,0.74264526
52547,-2.1188354,0.58792114,0.66497803
52548,-2.0928955,0.72418213,0.72662353
52549,-2.1511841,0.70800781,0.98495483
52550,-2.1118164,0.68130493,1.0757446
52551,-2.2242737,0.69717407,1.1297607
52552,-2.3158264,0.49026489,1.2411499
52553,-2.1765137,0.46264648,1.2039185
52554,-2.1554565,0.34606934,1.1070251
52555,-2.0777893,0.19714356,1.0394287
52556,-2.0448303,0.18325806,1.0705566
52557,-2.1110535,0.25909424,1.0151672
52558,-2.1032715,0.28930664,1.2895203
52559,-2.0906067,0.16433716,1.3697815
52560,-2.1153259,-0.029144287,1.4007568
52561,-1.9828796,0.085449219,1.3128662
52562,-1.9667053,-0.1675415,1.2915039
52563,-2.038269,-0.23880005,1.4123535
52564,-1.8338013,-0.4258728,1.4074707
52565,-1.9309998,-0.41519165,1.4453125
52566,-1.8096924,-0.25817871,1.4715576
52567,-2.1795654,-0.33981323,1.5046692
52568,-2.0755005,-0.58441162,1.5310669
52569,-1.9500732,-0.4814148,1.5280151
52570,-1.8948364,-0.44158936,1.4862061
52571,-1.8984985,-0.57373047,1.7596436
52572,-1.9212341,-0.62164307,1.6346741
52573,-1.8252563,-0.64453125,1.7733765
52574,-1.8321228,-0.77606201,1.7897034
52575,-1.7591858,-0.82473755,1.7614746
52576,-1.7723084,-0.80291748,1.794281
52577,-1.7599487,-0.76263428,1.9740295
52578,-1.7382813,-1.3188171,2.0529175
52579,-1.6880798,-1.1428833,1.8319702
52580,-1.672821,-1.1819458,1.8014526
52581,-1.6633606,-1.0560608,1.9548035
52582,-1.463623,-1.0386658,1.8685913
52583,-1.4878845,-1.1465454,1.8588257
52584,-1.3949585,-1.1973572,1.7337036
52585,-1.4228821,-1.1738586,1.8994141
52586,-1.2747192,-1.410675,1.6619873
52587,-1.2756348,-1.546936,1.8261719
52588,-1.2844849,-1.3243103,2.0243835
52589,-1.3092041,-1.3798523,2.0115662
52590,-1.2753296,-1.5350342,1.8719482
52591,-1.2266541,-1.5156555,1.6609192
52592,-1.0223389,-1.625061,1.8273926
52593,-1.0980225,-1.5936279,1.9445801
52594,-0.93795776,-1.5350342,1.9934082
52595,-0.8670044,-1.7391968,2.0539856
52596,-0.97000122,-1.6563416,1.887207
52597,-0.80032349,-1.7263794,1.8995666
52598,-0.87310791,-1.7747498,1.8792725
52599,-0.75668335,-1.9650269,1.7364502
52600,-0.75866699,-1.9561768,1.8586731
52601,-0.65292358,-1.9869995,1.9241333
52602,-0.58776856,-2.0257568,1.8148804
52603,-0.56457519,-2.0211792,1.789856
52604,-0.50979614,-1.9877625,1.787262
52605,-0.47470093,-1.9419861,1.6815186
52606,-0.35980225,-1.960144,1.693573
52607,-0.29571533,-2.0272827,1.6638184
52608,-0.22247315,-2.1180725,1.6609192
52609,-0.19256592,-2.1736145,1.5734863
52610,-0.14190674,-2.2370911,1.5283203
52611,-0.15777588,-2.1789551,1.5013123
52612,-0.062866211,-2.2012329,1.4434814
52613,0.018005371,-2.1960449,1.4105225
52614,0.055847168,-2.2584534,1.2582397
52615,0.099334717,-2.204895,1.2675476
52616,0.093383789,-2.2802734,1.2365723
52617,0.11077881,-2.4142456,1.1073303
52618,0.17074585,-2.4429321,1.240387
52619,0.26672363,-2.2833252,1.2095642
52620,0.28121948,-2.1542358,1.0397339
52621,0.36376953,-2.1342468,1.108551
52622,0.39703369,-2.1392822,1.0690308
52623,0.46798706,-2.1392822,0.99487305
52624,0.53894043,-2.1591187,0.82092285
52625,0.59249878,-2.0797729,0.71044922
52626,0.5078125,-2.1348572,0.74584961
52627,0.66177368,-2.1987915,0.65170288
52628,0.69610596,-2.1728516,0.74829102
52629,0.79376221,-2.1098328,0.52734375
52630,0.72143555,-2.147522,0.56488037
52631,0.85220337,-2.1087646,0.49942017
52632,0.79345703,-2.0695496,0.3994751
52633,0.96435547,-2.0951843,0.24215698
52634,0.85159302,-2.1568298,0.35995483
52635,0.9526062,-1.942749,0.28915405
52636,0.94909668,-1.9940186,0.22949219
52637,0.99899292,-2.039032,0.16082764
52638,1.0424805,-1.9622803,0.075836182
52639,1.0882568,-1.934967,0.1991272
52640,0.96282959,-1.79245,0.17120361
52641,1.1277771,-1.9578552,-0.013275146
52642,1.1473084,-1.8902588,-0.12649536
52643,1.1581421,-1.875,-0.15487671
52644,1.0716248,-1.7945862,-0.057983398
52645,1.1604309,-1.9042969,-0.14129639
52646,1.2243652,-1.7050171,-0.35964966
52647,1.0743713,-1.7749023,-0.27755737
52648,1.1984253,-1.6490173,-0.33554077
52649,1.2513733,-1.4665222,-0.40206909
52650,1.3343811,-1.3543701,-0.36071777
52651,1.3977051,-1.346283,-0.33874512
52652,1.1222839,-1.4468384,-0.43777466
52653,1.254425,-1.3369751,-0.70175171
52654,1.2733459,-1.3034058,-0.74234009
52655,1.1856079,-1.1021423,-0.61645508
52656,1.1175537,-1.0025024,-0.62744141
52657,1.1108398,-1.0310364,-0.75790405
52658,1.2011719,-1.1317444,-0.83938599
52659,1.1895752,-1.1254883,-0.96038818
52660,1.1576843,-1.1506653,-0.92926025
52661,1.219635,-1.1399841,-0.93597412
52662,1.0890198,-1.1376953,-0.99212647
52663,1.1434937,-0.9576416,-1.0061646
52664,1.162262,-0.82641602,-0.92926025
52665,0.98052978,-0.85266113,-0.85998535
52666,1.0186768,-0.77987671,-0.884552
52667,0.92483521,-0.51834106,-0.93551636
52668,1.0333252,-0.62225342,-0.98999023
52669,1.0687256,-0.51223755,-1.0853577
52670,1.0632324,-0.50567627,-1.1816406
52671,1.0548401,-0.31799316,-1.1042786
52672,0.85510254,-0.30914307,-1.1679077
52673,0.85983276,-0.25619507,-1.1732483
52674,0.86669922,-0.2722168,-1.2493896
52675,0.91598511,-0.21575928,-1.26297
52676,0.81176758,-0.14709473,-1.320343
52677,0.80612183,0.010986328,-1.3175964
52678,0.77911377,0.062713623,-1.3519287
52679,0.62637329,0.23757935,-1.2716675
52680,0.64819336,-0.055999756,-1.3957214
52681,0.63934326,0.001983643,-1.3798523
52682,0.64910889,0.1322937,-1.2713623
52683,0.56137085,0.2192688,-1.2136841
52684,0.55419922,0.2331543,-1.1083984
52685,0.40466309,0.51635742,-1.2896729
52686,0.34912109,0.37155151,-1.4028931
52687,0.32806397,0.40588379,-1.4271545
52688,0.24414063,0.48706055,-1.446228
52689,0.11672974,0.597229,-1.247406
52690,0.12527466,0.59265137,-1.1976624
52691,0.15686035,0.68222046,-1.4553833
52692,0.15975952,0.59371948,-1.2632751
52693,0.098571777,0.60028076,-1.2895203
52694,-0.043182373,0.68328857,-1.1677551
52695,-0.19317627,0.71151733,-1.2451172
52696,-0.077209473,0.88500977,-1.1528015
52697,-0.10131836,0.93948364,-1.197052
52698,-0.17486572,1.0531616,-1.3780212
52699,-0.42770386,1.1141968,-1.2313843
52700,-0.39337158,1.1132813,-1.1495972
52701,-0.43121338,1.1914063,-1.1741638
52702,-0.45883179,1.1804199,-1.2110901
52703,-0.48645019,1.0816956,-1.0437012
52704,-0.6187439,0.9753418,-1.0554504
52705,-0.68603516,1.0984802,-1.0011291
52706,-0.73303223,1.2503052,-0.85281372
52707,-0.70632935,1.1273193,-0.86853027
52708,-0.81848144,1.206665,-0.81497192
52709,-0.83312988,1.4094543,-0.79666138
52710,-0.88607788,1.2554932,-0.70800781
52711,-0.92285156,1.2002563,-0.60119629
52712,-1.0873413,1.1676025,-0.72952271
52713,-1.1427307,1.3072205,-0.46020508
52714,-1.0594177,1.2858582,-0.60699463
52715,-1.1740112,1.254425,-0.58639526
52716,-1.2402344,1.4916992,-0.47637939
52717,-1.2535095,1.3345337,-0.54580688
52718,-1.3340759,1.3528442,-0.50994873
52719,-1.343689,1.1659241,-0.61843872
52720,-1.3562012,1.3140869,-0.50888062
52721,-1.3883972,1.4425659,-0.36468506
52722,-1.5953064,1.3993835,-0.39535522
52723,-1.5681458,1.33255,-0.54244995
52724,-1.6461182,1.217041,-0.80093384
52725,-1.6079712,1.105957,-0.24246216
52726,-1.5913391,1.1569214,-0.094299316
52727,-1.7602539,1.2080383,-0.065002441
52728,-1.6368103,1.2011719,0.021057129
52729,-1.8760681,1.2585449,0.18478394
52730,-1.9459534,1.2893677,0.23742676
52731,-1.940918,1.3064575,0.31723022
52732,-2.1073914,0.98724365,0.390625
52733,-2.0684814,1.0057068,0.26275635
52734,-1.9247437,1.0107422,0.42709351
52735,-1.9868469,0.8782959,0.39459228
52736,-2.0657349,0.8972168,0.50491333
52737,-1.9976807,0.96511841,0.5065918
52738,-2.04422,1.0275269,0.60638428
52739,-2.0541382,0.92773438,0.53253174
52740,-2.1856689,0.78460693,0.81161499
52741,-2.1533203,0.85494995,0.78552246
52742,-2.052002,0.76904297,0.76309204
52743,-2.277832,0.67443848,0.9312439
52744,-2.3484802,0.66345215,0.990448
52745,-2.2766113,0.67810059,0.96038818
52746,-2.1533203,0.650177,1.0090637
52747,-2.204895,0.60516357,0.98876953
52748,-2.2181702,0.58837891,0.85479736
52749,-2.1237183,0.52474976,0.95993042
52750,-2.0071411,0.53100586,1.1273193
52751,-2.1014404,0.42999268,1.1575317
52752,-2.0744324,0.38223267,1.1923218
52753,-1.9937134,0.40969849,1.2834167
52754,-2.1136475,0.33630371,1.2091064
52755,-2.0730591,0.22079468,1.5129089
52756,-2.1139526,0.17822266,1.3555908
52757,-2.3022461,0.016937256,1.5716553
52758,-2.1257019,-0.056610107,1.4997864
52759,-2.2338867,0.051422119,1.5888977
52760,-2.2119141,-0.006408691,1.5925598
52761,-2.0219421,-0.19332886,1.6870117
52762,-1.9311523,-0.38269043,1.5634155
52763,-2.1972656,-0.17456055,1.7434692
52764,-1.9934082,-0.11688232,1.5049744
52765,-2.0780945,-0.48187256,1.6789246
52766,-2.2424316,-0.50109863,1.7861938
52767,-1.8453979,-0.5166626,1.8748474
52768,-1.8548584,-0.70205688,1.885376
52769,-1.9029236,-0.82015991,2.0368958
52770,-1.9711304,-1.078186,1.9522095
52771,-1.8438721,-0.83984375,1.9918823
52772,-1.7933655,-0.70465088,2.0950317
52773,-1.7526245,-0.83557129,2.063446
52774,-1.6893005,-0.91598511,1.9351196
52775,-1.7921448,-0.92376709,1.9274902
52776,-1.7172241,-0.89935303,2.0227051
52777,-1.6923523,-1.5498352,1.9262695
52778,-1.5786743,-1.3014221,1.9332886
52779,-1.5419006,-1.2580872,1.9970703
52780,-1.542511,-1.1117554,2.1882629
52781,-1.4807129,-1.242981,2.1821594
52782,-1.3711548,-1.2329102,2.0347595
52783,-1.4755249,-1.3618469,2.0967102
52784,-1.3525391,-1.505127,2.0507813
52785,-1.3188171,-1.5490723,1.7504883
52786,-1.2088013,-1.7068481,1.8240356
52787,-1.1000061,-1.7202759,1.918335
52788,-0.98144531,-1.6101074,1.9796753
52789,-1.0874939,-1.7364502,1.9496155
52790,-0.92559815,-1.7854309,1.5910339
52791,-0.95108032,-1.7901611,1.864624
52792,-0.85357666,-1.8174744,1.8304443
52793,-0.77514648,-1.8850708,1.8395996
52794,-0.84167481,-1.8530273,1.8695068
52795,-0.67596435,-2.0266724,1.9255066
52796,-0.65887451,-2.0166016,2.0155334
52797,-0.61553955,-2.0327759,1.8083191
52798,-0.5355835,-1.9868469,1.736908
52799,-0.50582886,-2.2305298,1.8130493
52800,-0.42175293,-2.1963501,1.668396
52801,-0.34713745,-2.2471619,1.8318176
52802,-0.28182983,-2.3374939,1.77948
52803,-0.40664673,-2.2535706,1.8212891
52804,-0.22445679,-2.2369385,1.6912842
52805,-0.17303467,-2.3272705,1.6003418
52806,-0.30197144,-2.3641968,1.631012
52807,-0.046081543,-2.4507141,1.5351868
52808,0.053405762,-2.3191833,1.6210938
52809,-0.048217773,-2.3428345,1.6104126
52810,0.075683594,-2.4064636,1.5005493
52811,0.15701294,-2.4609375,1.2863159
52812,0.23605347,-2.2244263,1.1672974
52813,0.22628784,-2.17453,1.3345337
52814,0.15625,-2.3605347,1.3551331
52815,0.31311035,-2.4473572,1.1044312
52816,0.4460144,-2.2906494,1.1846924
52817,0.57235718,-2.4476624,1.003418
52818,0.59890747,-2.4533081,1.0197449
52819,0.52215576,-2.456665,0.80947876
52820,0.58181763,-2.4993896,0.93719482
52821,0.60287476,-2.4246216,0.95855713
52822,0.67825317,-2.4423218,0.81802368
52823,0.70678711,-2.3397827,0.72509766
52824,0.58547974,-2.3483276,0.78948975
52825,0.82962036,-2.3164368,0.79879761
52826,0.91461182,-2.2914124,0.65704346
52827,0.83679199,-2.3184204,0.68710327
52828,0.93414307,-2.3991394,0.44143677
52829,0.95687866,-2.2373962,0.54092407
52830,0.98739624,-2.1160889,0.35263061
52831,0.95718384,-2.0606995,0.38909912
52832,0.91003418,-2.2467041,0.50079346
52833,1.1004639,-2.1643066,0.23925781
52834,1.1079407,-2.0716858,0.21194458
52835,1.1630249,-2.1206665,0.060272217
52836,1.0751343,-2.1127319,-0.006866455
52837,1.2158203,-2.0898438,-0.1083374
52838,1.1616516,-2.0596313,-0.11459351
52839,1.2954712,-2.0306396,-0.28503418
52840,1.3980103,-2.0059204,-0.24719238
52841,1.2243652,-1.9494629,-0.074310303
52842,1.2910461,-1.9129944,-0.13534546
52843,1.2823486,-1.8632507,-0.34347534
52844,1.3687134,-1.8733215,-0.27130127
52845,1.2384033,-1.9180298,-0.44662476
52846,1.2246704,-1.713562,-0.34835815
52847,1.1662292,-1.5930176,-0.30136108
52848,1.2413025,-1.6552734,-0.58135986
52849,1.1950684,-1.577301,-0.43197632
52850,1.2193298,-1.472168,-0.63278198
52851,1.333313,-1.5168762,-0.59814453
52852,1.3145447,-1.439209,-0.65994263
52853,1.2123108,-1.3409424,-0.64056397
52854,1.2315369,-1.4758301,-0.75363159
52855,1.3844299,-1.2968445,-0.73287964
52856,1.166687,-1.0955811,-0.84167481
52857,1.2649536,-1.0758972,-1.3526916
52858,1.2823486,-1.124115,-1.1959839
52859,1.2263489,-1.0139465,-1.4230347
52860,1.2098694,-0.96038818,-1.1633301
52861,1.1575317,-0.91751099,-1.2037659
52862,1.2135315,-0.76385498,-1.134491
52863,1.0585022,-0.67855835,-1.1128235
52864,1.0972595,-0.56335449,-1.1146545
52865,1.0694885,-0.66879272,-1.1080933
52866,0.96847534,-0.62789917,-1.1230469
52867,1.0253906,-0.56472778,-1.2637329
52868,1.1044312,-0.48690796,-1.1125183
52869,1.0728455,-0.49316406,-1.3249207
52870,0.99655151,-0.18585205,-1.3049316
52871,0.9034729,-0.28656006,-1.2983704
52872,0.88790894,-0.22262573,-1.3761902
52873,0.8605957,-0.17028809,-1.3925171
52874,0.89782715,-0.081329346,-1.4877319
52875,0.71792603,-0.057525635,-1.3877869
52876,0.57617188,-0.022735596,-1.5690613
52877,0.69793701,0.17425537,-1.4833069
52878,0.70449829,0.070037842,-1.5237427
52879,0.68328857,0.29708862,-1.3684082
52880,0.6803894,0.35064697,-1.3623047
52881,0.65002441,0.2973938,-1.3644409
52882,0.43228149,0.26855469,-1.3627625
52883,0.50689697,0.36972046,-1.3735962
52884,0.47241211,0.50872803,-1.6593933
52885,0.43914795,0.50079346,-1.8850708
52886,0.32302856,0.56793213,-1.3877869
52887,0.28091431,0.58532715,-1.4099121
52888,0.080871582,0.76889038,-1.4685059
52889,0.081329346,0.76080322,-1.526947
52890,-0.045166016,0.7975769,-2.0864868
52891,-0.085296631,0.73562622,-1.4938354
52892,-0.13931274,0.77545166,-1.7021179
52893,-0.065307617,0.71533203,-1.6957092
52894,-0.37963867,0.83114624,-1.4007568
52895,-0.15258789,0.77880859,-1.2817383
52896,-0.25009155,0.93185425,-1.401825
52897,-0.33599853,0.79559326,-1.2542725
52898,-0.52764893,1.0302734,-1.0264587
52899,-0.42404175,1.1462402,-1.0049438
52900,-0.49575806,1.2393188,-1.038208
52901,-0.64453125,1.262207,-1.1425781
52902,-0.63705444,1.2367249,-1.0964966
52903,-0.63369751,1.2863159,-1.1193848
52904,-0.72784424,1.2672424,-0.98556519
52905,-0.78735352,1.2753296,-0.92590332
52906,-0.86380005,1.1915588,-0.88592529
52907,-0.78125,1.2310791,-0.85845947
52908,-0.8605957,1.2939453,-0.95214844
52909,-0.95886231,1.2620544,-0.98129272
52910,-1.1506653,1.2226868,-0.97457886
52911,-1.0568237,1.3500977,-0.74508667
52912,-1.1927795,1.2892151,-0.64239502
52913,-1.2046814,1.390686,-0.74996948
52914,-1.2744141,1.4892578,-0.63964844
52915,-1.3446045,1.378479,-0.57312012
52916,-1.2263489,1.4834595,-0.45959473
52917,-1.4085388,1.5000916,-0.28121948
52918,-1.3902283,1.4031982,-0.46722412
52919,-1.3945007,1.3529968,-0.33065796
52920,-1.3491821,1.2927246,-0.85083008
52921,-1.4530945,1.3491821,-0.2722168
52922,-1.4251709,1.3804626,-0.16647339
52923,-1.5948486,1.378479,-0.12451172
52924,-1.6543579,1.2451172,-0.1083374
52925,-1.708374,1.3711548,-0.27694702
52926,-1.5985107,1.2863159,-0.42633057
52927,-1.7294312,1.2332153,-0.069122314
52928,-1.630249,1.2817383,0.18127441
52929,-1.8771362,1.2533569,0.27709961
52930,-1.7727661,1.1523438,0.19134522
52931,-1.9348145,1.2677002,0.28594971
52932,-2.0123291,1.0409546,0.32196045
52933,-1.9062805,1.1169434,0.32363892
52934,-1.9125366,0.9060669,0.32867432
52935,-1.8693542,0.83496094,0.36987305
52936,-2.0317078,0.84701538,0.53161621
52937,-1.9711304,0.962677,0.47851563
52938,-2.0214844,0.79956055,0.5241394
52939,-2.0703125,0.90026856,0.60058594
52940,-2.1081543,0.93902588,0.77224731
52941,-1.9592285,0.94787598,0.78399658
52942,-2.3448181,0.73410034,0.84518433
52943,-2.1411133,0.79711914,0.85128784
52944,-2.1270752,0.61096191,0.94116211
52945,-2.2337341,0.56182861,1.1235046
52946,-2.1702576,0.59265137,1.1364746
52947,-2.2953796,0.43731689,1.1305237
52948,-2.0359802,0.50262451,1.1051941
52949,-2.210083,0.5241394,1.1895752
52950,-2.1911621,0.34393311,1.2043762
52951,-2.1577454,0.30395508,1.1714172
52952,-1.9284058,0.081176758,1.2631226
52953,-2.0837402,0.4460144,1.4242554
52954,-2.1208191,0.25009155,1.3204956
52955,-2.2439575,0.035400391,1.3136291
52956,-2.2666931,-0.078125,1.4221191
52957,-2.0555115,0.065460205,1.5110779
52958,-2.2888184,0.017089844,1.5733337
52959,-2.1038818,-0.31509399,1.5086365
52960,-2.0820618,-0.26687622,1.5699768
52961,-2.1142578,-0.1625061,1.6412354
52962,-1.9186401,-0.58013916,1.5895081
52963,-2.114563,-0.3817749,1.7486572
52964,-2.0689392,-0.42053223,1.7295837
52965,-2.0646667,-0.42205811,1.8649292
52966,-1.9584656,-0.46859741,1.9439697
52967,-1.8626404,-0.77285767,1.8476868
52968,-2.0170593,-0.79772949,2.0947266
52969,-1.8327332,-0.79269409,1.978302
52970,-1.8276978,-0.7661438,1.9807434
52971,-1.8293762,-0.86013794,1.8040466
52972,-1.786499,-1.1212158,1.880188
52973,-1.6772461,-1.0772705,2.0654297
52974,-1.6548157,-1.026001,2.0967102
52975,-1.673584,-1.4756775,2.1765137
52976,-1.7152405,-1.6351318,2.179718
52977,-1.6040039,-1.3101196,2.2229004
52978,-1.5162659,-1.2052917,1.9589233
52979,-1.4810181,-1.1576843,2.144165
52980,-1.4471436,-1.40625,1.9836426
52981,-1.3356018,-1.4137268,1.8356323
52982,-1.3739014,-1.4276123,2.0362854
52983,-1.2243652,-1.4797974,2.1139526
52984,-1.2593079,-1.6265869,1.7990112
52985,-1.29776,-1.6511536,1.9952393
52986,-1.0960388,-1.8093872,1.8991089
52987,-1.1781311,-1.8473816,2.0524597
52988,-1.1013794,-1.7149353,2.051239
52989,-1.0824585,-1.6729736,2.006073
52990,-0.86685181,-1.7456055,2.0831299
52991,-0.86532593,-1.934967,1.9580078
52992,-0.82061768,-1.9302368,1.9802856
52993,-0.73974609,-1.9848633,1.8444824
52994,-0.70556641,-1.8832397,1.8875122
52995,-0.65979004,-1.8865967,1.8179321
52996,-0.50720215,-1.8780518,1.9526672
52997,-0.47439575,-2.0132446,2.0193481
52998,-0.45578003,-2.1910095,1.7829895
52999,-0.48858643,-2.1574402,1.6781616
53000,-0.40512085,-2.0606995,1.693573
53001,-0.24017334,-2.1127319,1.6267395
53002,-0.20324707,-2.1191406,1.6499329
53003,-0.16265869,-2.2677612,1.497345
53004,-0.14190674,-2.2344971,1.46698
53005,-0.20401001,-2.290802,1.4172363
53006,-0.15472412,-2.361145,1.3778687
53007,-0.087432861,-2.4353027,1.3783264
53008,0.081787109,-2.4279785,1.3519287
53009,0.1600647,-2.321167,1.5176392
53010,0.21469116,-2.2288513,1.4120483
53011,0.17913818,-2.1484375,1.3781738
53012,0.22262573,-2.2296143,1.3375854
53013,0.3251648,-2.3017883,1.3256836
53014,0.27160644,-2.325592,1.211853
53015,0.39978027,-2.297821,1.1987305
53016,0.57632446,-2.2779846,1.0647583
53017,0.47027588,-2.3622131,0.99365234
53018,0.4776001,-2.5392151,0.88638306
53019,0.47073364,-2.3425293,0.96237183
53020,0.57876587,-2.4261475,0.95520019
53021,0.71380615,-2.3835754,0.79742432
53022,0.62683106,-2.30896,0.60897827
53023,0.77270508,-2.3524475,0.69976807
53024,0.74035644,-2.1292114,0.70281982
53025,0.81512451,-2.3908997,0.52261353
53026,0.79452515,-2.2621155,0.50689697
53027,0.97381592,-2.3475647,0.4586792
53028,0.78659058,-2.1914673,0.50003052
53029,0.89981079,-2.3641968,0.3678894
53030,0.81573486,-2.1549988,0.4460144
53031,0.84121704,-2.1954346,0.33325195
53032,1.047821,-2.2155762,0.1524353
53033,1.0383606,-2.0594788,0.1675415
53034,1.1865234,-1.9961548,0.076446533
53035,1.0877991,-2.0320129,0.010223389
53036,1.144104,-2.0231628,-0.080108643
53037,1.0900879,-1.8669128,-0.19042969
53038,1.1035156,-1.8884277,-0.13931274
53039,1.1251831,-1.6760254,-0.30395508
53040,1.055603,-1.6998291,-0.24780273
53041,1.1831665,-1.789856,-0.30059814
53042,1.222229,-1.9075012,-0.33294678
53043,1.2400818,-1.6386414,-0.32669067
53044,1.3461304,-1.6040039,-0.36148071
53045,1.2359619,-1.5907288,-0.43823242
53046,1.3407898,-1.5036011,-0.57952881
53047,1.2661743,-1.5893555,-0.49057007
53048,1.3626099,-1.4489746,-0.57815552
53049,1.2518311,-1.3485718,-0.5670166
53050,1.2402344,-1.2277222,-0.59844971
53051,1.2785339,-1.1575317,-0.79223633
53052,1.2487793,-1.036377,-0.79376221
53053,1.1846924,-0.93917847,-0.77789307
53054,1.1639404,-0.87539673,-0.79818726
53055,1.295166,-0.93841553,-0.76507568
53056,1.2458801,-0.85357666,-0.84091187
53057,1.2921143,-0.81008911,-0.89645386
53058,1.1763,-0.78521728,-0.93643188
53059,1.2199402,-0.74508667,-0.96374512
53060,1.0839844,-0.72021484,-1.1358643
53061,1.1701965,-0.78201294,-1.0812378
53062,1.1938477,-0.57067871,-1.0716248
53063,1.1065674,-0.66513062,-1.1984253
53064,0.98236084,-0.52780151,-1.3041687
53065,0.88623047,-0.51818848,-1.0812378
53066,0.84777832,-0.30960083,-1.1187744
53067,0.76812744,-0.35964966,-1.1515808
53068,0.90820313,-0.28091431,-1.3327026
53069,0.81604004,-0.10742188,-1.2249756
53070,0.81497192,-0.14328003,-1.4266968
53071,0.93429565,-0.22506714,-1.3487244
53072,0.68069458,0.001220703,-1.3009644
53073,0.68084717,0.11428833,-1.3108826
53074,0.67016602,0.10345459,-1.8060303
53075,0.32806397,-0.25344849,-2.1186829
53076,0.31143189,-0.12390137,-1.4360046
53077,0.49682617,0.068664551,-1.2985229
53078,0.5128479,0.26229858,-1.2451172
53079,0.55114746,0.33096314,-1.3104248
53080,0.39199829,0.41107178,-1.3879395
53081,0.38345337,0.44296265,-1.2956238
53082,0.38619995,0.39245606,-1.305542
53083,0.32409668,0.32592773,-1.3630676
53084,0.32730103,0.38696289,-1.1228943
53085,0.50292969,0.37658691,-1.383667
53086,0.18371582,0.60775757,-1.2368774
53087,0.19363403,0.61767578,-1.2719727
53088,0.054473877,0.66818237,-1.1129761
53089,0.034179688,0.72265625,-1.174469
53090,0.013885498,0.78125,-1.1895752
53091,-0.13931274,0.91110229,-1.2750244
53092,-0.17410278,0.92498779,-1.2739563
53093,-0.17608643,0.89660644,-1.2127686
53094,-0.22125244,0.91552734,-1.1791992
53095,-0.36468506,1.0902405,-1.1203003
53096,-0.45303345,0.99060059,-1.0415649
53097,-0.44128418,1.0513306,-1.1676025
53098,-0.44433594,1.2390137,-1.1334229
53099,-0.42266846,1.1882019,-1.0037231
53100,-0.56838989,1.2997437,-1.0241699
53101,-0.79818726,0.99441528,-0.88684082
53102,-0.77850342,1.2329102,-0.86990356
53103,-0.77667236,1.1495972,-0.90652466
53104,-0.76263428,1.2477112,-0.79376221
53105,-0.81222534,1.2893677,-0.73959351
53106,-0.84213257,1.3339233,-0.6652832
53107,-0.92590332,1.272583,-0.60165405
53108,-0.97808838,1.1750793,-0.70007324
53109,-0.962677,1.2033081,-0.65917969
53110,-0.9954834,1.1376953,-0.57128906
53111,-1.0946655,1.2617493,-0.55923462
53112,-1.1433411,1.2910461,-0.51193237
53113,-1.1679077,1.2980652,-0.45410156
53114,-1.2361145,1.2789917,-0.40359497
53115,-1.4199829,1.3769531,-0.35888672
53116,-1.4497375,1.461792,-0.39474487
53117,-1.3330078,1.257782,-0.31661987
53118,-1.4086914,1.2477112,-0.30914307
53119,-1.3652039,1.2600708,-0.36926269
53120,-1.3648987,1.2918091,-0.2079773
53121,-1.5693665,1.2013245,-0.19943237
53122,-1.7605591,1.1561584,0.023498535
53123,-1.7082214,1.083374,-0.087738037
53124,-1.6804504,1.2402344,0.033569336
53125,-1.7262268,1.184082,0.074462891
53126,-1.7582703,1.2280273,0.18814087
53127,-1.7877197,1.2931824,0.056304932
53128,-2.0225525,1.1958313,0.17791748
53129,-2.0835876,1.1099243,0.3012085
53130,-2.0289612,1.2084961,0.37490845
53131,-2.0497131,0.97167969,0.40832519
53132,-2.008667,1.1988831,0.46966553
53133,-1.9725037,0.89309692,0.43273926
53134,-2.1392822,0.88668823,0.59844971
53135,-1.9520569,0.95748901,0.61569214
53136,-2.1313477,0.93307495,0.66925049
53137,-2.1144104,0.94009399,0.75073242
53138,-2.0892334,0.81741333,0.80505371
53139,-2.0942688,0.79650879,0.80383301
53140,-2.0690918,0.67749023,0.94970703
53141,-1.9723511,0.64865112,0.95169067
53142,-2.015686,0.57739258,1.0424805
53143,-1.9195557,0.57510376,0.95336914
53144,-2.0184326,0.33004761,0.89691162
53145,-1.9900513,0.48355103,0.99227905
53146,-2.1092224,0.34408569,0.98388672
53147,-2.1905518,0.49835205,1.2213135
53148,-2.1438599,0.33935547,1.2690735
53149,-2.0675659,0.36132813,1.2165833
53150,-2.1081543,0.31829834,1.3084412
53151,-2.0263672,0.024871826,1.1602783
53152,-1.9451904,-0.012054443,1.2748718
53153,-2.1343994,-0.1020813,1.343689
53154,-2.147522,-0.11413574,1.5150452
53155,-2.129364,-0.23483276,1.4524841
53156,-2.0101929,-0.27038574,1.5184021
53157,-2.0808411,-0.25527954,1.4375305
53158,-1.9821167,-0.34179688,1.5167236
53159,-1.8528748,-0.51025391,1.6401672
53160,-1.7221069,-0.43380737,1.6651916
53161,-1.9132996,-0.40008545,1.8618774
53162,-1.946106,-0.62530518,1.8191528
53163,-2.038269,-0.58441162,2.0108032
53164,-1.7694092,-0.56518555,1.9873047
53165,-1.8183899,-0.56121826,1.7860413
53166,-1.6978455,-0.59005737,1.9055176
53167,-1.7028809,-0.72006226,1.7900085
53168,-1.7636108,-0.70922852,1.9128418
53169,-1.7938232,-0.7572937,1.7367554
53170,-1.7468262,-1.2521362,1.9685364
53171,-1.7094421,-0.99609375,1.9036865
53172,-1.6278076,-1.0719299,1.9059753
53173,-1.6648865,-1.1291504,2.003479
53174,-1.530304,-1.2324524,1.963501
53175,-1.534729,-1.2609863,2.073822
53176,-1.3885498,-1.1946106,1.9482422
53177,-1.4276123,-1.2962341,1.9650269
53178,-1.2879944,-1.1846924,1.8463135
53179,-1.3941956,-1.227417,1.9232178
53180,-1.3244629,-1.3693237,1.8762207
53181,-1.3340759,-1.4430237,2.0071411
53182,-1.2068176,-1.5444946,1.4587402
53183,-1.1520386,-1.4878845,1.7712402
53184,-1.0453796,-1.6261291,1.8074036
53185,-0.96237183,-1.706543,1.7797852
53186,-1.0006714,-1.6171265,1.8531799
53187,-0.92453003,-1.7324829,1.8269348
53188,-0.95367432,-1.7227173,1.9236755
53189,-0.85678101,-1.7869568,1.6807556
53190,-0.82214356,-1.7337036,1.8185425
53191,-0.70510864,-1.7971802,1.7840576
53192,-0.83496094,-1.7581177,1.8640137
53193,-0.66802978,-1.8858337,1.8701172
53194,-0.5241394,-1.8345642,1.7391968
53195,-0.51757813,-2.1609497,1.569519
53196,-0.44845581,-2.081604,1.6456604
53197,-0.59906006,-2.2015381,1.6732788
53198,-0.4776001,-2.1394348,1.7063904
53199,-0.38619995,-2.0906067,1.6627502
53200,-0.32440186,-2.1325684,1.5901184
53201,-0.2192688,-2.0729065,1.6186523
53202,-0.21438599,-2.0785522,1.4813232
53203,-0.17562866,-2.1173096,1.6252136
53204,-0.14099121,-2.3219299,1.5936279
53205,-0.059356689,-2.3825073,1.3780212
53206,0.029296875,-2.2483826,1.4022827
53207,-0.020294189,-2.3100281,1.3314819
53208,0.21606445,-2.1496582,1.3015747
53209,0.14556885,-2.2409058,1.3746643
53210,0.20523071,-2.1757507,1.0749817
53211,0.24414063,-2.0370483,0.95581055
53212,0.32409668,-2.1641541,0.92773438
53213,0.47729492,-2.1525574,0.9727478
53214,0.59082031,-2.2268677,0.98770142
53215,0.57632446,-2.2134399,0.88195801
53216,0.73852539,-2.2637939,0.87005615
53217,0.55938721,-2.2660828,0.88500977
53218,0.6942749,-2.2016907,0.77392578
53219,0.62179565,-2.2424316,0.80871582
53220,0.67810059,-2.1356201,0.74188232
53221,0.63995361,-2.2216797,0.66482544
53222,0.81298828,-2.2137451,0.55725098
53223,0.94558716,-2.230072,0.61035156
53224,0.86013794,-2.0820618,0.51437378
53225,0.72509766,-2.0985413,0.52017212
53226,0.91094971,-2.073822,0.4019165
53227,0.93460083,-2.2608948,0.38452148
53228,0.81329346,-2.0004272,0.4385376
53229,0.95108032,-2.1609497,0.3742981
53230,1.0455322,-1.9204712,0.33020019
53231,0.93612671,-2.0368958,0.19363403
53232,1.2336731,-1.8391418,0.11413574
53233,1.138916,-1.8986511,0.16067505
53234,1.1578369,-1.8327332,-0.15914917
53235,1.1242676,-1.8058777,-0.037536621
53236,1.2657166,-1.8125916,-0.074310303
53237,1.15448,-1.8345642,-0.027923584
53238,1.1781311,-1.751709,-0.26443481
53239,1.0597229,-1.4639282,-0.29144287
53240,1.0316467,-1.6296387,-0.39413452
53241,0.9689331,-1.7256165,-0.31509399
53242,1.1044312,-1.7242432,-0.36804199
53243,1.244812,-1.4819336,-0.31051636
53244,1.1257935,-1.4422607,-0.48995972
53245,1.1483765,-1.3902283,-0.45059204
53246,1.0150146,-1.4297485,-0.48690796
53247,1.1962891,-1.3952637,-0.46615601
53248,1.2582397,-1.2731934,-0.48950195
53249,0.99960327,-1.2637329,-0.53833008
53250,1.15448,-1.2614441,-0.55404663
53251,1.0012817,-1.0586548,-0.73959351
53252,0.96740723,-1.0061646,-0.77972412
53253,1.0131836,-1.0325623,-0.78689575
53254,1.0314941,-0.99822998,-0.68496704
53255,1.0083008,-0.93002319,-0.7925415
53256,1.0038757,-0.88348389,-0.79650879
53257,1.0446167,-0.63339233,-0.91125488
53258,1.0403442,-0.69244385,-0.96328735
53259,1.0531616,-0.59967041,-1.1000061
53260,0.94436646,-0.5267334,-1.0345459
53261,0.85968018,-0.62988281,-1.0041809
53262,0.91995239,-0.62255859,-0.96313477
53263,0.94146728,-0.5569458,-1.1166382
53264,0.81100464,-0.29495239,-0.97625732
53265,0.76660156,-0.39794922,-0.96618652
53266,0.90240478,-0.2204895,-0.98846435
53267,0.82763672,-0.29251099,-1.0968018
53268,0.81604004,-0.2053833,-1.0639954
53269,0.76766968,-0.27511597,-1.1859131
53270,0.60180664,-0.16586304,-1.1634827
53271,0.6703186,0.067596436,-1.2339783
53272,0.63552856,-0.046386719,-1.2954712
53273,0.62835693,0.036621094,-1.5863037
53274,0.42190552,-0.083007813,-1.5255737
53275,0.53466797,-0.079040527,-1.6169739
53276,0.56350708,0.1361084,-1.1987305
53277,0.38589478,0.41412353,-1.0960388
53278,0.37292481,0.36926269,-1.31073
53279,0.26473999,0.34576416,-1.1631775
53280,0.30059814,0.3604126,-1.2127686
53281,0.074615479,0.48110962,-1.0847473
53282,0.28442383,0.43228149,-1.2255859
53283,0.042572021,0.55160522,-1.2580872
53284,0.12451172,0.49835205,-1.3699341
53285,0.041809082,0.58837891,-1.2919617
53286,0.073394775,0.75790405,-1.3375854
53287,-0.21850586,0.64819336,-1.1993408
53288,-0.012969971,0.75256348,-1.2449646
53289,-0.25695801,0.77301025,-0.99716187
53290,-0.15655518,0.82107544,-1.1949158
53291,-0.38513184,0.77636719,-0.96405029
53292,-0.30136108,0.90270996,-0.96588135
53293,-0.35522461,0.97503662,-1.0679626
53294,-0.58334351,0.98815918,-0.95993042
53295,-0.49865723,1.0284424,-0.9602356
53296,-0.64025879,1.0302734,-0.64941406
53297,-0.57403565,1.0296631,-1.0766602
53298,-0.61599731,1.0804749,-0.6161499
53299,-0.66818237,1.023407,-0.87646484
53300,-0.8581543,0.9753418,-0.82000732
53301,-0.72509766,1.1212158,-0.87219238
53302,-0.87844849,1.1541748,-0.82748413
53303,-0.93338013,1.1398315,-0.7258606
53304,-0.9185791,1.2356567,-0.5670166
53305,-1.098938,1.3301086,-0.55053711
53306,-1.0665894,1.1837769,-0.493927
53307,-1.0699463,1.0331726,-0.57403565
53308,-1.0179138,1.1651611,-0.39459228
53309,-1.1264038,1.1320496,-0.33447266
53310,-1.1889648,1.1161804,-0.51010132
53311,-1.2255859,1.126709,-0.34881592
53312,-1.2446594,1.0922241,-0.54641724
53313,-1.4556885,0.9916687,-0.20187378
53314,-1.375885,0.98327637,-0.21621704
53315,-1.6041565,0.98297119,-0.15045166
53316,-1.5452576,1.1251831,-0.047607422
53317,-1.5194702,1.0301209,-0.017700195
53318,-1.4868164,1.0687256,-0.16113281
53319,-1.6226196,1.1671448,0.035400391
53320,-1.5934753,0.93505859,0.11367798
53321,-1.6288757,0.9298706,0.12832642
53322,-1.675415,0.94238281,0.20309448
53323,-1.6036987,0.98754883,0.23406982
53324,-1.7622375,1.1091614,0.40008545
53325,-1.5759277,0.94787598,0.41030884
53326,-1.8510437,1.0145569,0.46142578
53327,-1.7826843,0.87677002,0.39581299
53328,-1.9119263,0.96923828,0.50384522
53329,-1.7996216,0.76797485,0.49530029
53330,-1.7700195,0.79849243,0.58868408
53331,-1.7402649,0.83374023,0.66268921
53332,-1.9303894,0.8392334,0.72235107
53333,-1.8515015,0.70922852,0.65139771
53334,-1.9337463,0.64407349,0.80978394
53335,-1.8080139,0.63278198,0.8013916
53336,-1.8513489,0.43334961,0.74508667
53337,-2.040863,0.49377441,0.87234497
53338,-1.860199,0.49880981,0.82885742
53339,-1.8984985,0.41748047,0.95916748
53340,-2.0420837,0.28991699,1.0095215
53341,-2.0385742,0.2961731,0.98937988
53342,-1.9235229,0.31921387,0.97213745
53343,-2.0483398,0.31677246,0.9262085
53344,-2.0429993,0.3036499,1.1138916
53345,-2.0405579,0.23193359,1.1665344
53346,-1.940918,0.099639893,1.2034607
53347,-1.9670105,0.17623901,1.2896729
53348,-2.0158386,0.19821167,1.4039612
53349,-1.9306946,-0.11322022,1.2979126
53350,-1.8725586,-0.19790649,1.350708
53351,-1.9456482,-0.043487549,1.3612366
53352,-1.7472839,-0.27374268,1.4332581
53353,-1.8334961,-0.234375,1.4002991
53354,-1.9172668,-0.20111084,1.5454102
53355,-1.856842,-0.19699097,1.6218567
53356,-1.7831421,-0.46020508,1.5087891
53357,-1.9012451,-0.37963867,1.5202332
53358,-1.807251,-0.60028076,1.5388489
53359,-1.703949,-0.63476563,1.4405823
53360,-1.839447,-0.42022705,1.3847351
53361,-1.8455505,-0.80062866,1.4117432
53362,-1.6442871,-0.77178955,1.6300964
53363,-1.6741943,-0.82397461,1.4685059
53364,-1.6410828,-1.0266113,1.3703918
53365,-1.6696167,-0.90393066,1.734314
53366,-1.5838623,-0.93490601,1.6940308
53367,-1.6088867,-1.1096191,1.6793823
53368,-1.5391541,-1.0559082,1.52771
53369,-1.5917969,-1.0400391,1.6868591
53370,-1.3685608,-0.88943481,1.7294312
53371,-1.3056946,-1.2388611,1.8225098
53372,-1.4201355,-1.8069458,1.7526245
53373,-1.3609314,-1.653595,1.7451477
53374,-1.4135742,-1.3191223,1.8795776
53375,-1.3650513,-1.4784241,1.8190002
53376,-1.2268066,-1.6033936,1.6921997
53377,-1.1779785,-1.6874695,1.6574097
53378,-0.96542358,-1.7672729,1.673584
53379,-1.1294556,-1.4477539,1.7782593
53380,-0.89645386,-1.5342712,1.8478394
53381,-1.2406921,-1.6465759,1.8586731
53382,-0.90026856,-1.7262268,1.6409302
53383,-0.75820923,-1.7424011,1.7144775
53384,-0.72540283,-1.7900085,1.7149353
53385,-0.63354492,-1.8435669,1.7524719
53386,-0.73532104,-1.9190979,1.6357422
53387,-0.64346313,-1.8624878,1.6223145
53388,-0.51696777,-1.9953918,1.7379761
53389,-0.53649902,-1.9326782,1.5661621
53390,-0.44265747,-1.902771,1.5457153
53391,-0.5001831,-1.8582153,1.6070557
53392,-0.40527344,-1.8736267,1.6229248
53393,-0.2217102,-1.8760681,1.4019775
53394,-0.14709473,-1.9252014,1.4550781
53395,-0.21072388,-1.9140625,1.5119934
53396,-0.14892578,-1.9868469,1.4117432
53397,-0.057678223,-2.07901,1.3002014
53398,-0.045776367,-2.150116,1.3357544
53399,-0.096130371,-2.0872498,1.4480591
53400,0.025634766,-2.0637512,1.2931824
53401,0.085449219,-2.1109009,1.3417053
53402,0.13748169,-2.1231079,1.2754822
53403,0.18249512,-2.2227478,1.2091064
53404,0.22216797,-2.3147583,1.1260986
53405,0.22583008,-2.3451233,1.0542297
53406,0.13000488,-2.243042,1.1914063
53407,0.31204224,-2.2320557,1.0345459
53408,0.26779175,-2.1980286,1.0006714
53409,0.32653809,-2.1672058,0.97351074
53410,0.37612915,-2.1116638,0.93322754
53411,0.58898926,-2.1018982,0.72631836
53412,0.51956177,-2.1113586,0.64025879
53413,0.49957275,-2.0956421,0.72525024
53414,0.52581787,-2.0799255,0.72921753
53415,0.55786133,-1.9911194,0.70739746
53416,0.72067261,-2.1939087,0.55084228
53417,0.64331055,-2.1972656,0.59371948
53418,0.58990478,-2.0672607,0.58105469
53419,0.76339722,-1.9929504,0.5078125
53420,0.70800781,-1.8243408,0.41946411
53421,0.80368042,-1.9987488,0.3112793
53422,0.85205078,-1.9046021,0.21575928
53423,0.74279785,-2.051239,0.2772522
53424,0.84152222,-1.9482422,0.17807007
53425,0.84793091,-1.869812,0.17105103
53426,0.79650879,-1.75354,-0.037384033
53427,1.0461426,-1.8304443,-0.084381104
53428,0.90179443,-1.751709,-0.22628784
53429,0.97885132,-1.7425537,-0.3213501
53430,0.95901489,-1.7788696,-0.24093628
53431,1.0197449,-1.7930603,-0.37948608
53432,1.1616516,-1.7086792,-0.44815064
53433,1.1201477,-1.6520691,-0.36529541
53434,1.0232544,-1.4994812,-0.27053833
53435,1.1138916,-1.5330505,-0.27496338
53436,1.2471008,-1.5524292,-0.24093628
53437,1.1340332,-1.4837646,-0.21942139
53438,1.0623169,-1.5856934,-0.33050537
53439,1.0357666,-1.4428711,-0.55130005
53440,1.0675049,-1.2890625,-0.61431885
53441,0.96694946,-1.2704468,-0.42388916
53442,0.93719482,-1.0887146,-0.49926758
53443,1.0040283,-1.1167908,-0.54885864
53444,0.96755981,-1.2332153,-0.55755615
53445,0.99822998,-1.0083008,-0.71502685
53446,1.1871338,-1.0760498,-0.69519043
53447,0.92010498,-1.1778259,-0.87387085
53448,0.98999023,-1.0293579,-0.73699951
53449,0.87936401,-0.91491699,-0.80413818
53450,1.0108948,-0.9298706,-0.68328857
53451,0.9185791,-0.83953857,-0.88623047
53452,0.93811035,-0.86120606,-1.006012
53453,0.90698242,-0.60379028,-1.139679
53454,0.74035644,-0.68328857,-0.74310303
53455,0.831604,-0.41885376,-0.89660644
53456,0.88424683,-0.5770874,-1.0449219
53457,0.76873779,-0.2255249,-0.97412109
53458,0.79864502,-0.40283203,-1.0675049
53459,0.85021973,-0.46844482,-1.2844849
53460,0.8605957,-0.26611328,-1.2870789
53461,0.68664551,-0.2545166,-1.2469482
53462,0.74768066,-0.1550293,-1.2110901
53463,0.75546265,-0.032348633,-1.2023926
53464,0.56838989,0.02532959,-1.5074158
53465,0.53405762,-0.041656494,-1.4050293
53466,0.46417236,0.045776367,-1.5139771
53467,0.46066284,-0.067138672,-1.0910034
53468,0.46722412,0.013427734,-1.1561584
53469,0.41824341,0.17654419,-1.0411072
53470,0.47409058,0.2116394,-1.1865234
53471,0.50231934,0.38070679,-1.2301636
53472,0.34790039,0.43746948,-0.98800659
53473,0.23254395,0.41275024,-1.0153198
53474,0.28579712,0.45028686,-1.1248779
53475,0.23086548,0.49575806,-1.1152649
53476,0.029296875,0.54336548,-1.1491394
53477,-0.006103516,0.47576904,-1.1038208
53478,-0.1335144,0.59570313,-1.2825012
53479,-0.10757446,0.72402954,-1.0855103
53480,-0.044708252,0.66665649,-0.86746216
53481,-0.056610107,0.62820435,-1.0925293
53482,-0.14877319,0.80886841,-1.177063
53483,-0.15441895,0.79467773,-1.1497498
53484,-0.1373291,0.97457886,-1.1566162
53485,-0.34835815,1.0147095,-1.2600708
53486,-0.418396,0.91644287,-1.4746094
53487,-0.49346924,1.1094666,-1.0241699
53488,-0.59066772,1.0212708,-0.89141846
53489,-0.57556152,1.0354614,-1.3354492
53490,-0.51315308,0.84472656,-1.1235046
53491,-0.69381714,1.0568237,-1.1335754
53492,-0.69061279,1.1280823,-1.1434937
53493,-0.70465088,1.1224365,-0.88623047
53494,-0.77758789,1.214447,-0.81161499
53495,-0.86196899,1.1680603,-0.80856323
53496,-0.82458496,1.2808228,-0.74264526
53497,-1.0112,1.0769653,-0.70053101
53498,-0.95703125,1.1149597,-0.95275879
53499,-0.95321655,1.1593628,-0.49285889
53500,-0.92132568,1.2408447,-0.66925049
53501,-1.0224915,1.2680054,-0.69015503
53502,-1.1314392,1.3528442,-0.71334839
53503,-1.1962891,1.3485718,-0.62530518
53504,-1.2950134,1.169281,-0.54672241
53505,-1.3240051,1.0624695,-0.44830322
53506,-1.2602234,1.1636353,-0.36651611
53507,-1.3040161,1.1181641,-0.05065918
53508,-1.375885,1.103363,-0.1701355
53509,-1.4831543,0.87982178,0.11978149
53510,-1.4315796,0.73867798,-0.32455444
53511,-1.6488647,0.83358765,-0.23925781
53512,-1.5542603,0.97290039,-0.084228516
53513,-1.5924072,1.0084534,-0.074768066
53514,-1.4987183,1.0375977,0.092773438
53515,-1.6255188,0.98266602,0.23803711
53516,-1.5473938,1.0209656,0.09552002
53517,-1.7028809,0.91964722,0.38833618
53518,-1.7884827,1.0571289,0.34973144
53519,-1.803894,0.97457886,0.40237427
53520,-1.7523193,0.90072632,0.31860352
53521,-1.8093872,1.0069275,0.39047241
53522,-1.8855286,0.81253052,0.27008057
53523,-1.8727112,0.97946167,0.4385376
53524,-1.7961121,0.7359314,-0.099945068
53525,-1.9468689,0.69900513,0.18188477
53526,-1.8606567,0.73776245,0.27999878
53527,-1.9276428,0.76217651,0.25512695
53528,-1.9296265,0.7611084,0.086975098
53529,-2.0120239,0.78994751,0.19515991
53530,-1.8901062,0.68466187,0.090484619
53531,-1.8563843,0.6716919,0.23468018
53532,-2.0306396,0.68588257,0.37124634
53533,-2.121582,0.47698975,0.25527954
53534,-2.0935059,0.59707642,0.63568115
53535,-1.9871521,0.34469605,0.36636353
53536,-1.855011,0.43945313,0.54458618
53537,-1.8733215,0.26260376,0.65231323
53538,-1.9364929,0.27008057,0.95672607
53539,-1.9029236,0.27618408,1.0150146
53540,-2.1151733,0.11016846,1.1837769
53541,-2.0515442,0.24307251,1.3095093
53542,-2.0918274,0.14450073,1.3221741
53543,-2.086792,0.13687134,1.3775635
53544,-1.8232727,-0.15182495,1.3293457
53545,-1.8656921,-0.01159668,1.2838745
53546,-1.9232178,-0.19592285,1.1755371
53547,-2.0237732,-0.30014038,1.0804749
53548,-1.8666077,-0.29083252,0.9828186
53549,-1.9625854,-0.24734497,0.94497681
53550,-1.8972778,-0.54382324,0.80657959
53551,-1.9882202,-0.52093506,1.1125183
53552,-1.8473816,-0.57174683,1.1483765
53553,-1.9682312,-0.56411743,0.81298828
53554,-1.6748047,-0.72280884,1.0028076
53555,-1.7803955,-0.73272705,0.73623657
53556,-1.8736267,-0.9513855,1.1421204
53557,-1.8075562,-0.67352295,0.80169678
53558,-1.8963623,-0.8279419,0.83984375
53559,-1.9590759,-0.92758179,1.2397766
53560,-1.7584229,-1.0572815,1.1727905
53561,-1.6038513,-1.1517334,1.2419128
53562,-1.6903687,-1.1813354,1.2568665
53563,-1.4985657,-1.312561,0.95397949
53564,-1.5045166,-1.2634277,1.6864014
53565,-1.3659668,-1.0346985,1.2867737
53566,-1.3993835,-1.1380005,1.2759399
53567,-1.398468,-1.3381958,1.0289001
53568,-1.4030457,-1.2689209,0.96038818
53569,-1.3134766,-1.3604736,1.6291809
53570,-1.2409973,-1.7617798,1.3270569
53571,-1.2974548,-1.7170715,1.4331055
53572,-1.1302185,-1.5895081,1.4279175
53573,-1.0896301,-1.7459106,1.7929077
53574,-1.1157227,-1.7759705,1.6377258
53575,-0.92773438,-1.7124939,1.8954468
53576,-0.87081909,-1.6799927,1.8481445
53577,-0.91217041,-1.5979004,1.8273926
53578,-0.88058472,-1.6253662,1.7745972
53579,-0.84075928,-1.7237854,1.6616821
53580,-0.86547852,-1.8902588,1.6656494
53581,-0.76477051,-1.8963623,1.7636108
53582,-0.67901611,-1.8859863,1.7201233
53583,-0.59234619,-1.9506836,1.7555237
53584,-0.54473877,-2.0169067,1.6635132
53585,-0.50445557,-2.0794678,1.6412354
53586,-0.41549683,-2.104187,1.6566467
53587,-0.41549683,-2.0979309,1.6763306
53588,-0.29266357,-2.1006775,1.6377258
53589,-0.23651123,-2.1244812,1.6949463
53590,-0.24124145,-2.0988464,1.6418457
53591,-0.1675415,-2.0806885,1.5359497
53592,-0.10910034,-2.159729,1.4620972
53593,-0.16571045,-2.2485352,1.4752197
53594,-0.084686279,-2.3353577,1.3972473
53595,0.10101318,-2.2808838,1.3485718
53596,0.1411438,-2.2445679,1.33255
53597,0.15975952,-2.0909119,1.1834717
53598,0.21667481,-2.1832275,1.0275269
53599,0.22338867,-2.1704102,1.1610413
53600,0.31600952,-2.2763062,1.0861206
53601,0.38757324,-2.2479248,0.98114014
53602,0.4335022,-2.4232483,0.94192505
53603,0.37765503,-2.3779297,1.0064697
53604,0.52780151,-2.3173523,0.93887329
53605,0.58944702,-2.2648621,0.75622559
53606,0.59585571,-2.2598267,0.81939697
53607,0.64208984,-2.1385193,0.76538086
53608,0.56655884,-2.2286987,0.80566406
53609,0.74768066,-2.1669006,0.73760986
53610,0.73013306,-2.2160339,0.6552124
53611,0.69793701,-2.3243713,0.39550781
53612,0.81771851,-2.1777344,0.52429199
53613,0.88043213,-2.1948242,0.46066284
53614,0.84487915,-2.1658325,0.48370361
53615,0.90240478,-2.0742798,0.53848267
53616,0.81924438,-2.1205139,0.32440186
53617,0.91064453,-2.0263672,0.31799316
53618,0.9022522,-1.9720459,0.25482178
53619,0.98007202,-2.0916748,0.28961182
53620,1.0227966,-1.9549561,0.18234253
53621,0.95779419,-1.8544006,0.069885254
53622,1.0321045,-1.9042969,0.10925293
53623,1.1392212,-1.9709778,-0.048828125
53624,1.1114502,-1.7297363,-0.001983643
53625,1.1212158,-1.8431091,-0.15777588
53626,1.2030029,-1.9859314,-0.16769409
53627,1.2640381,-1.8864441,-0.018920898
53628,1.2641907,-1.7718506,-0.19790649
53629,1.2127686,-1.7556763,-0.22689819
53630,1.1816406,-1.6874695,-0.31570435
53631,1.1157227,-1.472168,-0.65750122
53632,1.1416626,-1.4125061,-0.51330566
53633,1.2901306,-1.4379883,-0.65002441
53634,1.2866211,-1.4038086,-0.73181152
53635,1.2734985,-1.2748718,-0.56594849
53636,1.2049866,-1.2268066,-0.46859741
53637,1.1358643,-1.1405945,-0.60180664
53638,1.1378479,-1.2454224,-0.92269897
53639,1.161499,-1.1196899,-0.85678101
53640,1.289978,-1.2637329,-0.82260132
53641,1.3331604,-1.1924744,-0.65536499
53642,1.2606812,-1.0786438,-0.73883057
53643,1.1940002,-1.0116577,-0.90042114
53644,1.2472534,-1.0539246,-0.99151611
53645,1.2628174,-0.90957642,-1.0641479
53646,1.2843323,-0.78125,-0.96176147
53647,1.0334778,-0.72143555,-1.006012
53648,1.0879517,-0.71166992,-1.0684204
53649,0.98846435,-0.73928833,-0.98892212
53650,1.0011291,-0.71960449,-1.191864
53651,1.0107422,-0.63964844,-1.2518311
53652,1.005249,-0.5418396,-1.3037109
53653,0.9602356,-0.25817871,-1.2197876
53654,1.0250854,-0.17883301,-1.232605
53655,0.9060669,-0.23132324,-1.2539673
53656,1.0830688,-0.21514893,-1.1618042
53657,0.75042725,-0.37322998,-1.1714172
53658,0.83953857,-0.2293396,-1.2295532
53659,0.79772949,-0.26428223,-1.3328552
53660,0.77163696,0.032348633,-1.5208435
53661,0.59417725,0.095825195,-1.5110779
53662,0.49560547,0.12023926,-1.2519836
53663,0.58303833,0.1763916,-1.4231873
53664,0.54489136,0.047607422,-1.3517761
53665,0.55145264,0.13000488,-1.3943481
53666,0.49636841,0.27374268,-1.2786865
53667,0.53466797,0.47485352,-1.5548706
53668,0.33706665,0.42510986,-1.5078735
53669,0.19332886,0.44799805,-1.6242981
53670,0.38925171,0.54626465,-1.4753723
53671,0.23391724,0.51574707,-1.5541077
53672,0.19622803,0.55435181,-1.3993835
53673,0.094451904,0.87417603,-1.3192749
53674,0.077819824,0.87081909,-1.2652588
53675,0.005340576,0.85281372,-1.3140869
53676,0.081176758,0.69702148,-1.431427
53677,-0.15487671,0.76660156,-1.234436
53678,-0.13336182,0.73181152,-1.4920044
53679,-0.1789856,0.76416016,-1.3024902
53680,-0.11657715,0.93139648,-1.1080933
53681,-0.30273438,0.95062256,-1.2484741
53682,-0.27374268,0.96084595,-1.1253357
53683,-0.23788452,1.0015869,-1.0765076
53684,-0.4750061,1.1238098,-1.2844849
53685,-0.48309326,1.2490845,-1.0519409
53686,-0.38467407,1.0258484,-1.0922241
53687,-0.59387207,1.0487366,-1.072998
53688,-0.57907104,1.0900879,-0.92254639
53689,-0.72357178,1.1485291,-0.84365845
53690,-0.74005127,1.061554,-0.95123291
53691,-0.99487305,1.2483215,-0.81665039
53692,-0.83480835,1.2768555,-0.64224243
53693,-0.84869385,1.3482666,-0.69076538
53694,-1.0394287,1.2635803,-0.63232422
53695,-0.98403931,1.2721252,-0.56503296
53696,-1.0124207,1.033783,-0.58425903
53697,-1.1662292,1.121521,-0.43258667
53698,-1.2289429,1.1975098,-0.2583313
53699,-1.2789917,1.4160156,-0.62133789
53700,-1.3301086,1.2460327,-0.71044922
53701,-1.3423157,1.3308716,-0.94329834
53702,-1.3516235,1.2390137,-0.35202026
53703,-1.4920044,1.2576294,-0.30807495
53704,-1.4292908,1.2590027,-0.23117065
53705,-1.6239929,1.3882446,-0.52780151
53706,-1.8037415,1.0873413,-0.36880493
53707,-1.7915344,1.2138367,-0.17745972
53708,-1.7500305,1.136322,0.014648438
53709,-1.6296387,1.2640381,0.010986328
53710,-1.7338562,1.2805176,0.039215088
53711,-1.7512512,1.2132263,0.07019043
53712,-1.7976379,1.0903931,0.033416748
53713,-1.84021,1.1599731,-0.009918213
53714,-1.7802429,1.1911011,0.24719238
53715,-1.9789124,1.0522461,0.30059814
53716,-1.8745422,1.0093689,0.34973144
53717,-1.8899536,1.1386108,0.41946411
53718,-2.0857239,1.0240173,0.52368164
53719,-2.0782471,1.0992432,0.57907104
53720,-2.1566772,1.0232544,0.63995361
53721,-2.0587158,1.0641479,0.58334351
53722,-2.0504761,0.84350586,0.6413269
53723,-2.0544434,0.86730957,0.9463501
53724,-2.0916748,0.85861206,0.6791687
53725,-2.167511,0.8215332,0.75134277
53726,-2.1466064,0.83984375,0.79452515
53727,-2.1069336,0.73257446,0.97625732
53728,-2.197113,0.64926147,0.99029541
53729,-2.2229004,0.73669434,0.652771
53730,-2.2279358,0.46951294,1.0481262
53731,-2.159729,0.5355835,1.0412598
53732,-2.2685242,0.42266846,1.3652039
53733,-1.9857788,0.365448,1.2207031
53734,-2.1060181,0.23971558,0.98632813
53735,-1.991272,0.33493042,0.831604
53736,-2.1893311,0.19500732,1.2313843
53737,-2.1063232,0.25024414,0.77651978
53738,-2.0498657,0.16921997,0.51727295
53739,-2.2599792,0.20355225,1.1146545
53740,-2.328949,0.029296875,0.70327759
53741,-2.076416,-0.016937256,0.93994141
53742,-2.0936584,-0.059814453,0.96954346
53743,-2.0849609,-0.12893677,1.0955811
53744,-2.1264648,-0.12908935,1.1520386
53745,-2.0689392,-0.27557373,1.728363
53746,-1.9270325,-0.25360107,1.8408203
53747,-2.0640564,-0.45806885,1.6864014
53748,-2.046814,-0.40298462,1.7971802
53749,-1.9450378,-0.39657593,1.7529297
53750,-2.0477295,-0.4788208,1.8318176
53751,-1.8566895,-0.5039978,1.8609619
53752,-1.7443848,-0.73471069,2.0114136
53753,-1.9580078,-0.69747925,1.7658997
53754,-1.9360352,-0.82305908,1.7724609
53755,-1.8598938,-0.94161987,1.9894409
53756,-1.7593384,-0.51635742,1.8580627
53757,-1.9955444,-0.92010498,1.9195557
53758,-1.7999268,-0.93444824,1.9662476
53759,-1.7909241,-1.0475159,1.9714355
53760,-1.6169739,-1.1669922,1.9113159
53761,-1.6212463,-1.289978,2.1212769
53762,-1.5011597,-1.3214111,2.0280457
53763,-1.368103,-1.3296509,2.1899414
53764,-1.4093018,-1.1572266,2.2973633
53765,-1.3633728,-1.3209534,1.910553
53766,-1.2335205,-1.5725708,1.6667175
53767,-1.3360596,-1.3328552,1.6642761
53768,-1.1956787,-1.5699768,1.8511963
53769,-1.3943481,-1.6783142,1.628418
53770,-1.1602783,-1.6940308,1.8518066
53771,-1.1090088,-1.7263794,1.8310547
53772,-1.0774231,-1.6381836,1.8109131
53773,-1.0069275,-1.8692017,1.9058228
53774,-0.90927124,-1.8475342,1.9311523
53775,-0.84472656,-1.7367554,1.955719
53776,-0.76324463,-1.7567444,1.8496704
53777,-0.74020386,-1.7634583,1.8722534
53778,-0.73394775,-1.8344116,1.9100952
53779,-0.78704834,-1.9509888,1.8986511
53780,-0.65872192,-1.9651794,1.6581726
53781,-0.53833008,-2.1401978,1.6650391
53782,-0.50323486,-2.0680237,1.8397522
53783,-0.53100586,-2.0570374,1.7407227
53784,-0.40252686,-2.0840454,1.7913818
53785,-0.39962769,-2.0372009,1.7468262
53786,-0.35186768,-2.0298767,1.6256714
53787,-0.18630981,-1.9924927,1.5211487
53788,-0.19439697,-2.0106506,1.5461731
53789,-0.15930176,-2.1394348,1.603241
53790,-0.089111328,-2.166748,1.5551758
53791,-0.04119873,-2.3851013,1.476593
53792,0.042114258,-2.3171997,1.4715576
53793,0.10681152,-2.2677612,1.4227295
53794,0.23284912,-2.2711182,1.3998413
53795,0.32943726,-2.2779846,1.3447571
53796,0.31402588,-2.1311951,1.3034058
53797,0.38131714,-2.1603394,1.1959839
53798,0.46279907,-2.2692871,1.1300659
53799,0.40588379,-2.328186,1.1074829
53800,0.52047729,-2.3265076,1.0154724
53801,0.48080444,-2.3948669,0.93826294
53802,0.45166016,-2.3860168,0.86090088
53803,0.46051025,-2.300415,0.88867188
53804,0.61157227,-2.454834,0.74432373
53805,0.73516846,-2.4938965,0.7119751
53806,0.84747315,-2.4040222,0.70785522
53807,0.68145752,-2.3490906,0.68847656
53808,0.88424683,-2.2851563,0.71060181
53809,0.94192505,-2.2343445,0.52749634
53810,0.97717285,-2.2123718,0.50720215
53811,0.90881348,-2.1800232,0.4788208
53812,0.86975098,-2.192688,0.50750732
53813,1.0400391,-2.1372986,0.30426025
53814,1.1068726,-2.1481323,0.28717041
53815,1.0261536,-2.0545959,0.2381897
53816,1.0481262,-2.0254517,0.003204346
53817,1.1056519,-2.0892334,0.048370361
53818,1.1138916,-2.0080566,0.069732666
53819,1.1483765,-2.0118713,0.02243042
53820,1.184082,-2.0199585,-0.037536621
53821,1.2086487,-2.04422,-0.032348633
53822,1.1804199,-1.8382263,-0.1914978
53823,1.1453247,-1.8803406,-0.43899536
53824,1.2762451,-1.8833923,-0.20050049
53825,1.3098145,-1.7771912,-0.2444458
53826,1.2026978,-1.6467285,-0.34988403
53827,1.1650085,-1.6400146,-0.41091919
53828,1.26297,-1.6052246,-0.4335022
53829,1.2203979,-1.6235352,-0.30105591
53830,1.2832642,-1.4076233,-0.50521851
53831,1.2705994,-1.4851379,-0.62164307
53832,1.2591553,-1.5039063,-0.61080933
53833,1.2390137,-1.3337708,-0.76385498
53834,1.2713623,-1.3343811,-0.68756103
53835,1.2654114,-1.4025879,-0.65032959
53836,1.2539673,-1.2219238,-0.62911987
53837,1.2736511,-1.2055969,-0.7434082
53838,1.290741,-1.0533142,-0.73074341
53839,1.287384,-0.87310791,-0.88638306
53840,1.3246155,-0.85693359,-0.84030151
53841,1.2687683,-0.66223144,-0.83053589
53842,1.0522461,-0.81130981,-0.80657959
53843,1.2527466,-0.69061279,-0.90087891
53844,1.184845,-0.72158813,-0.92285156
53845,1.0125732,-0.66314697,-1.1375427
53846,1.038208,-0.6060791,-1.2174988
53847,1.0687256,-0.65170288,-1.1358643
53848,1.0656738,-0.47027588,-1.1978149
53849,1.056366,-0.58547974,-1.3842773
53850,0.93948364,-0.27282715,-1.260376
53851,0.89706421,-0.37719727,-1.267395
53852,0.97717285,-0.36193848,-1.3438416
53853,0.80154419,-0.23742676,-1.1898804
53854,0.88134766,-0.18051148,-1.2704468
53855,0.8682251,-0.26794434,-1.4233398
53856,0.68771362,-0.062866211,-1.4828491
53857,0.77438354,0.031738281,-1.3633728
53858,0.69229126,-0.040130615,-1.5011597
53859,0.65429688,0.11947632,-1.0842896
53860,0.58746338,0.098571777,-1.6786194
53861,0.57403565,0.10940552,-1.2585449
53862,0.57647705,0.13275147,-1.2805176
53863,0.56365967,0.1876831,-1.2844849
53864,0.39550781,0.28579712,-1.3647461
53865,0.26672363,0.48675537,-1.413269
53866,0.33905029,0.42785644,-1.2619019
53867,0.19973755,0.57022095,-1.2652588
53868,0.19042969,0.5090332,-1.3153076
53869,0.13671875,0.34545898,-1.2693787
53870,-0.026702881,0.58135986,-1.1767578
53871,-0.067749023,1.0298157,-1.2190247
53872,-0.10238648,1.1534119,-1.362915
53873,-0.092010498,0.93460083,-1.4234924
53874,-0.181427,1.0415649,-1.287384
53875,-0.36972046,0.98297119,-1.4755249
53876,-0.25787353,1.1053467,-1.3247681
53877,-0.39825439,0.83068848,-1.4326477
53878,-0.37307739,1.0699463,-1.3851929
53879,-0.3453064,0.86578369,-1.2826538
53880,-0.43899536,1.0580444,-1.0665894
53881,-0.51010132,1.0269165,-1.0810852
53882,-0.63781738,1.1846924,-1.18927
53883,-0.57525635,1.4852905,-0.89523315
53884,-0.675354,1.4324951,-0.97000122
53885,-0.90713501,1.2998962,-0.86288452
53886,-0.89447022,1.4169312,-0.73730469
53887,-0.95245361,1.2394714,-0.66452026
53888,-0.91156006,1.2728882,-0.85205078
53889,-0.95535278,1.166687,-0.85235596
53890,-0.99853516,1.3580322,-0.87097168
53891,-0.94543457,1.277771,-0.66619873
53892,-1.1521912,1.2850952,-0.75988769
53893,-1.2043762,1.4256287,-0.78201294
53894,-1.1621094,1.2457275,-0.75927734
53895,-1.268158,1.2252808,-0.95748901
53896,-1.3800049,1.3592529,-0.75500488
53897,-1.4797974,1.3464355,-0.68466187
53898,-1.3183594,1.4102173,-0.46264648
53899,-1.4385986,1.3725281,-0.57601929
53900,-1.4286804,1.4073181,-0.37155151
53901,-1.4471436,1.2437439,-0.26245117
53902,-1.4990234,0.84732056,-0.52307129
53903,-1.6989136,1.1611938,-0.28961182
53904,-1.6085815,1.0513306,-0.14953613
53905,-1.6563416,1.3064575,-0.10192871
53906,-1.7497253,1.5586853,0.31890869
53907,-1.8022156,1.2275696,0.15029907
53908,-1.8418884,1.2046814,0.22216797
53909,-1.8844604,1.1288452,0.25161743
53910,-1.8992615,1.0684204,0.23574829
53911,-1.9296265,1.0542297,0.2104187
53912,-1.9981384,1.1470032,0.28488159
53913,-1.9825745,1.1306763,0.23696899
53914,-1.9468689,1.0958862,0.28656006
53915,-1.8991089,1.0798645,0.48782349
53916,-1.9062805,1.0391235,0.36911011
53917,-1.9586182,0.8279419,0.48446655
53918,-1.9845581,0.96206665,0.29327393
53919,-1.9184875,0.88256836,0.65246582
53920,-1.9940186,0.84594727,0.67321777
53921,-2.0092773,0.67214966,0.74279785
53922,-2.0487976,0.62042236,0.81176758
53923,-2.1847534,0.60256958,1.0708618
53924,-2.1069336,0.50979614,0.83023071
53925,-2.0698547,0.57632446,0.91003418
53926,-2.1650696,0.48446655,0.59204102
53927,-2.0951843,0.40039063,0.73364258
53928,-2.1824646,0.48248291,1.178894
53929,-2.1322632,0.26016235,1.0112
53930,-2.2721863,0.1675415,1.0760498
53931,-2.0962524,0.23071289,0.93597412
53932,-2.1351624,0.2696228,1.1941528
53933,-2.0542908,0.25848389,1.1660767
53934,-2.1669006,0.36102295,1.2435913
53935,-1.971283,0.14801025,1.557312
53936,-2.2013855,0.19683838,1.3201904
53937,-2.0500183,0.070037842,1.3006592
53938,-2.191925,-0.1171875,1.3220215
53939,-2.0935059,-0.17303467,1.3800049
53940,-2.0481873,-0.24658203,1.2802124
53941,-1.9334412,-0.30609131,1.398468
53942,-2.0033264,-0.35125732,1.4465332
53943,-1.9107056,-0.3742981,1.1437988
53944,-1.9114685,-0.40542603,1.5499878
53945,-1.9110107,-0.65673828,1.5328979
53946,-1.8418884,-0.58319092,1.6517639
53947,-1.8461609,-0.62561035,1.6029358
53948,-1.8606567,-0.68206787,1.7498779
53949,-1.7723084,-0.71212769,1.9282532
53950,-1.6955566,-0.78643799,1.7913818
53951,-1.7660522,-0.77774048,1.8722534
53952,-1.7024231,-0.87615967,1.9104004
53953,-1.7811584,-0.91064453,1.7684937
53954,-1.6494751,-1.0742188,1.8031311
53955,-1.7549133,-0.97930908,1.5655518
53956,-1.6046143,-1.1485291,1.8258667
53957,-1.5104675,-1.2355041,1.6705322
53958,-1.6439819,-1.2080383,1.9319153
53959,-1.4379883,-1.2800598,1.8048096
53960,-1.4694214,-1.3404846,1.9972229
53961,-1.4541626,-1.4578247,1.9721985
53962,-1.2486267,-1.4984131,2.1005249
53963,-1.2945557,-1.7929077,1.9189453
53964,-1.1401367,-1.6717529,1.8341064
53965,-1.2451172,-1.6899109,1.8836975
53966,-1.2225342,-1.4952087,1.882782
53967,-1.1813354,-1.6494751,1.9929504
53968,-1.0449219,-1.9540405,1.9534302
53969,-0.92651367,-1.8164063,2.0124817
53970,-0.88790894,-1.9468689,1.836853
53971,-0.77011108,-1.9946289,1.7848206
53972,-0.83633423,-1.9210815,1.7559814
53973,-0.69503784,-1.9017029,1.8792725
53974,-0.67703247,-2.0109558,1.8707275
53975,-0.68939209,-1.9654846,1.8312073
53976,-0.71640015,-1.9779968,1.7858887
53977,-0.53009033,-2.0483398,1.725769
53978,-0.49728394,-2.0220947,1.7919922
53979,-0.40863037,-2.0465088,1.7541504
53980,-0.42755127,-2.146759,1.7471313
53981,-0.30136108,-2.2676086,1.6717529
53982,-0.24536133,-2.2610474,1.6346741
53983,-0.11138916,-2.2579956,1.6175842
53984,-0.13458252,-2.2764587,1.6183472
53985,-0.17623901,-2.1769714,1.5563965
53986,0.027618408,-2.1813965,1.5516663
53987,-0.07232666,-2.2041321,1.4300537
53988,0.096435547,-2.2158813,1.2850952
53989,0.10940552,-2.2467041,1.2768555
53990,0.088500977,-2.3643494,1.346283
53991,0.25024414,-2.3612976,1.2571716
53992,0.24078369,-2.484436,1.1691284
53993,0.30441284,-2.3060608,1.2190247
53994,0.36590576,-2.2825623,0.90667725
53995,0.33020019,-2.1635437,1.2088013
53996,0.32226563,-2.4337769,1.1251831
53997,0.50735474,-2.4734497,0.91903687
53998,0.49499512,-2.2735596,1.0250854
53999,0.47607422,-2.4060059,1.1109924
54000,0.66375732,-2.310791,0.83099365
54001,0.76385498,-2.338562,0.8934021
54002,0.66207886,-2.3947144,0.88500977
54003,0.70175171,-2.3562622,0.75408935
54004,0.76721191,-2.2097778,0.69595337
54005,0.87615967,-2.3083496,0.66802978
54006,0.81420898,-2.2224426,0.54046631
54007,0.75180054,-2.3039246,0.58380127
54008,0.91156006,-2.2517395,0.52825928
54009,0.90103149,-2.3883057,0.62652588
54010,1.0400391,-2.4459839,0.36743164
54011,1.027832,-2.2233582,0.36514282
54012,1.0972595,-2.1875,0.3314209
54013,1.0453796,-2.2612,0.21621704
54014,1.1395264,-2.0942688,0.15258789
54015,1.1904907,-2.1177673,-0.027008057
54016,1.2612915,-2.0666504,-0.090942383
54017,1.2884521,-1.9743347,0.029449463
54018,1.268158,-1.9833374,0.015411377
54019,1.4022827,-2.1716309,-0.06729126
54020,1.3153076,-1.9439697,-0.064697266
54021,1.2850952,-1.8296814,-0.18035889
54022,1.3867188,-1.8759155,-0.25695801
54023,1.1584473,-1.835022,-0.15365601
54024,1.3182068,-1.6795349,-0.40313721
54025,1.178894,-1.6012573,-0.47851563
54026,1.1831665,-1.5534973,-0.42816162
54027,1.1529541,-1.5882874,-0.39138794
54028,1.3375854,-1.5330505,-0.56655884
54029,1.3491821,-1.5338135,-0.49835205
54030,1.2901306,-1.522522,-0.70327759
54031,1.206665,-1.1975098,-0.79193115
54032,1.1151123,-1.3046265,-0.88607788
54033,1.2374878,-1.1398315,-0.80047607
54034,1.1738586,-1.2123108,-0.84609985
54035,1.244812,-1.3885498,-0.85754394
54036,1.2818909,-1.2039185,-0.73944092
54037,1.2867737,-1.1679077,-0.94284058
54038,1.1276245,-1.2643433,-0.70053101
54039,1.149292,-1.138916,-0.90026856
54040,1.1184692,-0.95611572,-1.0952759
54041,1.1224365,-0.75042725,-1.1170959
54042,1.1087036,-0.69992065,-1.1244202
54043,1.2145996,-0.42831421,-1.1352539
54044,0.9916687,-0.36590576,-1.2727356
54045,1.0494995,-0.35125732,-1.1453247
54046,1.0360718,-0.42938232,-1.1056519
54047,0.96755981,-0.23361206,-1.1907959
54048,1.0791016,-0.29632568,-1.1685181
54049,0.91140747,-0.15792847,-1.2181091
54050,0.84777832,-0.24337769,-1.1938477
54051,0.92773438,-0.24887085,-1.2902832
54052,0.77209473,-0.1322937,-1.2580872
54053,0.8581543,-0.12893677,-1.4450073
54054,0.88638306,0.77163696,-1.6600037
54055,0.72021484,-0.006561279,-1.6694641
54056,0.56488037,-0.26275635,-1.6485596
54057,0.71044922,-0.070800781,-1.4015198
54058,0.65216065,0.1574707,-1.34552
54059,0.62652588,0.38909912,-1.2411499
54060,0.54718018,0.13870239,-1.3343811
54061,0.44311523,0.27023315,-1.3760376
54062,0.36880493,0.32974243,-1.509552
54063,0.32592773,-0.10726929,-1.5499878
54064,0.19577026,0.60974121,-1.3908386
54065,0.27694702,0.40023804,-1.6226196
54066,0.24429321,0.11108398,-1.1730957
54067,0.26016235,0.70007324,-1.4978027
54068,0.32409668,0.71899414,-1.4736938
54069,0.075836182,0.48828125,-1.5042114
54070,0.044555664,0.92803955,-1.4230347
54071,-0.058898926,1.0015869,-1.3763428
54072,-0.009613037,0.92834473,-1.3395691
54073,-0.13046265,0.94024658,-1.244812
54074,-0.088195801,0.78567505,-1.2834167
54075,-0.26504517,0.87677002,-1.0958862
54076,-0.51956177,0.80505371,-1.4233398
54077,-0.35186768,0.95886231,-1.1566162
54078,-0.35766602,1.0455322,-1.0696411
54079,-0.50735474,1.2145996,-1.0736084
54080,-0.55725098,1.1816406,-1.133728
54081,-0.47271728,1.2597656,-0.9777832
54082,-0.69580078,1.3537598,-1.0134888
54083,-0.71182251,1.2818909,-0.95535278
54084,-0.7498169,1.3250732,-1.0641479
54085,-0.78292847,1.1233521,-0.95672607
54086,-0.8670044,1.2336731,-0.85006714
54087,-0.87631226,1.3470459,-0.75653076
54088,-1.0327148,1.2556458,-0.58883667
54089,-1.0113525,1.4057922,-0.66574097
54090,-0.94161987,1.265564,-0.66879272
54091,-0.93078613,1.3957214,-0.64529419
54092,-1.000061,1.4086914,-0.63079834
54093,-1.0656738,1.3298035,-0.59295654
54094,-1.1947632,1.242218,-0.6161499
54095,-1.3696289,1.3348389,-0.38421631
54096,-1.2266541,1.4324951,-0.41168213
54097,-1.443634,1.394043,-0.59661865
54098,-1.4268494,0.37261963,-0.7182312
54099,-1.4685059,1.1026001,-0.52001953
54100,-1.5731812,1.0110474,-0.31936645
54101,-1.6020203,1.3050842,-0.31524658
54102,-1.6824341,0.81420898,-0.29144287
54103,-1.6149902,1.2614441,-0.20446777
54104,-1.6685486,1.0089111,-0.16220093
54105,-1.7681885,0.9375,-0.032043457
54106,-1.8359375,0.990448,0.01449585
54107,-1.706543,1.0571289,-0.009002686
54108,-1.8634033,1.2615967,0.15182495
54109,-1.9726563,1.1245728,0.35614014
54110,-1.9564819,1.2475586,0.2986145
54111,-2.0089722,1.0183716,0.33554077
54112,-1.8295288,1.1233521,0.38085938
54113,-1.9070435,1.0635376,0.47805786
54114,-1.8133545,1.0621643,0.42602539
54115,-1.9750977,0.92376709,0.55358887
54116,-2.0204163,0.78643799,0.45471191
54117,-2.0297241,0.95458984,0.70571899
54118,-2.0314026,0.95962524,0.67092896
54119,-2.2129822,0.86791992,0.72250366
54120,-2.1855164,0.87554932,0.87692261
54121,-2.1815491,0.84869385,0.90011597
54122,-2.1264648,0.80871582,1.0295105
54123,-2.0787048,0.71975708,1.0543823
54124,-2.1139526,0.69961548,1.0498047
54125,-2.129364,0.68450928,1.0690308
54126,-2.3080444,0.74432373,1.134491
54127,-2.2291565,0.67871094,1.0757446
54128,-2.141571,0.52825928,1.0816956
54129,-2.2331238,0.56289673,1.2240601
54130,-2.0860291,0.2998352,1.0902405
54131,-2.1958923,0.28564453,1.0775757
54132,-2.1714783,0.06652832,1.1004639
54133,-2.2854614,0.059967041,1.2458801
54134,-2.2964478,0.057678223,1.4118958
54135,-2.1473694,-0.080718994,1.5174866
54136,-2.1418762,0.011444092,1.6116333
54137,-2.1923828,-0.098571777,1.7070007
54138,-2.1916199,-0.084228516,1.6506958
54139,-2.101593,-0.1826477,1.656189
54140,-2.0332336,-0.25131226,1.6539001
54141,-2.0245361,-0.16906738,1.6030884
54142,-1.9647217,-0.443573,1.6802979
54143,-2.0178223,-0.66421509,1.6119385
54144,-1.9372559,-0.4649353,1.7749023
54145,-2.0953369,-0.4309082,1.7111206
54146,-1.9628906,-0.49118042,1.6720581
54147,-1.9818115,-0.59936523,1.862793
54148,-1.8505859,-0.61904907,1.8450928
54149,-1.8228149,-0.83862305,1.8774414
54150,-1.9058228,-0.80734253,1.7462158
54151,-1.8901062,-0.86181641,1.9190979
54152,-1.7141724,-0.97747803,1.8302917
54153,-1.8247986,-0.9072876,1.9166565
54154,-1.9338989,-1.0803223,1.8858337
54155,-1.6331482,-1.1289978,1.9700623
54156,-1.4923096,-1.3928223,2.0928955
54157,-1.5803528,-1.3394165,2.1138
54158,-1.4653015,-1.35849,1.9003296
54159,-1.3789368,-1.3702393,1.9367981
54160,-1.4401245,-1.4862061,1.9917297
54161,-1.229248,-1.3111877,1.9953918
54162,-1.3262939,-1.5644836,1.9560242
54163,-1.237793,-1.3920593,1.9213867
54164,-1.2365723,-1.3291931,2.0779419
54165,-1.133728,-1.3183594,1.9476318
54166,-1.2513733,-1.3246155,1.9558716
54167,-1.0209656,-1.6690063,1.9822693
54168,-0.97305298,-1.7059326,1.9644165
54169,-1.0346985,-1.7204285,1.5185547
54170,-0.91796875,-1.7875671,1.9650269
54171,-0.75485229,-1.7056274,2.0475769
54172,-0.74859619,-1.9052124,2.1720886
54173,-0.80505371,-2.0150757,1.9155884
54174,-0.73379517,-1.8896484,1.9374084
54175,-0.71777344,-1.6960144,1.8882751
54176,-0.71029663,-1.7323303,1.7965698
54177,-0.60363769,-1.9047546,1.6918945
54178,-0.56243897,-2.0477295,1.6896057
54179,-0.45349121,-2.0675659,1.7604065
54180,-0.36483765,-2.1868896,1.7488098
54181,-0.31585693,-2.1247864,1.6271973
54182,-0.28167725,-2.2433472,1.5878296
54183,-0.26901245,-2.0277405,1.6270447
54184,-0.19882202,-2.1105957,1.4868164
54185,-0.13275147,-2.0443726,1.5867615
54186,-0.1121521,-2.1508789,1.5261841
54187,0.055389404,-2.2119141,1.4465332
54188,0.045928955,-2.4407959,1.5084839
54189,0.078887939,-2.5149536,1.3447571
54190,0.037231445,-2.3501587,1.2313843
54191,0.2734375,-2.2119141,1.378479
54192,0.24246216,-2.2467041,1.2765503
54193,0.19882202,-2.2900391,1.1595154
54194,0.36727905,-2.2860718,1.1914063
54195,0.32699585,-2.183075,1.1651611
54196,0.39260864,-2.0256042,0.83908081
54197,0.29418945,-1.9892883,1.0031128
54198,0.41412353,-1.993866,0.81954956
54199,0.49346924,-2.137146,0.88546753
54200,0.60729981,-2.1226501,0.91842651
54201,0.67703247,-2.1075439,0.84838867
54202,0.7093811,-2.3123169,0.68572998
54203,0.85876465,-2.2575378,0.63598633
54204,0.77148438,-2.2229004,0.62179565
54205,0.8039856,-2.154541,0.44311523
54206,0.9185791,-2.1246338,0.46096802
54207,0.91567993,-2.2299194,0.29876709
54208,0.95520019,-2.1218872,0.43548584
54209,0.99914551,-2.2015381,0.3175354
54210,1.0295105,-2.2293091,0.27923584
54211,0.99792481,-2.1353149,0.30334473
54212,1.076355,-2.0658875,0.184021
54213,1.0839844,-1.9656372,0.13809204
54214,1.1358643,-1.9677734,0.089111328
54215,1.0298157,-1.9015503,-0.011444092
54216,1.0211182,-1.8740845,-0.065765381
54217,1.0560608,-1.9648743,-0.14633179
54218,1.1758423,-2.0179749,-0.20111084
54219,1.0499573,-1.7219543,-0.092773438
54220,1.1384583,-1.7675781,-0.15487671
54221,1.0185242,-1.7550659,-0.21224976
54222,1.1604309,-1.7018127,-0.22857666
54223,0.9967041,-1.7874146,-0.23071289
54224,1.3064575,-1.559906,-0.4019165
54225,1.1236572,-1.6465759,-0.43640137
54226,1.1494446,-1.2841797,-0.44250488
54227,1.1358643,-1.3877869,-0.43731689
54228,1.0868835,-1.2530518,-0.43304443
54229,1.1349487,-1.4494324,-0.72174072
54230,1.1131287,-1.3961792,-0.68542481
54231,1.116333,-1.2014771,-0.84793091
54232,1.1801147,-1.2034607,-0.73226929
54233,1.1978149,-1.0676575,-0.67138672
54234,1.0049438,-1.1763,-0.79605103
54235,1.0508728,-0.89370728,-0.85586548
54236,1.1262512,-0.80581665,-0.88562012
54237,0.96313477,-0.97610474,-0.78155518
54238,1.0855103,-0.98144531,-0.98236084
54239,1.027832,-0.82473755,-1.0743713
54240,1.1660767,-0.74935913,-0.99411011
54241,1.0966492,-0.70358276,-1.0298157
54242,1.0848999,-0.5897522,-1.0961914
54243,1.0762024,-0.50384522,-1.1650085
54244,0.83328247,-0.4598999,-1.207428
54245,0.8543396,-0.54550171,-1.1010742
54246,0.81176758,-0.31845093,-1.2597656
54247,0.94833374,-0.31204224,-1.1869812
54248,0.85205078,-0.3237915,-1.2120056
54249,0.71838379,-0.24795532,-1.2240601
54250,0.72479248,-0.17089844,-1.2315369
54251,0.82397461,-0.21606445,-1.2626648
54252,0.71228027,-0.12741089,-1.3046265
54253,0.67749023,-0.13168335,-1.0655212
54254,0.65673828,-0.99334717,-1.1322021
54255,0.49942017,-0.74783325,-1.3793945
54256,0.44952393,-0.80413818,-1.4297485
54257,0.29434204,0.16067505,-1.3938904
54258,0.42053223,0.21835327,-1.2471008
54259,0.35461426,0.050506592,-1.2321472
54260,0.32531738,0.16616821,-1.2167358
54261,0.26138306,0.45623779,-1.1547852
54262,0.19500732,0.35110474,-1.0879517
54263,0.19348145,0.35934448,-1.1228943
54264,0.22277832,0.48217773,-1.1380005
54265,0.24536133,0.45654297,-1.1914063
54266,0.20690918,0.53161621,-1.1836243
54267,-0.007324219,0.72128296,-1.2872314
54268,0.043182373,0.67687988,-1.2342834
54269,-0.057220459,0.68511963,-1.2327576
54270,-0.065002441,0.92849731,-1.1767578
54271,-0.20263672,0.58258057,-1.1268616
54272,-0.16784668,0.82107544,-1.1685181
54273,-0.19348145,0.89111328,-1.1227417
54274,-0.33905029,0.81451416,-1.0757446
54275,-0.14846802,0.67276001,-0.99838257
54276,-0.39718628,0.87203979,-1.0612488
54277,-0.47424316,0.77667236,-1.0209656
54278,-0.57220459,0.92956543,-0.97366333
54279,-0.54870606,1.0206604,-0.7875061
54280,-0.52490234,1.1186218,-0.887146
54281,-0.70510864,1.0664368,-0.92758179
54282,-0.77224731,1.0498047,-0.81741333
54283,-0.71548462,0.94482422,-0.76583862
54284,-0.92468262,1.0772705,-0.87371826
54285,-0.7850647,1.1376953,-0.69519043
54286,-0.97457886,1.3142395,-0.69976807
54287,-1.0762024,1.1135864,-0.74768066
54288,-1.0150146,1.2483215,-0.78735352
54289,-1.1354065,1.0507202,-0.67459106
54290,-1.0705566,1.1769104,-0.89859009
54291,-1.1863709,0.94238281,-0.59875488
54292,-1.3012695,1.184082,-0.3012085
54293,-1.3461304,1.3047791,-0.28930664
54294,-1.3104248,0.76721191,-0.36254883
54295,-1.5209961,0.24627685,-0.50689697
54296,-1.5209961,1.0021973,-0.34423828
54297,-1.3117981,0.96862793,-0.33950806
54298,-1.5467834,1.0810852,-0.18569946
54299,-1.5534973,1.1520386,-0.03616333
54300,-1.6090393,1.3308716,-0.1763916
54301,-1.6046143,1.2550354,-0.12969971
54302,-1.5769959,1.2400818,-0.097198486
54303,-1.6871643,1.2268066,-0.028991699
54304,-1.6113281,1.1715698,0.15075684
54305,-1.723175,1.1264038,0.30395508
54306,-1.725769,1.0038757,0.17272949
54307,-1.7765808,1.1116028,0.17761231
54308,-1.7539978,1.1491394,0.30136108
54309,-1.9036865,1.1810303,0.17761231
54310,-1.8154907,1.1398315,0.3237915
54311,-1.9140625,0.98434448,0.29403686
54312,-1.914978,0.79620361,0.38818359
54313,-2.0140076,0.88684082,0.46066284
54314,-1.9871521,0.82275391,0.51651001
54315,-2.0478821,0.82901001,0.57693481
54316,-1.9429016,0.80184937,0.73501587
54317,-2.0222473,0.71609497,0.79711914
54318,-2.0184326,0.70068359,0.68786621
54319,-2.0016479,0.82550049,0.83755493
54320,-2.0317078,0.5229187,0.81497192
54321,-1.9219971,0.52658081,0.91079712
54322,-2.086792,0.48355103,1.0229492
54323,-1.9918823,0.55328369,0.90789795
54324,-2.0503235,0.58456421,1.0203552
54325,-1.9378662,0.25787353,1.0787964
54326,-1.8893433,0.29067993,0.93139648
54327,-1.9438171,0.27999878,1.2249756
54328,-2.0855713,0.074920654,1.1128235
54329,-1.910553,-0.003204346,1.0394287
54330,-1.7666626,0.097351074,1.060791
54331,-1.9348145,0.13580322,1.2127686
54332,-1.8344116,-0.031890869,1.3699341
54333,-1.7553711,-0.01953125,1.3568115
54334,-1.7584229,-0.10223389,1.3526916
54335,-1.8069458,-0.12329102,1.1959839
54336,-1.8907166,-0.1512146,1.287384
54337,-1.9543457,-0.25039673,1.3459778
54338,-1.7922974,-0.31555176,1.4176941
54339,-1.9995117,-0.46554565,1.5855408
54340,-1.8632507,-0.51345825,1.5240479
54341,-1.8988037,-0.6539917,1.5783691
54342,-1.824646,-0.60943603,1.6999817
54343,-1.6230774,-0.47576904,1.7163086
54344,-1.7184448,-0.53634644,1.5884399
54345,-1.7845154,-0.67749023,1.8811035
54346,-1.6789246,-0.76568603,1.6098022
54347,-1.8319702,-1.0406494,1.552887
54348,-1.6415405,-1.0404968,1.7172241
54349,-1.6308594,-1.0368347,1.7825317
54350,-1.4179993,-0.8757019,1.7755127
54351,-1.5838623,-1.0801697,1.6798401
54352,-1.7767334,-1.0919189,1.7559814
54353,-1.6569519,-1.1882019,1.6996765
54354,-1.3388062,-1.1923218,1.625061
54355,-1.3124084,-1.2771606,1.7581177
54356,-1.426239,-1.3993835,1.8388367
54357,-1.2677002,-1.4523315,1.6952515
54358,-1.1206055,-1.539917,1.734314
54359,-1.1222839,-1.4927673,1.8722534
54360,-1.1625671,-1.544342,1.8458557
54361,-1.1724854,-1.5666199,1.7349243
54362,-1.0510254,-1.6719055,1.6552734
54363,-1.0173035,-1.6996765,1.4926147
54364,-0.78979492,-1.6209412,1.6950989
54365,-0.83557129,-1.7454529,1.7454529
54366,-0.79177856,-1.7875671,1.700592
54367,-0.79574585,-1.8414307,1.4883423
54368,-0.7321167,-1.7279053,1.6801453
54369,-0.6022644,-1.5948486,1.6656494
54370,-0.72616577,-1.746521,1.526947
54371,-0.57495117,-1.9610596,1.5524292
54372,-0.53955078,-1.9534302,1.6215515
54373,-0.49407959,-1.8688965,1.7626953
54374,-0.47119141,-1.9110107,1.5846252
54375,-0.42678833,-2.1211243,1.6085815
54376,-0.33935547,-1.9796753,1.5493774
54377,-0.23239136,-2.0558167,1.5779114
54378,-0.2230835,-2.0991516,1.6503906
54379,-0.1499939,-2.1925354,1.6296387
54380,-0.11276245,-2.3338318,1.5063477
54381,-0.022583008,-2.2572327,1.4152527
54382,0.057067871,-2.0811462,1.3954163
54383,0.1045227,-2.003479,1.3690186
54384,0.16281128,-2.0510864,1.3113403
54385,0.18432617,-2.0869446,1.3031006
54386,0.2104187,-2.0967102,1.2435913
54387,0.1550293,-2.2412109,1.2309265
54388,0.20675659,-2.2776794,1.0083008
54389,0.21682739,-2.1263123,1.0969543
54390,0.20584106,-2.3400879,0.87615967
54391,0.45043945,-2.1934509,1.0575867
54392,0.38345337,-2.2486877,1.0243225
54393,0.52032471,-2.1035767,0.83908081
54394,0.61920166,-2.0890808,0.80596924
54395,0.40542603,-2.1446228,0.61340332
54396,0.56930542,-1.9847107,0.6362915
54397,0.73654175,-2.0965576,0.87371826
54398,0.69320679,-2.197876,0.61798096
54399,0.83801269,-2.0251465,0.75408935
54400,0.74554443,-2.1594238,0.64239502
54401,0.69580078,-1.9320679,0.69000244
54402,0.834198,-2.0547485,0.50109863
54403,0.83496094,-2.0777893,0.50079346
54404,0.85510254,-1.9692993,0.32028198
54405,0.92666626,-2.0332336,0.36834717
54406,0.99609375,-2.0010376,0.3956604
54407,0.85418701,-1.8289185,0.30334473
54408,0.94268799,-1.9314575,0.19271851
54409,0.94436646,-1.7843628,-0.001678467
54410,0.94207764,-1.8891907,0.10406494
54411,0.91201782,-1.7617798,0.036621094
54412,1.1070251,-1.844635,-0.1335144
54413,1.0420227,-1.7868042,-0.047149658
54414,1.068573,-1.6400146,-0.20217895
54415,1.1068726,-1.7034912,-0.21209717
54416,1.1471558,-1.5887451,-0.28778076
54417,1.1247253,-1.6804504,-0.3477478
54418,1.1019897,-1.6516113,-0.42938232
54419,1.1157227,-1.6046143,-0.38284302
54420,1.1468506,-1.489563,-0.38299561
54421,1.1930847,-1.4109802,-0.31280518
54422,1.1863709,-1.2846375,-0.40588379
54423,1.2313843,-1.2619019,-0.37628174
54424,1.0810852,-1.4012146,-0.36010742
54425,1.0552979,-1.3972473,-0.41381836
54426,1.0388184,-1.2217712,-0.58013916
54427,1.0217285,-1.1187744,-0.42480469
54428,1.0188293,-1.4657593,-0.52597046
54429,1.0855103,-1.2013245,-0.66268921
54430,0.99243164,-1.0527039,-0.74432373
54431,0.97991943,-0.91262817,-0.77865601
54432,1.0856628,-0.84274292,-0.76370239
54433,1.0003662,-0.82473755,-0.97595215
54434,0.96588135,-0.81451416,-0.90789795
54435,0.93475342,-0.78659058,-0.6652832
54436,0.95428467,-0.74859619,-0.95962524
54437,0.87127685,-0.72021484,-0.96984863
54438,0.82305908,-0.69290161,-1.0116577
54439,0.8303833,-0.45547485,-0.98999023
54440,0.78872681,-0.43487549,-0.98861694
54441,0.79696655,-0.49636841,-1.0734558
54442,0.74768066,-0.45150757,-1.104126
54443,0.80459595,-0.31799316,-1.0580444
54444,0.68237305,-0.2041626,-0.96099853
54445,0.81176758,-0.26199341,-0.9387207
54446,0.79101563,-0.1651001,-1.0577393
54447,0.80780029,-0.16372681,-1.1695862
54448,0.7043457,0.005187988,-1.2164307
54449,0.54199219,0.06072998,-1.2852478
54450,0.43380737,-0.22247315,-1.4390564
54451,0.47698975,-0.086669922,-1.7028809
54452,0.45074463,0.2041626,-1.2260437
54453,0.46035767,0.18737793,-1.2080383
54454,0.44204712,0.023956299,-1.158905
54455,0.46401978,0.26611328,-1.0952759
54456,0.2835083,0.28411865,-1.1474609
54457,0.24139404,0.32348633,-1.1723328
54458,0.25466919,0.50598144,-1.0925293
54459,0.2003479,0.54580688,-1.2075806
54460,0.21026611,0.60333252,-1.1798096
54461,0.19561768,0.63323975,-1.181488
54462,-0.039520264,0.53909302,-1.0580444
54463,-0.11398315,0.62103272,-1.1203003
54464,-0.18844605,0.79452515,-1.184845
54465,-0.20858765,0.68984985,-1.0368347
54466,-0.31417847,0.64376831,-0.99411011
54467,-0.415802,0.78384399,-1.0267639
54468,-0.25588989,0.88638306,-1.003418
54469,-0.42739868,0.93536377,-0.91094971
54470,-0.48446655,0.99212647,-0.90499878
54471,-0.50827026,0.96618652,-0.96496582
54472,-0.70755005,0.94726563,-0.94726563
54473,-0.60806274,0.9614563,-0.86181641
54474,-0.65719604,0.98083496,-0.86761475
54475,-0.62103272,0.90393066,-0.9298706
54476,-0.75866699,1.025238,-0.73822022
54477,-0.81756592,1.2268066,-0.72799683
54478,-0.85754394,1.1010742,-0.73196411
54479,-0.90438843,1.1715698,-0.60241699
54480,-0.96374512,1.1392212,-0.57098389
54481,-1.0661316,1.1425781,-0.56396484
54482,-1.1340332,1.006012,-0.49163818
54483,-1.1772156,1.1767578,-0.43106079
54484,-1.1787415,1.3415527,-0.39642334
54485,-1.1456299,1.1380005,-0.37963867
54486,-1.2298584,1.1907959,-0.45104981
54487,-1.2615967,1.1291504,-0.42449951
54488,-1.2173462,1.12854,-0.31570435
54489,-1.2020874,1.1584473,-0.32012939
54490,-1.300354,1.1439514,-0.2355957
54491,-1.449585,0.65536499,-0.38848877
54492,-1.4439392,0.69091797,-0.35018921
54493,-1.5838623,0.98236084,-0.11077881
54494,-1.4649963,1.0133362,-0.059204102
54495,-1.5809631,0.85922241,-0.24719238
54496,-1.710968,1.1679077,-0.003204346
54497,-1.5957642,1.1300659,0.009613037
54498,-1.6464233,1.1604309,0.22613525
54499,-1.6549683,1.0762024,0.031433105
54500,-1.6975403,0.9211731,0.19165039
54501,-1.6760254,0.90698242,0.42770386
54502,-1.8206787,0.83602905,0.45715332
54503,-1.9338989,0.84091187,0.48461914
54504,-1.9612122,0.83404541,0.52246094
54505,-1.9483948,0.72097778,0.54138184
54506,-1.9494629,0.6968689,0.60012817
54507,-1.8254089,0.78216553,0.68710327
54508,-1.8106079,0.76171875,0.61935425
54509,-1.9822693,0.64270019,0.69580078
54510,-2.0021057,0.69091797,0.75256348
54511,-1.8754578,0.71243286,0.61172485
54512,-2.0547485,0.63430786,0.88531494
54513,-1.9837952,0.47790527,0.79284668
54514,-2.1203613,0.51528931,1.0636902
54515,-2.1028137,0.6413269,0.92330933
54516,-1.953125,0.53451538,0.97106934
54517,-1.9953918,0.44967651,1.0064697
54518,-2.069397,0.41824341,0.89889526
54519,-1.902771,0.37353516,1.0380554
54520,-2.0080566,0.22872925,0.98022461
54521,-1.940155,0.20736694,1.1842346
54522,-2.0355225,0.069274902,1.1427307
54523,-2.006073,0.17044067,1.3011169
54524,-1.8994141,0.105896,1.2374878
54525,-2.127533,-0.061645508,1.0211182
54526,-1.8173218,-0.017547607,1.1898804
54527,-1.8556213,-0.032653809,1.1753845
54528,-1.9270325,-0.01663208,1.0916138
54529,-1.7778015,-0.063934326,1.2709045
54530,-1.6958618,-0.20858765,1.2742615
54531,-1.8888855,-0.23529053,1.2112427
54532,-1.9351196,-0.24795532,1.2837219
54533,-1.914978,-0.36865234,1.4625549
54534,-1.8998718,-0.5015564,1.5252686
54535,-1.7216492,-0.72372437,1.5666199
54536,-1.627655,-0.69030762,1.6375732
54537,-1.7739868,-0.91262817,1.8591309
54538,-1.5585327,-0.84960938,1.8109131
54539,-1.7539978,-0.97259522,1.7457581
54540,-1.6949463,-0.92163086,1.6642761
54541,-1.5962219,-0.94680786,1.4761353
54542,-1.6636658,-1.1691284,1.9792175
54543,-1.6134644,-1.0964966,1.8395996
54544,-1.5673828,-1.1660767,1.7022705
54545,-1.7048645,-1.3607788,1.8835449
54546,-1.7326355,-1.2597656,1.7880249
54547,-1.5873718,-1.3006592,1.7556763
54548,-1.5219116,-1.2141418,1.7637634
54549,-1.3745117,-1.171875,2.0176697
54550,-1.403656,-1.3804626,1.8391418
54551,-1.6123962,-1.3302612,1.762085
54552,-1.3191223,-1.3818359,1.7669678
54553,-1.1705017,-1.4245605,1.8264771
54554,-1.0884094,-1.4685059,1.7997742
54555,-1.0580444,-1.5359497,1.7662048
54556,-1.1819458,-1.7001343,1.6947937
54557,-1.1637878,-1.8002319,1.8412781
54558,-0.93414307,-1.7858887,1.8196106
54559,-0.82107544,-1.8432617,1.6311646
54560,-0.77209473,-1.7251587,1.7933655
54561,-0.67596435,-1.6720581,1.8057251
54562,-0.77667236,-1.7977905,1.9419861
54563,-0.64239502,-1.8081665,1.7901611
54564,-0.66955566,-1.8330383,1.8951416
54565,-0.64682007,-1.9369507,1.7889404
54566,-0.61767578,-1.8917847,1.5515137
54567,-0.49865723,-1.9087219,1.7630005
54568,-0.38818359,-2.0758057,1.7523193
54569,-0.36026001,-1.5715027,1.6586304
54570,-0.340271,-1.7224121,1.6197205
54571,-0.2986145,-1.9734192,1.5565491
54572,-0.24581909,-2.0770264,1.5089416
54573,-0.24139404,-2.1647644,1.4596558
54574,-0.10147095,-2.1026611,1.4013672
54575,-0.038299561,-2.2692871,1.3833618
54576,0.01373291,-2.2543335,1.3983154
54577,0.044250488,-2.3580933,1.3134766
54578,0.02822876,-2.3358154,1.2904358
54579,0.025024414,-2.1484375,1.2939453
54580,0.14083862,-2.0159912,1.3002014
54581,0.22018433,-1.647644,1.2336731
54582,0.234375,-1.5054321,1.2738037
54583,0.28030395,-1.7863464,1.204071
54584,0.47546387,-2.0941162,1.1187744
54585,0.47729492,-2.1748352,1.0397339
54586,0.40969849,-2.097168,1.048584
54587,0.48919678,-2.1284485,0.96420288
54588,0.50094604,-2.1974182,0.91430664
54589,0.50857544,-2.3202515,0.63873291
54590,0.63842773,-2.3631287,0.60638428
54591,0.572052,-2.3442078,0.70236206
54592,0.63842773,-2.1795654,0.64743042
54593,0.68557739,-2.2874451,0.63415527
54594,0.66329956,-2.1742249,0.64224243
54595,0.66268921,-2.0310974,0.58395386
54596,0.90545654,-1.4866638,0.60073853
54597,0.92971802,-1.0296631,0.58868408
54598,0.94146728,-2.0132446,0.44174194
54599,0.94039917,-2.2779846,0.30975342
54600,0.82931519,-2.0953369,0.26412964
54601,0.93856812,-2.2673035,0.16845703
54602,0.93994141,-2.1376038,0.3225708
54603,1.0336304,-2.1025085,0.041503906
54604,1.098938,-2.0458984,-0.005645752
54605,1.0240173,-2.1614075,0.027313232
54606,1.1407471,-2.0944214,-0.000610352
54607,1.1984253,-2.0201111,-0.027770996
54608,1.2098694,-1.9677734,-0.043640137
54609,1.0714722,-1.7466736,-0.18280029
54610,1.1564636,-1.7886353,-0.1625061
54611,1.1894226,-1.8466187,-0.20584106
54612,1.2281799,-1.7149353,-0.39672852
54613,1.3928223,-1.7810059,-0.27145386
54614,1.1889648,-1.5325928,-0.44799805
54615,1.317749,-1.2086487,-0.54779053
54616,1.1968994,-0.77697754,-0.57662964
54617,1.1782837,-0.60302734,-0.56564331
54618,1.1891174,-1.340332,-0.41793823
54619,1.4280701,-1.1212158,-0.51422119
54620,1.3293457,-1.204834,-0.5783081
54621,1.1369324,-1.1875916,-0.77468872
54622,1.2158203,-1.1654663,-0.71853638
54623,1.1752319,-1.0093689,-0.79101563
54624,1.207428,-0.91094971,-0.6602478
54625,1.0533142,-0.77316284,-1.0409546
54626,1.1369324,-0.82550049,-0.83953857
54627,1.0447693,-0.80322266,-0.89797974
54628,1.0772705,-0.87982178,-0.96939087
54629,1.0577393,-0.84411621,-1.1332703
54630,1.131134,-0.73074341,-1.0523987
54631,0.99578857,-0.54595947,-1.0935974
54632,1.0890198,-0.56152344,-1.1776733
54633,0.94665527,0.80963135,-1.09375
54634,0.97427368,-0.43746948,-1.0820007
54635,0.97457886,-0.46890259,-1.1225891
54636,0.912323,-0.48568726,-1.182251
54637,0.82504272,-0.34118652,-1.1128235
54638,0.75042725,-0.35644531,-1.1836243
54639,0.80047607,-0.31555176,-1.267395
54640,0.69137573,-0.36346436,-1.3247681
54641,0.80993652,-0.28778076,-1.3473511
54642,0.90713501,-0.10620117,-1.2939453
54643,0.72052002,-0.2432251,-1.5374756
54644,0.60623169,-0.22506714,-1.4842224
54645,0.58822632,0.008239746,-1.3677979
54646,0.49407959,0.24993897,-1.302948
54647,0.54977417,0.064697266,-1.3911438
54648,0.34713745,0.16906738,-1.3446045
54649,0.46386719,1.4015198,-1.2976074
54650,0.31066894,2.0626831,-1.5197754
54651,0.33203125,2.0932007,-1.3983154
54652,0.24414063,0.5456543,-1.2828064
54653,0.21606445,0.5329895,-1.2956238
54654,0.21240234,0.70480347,-1.2489319
54655,0.050048828,0.66772461,-1.3504028
54656,0.099029541,0.76324463,-1.2442017
54657,-0.043182373,0.7774353,-1.1956787
54658,-0.15060425,0.99945068,-1.2007141
54659,0.062713623,2.557373,-1.2214661
54660,-0.16571045,2.2012329,-1.4642334
54661,-0.16235352,0.72128296,-1.3330078
54662,-0.184021,0.6137085,-1.2005615
54663,-0.38665772,0.60668945,-1.1807251
54664,-0.3767395,0.80032349,-1.2599182
54665,-0.32302856,0.71014404,-1.1505127
54666,-0.42068481,0.78216553,-0.96694946
54667,-0.47317505,0.66726685,-0.94650269
54668,-0.55084228,1.0095215,-0.9564209
54669,-0.62286377,1.1221313,-0.97717285
54670,-0.61920166,1.0458374,-0.81298828
54671,-0.64941406,1.0173035,-0.80429077
54672,-0.75592041,0.95870972,-0.78552246
54673,-0.75531006,0.8517456,-0.78857422
54674,-0.85662842,0.97183228,-0.92437744
54675,-1.0276794,1.0676575,-0.88485718
54676,-1.031189,0.90042114,-0.71395874
54677,-1.098938,0.82702637,-0.70159912
54678,-1.0624695,0.88684082,-0.62744141
54679,-1.1076355,0.91613769,-0.74111938
54680,-1.136322,0.79681397,-0.65139771
54681,-1.2980652,0.85830688,-0.50354004
54682,-1.2637329,1.2814331,-0.45883179
54683,-1.3574219,1.1901855,-0.38726807
54684,-1.4144897,2.2930908,-0.30334473
54685,-1.2705994,2.7796936,-0.25680542
54686,-1.5759277,1.5641785,-0.1260376
54687,-1.5686035,1.1706543,-0.1701355
54688,-1.6027832,1.1286926,-0.036468506
54689,-1.5805054,1.0385132,0.12145996
54690,-1.5512085,1.1187744,-0.25192261
54691,-1.5829468,1.1190796,-0.13565063
54692,-1.6386414,1.0440063,0.04699707
54693,-1.8025208,1.0804749,0.13931274
54694,-1.7518616,1.0643005,-0.026550293
54695,-1.661377,1.0159302,0.035858154
54696,-1.6784668,1.114502,0.11413574
54697,-1.8069458,0.9967041,0.28900147
54698,-1.7073059,1.0675049,-0.2192688
54699,-1.7944336,1.0095215,0.1399231
54700,-1.9406128,0.96694946,0.47439575
54701,-1.9352722,0.94573975,0.37384033
54702,-1.973877,0.65246582,0.56732178
54703,-2.0521545,0.51223755,0.55786133
54704,-1.9412231,0.3352356,0.65551758
54705,-2.0605469,0.53466797,0.65246582
54706,-2.0881653,0.41870117,0.70068359
54707,-2.0220947,0.14007568,0.73272705
54708,-2.1192932,0.19180298,0.88760376
54709,-2.03125,0.22903442,0.82046509
54710,-2.0672607,0.3515625,1.0414124
54711,-2.13974,0.074310303,1.0348511
54712,-2.0608521,-0.004577637,1.2129211
54713,-2.088623,0.21392822,1.1270142
54714,-1.9541931,0.18493652,1.1906433
54715,-2.1310425,0.1725769,1.008606
54716,-2.2259521,-0.0730896,0.95031738
54717,-2.2218323,0.060577393,1.1132813
54718,-2.1652222,0.095977783,1.2509155
54719,-2.2167969,0.061950684,1.3790894
54720,-2.0397949,0.084075928,1.3024902
54721,-2.006073,-0.095825195,1.3294983
54722,-2.1008301,-0.14984131,1.3832092
54723,-2.0521545,-0.29083252,1.2612915
54724,-2.0381165,-0.53649902,1.2910461
54725,-2.0904541,-0.73730469,1.4787292
54726,-1.9499207,-0.75439453,1.5101624
54727,-2.1734619,-1.0839844,1.5444946
54728,-1.736145,-1.0673523,1.1305237
54729,-2.0051575,-1.2939453,1.5454102
54730,-1.8768311,-1.209259,1.5829468
54731,-1.9282532,-1.2216187,1.6772461
54732,-1.8609619,-1.5216064,1.6830444
54733,-1.7843628,-1.2960815,1.7364502
54734,-1.7727661,-1.3021851,1.7720032
54735,-1.84021,-0.91567993,1.8855286
54736,-1.7211914,-1.7080688,1.7080688
54737,-1.6644287,-1.7759705,1.8226624
54738,-1.6146851,-1.8437195,1.7849731
54739,-1.5414429,-1.8252563,1.7234802
54740,-1.6804504,-1.9277954,1.7617798
54741,-1.618042,-2.0535278,1.6882324
54742,-1.522522,-1.7834473,1.8908691
54743,-1.4857483,-2.225647,1.9509888
54744,-1.4111328,-2.0677185,2.0074463
54745,-1.446228,-2.019043,1.9204712
54746,-1.3891602,-2.1694946,1.9551086
54747,-1.4801025,-1.8840027,2.0210266
54748,-1.0966492,-1.9691467,1.8087769
54749,-1.2413025,-1.7950439,1.7799377
54750,-1.2150574,-1.497345,2.1626282
54751,-1.217804,-1.6226196,1.9877625
54752,-1.1358643,-1.5965271,1.9142151
54753,-1.1515808,-1.7883301,1.914978
54754,-1.0562134,-1.733551,1.8826294
54755,-1.0324097,-1.7974854,1.8634033
54756,-0.96618652,-1.8693542,1.882782
54757,-0.81222534,-1.8537903,1.9195557
54758,-0.78536987,-1.9042969,1.7593384
54759,-0.68023682,-1.8699646,1.7800903
54760,-0.69976807,-1.8258667,1.8058777
54761,-0.53619385,-1.8125916,1.7752075
54762,-0.50888062,-1.9467163,1.8145752
54763,-0.44921875,-1.7871094,1.8882751
54764,-0.52612305,-1.9944763,1.6319275
54765,-0.46447754,-2.0677185,1.565094
54766,-0.3125,-2.1107483,1.5359497
54767,-0.17578125,-2.2377014,1.690979
54768,-0.37384033,-2.4021912,1.6543579
54769,-0.23147583,-2.3498535,1.5751648
54770,-0.18737793,-2.3713684,1.4363098
54771,-0.061187744,-2.2627258,1.5977478
54772,0.057678223,-2.2573853,1.4793396
54773,0.00289917,-2.1936035,1.4686584
54774,0.049743652,-2.3727417,1.496582
54775,0.1399231,-2.5384521,1.3780212
54776,0.20095825,-2.3693848,1.1889648
54777,0.26641846,-2.3387146,1.1856079
54778,0.26489258,-2.3727417,1.1637878
54779,0.31463623,-2.5125122,1.0522461
54780,0.33096314,-2.3210144,1.2332153
54781,0.36254883,-2.6065063,1.121521
54782,0.35049439,-2.3097229,0.9362793
54783,0.47271728,-2.3100281,0.90576172
54784,0.49530029,-2.3123169,0.86807251
54785,0.58456421,-2.4420166,0.88760376
54786,0.59188843,-2.270813,0.82962036
54787,0.72341919,-2.3200989,0.65811157
54788,0.7498169,-2.3858643,0.5696106
54789,0.76812744,-2.3266602,0.5392456
54790,0.75363159,-2.4176025,0.51879883
54791,0.81436157,-2.4043274,0.49346924
54792,0.83129883,-2.1916199,0.45104981
54793,0.91156006,-2.232666,0.46722412
54794,0.9211731,-2.1678162,0.40649414
54795,0.97137451,-2.1414185,0.2986145
54796,1.05896,-2.1105957,0.25299072
54797,1.0403442,-2.1246338,0.15762329
54798,1.1248779,-2.0149231,0.29724121
54799,1.1456299,-1.9943237,0.12329102
54800,1.1045837,-1.9476318,0.16571045
54801,1.1196899,-1.9386291,0.11520386
54802,1.1026001,-1.940155,0.065002441
54803,1.1952209,-1.9888306,0.013275146
54804,1.134491,-1.8177795,-0.090332031
54805,1.1964416,-1.8315125,-0.17608643
54806,1.2281799,-1.8325806,-0.12710571
54807,1.1459351,-1.7883301,-0.17959595
54808,1.1882019,-1.7527771,-0.26855469
54809,1.1993408,-1.6847229,-0.24261475
54810,1.2280273,-1.6592407,-0.2734375
54811,1.209259,-1.5692139,-0.44433594
54812,1.2184143,-1.481781,-0.44692993
54813,1.2524414,-1.5287781,-0.55053711
54814,1.2173462,-1.4422607,-0.6602478
54815,1.265564,-1.4797974,-0.72036743
54816,1.1804199,-1.5371704,-0.65505981
54817,1.2289429,-1.5020752,-0.56442261
54818,1.2428284,-1.413269,-0.80032349
54819,1.2947083,-0.95565796,-0.89004517
54820,1.2518311,-0.65048218,-0.78796387
54821,1.2611389,-0.83496094,-0.85235596
54822,1.1502075,-0.8821106,-0.88989258
54823,1.1854553,-0.76385498,-0.90057373
54824,1.1123657,-0.62316894,-0.91171265
54825,1.0993958,-0.58639526,-1.000824
54826,1.0812378,-0.53588867,-1.1195374
54827,1.0905457,-0.5355835,-1.1630249
54828,0.98648071,-0.59570313,-1.0728455
54829,0.97976685,-0.64117432,-0.96221924
54830,1.0002136,-0.54016113,-1.2255859
54831,0.86990356,-0.53405762,-1.1207581
54832,0.97351074,-0.51681519,-1.1175537
54833,0.92376709,-0.31585693,-1.2669373
54834,0.96969604,-0.12878418,-1.0700989
54835,0.89294434,-0.20233154,-1.2243652
54836,0.92391968,-0.13671875,-1.2687683
54837,0.86669922,-0.096282959,-1.3093567
54838,0.76278687,-0.1348877,-1.2255859
54839,0.72769165,-0.40924072,-1.2115479
54840,0.64117432,-0.19714356,-1.3261414
54841,0.53146362,0.055847168,-1.4128113
54842,0.57754517,0.35263061,-1.4030457
54843,0.50720215,0.18066406,-1.4353943
54844,0.45684814,0.2507019,-1.3279724
54845,0.51483154,0.17440796,-1.3601685
54846,0.51757813,0.30349731,-1.3084412
54847,0.33203125,0.18447876,-1.2721252
54848,0.30761719,0.27908325,-1.2445068
54849,0.31204224,0.34912109,-1.3040161
54850,0.20050049,0.35552978,-1.317749
54851,0.29190064,0.42999268,-1.3008118
54852,0.078887939,0.43151856,-1.3989258
54853,0.039825439,0.57571411,-1.3362122
54854,-0.002593994,0.73272705,-1.2573242
54855,0.029602051,0.80261231,-1.2138367
54856,-0.09185791,0.7875061,-1.1819458
54857,-0.1713562,0.87203979,-1.2556458
54858,-0.17196655,0.74584961,-0.99884033
54859,-0.26931763,1.0417175,-1.2103271
54860,-0.3427124,1.0404968,-1.0351563
54861,-0.25115967,0.89813232,-1.1833191
54862,-0.29586792,0.95367432,-1.1088562
54863,-0.39001465,1.0441589,-1.0714722
54864,-0.47683716,1.1016846,-1.14151
54865,-0.62774658,1.0449219,-0.97305298
54866,-0.55526733,1.2452698,-1.2338257
54867,-0.62896728,1.3885498,-1.0543823
54868,-0.63949585,1.2411499,-0.94833374
54869,-0.84136963,1.131134,-0.84793091
54870,-0.75744629,1.2231445,-0.97045898
54871,-1.0762024,1.4199829,-0.77087402
54872,-1.0134888,1.2574768,-0.66864014
54873,-1.1502075,1.2536621,-0.68832397
54874,-1.0861206,1.4282227,-0.70892334
54875,-1.1489868,1.4431763,-0.42633057
54876,-1.2561035,1.2915039,-0.41687012
54877,-1.2306213,1.353302,-0.33035278
54878,-1.3137817,1.2065125,-0.32165527
54879,-1.3560486,1.3198853,-0.41854858
54880,-1.247406,1.4457703,-0.35812378
54881,-1.4524841,1.5432739,-0.36102295
54882,-1.4395142,1.3563538,-0.5241394
54883,-1.5388489,1.194458,-0.28961182
54884,-1.5441895,0.51452637,-0.42724609
54885,-1.7793274,0.83679199,-0.24215698
54886,-1.73172,2.2782898,-0.4045105
54887,-1.6349792,1.1898804,0.023498535
54888,-1.6543579,1.2617493,0.059661865
54889,-1.8225098,1.1903381,0.023193359
54890,-1.7947388,1.0540771,0.080718994
54891,-1.759491,1.1885071,0.11505127
54892,-2.0059204,1.1181641,0.35858154
54893,-1.993866,1.2780762,0.22323608
54894,-1.8623352,1.1761475,0.36499023
54895,-1.9381714,1.2207031,0.34179688
54896,-2.0549011,1.1755371,0.41717529
54897,-2.0872498,1.1242676,0.062103271
54898,-2.0304871,0.94360352,0.4800415
54899,-2.0889282,0.99487305,0.63873291
54900,-2.0845032,0.97610474,0.53421021
54901,-2.0759583,0.87615967,0.68756103
54902,-2.0820618,0.84289551,0.69702148
54903,-2.0143127,0.77972412,0.66223144
54904,-2.0466614,0.78369141,0.75439453
54905,-2.1044922,0.71090698,0.72631836
54906,-2.2691345,0.65246582,0.9173584
54907,-2.328186,0.71044922,0.97091675
54908,-2.1466064,0.41015625,1.164856
54909,-2.1511841,0.54855347,1.1872864
54910,-2.1551514,0.49041748,1.2075806
54911,-2.1357727,0.18554688,1.1561584
54912,-2.2311401,0.41885376,1.242218
54913,-2.1965027,0.16723633,1.2678528
54914,-2.2003174,0.3817749,1.3697815
54915,-2.2267151,0.28106689,1.3700867
54916,-2.2488403,0.11566162,1.401062
54917,-2.0870972,-0.1486206,1.3917541
54918,-2.1231079,-0.35858154,1.4154053
54919,-2.020874,-0.10665894,1.3998413
54920,-2.0121765,-0.65383911,1.4428711
54921,-2.0625305,-0.028686523,1.6207886
54922,-2.0349121,-0.365448,1.3400269
54923,-1.9847107,-0.38421631,1.5567017
54924,-2.0831299,-0.34118652,1.6729736
54925,-2.1575928,-0.3742981,1.7550659
54926,-1.9558716,-0.53039551,1.6098022
54927,-1.9692993,-0.52642822,1.6317749
54928,-1.978302,-0.6401062,1.5856934
54929,-1.884613,-0.57907104,1.7668152
54930,-2.01828,-0.39764404,1.6796875
54931,-2.0101929,-0.45562744,1.8571472
54932,-1.8656921,-0.77758789,1.6125488
54933,-1.9371033,-1.0224915,1.7384338
54934,-1.6641235,-1.1582947,1.7243958
54935,-1.7405701,-1.0189819,1.778717
54936,-1.6200256,-1.1064148,2.0252991
54937,-1.7523193,-1.1126709,1.9813538
54938,-1.6572571,-1.0374451,2.0703125
54939,-1.6238403,-0.92666626,1.8807983
54940,-1.5641785,-1.151886,1.9995117
54941,-1.5563965,-1.2832642,1.7973328
54942,-1.509552,-1.3829041,1.8995666
54943,-1.4317322,-1.2922668,1.9787598
54944,-1.4622498,-1.6061401,2.0146179
54945,-1.2924194,-1.3574219,2.0791626
54946,-1.3056946,-1.5789795,2.1554565
54947,-1.255188,-1.8650818,1.8812561
54948,-1.2945557,-2.1098328,1.8927002
54949,-1.2388611,-1.9580078,1.9366455
54950,-1.0980225,-2.076416,1.9198608
54951,-1.1354065,-1.7741394,1.7523193
54952,-0.85159302,-1.7796326,1.9816589
54953,-0.96160889,-1.8545532,1.9894409
54954,-0.87768555,-1.8632507,1.88797
54955,-0.80734253,-1.9664001,2.019043
54956,-0.81542969,-2.0474243,2.0323181
54957,-0.74554443,-2.0602417,2.0419312
54958,-0.54870606,-2.0555115,1.8205261
54959,-0.63598633,-2.1214294,1.8109131
54960,-0.62789917,-2.1392822,1.7268372
54961,-0.3779602,-2.0695496,1.8118286
54962,-0.46203613,-2.1176147,1.7092896
54963,-0.31417847,-2.3042297,1.6189575
54964,-0.29479981,-2.2361755,1.5058899
54965,-0.04119873,-2.2869873,1.665802
54966,-0.18310547,-2.3355103,1.582489
54967,-0.14251709,-2.5253296,1.545105
54968,-0.024719238,-2.3706055,1.5338135
54969,0.055847168,-2.3330688,1.5112305
54970,0.14648438,-2.3527527,1.4822388
54971,0.19546509,-2.3686218,1.4735413
54972,0.22705078,-2.4607849,1.4654541
54973,0.26489258,-2.5021362,1.411438
54974,0.28411865,-2.4424744,1.2998962
54975,0.34484863,-2.4700928,1.2094116
54976,0.36529541,-2.4017334,1.1526489
54977,0.37994385,-2.4038696,1.1695862
54978,0.4989624,-2.381134,1.0948181
54979,0.50476074,-2.2938538,1.0697937
54980,0.51345825,-2.2872925,1.0768127
54981,0.53039551,-2.2853088,1.0797119
54982,0.57403565,-2.2944641,1.0745239
54983,0.59036255,-2.3010254,0.94665527
54984,0.75942993,-2.2511292,0.90118408
54985,0.7232666,-2.2695923,0.85235596
54986,0.7862854,-2.1179199,0.63537598
54987,0.79956055,-2.1246338,0.70129394
54988,0.75683594,-2.2877502,0.65078735
54989,0.78613281,-2.277832,0.67474365
54990,0.90240478,-2.3519897,0.60958862
54991,0.97991943,-2.3551941,0.3742981
54992,0.99182129,-2.2816467,0.36636353
54993,0.88897705,-2.2770691,0.27511597
54994,1.0566711,-2.2161865,0.21209717
54995,0.93536377,-2.2831726,0.36346436
54996,1.1050415,-2.4368286,0.23406982
54997,1.2420654,-2.1580505,0.097808838
54998,1.3542175,-2.0903015,0.056915283
54999,0.98052978,-1.9868469,0.045776367
55000,1.1047363,-2.0834351,0.01373291
55001,1.2995911,-1.9927979,0.10742188
55002,1.4071655,-1.9799805,-0.12557983
55003,1.2626648,-1.8383789,-0.40008545
55004,1.3284302,-1.9929504,-0.25558472
55005,1.3247681,-1.7156982,-0.25131226
55006,1.3014221,-1.940155,-0.34164429
55007,1.307373,-1.7074585,-0.4057312
55008,1.5036011,-1.5863037,-0.4876709
55009,1.3687134,-1.6635132,-0.34866333
55010,1.3604736,-1.7701721,-0.4536438
55011,1.365509,-1.5158081,-0.4649353
55012,1.3935852,-1.4315796,-0.61523438
55013,1.394043,-1.2739563,-0.66452026
55014,1.3079834,-1.0914612,-0.62072754
55015,1.2260437,-1.2437439,-0.68908691
55016,1.2231445,-1.2445068,-0.78582764
55017,1.1636353,-1.5567017,-0.77316284
55018,1.3745117,-1.2358093,-0.72875977
55019,1.1476135,-1.0838318,-0.95184326
55020,1.28479,-0.98342896,-0.88317871
55021,1.2490845,-0.90301514,-0.78277588
55022,1.164093,-0.79193115,-0.92651367
55023,1.2382507,-0.73303223,-1.008606
55024,1.2324524,-0.75134277,-1.1572266
55025,1.2091064,-0.69198608,-1.0940552
55026,0.99716187,-0.63278198,-1.1058044
55027,0.90957642,-0.72570801,-1.1326599
55028,1.0415649,-0.73654175,-1.2277222
55029,1.0481262,-0.53695679,-1.2388611
55030,1.0058594,-0.47943115,-1.2573242
55031,1.0476685,-0.48049927,-1.1521912
55032,1.0206604,-0.34133911,-1.3664246
55033,0.99899292,-0.36529541,-1.3676453
55034,0.85617065,-0.26824951,-1.265564
55035,0.85662842,-0.26931763,-1.3224792
55036,0.79055786,-0.004272461,-1.6323853
55037,0.67306519,-0.27832031,-1.3391113
55038,0.6022644,-0.52429199,-1.668396
55039,0.65429688,-0.078735352,-1.6868591
55040,0.71411133,0.034942627,-1.6513062
55041,0.56777954,0.31494141,-1.5542603
55042,0.63720703,0.32958984,-1.5475464
55043,0.56549072,0.34194946,-1.4897156
55044,0.56243897,0.41717529,-1.4154053
55045,0.43395996,0.46173096,-1.6372681
55046,0.33462524,0.45562744,-1.5829468
55047,0.18157959,0.4737854,-1.5162659
55048,0.17440796,0.48873901,-1.2922668
55049,0.20217895,0.55099487,-1.4233398
55050,-0.01739502,0.69519043,-1.3511658
55051,0.10574341,0.72555542,-1.1753845
55052,0.09262085,0.73135376,-1.3363647
55053,0.022735596,0.72509766,-1.3195801
55054,-0.10879517,0.86517334,-1.2718201
55055,-0.24429321,0.70556641,-1.3734436
55056,-0.15869141,0.78262329,-1.229248
55057,-0.35690308,0.9602356,-1.1364746
55058,-0.34194946,0.97640991,-1.0969543
55059,-0.41046143,0.9803772,-1.1036682
55060,-0.50720215,0.98571777,-1.1483765
55061,-0.53115845,0.97106934,-0.93505859
55062,-0.59448242,1.0678101,-0.77972412
55063,-0.64315796,1.0461426,-1.0360718
55064,-0.46936035,1.1366272,-0.8670044
55065,-0.59432983,1.2145996,-0.99685669
55066,-0.73165894,1.3969421,-0.99182129
55067,-0.70465088,1.4038086,-1.0673523
55068,-0.87020874,1.2080383,-0.96466065
55069,-0.90591431,1.2779236,-0.8996582
55070,-0.87188721,0.99777222,-0.85205078
55071,-1.0002136,1.3412476,-0.85067749
55072,-1.1341858,1.2916565,-0.77224731
55073,-1.1994934,1.2518311,-0.58074951
55074,-1.268158,1.1740112,-0.59295654
55075,-1.2492371,1.4149475,-0.81863403
55076,-1.2046814,1.1869812,-0.60348511
55077,-1.4501953,1.2322998,-0.60852051
55078,-1.3244629,1.3224792,-0.39794922
55079,-1.3294983,1.2432861,-0.35217285
55080,-1.3842773,1.2690735,-0.35736084
55081,-1.6882324,0.99777222,-0.44036865
55082,-1.6333008,1.2928772,-0.27145386
55083,-1.4778137,1.003418,-0.27191162
55084,-1.6279602,0.86654663,-0.26763916
55085,-1.4614868,1.2850952,-0.10787964
55086,-1.554718,1.1785889,-0.079498291
55087,-1.7138672,1.3137817,0.023651123
55088,-1.8121338,1.2394714,-0.01449585
55089,-1.7788696,1.2812805,0.055389404
55090,-1.8997192,1.1958313,0.1914978
55091,-1.7950439,1.2258911,0.23635864
55092,-1.893158,1.0897827,0.30715942
55093,-1.7767334,1.0632324,0.23193359
55094,-1.7901611,1.1849976,0.23834228
55095,-1.8696594,1.0395813,0.42327881
55096,-1.9792175,0.9677124,0.1876831
55097,-2.0001221,1.0044861,0.80413818
55098,-1.8928528,0.94284058,0.62774658
55099,-1.9673157,0.82122803,0.4977417
55100,-1.9146729,0.80474853,0.67749023
55101,-2.0489502,0.44143677,0.6211853
55102,-2.0707703,0.41641235,0.91979981
55103,-2.1676636,0.70358276,0.91995239
55104,-2.2476196,0.50720215,0.93826294
55105,-2.1644592,0.39321899,1.1322021
55106,-2.1614075,0.43609619,1.1151123
55107,-2.0750427,0.45303345,1.0319519
55108,-2.2171021,0.42953491,1.1073303
55109,-2.1412659,0.19607544,1.2405396
55110,-2.1446228,0.39840698,1.065979
55111,-2.2538757,0.46386719,1.0583496
55112,-2.0515442,0.29876709,1.2469482
55113,-2.1714783,0.32440186,1.1657715
55114,-2.2549438,0.24795532,1.3423157
55115,-2.1340942,-0.050964355,1.2310791
55116,-2.2117615,0.28991699,1.2452698
55117,-2.1234131,0.06362915,1.4387512
55118,-2.1162415,-0.23422241,1.4453125
55119,-2.1801758,-0.1701355,1.5533447
55120,-2.028656,-0.12634277,1.542511
55121,-2.114563,-0.1965332,1.6162109
55122,-2.0718384,-0.24627685,1.6479492
55123,-2.0233154,-0.42816162,1.5432739
55124,-2.0011902,-0.340271,1.7800903
55125,-1.9342041,-0.39703369,1.6537476
55126,-1.8814087,-0.72265625,1.7422485
55127,-1.8757629,-0.41809082,1.7481995
55128,-1.7433166,-0.54092407,1.75354
55129,-1.8458557,-0.87112427,1.7199707
55130,-1.8154907,-0.66589356,1.8566895
55131,-1.8461609,-0.55496216,2.0031738
55132,-1.6656494,-0.79086304,1.9664001
55133,-1.836853,-1.0507202,1.8634033
55134,-1.831665,-1.1859131,1.867218
55135,-1.6998291,-1.09375,1.8945313
55136,-1.6078186,-1.2799072,2.0318604
55137,-1.5301514,-1.1094666,2.0169067
55138,-1.5989685,-1.1773682,1.8951416
55139,-1.521759,-1.3348389,1.9099426
55140,-1.5524292,-1.3058472,1.8878174
55141,-1.4077759,-1.3761902,1.9897461
55142,-1.4413452,-1.4572144,2.0198059
55143,-1.5057373,-1.7518616,2.0741272
55144,-1.3821411,-1.7514038,2.0451355
55145,-1.2077332,-1.6442871,1.9245911
55146,-1.2385559,-1.3046265,2.3164368
55147,-1.1578369,-1.5480041,2.1148682
55148,-1.0063171,-1.6995239,2.0440674
55149,-0.92529297,-1.6654968,2.1315002
55150,-0.98205566,-1.86203,2.1258545
55151,-1.0334778,-1.7585754,1.8847656
55152,-0.95626831,-1.7504883,1.8721008
55153,-0.83709717,-1.8862915,2.0063782
55154,-0.67886353,-1.8040466,2.0271301
55155,-0.80169678,-2.0597839,1.7626953
55156,-0.55770874,-1.9816589,1.9226074
55157,-0.58837891,-2.2229004,1.9857788
55158,-0.49819946,-2.1618652,1.7120361
55159,-0.56518555,-2.0962524,1.8222046
55160,-0.30532837,-2.0391846,1.8945313
55161,-0.38650513,-2.0852661,1.7260742
55162,-0.33432007,-2.1801758,1.4477539
55163,-0.37231445,-2.137146,1.6676331
55164,-0.27923584,-2.1826172,1.6592407
55165,-0.17700195,-2.2842407,1.6595459
55166,-0.07019043,-2.2644043,1.4881897
55167,-0.029754639,-2.4255371,1.4390564
55168,-0.10864258,-2.2761536,1.4308166
55169,0.083465576,-2.2926331,1.4932251
55170,0.18615723,-2.1484375,1.3513184
55171,0.063781738,-2.1357727,1.3601685
55172,0.11520386,-2.358551,1.4099121
55173,0.19073486,-2.386322,1.2774658
55174,0.31097412,-2.3046875,1.0951233
55175,0.49499512,-2.4917603,1.1669922
55176,0.3604126,-2.4676514,1.1073303
55177,0.32302856,-2.5398254,1.1248779
55178,0.48477173,-2.6065063,1.006012
55179,0.40283203,-2.4356079,1.1021423
55180,0.55236816,-2.484436,0.91430664
55181,0.58898926,-2.5297546,0.84060669
55182,0.70617676,-2.3791504,0.81283569
55183,0.72296143,-2.3971558,0.75531006
55184,0.74264526,-2.4050903,0.73059082
55185,0.78643799,-2.3233032,0.67443848
55186,0.55725098,-2.297821,0.54229736
55187,0.67138672,-2.2813416,0.59143066
55188,0.74768066,-2.1815491,0.59036255
55189,0.77423096,-2.2621155,0.36483765
55190,0.96755981,-2.1751404,0.41290283
55191,0.96435547,-2.0741272,0.20950317
55192,0.94436646,-2.1168518,0.19271851
55193,1.0279846,-2.0230103,0.094909668
55194,1.0905457,-2.043457,0.10299683
55195,1.0705566,-2.0117188,0.12329102
55196,0.98632813,-1.9755554,0.037994385
55197,0.94818115,-2.0198059,0.10650635
55198,0.99700928,-1.925354,0.091247559
55199,0.92605591,-1.9081116,0.04119873
55200,1.1746216,-1.7330933,-0.032348633
55201,1.0235596,-1.8179321,-0.14129639
55202,1.1224365,-1.9104004,-0.10070801
55203,1.1395264,-1.925354,-0.34835815
55204,1.1849976,-1.7388916,-0.41885376
55205,1.240387,-1.6970825,-0.56762695
55206,1.1549377,-1.680603,-0.30700684
55207,1.2867737,-1.6767883,-0.45455933
55208,1.2028503,-1.5423584,-0.34072876
55209,1.0908508,-1.6390991,-0.44296265
55210,1.2228394,-1.6253662,-0.69351196
55211,1.2332153,-1.4788818,-0.66116333
55212,1.2280273,-1.2983704,-0.66467285
55213,1.2052917,-1.2414551,-0.63217163
55214,0.95581055,-1.0244751,-0.61767578
55215,1.0908508,-1.1233521,-0.73379517
55216,1.1634827,-0.9777832,-0.76782227
55217,0.94192505,-0.19989014,-1.0476685
55218,1.3008118,-1.1198425,-0.93322754
55219,1.0670471,-0.96282959,-0.90301514
55220,1.0585022,-0.87631226,-0.96862793
55221,1.0932922,-0.74356079,-0.93902588
55222,1.1526489,-1.0151672,-1.0858154
55223,1.0147095,-0.98587036,-1.0128784
55224,1.0264587,-0.93994141,-1.2068176
55225,1.051178,-0.6980896,-1.3241577
55226,1.116333,-0.50476074,-1.0884094
55227,1.0745239,-0.41290283,-1.3183594
55228,1.0935974,-0.34378052,-1.2075806
55229,0.85998535,-0.24780273,-1.0594177
55230,0.83877563,-0.33203125,-1.0948181
55231,0.76080322,-0.15594482,-1.1224365
55232,0.69702148,-0.23193359,-1.1160278
55233,0.80337524,-0.003356934,-1.2812805
55234,0.75363159,0.077056885,-1.2684631
55235,1.4680481,-0.51010132,-1.5118408
55236,0.2746582,-0.2305603,-1.4743042
55237,0.17868042,-0.17486572,-1.5971375
55238,0.39871216,0.033111572,-1.4135742
55239,0.45318603,0.12695313,-1.2356567
55240,0.31768799,0.20080566,-1.3023376
55241,0.28015137,0.2305603,-1.3659668
55242,0.32897949,0.28213501,-1.3891602
55243,0.45196533,0.40924072,-1.2608337
55244,-0.025634766,0.3717041,-1.2207031
55245,0.33508301,0.5847168,-1.2510681
55246,0.11962891,0.66986084,-1.2324524
55247,0.21194458,0.46081543,-1.2156677
55248,0.04119873,0.54718018,-1.2510681
55249,-0.004425049,0.52963257,-1.209259
55250,-0.009765625,0.54229736,-1.2451172
55251,-0.16113281,0.53710938,-1.1703491
55252,-0.14953613,0.67077637,-1.2780762
55253,-0.21636963,0.74157715,-1.1753845
55254,-0.26428223,0.81954956,-1.2553406
55255,-0.29876709,0.83572388,-1.2364197
55256,-0.22277832,0.97595215,-1.260376
55257,-0.32012939,1.0766602,-1.2249756
55258,-0.27435303,1.0488892,-1.0679626
55259,-0.50064087,1.1872864,-1.1206055
55260,-0.39962769,1.1102295,-1.2704468
55261,-0.59082031,0.98327637,-1.1184692
55262,-0.65704346,1.1198425,-0.94146728
55263,-0.47073364,1.159668,-0.98495483
55264,-0.79330444,1.1897278,-0.95870972
55265,-0.68878174,1.2539673,-0.81817627
55266,-0.87265015,1.2399292,-0.81253052
55267,-0.8782959,1.1212158,-0.77850342
55268,-0.77728272,1.1186218,-0.73394775
55269,-1.000061,1.0881042,-0.75302124
55270,-1.0881042,0.97732544,-0.5506897
55271,-1.1405945,1.230011,-0.69335938
55272,-1.1434937,1.343689,-0.47042847
55273,-1.1604309,1.2333679,-0.63354492
55274,-1.2692261,1.1804199,-0.50186157
55275,-1.3450623,1.1810303,-0.42388916
55276,-1.2266541,1.0881042,-0.32089233
55277,-1.0374451,1.0298157,-0.21636963
55278,-1.2808228,0.98144531,-0.33615112
55279,-1.4025879,1.1865234,-0.31951904
55280,-1.4727783,1.1431885,-0.25680542
55281,-1.4955139,1.199646,-0.17028809
55282,-1.5039063,1.0794067,-0.2571106
55283,-1.5852356,1.4311218,0.059051514
55284,-1.5937805,0.99029541,-0.11413574
55285,-1.6673279,1.158905,-0.072937012
55286,-1.6601563,1.0403442,0.02822876
55287,-1.7552185,1.1436462,0.062866211
55288,-1.8345642,1.1932373,0.19683838
55289,-1.8437195,1.0975647,0.20385742
55290,-1.9076538,0.98556519,0.31066894
55291,-1.9989014,0.98526001,0.50949097
55292,-1.9084167,0.98693848,0.46386719
55293,-1.9006348,0.88882446,0.52993774
55294,-1.9197083,1.0554504,0.44555664
55295,-1.8132019,1.0240173,0.44464111
55296,-1.7648315,0.93292236,0.69213867
55297,-1.8606567,0.84716797,0.72387695
55298,-1.9689941,0.86791992,0.79925537
55299,-2.0077515,0.7585144,0.71609497
55300,-2.1250916,0.63949585,0.65032959
55301,-2.0683289,0.71395874,0.75210571
55302,-2.1166992,0.80322266,0.76187134
55303,-2.0187378,0.66986084,0.86257935
55304,-2.1257019,0.60424805,1.0255432
55305,-2.0648193,0.60256958,1.1212158
55306,-2.0744324,0.54412842,1.2321472
55307,-2.0291138,0.40222168,1.1242676
55308,-2.0225525,0.35369873,1.0058594
55309,-2.157135,0.18890381,1.0467529
55310,-2.0214844,0.21240234,1.2927246
55311,-2.1252441,0.061798096,1.3522339
55312,-2.088623,0.061645508,1.2960815
55313,-2.1228027,0.039672852,1.3331604
55314,-2.0254517,0.025482178,1.4813232
55315,-2.1411133,0.18829346,1.5161133
55316,-2.0423889,-0.12496948,1.3336182
55317,-2.1514893,-0.14877319,1.4694214
55318,-2.1002197,-0.43289185,1.5835571
55319,-1.967926,-0.14694214,1.6000366
55320,-1.8388367,-0.25924683,1.5921021
55321,-1.9523621,-0.26916504,1.554718
55322,-1.9836426,-0.34042358,1.7285156
55323,-1.9648743,-0.25970459,1.6920471
55324,-1.8682861,-0.40725708,1.6915894
55325,-1.9316101,-0.59768677,1.6564941
55326,-1.8302917,-0.56808472,1.4717102
55327,-1.7697144,-0.80383301,1.6523743
55328,-1.8994141,-0.6640625,1.8136597
55329,-1.7596436,-0.85235596,1.6453552
55330,-1.7572021,-0.89019775,1.8110657
55331,-1.5075684,-0.98876953,1.8348694
55332,-1.6534424,-1.1091614,1.8443298
55333,-1.5641785,-1.0270691,1.8753052
55334,-1.4848328,-1.2226868,1.8530273
55335,-1.5762329,-1.1985779,1.8696594
55336,-1.5859985,-1.1923218,1.8450928
55337,-1.4955139,-0.965271,1.807251
55338,-1.4056396,-1.5945435,1.7980957
55339,-1.3700867,-1.3414001,1.9529724
55340,-1.3424683,-1.5132141,1.7643738
55341,-1.2713623,-1.3313293,1.847229
55342,-1.337738,-1.6021729,2.0158386
55343,-1.1203003,-1.7762756,1.8939209
55344,-1.1497498,-1.5985107,1.9226074
55345,-1.0102844,-1.6542053,1.8927002
55346,-0.9147644,-1.5809631,1.809845
55347,-1.0177612,-1.6113281,1.8052673
55348,-0.91384888,-1.7939758,1.7578125
55349,-0.90682983,-1.8536377,1.6711426
55350,-0.86288452,-1.7570496,1.8171692
55351,-0.8480835,-1.7341614,1.9372559
55352,-0.71014404,-1.7152405,1.9358826
55353,-0.84014893,-1.7961121,2.0033264
55354,-0.65292358,-1.8870544,1.714325
55355,-0.55114746,-1.9546509,1.7214966
55356,-0.50445557,-2.1391296,1.6275024
55357,-0.36499023,-2.0373535,1.7456055
55358,-0.38543701,-1.9836426,1.7245483
55359,-0.28930664,-2.2224426,1.6760254
55360,-0.3427124,-2.1484375,1.3418579
55361,-0.27954102,-1.9793701,1.5126038
55362,-0.23529053,-2.2090149,1.5161133
55363,-0.095825195,-2.175293,1.521759
55364,-0.057067871,-2.1705627,1.4736938
55365,-0.006256104,-2.1540833,1.4373779
55366,0.033569336,-2.1772766,1.3919067
55367,0.072631836,-2.20047,1.3626099
55368,0.090942383,-2.1516418,1.1390686
55369,0.17456055,-2.0794678,1.0539246
55370,0.22109985,-1.991272,1.0610962
55371,0.2053833,-1.9940186,1.0594177
55372,0.41244507,-2.0970154,1.0870361
55373,0.38665772,-2.1635437,1.0298157
55374,0.35980225,-2.1565247,1.0229492
55375,0.37658691,-2.3368835,0.88897705
55376,0.44891357,-2.1775818,0.79193115
55377,0.63369751,-2.2015381,0.81436157
55378,0.6477356,-2.0600891,0.71594238
55379,0.57739258,-2.0994568,0.84442139
55380,0.59112549,-2.0761108,0.77301025
55381,0.65490723,-2.1157837,0.76171875
55382,0.59753418,-2.1875,0.57250977
55383,0.63491821,-2.305603,0.65719604
55384,0.74539185,-2.2157288,0.42770386
55385,0.82244873,-2.197876,0.42114258
55386,0.76263428,-2.2660828,0.55007935
55387,0.88165283,-2.1333313,0.36178589
55388,0.98068237,-2.2358704,0.34957886
55389,0.84762573,-2.1525574,0.27069092
55390,0.92590332,-2.0904541,0.23101807
55391,1.0986328,-2.2496033,0.15014648
55392,0.88973999,-2.0153809,0.049591064
55393,0.9362793,-1.9750977,0.004425049
55394,0.95550537,-1.8563843,0.048217773
55395,0.9828186,-1.9107056,-0.14343262
55396,1.114502,-1.8893433,-0.19683838
55397,1.0263062,-1.8179321,-0.08972168
55398,0.93017578,-1.8643188,-0.072479248
55399,1.0479736,-1.7883301,-0.16342163
55400,1.0525513,-1.7337036,-0.10742188
55401,1.0539246,-1.6757202,-0.24017334
55402,1.2930298,-1.7211914,-0.22079468
55403,1.1312866,-1.5113831,-0.23254395
55404,1.0845947,-1.6133118,-0.39901733
55405,1.1685181,-1.4558411,-0.45822144
55406,1.0691834,-1.3499451,-0.48553467
55407,1.1465454,-1.2193298,-0.59967041
55408,1.109314,-1.224823,-0.52337647
55409,1.0327148,-1.0240173,-0.52841187
55410,1.1767578,-1.2768555,-0.57800293
55411,1.1219788,-1.2332153,-0.55206299
55412,1.2345886,-0.99197388,-0.86242676
55413,1.1378479,-1.0824585,-0.68481445
55414,0.91125488,-1.0853577,-0.72280884
55415,0.93688965,-0.85296631,-0.80703735
55416,0.96801758,-0.75805664,-0.80368042
55417,0.86715698,-0.73547363,-0.85418701
55418,0.90011597,-0.67367554,-1.0244751
55419,1.1097717,-0.62149048,-0.98571777
55420,1.0510254,-0.6149292,-0.96389771
55421,1.1157227,-0.53771973,-1.0803223
55422,0.85906982,-0.60287476,-1.083374
55423,0.95397949,-0.55908203,-1.1662292
55424,0.89431763,-0.3515625,-1.0794067
55425,0.80474853,-0.32470703,-1.0801697
55426,0.78872681,-0.31494141,-1.0910034
55427,0.81634522,-0.26519775,-0.87310791
55428,0.74966431,-0.30197144,-1.1691284
55429,0.79071045,-0.30563355,-1.1956787
55430,0.84747315,-0.14083862,-1.1296082
55431,0.74462891,-0.20767212,-1.2875366
55432,0.74005127,0.057067871,-1.3542175
55433,0.1953125,-0.40588379,-1.6113281
55434,-0.20141602,-0.47088623,-1.4331055
55435,-0.62408447,-0.32562256,-1.4431763
55436,0.40786743,0.1739502,-1.2225342
55437,0.51528931,0.15762329,-1.1338806
55438,0.32409668,0.003509521,-1.2763977
55439,0.22842407,0.20996094,-1.0986328
55440,0.30410767,0.14816284,-1.2356567
55441,0.29724121,0.29632568,-1.0643005
55442,0.15899658,0.39916992,-1.1286926
55443,0.045318604,0.58441162,-1.1959839
55444,0.11962891,0.60791016,-1.1761475
55445,-0.12176514,0.58364868,-1.1987305
55446,-0.12329102,0.68481445,-1.1230469
55447,-0.12619019,0.63171387,-1.0636902
55448,-0.13565063,0.75942993,-1.0343933
55449,0.094604492,0.67825317,-1.2225342
55450,-0.19012451,0.71411133,-1.0133362
55451,-0.25588989,0.63858032,-0.98526001
55452,-0.31829834,0.68847656,-0.91094971
55453,-0.20187378,0.84716797,-0.97961426
55454,-0.35400391,0.81893921,-0.86349487
55455,-0.43182373,0.88790894,-1.0437012
55456,-0.56854248,1.02005,-0.91949463
55457,-0.61126709,1.1174011,-0.80841065
55458,-0.65887451,1.0427856,-0.97396851
55459,-0.70098877,1.126709,-0.81634522
55460,-0.8605957,1.0519409,-0.85021973
55461,-0.8303833,1.0906982,-0.79574585
55462,-0.86212158,1.14151,-0.93933106
55463,-0.98342896,1.2353516,-0.68450928
55464,-0.89752197,1.2335205,-0.72921753
55465,-1.0455322,1.0993958,-0.65429688
55466,-0.91766357,0.93780518,-0.46203613
55467,-1.0261536,0.965271,-0.53375244
55468,-1.0786438,1.0054016,-0.43670654
55469,-1.0668945,1.0598755,-0.3112793
55470,-1.2780762,1.0870361,-0.37704468
55471,-1.1500549,1.1457825,-0.44189453
55472,-1.2713623,0.98937988,-0.12451172
55473,-1.5075684,0.96969604,-0.2746582
55474,-1.5809631,0.70587158,-0.34637451
55475,-1.4872742,1.1201477,-0.18615723
55476,-1.5600586,0.94100952,0.012207031
55477,-1.3819885,0.93399048,-0.074920654
55478,-1.65802,0.97335815,0.13534546
55479,-1.5913391,1.0452271,0.083007813
55480,-1.4640808,0.92453003,0.1234436
55481,-1.6714478,0.92971802,-0.043334961
55482,-1.5899658,0.78903198,0.065460205
55483,-1.5808105,0.9954834,0.20812988
55484,-1.7434692,1.1431885,0.2571106
55485,-1.9061279,0.87265015,0.30670166
55486,-1.698761,0.78796387,0.33554077
55487,-1.710968,0.85601807,0.34622192
55488,-1.7976379,0.84320068,0.49880981
55489,-1.7831421,0.70098877,0.48538208
55490,-1.7308044,0.8644104,0.5480957
55491,-1.9186401,0.65628052,0.56274414
55492,-1.9351196,0.72265625,0.51834106
55493,-2.0188904,0.68023682,0.55999756
55494,-1.9552612,0.70526123,0.76904297
55495,-2.0640564,0.69061279,0.68542481
55496,-2.0207214,0.62637329,0.74386597
55497,-2.0089722,0.52398682,1.0697937
55498,-2.0446777,0.48126221,0.96405029
55499,-2.0776367,0.4536438,0.87768555
55500,-2.0193481,0.46020508,0.90896606
55501,-1.9561768,0.23895264,0.90911865
55502,-2.0147705,0.26519775,0.97015381
55503,-1.9624329,0.14770508,1.0183716
55504,-1.9261169,0.1852417,1.1050415
55505,-2.0220947,0.096740723,1.1474609
55506,-1.9348145,0.14007568,1.3623047
55507,-1.9467163,0.053710938,1.2011719
55508,-1.9720459,0.12023926,1.2988281
55509,-1.9810486,0.089416504,1.0868835
55510,-2.0729065,-0.17700195,1.2919617
55511,-1.9474792,-0.30487061,1.1689758
55512,-1.965332,-0.26733398,1.3941956
55513,-1.8901062,-0.4234314,1.4019775
55514,-1.9293213,-0.40237427,1.413269
55515,-1.7420959,-0.32318115,1.4041138
55516,-1.8067932,-0.42572022,1.4549255
55517,-1.8852234,-0.65719604,1.4306641
55518,-1.8276978,-0.60546875,1.4599609
55519,-1.8807983,-0.60760498,1.5484619
55520,-1.6773987,-0.48156738,1.5184021
55521,-1.6072083,-0.54122925,1.7909241
55522,-1.6812134,-0.76202393,1.7776489
55523,-1.7420959,-0.98358154,1.6383362
55524,-1.6465759,-0.91278076,1.7103577
55525,-1.6616821,-1.0435486,1.6772461
55526,-1.6633606,-0.90179443,1.635437
55527,-1.6676331,-0.91278076,1.6452026
55528,-1.4225769,-0.99243164,1.8270874
55529,-1.4633179,-1.0644531,1.7987061
55530,-1.5260315,-1.1834717,1.7318726
55531,-1.4257813,-1.3803101,1.8447876
55532,-1.3751221,-1.4709473,1.8423462
55533,-1.3082886,-1.5193176,1.708374
55534,-1.399231,-1.5623474,1.7114258
55535,-1.3088989,-1.4831543,1.6748047
55536,-1.3217163,-1.4051819,1.6891479
55537,-1.2362671,-1.5664673,1.4642334
55538,-1.1174011,-1.5184021,1.7410278
55539,-1.0279846,-1.3284302,1.8948364
55540,-1.0922241,-1.5104675,1.7617798
55541,-0.92926025,-1.3993835,1.8063354
55542,-0.88470459,-1.7349243,1.8640137
55543,-0.84991455,-1.631012,1.8359375
55544,-0.85510254,-1.8675232,1.7346191
55545,-0.73303223,-1.8502808,1.855011
55546,-0.68542481,-1.8299866,1.7263794
55547,-0.63110352,-1.953125,1.7900085
55548,-0.56686401,-1.9572449,1.8377686
55549,-0.51361084,-1.854248,1.7208862
55550,-0.54275513,-1.9999695,1.7253113
55551,-0.45394897,-1.940918,1.6519165
55552,-0.43334961,-1.802063,1.6690063
55553,-0.33111572,-1.907196,1.5979004
55554,-0.21987915,-2.0605469,1.5380859
55555,-0.20339966,-2.1704102,1.6067505
55556,-0.17410278,-2.2650146,1.4031982
55557,-0.23025513,-2.2169495,1.3793945
55558,-0.14160156,-2.0359802,1.2786865
55559,-0.10314941,-2.1630859,1.3700867
55560,0.059204102,-2.086792,1.3265991
55561,0.014648438,-2.1490479,1.3053894
55562,0.081634521,-2.166748,1.2780762
55563,0.16067505,-2.1075439,1.1607361
55564,0.1876831,-2.2167969,1.2232971
55565,0.19592285,-2.2485352,1.1991882
55566,0.26535034,-2.1824646,1.1463928
55567,0.22537231,-2.2288513,1.1199951
55568,0.31082153,-2.1846008,1.0734558
55569,0.48217773,-2.1612549,1.0092163
55570,0.42617798,-2.3182678,0.87600708
55571,0.49819946,-2.1005249,0.8517456
55572,0.43960571,-1.958313,0.87768555
55573,0.58807373,-2.0353699,0.70526123
55574,0.53466797,-2.1141052,0.65689087
55575,0.60821533,-2.0097351,0.53390503
55576,0.71777344,-2.1432495,0.64697266
55577,0.65872192,-2.0681763,0.70022583
55578,0.74493408,-2.0277405,0.51437378
55579,0.73654175,-2.1850586,0.57876587
55580,0.80795288,-2.1090698,0.53588867
55581,0.76889038,-1.9723511,0.33462524
55582,0.84701538,-1.8984985,0.28762817
55583,0.89813232,-1.973114,0.27832031
55584,0.90881348,-2.0321655,0.23162842
55585,0.93048096,-2.0153809,0.22796631
55586,0.92529297,-1.9567871,0.1210022
55587,1.0437012,-1.7832947,0.23406982
55588,0.90103149,-1.7886353,0.20385742
55589,1.018219,-1.7356873,0.15457153
55590,1.0339355,-1.7532349,-0.093688965
55591,1.0508728,-1.796875,-0.105896
55592,1.0058594,-1.6999817,-0.030822754
55593,1.058197,-1.7184448,-0.10635376
55594,0.98999023,-1.7123413,-0.14068603
55595,1.0951233,-1.4465332,-0.095214844
55596,1.0054016,-1.3519287,-0.23651123
55597,1.0464478,-1.4746094,-0.1272583
55598,1.1132813,-1.3719177,-0.33843994
55599,1.0668945,-1.2559509,-0.48187256
55600,1.1376953,-1.1677551,-0.54779053
55601,0.99731445,-1.1608887,-0.43365478
55602,0.99884033,-1.1631775,-0.5657959
55603,1.0359192,-1.2475586,-0.62850952
55604,1.0964966,-1.0694885,-0.66680908
55605,0.95794678,-1.1672974,-0.74829102
55606,0.82717896,-1.0835266,-0.84289551
55607,0.96725464,-1.131134,-0.93002319
55608,0.84075928,-1.1585999,-0.76843262
55609,0.98922729,-1.2199402,-0.72525024
55610,0.96740723,-0.86151123,-0.83404541
55611,0.86669922,-0.64208984,-0.95016479
55612,0.85769653,-1.2513733,-0.91659546
55613,0.9362793,-0.965271,-1.0498047
55614,0.91033935,-0.10284424,-1.0345459
55615,0.9513855,-0.63812256,-0.97885132
55616,0.9677124,-0.60974121,-0.8996582
55617,0.81420898,-0.57937622,-1.0307312
55618,0.96069336,-0.37826538,-1.0087585
55619,0.74874878,-0.35079956,-1.0620117
55620,0.72631836,-0.34667969,-1.0534668
55621,0.7611084,-0.26977539,-1.2768555
55622,0.87036133,-0.14068603,-1.098938
55623,0.61218262,-0.11230469,-1.2414551
55624,0.70129394,-0.13870239,-1.6442871
55625,0.6187439,-0.008239746,-1.446228
55626,0.7498169,-0.25268555,-1.1378479
55627,0.60791016,-0.21377563,-1.2658691
55628,0.30197144,-0.28152466,-1.1730957
55629,0.36437988,-0.008850098,-1.1624146
55630,0.46615601,0.28411865,-1.124115
55631,0.47409058,0.3251648,-1.1729431
55632,0.337677,0.52062988,-1.2188721
55633,0.22964478,0.36849976,-1.4117432
55634,0.23223877,0.46936035,-1.1450195
55635,0.1512146,0.39962769,-1.0568237
55636,0.13519287,0.47363281,-1.0865784
55637,0.11520386,0.53619385,-1.2081909
55638,0.25024414,0.45776367,-1.073761
55639,0.066833496,0.50231934,-1.1164856
55640,0.025634766,0.57128906,-1.078186
55641,-0.16799927,0.65261841,-1.050415
55642,-0.13168335,0.67108154,-1.1129761
55643,-0.18554688,0.84625244,-1.081543
55644,-0.1184082,0.83374023,-1.121521
55645,-0.24719238,0.83175659,-1.0813904
55646,-0.47729492,1.1383057,-1.0606384
55647,-0.60684204,1.1016846,-0.99716187
55648,-0.44204712,0.84213257,-1.0591125
55649,-0.6199646,0.89813232,-0.90179443
55650,-0.70968628,0.77804565,-0.79971313
55651,-0.72082519,0.89920044,-0.88409424
55652,-0.66711426,1.0101318,-0.96862793
55653,-0.79208374,0.86364746,-0.79315185
55654,-0.97946167,1.1090088,-0.65185547
55655,-0.83358765,1.1679077,-0.78277588
55656,-0.81954956,1.1802673,-0.78170776
55657,-0.987854,1.1878967,-0.6564331
55658,-0.94345093,0.97702026,-0.76446533
55659,-1.0578918,1.1306763,-0.67749023
55660,-1.0742188,1.1981201,-0.46936035
55661,-1.2138367,1.1254883,-0.54412842
55662,-1.1376953,1.4146423,-0.62438965
55663,-1.2748718,1.3265991,-0.6312561
55664,-1.3420105,1.2921143,-0.54321289
55665,-1.2686157,1.2911987,-0.46173096
55666,-1.2496948,1.2809753,-0.38818359
55667,-1.2971497,1.2554932,-0.34286499
55668,-1.3587952,1.2698364,-0.26733398
55669,-1.4445496,1.1862183,-0.11474609
55670,-1.7625427,0.61248779,-0.5821228
55671,-1.5031433,0.99304199,-0.17044067
55672,-1.5454102,0.98724365,-0.035095215
55673,-1.5945435,1.1801147,0.040130615
55674,-1.6499329,1.0629272,0.11810303
55675,-1.625061,1.0446167,-0.018005371
55676,-1.6311646,0.96603394,0.088806152
55677,-1.65802,1.0369873,0.27557373
55678,-1.6105652,1.0176086,0.28564453
55679,-1.6923523,0.98464966,0.26779175
55680,-1.8685913,1.5211487,0.26428223
55681,-1.9015503,0.9451294,0.36514282
55682,-1.8769836,0.9413147,0.35415649
55683,-1.8185425,0.98937988,0.3642273
55684,-1.8971252,0.87997437,0.33493042
55685,-1.8443298,0.82778931,0.64834595
55686,-1.9468689,0.9451294,0.48797607
55687,-1.9732666,0.64086914,0.675354
55688,-2.0663452,0.55236816,0.70968628
55689,-2.0352173,0.72616577,0.80886841
55690,-2.0161438,0.49835205,0.75500488
55691,-2.1304321,0.66894531,0.73883057
55692,-2.061615,0.76446533,0.93032837
55693,-2.0593262,0.75561523,0.59631348
55694,-2.1261597,0.5531311,0.96084595
55695,-2.093811,0.42388916,0.91796875
55696,-2.0655823,0.26016235,0.80993652
55697,-2.1211243,0.43640137,1.0165405
55698,-2.1427917,0.2885437,1.0531616
55699,-1.9909668,0.19714356,1.2760925
55700,-2.0315552,0.087890625,1.2866211
55701,-2.0535278,-0.071716309,1.1128235
55702,-1.9458008,-0.035400391,1.164856
55703,-1.980896,-0.16555786,1.2281799
55704,-2.0823669,-0.19927978,1.3386536
55705,-1.9989014,0.015563965,1.4489746
55706,-2.0922852,-0.16708374,1.4349365
55707,-2.1554565,-0.10482788,1.4361572
55708,-1.9596863,-0.15228272,1.5065002
55709,-1.90979,-0.1260376,1.6796875
55710,-1.8763733,-0.2545166,1.6577148
55711,-1.8444824,-0.43304443,1.834259
55712,-1.8475342,-0.49362183,1.7456055
55713,-1.8537903,-0.58395386,1.5621948
55714,-1.7643738,-0.69503784,1.5872192
55715,-1.7773438,-0.84060669,1.4633179
55716,-1.8139648,-0.72448731,1.5956116
55717,-1.8583679,-0.80169678,1.8746948
55718,-1.847229,-0.73944092,1.6418457
55719,-1.6845703,-0.71746826,1.6769409
55720,-1.774292,-1.0810852,1.7735291
55721,-1.7533875,-1.1816406,1.6915894
55722,-1.7144775,-1.1160278,1.8933105
55723,-1.5951538,-1.2017822,1.8067932
55724,-1.6003418,-1.2106323,1.7663574
55725,-1.530304,-1.1306763,2.0487976
55726,-1.3839722,-1.1868286,1.6793823
55727,-1.3108826,-1.355896,1.9830322
55728,-1.322937,-1.1868286,1.786499
55729,-1.2956238,-1.5219116,1.7034912
55730,-1.3989258,-1.4674377,1.8261719
55731,-1.2083435,-1.4776611,1.8984985
55732,-1.2866211,-1.6357422,1.8710327
55733,-1.2083435,-1.6090393,1.8325806
55734,-1.1349487,-1.7628479,1.7370605
55735,-1.0127258,-1.875,1.8121338
55736,-0.95794678,-1.6325378,1.8408203
55737,-0.89599609,-1.8626404,1.8435669
55738,-0.8744812,-1.758728,1.7906189
55739,-0.75759888,-1.7306519,1.8408203
55740,-0.91278076,-1.6950989,1.9073486
55741,-0.73760986,-1.8978882,1.9638062
55742,-0.84564209,-2.2767639,1.759491
55743,-0.66757202,-1.8695068,1.6665649
55744,-0.64666748,-1.9181824,1.8049622
55745,-0.60180664,-2.2102356,1.7201233
55746,-0.55892944,-2.1920776,1.7254639
55747,-0.41137695,-2.1363831,1.5864563
55748,-0.37628174,-2.1078491,1.7190552
55749,-0.34729004,-2.0162964,1.6522217
55750,-0.26687622,-2.0236206,1.7243958
55751,-0.33020019,-1.9070435,1.763916
55752,-0.20248413,-2.1672058,1.579895
55753,-0.21148682,-2.2962952,1.3946533
55754,-0.13122559,-2.2167969,1.4242554
55755,-0.082550049,-2.331543,1.4677429
55756,0.071411133,-2.3036194,1.287384
55757,0.14633179,-2.303009,1.2867737
55758,0.15426636,-2.1240234,1.1412048
55759,0.31936645,-2.0840454,1.2008667
55760,0.17547607,-2.2261047,1.2374878
55761,0.28457642,-2.1173096,1.2919617
55762,0.34210205,-2.427063,1.2008667
55763,0.47454834,-2.3049927,1.0650635
55764,0.44219971,-2.3684692,1.1012268
55765,0.44311523,-2.5163269,1.0638428
55766,0.58197022,-2.403717,1.0736084
55767,0.60089111,-2.4487305,1.0440063
55768,0.55786133,-2.2711182,0.82550049
55769,0.65460205,-2.2398376,0.82427978
55770,0.63400269,-2.2529602,0.64880371
55771,0.7421875,-2.3832703,0.61935425
55772,0.78048706,-2.328186,0.52337647
55773,0.71563721,-2.4766541,0.50140381
55774,0.83206177,-2.2013855,0.39627075
55775,0.9173584,-2.1347046,0.40237427
55776,0.87417603,-2.0578003,0.36437988
55777,0.85876465,-2.0068359,0.42175293
55778,0.92453003,-2.0588684,0.42877197
55779,0.89324951,-2.1446228,0.39093018
55780,0.94863892,-2.0359802,0.35797119
55781,0.91323853,-2.0230103,0.078125
55782,0.92346191,-1.8251038,0.11627197
55783,0.92788696,-1.9995117,0.10025024
55784,0.98495483,-1.940918,-0.11749268
55785,1.1358643,-1.8495178,0.00579834
55786,1.1225891,-2.0272827,-0.15716553
55787,1.0096741,-1.8403625,-0.065460205
55788,1.0731506,-1.8174744,-0.11016846
55789,1.1480713,-1.7622375,-0.096130371
55790,1.1804199,-1.6954041,-0.184021
55791,1.2042236,-1.658783,-0.26443481
55792,1.2097168,-1.6537476,-0.41351318
55793,1.1706543,-1.4750671,-0.54611206
55794,1.2635803,-1.4282227,-0.60638428
55795,1.3046265,-1.3525391,-0.60470581
55796,1.2239075,-1.2930298,-0.58792114
55797,1.1935425,-1.1962891,-0.6262207
55798,1.2939453,-1.1317444,-0.6942749
55799,1.3641357,-1.2147522,-0.71807861
55800,1.1956787,-1.2330627,-0.70297241
55801,1.2406921,-1.252594,-0.65765381
55802,1.3128662,-1.1535645,-0.65063477
55803,1.3150024,-1.192627,-0.80535889
55804,1.210022,-1.1795044,-0.91690063
55805,1.1781311,-0.89584351,-0.97839356
55806,1.0984802,-0.9765625,-0.91796875
55807,1.1270142,-0.90667725,-1.055603
55808,1.105957,-1.0049438,-1.0440063
55809,1.0011291,-0.68161011,-1.0127258
55810,0.95199585,-0.67825317,-0.96694946
55811,0.8757019,-0.70266724,-1.1688232
55812,1.0168457,-0.47332764,-1.1856079
55813,0.94314575,-0.5871582,-1.1798096
55814,0.88165283,-0.47851563,-1.2225342
55815,0.80657959,-0.37490845,-1.2666321
55816,0.74890137,-0.18096924,-1.3537598
55817,0.91278076,-0.21255493,-1.1477661
55818,0.77575684,-0.10528565,-1.207428
55819,0.73410034,-0.023498535,-1.388092
55820,0.73150635,-0.023956299,-1.4482117
55821,0.34866333,-0.36376953,-1.5206909
55822,0.49957275,-0.1876831,-1.5464783
55823,0.4989624,0.17181397,-1.4172363
55824,0.49713135,0.084228516,-1.4683533
55825,0.47653198,0.12329102,-1.3504028
55826,0.39764404,0.16433716,-1.4460754
55827,0.50735474,0.26367188,-1.578064
55828,0.43655395,0.53756714,-1.443634
55829,0.32745361,0.34164429,-1.2702942
55830,0.45898438,0.47409058,-1.2191772
55831,0.35232544,0.46798706,-1.3931274
55832,0.23834228,0.60577393,-1.3574219
55833,0.14221191,0.6111145,-1.2380981
55834,0.15625,0.78140259,-1.2896729
55835,0.13183594,0.86807251,-1.2692261
55836,0.1461792,0.85205078,-1.2680054
55837,0.14663696,0.65460205,-1.3710022
55838,-0.013275146,0.67504883,-1.2886047
55839,-0.1802063,0.81558228,-1.0707092
55840,-0.31448364,0.95718384,-1.078186
55841,-0.18997192,0.73699951,-1.267395
55842,-0.45455933,1.0241699,-1.1540222
55843,-0.33035278,0.76812744,-1.2309265
55844,-0.6362915,1.1669922,-1.161499
55845,-0.4977417,1.2001038,-1.2510681
55846,-0.61904907,1.244812,-1.2039185
55847,-0.64300537,1.2213135,-1.1218262
55848,-0.6741333,1.1256409,-1.0528564
55849,-0.78063965,1.0864258,-1.0191345
55850,-0.96389771,1.0430908,-0.95306397
55851,-0.79040527,1.1515808,-0.87799072
55852,-0.85144043,1.2652588,-0.88302612
55853,-0.84320068,1.2332153,-0.7723999
55854,-0.91384888,1.2797546,-0.8984375
55855,-1.116333,1.2159729,-0.56030273
55856,-1.1958313,1.2217712,-0.61569214
55857,-0.99121094,1.1854553,-0.56304932
55858,-1.2434387,1.2216187,-0.40039063
55859,-1.2202454,1.100769,-0.51940918
55860,-1.4102173,1.20224,-0.60150147
55861,-1.3929749,1.390686,-0.71563721
55862,-1.4630127,1.2927246,-0.53283691
55863,-1.5139771,1.2402344,-0.53817749
55864,-1.4752197,1.2689209,-0.40298462
55865,-1.3252258,1.3638306,-0.37887573
55866,-1.3238525,1.4433289,-0.32546997
55867,-1.7977905,1.219635,-0.30914307
55868,-1.7381287,1.2319946,-0.29373169
55869,-1.7559814,1.25,-0.17333984
55870,-1.7799377,1.3017273,-0.052490234
55871,-1.7332459,1.2310791,0.12420654
55872,-1.7829895,1.2600708,0.00289917
55873,-1.6143799,1.2719727,0.19195557
55874,-1.8890381,1.2815857,0.15625
55875,-1.9430542,1.1553955,0.27862549
55876,-1.9389343,1.0404968,0.21957398
55877,-1.9909668,0.97320557,0.36575317
55878,-2.0082092,0.85418701,0.44708252
55879,-1.9169617,1.4466858,0.49957275
55880,-1.920929,0.97549438,0.61706543
55881,-2.0582581,0.94558716,0.56884766
55882,-2.0742798,0.87295532,0.55679321
55883,-2.0916748,0.87493897,0.47332764
55884,-2.0658875,0.87493897,0.7107544
55885,-2.1270752,0.90209961,0.60440063
55886,-2.1025085,0.85632324,0.56518555
55887,-2.255249,0.60501099,0.83190918
55888,-2.1977234,0.49942017,0.92971802
55889,-2.4978638,0.6564331,0.88760376
55890,-2.2576904,0.51361084,0.8241272
55891,-2.1453857,0.7081604,1.1143494
55892,-2.4858093,0.46951294,1.0125732
55893,-2.2573853,0.45898438,1.1079407
55894,-2.2790527,0.44342041,1.1773682
55895,-2.5761414,0.25360107,1.1772156
55896,-2.4499512,0.25299072,1.2573242
55897,-2.3161316,0.22613525,1.4282227
55898,-2.1911621,0.14678955,1.5075684
55899,-2.0808411,0.14755249,1.3684082
55900,-2.0819092,0.30548096,1.3745117
55901,-2.2421265,0.012512207,1.3121033
55902,-2.2558594,-0.18218994,1.413269
55903,-2.3243713,-0.16021728,1.4974976
55904,-2.3649597,-0.17654419,1.746521
55905,-2.4391174,-0.23712158,1.5534973
55906,-2.665863,-0.35568237,1.6363525
55907,-2.409668,-0.44830322,1.8278503
55908,-2.7482605,-0.57373047,1.7195129
55909,-2.157135,-0.53985596,1.7944336
55910,-2.1063232,-0.59524536,1.8266296
55911,-2.17453,-0.71014404,1.7922974
55912,-2.1577454,-0.71533203,1.8322754
55913,-2.1548462,-0.7800293,1.8664551
55914,-2.4642944,-0.94528198,1.8861389
55915,-1.8429565,-0.76766968,1.8830872
55916,-1.8170166,-0.74157715,1.8527222
55917,-1.6497803,-0.74401856,1.9831848
55918,-1.7312622,-0.78567505,2.0346069
55919,-1.9085693,-0.80383301,1.9187927
55920,-1.7556763,-1.1360168,2.010498
55921,-1.6049194,-1.1592102,1.8847656
55922,-1.5742493,-1.3858032,2.0254517
55923,-1.5168762,-1.2617493,1.8930054
55924,-1.4372253,-1.3011169,1.9442749
55925,-1.385498,-1.3565063,2.0698547
55926,-1.4724731,-1.1930847,2.0870972
55927,-1.5693665,-1.4230347,2.0108032
55928,-1.8383789,-1.565094,1.9470215
55929,-1.5963745,-1.7289734,2.0274353
55930,-1.5107727,-1.7588806,1.9146729
55931,-1.4117432,-1.8745422,1.7884827
55932,-1.1306763,-1.8397522,1.9462585
55933,-1.0432434,-1.8734741,1.7059326
55934,-0.97091675,-1.6737366,1.8963623
55935,-0.94741821,-1.8753052,2.0924377
55936,-0.87875366,-1.8869019,1.9221497
55937,-0.80154419,-1.8920898,1.9100952
55938,-0.83450317,-1.9041443,1.8737793
55939,-0.66894531,-2.0373535,1.8768311
55940,-0.72021484,-2.0916748,2.020874
55941,-0.68908691,-1.856842,1.887207
55942,-0.61126709,-2.0094299,1.7669678
55943,-0.5871582,-2.0437622,1.6400146
55944,-0.42114258,-2.2789001,1.5963745
55945,-0.38711548,-2.3246765,1.6850281
55946,-0.34408569,-2.237854,1.7074585
55947,-0.40893555,-2.2027588,1.778717
55948,-0.32104492,-2.0793152,1.7330933
55949,-0.24459839,-2.1122742,1.7033386
55950,-0.13977051,-2.1894836,1.633606
55951,-0.029144287,-2.2749329,1.6226196
55952,0.047912598,-2.3233032,1.6015625
55953,0.018005371,-2.2970581,1.5718079
55954,0.12710571,-2.3664856,1.4923096
55955,0.18478394,-2.2686768,1.3671875
55956,0.21942139,-2.334137,1.2384033
55957,0.22583008,-2.3167419,1.2275696
55958,0.22888184,-2.2413635,1.3464355
55959,0.16479492,-2.2401428,0.99594116
55960,0.40023804,-2.2373962,1.0276794
55961,0.28656006,-2.3512268,1.1972046
55962,0.33706665,-2.1258545,1.0816956
55963,0.39825439,-2.272644,0.92300415
55964,0.45471191,-2.4497986,0.88821411
55965,0.48675537,-2.5024414,0.77957153
55966,0.69030762,-2.4287415,0.83007813
55967,0.73944092,-2.5506592,0.76004028
55968,0.73150635,-2.4075317,0.63034058
55969,0.93933106,-2.4284363,0.60455322
55970,0.88165283,-2.2219849,0.46630859
55971,0.95703125,-2.2618103,0.46661377
55972,0.887146,-2.0799255,0.56427002
55973,0.89233398,-2.069397,0.28244019
55974,1.1029053,-2.0294189,0.39352417
55975,1.0498047,-2.102356,0.17059326
55976,1.2016296,-2.0518494,0.28060913
55977,1.0839844,-2.0439148,0.25665283
55978,1.027832,-1.9271851,0.21286011
55979,1.09375,-1.942749,0.055541992
55980,1.1387634,-2.0915222,0.070495605
55981,1.1828613,-2.0483398,0.053253174
55982,1.2002563,-1.9865417,-0.062713623
55983,1.1502075,-1.8412781,-0.19256592
55984,1.177063,-1.8078613,-0.30212402
55985,1.3302612,-1.9335938,-0.35827637
55986,1.1706543,-1.7662048,-0.31860352
55987,1.3041687,-1.7375183,-0.36254883
55988,1.3064575,-1.8930054,-0.35018921
55989,1.3468933,-1.6134644,-0.37109375
55990,1.2626648,-1.5460205,-0.45410156
55991,1.3240051,-1.4750671,-0.32470703
55992,1.5730286,-1.1802673,-0.64605713
55993,1.2902832,-1.3635254,-0.78018188
55994,1.3552856,-1.1416626,-0.92163086
55995,1.2739563,-1.4324951,-0.60028076
55996,1.1579895,-1.2942505,-0.67810059
55997,1.2272644,-1.0403442,-0.6803894
55998,1.2295532,-1.1541748,-0.69000244
55999,1.3082886,-1.2236023,-0.88424683
56000,1.0754395,-1.0429382,-0.94390869
56001,1.1546326,-0.90621948,-0.92681885
56002,1.1410522,-0.85006714,-0.94726563
56003,1.126709,-0.75683594,-1.0166931
56004,1.1242676,-0.72982788,-1.0774231
56005,1.0913086,-0.72738647,-1.1557007
56006,1.0714722,-0.75775147,-1.1024475
56007,1.0536194,-0.65704346,-0.9576416
56008,1.0127258,-0.61431885,-1.0720825
56009,1.018219,-0.60821533,-1.0321045
56010,0.92407227,-0.6729126,-1.2242126
56011,1.0002136,0.41107178,-1.1894226
56012,1.0308838,-0.38894653,-0.95947266
56013,0.94970703,-0.16220093,-1.1682129
56014,0.93215942,-0.34332275,-1.2269592
56015,0.75637817,-0.05279541,-1.3388062
56016,0.83862305,-0.093383789,-1.33255
56017,0.86044312,-0.10421753,-1.2782288
56018,0.69000244,0.006866455,-1.5351868
56019,0.67504883,0.045928955,-1.3830566
56020,0.69122315,0.006713867,-1.4904785
56021,0.56915283,-0.19592285,-1.6828918
56022,0.52185059,-0.003967285,-1.3858032
56023,0.62149048,0.35446167,-1.1112976
56024,0.45471191,0.27236939,-1.3873291
56025,0.34957886,0.21682739,-1.2335205
56026,0.4145813,0.21240234,-1.3929749
56027,0.016784668,0.53283691,-1.3168335
56028,0.037231445,0.50918579,-1.3760376
56029,0.15045166,0.56900024,-1.3121033
56030,0.10070801,0.61767578,-1.2051392
56031,-0.084381104,0.61920166,-1.3671875
56032,-0.057067871,0.62271118,-1.3043213
56033,-0.14892578,0.57281494,-1.5368652
56034,-0.091400146,0.73791504,-1.3555908
56035,-0.15014648,0.85845947,-1.2879944
56036,-0.1512146,0.79696655,-1.4086914
56037,-0.16220093,0.83282471,-1.1296082
56038,-0.29525757,0.94451904,-1.3304138
56039,-0.25100708,0.86547852,-1.111908
56040,-0.37506103,0.94009399,-1.0180664
56041,-0.46081543,0.87890625,-0.98724365
56042,-0.53634644,0.98632813,-1.0595703
56043,-0.54168701,1.0931396,-1.1151123
56044,-0.5392456,0.99639893,-0.96130371
56045,-0.6350708,1.3238525,-1.053009
56046,-0.7623291,1.2258911,-0.95016479
56047,-0.85327148,1.3053894,-0.95611572
56048,-0.83007813,1.3162231,-0.94238281
56049,-0.88150024,1.2471008,-0.9689331
56050,-1.0217285,1.3331604,-0.9715271
56051,-1.0272217,1.3363647,-0.77087402
56052,-1.0644531,1.4508057,-0.72235107
56053,-1.0623169,1.3806152,-0.73974609
56054,-1.2113953,1.3896179,-0.62744141
56055,-1.1714172,1.4129639,-0.61233521
56056,-1.1624146,1.2240601,-0.42053223
56057,-1.3320923,1.0903931,-0.28366089
56058,-1.3560486,1.2478638,-0.4296875
56059,-1.262207,1.2638855,-0.44219971
56060,-1.3783264,1.4782715,-0.28060913
56061,-1.5039063,1.3864136,-0.29510498
56062,-1.7207336,1.2924194,-0.33309936
56063,-1.4506531,1.136322,-0.76202393
56064,-1.6410828,1.4604187,-0.56121826
56065,-1.5423584,1.264801,-0.093231201
56066,-1.5570068,1.2174988,0.012969971
56067,-1.7616272,1.3514709,-0.055999756
56068,-1.7277527,1.26297,-0.074768066
56069,-1.8101501,1.3056946,0.11734009
56070,-1.6682434,1.1885071,0.028076172
56071,-1.7619324,1.1465454,0.18676758
56072,-1.9100952,1.1132813,0.14038086
56073,-1.9049072,1.071167,0.16036987
56074,-1.9129944,1.116333,0.48797607
56075,-1.950531,1.1471558,0.43167114
56076,-1.9625854,0.95733643,0.30639648
56077,-1.9763184,1.320343,0.41305542
56078,-1.980896,1.0891724,0.55404663
56079,-2.0880127,1.0728455,0.60623169
56080,-2.0715332,1.0270691,0.59387207
56081,-2.0362854,0.7901001,0.58410644
56082,-2.051239,0.70632935,0.8757019
56083,-1.9732666,0.92834473,0.62423706
56084,-1.9142151,0.76477051,0.76141357
56085,-2.2360229,0.70022583,0.90896606
56086,-2.0184326,0.72113037,0.95092773
56087,-2.084198,0.52871704,1.0162354
56088,-1.932373,0.55557251,0.80871582
56089,-2.164917,0.52505493,1.008606
56090,-2.1534729,0.50445557,1.1157227
56091,-2.2012329,0.59143066,1.2210083
56092,-2.2265625,0.30944824,1.2263489
56093,-2.2721863,0.24902344,1.2438965
56094,-2.0227051,0.30975342,1.2550354
56095,-2.3103333,0.27008057,1.1857605
56096,-2.4441528,-0.035400391,1.2796021
56097,-2.1466064,0.18569946,1.3414001
56098,-1.8778992,0.021972656,1.4013672
56099,-2.1629333,-0.18676758,1.2966919
56100,-1.8981934,-0.18218994,1.3226318
56101,-2.0114136,-0.18310547,1.4465332
56102,-1.9622803,-0.26916504,1.5414429
56103,-1.99646,-0.35644531,1.4900208
56104,-2.1235657,-0.4246521,1.5176392
56105,-1.71875,-0.39047241,1.6423035
56106,-2.061615,-0.68008423,1.7480469
56107,-1.8525696,-0.79055786,1.7123413
56108,-2.1173096,-0.73364258,1.966095
56109,-1.9184875,-0.50064087,1.8577576
56110,-1.9671631,-0.79055786,1.9691467
56111,-2.0713806,-0.83984375,1.9395447
56112,-1.9363403,-0.86074829,1.9146729
56113,-1.8557739,-0.94833374,2.0201111
56114,-1.6386414,-1.0069275,1.9558716
56115,-1.7190552,-0.76187134,1.9346619
56116,-2.1252441,-1.1260986,1.9395447
56117,-1.6011047,-1.083374,1.9482422
56118,-1.7468262,-1.2664795,1.9882202
56119,-1.5092468,-1.3110352,2.0851135
56120,-1.4509583,-1.5505981,1.9961548
56121,-1.4729309,-1.5592957,1.9743347
56122,-1.4508057,-1.3665771,1.8988037
56123,-1.7782593,-1.7822266,2.0413208
56124,-1.3832092,-1.3290405,1.756134
56125,-1.4431763,-1.678772,1.9270325
56126,-1.3204956,-1.6368103,1.8936157
56127,-1.3731384,-1.7462158,2.0101929
56128,-1.3635254,-1.7950439,2.1086121
56129,-1.7050171,-1.655426,1.93573
56130,-1.1253357,-1.696167,1.9828796
56131,-1.026001,-1.8443298,1.9381714
56132,-0.97381592,-1.7871094,2.0205688
56133,-0.88867188,-1.9021606,1.9937134
56134,-0.77590942,-1.8702698,1.9558716
56135,-0.80810547,-1.9631958,1.9650269
56136,-0.66314697,-2.0350647,1.7460632
56137,-0.61630249,-2.1453857,1.7738342
56138,-0.5657959,-2.0181274,1.7944336
56139,-0.45700073,-1.975708,1.6923523
56140,-0.48934936,-2.008667,1.608429
56141,-0.37826538,-2.0639038,1.7712402
56142,-0.34957886,-2.1228027,1.6665649
56143,-0.41275024,-2.1653748,1.522522
56144,-0.36849976,-2.1325684,1.4601135
56145,-0.11230469,-2.2576904,1.57547
56146,-0.10742188,-2.2193909,1.5138245
56147,-0.10421753,-2.1733093,1.399231
56148,0.056915283,-2.1661377,1.5493774
56149,0.059661865,-2.3033142,1.680603
56150,0.074768066,-2.3892212,1.3905334
56151,0.1663208,-2.3881531,1.4489746
56152,0.34301758,-2.5154114,1.3841248
56153,0.18508911,-2.4075317,1.3153076
56154,0.3125,-2.507782,1.1776733
56155,0.49743652,-2.5979614,1.133728
56156,0.41381836,-2.3876953,1.1975098
56157,0.50872803,-2.3231506,0.98526001
56158,0.58074951,-2.4520874,1.0339355
56159,0.57922363,-2.2268677,1.0810852
56160,0.6388855,-2.4168396,0.84747315
56161,0.58929443,-2.3049927,0.79360962
56162,0.5657959,-2.3236084,0.77407837
56163,0.48858643,-2.3329163,0.85723877
56164,0.65490723,-2.3048401,0.70404053
56165,0.7611084,-2.3358154,0.81192017
56166,0.71258545,-2.1789551,0.60592651
56167,0.82443237,-2.2114563,0.50888062
56168,0.82092285,-2.1897888,0.5871582
56169,0.81115723,-2.223053,0.52093506
56170,0.86776733,-2.2628784,0.55496216
56171,0.93093872,-2.2201538,0.32058716
56172,0.88104248,-2.1672058,0.40298462
56173,0.93658447,-2.1911621,0.23513794
56174,0.95825195,-2.0629883,0.25436401
56175,1.1444092,-2.1347046,0.084228516
56176,1.0649109,-1.97052,0.011138916
56177,1.0717773,-2.1165466,0.018768311
56178,1.0377502,-2.0144653,-0.019989014
56179,1.2304688,-1.8569946,0.051879883
56180,1.1833191,-1.5361023,0.036010742
56181,1.1329651,-1.8154907,-0.091400146
56182,1.0661316,-1.7358398,-0.04486084
56183,1.2646484,-1.8838501,-0.097045898
56184,1.3305664,-1.7816162,-0.17379761
56185,1.1869812,-1.5921021,-0.42312622
56186,1.0473633,-1.6314697,-0.40832519
56187,1.2010193,-1.5501404,-0.47866821
56188,1.194458,-1.5312195,-0.41778564
56189,1.1621094,-1.6818237,-0.46218872
56190,1.2115479,-1.6567993,-0.46020508
56191,1.0913086,-1.5786743,-0.50003052
56192,1.2823486,-1.3430786,-0.60592651
56193,1.3330078,-1.3806152,-0.73974609
56194,1.3697815,-1.2225342,-0.62072754
56195,1.206665,-1.2103271,-0.75073242
56196,1.2934875,-1.1575317,-0.76538086
56197,1.206665,-1.1170959,-0.6678772
56198,1.2130737,-1.2200928,-0.83770752
56199,1.2257385,-0.95932007,-0.92025757
56200,1.1154175,-1.005249,-0.83129883
56201,1.0824585,-0.82504272,-0.88027954
56202,1.1714172,-0.81161499,-0.92041016
56203,1.1164856,-0.84976196,-1.0427856
56204,1.1235046,-0.65536499,-1.1132813
56205,1.2049866,-0.58288574,-1.1065674
56206,0.99334717,-0.33843994,-1.4057922
56207,1.2367249,-0.4776001,-1.3076782
56208,0.96572876,-0.56304932,-1.1694336
56209,0.94894409,-0.61691284,-1.2184143
56210,0.93536377,-0.10604858,-1.217041
56211,0.92834473,-0.26519775,-1.2414551
56212,0.75881958,-0.1109314,-1.3525391
56213,0.84747315,-0.1550293,-1.2303162
56214,0.79101563,0.043029785,-1.3238525
56215,0.78414917,0.047912598,-1.3792419
56216,0.69824219,-0.1133728,-1.4367676
56217,0.84899902,-0.23681641,-1.4797974
56218,0.71685791,0.077514648,-1.5571594
56219,0.54779053,0.23422241,-1.499176
56220,0.65856934,0.4296875,-1.474762
56221,0.55236816,0.24185181,-1.5341187
56222,0.66375732,0.4296875,-1.550293
56223,0.61386108,0.28778076,-1.3510132
56224,0.4006958,0.4397583,-1.31073
56225,0.36437988,0.55908203,-1.4794922
56226,0.40725708,0.35491943,-1.4855957
56227,0.4699707,0.57937622,-1.5899658
56228,0.49087524,0.49682617,-1.3594055
56229,0.18981934,0.65155029,-1.3955688
56230,0.11169434,0.53085327,-1.4562988
56231,0.054016113,0.61431885,-1.3169861
56232,-0.043029785,0.91644287,-1.3316345
56233,0.002441406,1.0183716,-1.4118958
56234,-0.13046265,1.0031128,-1.3471985
56235,-0.074310303,0.74890137,-1.3702393
56236,-0.13595581,0.9336853,-1.2051392
56237,-0.27526856,1.0346985,-1.098938
56238,-0.34011841,1.1590576,-1.1810303
56239,-0.37887573,1.0404968,-1.1416626
56240,-0.33203125,1.1203003,-1.2278748
56241,-0.34042358,1.1209106,-1.1175537
56242,-0.48187256,1.0447693,-1.0322571
56243,-0.6060791,1.3134766,-1.1618042
56244,-0.66864014,1.0270691,-0.94924927
56245,-0.5279541,1.2466431,-1.0429382
56246,-0.63049316,1.242981,-0.91522217
56247,-0.61553955,1.2782288,-0.8303833
56248,-0.59066772,1.2692261,-0.93139648
56249,-0.7901001,1.3748169,-0.86273193
56250,-1.0824585,1.40625,-0.91522217
56251,-1.0626221,1.2513733,-0.87615967
56252,-0.97991943,1.3475037,-0.7699585
56253,-0.99029541,1.209259,-0.61950684
56254,-1.2059021,1.3117981,-0.76385498
56255,-1.1076355,1.3171387,-0.55404663
56256,-1.1764526,1.3146973,-0.60012817
56257,-1.2176514,1.2875366,-0.39810181
56258,-1.3597107,1.4070129,-0.41763306
56259,-1.3272095,1.315918,-0.38574219
56260,-1.4820862,1.224823,-0.39413452
56261,-1.4727783,1.2872314,-0.38391113
56262,-1.7211914,1.2750244,-0.60577393
56263,-1.8907166,1.3046265,-0.23406982
56264,-1.6349792,1.2495422,-0.051269531
56265,-1.672821,1.3470459,-0.19470215
56266,-1.6824341,1.3192749,-0.089874268
56267,-1.5374756,1.2799072,-0.067443848
56268,-1.693573,1.1849976,-0.020446777
56269,-1.7002869,1.2135315,0.10848999
56270,-1.6314697,1.2371826,0.21026611
56271,-1.8066406,0.95855713,0.22567749
56272,-1.9396973,1.0083008,0.46401978
56273,-1.8508911,1.050415,0.32592773
56274,-2.0022583,0.87692261,0.50170898
56275,-1.8821716,0.82138062,0.3843689
56276,-2.0283508,2.1203613,0.53131103
56277,-2.0159912,1.007843,0.50292969
56278,-2.0079041,0.82901001,0.68603516
56279,-1.999054,0.75149536,0.62316894
56280,-2.1154785,0.60272217,0.70083618
56281,-2.2160339,0.70709228,0.78323364
56282,-2.124939,0.64743042,0.69580078
56283,-2.2573853,0.68115234,0.85571289
56284,-2.1072388,0.59463501,0.77301025
56285,-2.0449829,0.51589966,0.91690063
56286,-2.0832825,0.60897827,0.83618164
56287,-2.1130371,0.54504394,1.0693359
56288,-2.0303345,0.43609619,1.2797546
56289,-2.0855713,0.48126221,1.0449219
56290,-2.1966553,0.39871216,1.1039734
56291,-2.2697449,0.41122436,1.242218
56292,-2.4002075,0.35705566,1.335907
56293,-2.1186829,0.32424927,1.3247681
56294,-2.0059204,0.25146484,1.3795471
56295,-2.1803284,0.15350342,1.4222717
56296,-2.1575928,-0.03036499,1.391449
56297,-2.2792053,0.045318604,1.5077209
56298,-2.0649719,0.011138916,1.340332
56299,-2.043457,-0.027160645,1.4923096
56300,-2.1508789,-0.20904541,1.6726685
56301,-1.990509,-0.38009644,1.6059875
56302,-2.0751953,-0.28930664,1.7321777
56303,-2.0056152,-0.40252686,1.8052673
56304,-1.8592834,-0.37261963,1.6931152
56305,-1.9212341,-0.46432495,1.6752625
56306,-1.8486023,-0.4649353,1.7919922
56307,-1.9219971,-0.60974121,1.6548157
56308,-1.9314575,-0.64483643,1.693573
56309,-1.6850281,-0.75286865,1.7747498
56310,-2.0292664,-0.60379028,1.8762207
56311,-1.7927551,-0.9387207,1.8182373
56312,-1.8104553,-0.76797485,1.7961121
56313,-1.6416931,-0.88745117,1.8093872
56314,-1.8252563,-0.91262817,1.9190979
56315,-1.7622375,-1.098938,1.8074036
56316,-1.5444946,-1.1300659,1.8804932
56317,-1.6854858,-1.0726929,1.9384766
56318,-1.7100525,-1.1709595,1.7637634
56319,-1.5142822,-1.3798523,1.8569946
56320,-1.4776611,-1.2277222,1.8914795
56321,-1.5705872,-1.1346436,1.9917297
56322,-1.5856934,-1.4285278,1.7237854
56323,-1.3072205,-1.4424133,1.8899536
56324,-1.8092346,-1.1228943,1.875
56325,-1.2747192,-1.1703491,1.9111633
56326,-1.1795044,-1.3793945,1.8777466
56327,-1.2564087,-1.5179443,1.8141174
56328,-1.4433289,-1.6760254,1.8508911
56329,-1.2832642,-1.8508911,1.7886353
56330,-1.0948181,-1.8721008,1.8325806
56331,-0.91720581,-1.6210938,1.963501
56332,-0.64865112,-2.0471191,1.8377686
56333,-0.74432373,-1.8998718,1.9224548
56334,-0.77316284,-1.8103027,1.9592285
56335,-0.69168091,-1.8862915,1.9424438
56336,-0.58547974,-1.9374084,1.8650818
56337,-0.59112549,-2.0417786,1.7315674
56338,-0.56869507,-1.9471741,1.6229248
56339,-0.52337647,-1.9555664,1.8519592
56340,-0.56488037,-2.077179,1.7581177
56341,-0.42922974,-2.1658325,1.6085815
56342,-0.39962769,-2.2242737,1.6603088
56343,-0.3805542,-2.1151733,1.6239929
56344,-0.30105591,-2.0002747,1.4852905
56345,-0.21835327,-1.978302,1.4691162
56346,-0.32363892,-2.0054626,1.3169861
56347,-0.084838867,-2.0420837,1.4622498
56348,-0.064849854,-2.1072388,1.3088989
56349,0.053710938,-2.2937012,1.2854004
56350,0.048980713,-2.4645996,1.3143921
56351,0.025177002,-2.4014282,1.4260864
56352,0.1411438,-2.3771667,1.1868286
56353,0.28244019,-2.3944092,1.0574341
56354,0.3062439,-2.2209167,1.1355591
56355,0.24749756,-2.2154236,1.1395264
56356,0.40740967,-2.3254395,1.055603
56357,0.39093018,-2.2007751,1.0513306
56358,0.4057312,-2.2236633,0.86273193
56359,0.32012939,-2.1589661,0.86898804
56360,0.35583496,-2.1337891,0.91491699
56361,0.52139282,-2.1463013,0.75668335
56362,0.41152954,-2.197876,0.97595215
56363,0.5632019,-2.2276306,0.78399658
56364,0.62667847,-2.3339844,0.81329346
56365,0.6326294,-2.1025085,0.65704346
56366,0.64376831,-2.1734619,0.67108154
56367,0.79589844,-2.0431519,0.58822632
56368,0.67321777,-2.1765137,0.53314209
56369,0.75653076,-2.1391296,0.42861939
56370,0.81695557,-2.0344543,0.52001953
56371,0.88226318,-2.1150208,0.55953979
56372,0.89492798,-1.93573,0.32058716
56373,0.97000122,-1.9607544,0.33981323
56374,1.0574341,-1.887207,0.062866211
56375,1.0942078,-1.8804932,0.035247803
56376,1.0438538,-1.9140625,0.057983398
56377,1.0853577,-1.963501,0.12573242
56378,1.0874939,-1.9044495,-0.062255859
56379,1.0467529,-1.8814087,-0.037536621
56380,1.1039734,-1.6821289,-0.027618408
56381,1.1785889,-1.6358948,-0.021972656
56382,1.0147095,-1.5962219,-0.25253296
56383,1.1128235,-1.6918945,-0.19989014
56384,0.96389771,-1.7633057,-0.16204834
56385,1.0626221,-1.6642761,-0.38330078
56386,1.2585449,-1.5968323,-0.28625488
56387,1.1035156,-1.3827515,-0.35507202
56388,1.1300659,-1.411438,-0.46295166
56389,1.2037659,-1.247406,-0.44799805
56390,1.1239624,-1.4395142,-0.49346924
56391,1.0284424,-1.1746216,-0.51559448
56392,1.1225891,-1.3800049,-0.61096191
56393,1.0824585,-1.3023376,-0.79849243
56394,1.0049438,-1.3893127,-0.8215332
56395,1.2887573,-1.4396667,-0.80383301
56396,0.9803772,-1.1091614,-0.74798584
56397,1.0221863,-1.1280823,-0.87020874
56398,0.81817627,-1.0079956,-0.91049194
56399,0.95031738,-0.93048096,-1.0198975
56400,1.0961914,-0.81039429,-0.96939087
56401,1.0067749,-0.66604614,-1.0067749
56402,1.1065674,-0.57815552,-0.8102417
56403,1.0700989,-0.62438965,-1.0404968
56404,1.0110474,-0.46905518,-1.1203003
56405,1.0552979,-0.36621094,-0.98587036
56406,0.86395264,-0.3251648,-0.99914551
56407,0.79284668,-0.78674316,-1.1174011
56408,0.87020874,0.34362793,-1.3424683
56409,0.90103149,-0.2822876,-1.1077881
56410,0.75973511,-0.30639648,-1.3336182
56411,0.83984375,-0.26351929,-1.2068176
56412,0.753479,-0.19302368,-1.1352539
56413,0.79483032,-0.12069702,-1.3168335
56414,0.75988769,-0.1876831,-1.1064148
56415,0.70480347,-0.025024414,-1.302948
56416,0.63308716,-0.35461426,-1.2597656
56417,0.52368164,-0.041809082,-1.2359619
56418,0.37918091,0.14923096,-1.5211487
56419,0.5154419,-0.10818481,-1.3827515
56420,0.26535034,0.20767212,-1.2332153
56421,0.49575806,0.37384033,-1.1932373
56422,0.43609619,0.30960083,-1.0699463
56423,0.31646728,0.39703369,-1.1462402
56424,0.33416748,0.37414551,-1.0638428
56425,0.076904297,0.38696289,-1.1807251
56426,0.16326904,0.50750732,-1.3047791
56427,0.20141602,0.65505981,-1.0421753
56428,-0.12954712,0.58349609,-1.2165833
56429,0.16769409,0.77392578,-1.3633728
56430,0.026855469,0.6842041,-1.2261963
56431,-0.037078857,0.61172485,-1.1228943
56432,-0.14160156,0.80535889,-1.12854
56433,-0.25588989,0.90942383,-1.2289429
56434,-0.209198,0.81710815,-1.1888123
56435,-0.20263672,0.79101563,-1.1807251
56436,-0.32455444,0.67108154,-1.1105347
56437,-0.34729004,0.73730469,-1.0438538
56438,-0.4423523,0.70098877,-0.81695557
56439,-0.48614502,0.94436646,-0.83770752
56440,-0.48965454,0.93811035,-0.89157104
56441,-0.5166626,1.0006714,-0.91705322
56442,-0.66467285,1.1346436,-0.77087402
56443,-0.76843262,1.1819458,-0.65597534
56444,-0.72845459,1.0237122,-0.68725586
56445,-0.81253052,1.0671997,-0.650177
56446,-0.86639404,1.0845947,-0.65612793
56447,-0.93109131,1.1914063,-0.70281982
56448,-1.0168457,1.3102722,-0.63781738
56449,-1.033783,1.2846375,-0.63354492
56450,-1.0801697,1.2313843,-0.67321777
56451,-1.1413574,1.1686707,-0.59051514
56452,-1.1442566,1.1123657,-0.60852051
56453,-1.0997009,1.1384583,-0.51589966
56454,-1.2272644,1.0449219,-0.54901123
56455,-1.1462402,1.0095215,-0.52230835
56456,-1.446991,0.62988281,-0.92407227
56457,-1.7611694,0.004577637,-0.59005737
56458,-1.5435791,0.79666138,-0.086364746
56459,-1.3449097,0.98770142,-0.11367798
56460,-1.4360046,0.96939087,-0.10284424
56461,-1.8093872,1.0978699,-0.073547363
56462,-1.5106201,1.061554,0.091705322
56463,-1.6079712,1.0301209,0.21072388
56464,-1.5977478,1.0279846,-0.015258789
56465,-1.5753174,1.0916138,0.063171387
56466,-1.7375183,1.1004639,0.28137207
56467,-1.572876,1.1654663,0.13214111
56468,-1.7883301,1.050415,0.17578125
56469,-1.736908,0.91323853,0.25253296
56470,-1.812439,0.90652466,0.4385376
56471,-1.6758728,0.90652466,0.36392212
56472,-1.8048096,0.8644104,0.54153442
56473,-1.9789124,0.68252563,0.57861328
56474,-1.9978333,0.75714111,0.53756714
56475,-2.0031738,0.77026367,0.61935425
56476,-1.9023132,0.63858032,0.58609009
56477,-1.8745422,0.6326294,0.61096191
56478,-1.8878174,0.65200806,0.73577881
56479,-1.9512939,0.62454224,0.7736206
56480,-1.987915,0.60897827,0.76477051
56481,-2.0159912,0.5406189,0.76446533
56482,-1.9511414,0.5859375,0.69030762
56483,-1.9487,0.58578491,0.8215332
56484,-1.8536377,0.55160522,0.92681885
56485,-2.0007324,0.50247192,0.62515259
56486,-1.9802856,0.49133301,0.96755981
56487,-1.912384,0.33355713,0.98571777
56488,-1.9824219,0.28945923,0.87799072
56489,-1.9987488,0.29281616,1.1694336
56490,-2.2018433,0.081176758,1.1549377
56491,-1.8121338,0.030975342,1.1940002
56492,-1.9171143,0.025024414,1.3088989
56493,-1.8293762,-0.1272583,1.2588501
56494,-1.9619751,-0.12084961,1.4315796
56495,-1.7428589,-0.12573242,1.2553406
56496,-1.9815063,-0.20202637,1.4241028
56497,-1.9949341,-0.19287109,1.5234375
56498,-1.9807434,-0.25741577,1.5678406
56499,-2.0063782,-0.40313721,1.6267395
56500,-1.789093,-0.41595459,1.4671326
56501,-1.9050598,-0.39657593,1.5390015
56502,-1.8521118,-0.42037964,1.5940857
56503,-1.8287659,-0.61965942,1.7559814
56504,-1.7874146,-0.61157227,1.6610718
56505,-1.8003845,-0.80291748,1.5406799
56506,-1.9587708,-0.91674805,1.6654968
56507,-1.9181824,-0.90637207,1.8014526
56508,-1.6905212,-0.82931519,1.8469238
56509,-1.782074,-0.96298218,1.6429138
56510,-1.7677307,-0.82687378,1.741333
56511,-1.6142273,-0.81512451,1.7152405
56512,-1.7546082,-0.82992554,1.6404724
56513,-1.4889526,-1.1317444,1.7184448
56514,-1.6571045,-0.95275879,1.7297363
56515,-1.4315796,-1.3485718,1.7189026
56516,-1.491394,-1.4511108,1.7210388
56517,-1.4631653,-1.5180969,1.8058777
56518,-1.2504578,-1.3572693,1.7555237
56519,-1.2229919,-1.3615417,1.8092346
56520,-1.1097717,-1.4172363,1.849823
56521,-1.1177063,-1.4517212,1.7527771
56522,-1.2310791,-1.5267944,1.796875
56523,-1.2374878,-1.5579224,1.8803406
56524,-1.1199951,-1.3331604,1.8797302
56525,-0.99365234,-1.6210938,1.9270325
56526,-0.69473267,-1.7575073,1.8017578
56527,-0.89416504,-1.7749023,1.6786194
56528,-0.98800659,-1.7338562,1.7282104
56529,-0.90148926,-1.7184448,1.6717529
56530,-0.81420898,-1.7123413,1.8301392
56531,-0.71182251,-1.7118835,1.762085
56532,-0.7081604,-1.8652344,1.7947388
56533,-0.54916382,-2.0024109,1.5866089
56534,-0.50521851,-1.8429565,1.6262817
56535,-0.42449951,-1.7745972,1.6500854
56536,-0.47897339,-1.9087219,1.6314697
56537,-0.4675293,-1.9189453,1.6384888
56538,-0.30792236,-1.8838501,1.6946411
56539,-0.34759522,-2.0332336,1.5612793
56540,-0.26947022,-2.2041321,1.4926147
56541,-0.18066406,-2.2570801,1.5196228
56542,-0.11672974,-2.1615601,1.5774536
56543,-0.025939941,-2.0487976,1.4904785
56544,0.04699707,-1.9929504,1.4538574
56545,0.13198853,-1.9926453,1.2631226
56546,0.13397217,-2.03125,1.1811829
56547,0.09552002,-2.1772766,1.1869812
56548,0.10696411,-2.2483826,1.1181641
56549,0.088043213,-2.3519897,1.0835266
56550,0.12588501,-2.3504639,1.0635376
56551,0.22415161,-2.2802734,1.0017395
56552,0.26168823,-2.1600342,1.0476685
56553,0.2998352,-2.1766663,1.0519409
56554,0.39474487,-2.1266174,0.96572876
56555,0.41641235,-2.2740173,0.86303711
56556,0.47210693,-2.2384644,0.79315185
56557,0.48217773,-2.195282,0.75271606
56558,0.57815552,-2.1495056,0.62103272
56559,0.57678223,-2.1514893,0.65765381
56560,0.6098938,-2.0407104,0.60028076
56561,0.59783935,-2.0782471,0.48339844
56562,0.7623291,-2.0378113,0.5569458
56563,0.88043213,-2.0346069,0.28625488
56564,0.67382813,-2.0588684,0.44387817
56565,0.79650879,-2.0147705,0.32897949
56566,0.67947388,-2.0825195,0.40679932
56567,0.86196899,-2.0979309,0.37918091
56568,0.93460083,-1.9735718,0.31341553
56569,1.0411072,-2.0025635,0.18798828
56570,0.81787109,-1.9615173,0.20080566
56571,0.97488403,-1.8585205,0.049438477
56572,0.83908081,-1.9171143,0.028533936
56573,0.9602356,-1.7388916,-0.01159668
56574,0.97229004,-1.9013977,-0.1612854
56575,1.0151672,-1.8458557,-0.17715454
56576,1.0479736,-1.7318726,-0.016326904
56577,1.10672,-1.6177368,-0.24963379
56578,1.0525513,-1.5405273,-0.17745972
56579,1.1914063,-1.5530396,-0.096740723
56580,1.1430359,-1.6487122,-0.12786865
56581,1.0211182,-1.5412903,-0.31082153
56582,1.0588074,-1.3687134,-0.29647827
56583,0.96435547,-1.1930847,-0.36972046
56584,1.2187195,-1.282959,-0.47607422
56585,1.065979,-1.2704468,-0.57281494
56586,1.197052,-1.3742065,-0.35064697
56587,1.0455322,-1.1633301,-0.5619812
56588,0.9777832,-1.214447,-0.64315796
56589,1.1312866,-1.1813354,-0.7862854
56590,1.0568237,-1.2214661,-0.70983887
56591,0.96450806,-1.1022949,-0.85021973
56592,1.060791,-1.1068726,-0.61218262
56593,1.0298157,-1.1343384,-0.83221435
56594,0.90377808,-0.89141846,-0.83572388
56595,1.2698364,-0.89996338,-0.9841919
56596,1.1579895,-0.80795288,-0.93307495
56597,1.1100769,-0.71929932,-0.91278076
56598,0.96832275,-0.65567017,-0.84747315
56599,0.93688965,-0.62774658,-1.0253906
56600,0.93475342,-0.4989624,-1.0707092
56601,0.87890625,-0.37994385,-0.98114014
56602,0.83633423,-0.42114258,-1.1372375
56603,0.8631897,-0.38467407,-1.0629272
56604,0.82336426,-0.31936645,-1.084137
56605,0.77377319,-0.35140991,-1.0832214
56606,0.75134277,-0.28274536,-1.194458
56607,0.7951355,0.89828491,-1.1781311
56608,0.74813843,0.061035156,-1.1181641
56609,0.66635132,-0.081787109,-1.2406921
56610,0.51315308,0.081939697,-1.2861633
56611,0.60623169,-0.14465332,-1.3092041
56612,0.32363892,-0.14541626,-1.1315918
56613,0.52871704,0.098876953,-1.272583
56614,0.42175293,0.22979736,-1.3598633
56615,0.43762207,0.35064697,-1.2176514
56616,0.39230347,0.36087036,-1.2980652
56617,0.5229187,0.35064697,-1.3623047
56618,0.31082153,0.2470398,-1.2522888
56619,0.18447876,0.4133606,-0.99899292
56620,0.2796936,0.42236328,-1.2554932
56621,0.033416748,0.57556152,-1.1505127
56622,0.040588379,0.47698975,-1.4356995
56623,0.13961792,0.52825928,-1.1831665
56624,-0.018005371,0.53588867,-1.0038757
56625,-0.093994141,0.72357178,-1.2734985
56626,-0.13534546,0.756073,-1.0258484
56627,-0.17181397,0.78796387,-0.93734741
56628,-0.25177002,0.88439941,-1.1346436
56629,-0.33462524,1.1323547,-0.88790894
56630,-0.27999878,0.92285156,-1.0115051
56631,-0.52032471,1.1013794,-0.94055176
56632,-0.45455933,1.1123657,-0.89233398
56633,-0.66802978,0.91751099,-0.90118408
56634,-0.6564331,0.84014893,-0.71334839
56635,-0.71899414,0.98831177,-0.86410522
56636,-0.62942505,0.97167969,-0.8644104
56637,-0.76507568,1.0351563,-0.74172974
56638,-0.78903198,1.1694336,-0.78536987
56639,-0.81436157,1.0345459,-0.74554443
56640,-0.83312988,1.2051392,-0.74081421
56641,-1.03302,1.1068726,-0.60409546
56642,-1.0638428,1.1233521,-0.57662964
56643,-1.0734558,1.2078857,-0.51895142
56644,-1.1160278,1.1694336,-0.39413452
56645,-1.1904907,1.2223816,-0.47042847
56646,-1.2339783,1.3162231,-0.42907715
56647,-1.2861633,1.2036133,-0.35522461
56648,-1.2992859,1.4053345,-0.31433106
56649,-1.3742065,1.1553955,-0.37597656
56650,-1.2715149,1.1715698,-0.4309082
56651,-1.2736511,1.1489868,-0.41534424
56652,-1.6622925,1.0505676,-0.28930664
56653,-1.6529846,0.68542481,-0.44677734
56654,-1.5231323,0.87097168,-0.11734009
56655,-1.4631653,0.99151611,-0.14053345
56656,-1.4935303,0.95947266,0.089416504
56657,-1.3516235,1.0214233,0.039367676
56658,-1.6418457,1.10672,-0.068206787
56659,-1.7623901,1.2101746,0.14892578
56660,-1.6767883,0.94497681,0.16342163
56661,-1.8664551,1.0055542,0.24658203
56662,-1.8486023,0.81115723,0.32562256
56663,-1.7507935,0.85723877,0.40466309
56664,-1.7750549,0.97839356,0.38284302
56665,-1.8095398,0.9451294,0.37628174
56666,-1.8962097,0.85845947,0.53833008
56667,-1.9648743,0.89172363,0.51193237
56668,-1.967926,0.83129883,0.43579102
56669,-1.940155,0.73379517,0.53085327
56670,-2.0684814,0.64498901,0.46264648
56671,-1.9772339,0.62713623,0.59753418
56672,-2.039032,0.55175781,0.67153931
56673,-2.10495,2.1800232,0.78659058
56674,-2.0814514,0.75164795,0.78582764
56675,-2.1429443,0.55908203,0.82092285
56676,-1.9061279,0.54992676,0.84243774
56677,-1.8916321,0.47683716,0.98556519
56678,-1.8826294,0.47454834,1.0751343
56679,-1.9642639,0.49026489,1.0256958
56680,-2.0443726,0.37521362,1.0189819
56681,-2.0222473,0.30288696,1.1688232
56682,-1.9215393,0.31143189,1.1009216
56683,-1.9219971,0.27877808,1.1491394
56684,-2.0597839,0.22567749,1.2161255
56685,-2.0855713,0.092315674,1.2541199
56686,-2.1044922,0.19790649,1.3265991
56687,-1.882019,-0.028381348,1.3069153
56688,-2.2099304,-0.1121521,1.3375854
56689,-1.8641663,0.03112793,1.3499451
56690,-1.8983459,-0.061798096,1.4089966
56691,-1.9322205,-0.13442993,1.4723206
56692,-2.1032715,-0.3036499,1.4230347
56693,-1.8559265,-0.39718628,1.3946533
56694,-1.9717407,-0.36376953,1.4599609
56695,-1.8907166,-0.47424316,1.5655518
56696,-1.8572998,-0.58105469,1.5768433
56697,-1.6241455,-0.59265137,1.7022705
56698,-1.4982605,-0.7019043,1.7854309
56699,-1.7333984,-0.93826294,1.9778442
56700,-1.6670227,-0.91003418,1.7402649
56701,-1.6018677,-0.92605591,1.8060303
56702,-1.5519714,-0.92788696,1.6682434
56703,-1.5182495,-0.80871582,1.812439
56704,-1.4387512,-0.85479736,1.8295288
56705,-1.3180542,-1.1044312,1.8009949
56706,-1.572113,-1.2501526,1.6117859
56707,-1.5873718,-1.1473084,1.7514038
56708,-1.5786743,-1.28479,1.8013
56709,-1.502533,-1.2715149,1.7782593
56710,-1.3188171,-1.282959,2.0043945
56711,-1.3090515,-1.4144897,1.8783569
56712,-1.2606812,-1.4938354,1.7927551
56713,-1.0543823,-1.6374207,1.8173218
56714,-1.4053345,-1.5809631,1.8652344
56715,-1.2586975,-1.5422058,1.9070435
56716,-1.2510681,-1.555481,1.9430542
56717,-1.1120605,-1.5194702,1.9262695
56718,-1.328125,-1.8753052,1.6685486
56719,-1.2496948,-1.7642212,1.622467
56720,-0.99258423,-1.7652893,1.5658569
56721,-1.0800171,-1.7788696,1.7248535
56722,-0.90667725,-1.7546082,1.7359924
56723,-0.91979981,-1.6564941,1.8658447
56724,-0.70922852,-1.8862915,1.7938232
56725,-0.7661438,-1.6938782,1.7054749
56726,-0.47073364,-1.8791199,1.9169617
56727,-0.65567017,-1.9293213,1.7126465
56728,-0.48355103,-1.9073486,1.7398071
56729,-0.61386108,-2.0343018,1.6853333
56730,-0.53421021,-2.1533203,1.6796875
56731,-0.46783447,-2.0137024,1.5527344
56732,-0.42724609,-2.0275879,1.572876
56733,-0.28320313,-2.039032,1.5759277
56734,-0.19866943,-2.1575928,1.5263367
56735,-0.20904541,-2.2059631,1.4355469
56736,-0.16052246,-2.1832275,1.4437866
56737,-0.059204102,-2.3001099,1.4352417
56738,-0.013427734,-2.4743652,1.4532471
56739,0.064544678,-2.3092651,1.4073181
56740,0.099487305,-2.2773743,1.3839722
56741,0.098419189,-2.2642517,1.2942505
56742,0.097045898,-2.0928955,1.1898804
56743,0.20614624,-2.0632935,1.217041
56744,0.15670776,-2.1829224,1.3040161
56745,0.16845703,-2.1516418,1.0910034
56746,0.31616211,-2.2613525,1.0668945
56747,0.21453857,-2.2059631,1.0475159
56748,0.33706665,-2.1893311,0.95550537
56749,0.45501709,-2.3129272,0.91949463
56750,0.55358887,-2.3442078,0.82550049
56751,0.65155029,-2.3568726,0.74966431
56752,0.71151733,-2.3150635,0.80307007
56753,0.75927734,-2.2607422,0.78796387
56754,0.75714111,-2.171936,0.74539185
56755,0.75668335,-2.1382141,0.6578064
56756,0.76950073,-2.2428894,0.56915283
56757,0.77636719,-2.237854,0.52719116
56758,0.8052063,-2.0735168,0.52001953
56759,0.90789795,-2.1347046,0.597229
56760,0.92880249,-2.1054077,0.54855347
56761,0.94314575,-2.0744324,0.52017212
56762,0.9564209,-2.0877075,0.44815064
56763,0.89797974,-2.1035767,0.3414917
56764,0.9135437,-1.6937256,0.096588135
56765,1.0284424,-2.1017456,0.10528565
56766,1.0752869,-1.8789673,0.032653809
56767,1.1074829,-1.993103,0.16540527
56768,1.0198975,-1.917572,0.11703491
56769,1.0375977,-1.9540405,0.077362061
56770,1.1878967,-1.8968201,-0.082702637
56771,1.0691834,-1.655426,-0.12573242
56772,1.1633301,-1.6859436,-0.10986328
56773,1.1869812,-1.627655,-0.16204834
56774,1.1608887,-1.5917969,-0.24047852
56775,1.1453247,-1.5615845,-0.38925171
56776,1.2106323,-1.5092468,-0.41748047
56777,1.2268066,-1.4572144,-0.5027771
56778,1.1047363,-1.3896179,-0.43334961
56779,1.1599731,-1.4840698,-0.46905518
56780,1.1987305,-1.3282776,-0.6173706
56781,1.2052917,-1.3851929,-0.59524536
56782,1.0929871,-1.444397,-0.58959961
56783,1.1738586,-1.2913513,-0.73165894
56784,1.2841797,-1.1662292,-0.57113647
56785,1.0696411,-1.2701416,-0.80734253
56786,1.0427856,-1.1412048,-0.83740234
56787,1.2487793,-1.0380554,-0.89111328
56788,1.1885071,-0.97290039,-0.965271
56789,1.0586548,-0.95443726,-0.83938599
56790,1.2631226,-0.84732056,-0.93063354
56791,0.98312378,-0.74798584,-1.1238098
56792,1.0403442,-0.86547852,-1.0028076
56793,0.93414307,-0.73791504,-0.91659546
56794,1.0810852,-0.77728272,-1.0972595
56795,0.98464966,-0.55953979,-1.1740112
56796,1.086731,-0.46524048,-1.0966492
56797,0.93139648,-0.44128418,-1.0565186
56798,1.0165405,-0.2696228,-1.138916
56799,0.88073731,-0.27954102,-1.2879944
56800,1.0491943,-0.35552978,-1.1979675
56801,0.83190918,-0.26565552,-1.4300537
56802,0.82199097,-0.15380859,-1.3160706
56803,0.67398071,-0.19714356,-1.2304688
56804,0.69824219,-0.25756836,-1.4851379
56805,0.41931152,-0.11199951,-1.4367676
56806,0.56106567,-0.006713867,-1.3180542
56807,0.48522949,0.10040283,-1.4315796
56808,0.48156738,0.1965332,-1.3647461
56809,0.53878784,0.24536133,-1.290741
56810,0.4598999,0.30517578,-1.3192749
56811,0.40634155,0.41137695,-1.2705994
56812,0.27404785,0.47698975,-1.5106201
56813,0.34759522,0.51589966,-1.4134216
56814,0.17913818,0.5696106,-1.4404297
56815,0.20278931,0.68878174,-1.35849
56816,0.061340332,0.70785522,-1.4562988
56817,0.015716553,0.85952759,-1.3922119
56818,0.057067871,0.88104248,-1.1477661
56819,-0.075073242,0.91659546,-1.2210083
56820,-0.16189575,0.95748901,-1.2757874
56821,-0.13977051,0.84106445,-1.3362122
56822,-0.20217895,0.66543579,-1.341095
56823,-0.26672363,0.75088501,-1.1898804
56824,-0.41992188,0.80047607,-1.1523438
56825,-0.29953003,0.93414307,-1.1349487
56826,-0.26992798,0.9954834,-1.1238098
56827,-0.4560852,0.95336914,-1.0441589
56828,-0.43441772,1.0528564,-1.0948181
56829,-0.47210693,1.1955261,-0.97869873
56830,-0.57769775,1.1039734,-0.9954834
56831,-0.66696167,1.2356567,-0.86135864
56832,-0.68206787,1.1575317,-0.82275391
56833,-0.54595947,1.0229492,-0.89355469
56834,-0.75942993,1.1012268,-1.0089111
56835,-0.96679688,1.109314,-0.89920044
56836,-0.88394165,1.3676453,-0.78674316
56837,-1.0501099,1.2817383,-0.85845947
56838,-1.0220337,1.2245178,-0.65841675
56839,-1.1485291,1.3482666,-0.68481445
56840,-1.0877991,1.3633728,-0.73165894
56841,-1.139679,1.2332153,-0.69122315
56842,-1.3369751,1.2609863,-0.51010132
56843,-1.3313293,1.285553,-0.42572022
56844,-1.2918091,1.1645508,-0.40222168
56845,-1.3464355,1.2913513,-0.33691406
56846,-1.3157654,1.2310791,-0.2861023
56847,-1.4703369,1.2734985,-0.16937256
56848,-1.5107727,1.2173462,-0.18280029
56849,-1.4968872,1.443634,-0.099487305
56850,-1.5745544,1.0353088,-0.15655518
56851,-1.5296936,1.1813354,-0.13641357
56852,-1.6218567,1.1253357,-0.17944336
56853,-1.7935181,1.1010742,-0.005493164
56854,-1.7631531,0.98175049,0.071258545
56855,-1.761322,1.2330627,0.1461792
56856,-1.7607117,1.0284424,0.22003174
56857,-1.7359924,1.0092163,0.082550049
56858,-1.7614746,1.0946655,0.2420044
56859,-1.9621277,1.0009766,0.46051025
56860,-1.7974854,1.0624695,0.45822144
56861,-1.7053223,1.0328674,0.45883179
56862,-1.8370056,1.0058594,0.64483643
56863,-1.8534851,1.0675049,0.41595459
56864,-1.9207764,0.9841919,0.48370361
56865,-1.9274902,0.82962036,0.62805176
56866,-2.0378113,0.66390991,0.84838867
56867,-2.0196533,0.65139771,0.67901611
56868,-2.0031738,0.70922852,0.6326294
56869,-2.0341492,0.8480835,0.77011108
56870,-1.8899536,0.52902222,0.75500488
56871,-2.084198,0.66085815,0.69946289
56872,-2.2390747,0.65963745,1.0456848
56873,-2.1888733,0.55114746,1.1334229
56874,-2.0095825,0.45471191,1.2149048
56875,-2.0561218,0.38467407,1.1000061
56876,-2.1998596,0.42312622,1.2368774
56877,-2.097168,0.32150269,1.1088562
56878,-2.1589661,0.18630981,1.0089111
56879,-2.1359253,0.18081665,1.230011
56880,-2.1008301,0.12451172,1.3786316
56881,-2.1044922,0.0730896,1.4311218
56882,-2.1075439,0.015563965,1.2207031
56883,-2.1427917,-0.085906982,1.0874939
56884,-2.0831299,-0.23223877,1.1175537
56885,-2.0584106,-0.14297485,1.3110352
56886,-1.9953918,-0.49850464,1.4770508
56887,-1.9895935,-0.37887573,1.4997864
56888,-2.2277832,-0.34637451,1.4794922
56889,-1.8859863,-0.41183472,1.6067505
56890,-2.1347046,-0.61782837,1.6252136
56891,-2.2012329,-0.70220947,1.6181946
56892,-2.0573425,-0.66101074,1.6271973
56893,-2.0068359,-0.86135864,1.4834595
56894,-1.98349,-0.74111938,1.6984558
56895,-1.965332,-0.73181152,1.7605591
56896,-2.008667,-0.82626343,1.6067505
56897,-1.8199158,-0.78811646,1.913147
56898,-1.5716553,-1.2359619,1.7512512
56899,-2.0077515,-1.0575867,1.8592834
56900,-1.734314,-0.98739624,1.8676758
56901,-1.8254089,-0.95870972,1.8426514
56902,-1.5515137,-0.99853516,1.9561768
56903,-1.7010498,-1.2780762,1.8226624
56904,-1.6931152,-1.3905334,1.7440796
56905,-1.5585327,-1.4733887,2.0036316
56906,-1.5284729,-1.3102722,1.8952942
56907,-1.2908936,-1.3816834,1.9320679
56908,-1.4448547,-1.5214539,1.9612122
56909,-1.3142395,-1.4208984,2.147522
56910,-1.489563,-1.3650513,1.9519043
56911,-1.3098145,-1.6268921,1.9456482
56912,-1.385498,-1.7118835,2.0021057
56913,-1.0620117,-1.5940857,1.8537903
56914,-1.0386658,-1.6662598,1.8486023
56915,-1.0714722,-1.5708923,1.8656921
56916,-0.91308594,-1.7982483,2.0025635
56917,-0.93185425,-1.9599915,1.9229126
56918,-0.75759888,-1.9442749,2.0529175
56919,-0.84701538,-1.7753601,1.9549561
56920,-0.82305908,-1.6716003,1.8710327
56921,-0.80764771,-1.8948364,1.8418884
56922,-0.69961548,-1.920166,1.7810059
56923,-0.70968628,-1.9412231,1.9076538
56924,-0.63552856,-1.9410706,1.7961121
56925,-0.42327881,-2.1427917,1.6497803
56926,-0.48339844,-2.0565796,1.8811035
56927,-0.43304443,-2.1127319,1.7614746
56928,-0.38162231,-2.0571899,1.7617798
56929,-0.35736084,-2.121582,1.7614746
56930,-0.26275635,-2.0635986,1.5690613
56931,-0.20339966,-1.9862366,1.5759277
56932,-0.16799927,-2.0181274,1.6093445
56933,-0.13214111,-2.0251465,1.5359497
56934,-0.037231445,-2.1170044,1.5153503
56935,0.005645752,-2.1768188,1.4993286
56936,0.020599365,-2.2612,1.4729309
56937,0.070953369,-2.2810364,1.2771606
56938,0.23696899,-2.3269653,1.1593628
56939,0.25634766,-2.2406006,1.2664795
56940,0.28961182,-2.118988,1.2956238
56941,0.39871216,-2.1917725,1.1505127
56942,0.4914856,-2.247467,1.0351563
56943,0.50720215,-2.2846985,1.035614
56944,0.50857544,-2.3080444,0.94985962
56945,0.52825928,-2.273407,1.015625
56946,0.55541992,-2.2717285,0.98587036
56947,0.56152344,-2.3098755,0.91384888
56948,0.66329956,-2.3156738,0.77804565
56949,0.64666748,-2.4168396,0.57998657
56950,0.62606812,-2.3043823,0.66894531
56951,0.91506958,-2.297821,0.5809021
56952,0.82351685,-2.2822571,0.45379639
56953,0.96878052,-2.1003723,0.58624268
56954,0.89950562,-2.1232605,0.36575317
56955,1.0090637,-2.1316528,0.45776367
56956,0.90179443,-2.0326233,0.43960571
56957,0.98968506,-2.0422363,0.40710449
56958,1.0928345,-2.1611023,0.18737793
56959,1.153717,-2.0263672,0.21575928
56960,1.0902405,-2.1003723,0.062561035
56961,1.3391113,-2.0452881,0.12374878
56962,1.136322,-1.9160461,0.03326416
56963,1.1564636,-2.016449,-0.05279541
56964,1.2129211,-1.8901062,-0.12619019
56965,1.2187195,-1.9895935,-0.20553589
56966,1.2513733,-1.7971802,-0.22949219
56967,1.2464905,-1.7012024,-0.31723022
56968,1.1921692,-1.7622375,-0.206604
56969,1.2112427,-1.7626953,-0.24581909
56970,1.2322998,-1.5974426,-0.27832031
56971,1.1914063,-1.5283203,-0.23010254
56972,1.2097168,-1.4482117,-0.25756836
56973,1.2890625,-1.4306641,-0.38742065
56974,1.2153625,-1.4175415,-0.37811279
56975,1.234436,-1.2786865,-0.43563843
56976,1.151886,-1.2266541,-0.66040039
56977,1.2321472,-1.2867737,-0.66635132
56978,1.2611389,-1.2600708,-0.68527222
56979,1.2202454,-1.2638855,-0.65536499
56980,1.2489319,-1.0684204,-0.81054688
56981,1.1401367,-0.97442627,-0.85632324
56982,1.1012268,-0.909729,-0.92910767
56983,1.0845947,-0.75485229,-0.9576416
56984,1.2559509,-0.75363159,-0.94329834
56985,1.1247253,-0.55130005,-0.98876953
56986,1.0726929,-0.51605225,-1.0469055
56987,1.0360718,-0.51452637,-1.1683655
56988,1.0571289,-0.50262451,-1.1938477
56989,0.9538269,-0.45150757,-1.2138367
56990,1.0162354,-0.52490234,-1.1787415
56991,0.84167481,-0.55130005,-1.0063171
56992,0.98205566,-0.58380127,-1.109314
56993,0.79711914,-0.57662964,-1.0516357
56994,0.97427368,-0.38238525,-1.1976624
56995,0.9664917,-0.32791138,-1.1839294
56996,0.88134766,-0.29296875,-1.2954712
56997,0.79849243,-0.18463135,-1.3723755
56998,0.79986572,-0.03326416,-1.2506104
56999,0.68786621,-0.10986328,-1.4120483
57000,0.7043457,-0.12908935,-1.4025879
57001,0.184021,-0.4246521,-1.4208984
57002,0.35919189,-0.31494141,-1.3446045
57003,0.54641724,-0.14770508,-1.4904785
57004,0.62103272,1.472168,-1.4797974
57005,0.54901123,0.34255981,-1.2954712
57006,0.45288086,0.38482666,-1.4360046
57007,0.4989624,0.27893066,-1.4822388
57008,0.38696289,0.36804199,-1.431427
57009,0.27908325,0.43304443,-1.2458801
57010,0.47485352,0.29022217,-1.3319397
57011,0.11856079,0.52597046,-1.3970947
57012,0.17379761,0.60745239,-1.6398621
57013,0.17196655,0.51681519,-1.2249756
57014,0.010681152,0.86791992,-1.3217163
57015,-0.13137817,0.90194702,-1.2767029
57016,-0.027313232,0.93963623,-1.647644
57017,-0.021057129,0.83190918,-1.3279724
57018,-0.16494751,0.86212158,-1.3700867
57019,-0.22277832,0.88989258,-1.2657166
57020,-0.21865845,0.99990845,-1.1445618
57021,-0.43640137,0.89736938,-1.1196899
57022,-0.43792725,1.0401916,-1.0910034
57023,-0.27389526,1.1323547,-1.1871338
57024,-0.58502197,1.2200928,-1.139679
57025,-0.56259155,1.204071,-1.1709595
57026,-0.69915772,1.105957,-1.1930847
57027,-0.67474365,1.1743164,-1.1100769
57028,-0.75164795,1.1984253,-1.0929871
57029,-0.72021484,1.2089539,-1.0896301
57030,-0.85449219,1.2672424,-0.94573975
57031,-0.9046936,1.1816406,-0.95062256
57032,-0.92376709,1.1152649,-0.84976196
57033,-0.90988159,1.2960815,-0.76721191
57034,-1.033783,1.2272644,-0.75958252
57035,-0.98190308,1.1477661,-0.74432373
57036,-1.023407,1.2316895,-0.67367554
57037,-0.96603394,1.3627625,-0.48431397
57038,-1.1044312,1.1756897,-0.5506897
57039,-1.0583496,1.1437988,-0.56884766
57040,-1.4646912,1.2948608,-0.48797607
57041,-1.335907,1.3519287,-0.47622681
57042,-1.5718079,1.3287354,-0.5406189
57043,-1.6394043,1.289978,-0.39611816
57044,-1.5014648,1.2609863,-0.28427124
57045,-1.5705872,1.3204956,-0.24627685
57046,-1.690979,1.1772156,-0.057678223
57047,-1.6329956,1.2611389,-0.14160156
57048,-1.7687988,1.4234924,-0.18218994
57049,-1.7889404,1.3847351,-0.11367798
57050,-1.9891357,1.4434814,0.069732666
57051,-1.98349,1.3215637,0.20645142
57052,-1.8434143,1.2776184,0.15136719
57053,-1.9134521,1.1677551,0.22583008
57054,-1.8637085,1.0656738,0.29144287
57055,-1.945343,1.040802,0.28076172
57056,-2.0922852,1.0762024,0.35461426
57057,-2.2390747,0.98815918,0.40115356
57058,-2.1524048,1.1010742,0.50262451
57059,-2.0295715,1.0339355,0.5418396
57060,-2.0588684,1.0032654,0.40313721
57061,-2.0275879,0.87524414,0.73364258
57062,-2.301178,0.94451904,0.7522583
57063,-2.2158813,0.8605957,0.73944092
57064,-2.1638489,0.91171265,0.75561523
57065,-2.1186829,0.95794678,0.88104248
57066,-2.1359253,0.76660156,0.859375
57067,-2.2651672,0.67901611,0.7888794
57068,-2.1389771,0.59616089,0.98999023
57069,-2.2355652,0.5871582,0.98907471
57070,-2.3606873,1.2191772,1.071167
57071,-2.2612,0.56274414,1.1437988
57072,-2.028656,0.31158447,1.2744141
57073,-2.3498535,0.26412964,1.0192871
57074,-2.224884,0.32699585,1.028595
57075,-2.2200012,0.37506103,1.0501099
57076,-2.1943665,0.33569336,1.2692261
57077,-2.2116089,0.13916016,1.3322449
57078,-2.1611023,0.080718994,1.3493347
57079,-2.3374939,0.10925293,1.3827515
57080,-2.2167969,0.01159668,1.4007568
57081,-2.1679688,-0.10879517,1.45401
57082,-2.1260071,-0.25100708,1.3861084
57083,-2.0159912,-0.1348877,1.5020752
57084,-2.1432495,-0.20233154,1.3140869
57085,-2.0301819,-0.26229858,1.7248535
57086,-2.0726013,-0.38757324,1.7088318
57087,-1.9813538,-0.36437988,1.6290283
57088,-1.9799805,-0.58486938,1.6751099
57089,-1.8153381,-0.80963135,1.7121887
57090,-2.0343018,-0.59387207,1.8597412
57091,-1.9064331,-0.67855835,1.7807007
57092,-1.9012451,-0.79055786,1.8629456
57093,-1.8270874,-0.69702148,1.9448853
57094,-1.5660095,-1.1991882,1.8968201
57095,-1.8687439,-0.90316772,1.9577026
57096,-1.8119812,-0.96664429,2.0106506
57097,-1.6583252,-1.03302,1.9998169
57098,-1.5759277,-1.2045288,1.9342041
57099,-1.605072,-1.2478638,1.8255615
57100,-1.7498779,-1.277771,1.8424988
57101,-1.7419434,-1.368103,1.8783569
57102,-1.7810059,-1.2469482,2.0378113
57103,-1.4306641,-1.3685608,1.9787598
57104,-1.5830994,-1.5304565,1.8685913
57105,-1.5281677,-1.4822388,1.9648743
57106,-1.5472412,-1.5979004,1.9311523
57107,-1.2400818,-1.6616821,1.9862366
57108,-1.2020874,-1.5440369,2.1061707
57109,-1.1628723,-1.6165161,2.1075439
57110,-1.3519287,-1.7056274,1.9728088
57111,-1.2188721,-1.7523193,1.8682861
57112,-1.2237549,-1.7965698,1.9984436
57113,-1.1697388,-1.7453003,2.0539856
57114,-0.91094971,-2.1351624,1.9210815
57115,-1.0415649,-2.0373535,2.0236206
57116,-0.91400147,-2.0797729,2.0033264
57117,-0.79437256,-1.9992065,1.8762207
57118,-0.74691772,-1.9865417,1.930542
57119,-0.7699585,-2.0599365,1.9041443
57120,-0.64636231,-2.1073914,1.9174194
57121,-0.5796814,-2.1551514,1.9010925
57122,-0.54718018,-2.1005249,1.8336487
57123,-0.51635742,-2.0825195,1.7022705
57124,-0.41915894,-2.1514893,1.6833496
57125,-0.33569336,-2.1696472,1.6955566
57126,-0.26412964,-2.2541809,1.5991211
57127,-0.21881103,-2.3864746,1.5193176
57128,-0.070800781,-2.408905,1.6638184
57129,-0.11932373,-2.2569275,1.6731262
57130,-0.004119873,-2.4087524,1.5475464
57131,0.059051514,-2.480011,1.6027832
57132,0.034484863,-2.5265503,1.5078735
57133,0.16708374,-2.3321533,1.5541077
57134,0.19195557,-2.5248718,1.4703369
57135,0.26870728,-2.538147,1.4186096
57136,0.36575317,-2.6127625,1.257019
57137,0.34988403,-2.4888611,1.2680054
57138,0.33294678,-2.3956299,1.1706543
57139,0.37231445,-2.3881531,1.164093
57140,0.40817261,-2.2671509,0.99685669
57141,0.50079346,-2.1986389,1.0266113
57142,0.5480957,-2.159729,0.99304199
57143,0.6388855,-2.1980286,0.92529297
57144,0.69992065,-2.270813,0.90393066
57145,0.72875977,-2.3243713,0.88531494
57146,0.75363159,-2.3605347,0.82672119
57147,0.79986572,-2.3388672,0.74508667
57148,0.83389282,-2.2964478,0.66741943
57149,0.8795166,-2.2476196,0.61798096
57150,0.8531189,-2.2309875,0.56625366
57151,0.70907593,-2.2903442,0.56503296
57152,1.0946655,-2.2795105,0.52337647
57153,1.1071777,-2.257843,0.46630859
57154,0.86288452,-2.3078918,0.37780762
57155,1.0661316,-2.331543,0.30059814
57156,1.2506104,-2.3674011,0.20019531
57157,0.98709106,-2.1980286,0.19317627
57158,1.0940552,-2.1989441,0.1638794
57159,1.116333,-2.1566772,0.14099121
57160,1.0638428,-2.1723938,0.15701294
57161,1.3708496,-2.093811,0.12298584
57162,1.21521,-2.008667,-0.032501221
57163,1.1828613,-1.8309021,-0.036010742
57164,1.3345337,-1.93573,-0.053100586
57165,1.2446594,-1.9273376,-0.26641846
57166,1.2512207,-1.7460632,-0.24642944
57167,1.4776611,-1.7390442,-0.19927978
57168,1.365509,-1.7367554,-0.36315918
57169,1.3433838,-1.7208862,-0.38986206
57170,1.3278198,-1.6595459,-0.44586182
57171,1.2207031,-1.6931152,-0.50308228
57172,1.3803101,-1.6238403,-0.48477173
57173,1.2382507,-1.5246582,-0.42999268
57174,1.2879944,-1.4541626,-0.53588867
57175,1.2738037,-1.3400269,-0.75881958
57176,1.2614441,-1.4468384,-0.78582764
57177,1.2432861,-1.2515259,-0.86975098
57178,1.2675476,-1.2689209,-0.79025269
57179,1.1538696,-1.3673401,-0.87142944
57180,1.1207581,-1.2573242,-0.96664429
57181,1.1909485,-1.0092163,-0.84213257
57182,0.99121094,-1.0391235,-0.91583252
57183,1.1170959,-1.003418,-0.94482422
57184,1.0510254,-0.9564209,-1.0021973
57185,1.1808777,-0.92391968,-0.90454102
57186,1.1315918,-0.69015503,-1.0636902
57187,1.1256409,-0.67077637,-1.1228943
57188,1.1181641,-0.61859131,-1.3305664
57189,1.1962891,-0.57434082,-1.2973022
57190,1.1099243,-0.53070068,-1.1380005
57191,1.1714172,-0.44296265,-1.2411499
57192,0.98007202,-0.44784546,-1.2835693
57193,0.99273682,-0.44586182,-1.3844299
57194,0.89981079,-0.35095215,-1.2966919
57195,0.80596924,-0.28991699,-1.2692261
57196,0.8605957,-0.12329102,-1.2889099
57197,0.77468872,-0.18066406,-1.1880493
57198,0.95153809,-0.056762695,-1.4526367
57199,0.82977295,-0.22796631,-1.3256836
57200,0.54992676,-0.48370361,-1.7033386
57201,0.63934326,-0.32806397,-1.6859436
57202,0.47134399,-0.034179688,-1.7015076
57203,0.61523438,0.66223144,-1.5049744
57204,0.64865112,0.36758423,-1.4941406
57205,0.39077759,0.37689209,-1.5205383
57206,0.29556274,0.15182495,-1.5335083
57207,0.2973938,0.33111572,-1.5507507
57208,0.23452759,0.53421021,-1.4855957
57209,0.32165527,0.5960083,-1.5322876
57210,0.2935791,0.58105469,-1.3790894
57211,0.30609131,0.58898926,-1.1520386
57212,0.11657715,0.8114624,-1.3523865
57213,0.24429321,0.68023682,-1.5362549
57214,0.09765625,0.9046936,-1.3246155
57215,0.088806152,0.7699585,-1.4024353
57216,-0.034637451,0.8934021,-1.5148926
57217,-0.10696411,0.85220337,-1.4654541
57218,-0.21713257,1.023407,-1.3284302
57219,-0.26672363,1.1016846,-1.2117004
57220,-0.2053833,1.0076904,-1.2454224
57221,-0.36315918,0.93139648,-1.1924744
57222,-0.38543701,1.0818481,-1.1083984
57223,-0.37643433,1.0704041,-1.0632324
57224,-0.55038452,1.1247253,-1.161499
57225,-0.48370361,1.0131836,-1.0334778
57226,-0.58288574,1.3891602,-1.0395813
57227,-0.71975708,1.3372803,-1.0476685
57228,-0.66894531,1.3537598,-0.93688965
57229,-0.8241272,1.295166,-0.95932007
57230,-0.88180542,1.3085938,-0.95947266
57231,-0.90377808,1.2841797,-0.98373413
57232,-1.1088562,1.2309265,-0.84228516
57233,-1.0873413,1.2341309,-0.9703064
57234,-1.1123657,1.4819336,-0.90805054
57235,-1.257782,1.423645,-0.65948486
57236,-1.3130188,1.3787842,-0.56640625
57237,-1.2080383,1.2858582,-0.63018799
57238,-1.4073181,1.3381958,-0.51849365
57239,-1.446991,1.309967,-0.50750732
57240,-1.3787842,1.4013672,-0.20248413
57241,-1.5055847,1.4335632,-0.32653809
57242,-1.566925,1.4096069,-0.45852661
57243,-1.5620422,1.076355,-0.34454346
57244,-1.5193176,1.3316345,-0.33981323
57245,-1.6793823,1.4245605,-0.20690918
57246,-1.6394043,1.2683105,-0.181427
57247,-1.7457581,1.0821533,-0.000457764
57248,-1.8035889,1.2304688,-0.10772705
57249,-1.7225647,1.2138367,0.00213623
57250,-1.7730713,1.2968445,0.037078857
57251,-1.7752075,1.3879395,-0.005493164
57252,-1.7758179,1.2440491,0.14923096
57253,-1.8556213,1.2316895,0.23788452
57254,-1.9444275,1.2503052,0.28152466
57255,-1.9514465,1.2609863,0.24688721
57256,-1.9235229,1.1618042,0.30929565
57257,-1.9654846,1.2190247,0.36895752
57258,-1.9258118,1.0882568,0.42007446
57259,-1.9937134,1.0388184,0.68664551
57260,-2.0347595,0.91033935,0.5557251
57261,-2.0516968,0.94268799,0.75408935
57262,-2.2554016,0.79177856,0.81359863
57263,-2.0141602,0.81604004,0.73791504
57264,-2.2691345,0.67459106,0.70159912
57265,-2.2766113,0.78613281,0.85067749
57266,-2.2174072,0.69747925,0.91918945
57267,-2.2416687,0.36758423,1.0688782
57268,-2.1466064,0.50964356,1.0299683
57269,-2.4446106,1.8127441,1.0256958
57270,-2.2705078,0.59936523,1.0351563
57271,-2.3580933,0.48187256,0.96832275
57272,-2.2808838,0.50094604,1.1088562
57273,-2.0922852,0.41366577,1.0296631
57274,-2.1258545,0.4675293,1.3192749
57275,-2.1037292,0.37597656,1.2428284
57276,-2.0579529,0.27267456,1.1883545
57277,-2.088623,0.12359619,1.3354492
57278,-2.124939,0.18936157,1.4355469
57279,-2.1255493,-0.018463135,1.3989258
57280,-1.9171143,-0.092773438,1.477356
57281,-2.0869446,-0.31494141,1.4038086
57282,-1.7759705,-0.48202515,1.5716553
57283,-2.0031738,-0.1361084,1.5951538
57284,-2.1965027,-0.3755188,1.5933228
57285,-2.0819092,-0.39398193,1.6418457
57286,-1.7474365,-0.22079468,1.3703918
57287,-2.0960999,-0.46737671,1.6670227
57288,-1.9540405,-0.52337647,1.7848206
57289,-1.9898987,-0.54199219,1.557312
57290,-1.8907166,-0.62774658,1.8190002
57291,-1.8374634,-0.63858032,1.8161011
57292,-1.9039917,-0.86502075,1.8373108
57293,-1.9096375,-1.0687256,1.8392944
57294,-1.7799377,-0.96954346,1.895752
57295,-1.9519043,-1.0662842,1.8597412
57296,-1.7782593,-1.1146545,1.9778442
57297,-1.7831421,-1.0740662,1.8630981
57298,-1.8095398,-1.178894,1.9500732
57299,-1.6870117,-1.4315796,1.8170166
57300,-1.7726135,-1.2774658,1.8475342
57301,-1.5132141,-1.321106,1.8685913
57302,-1.7825317,-1.3372803,2.0069885
57303,-1.199646,-1.61026,2.098999
57304,-1.5579224,-1.4404297,2.2383118
57305,-1.4900208,-1.4387512,2.064209
57306,-1.257782,-1.5539551,2.0355225
57307,-1.3531494,-1.5817261,1.987915
57308,-1.3612366,-1.6664124,2.1713257
57309,-1.1376953,-1.4070129,2.0492554
57310,-1.1946106,-1.6362,2.0910645
57311,-0.9854126,-1.6131592,2.0106506
57312,-0.96252441,-1.81427,1.9929504
57313,-0.88546753,-1.8182373,1.966095
57314,-0.84915161,-1.8080139,1.930542
57315,-0.87432861,-1.7675781,2.0318604
57316,-0.67489624,-1.9070435,1.9677734
57317,-0.74508667,-2.1368408,1.8661499
57318,-0.70129394,-2.1585083,1.8809509
57319,-0.65628052,-2.151947,1.9241333
57320,-0.62789917,-1.9664001,1.8695068
57321,-0.51391602,-1.9725037,1.806488
57322,-0.44433594,-2.0890808,1.7810059
57323,-0.41656494,-2.1284485,1.6798401
57324,-0.38589478,-2.122345,1.6673279
57325,-0.39581299,-2.1614075,1.6546631
57326,-0.33187866,-2.318573,1.8025208
57327,-0.17745972,-2.3762512,1.539917
57328,-0.13687134,-2.1917725,1.5914917
57329,-0.088653564,-2.1470642,1.555481
57330,-0.017700195,-2.2834778,1.3044739
57331,0.002593994,-2.1556091,1.2348938
57332,0.088500977,-2.2789001,1.3287354
57333,0.18829346,-2.4020386,1.4758301
57334,0.095825195,-2.5328064,1.2567139
57335,0.10543823,-2.4838257,1.1988831
57336,0.25634766,-2.325592,1.2585449
57337,0.35202026,-2.2877502,1.2409973
57338,0.29113769,-2.208252,1.2759399
57339,0.38497925,-2.3779297,1.0505676
57340,0.48065186,-2.4812317,1.0107422
57341,0.54656982,-2.3658752,0.95031738
57342,0.70648193,-2.1459961,0.96221924
57343,0.70037842,-2.1757507,0.84564209
57344,0.48690796,-2.2975159,0.82763672
57345,0.68969727,-2.2972107,0.79681397
57346,0.73638916,-2.4079895,0.58441162
57347,0.71975708,-2.2492981,0.50415039
57348,0.85128784,-1.9116211,0.49041748
57349,0.74554443,-2.3498535,0.61782837
57350,0.97686768,-2.4162292,0.50476074
57351,0.65795898,-2.1861267,0.40512085
57352,0.96786499,-2.1520996,0.22018433
57353,0.83450317,-2.1130371,0.34255981
57354,0.95855713,-2.1836853,0.26626587
57355,1.0456848,-2.2323608,0.17425537
57356,1.0757446,-2.0271301,0.28289795
57357,0.98602295,-2.0053101,0.032348633
57358,1.1273193,-1.8714905,0.067443848
57359,1.0385132,-1.9699097,0.25115967
57360,1.0513306,-1.9740295,0.2079773
57361,0.93292236,-1.9038391,-0.090332031
57362,0.95321655,-1.9274902,-0.0390625
57363,1.2031555,-1.7747498,-0.19287109
57364,1.2008667,-1.7726135,-0.12939453
57365,1.144104,-1.6464233,-0.31784058
57366,1.1990356,-1.7196655,-0.36468506
57367,1.2278748,-1.8035889,-0.39306641
57368,1.0386658,-1.6519165,-0.3326416
57369,1.144104,-1.5722656,-0.30212402
57370,1.1152649,-1.2158203,-0.34378052
57371,1.0934448,-1.3336182,-0.57891846
57372,1.2121582,-1.5158081,-0.625
57373,1.1195374,-1.365509,-0.60638428
57374,1.0568237,-1.3954163,-0.6552124
57375,1.2471008,-1.4785767,-0.66497803
57376,1.2030029,-1.222229,-0.70236206
57377,1.0224915,-1.293335,-0.6489563
57378,1.121521,-1.2767029,-0.85830688
57379,1.0441589,-1.0690308,-0.89279175
57380,0.97351074,-1.0742188,-1.0005188
57381,1.1437988,-1.000061,-0.84533691
57382,0.97717285,-0.89416504,-1.0183716
57383,1.1753845,-0.9967041,-1.0351563
57384,1.0649109,-0.74020386,-1.0568237
57385,1.2527466,-0.88806152,-1.1810303
57386,1.1102295,-0.5140686,-1.1425781
57387,0.91049194,-0.45578003,-1.1549377
57388,1.0064697,-0.35079956,-1.2475586
57389,0.86196899,-0.42037964,-1.085968
57390,0.82015991,-0.26046753,-1.0874939
57391,0.81298828,-0.36743164,-1.1195374
57392,0.78735352,-0.17654419,-1.104126
57393,0.73425293,-0.29586792,-1.1880493
57394,0.7144165,0.001068115,-1.1540222
57395,0.6640625,-0.1574707,-1.1547852
57396,0.67474365,-0.10131836,-1.1555481
57397,0.62393188,0.002746582,-1.2460327
57398,0.32989502,-0.5154419,-1.3053894
57399,0.36880493,-0.18081665,-1.4303589
57400,0.42327881,-0.23071289,-1.4736938
57401,0.52917481,0.34881592,-1.3340759
57402,0.51574707,0.32562256,-1.3261414
57403,0.37124634,0.45150757,-1.2246704
57404,0.33447266,0.37277222,-1.2593079
57405,0.2456665,0.41259766,-1.2188721
57406,0.44433594,0.60089111,-1.2878418
57407,0.46417236,0.64453125,-1.2904358
57408,0.13366699,0.47683716,-1.2643433
57409,0.16281128,0.73974609,-1.2800598
57410,0.14160156,0.62683106,-1.4274597
57411,-0.039825439,0.59692383,-1.3075256
57412,-0.087585449,0.68069458,-1.2127686
57413,-0.11611939,0.6942749,-1.0720825
57414,-0.055236816,0.78979492,-1.3356018
57415,-0.15533447,0.85647583,-1.3545227
57416,-0.25344849,1.0513306,-1.1367798
57417,-0.2861023,0.99212647,-1.030426
57418,-0.40084839,1.1828613,-1.0990906
57419,-0.597229,1.0673523,-1.1981201
57420,-0.53588867,1.1383057,-1.1703491
57421,-0.54824829,0.95336914,-1.0475159
57422,-0.48095703,1.0404968,-1.0357666
57423,-0.73532104,1.1248779,-0.95809937
57424,-0.65734863,1.1218262,-0.82931519
57425,-0.83648682,1.2155151,-0.94604492
57426,-0.87661743,1.1386108,-0.79040527
57427,-0.95870972,1.2390137,-0.7585144
57428,-0.965271,1.1582947,-0.67871094
57429,-1.0496521,1.0961914,-0.65185547
57430,-0.99456787,1.1878967,-0.66085815
57431,-1.0771179,1.3459778,-0.6880188
57432,-1.0714722,1.1819458,-0.71502685
57433,-1.1106873,1.3128662,-0.51834106
57434,-1.0528564,1.2588501,-0.53421021
57435,-1.1357117,1.1488342,-0.61691284
57436,-1.1865234,0.99395752,-0.56167603
57437,-1.2289429,1.0566711,-0.40786743
57438,-1.3945007,1.0700989,-0.37918091
57439,-1.341095,1.0870361,-0.19195557
57440,-1.2986755,1.0392761,-0.3288269
57441,-1.5516663,0.89782715,-0.20507813
57442,-1.5071106,1.1685181,-0.18280029
57443,-1.5924072,0.99258423,-0.087890625
57444,-1.6879272,1.0687256,0.001983643
57445,-1.6717529,1.0670471,0.062408447
57446,-1.7276001,1.2834167,-0.016326904
57447,-1.6197205,1.2117004,0.023498535
57448,-1.711731,1.2162781,0.10009766
57449,-1.736145,1.2011719,0.13076782
57450,-1.672821,1.162262,0.19424438
57451,-1.7547607,1.0671997,0.32333374
57452,-1.8003845,1.0362244,0.35491943
57453,-1.7987061,1.0662842,0.25390625
57454,-1.8133545,1.0327148,0.30914307
57455,-1.8916321,0.99029541,0.43640137
57456,-1.9515991,0.95031738,0.46142578
57457,-1.9210815,1.0458374,0.51925659
57458,-2.0280457,0.96862793,0.51193237
57459,-2.0124817,0.78796387,0.7194519
57460,-2.0982361,0.67184448,0.68649292
57461,-1.9355774,0.77941894,0.72219849
57462,-2.0237732,0.52871704,0.90881348
57463,-2.053833,0.54473877,1.125946
57464,-1.9425964,0.33386231,0.94497681
57465,-2.1650696,0.49880981,0.95169067
57466,-2.1359253,0.29006958,0.97167969
57467,-2.0829773,0.39306641,0.98236084
57468,-2.2085571,0.90911865,1.0824585
57469,-2.1844482,0.443573,1.0871887
57470,-2.1652222,0.24490356,1.065979
57471,-2.0584106,0.3527832,1.0284424
57472,-2.1368408,0.17166138,1.3322449
57473,-2.0976257,0.21240234,1.2956238
57474,-1.9963074,0.11260986,1.3449097
57475,-2.0913696,0.33294678,1.3401794
57476,-1.9300842,0.042266846,1.5658569
57477,-1.9654846,0.066070557,1.3397217
57478,-2.098999,-0.011291504,1.3540649
57479,-1.9145203,-0.10009766,1.3972473
57480,-2.0820618,-0.26885986,1.6876221
57481,-2.0794678,-0.21697998,1.4816284
57482,-2.043457,-0.19836426,1.6740417
57483,-1.9937134,-0.34286499,1.7375183
57484,-2.0031738,-0.43197632,1.592865
57485,-2.1507263,-0.63903809,1.7713928
57486,-2.0626831,-0.82366943,1.4822388
57487,-1.7425537,-0.61538696,1.3787842
57488,-1.7985535,-0.76293945,1.835022
57489,-1.9604492,-0.92254639,1.7993164
57490,-1.5219116,-0.89324951,1.4213562
57491,-1.7337036,-1.0842896,1.730957
57492,-1.7131042,-1.0403442,1.6610718
57493,-1.7520142,-1.1447144,1.7398071
57494,-1.7424011,-1.0658264,1.9190979
57495,-1.6577148,-1.0476685,1.9158936
57496,-1.5931702,-0.9046936,1.8453979
57497,-1.5274048,-1.111145,1.6821289
57498,-1.3928223,-1.1193848,1.7700195
57499,-1.4778137,-1.4205933,1.7404175
57500,-1.4424133,-1.3954163,1.7520142
57501,-1.3491821,-1.3574219,1.9186401
57502,-1.2928772,-1.730957,1.9354248
57503,-1.3253784,-1.6316223,1.8869019
57504,-1.1851501,-1.6687012,1.7822266
57505,-1.1309814,-1.5760803,1.8768311
57506,-1.1801147,-1.4073181,1.8632507
57507,-1.1775208,-1.5216064,1.9432068
57508,-0.98464966,-1.5028381,1.8634033
57509,-0.97686768,-1.534729,1.8257141
57510,-0.87631226,-1.5765381,1.8560791
57511,-0.85159302,-1.7558289,2.0462036
57512,-0.74264526,-1.7384338,1.8838501
57513,-0.65429688,-1.7529297,1.8652344
57514,-0.75378418,-1.9348145,1.7597961
57515,-0.62927246,-2.0335388,1.8981934
57516,-0.58486938,-2.1792603,1.6638184
57517,-0.49438477,-2.0707703,1.7349243
57518,-0.54626465,-1.912384,1.7320251
57519,-0.50201416,-2.0339966,1.6279602
57520,-0.39642334,-1.9450378,1.625824
57521,-0.33462524,-2.0358276,1.7221069
57522,-0.28900147,-1.9342041,1.5713501
57523,-0.16113281,-2.1426392,1.4872742
57524,-0.13244629,-2.1810913,1.4974976
57525,-0.17700195,-2.1542358,1.5434265
57526,-0.11901856,-2.183075,1.3208008
57527,-0.075683594,-2.1226501,1.3995361
57528,-0.15991211,-2.1543884,1.3560486
57529,-0.066223145,-1.9894409,1.1470032
57530,0.016174316,-2.2407532,1.2019348
57531,0.019073486,-2.1231079,1.0513306
57532,0.17837524,-2.3309326,1.4073181
57533,0.10391235,-2.227478,1.0447693
57534,0.23590088,-2.3979187,1.0543823
57535,0.21514893,-2.3190308,0.8934021
57536,0.39398193,-2.2297668,1.0037231
57537,0.34759522,-2.3377991,1.0316467
57538,0.50643921,-2.2329712,0.93994141
57539,0.54489136,-2.2132874,0.93429565
57540,0.68878174,-2.2923279,1.0464478
57541,0.69976807,-2.3152161,0.94177246
57542,0.59143066,-2.1495056,0.5557251
57543,0.65353394,-2.0606995,0.56015015
57544,0.72967529,-2.2354126,0.53085327
57545,0.79421997,-2.0042419,0.69000244
57546,0.78079224,-2.0249939,0.49133301
57547,0.84838867,-2.0147705,0.33462524
57548,0.8934021,-1.9799805,0.43823242
57549,0.89050293,-2.1685791,0.39733887
57550,0.8984375,-2.0153809,0.41885376
57551,0.94223022,-2.121582,0.16693115
57552,1.023407,-1.9758606,0.21453857
57553,0.84884644,-1.9996643,0.15884399
57554,0.93521118,-2.071228,-0.003356934
57555,0.94985962,-2.0916748,0.069885254
57556,1.1030579,-1.9900513,-0.074462891
57557,0.96389771,-1.9345093,-0.007324219
57558,1.028595,-1.77948,-0.065460205
57559,1.1843872,-1.7562866,-0.1045227
57560,1.0212708,-1.7654419,-0.33477783
57561,1.0855103,-1.8112183,-0.30715942
57562,1.1450195,-1.6644287,-0.30883789
57563,1.0731506,-1.6352844,-0.42633057
57564,1.1769104,-1.5071106,-0.37948608
57565,1.0044861,-1.4501953,-0.31982422
57566,1.1151123,-1.4213562,-0.3125
57567,1.1785889,-1.3870239,-0.43380737
57568,1.1914063,-1.3586426,-0.52062988
57569,1.1889648,-1.2765503,-0.58837891
57570,1.2460327,-1.2611389,-0.5545044
57571,1.0438538,-1.113739,-0.52185059
57572,0.96740723,-1.229248,-0.60943603
57573,1.0775757,-1.113739,-0.62637329
57574,1.0850525,-1.0540771,-0.61218262
57575,0.99395752,-0.88348389,-0.75073242
57576,1.1152649,-0.93856812,-0.85617065
57577,1.1447144,-0.89233398,-0.89035034
57578,0.96633911,-0.84167481,-0.80093384
57579,1.0205078,-0.73150635,-0.96755981
57580,1.0700989,-0.68939209,-0.95275879
57581,1.0131836,-0.66589356,-1.0121155
57582,0.99060059,-0.64147949,-1.1734009
57583,0.99060059,-0.55435181,-1.1856079
57584,0.83465576,-0.55389404,-1.0527039
57585,0.82397461,-0.35552978,-1.3290405
57586,0.77972412,-0.37750244,-1.0635376
57587,0.86730957,-0.34912109,-1.2882996
57588,0.76599121,-0.39993286,-1.0957336
57589,0.81085205,-0.29342651,-1.4289856
57590,0.74020386,-0.28106689,-1.1120605
57591,0.70587158,-0.27130127,-1.3095093
57592,0.73959351,-0.046844482,-1.0125732
57593,0.57983398,0.064697266,-1.1376953
57594,0.5279541,0.12268066,-1.2219238
57595,0.36132813,-0.86547852,-1.5975952
57596,0.31951904,-0.023040771,-1.3328552
57597,0.27709961,0.032196045,-1.25
57598,0.49041748,0.076751709,-1.1419678
57599,0.42999268,-0.015716553,-1.1949158
57600,0.37445068,1.6593933,-1.1726379
57601,0.34957886,0.30700684,-1.2062073
57602,0.2041626,0.53909302,-1.2979126
57603,0.070495605,0.39855957,-1.2890625
57604,0.15930176,0.59402466,-1.1218262
57605,0.083618164,0.63995361,-1.3009644
57606,-0.008544922,0.65078735,-1.1053467
57607,0.056152344,0.54260254,-1.1647034
57608,-0.067749023,0.65383911,-1.0877991
57609,-0.045471191,0.59906006,-1.1270142
57610,-0.087890625,0.68115234,-1.0717773
57611,-0.17608643,0.63308716,-1.0243225
57612,-0.32226563,0.80291748,-1.0585022
57613,-0.34454346,0.78323364,-1.1184692
57614,-0.51055908,1.0223389,-0.96908569
57615,-0.58837891,0.97488403,-0.8706665
57616,-0.66162109,1.0305786,-1.0168457
57617,-0.62973022,0.90621948,-1.0369873
57618,-0.68847656,1.0125732,-0.89889526
57619,-0.57540894,1.0723877,-0.94558716
57620,-0.68084717,1.008606,-0.89416504
57621,-0.62286377,1.0969543,-0.86624146
57622,-0.77957153,1.0957336,-0.80429077
57623,-0.82336426,1.1450195,-0.97122192
57624,-0.80307007,1.144104,-0.72357178
57625,-0.90133667,1.111908,-0.90393066
57626,-1.0047913,1.169281,-0.80093384
57627,-1.1112976,0.98526001,-0.61462402
57628,-1.0809326,0.99792481,-0.6716919
57629,-1.2832642,1.1804199,-0.60638428
57630,-1.2576294,1.2466431,-0.45379639
57631,-1.267395,1.3330078,-0.29586792
57632,-1.2567139,1.1038208,-0.12130737
57633,-1.3142395,1.0559082,-0.17410278
57634,-1.2878418,1.137085,-0.27709961
57635,-1.4471436,1.2132263,-0.11260986
57636,-1.5562439,0.82824707,-0.39352417
57637,-1.4421082,1.0639954,-0.051269531
57638,-1.5715027,1.1433411,-0.16098023
57639,-1.3510132,1.2458801,0.004577637
57640,-1.5184021,1.2007141,0.025482178
57641,-1.5956116,1.1421204,0.20935059
57642,-1.6127014,1.005249,-0.010681152
57643,-1.7759705,0.96374512,0.20874023
57644,-1.8122864,1.1172485,0.23040772
57645,-1.8560791,1.0734558,0.26931763
57646,-1.9134521,0.98022461,0.15640259
57647,-1.7189026,0.93536377,0.36010742
57648,-1.803894,0.79147339,0.53863525
57649,-1.9038391,0.72265625,0.41320801
57650,-1.8791199,0.7359314,0.55206299
57651,-1.9659424,0.70388794,0.52429199
57652,-2.0001221,0.79544067,0.64605713
57653,-2.0808411,0.74142456,0.52078247
57654,-2.0741272,0.77804565,0.53009033
57655,-2.0982361,0.76293945,0.60058594
57656,-1.9799805,0.78079224,0.675354
57657,-1.9235229,0.51651001,0.70205688
57658,-2.0133972,0.51849365,0.85144043
57659,-2.0762634,0.53970337,0.97122192
57660,-2.052002,0.46722412,0.95489502
57661,-1.9528198,0.49865723,1.0499573
57662,-2.0748901,0.38375855,1.1228943
57663,-2.0350647,0.40222168,1.0903931
57664,-1.9161987,0.29876709,1.0810852
57665,-2.0814514,0.14160156,1.1799622
57666,-1.9689941,0.25802612,1.1453247
57667,-2.1878052,0.2305603,1.396637
57668,-2.0828247,0.12588501,1.360321
57669,-2.1214294,0.064086914,1.2689209
57670,-2.020874,0.072631836,1.1911011
57671,-1.9015503,-0.10040283,1.2159729
57672,-1.9006348,-0.087280273,1.2217712
57673,-1.8455505,-0.39901733,1.2843323
57674,-1.9468689,-0.17807007,1.3856506
57675,-1.8951416,-0.3968811,1.3856506
57676,-1.8804932,-0.25466919,1.5339661
57677,-1.8013,-0.31143189,1.4956665
57678,-1.8991089,-0.48568726,1.5167236
57679,-1.7518616,-0.50888062,1.6712952
57680,-1.7814636,-0.54977417,1.6081238
57681,-1.900177,-0.65826416,1.8986511
57682,-1.7977905,-0.82809448,1.6796875
57683,-1.8901062,-0.9362793,1.5567017
57684,-1.7990112,-0.9312439,1.6107178
57685,-1.5609741,-0.93765259,1.7280579
57686,-1.5609741,-0.89477539,1.7984009
57687,-1.6033936,-0.76828003,1.8222046
57688,-1.4015198,-1.0305786,1.7671204
57689,-1.4691162,-1.0281372,1.6851807
57690,-1.4761353,-1.0324097,1.832428
57691,-1.394043,-1.2451172,1.7449951
57692,-1.4291382,-1.280365,1.6638184
57693,-1.6404724,-1.5148926,1.9352722
57694,-1.4538574,-1.4161682,2.0080566
57695,-1.3922119,-1.4173889,1.9122314
57696,-1.3017273,-1.4398193,1.6998291
57697,-1.2017822,-1.2988281,1.3517761
57698,-1.1436462,-1.6313171,1.6249084
57699,-1.1897278,-1.7709351,1.6067505
57700,-1.2591553,-1.854248,1.4852905
57701,-1.0452271,-1.8824768,1.7697144
57702,-0.99517822,-1.8144226,1.7480469
57703,-1.0536194,-1.8331909,1.9274902
57704,-0.92590332,-1.6503906,1.8139648
57705,-0.88806152,-1.730957,1.8711853
57706,-0.7901001,-1.8023682,1.7272949
57707,-0.68908691,-1.7605591,1.4775085
57708,-0.68069458,-1.8029785,1.8182373
57709,-0.60348511,-1.9261169,1.7555237
57710,-0.48736572,-1.8135071,1.7346191
57711,-0.54107666,-1.9638062,1.6630554
57712,-0.45623779,-1.8495178,1.6943359
57713,-0.36224365,-2.0599365,1.7286682
57714,-0.390625,-2.0820618,1.708374
57715,-0.27908325,-2.1412659,1.6177368
57716,-0.23925781,-2.191925,1.6261291
57717,-0.26168823,-2.0939636,1.5003967
57718,-0.15533447,-2.1569824,1.5618896
57719,-0.20614624,-2.1180725,1.4099121
57720,-0.045318604,-2.1177673,1.464386
57721,-0.066680908,-2.0611572,1.4372253
57722,-0.006713867,-2.1212769,1.2089539
57723,-0.005340576,-2.1847534,1.2666321
57724,0.061035156,-2.1160889,1.1946106
57725,0.13793945,-2.1269226,1.1581421
57726,0.36819458,-2.0622253,1.1314392
57727,0.3678894,-2.1865845,1.1569214
57728,0.22613525,-1.9917297,0.91720581
57729,0.26504517,-2.0658875,1.089325
57730,0.31661987,-2.2885132,0.94177246
57731,0.415802,-2.1777344,0.98236084
57732,0.45318603,-2.2846985,0.7963562
57733,0.71548462,-2.1578979,0.85144043
57734,0.69213867,-2.2436523,0.81878662
57735,0.61157227,-2.2674561,0.76507568
57736,0.60424805,-2.315979,0.75744629
57737,0.71243286,-2.1469116,0.50247192
57738,0.73883057,-2.2172546,0.63842773
57739,0.69702148,-2.151947,0.63781738
57740,0.91644287,-2.1710205,0.34255981
57741,0.86685181,-2.2134399,0.50827026
57742,0.91552734,-2.2160339,0.25695801
57743,0.71258545,-2.1881104,0.31341553
57744,0.97503662,-2.0887756,0.21636963
57745,0.87188721,-2.1051025,0.2204895
57746,1.0035706,-1.9334412,0.19256592
57747,0.99975586,-1.8218994,0.21774292
57748,1.0522461,-1.9490051,-0.018768311
57749,1.0028076,-1.9448853,0.073394775
57750,1.0087585,-1.9322205,-0.034484863
57751,1.1312866,-1.8392944,-0.17608643
57752,1.0900879,-1.7602539,-0.070648193
57753,1.1308289,-1.7070007,-0.11642456
57754,1.2034607,-1.6656494,-0.27099609
57755,1.1628723,-1.6673279,-0.28671265
57756,1.1657715,-1.6642761,-0.28213501
57757,1.126709,-1.6235352,-0.2482605
57758,1.2124634,-1.5087891,-0.41946411
57759,1.1528015,-1.3453674,-0.39352417
57760,1.2245178,-1.3168335,-0.5708313
57761,1.0676575,-1.2390137,-0.66665649
57762,1.1212158,-1.3925171,-0.74035644
57763,1.1737061,-1.3130188,-0.60363769
57764,1.1257935,-1.1225891,-0.58944702
57765,1.2173462,-1.1573791,-0.72647095
57766,1.1816406,-1.227417,-0.7736206
57767,1.0040283,-1.072998,-0.71533203
57768,1.1494446,-1.0147095,-0.81100464
57769,1.0928345,-0.91461182,-0.90454102
57770,1.015625,-0.84060669,-0.97290039
57771,1.0218811,-0.75912476,-1.0203552
57772,1.060791,-0.66009522,-0.96252441
57773,1.0273743,-0.57907104,-0.97061157
57774,1.0397339,-0.45898438,-0.94924927
57775,1.1784363,-0.72631836,-0.97045898
57776,1.0531616,-0.41168213,-1.0133362
57777,0.98083496,-0.23376465,-0.95214844
57778,1.023407,-0.34500122,-1.0290527
57779,0.85220337,-0.47317505,-1.0287476
57780,0.86029053,-0.30029297,-1.1160278
57781,0.90194702,-0.25115967,-1.1630249
57782,0.73150635,-0.21514893,-1.0577393
57783,0.78018188,-0.49133301,-1.1807251
57784,0.87127685,-0.05355835,-1.2165833
57785,0.74508667,-0.12802124,-1.0546875
57786,0.69732666,0.060577393,-1.3075256
57787,0.47698975,-0.32928467,-1.3143921
57788,0.43212891,-0.090179443,-1.144104
57789,0.58761597,0.14877319,-1.3053894
57790,0.572052,0.17410278,-1.2724304
57791,0.54168701,0.32958984,-1.2506104
57792,0.46478272,0.36224365,-1.4399719
57793,0.39764404,0.20858765,-1.3319397
57794,0.36224365,0.35980225,-1.3366699
57795,0.3604126,0.48782349,-1.2995911
57796,0.31997681,0.37612915,-1.312561
57797,0.20889282,0.4699707,-1.3615417
57798,0.18936157,0.62774658,-1.3206482
57799,0.1045227,1.1694336,-1.3000488
57800,0.11322022,0.74264526,-1.328125
57801,0.082550049,0.87219238,-1.3946533
57802,0.01953125,0.89553833,-1.2831116
57803,-0.11459351,0.98205566,-1.179657
57804,-0.14633179,0.87097168,-1.1576843
57805,-0.07232666,0.91247559,-1.1929321
57806,-0.15548706,0.86181641,-1.1752319
57807,-0.25161743,0.88577271,-1.2194824
57808,-0.32165527,0.96710205,-1.1294556
57809,-0.33782959,0.82977295,-1.1459351
57810,-0.38604736,0.81192017,-1.1489868
57811,-0.50720215,1.0543823,-1.1499023
57812,-0.48782349,1.1514282,-0.99075317
57813,-0.65811157,1.2445068,-0.9576416
57814,-0.79727173,1.1883545,-0.83496094
57815,-0.70129394,1.1439514,-0.95123291
57816,-0.78491211,1.1575317,-0.74798584
57817,-0.85128784,1.0908508,-0.84335327
57818,-0.77514648,1.2666321,-0.74645996
57819,-0.97961426,1.1976624,-0.60760498
57820,-1.0444641,1.3093567,-0.61523438
57821,-1.0916138,1.2538147,-0.5947876
57822,-1.0740662,1.4648438,-0.50872803
57823,-1.3342285,1.3920593,-0.37185669
57824,-1.4474487,1.3819885,-0.55603027
57825,-1.5151978,1.3386536,-0.45013428
57826,-1.3354492,1.2321472,-0.52246094
57827,-1.3972473,1.318512,-0.35095215
57828,-1.4071655,1.4103699,-0.33325195
57829,-1.5144348,1.3711548,-0.41168213
57830,-1.5214539,1.3414001,-0.27999878
57831,-1.4776611,1.3241577,-0.26855469
57832,-1.4898682,1.3586426,-0.105896
57833,-1.7936707,0.86242676,-0.30975342
57834,-1.7805481,1.1068726,-0.29724121
57835,-1.7689514,0.98831177,0.044403076
57836,-1.6819763,1.1245728,-0.037841797
57837,-1.7544556,1.078186,-0.000915527
57838,-1.7411804,1.0839844,0.17700195
57839,-1.7991638,1.1148071,0.14068603
57840,-1.8235779,1.1439514,0.20370483
57841,-1.8608093,1.0205078,0.24932861
57842,-1.9700623,1.2614441,0.37994385
57843,-2.0046997,1.0955811,0.38269043
57844,-2.0039368,1.1328125,0.38955689
57845,-2.0753479,1.043396,0.37017822
57846,-2.2091675,0.89355469,0.51696777
57847,-2.0179749,0.88592529,0.4927063
57848,-2.1342468,0.91369629,0.56793213
57849,-1.9204712,0.92834473,0.67214966
57850,-2.0072937,0.85205078,0.74401856
57851,-2.1507263,0.85021973,0.72631836
57852,-2.2796631,0.63598633,0.81085205
57853,-1.9989014,0.6930542,0.83190918
57854,-2.2215271,0.68939209,0.80322266
57855,-2.1357727,0.70159912,0.9060669
57856,-2.13974,0.54199219,0.99075317
57857,-2.2346497,0.23193359,0.912323
57858,-2.1739197,0.519104,1.0162354
57859,-2.2312927,0.19775391,0.83602905
57860,-2.1313477,0.13015747,1.2240601
57861,-2.1054077,0.14602661,1.2774658
57862,-2.0941162,0.18188477,1.4871216
57863,-1.9989014,0.053710938,1.3082886
57864,-2.0814514,-0.02456665,1.3574219
57865,-2.0498657,0.89202881,1.1328125
57866,-2.0550537,-0.12664795,1.1486816
57867,-2.0329285,0.12008667,1.5838623
57868,-1.8540955,-0.18798828,1.5844727
57869,-1.4866638,-0.51971435,1.4100647
57870,-1.9812012,-0.46279907,1.3639832
57871,-2.0129395,-0.42785644,1.4476013
57872,-1.9134521,-0.57174683,1.585083
57873,-1.8508911,-0.29113769,1.7489624
57874,-1.7155457,-0.35980225,1.7266846
57875,-1.8450928,-0.55358887,1.7762756
57876,-1.7726135,-0.60119629,1.8392944
57877,-1.7584229,-0.47973633,1.8260193
57878,-1.7321777,-0.50109863,1.7967224
57879,-1.8118286,-0.75408935,1.5869141
57880,-1.9233704,-0.73120117,1.8803406
57881,-1.7947388,-0.90103149,2.026825
57882,-1.7266846,-0.99472046,1.8847656
57883,-1.6113281,-1.2443542,1.8859863
57884,-1.6064453,-1.1590576,2.0535278
57885,-1.6073608,-1.2365723,1.8841553
57886,-1.6186523,-1.1959839,2.0277405
57887,-1.5795898,-1.3471985,1.9296265
57888,-1.6166687,-1.3980103,1.8728638
57889,-1.362915,-1.5242004,1.7985535
57890,-1.3882446,-1.5771484,1.8933105
57891,-1.3757324,-1.7010498,1.6824341
57892,-1.3941956,-1.7260742,1.8283081
57893,-1.3000488,-1.6192627,2.0361328
57894,-1.149292,-1.6259766,2.0916748
57895,-1.28479,-1.6142273,2.06604
57896,-0.71289063,-1.8435669,1.8339539
57897,-1.3009644,-1.6795349,1.6101074
57898,-1.1178589,-1.9160461,1.8312073
57899,-0.8921814,-1.9094849,1.9584656
57900,-0.9185791,-1.9207764,2.0172119
57901,-0.87585449,-1.9599915,1.9996643
57902,-0.77133179,-2.1109009,1.9439697
57903,-0.74432373,-1.9902039,2.0507813
57904,-0.65567017,-2.1870422,1.884613
57905,-0.58929443,-2.0600891,1.8450928
57906,-0.48126221,-2.0729065,1.9444275
57907,-0.54931641,-2.1002197,1.8875122
57908,-0.37490845,-2.0506287,1.7301941
57909,-0.37475586,-2.0091248,1.7584229
57910,-0.3237915,-1.9871521,1.5878296
57911,-0.32180786,-2.2279358,1.6920471
57912,-0.14068603,-2.3178101,1.6253662
57913,-0.16983032,-2.2305298,1.5763855
57914,-0.2130127,-2.350769,1.5589905
57915,-0.093383789,-2.3164368,1.5333557
57916,-0.002441406,-2.1673584,1.5197754
57917,0.024719238,-2.1281433,1.5803528
57918,0.023345947,-2.2129822,1.5689087
57919,0.14129639,-2.2213745,1.4129639
57920,0.19775391,-2.2491455,1.3008118
57921,0.25405884,-2.3468018,1.320343
57922,0.32745361,-2.4377441,1.2850952
57923,0.39505005,-2.4165344,1.1453247
57924,0.4397583,-2.3738098,1.050415
57925,0.48614502,-2.4073792,1.0021973
57926,0.52383423,-2.3922729,0.91705322
57927,0.44738769,-2.2825623,0.97824097
57928,0.4977417,-2.2711182,0.85235596
57929,0.7220459,-2.4491882,0.84701538
57930,0.69824219,-2.3548889,0.73608398
57931,0.78201294,-1.6241455,0.79101563
57932,0.79681397,-2.4154663,0.50384522
57933,0.8908081,-2.3580933,0.53527832
57934,0.99761963,-2.1765137,0.61157227
57935,0.78231812,-2.0646667,0.6300354
57936,0.95077515,-2.2123718,0.57312012
57937,1.0427856,-2.2817993,0.51757813
57938,0.93978882,-2.2737122,0.41519165
57939,1.164093,-2.1450806,0.38665772
57940,0.96557617,-2.2546387,0.3263855
57941,1.0710144,-2.2175598,0.11459351
57942,1.0908508,-2.0570374,0.000762939
57943,1.1804199,-2.1679688,0.078430176
57944,1.1488342,-2.1173096,0.22460938
57945,1.2550354,-2.1173096,-0.037841797
57946,1.1538696,-1.8211365,0.06652832
57947,1.1576843,-2.0272827,0.093688965
57948,1.1824036,-1.7132568,-0.094909668
57949,1.1630249,-1.7770386,-0.287323
57950,1.3479614,-1.6400146,-0.17730713
57951,1.1907959,-1.6963196,-0.2684021
57952,1.2753296,-1.6053772,-0.33843994
57953,1.3026428,-1.5815735,-0.34393311
57954,1.3241577,-1.7837524,-0.5430603
57955,1.2464905,-1.6168213,-0.40969849
57956,1.3781738,-1.6149902,-0.51956177
57957,1.3560486,-1.54953,-0.53039551
57958,1.4103699,-1.5103149,-0.62667847
57959,1.421814,-1.4045715,-0.69824219
57960,1.4309692,-1.3238525,-0.81100464
57961,1.2809753,-1.3838196,-0.71624756
57962,1.2399292,-1.2791443,-0.73150635
57963,1.3516235,-1.2927246,-0.93856812
57964,1.2608337,-0.88943481,-0.88638306
57965,1.3365173,-1.0626221,-1.0395813
57966,1.2756348,-0.92346191,-0.93933106
57967,1.1451721,-0.95184326,-0.97839356
57968,1.0939026,-0.75988769,-1.1811829
57969,1.1590576,-0.67825317,-1.1279297
57970,1.2145996,-0.63064575,-1.1636353
57971,1.1851501,-0.55297852,-1.1317444
57972,1.0545349,-0.64819336,-1.1772156
57973,1.1257935,-0.51101685,-1.3130188
57974,1.0983276,-0.4675293,-1.2295532
57975,1.0681152,-0.50888062,-1.2974548
57976,1.0922241,-0.44403076,-1.3923645
57977,1.0090637,-0.4574585,-1.2854004
57978,1.0502625,-0.27038574,-1.3543701
57979,0.82061768,-0.16769409,-1.4755249
57980,0.88775635,-0.13977051,-1.3812256
57981,0.79864502,0.14953613,-1.4315796
57982,0.78445435,0.020294189,-1.4131165
57983,0.66848755,-0.36575317,-1.6784668
57984,0.63400269,-0.2494812,-1.4543152
57985,0.66085815,-0.10421753,-1.4797974
57986,0.6880188,0.1020813,-1.3987732
57987,0.71517944,0.32897949,-1.3684082
57988,0.50872803,0.55252075,-1.3204956
57989,0.50811768,0.34835815,-1.4248657
57990,0.48645019,0.37689209,-1.366272
57991,0.43395996,0.55175781,-1.4546204
57992,0.4057312,0.41381836,-1.693573
57993,0.28930664,0.4788208,-1.448822
57994,0.20645142,0.57983398,-1.4280701
57995,0.24246216,0.85449219,-1.3800049
57996,0.11764526,0.60562134,-1.4405823
57997,0.19897461,0.77835083,-1.5365601
57998,0.076599121,1.8121338,-1.6770935
57999,0.083007813,0.8430481,-1.5267944
58000,0.015106201,0.98831177,-1.2174988
58001,-0.089569092,0.97137451,-1.4221191
58002,-0.23803711,1.086731,-1.3059998
58003,-0.28045654,1.1817932,-1.3934326
58004,-0.31539917,1.114502,-1.2402344
58005,-0.2897644,1.1953735,-1.065979
58006,-0.40206909,1.1569214,-1.2321472
58007,-0.39306641,1.2303162,-1.1877441
58008,-0.40084839,1.1621094,-1.1157227
58009,-0.58044434,1.1761475,-1.0978699
58010,-0.74295044,1.1456299,-0.8883667
58011,-0.59555054,1.3256836,-0.95367432
58012,-0.68161011,1.3143921,-0.91674805
58013,-0.87783813,1.2841797,-0.8934021
58014,-0.89599609,1.3874817,-0.88516235
58015,-0.96801758,1.2980652,-0.81695557
58016,-0.96710205,1.3793945,-0.86288452
58017,-0.97976685,1.3516235,-0.81329346
58018,-0.93948364,1.4378357,-0.89019775
58019,-1.0720825,1.4733887,-0.76324463
58020,-1.1621094,1.5994263,-0.68817139
58021,-1.262207,1.4344788,-0.58059692
58022,-1.2521362,1.4198303,-0.61431885
58023,-1.3783264,1.3275146,-0.54443359
58024,-1.3891602,1.2416077,-0.60775757
58025,-1.4926147,1.2931824,-0.49133301
58026,-1.5457153,1.5664673,-0.44128418
58027,-1.5255737,1.3168335,-0.26397705
58028,-1.6209412,1.1729431,-0.22125244
58029,-1.7466736,1.2324524,-0.16693115
58030,-1.7726135,1.4077759,-0.12496948
58031,-1.6615295,1.2017822,-0.16403198
58032,-1.8371582,1.477356,0.013275146
58033,-1.7858887,1.678772,0.033874512
58034,-1.905365,1.4115906,0.21102905
58035,-1.9812012,0.99746704,0.078582764
58036,-2.0602417,1.0481262,0.2079773
58037,-2.0487976,1.1755371,0.12466431
58038,-2.0573425,1.1856079,0.32196045
58039,-1.9273376,1.1291504,0.25421143
58040,-2.1368408,1.2234497,0.49377441
58041,-2.0848083,1.1030579,0.51635742
58042,-2.2434998,1.031189,0.62835693
58043,-2.2320557,1.0253906,0.6892395
58044,-2.2225952,0.97747803,0.68267822
58045,-2.2476196,1.0177612,0.80749512
58046,-2.2218323,0.76049805,0.73028565
58047,-2.2315979,0.82183838,0.81253052
58048,-2.3406982,0.72631836,1.0211182
58049,-2.3864746,0.85418701,0.9815979
58050,-2.5305176,0.68222046,1.03302
58051,-2.3579407,0.70617676,0.89141846
58052,-2.4794006,0.61645508,1.1402893
58053,-2.3692322,0.59768677,1.1068726
58054,-2.2361755,0.42434692,0.97961426
58055,-2.3454285,0.390625,1.1352539
58056,-2.2991943,0.30639648,1.1425781
58057,-2.2982788,0.2381897,1.2023926
58058,-2.2920227,0.30639648,1.4512634
58059,-2.2001648,0.32394409,1.4089966
58060,-2.3042297,0.097198486,1.2055969
58061,-2.2766113,-0.10238648,1.3995361
58062,-2.2044373,-0.095977783,1.5484619
58063,-2.2207642,-0.31600952,1.6297913
58064,-2.217865,-0.12084961,1.3093567
58065,-2.130127,0.19165039,1.5161133
58066,-2.1629333,1.0095215,1.7080688
58067,-2.2865295,-0.36392212,1.6773987
58068,-2.1424866,-0.24795532,1.7915344
58069,-2.1440125,-0.39001465,1.7723084
58070,-2.0437622,-0.5027771,1.9003296
58071,-2.0506287,-0.40603638,1.9523621
58072,-2.0581055,-0.57891846,1.8373108
58073,-2.0318604,-0.75271606,1.8562317
58074,-2.0611572,-0.9753418,1.709137
58075,-1.8640137,-0.79605103,1.8637085
58076,-1.9570923,-0.81237793,1.9212341
58077,-1.7088318,-0.88485718,1.8692017
58078,-2.0124817,-1.0568237,1.9674683
58079,-1.7008972,-0.95870972,2.1026611
58080,-1.6743469,-1.073761,2.0727539
58081,-1.7303467,-1.2472534,2.1853638
58082,-1.7167664,-1.3235474,2.1118164
58083,-1.7630005,-1.1761475,2.0791626
58084,-1.5934753,-1.1291504,2.1328735
58085,-1.6526794,-1.3632202,1.9906616
58086,-1.4976501,-1.3870239,2.0204163
58087,-1.7602539,-1.6235352,2.036438
58088,-1.4639282,-1.620636,2.0062256
58089,-1.4437866,-1.5177917,2.0921326
58090,-1.3432312,-1.6496277,1.9805908
58091,-1.2112427,-1.6679382,1.9784546
58092,-1.3084412,-1.7913818,2.0692444
58093,-1.2023926,-1.7959595,1.8209839
58094,-1.1126709,-2.179718,1.8583679
58095,-1.2704468,-2.1586609,1.8544006
58096,-1.1222839,-1.9192505,1.8736267
58097,-1.129303,-1.8707275,1.942749
58098,-1.0070801,-1.7436218,1.9673157
58099,-0.79238892,-2.1139526,1.9567871
58100,-0.78689575,-1.986084,1.9099426
58101,-0.80215454,-2.06604,2.0393372
58102,-0.64483643,-1.8281555,1.9213867
58103,-0.54168701,-1.8978882,1.993866
58104,-0.58319092,-2.1734619,1.90979
58105,-0.46875,-2.4378967,1.8942261
58106,-0.35308838,-2.4674988,2.0080566
58107,-0.36468506,-2.1723938,1.8885803
58108,-0.31265259,-2.1713257,1.9067383
58109,-0.20507813,-2.1394348,1.8147278
58110,-0.15991211,-2.3059082,1.739502
58111,-0.19454956,-2.4633789,1.6934204
58112,-0.063476563,-2.3695374,1.5744019
58113,-0.07019043,-2.4899292,1.577301
58114,0.036621094,-2.3820496,1.4274597
58115,0.13046265,-2.3733521,1.4993286
58116,0.13793945,-2.4150085,1.4855957
58117,0.21972656,-2.4848938,1.444397
58118,0.27481079,-2.6313782,1.4042664
58119,0.37628174,-2.4555969,1.4108276
58120,0.31921387,-1.9935608,1.3766479
58121,0.39367676,-2.4040222,1.2527466
58122,0.40130615,-2.5944519,1.2164307
58123,0.48721314,-2.5547791,1.1907959
58124,0.53710938,-2.5508118,1.0900879
58125,0.64437866,-2.4687195,0.96939087
58126,0.74707031,-2.4502563,0.94406128
58127,0.82550049,-2.4569702,0.9387207
58128,0.8493042,-2.4829102,0.87051392
58129,0.87890625,-2.4386597,0.71624756
58130,0.88073731,-2.2706604,0.49438477
58131,0.93505859,-2.230072,0.56137085
58132,0.95123291,-2.2845459,0.78643799
58133,0.90240478,-2.3756409,0.5758667
58134,1.006012,-2.3429871,0.65002441
58135,1.0369873,-2.3880005,0.32196045
58136,1.0150146,-2.2229004,0.32470703
58137,1.060791,-2.2169495,0.18630981
58138,1.0858154,-2.2488403,0.29083252
58139,1.1854553,-2.2750854,0.24047852
58140,1.1746216,-2.179718,0.098114014
58141,1.2026978,-2.1662903,-0.012817383
58142,1.2535095,-2.1214294,-0.046539307
58143,1.2091064,-2.0292664,0.018157959
58144,1.2556458,-1.9198608,-0.045623779
58145,1.3552856,-1.9480896,-0.16326904
58146,1.2910461,-1.8943787,-0.19439697
58147,1.350708,-2.0599365,-0.16326904
58148,1.403656,-1.9261169,-0.362854
58149,1.3450623,-1.7436218,-0.35293579
58150,1.4079285,-1.6984558,-0.31738281
58151,1.4222717,-1.8051147,-0.39108276
58152,1.3311768,-1.6911316,-0.38833618
58153,1.4308166,-1.6293335,-0.49346924
58154,1.383667,-1.6125488,-0.4560852
58155,1.509552,-1.5557861,-0.58609009
58156,1.4533997,-1.4001465,-0.74966431
58157,1.2731934,-1.452179,-0.80245972
58158,1.2817383,-1.3725281,-0.59494019
58159,1.3543701,-1.2988281,-0.74508667
58160,1.3858032,-1.2469482,-0.88562012
58161,1.3894653,-1.2921143,-0.97564697
58162,1.4761353,-1.1018372,-0.98205566
58163,1.3047791,-1.0929871,-1.1599731
58164,1.3400269,-1.1550903,-1.0308838
58165,1.1697388,-1.0961914,-0.99319458
58166,1.3800049,-0.93505859,-0.96862793
58167,1.2286377,-0.83831787,-0.99609375
58168,1.2565613,-0.87265015,-1.1579895
58169,1.3027954,-0.71182251,-1.1500549
58170,1.1175537,-0.71899414,-1.2310791
58171,1.031189,-0.71609497,-1.0249329
58172,1.1439514,-0.41519165,-1.0176086
58173,0.99853516,-0.64468384,-1.2202454
58174,0.90362549,-0.3843689,-1.1309814
58175,1.0168457,-0.22491455,-1.2112427
58176,0.85693359,-0.40863037,-1.3098145
58177,0.83404541,-0.25024414,-1.421814
58178,0.83297729,-0.15350342,-1.5161133
58179,0.83618164,-0.21392822,-1.4071655
58180,0.82107544,-0.03616333,-1.5238953
58181,0.53344727,-0.038757324,-1.5222168
58182,0.58883667,0.16418457,-1.5023804
58183,0.650177,0.085449219,-1.2774658
58184,0.70251465,0.23254395,-1.3249207
58185,0.47348022,0.2079773,-1.3815308
58186,0.65811157,0.29830933,-1.3980103
58187,0.42327881,0.47729492,-1.3235474
58188,0.48583984,0.51818848,-1.4883423
58189,0.38101196,0.50888062,-1.4659119
58190,0.4006958,0.48950195,-1.6130066
58191,0.38406372,0.59020996,-1.4631653
58192,0.23330688,0.75881958,-1.403656
58193,0.26229858,0.63705444,-1.5174866
58194,0.077209473,0.6716919,-1.3691711
58195,0.19287109,0.67749023,-1.3330078
58196,0.078887939,0.54962158,-1.4093018
58197,0.028381348,0.69625854,-1.4179993
58198,-0.072479248,0.71304321,-1.2724304
58199,-0.097351074,0.74920654,-1.3476563
58200,-0.10406494,1.6363525,-1.1358643
58201,-0.29998779,0.86990356,-1.1561584
58202,-0.44052124,0.94940185,-1.1907959
58203,-0.30441284,1.1869812,-1.3093567
58204,-0.40344238,1.2597656,-1.0836792
58205,-0.61157227,1.255188,-1.0481262
58206,-0.54840088,1.1700439,-1.25
58207,-0.5859375,1.161499,-1.1131287
58208,-0.58349609,1.2490845,-1.2232971
58209,-0.72509766,1.1741638,-1.2286377
58210,-0.73410034,1.348877,-1.0270691
58211,-0.81497192,1.3735962,-1.0916138
58212,-1.0165405,1.3827515,-0.86761475
58213,-0.93154907,1.2736511,-1.0264587
58214,-1.1611938,1.4170837,-0.77987671
58215,-1.0980225,1.2872314,-0.82199097
58216,-1.3438416,1.2161255,-0.7019043
58217,-1.315155,1.3064575,-0.54412842
58218,-1.3412476,1.4007568,-0.57388306
58219,-1.3594055,1.4657593,-0.59951782
58220,-1.3471985,1.3497925,-0.56854248
58221,-1.4590454,1.4335632,-0.64270019
58222,-1.4987183,1.3673401,-0.59906006
58223,-1.5797424,1.3609314,-0.37780762
58224,-1.544342,1.340332,-0.48309326
58225,-1.5306091,1.3960266,-0.46783447
58226,-1.7881775,0.93078613,-0.70007324
58227,-1.7669678,1.149292,-0.35400391
58228,-1.6139221,1.2893677,-0.20309448
58229,-1.7025757,1.3319397,-0.15777588
58230,-1.8293762,1.4801025,-0.002441406
58231,-1.8106079,1.3136291,0.11352539
58232,-1.9425964,1.3375854,-0.024108887
58233,-1.9436646,1.2434387,0.25085449
58234,-1.8159485,1.1535645,0.14419556
58235,-1.7901611,1.1694336,0.24536133
58236,-2.0230103,1.0707092,0.32318115
58237,-1.9725037,0.99136353,0.2796936
58238,-1.8415833,1.1248779,0.41870117
58239,-2.1824646,1.047821,0.45043945
58240,-2.0056152,1.0327148,0.55969238
58241,-2.111969,0.87799072,0.68939209
58242,-2.2052002,0.94772339,0.68542481
58243,-2.0716858,1.0041809,0.71792603
58244,-2.286377,1.0319519,0.80673218
58245,-2.2257996,0.89920044,0.78567505
58246,-2.1188354,0.67626953,0.73760986
58247,-2.1331787,0.64361572,0.77651978
58248,-2.2772217,0.51177978,0.77713013
58249,-2.3031616,0.63919067,0.79330444
58250,-2.2535706,0.75119019,0.86181641
58251,-2.225647,0.71838379,0.95306397
58252,-2.3254395,0.57159424,1.0679626
58253,-2.2575378,0.48171997,1.2336731
58254,-2.2883606,0.42724609,1.2965393
58255,-2.2711182,0.47561645,1.3201904
58256,-2.2657776,0.25558472,1.4581299
58257,-2.2753906,0.19836426,1.3389587
58258,-2.2790527,0.17059326,1.2762451
58259,-2.306366,0.081787109,1.3069153
58260,-2.2396851,0.095977783,1.6143799
58261,-2.2911072,-0.1020813,1.4457703
58262,-2.180481,-0.14312744,1.2904358
58263,-2.1542358,-0.26138306,1.2950134
58264,-2.0880127,-0.25588989,1.7340088
58265,-2.0802307,-0.36361694,1.7062378
58266,-2.1983337,-0.46188355,1.5620422
58267,-2.0149231,0.14968872,1.7298889
58268,-2.1466064,-0.45776367,1.9192505
58269,-2.0419312,-0.38726807,1.9006348
58270,-1.9459534,-0.48156738,1.8804932
58271,-1.8754578,-0.5696106,1.9285584
58272,-2.0584106,-0.77011108,1.8580627
58273,-1.8283081,-0.7484436,2.0617676
58274,-1.8513489,-0.7510376,1.8240356
58275,-1.9143677,-0.83496094,1.892395
58276,-1.7601013,-0.78033447,1.9497681
58277,-1.7903137,-0.95886231,2.0053101
58278,-1.6213989,-1.0813904,1.8696594
58279,-1.7764282,-1.1875916,2.106781
58280,-1.7012024,-1.1955261,1.8634033
58281,-1.6601563,-1.3510132,1.9593811
58282,-1.5496826,-1.1532593,2.1047974
58283,-1.6923523,-1.2641907,2.1868896
58284,-1.4401245,-1.2594604,2.2984314
58285,-1.5916443,-1.3995361,2.1031189
58286,-1.4408875,-1.6467285,1.9104004
58287,-1.418457,-1.5896606,2.015686
58288,-1.3543701,-1.5687561,2.0521545
58289,-1.3894653,-1.6442871,1.9338989
58290,-1.293335,-1.8545532,2.0431519
58291,-1.1221313,-1.8122864,2.0002747
58292,-1.2428284,-1.9126892,2.0323181
58293,-1.0540771,-1.8321228,2.0759583
58294,-1.0064697,-1.7527771,2.1517944
58295,-1.1526489,-1.9578552,2.1011353
58296,-0.80932617,-2.0254517,2.06604
58297,-0.82763672,-1.9812012,2.0455933
58298,-0.85830688,-2.1078491,2.0057678
58299,-0.75317383,-2.0465088,1.9119263
58300,-0.6338501,-2.0449829,1.8714905
58301,-0.5758667,-2.1086121,1.894989
58302,-0.59417725,-2.15271,1.8864441
58303,-0.46188355,-2.1844482,1.8339539
58304,-0.36071777,-2.3246765,1.832428
58305,-0.37597656,-2.2587585,1.7420959
58306,-0.39672852,-2.1447754,1.6963196
58307,-0.2671814,-2.2158813,1.6137695
58308,-0.24475098,-2.3303223,1.7420959
58309,-0.18005371,-2.3257446,1.6809082
58310,-0.038604736,-2.3199463,1.5911865
58311,0.040435791,-2.3971558,1.5306091
58312,0.083770752,-2.3779297,1.4833069
58313,0.070495605,-2.2732544,1.4518738
58314,0.12634277,-2.2270203,1.4318848
58315,0.14389038,-2.3002625,1.4404297
58316,0.30288696,-2.3326111,1.2373352
58317,0.32974243,-2.4771118,1.2014771
58318,0.29510498,-2.5289917,1.2149048
58319,0.32852173,-2.6716614,1.2747192
58320,0.51925659,-2.5547791,1.156311
58321,0.58746338,-2.5785828,1.0549927
58322,0.59341431,-2.5540161,1.0905457
58323,0.64636231,-2.6280212,1.0643005
58324,0.64575195,-2.5476074,0.90087891
58325,0.6590271,-2.4185181,0.88867188
58326,0.66635132,-2.4298096,0.8972168
58327,0.89569092,-2.4145508,0.8366394
58328,0.77407837,-2.3277283,0.74920654
58329,0.77850342,-2.3480225,0.65002441
58330,0.95214844,-2.3258972,0.53817749
58331,0.97076416,-2.394104,0.7699585
58332,0.98770142,-2.3588562,0.53512573
58333,1.0882568,-2.3712158,0.60333252
58334,1.0305786,-2.3927307,0.37261963
58335,0.99777222,-2.2134399,0.42297363
58336,1.1421204,-2.1026611,0.41275024
58337,1.0974121,-2.2288513,0.2029419
58338,1.1462402,-2.0831299,0.26870728
58339,1.100769,-2.0967102,-0.008239746
58340,1.2454224,-1.9923401,0.048065186
58341,1.342926,-1.9656372,-0.026245117
58342,1.1419678,-2.1031189,-0.06942749
58343,1.0951233,-1.9732666,-0.05859375
58344,1.268158,-1.8121338,-0.103302
58345,1.1590576,-1.8130493,-0.26367188
58346,1.1477661,-1.8688965,-0.16769409
58347,1.1228943,-1.8635559,-0.3187561
58348,1.28479,-1.6981506,-0.33187866
58349,1.1856079,-1.6308594,-0.33279419
58350,1.2701416,-1.7019653,-0.29556274
58351,1.2768555,-1.6714478,-0.34667969
58352,1.1761475,-1.5316772,-0.42999268
58353,1.1599731,-1.5220642,-0.46966553
58354,1.3204956,-1.5214539,-0.58944702
58355,1.2858582,-1.388855,-0.71563721
58356,1.1799622,-1.3461304,-0.63934326
58357,1.2315369,-1.2483215,-0.80657959
58358,1.3021851,-1.1878967,-0.61325073
58359,1.3265991,-1.0760498,-0.86196899
58360,1.1083984,-1.0748291,-0.72311401
58361,1.3305664,-0.88638306,-0.84106445
58362,1.2353516,-1.0449219,-0.77575684
58363,1.2528992,-0.98846435,-0.98632813
58364,1.2606812,-0.84991455,-1.0061646
58365,1.1647034,-0.7623291,-1.0308838
58366,1.1560059,-0.69061279,-1.1569214
58367,1.1462402,-0.63659668,-1.1357117
58368,1.0827637,-0.64056397,-1.1114502
58369,1.1082459,-0.52581787,-1.1961365
58370,1.1349487,-0.48370361,-1.230011
58371,1.0232544,-0.40847778,-1.1903381
58372,0.89904785,-0.21240234,-1.3044739
58373,0.9274292,-0.20568848,-1.3072205
58374,0.9954834,-0.26306152,-1.3049316
58375,0.89431763,-0.19500732,-1.3656616
58376,0.8303833,-0.16937256,-1.4570618
58377,0.79483032,-0.19165039,-1.3134766
58378,0.73257446,0.077514648,-1.3491821
58379,0.60516357,-0.11779785,-1.4425659
58380,0.33233643,-0.25512695,-1.5049744
58381,0.1399231,-0.16662598,-1.4408875
58382,0.54870606,0.016326904,-1.2376404
58383,0.48706055,0.2217102,-1.5048218
58384,0.46875,0.2746582,-1.3696289
58385,0.55053711,0.26443481,-1.5083313
58386,0.51239014,0.36758423,-1.2876892
58387,0.34179688,0.47943115,-1.3586426
58388,0.35980225,0.50079346,-1.3696289
58389,0.2482605,0.48187256,-1.40625
58390,0.26306152,0.5406189,-1.3980103
58391,0.22735596,0.66818237,-1.4364624
58392,0.16113281,0.55130005,-1.4295959
58393,0.098114014,0.86288452,-1.3916016
58394,0.051269531,0.83877563,-1.3995361
58395,-0.091400146,0.79162598,-1.7216492
58396,-0.17181397,0.76629639,-1.3186646
58397,-0.15975952,0.77957153,-1.2846375
58398,-0.25985718,0.86669922,-1.2733459
58399,-0.23178101,0.78430176,-1.23703
58400,-0.32012939,0.9072876,-1.1633301
58401,-0.46936035,1.0868835,-1.0638428
58402,-0.70129394,1.1196899,-1.111145
58403,-0.58776856,1.3336182,-1.0055542
58404,-0.57952881,1.2557983,-0.85037231
58405,-0.62988281,1.0800171,-0.97961426
58406,-0.728302,1.2242126,-0.89096069
58407,-0.84823608,1.3607788,-0.91888428
58408,-0.87402344,1.1846924,-0.99761963
58409,-0.88821411,1.2139893,-1.031189
58410,-1.0377502,1.2776184,-0.8682251
58411,-0.94421387,1.2275696,-0.84320068
58412,-1.0629272,1.2484741,-0.83007813
58413,-1.1192322,1.1694336,-0.90118408
58414,-1.2324524,1.2632751,-0.94268799
58415,-1.184845,1.3122559,-0.72784424
58416,-1.3240051,1.3026428,-0.64758301
58417,-1.3088989,1.4727783,-0.49972534
58418,-1.2611389,1.4002991,-0.62744141
58419,-1.2753296,1.4395142,-0.40863037
58420,-1.34552,1.4155579,-0.31036377
58421,-1.4373779,1.3815308,-0.3125
58422,-1.4396667,1.1660767,-0.45852661
58423,-1.5005493,1.2547302,-0.33233643
58424,-1.6230774,1.1804199,-0.19195557
58425,-1.529541,1.1767578,-0.11352539
58426,-1.5228271,1.1685181,-0.12039185
58427,-1.5692139,1.2155151,-0.064544678
58428,-1.6101074,1.1947632,-0.078887939
58429,-1.6685486,1.2893677,-0.009918213
58430,-1.7004395,1.2614441,0.10406494
58431,-1.8377686,1.0969543,0.13961792
58432,-1.8006897,1.2361145,0.10940552
58433,-1.8955994,1.2768555,0.33477783
58434,-1.8797302,1.2185669,0.2861023
58435,-1.8740845,1.1975098,0.27267456
58436,-1.975708,1.1054993,0.29022217
58437,-2.0295715,1.08078,0.36071777
58438,-1.9352722,1.0783386,0.31692505
58439,-1.9786072,1.0014343,0.37063599
58440,-2.10495,0.9072876,0.52062988
58441,-1.9717407,1.013031,0.63644409
58442,-1.9953918,0.92071533,0.56747437
58443,-2.0040894,0.75119019,0.70236206
58444,-1.9030762,0.61203003,0.73364258
58445,-2.1463013,0.64163208,0.82565308
58446,-2.1420288,0.66009522,0.82382202
58447,-2.1221924,0.60134888,0.89324951
58448,-2.0483398,0.48950195,0.87722778
58449,-2.166748,0.59265137,1.0084534
58450,-2.155304,0.37521362,0.97793579
58451,-2.0465088,0.34881592,1.0031128
58452,-2.124939,0.40405273,1.3098145
58453,-2.0532227,0.39596558,1.1987305
58454,-2.0741272,0.28259277,1.0894775
58455,-2.1755981,0.05569458,1.2487793
58456,-2.0324707,0.14694214,1.1421204
58457,-2.1322632,-0.052185059,1.1077881
58458,-2.091217,-0.047454834,1.0923767
58459,-2.134552,-0.24414063,1.5396118
58460,-2.0397949,-0.33416748,1.1877441
58461,-2.1124268,-0.34591675,1.0722351
58462,-2.089386,-0.3388977,1.532135
58463,-1.8611145,-0.26489258,1.6294861
58464,-2.0783997,-0.50582886,1.7089844
58465,-1.8695068,-0.40649414,1.7127991
58466,-1.9737244,-0.7069397,1.5586853
58467,-1.993103,-0.36743164,1.5788269
58468,-1.9065857,-0.48461914,1.6630554
58469,-1.9085693,-0.48736572,1.6358948
58470,-1.9055176,-0.58410644,1.6864014
58471,-1.842041,-0.73822022,1.7791748
58472,-1.8765259,-0.7649231,1.8603516
58473,-1.8405151,-0.68756103,1.9226074
58474,-1.836853,-0.69244385,1.9546509
58475,-1.8463135,-0.9375,1.8823242
58476,-1.8226624,-1.0388184,1.934967
58477,-1.6059875,-1.1286926,1.9264221
58478,-1.6340637,-1.1271667,1.958313
58479,-1.5142822,-1.3070679,1.8669128
58480,-1.4849854,-1.1161804,1.6461182
58481,-1.5917969,-1.2736511,1.9406128
58482,-1.5414429,-1.456604,1.8815613
58483,-1.4419556,-1.4013672,1.8423462
58484,-1.4169312,-1.2556458,1.9511414
58485,-1.305542,-1.4855957,1.7980957
58486,-1.2277222,-1.6107178,1.9750977
58487,-1.1450195,-1.6998291,1.8478394
58488,-1.0435486,-1.6645813,1.9624329
58489,-1.0308838,-1.8025208,1.8859863
58490,-0.99136353,-1.8481445,1.8966675
58491,-1.0029602,-1.8055725,1.8969727
58492,-0.8114624,-1.8118286,1.7060852
58493,-0.87493897,-1.8809509,1.736145
58494,-0.86334228,-1.8496704,1.7407227
58495,-0.81787109,-1.9682312,1.7687988
58496,-0.677948,-2.0144653,1.8078613
58497,-0.70861816,-1.9332886,1.7955017
58498,-0.45700073,-1.8777466,1.8771362
58499,-0.52398682,-1.9898987,1.7936707
58500,-0.43701172,-2.1112061,1.8244934
58501,-0.4699707,-2.091217,1.6854858
58502,-0.32287598,-2.1925354,1.628418
58503,-0.31158447,-2.2071838,1.7129517
58504,-0.26062012,-2.2271729,1.6557312
58505,-0.22872925,-2.0930481,1.7593384
58506,-0.17333984,-2.1990967,1.5838623
58507,-0.055236816,-2.1232605,1.5628052
58508,-0.001831055,-2.1542358,1.3356018
58509,0.016174316,-2.3075867,1.3494873
58510,0.010528564,-2.3797607,1.3418579
58511,0.043182373,-2.2485352,1.3928223
58512,0.25802612,-2.469635,1.2382507
58513,0.12069702,-2.3017883,1.2057495
58514,0.12268066,-2.2163391,1.0624695
58515,0.20629883,-2.1549988,1.1459351
58516,0.26504517,-2.1005249,0.97198486
58517,0.4397583,-2.0950317,1.1323547
58518,0.49026489,-2.142334,0.90927124
58519,0.32409668,-2.1382141,1.0057068
58520,0.39459228,-2.1490479,0.88989258
58521,0.61523438,-2.1353149,0.79681397
58522,0.55007935,-2.255249,0.68252563
58523,0.49942017,-2.0231628,0.76538086
58524,0.58151245,-2.1588135,0.55053711
58525,0.63110352,-2.199707,0.65002441
58526,0.83694458,-2.1034241,0.60089111
58527,0.82473755,-2.1768188,0.39154053
58528,0.73425293,-2.09198,0.48736572
58529,0.91384888,-2.1495056,0.36148071
58530,0.85281372,-2.1403503,0.27297974
58531,0.91339111,-2.0834351,0.32073975
58532,0.82138062,-1.8865967,0.32867432
58533,0.95062256,-2.1435547,0.028076172
58534,0.91384888,-2.0407104,0.12680054
58535,0.9262085,-1.9395447,0.18295288
58536,0.909729,-1.8963623,0.14038086
58537,1.0931396,-1.9181824,0.21820068
58538,1.0746765,-1.9332886,0.008544922
58539,1.124115,-1.8859863,0.14175415
58540,1.1509705,-1.9483948,-0.081481934
58541,1.2063599,-1.7977905,0.057678223
58542,1.1465454,-1.8212891,-0.2482605
58543,1.1865234,-1.5753174,-0.1725769
58544,1.0771179,-1.4305115,-0.23666382
58545,1.1083984,-1.6075134,-0.43060303
58546,1.061554,-1.4537048,-0.47119141
58547,1.0861206,-1.403656,-0.41259766
58548,1.2962341,-1.4633179,-0.46539307
58549,1.0734558,-1.2976074,-0.64178467
58550,1.1531067,-1.2011719,-0.55969238
58551,1.1340332,-1.0231018,-0.59082031
58552,1.212616,-1.0884094,-0.81176758
58553,1.1653137,-1.1398315,-0.71212769
58554,1.2452698,-1.1178589,-0.64575195
58555,1.1401367,-1.151123,-0.70785522
58556,1.0375977,-1.1901855,-0.80490112
58557,1.0931396,-0.95199585,-0.75424194
58558,1.113739,-0.94497681,-0.79818726
58559,1.0243225,-0.81954956,-0.96176147
58560,1.1122131,-0.78231812,-0.76599121
58561,0.91186523,-0.75653076,-0.92376709
58562,0.95428467,-0.58944702,-0.90240478
58563,0.91796875,-0.73074341,-0.90270996
58564,0.94802856,-0.66238403,-1.0676575
58565,0.9147644,-0.4560852,-0.99792481
58566,0.99273682,-0.43121338,-1.1625671
58567,0.80596924,-0.25741577,-1.0758972
58568,0.96252441,-0.30014038,-1.1811829
58569,0.88760376,-0.27130127,-1.3067627
58570,0.80505371,-0.15823364,-1.1524963
58571,0.74920654,-0.19515991,-1.0734558
58572,0.76278687,-0.12298584,-1.2268066
58573,0.53771973,-0.051574707,-1.2719727
58574,0.62698364,-0.090637207,-1.1228943
58575,0.094604492,-0.20339966,-1.3647461
58576,0.36972046,-0.1940918,-1.3116455
58577,0.26611328,-0.10559082,-1.5916443
58578,0.42739868,-0.24368286,-1.4941406
58579,0.10559082,0.1499939,-1.3031006
58580,0.43258667,0.20523071,-1.2680054
58581,0.27709961,0.39230347,-1.1097717
58582,0.25466919,0.33020019,-1.1630249
58583,0.24993897,0.45272827,-1.257019
58584,0.22872925,0.50567627,-1.3418579
58585,0.10742188,0.55831909,-1.1984253
58586,-0.016174316,0.60821533,-1.137085
58587,-0.074615479,0.42251587,-1.2979126
58588,-0.004882813,0.62149048,-1.0229492
58589,-0.024414063,0.65811157,-1.2173462
58590,-0.18630981,0.60302734,-1.0438538
58591,-0.27038574,0.753479,-1.0583496
58592,-0.27664185,0.84381103,-0.97167969
58593,-0.33843994,0.87051392,-1.0221863
58594,-0.34576416,0.95962524,-1.1610413
58595,-0.28167725,1.0223389,-1.0238647
58596,-0.48812866,1.0223389,-1.0934448
58597,-0.58425903,0.86181641,-0.87554932
58598,-0.75241089,0.85144043,-0.99914551
58599,-0.59783935,0.92712402,-0.98434448
58600,-0.71426392,0.99685669,-0.87036133
58601,-0.70281982,1.1177063,-1.0331726
58602,-0.70556641,1.2657166,-0.93231201
58603,-0.90164185,1.20224,-0.69488525
58604,-0.76293945,1.321106,-0.67565918
58605,-0.92102051,1.1485291,-0.94726563
58606,-1.075592,1.1419678,-0.80154419
58607,-1.1679077,1.061554,-0.55297852
58608,-1.1859131,1.0627747,-0.46295166
58609,-1.121521,1.3204956,-0.48736572
58610,-1.0734558,1.3575745,-0.49377441
58611,-1.184082,1.3848877,-0.49163818
58612,-1.235199,1.267395,-0.43746948
58613,-1.3308716,1.1386108,-0.39855957
58614,-1.2922668,1.036377,-0.39154053
58615,-1.3945007,1.0131836,-0.39047241
58616,-1.6113281,0.97351074,-0.30609131
58617,-1.4633179,0.96206665,-0.31677246
58618,-1.5979004,0.73974609,-0.2885437
58619,-1.5151978,0.97915649,-0.19927978
58620,-1.5896606,1.0083008,-0.027923584
58621,-1.716156,1.0710144,-0.10986328
58622,-1.7703247,1.0075378,0.1045227
58623,-1.5921021,1.0275269,0.105896
58624,-1.7434692,1.008606,0.2482605
58625,-1.7089844,1.1968994,0.32623291
58626,-1.6204834,1.1175537,0.34667969
58627,-1.8299866,1.1195374,0.45684814
58628,-1.7878723,0.98876953,0.34896851
58629,-1.8795776,0.98922729,0.33706665
58630,-1.8006897,0.9135437,0.3918457
58631,-1.9773865,0.88119507,0.59631348
58632,-1.9210815,0.912323,0.45394897
58633,-1.9476318,0.83068848,0.61676025
58634,-2.0727539,0.71960449,0.69869995
58635,-2.0024109,0.67184448,0.65979004
58636,-2.1084595,0.50750732,0.72082519
58637,-2.0835876,0.59020996,0.73974609
58638,-2.06604,0.57815552,0.83770752
58639,-2.0072937,0.53710938,0.8404541
58640,-1.9960022,0.73287964,0.90835571
58641,-2.1276855,0.5545044,1.0719299
58642,-1.9963074,0.54977417,0.92483521
58643,-2.1308899,0.58685303,1.1172485
58644,-2.1594238,0.52856445,1.1520386
58645,-2.0614624,0.23178101,1.0798645
58646,-2.1244812,0.39367676,1.2789917
58647,-1.9709778,0.2482605,1.2643433
58648,-2.1359253,0.26763916,1.3293457
58649,-2.0568848,0.013580322,1.2553406
58650,-2.0681763,0.079040527,1.3641357
58651,-2.0196533,0.028686523,1.1564636
58652,-1.9764709,-0.077972412,1.3490295
58653,-1.9865417,-0.22903442,1.4880371
58654,-1.9767761,-0.19393921,1.3131714
58655,-1.9830322,-0.25253296,1.3064575
58656,-2.024231,-0.31494141,1.47995
58657,-1.9900513,-0.44708252,1.517334
58658,-1.9108582,-0.31921387,1.2338257
58659,-1.8212891,-0.41107178,1.4370728
58660,-1.9273376,-0.32440186,1.6099548
58661,-1.9407654,-0.51345825,1.6841125
58662,-1.975708,-0.63400269,1.7144775
58663,-1.7675781,-1.0697937,1.5722656
58664,-1.7753601,-0.79101563,1.6842651
58665,-1.7660522,-0.64544678,1.8063354
58666,-1.8049622,-0.63400269,1.9313049
58667,-1.6989136,-0.80215454,1.9029236
58668,-1.9396973,-0.94223022,1.7446899
58669,-1.7041016,-1.1430359,1.8141174
58670,-1.7474365,-1.2864685,1.8251038
58671,-1.6001892,-1.191864,1.9281006
58672,-1.5008545,-1.2091064,1.8449402
58673,-1.4616394,-1.3711548,1.7842102
58674,-1.4006042,-1.2463379,1.7080688
58675,-1.4494324,-1.1947632,1.8914795
58676,-1.2492371,-1.3217163,1.8478394
58677,-1.481781,-1.4945984,1.6345215
58678,-1.4105225,-1.7752075,1.8334961
58679,-1.383667,-1.5339661,1.8621826
58680,-1.1746216,-1.6812134,1.9380188
58681,-1.1221313,-1.6297913,1.9473267
58682,-1.0443115,-1.7341614,1.9335938
58683,-1.0650635,-1.9432068,1.6825867
58684,-1.0124207,-1.9683838,1.867981
58685,-0.92651367,-1.7495728,1.9436646
58686,-0.8430481,-1.8374634,1.8658447
58687,-0.7824707,-1.6659546,1.9036865
58688,-0.62789917,-1.7134094,2.019043
58689,-0.77224731,-1.8095398,1.8981934
58690,-0.6111145,-1.9107056,1.783905
58691,-0.46859741,-1.953125,1.8415833
58692,-0.55603027,-1.9873047,1.7053223
58693,-0.52764893,-2.0245361,1.8469238
58694,-0.41397095,-2.1646118,1.6487122
58695,-0.44677734,-2.3852539,1.6993713
58696,-0.3137207,-2.2463989,1.6140747
58697,-0.27572632,-2.2171021,1.4019775
58698,-0.22293091,-2.1789551,1.4967346
58699,-0.29403686,-2.1229553,1.6082764
58700,-0.15136719,-2.0419312,1.3305664
58701,0.098571777,-2.1147156,1.5644836
58702,0.054931641,-2.2663879,1.4871216
58703,0.078125,-2.3147583,1.4213562
58704,0.1890564,-2.3539734,1.373291
58705,0.072937012,-2.1920776,1.4299011
58706,0.2796936,-2.5390625,1.2271118
58707,0.25573731,-2.272644,1.156311
58708,0.39138794,-2.2143555,1.1720276
58709,0.33752441,-2.3303223,1.0375977
58710,0.45806885,-2.2460938,1.0368347
58711,0.34225464,-2.2535706,0.87219238
58712,0.54519653,-2.4005127,0.95199585
58713,0.59265137,-2.3414612,0.88043213
58714,0.64819336,-2.3887634,0.77514648
58715,0.54901123,-2.4276733,0.72540283
58716,0.61080933,-2.4740601,0.66101074
58717,0.7623291,-2.4053955,0.80337524
58718,0.79360962,-2.4624634,0.56823731
58719,0.8732605,-2.303009,0.64346313
58720,0.86624146,-2.3045349,0.62362671
58721,0.72113037,-2.2561646,0.43304443
58722,0.9463501,-2.1452332,0.42694092
58723,0.93399048,-2.0355225,0.54779053
58724,0.96664429,-2.0457458,0.41168213
58725,1.0258484,-2.0635986,0.20523071
58726,1.0432434,-2.1159363,0.16479492
58727,1.0739136,-2.1165466,0.28686523
58728,1.0791016,-2.0175171,0.14877319
58729,1.0917664,-2.109375,0.036315918
58730,1.0523987,-2.0085144,0.023803711
58731,1.0722351,-1.9589233,0.025939941
58732,1.096344,-1.7726135,0.016174316
58733,1.1114502,-1.7236328,-0.13763428
58734,1.2232971,-1.8379211,-0.19500732
58735,1.2475586,-1.6775513,-0.15548706
58736,1.2861633,-1.5777588,-0.37246704
58737,1.2719727,-1.5991211,-0.340271
58738,1.3861084,-1.8434143,-0.43869019
58739,1.1491394,-1.7536926,-0.33477783
58740,1.3148499,-1.6090393,-0.54321289
58741,1.2190247,-1.4538574,-0.54473877
58742,1.1849976,-1.4163208,-0.59875488
58743,1.2643433,-1.3034058,-0.61477661
58744,1.1985779,-1.1091614,-0.6564331
58745,1.1540222,-1.3058472,-0.68939209
58746,1.1854553,-1.2268066,-0.87020874
58747,0.987854,-1.2010193,-0.82229614
58748,1.1108398,-0.96694946,-0.78475952
58749,1.0577393,-1.0746765,-0.79742432
58750,1.0441589,-0.86898804,-0.85372925
58751,1.0766602,-0.89767456,-1.0298157
58752,1.0340881,-0.65856934,-0.98190308
58753,1.1218262,-0.45104981,-0.8821106
58754,1.0998535,-0.56640625,-0.89538574
58755,1.0813904,-0.5557251,-0.97595215
58756,1.0267639,-0.4814148,-1.0743713
58757,0.91949463,-0.45318603,-1.1317444
58758,0.98342896,-0.46829224,-1.1354065
58759,0.93338013,-0.44921875,-1.1393738
58760,1.0824585,-0.32623291,-1.0533142
58761,0.88684082,-0.47775269,-1.1624146
58762,0.82305908,-0.23773193,-1.1732483
58763,1.1407471,-0.21759033,-1.2065125
58764,0.77194214,-0.18310547,-1.2750244
58765,0.72647095,0.019989014,-1.346283
58766,0.74050903,-0.009155273,-1.3674927
58767,0.68695068,-0.31417847,-1.3208008
58768,0.56762695,-0.39520264,-1.5449524
58769,0.47714233,-0.12863159,-1.4085388
58770,0.65795898,-0.005950928,-1.4274597
58771,0.60699463,0.31204224,-1.5145874
58772,0.62225342,0.3427124,-1.4753723
58773,0.52307129,0.3024292,-1.4994812
58774,0.53421021,0.33081055,-1.468811
58775,0.4447937,0.26641846,-1.4430237
58776,0.41381836,0.35095215,-1.4491272
58777,0.24261475,0.61676025,-1.4694214
58778,0.10620117,0.65612793,-1.4596558
58779,0.20980835,0.650177,-1.3705444
58780,0.1435852,0.65795898,-1.3059998
58781,0.1449585,0.67749023,-1.4112854
58782,0.06072998,0.88531494,-1.3323975
58783,0.13809204,0.79559326,-1.3061523
58784,0.005950928,0.82595825,-1.3969421
58785,-0.010986328,0.90026856,-1.1514282
58786,-0.15441895,0.89050293,-1.2130737
58787,-0.20996094,0.94299316,-1.2168884
58788,-0.2796936,0.98907471,-1.3575745
58789,-0.38864136,0.87371826,-0.97351074
58790,-0.35064697,0.98068237,-1.1328125
58791,-0.26611328,0.9803772,-1.2139893
58792,-0.4675293,1.1012268,-1.1225891
58793,-0.52154541,0.99197388,-1.053009
58794,-0.4814148,1.1720276,-1.0165405
58795,-0.60760498,1.2776184,-0.85510254
58796,-0.73608398,1.3244629,-0.95062256
58797,-0.82168579,1.3699341,-0.94543457
58798,-0.95947266,1.3520813,-0.85021973
58799,-1.1013794,1.2301636,-0.7572937
58800,-1.0203552,1.3520813,-0.81481934
58801,-1.1154175,1.2339783,-0.72570801
58802,-1.2068176,1.5921021,-0.85128784
58803,-1.1357117,1.5634155,-0.80978394
58804,-1.3793945,1.3595581,-0.78826904
58805,-1.3510132,1.4764404,-0.80810547
58806,-1.4250183,1.075592,-0.64208984
58807,-1.2672424,1.2908936,-0.49438477
58808,-1.3581848,1.3684082,-0.43029785
58809,-1.4982605,1.3885498,-0.33126831
58810,-1.4804077,1.4146423,-0.32165527
58811,-1.5678406,1.4093018,-0.21453857
58812,-1.5925598,1.368866,-0.11871338
58813,-1.6651916,1.4234924,-0.046691895
58814,-1.6769409,1.4097595,-0.005493164
58815,-1.7321777,1.4213562,-0.003662109
58816,-1.7588806,1.2606812,0.004272461
58817,-1.6958618,1.4102173,0.050048828
58818,-1.8148804,1.2882996,0.18478394
58819,-1.9839478,1.2471008,0.29846191
58820,-1.8888855,1.0571289,0.2607727
58821,-1.9841003,1.1352539,0.31997681
58822,-1.9824219,1.2051392,0.30593872
58823,-2.0074463,1.2350464,0.3527832
58824,-2.0245361,1.0835266,0.28305054
58825,-1.9888306,1.0687256,0.34118652
58826,-2.0062256,0.88500977,0.44876099
58827,-2.2105408,0.98327637,0.37780762
58828,-1.9677734,0.95687866,0.65139771
58829,-2.2232056,0.78048706,0.70159912
58830,-2.1144104,0.79086304,0.6993103
58831,-2.3170471,0.83465576,0.77468872
58832,-2.0623779,0.89630127,0.7888794
58833,-2.17453,0.88623047,0.85266113
58834,-2.3197937,0.63720703,0.99822998
58835,-2.1624756,0.58578491,0.89950562
58836,-2.2792053,0.64575195,1.0501099
58837,-2.3123169,0.5557251,1.0780334
58838,-2.1916199,0.7131958,1.1286926
58839,-2.2518921,0.59783935,1.212616
58840,-2.202301,0.47164917,1.1708069
58841,-2.1739197,0.46630859,1.1572266
58842,-2.2680664,0.40481567,1.1447144
58843,-2.2914124,0.48904419,1.4729309
58844,-2.2619629,0.29846191,1.3941956
58845,-2.245636,0.094146729,1.2763977
58846,-2.1386719,0.050506592,1.3781738
58847,-2.1315002,0.021209717,1.6293335
58848,-2.0632935,-0.11917114,1.6795349
58849,-2.0379639,-0.26351929,1.6152954
58850,-2.1911621,-0.12283325,1.5029907
58851,-2.194519,-0.25695801,1.7202759
58852,-2.1734619,-0.3326416,1.6917419
58853,-2.1452332,-0.32165527,1.3011169
58854,-2.097168,-0.2432251,1.8933105
58855,-2.288208,-0.50720215,1.9210815
58856,-2.0626831,-0.65841675,1.5126038
58857,-2.0991516,-0.79956055,1.2521362
58858,-1.8629456,-0.65368652,1.5486145
58859,-1.9281006,-0.62850952,1.8865967
58860,-1.9563293,-0.72021484,1.9659424
58861,-1.7869568,-0.82885742,1.9363403
58862,-1.9729614,-1.0092163,1.8638611
58863,-1.7539978,-1.0580444,1.9096375
58864,-1.8736267,-1.2019348,2.0109558
58865,-1.668396,-1.1103821,1.9915771
58866,-1.619873,-1.085968,2.1591187
58867,-1.7175293,-1.338501,1.8746948
58868,-1.6394043,-1.2127686,2.0347595
58869,-1.5914917,-1.5119934,2.0414734
58870,-1.6656494,-1.5135193,2.1238708
58871,-1.5525818,-1.6479492,2.0852661
58872,-1.4320374,-1.7796326,2.1357727
58873,-1.3391113,-1.7234802,2.2348022
58874,-1.2512207,-1.7248535,2.1679688
58875,-1.1943054,-1.7492676,2.1081543
58876,-1.2138367,-1.9908142,1.9854736
58877,-1.1274719,-1.8438721,1.9761658
58878,-1.177063,-1.7915344,2.0214844
58879,-0.93017578,-1.4245605,2.0063782
58880,-1.0797119,-1.7314148,2.0391846
58881,-0.99105835,-1.7939758,1.8302917
58882,-0.95916748,-2.1043396,1.9863892
58883,-0.82397461,-2.102356,2.0036316
58884,-0.80490112,-2.3828125,1.9567871
58885,-0.70602417,-2.071228,1.9204712
58886,-0.64682007,-2.1574402,1.9555664
58887,-0.43136597,-2.1923828,1.8571472
58888,-0.42541504,-2.2181702,1.822052
58889,-0.41259766,-2.3352051,1.7883301
58890,-0.57723999,-2.2850037,1.7205811
58891,-0.32150269,-2.1505737,1.8005371
58892,-0.2545166,-2.2381592,1.9613647
58893,-0.30838013,-2.2332764,1.9200134
58894,-0.30883789,-2.2451782,1.8334961
58895,-0.04119873,-2.4513245,1.7832947
58896,-0.18600464,-2.510376,1.7669678
58897,-0.015411377,-2.5286865,1.5830994
58898,0.057220459,-2.4723816,1.5724182
58899,0.082550049,-2.4504089,1.4581299
58900,0.12710571,-2.3997498,1.4648438
58901,0.17608643,-2.5102234,1.2628174
58902,0.22644043,-2.4259949,1.2600708
58903,0.40679932,-2.6405334,1.2060547
58904,0.49026489,-2.5540161,1.1619568
58905,0.37414551,-2.7577209,1.0791016
58906,0.50476074,-2.5874329,0.97351074
58907,0.58258057,-2.7587891,0.93414307
58908,0.58868408,-2.5505066,0.95489502
58909,0.50186157,-2.5895691,0.83404541
58910,0.84350586,-2.3014832,0.97229004
58911,0.7850647,-2.1600342,0.76812744
58912,0.73608398,-2.2967529,0.88012695
58913,0.92208862,-2.3545837,0.74966431
58914,1.0261536,-2.4179077,0.83251953
58915,0.93978882,-2.1578979,0.72540283
58916,0.90820313,-2.1772766,0.59875488
58917,1.086731,-2.245636,0.50750732
58918,1.0324097,-2.3703003,0.53482056
58919,1.0902405,-2.4713135,0.39382935
58920,1.1373901,-2.3153687,0.35766602
58921,1.1775208,-2.2384644,0.37017822
58922,1.2312317,-2.1789551,0.31555176
58923,1.3005066,-2.1243286,0.13366699
58924,1.1836243,-2.17453,0.22460938
58925,1.2854004,-2.154541,0.036315918
58926,1.2481689,-2.106781,0.14160156
58927,1.3204956,-2.1011353,-0.065917969
58928,1.3020325,-1.9598389,-0.042572021
58929,1.2915039,-2.1269226,-0.067596436
58930,1.1608887,-1.9989014,-0.14297485
58931,1.3323975,-1.9920349,-0.15350342
58932,1.4105225,-1.9543457,-0.17807007
58933,1.4794922,-1.8989563,-0.20263672
58934,1.2495422,-1.9656372,-0.35583496
58935,1.3972473,-1.661377,-0.4397583
58936,1.3597107,-1.6323853,-0.44342041
58937,1.4361572,-1.6143799,-0.52093506
58938,1.5350342,-1.5487671,-0.61080933
58939,1.4956665,-1.5383911,-0.66375732
58940,1.3946533,-1.394043,-0.62149048
58941,1.3716125,-1.3349915,-0.63293457
58942,1.3702393,-1.2414551,-0.72479248
58943,1.4497375,-1.2716675,-0.79483032
58944,1.4434814,-1.2678528,-0.85510254
58945,1.3412476,-1.1460876,-0.85952759
58946,1.448822,-1.14151,-0.99349976
58947,1.3964844,-1.3183594,-0.97412109
58948,1.3378906,-1.3838196,-1.0449219
58949,1.378479,-1.0400391,-1.101532
58950,1.2971497,-0.99395752,-1.1535645
58951,1.2936401,-0.92926025,-0.88424683
58952,1.1872864,-0.75286865,-1.3383484
58953,1.1901855,-0.47454834,-1.166687
58954,1.0443115,-0.35217285,-1.2939453
58955,1.1083984,-0.42358398,-1.2153625
58956,0.97381592,-0.32653809,-1.5109253
58957,1.0479736,-0.33996582,-1.2753296
58958,0.89492798,-0.25985718,-1.3372803
58959,0.91369629,-0.25634766,-1.3595581
58960,1.1117554,-0.18539429,-1.3887024
58961,1.0656738,-0.1222229,-1.4599609
58962,1.0028076,-0.16174316,-1.5391541
58963,0.86975098,-0.11032105,-1.4872742
58964,0.7421875,-0.26947022,-1.5791321
58965,0.7510376,-0.037231445,-1.5971375
58966,0.67962647,0.12115479,-1.6767883
58967,0.53894043,0.23513794,-1.4761353
58968,0.63766479,0.25375366,-1.6307068
58969,0.49118042,0.34301758,-1.4378357
58970,0.64178467,0.4347229,-1.5182495
58971,0.54290772,0.5015564,-1.4227295
58972,0.39077759,0.55923462,-1.4425659
58973,0.51818848,0.51651001,-1.4155579
58974,0.44555664,0.33325195,-1.5377808
58975,0.34942627,0.49606323,-1.484375
58976,0.13885498,0.50598144,-1.3960266
58977,0.22537231,0.59783935,-1.5023804
58978,0.13412476,0.59173584,-1.5600586
58979,0.019226074,0.80383301,-1.6612244
58980,-0.024414063,0.84884644,-1.3795471
58981,-0.072631836,0.97671509,-1.3977051
58982,-0.10818481,1.0256958,-1.3948059
58983,-0.12527466,1.2057495,-1.3487244
58984,-0.22994995,1.1853027,-1.1662292
58985,-0.31951904,1.1964416,-1.3031006
58986,-0.28564453,1.3319397,-1.255188
58987,-0.35903931,1.3513184,-1.027832
58988,-0.55480957,1.2915039,-1.2773132
58989,-0.56121826,1.1927795,-1.2182617
58990,-0.5921936,1.214447,-1.3970947
58991,-0.70510864,1.2164307,-1.1016846
58992,-0.77484131,1.3238525,-1.1547852
58993,-0.88607788,1.4819336,-1.0655212
58994,-0.92819214,1.5788269,-1.2162781
58995,-0.87356567,1.5048218,-1.0375977
58996,-1.0290527,1.5499878,-1.0855103
58997,-1.0665894,1.4413452,-0.95550537
58998,-1.1894226,1.3287354,-0.75088501
58999,-1.056366,1.4337158,-0.82839966
59000,-1.0551453,1.4315796,-0.82382202
59001,-1.1045837,1.4657593,-0.73257446
59002,-1.1529541,1.5641785,-0.64910889
59003,-1.2477112,1.5048218,-0.59082031
59004,-1.3220215,1.4978027,-0.52200317
59005,-1.3847351,1.37146,-0.51971435
59006,-1.499939,1.45401,-0.49224853
59007,-1.4614868,1.3623047,-0.50842285
59008,-1.4277649,1.5545654,-0.34362793
59009,-1.5405273,1.2966919,-0.39169311
59010,-1.7033386,1.4204407,-0.26977539
59011,-1.6862488,1.2207031,-0.3352356
59012,-1.8930054,1.1849976,-0.089874268
59013,-1.8331909,1.2304688,0.007476807
59014,-1.7663574,1.2121582,-0.04486084
59015,-1.7729187,1.2269592,0.07019043
59016,-1.960144,1.2084961,0.20263672
59017,-1.9258118,1.2265015,0.2571106
59018,-1.8319702,1.3562012,0.3112793
59019,-1.9795227,1.3270569,0.29968262
59020,-1.920929,1.3127136,0.38635254
59021,-2.0788574,1.1260986,0.43914795
59022,-1.9721985,1.171875,0.41625977
59023,-2.0158386,0.97869873,0.49041748
59024,-2.1365356,1.0067749,0.56396484
59025,-2.3629761,0.96618652,0.73425293
59026,-2.3439026,1.0321045,0.52780151
59027,-2.3521423,0.92407227,0.76278687
59028,-2.2956848,0.86105347,0.75454712
59029,-2.1835327,0.78125,0.92163086
59030,-2.3027039,0.75332642,0.88729858
59031,-2.3104858,0.74829102,0.72250366
59032,-2.2610474,1.0070801,1.0514832
59033,-2.1859741,0.75042725,0.98449707
59034,-2.4058533,0.57281494,1.164856
59035,-2.4232483,0.5935669,1.0929871
59036,-2.2554016,0.36834717,1.1117554
59037,-2.2215271,0.40512085,1.1254883
59038,-2.2486877,0.50292969,1.2330627
59039,-2.2506714,0.38787842,1.2416077
59040,-2.3117065,0.42800903,1.3619995
59041,-2.3196411,0.40740967,1.4561462
59042,-2.3210144,0.30487061,1.5829468
59043,-2.2564697,-0.083770752,1.550293
59044,-2.1826172,-0.32623291,1.6067505
59045,-2.0300293,0.044250488,1.5348816
59046,-2.228241,-0.14282227,1.3819885
59047,-2.1847534,-0.18722534,1.5812683
59048,-2.1774292,-0.24978638,1.5429688
59049,-2.1702576,-0.24612427,1.6149902
59050,-2.1359253,-0.35140991,1.8026733
59051,-2.088623,-0.37292481,1.7765808
59052,-2.1240234,-0.43304443,1.6656494
59053,-2.0755005,-0.65383911,1.6139221
59054,-2.1118164,-0.73440552,1.9021606
59055,-1.953125,-0.85449219,1.7170715
59056,-1.7643738,-0.8404541,1.7378235
59057,-1.8812561,-0.98999023,2.0201111
59058,-2.0307922,-0.90332031,1.995697
59059,-1.8028259,-0.78979492,2.1339417
59060,-1.6960144,-0.89523315,2.1058655
59061,-1.8025208,-1.1904907,1.9929504
59062,-1.8013,-1.4727783,2.000885
59063,-1.6853333,-1.5461731,2.0217896
59064,-1.7840576,-1.4050293,1.9831848
59065,-1.6418457,-1.2924194,2.2070313
59066,-1.6429138,-1.2617493,2.0230103
59067,-1.6117859,-1.2866211,2.0840454
59068,-1.5203857,-1.3293457,2.0213318
59069,-1.4558411,-1.3569641,2.2079468
59070,-1.4404297,-1.6744995,1.9580078
59071,-1.3560486,-1.6513062,2.1194458
59072,-1.2123108,-1.7326355,2.1832275
59073,-1.2393188,-1.9248962,2.0230103
59074,-1.2365723,-1.8588257,2.0414734
59075,-1.1625671,-2.1179199,1.9805908
59076,-1.1549377,-2.179718,1.9348145
59077,-0.90576172,-1.9038391,2.1096802
59078,-0.93475342,-1.8841553,2.011261
59079,-0.86502075,-1.8048096,2.1588135
59080,-0.79498291,-1.8115234,2.1075439
59081,-0.65032959,-1.8565369,2.1081543
59082,-0.64285278,-1.9871521,1.9207764
59083,-0.6803894,-2.0358276,1.8305969
59084,-0.50415039,-2.1022034,1.8811035
59085,-0.52230835,-2.1791077,1.8200684
59086,-0.5078125,-2.2650146,1.7634583
59087,-0.60729981,-2.3692322,1.822052
59088,-0.42358398,-2.4359131,1.7077637
59089,-0.30700684,-2.3077393,1.6836548
59090,-0.25909424,-2.406311,1.6635132
59091,-0.17700195,-2.2976685,1.6247559
59092,-0.1864624,-2.3370361,1.5583801
59093,-0.19439697,-2.5395203,1.6537476
59094,0.041656494,-2.5350952,1.5461731
59095,0.018157959,-2.6341248,1.7462158
59096,0.006713867,-2.4636841,1.6070557
59097,0.19042969,-2.5622559,1.5274048
59098,0.16036987,-2.4761963,1.3627625
59099,0.24398804,-2.3908997,1.3117981
59100,0.27008057,-2.4349976,1.3745117
59101,0.30639648,-2.4565125,1.2112427
59102,0.337677,-2.6300049,1.277771
59103,0.4524231,-2.5938416,1.3290405
59104,0.48904419,-2.5460815,1.131897
59105,0.41015625,-2.6098633,0.96176147
59106,0.70022583,-2.4267578,0.92041016
59107,0.48431397,-2.611084,0.93185425
59108,0.67626953,-2.3806763,0.87188721
59109,0.68176269,-2.3808289,0.83206177
59110,0.85388184,-2.4876404,0.77880859
59111,0.92727661,-2.1159363,0.67092896
59112,0.89553833,-2.2418213,0.73242188
59113,0.83236694,-2.3368835,0.66711426
59114,0.88546753,-2.4156189,0.57357788
59115,0.90789795,-2.364502,0.53848267
59116,0.93414307,-2.1818542,0.44189453
59117,1.0281372,-2.0843506,0.42449951
59118,1.1288452,-2.0767212,0.24810791
59119,1.1581421,-2.0626831,0.065155029
59120,1.1637878,-2.076416,0.12176514
59121,1.1169434,-2.1575928,0.2406311
59122,1.2800598,-2.1777344,-0.08682251
59123,1.3002014,-1.9178772,-0.082397461
59124,1.3586426,-1.9274902,-0.14480591
59125,1.3282776,-1.9589233,-0.15014648
59126,1.3458252,-1.9691467,-0.18310547
59127,1.366272,-2.0578003,-0.20477295
59128,1.5292358,-2.0622253,-0.19561768
59129,1.3949585,-1.8768311,-0.29418945
59130,1.4770508,-1.7532349,-0.34973144
59131,1.5226746,-1.6905212,-0.49346924
59132,1.2979126,-1.7797852,-0.39016724
59133,1.565094,-1.6123962,-0.56457519
59134,1.4324951,-1.5757751,-0.58074951
59135,1.5252686,-1.6247559,-0.72860718
59136,1.5350342,-1.353302,-0.66726685
59137,1.5068054,-1.3388062,-0.65856934
59138,1.4762878,-1.2757874,-0.68603516
59139,1.4283752,-1.2284851,-0.75286865
59140,1.4282227,-1.1849976,-0.76980591
59141,1.4782715,-1.133728,-0.79681397
59142,1.4093018,-1.126709,-0.74508667
59143,1.3517761,-1.1326599,-0.76660156
59144,1.4122009,-0.9992981,-0.71304321
59145,1.342926,-1.031189,-0.96725464
59146,1.3619995,-1.0708618,-1.131134
59147,1.2954712,-0.93673706,-1.1849976
59148,1.232605,-0.8303833,-1.0362244
59149,1.169281,-0.81451416,-1.010437
59150,1.239624,-0.78857422,-1.1856079
59151,1.2316895,-0.66757202,-1.0220337
59152,1.161499,-0.52841187,-1.3270569
59153,1.1639404,-0.44250488,-1.3114929
59154,1.0108948,-0.31616211,-1.3240051
59155,1.1140442,-0.3855896,-1.4694214
59156,0.91751099,-0.29815674,-1.2580872
59157,1.0916138,-0.23803711,-1.4221191
59158,1.0165405,-0.21530151,-1.360321
59159,0.96694946,-0.21575928,-1.5145874
59160,0.93536377,-0.043487549,-1.3194275
59161,0.78552246,0.0390625,-1.4001465
59162,0.78491211,-0.020599365,-1.4706421
59163,0.71792603,0.08972168,-1.5429688
59164,0.70083618,0.3213501,-1.4587402
59165,0.599823,0.1423645,-1.4656067
59166,0.54244995,0.35064697,-1.6003418
59167,0.49850464,0.24414063,-1.4775085
59168,0.47058106,0.47943115,-1.6282654
59169,0.29418945,0.59341431,-1.494751
59170,0.47515869,0.45654297,-1.4430237
59171,0.41717529,0.42999268,-1.3743591
59172,0.27328491,0.51315308,-1.5664673
59173,0.17547607,0.74905396,-1.5396118
59174,0.17272949,0.70251465,-1.4888
59175,0.17669678,0.6211853,-1.4503479
59176,0.13336182,0.53741455,-1.3670349
59177,0.075378418,0.83068848,-1.3851929
59178,0.11856079,0.82901001,-1.4630127
59179,0.022583008,0.79650879,-1.5730286
59180,-0.078125,0.82244873,-1.410675
59181,-0.068206787,0.94268799,-1.3179016
59182,-0.27160644,0.90499878,-1.1645508
59183,-0.20233154,1.0011291,-1.3357544
59184,-0.38467407,1.1724854,-1.2527466
59185,-0.37139893,1.1849976,-1.1865234
59186,-0.39047241,1.2553406,-1.0713196
59187,-0.44647217,1.2446594,-1.158905
59188,-0.56488037,1.2966919,-1.0256958
59189,-0.54290772,1.270752,-1.0163879
59190,-0.60806274,1.2435913,-0.96679688
59191,-0.80535889,1.2226868,-0.99700928
59192,-0.83572388,1.2081909,-0.95214844
59193,-0.92834473,1.2393188,-0.91964722
59194,-0.78781128,1.2573242,-1.0443115
59195,-1.0308838,1.3653564,-0.74768066
59196,-1.0432434,1.4389038,-0.8795166
59197,-1.1094666,1.2905884,-0.76034546
59198,-1.2133789,1.2008667,-0.78430176
59199,-1.2194824,1.3398743,-0.83816528
59200,-1.2680054,1.3435364,-0.63400269
59201,-1.315918,1.4237976,-0.56915283
59202,-1.4250183,1.3565063,-0.65673828
59203,-1.4590454,1.4254761,-0.51681519
59204,-1.5385437,1.5034485,-0.41641235
59205,-1.4935303,1.4137268,-0.44509888
59206,-1.4427185,1.4518738,-0.25741577
59207,-1.6589355,1.0743713,-0.5329895
59208,-1.8894959,1.2698364,-0.33157349
59209,-1.8292236,1.2492371,-0.14892578
59210,-1.9030762,1.3015747,-0.10543823
59211,-1.9085693,1.3485718,-0.10604858
59212,-1.9470215,1.4691162,0.041809082
59213,-1.9030762,1.4329529,-0.039672852
59214,-2.0422363,1.2203979,0.16235352
59215,-2.0788574,1.2757874,0.25817871
59216,-2.1481323,1.1514282,0.19744873
59217,-2.2361755,1.2652588,0.32913208
59218,-2.1481323,1.2736511,0.36087036
59219,-2.1038818,1.240387,0.43289185
59220,-2.0970154,1.2017822,0.4699707
59221,-2.1615601,1.1360168,0.54046631
59222,-2.0394897,1.0601807,0.47027588
59223,-2.1372986,1.0235596,0.5456543
59224,-1.9947815,0.99060059,0.58639526
59225,-2.1266174,0.89355469,0.6477356
59226,-2.2029114,0.73272705,0.69580078
59227,-2.4029541,0.79483032,0.77758789
59228,-2.2781372,0.8052063,0.81192017
59229,-2.1478271,0.70617676,0.92666626
59230,-2.2671509,0.65429688,0.81985474
59231,-2.1824646,0.59783935,0.96008301
59232,-2.3205566,0.53955078,1.138916
59233,-2.3234558,0.39672852,0.98144531
59234,-2.2470093,0.46539307,1.1965942
59235,-2.4211121,0.51757813,1.2319946
59236,-2.3963928,0.49804688,1.3412476
59237,-2.3893738,0.40893555,1.3285828
59238,-2.4432373,0.45166016,1.3670349
59239,-2.5834656,0.12237549,1.3180542
59240,-2.1975708,0.22705078,1.5093994
59241,-2.396698,-0.06149292,1.5180969
59242,-2.323761,-0.27175903,1.4810181
59243,-2.2869873,-0.081634521,1.5995789
59244,-2.3576355,-0.30288696,1.4505005
59245,-2.3902893,0.006561279,1.7358398
59246,-2.2441101,-0.27511597,1.6830444
59247,-2.2488403,-0.097961426,1.600647
59248,-2.272644,-0.36499023,1.7041016
59249,-2.1321106,-0.43121338,1.8019104
59250,-2.1342468,-0.35598755,1.7425537
59251,-1.9975281,-0.52093506,1.8255615
59252,-2.0777893,-0.54672241,2.1998596
59253,-2.0251465,-0.52444458,1.8815613
59254,-1.8838501,-0.72998047,1.8695068
59255,-1.8458557,-0.80795288,1.937561
59256,-1.9694519,-0.82229614,2.0588684
59257,-1.9203186,-0.62316894,2.013092
59258,-1.7555237,-0.73410034,1.856842
59259,-1.7170715,-1.0328674,1.9194031
59260,-1.7733765,-1.0229492,2.1575928
59261,-1.8200684,-1.0740662,2.1673584
59262,-1.5739441,-1.1428833,2.1496582
59263,-1.661377,-1.2802124,2.1717834
59264,-1.7320251,-1.1653137,2.2476196
59265,-1.7251587,-1.4961243,2.1328735
59266,-1.6438293,-1.29776,1.9671631
59267,-1.6555786,-1.5005493,2.0892334
59268,-1.529541,-1.578064,1.9041443
59269,-1.3327026,-1.5603638,2.000885
59270,-1.424408,-1.5048218,2.0367432
59271,-1.2797546,-1.6433716,2.039032
59272,-1.3537598,-1.7416382,2.0623779
59273,-1.4170837,-1.8927002,1.9056702
59274,-1.0476685,-1.7793274,2.0422363
59275,-1.0002136,-1.8922424,1.9549561
59276,-0.90148926,-1.9218445,1.9566345
59277,-0.92453003,-1.8190002,1.9709778
59278,-0.97045898,-1.947937,1.993103
59279,-0.86608887,-2.0263672,1.8966675
59280,-0.72418213,-2.0002747,1.9671631
59281,-0.47576904,-2.0175171,1.9970703
59282,-0.70495606,-2.0347595,2.1177673
59283,-0.58105469,-2.0574951,1.9181824
59284,-0.69702148,-2.1589661,1.9775391
59285,-0.56777954,-2.0663452,1.9003296
59286,-0.39306641,-2.1829224,1.832428
59287,-0.43243408,-2.1838379,1.835022
59288,-0.23361206,-2.2006226,1.7095947
59289,-0.12405395,-2.2006226,1.7634583
59290,-0.18676758,-2.2306824,1.7350769
59291,-0.17868042,-2.2412109,1.6592407
59292,-0.011901855,-2.293396,1.6156006
59293,0.017852783,-2.321167,1.526947
59294,0.021820068,-2.321167,1.4900208
59295,0.1248169,-2.4725342,1.4251709
59296,0.24536133,-2.3399353,1.4093018
59297,0.10513306,-2.3635864,1.3796997
59298,0.1411438,-2.3910522,1.3653564
59299,0.24856567,-2.3944092,1.3142395
59300,0.418396,-2.432251,1.2039185
59301,0.41625977,-2.4307251,1.149292
59302,0.46691894,-2.3883057,1.1129761
59303,0.52993774,-2.5,1.0664368
59304,0.55419922,-2.437439,0.93429565
59305,0.53344727,-2.4226379,0.96160889
59306,0.5871582,-2.4401855,0.95352173
59307,0.6628418,-2.4749756,0.8531189
59308,0.73532104,-2.4650574,0.86044312
59309,0.76705933,-2.3568726,0.81802368
59310,0.85342407,-2.3040771,0.7611084
59311,0.834198,-2.1755981,0.60882568
59312,0.88882446,-2.1908569,0.66085815
59313,0.92102051,-2.2595215,0.59768677
59314,0.87600708,-2.3310852,0.59417725
59315,1.0351563,-2.3060608,0.43014526
59316,1.1334229,-2.2070313,0.3036499
59317,1.0775757,-2.1514893,0.25482178
59318,1.0098267,-2.1737671,0.2633667
59319,1.1283875,-2.1469116,0.31158447
59320,1.2426758,-2.0968628,0.094299316
59321,1.0583496,-2.122345,0.13366699
59322,1.0733032,-2.0884705,0.12268066
59323,1.197052,-2.0930481,-0.023803711
59324,1.1727905,-2.0367432,0.15319824
59325,1.1968994,-1.9697571,-0.14419556
59326,1.1584473,-1.9648743,-0.22155762
59327,1.1506653,-1.9641113,-0.33538818
59328,1.3232422,-1.9265747,-0.30380249
59329,1.1906433,-1.7869568,-0.22827148
59330,1.3432312,-1.7112732,-0.4057312
59331,1.361084,-1.6589355,-0.32546997
59332,1.2190247,-1.6085815,-0.5809021
59333,1.484375,-1.6362,-0.45669556
59334,1.3247681,-1.5953064,-0.38467407
59335,1.308136,-1.5489197,-0.44189453
59336,1.2469482,-1.3153076,-0.57907104
59337,1.0969543,-1.3287354,-0.60028076
59338,1.1917114,-1.1938477,-0.58105469
59339,1.2313843,-1.1486816,-0.6326294
59340,1.1135864,-1.0116577,-0.69793701
59341,1.1906433,-1.1837769,-0.78720093
59342,1.2307739,-1.0369873,-0.87615967
59343,1.0424805,-1.0237122,-0.80078125
59344,1.1994934,-0.85357666,-0.96923828
59345,1.0852051,-0.85067749,-0.93185425
59346,0.99685669,-0.75561523,-0.97625732
59347,1.0534668,-0.56106567,-0.93032837
59348,1.0072327,-0.70053101,-1.0606384
59349,1.0740662,-0.61691284,-1.0974121
59350,1.0768127,-0.55541992,-1.0929871
59351,1.0453796,-0.42266846,-1.1219788
59352,1.0546875,-0.65078735,-1.2626648
59353,1.0482788,-0.45959473,-1.2983704
59354,1.0316467,-0.3767395,-1.2802124
59355,0.84487915,-0.28762817,-1.2298584
59356,0.8581543,-0.12023926,-1.1717224
59357,0.85006714,-0.15441895,-1.2194824
59358,0.89157104,-0.20690918,-1.2084961
59359,0.76904297,-0.091552734,-1.2155151
59360,0.78735352,-0.21820068,-1.3644409
59361,0.59387207,-0.020446777,-1.3314819
59362,0.70510864,0.006408691,-1.4309692
59363,0.50445557,-0.24169922,-1.5927124
59364,0.52444458,-0.008239746,-1.3368225
59365,0.58258057,0.003814697,-1.2304688
59366,0.36361694,0.027160645,-1.3516235
59367,0.20904541,0.26397705,-1.190033
59368,0.3767395,0.43243408,-1.3122559
59369,0.32745361,0.43792725,-1.4033508
59370,0.30395508,0.5279541,-1.4309692
59371,0.25146484,0.17715454,-1.368103
59372,0.11199951,0.43960571,-1.2423706
59373,0.12176514,0.62347412,-1.3934326
59374,-0.002441406,0.69900513,-1.2908936
59375,-0.12359619,0.9703064,-1.3285828
59376,-0.057983398,0.87341309,-1.2054443
59377,-0.23483276,0.87814331,-1.0281372
59378,-0.042724609,0.96786499,-1.2098694
59379,-0.14953613,1.0710144,-1.2770081
59380,-0.30029297,0.98510742,-1.2124634
59381,-0.38024902,0.96557617,-1.1465454
59382,-0.3163147,0.93948364,-1.257019
59383,-0.47088623,1.1328125,-1.1672974
59384,-0.43930054,1.0116577,-1.2908936
59385,-0.47073364,1.0916138,-1.3136291
59386,-0.59066772,1.2080383,-1.3902283
59387,-0.6918335,1.0215759,-1.1331177
59388,-0.83694458,1.3038635,-0.96374512
59389,-0.84411621,1.2330627,-0.89599609
59390,-0.86715698,1.2832642,-0.89355469
59391,-0.9727478,1.1047363,-0.72189331
59392,-1.0423279,1.2063599,-0.80383301
59393,-1.0993958,1.4660645,-0.62988281
59394,-1.2312317,1.3278198,-0.72097778
59395,-1.3278198,1.3261414,-0.59448242
59396,-1.4671326,1.3500977,-0.49377441
59397,-1.2187195,1.1225891,-0.42449951
59398,-1.2295532,1.0726929,-0.60363769
59399,-1.370697,1.2467957,-0.41793823
59400,-1.3674927,1.3124084,-0.49911499
59401,-1.3638306,1.3435364,-0.38024902
59402,-1.3113403,1.3778687,-0.30517578
59403,-1.446228,1.1195374,-0.35751343
59404,-1.3923645,1.2744141,-0.27069092
59405,-1.5858459,1.2663269,-0.17654419
59406,-1.7124939,1.23703,-0.13793945
59407,-1.672821,1.1578369,-0.22628784
59408,-1.651001,1.1871338,-0.13275147
59409,-1.7242432,1.2211609,-0.091400146
59410,-1.7860413,1.2286377,-0.046081543
59411,-1.7576599,1.0702515,0.006256104
59412,-2.086792,1.0888672,0.074462891
59413,-2.0498657,1.071167,0.17730713
59414,-2.1800232,1.081543,0.21636963
59415,-2.0979309,1.0238647,0.3793335
59416,-1.9526672,1.0009766,0.35430908
59417,-1.8478394,1.0795593,0.35018921
59418,-1.9842529,1.0913086,0.48461914
59419,-1.9750977,0.93963623,0.36453247
59420,-2.0646667,1.0188293,0.4675293
59421,-1.9799805,0.90545654,0.52154541
59422,-2.0571899,0.85281372,0.7107544
59423,-2.0596313,0.89630127,0.54595947
59424,-2.1330261,0.91461182,0.88012695
59425,-2.217865,0.70098877,0.75500488
59426,-2.2190857,0.75256348,0.98846435
59427,-2.0649719,0.69717407,0.9841919
59428,-2.1520996,0.53710938,1.0540771
59429,-2.028656,0.61950684,1.0298157
59430,-2.0863342,0.5897522,1.0467529
59431,-2.0240784,0.40725708,1.0928345
59432,-2.1228027,0.38131714,0.93399048
59433,-2.071228,0.38360596,1.0794067
59434,-2.0214844,0.18859863,1.2779236
59435,-2.0471191,0.11520386,1.088562
59436,-1.8647766,-0.33782959,1.2309265
59437,-2.1174622,0.028686523,1.2026978
59438,-2.1755981,0.035095215,1.1384583
59439,-2.0542908,0.028381348,1.1444092
59440,-1.9560242,-0.7093811,1.3052368
59441,-1.9467163,-0.28656006,1.4894104
59442,-1.9021606,-0.088653564,1.547699
59443,-1.9770813,-0.27679443,1.496582
59444,-1.9326782,-0.30700684,1.5762329
59445,-1.8960571,-0.31082153,1.524353
59446,-1.9308472,-0.52276611,1.5139771
59447,-1.8942261,-0.56915283,1.8096924
59448,-1.8225098,-0.55343628,1.3754272
59449,-1.900177,-0.68588257,1.5792847
59450,-2.0225525,-0.64834595,1.902771
59451,-1.8742371,-0.62805176,1.6830444
59452,-1.8330383,-0.84960938,1.7778015
59453,-1.7832947,-0.90545654,1.643219
59454,-1.6720581,-1.0412598,1.7686462
59455,-1.6494751,-1.0432434,1.9348145
59456,-1.6738892,-0.83862305,1.8223572
59457,-1.5254211,-0.97579956,1.8135071
59458,-1.6117859,-1.0720825,1.8936157
59459,-1.5818787,-1.0820007,1.890564
59460,-1.5925598,-1.103363,1.9662476
59461,-1.3818359,-1.2536621,1.8334961
59462,-1.4282227,-1.325531,1.847229
59463,-1.267395,-1.3432312,1.8518066
59464,-1.4059448,-1.4993286,1.9815063
59465,-1.325531,-1.4959717,1.8041992
59466,-1.2313843,-1.6145325,1.8229675
59467,-1.0830688,-1.612854,1.8492126
59468,-1.1161804,-1.4450073,1.8971252
59469,-1.1380005,-1.4250183,1.946106
59470,-0.93597412,-1.5359497,1.8292236
59471,-0.82092285,-1.6171265,1.8348694
59472,-0.8279419,-1.7370605,1.9302368
59473,-0.82504272,-1.9073486,1.7799377
59474,-0.93902588,-1.8614197,1.9284058
59475,-0.75942993,-1.8069458,1.7095947
59476,-0.65032959,-1.8721008,1.6993713
59477,-0.43762207,-1.9816589,1.6818237
59478,-0.5758667,-2.0373535,1.6464233
59479,-0.46127319,-1.9799805,1.6549683
59480,-0.49331665,-1.8925476,1.5179443
59481,-0.31509399,-1.8518066,1.547699
59482,-0.39016724,-1.9993591,1.4633179
59483,-0.29052734,-2.0748901,1.6073608
59484,-0.40847778,-2.0021057,1.7097473
59485,-0.18661499,-2.1139526,1.5640259
59486,-0.18112183,-2.1652222,1.7286682
59487,-0.099334717,-2.2361755,1.4318848
59488,-0.024719238,-2.2624207,1.5284729
59489,-0.14511108,-2.1389771,1.506958
59490,0.14129639,-2.3234558,1.366272
59491,0.13748169,-2.3010254,1.3723755
59492,0.089874268,-2.199707,1.2701416
59493,0.12054443,-2.4415588,1.2101746
59494,0.23117065,-2.399292,1.1328125
59495,0.22918701,-2.3693848,1.0644531
59496,0.22613525,-2.155304,1.1161804
59497,0.34439087,-2.3406982,0.90713501
59498,0.4385376,-2.2055054,0.94589233
59499,0.38253784,-2.109375,0.93093872
59500,0.493927,-2.0378113,0.8670044
59501,0.55908203,-2.0050049,0.79421997
59502,0.55908203,-1.8527222,0.90576172
59503,0.59326172,-2.053833,0.97808838
59504,0.61813354,-1.9641113,0.69595337
59505,0.6451416,-2.0124817,0.57723999
59506,0.66879272,-2.2131348,0.63064575
59507,0.80474853,-2.1438599,0.60729981
59508,0.79589844,-2.1398926,0.52993774
59509,0.83618164,-2.2180176,0.48110962
59510,0.83724976,-2.0420837,0.38269043
59511,0.90744019,-1.8991089,0.31463623
59512,0.86090088,-1.8728638,0.34667969
59513,0.91369629,-1.8737793,0.16296387
59514,1.0623169,-2.026062,0.079803467
59515,1.0914612,-2.097168,0.040435791
59516,1.010437,-1.9206238,0.09185791
59517,1.0513306,-1.8661499,0.053863525
59518,1.0566711,-1.8574524,0.12054443
59519,1.1190796,-1.9154358,-0.061645508
59520,0.9765625,-1.8603516,0.20950317
59521,1.204834,-1.7312622,0.035247803
59522,1.1096191,-1.7097473,-0.062561035
59523,1.1019897,-1.6845703,-0.20553589
59524,1.0894775,-1.4758301,-0.25222778
59525,1.0595703,-1.5275574,-0.50842285
59526,1.0473633,-1.4631653,-0.3642273
59527,1.0868835,-1.5496826,-0.40969849
59528,1.027832,-1.6075134,-0.38787842
59529,1.098938,-1.4151001,-0.38391113
59530,1.0031128,-1.1857605,-0.46142578
59531,1.0604858,-1.1447144,-0.55267334
59532,1.0534668,-1.0778809,-0.56930542
59533,0.9992981,-1.1352539,-0.66177368
59534,1.0549927,-1.1148071,-0.66253662
59535,1.0331726,-0.97290039,-0.63140869
59536,1.1528015,-1.0142517,-0.72799683
59537,1.1157227,-1.0301209,-0.83999634
59538,1.0398865,-0.90240478,-0.8430481
59539,0.97351074,-0.98983765,-0.79895019
59540,1.071167,-1.0520935,-0.97015381
59541,0.90682983,-0.97183228,-0.79101563
59542,1.0168457,-0.90301514,-0.94161987
59543,1.0449219,-0.73898315,-1.0574341
59544,1.0476685,-0.60119629,-1.0958862
59545,0.94345093,-0.42831421,-1.1103821
59546,0.92346191,-0.47637939,-1.1698914
59547,0.76919556,-0.37109375,-1.0772705
59548,0.78903198,-0.27801514,-1.2120056
59549,0.93795776,-0.25695801,-1.2496948
59550,0.71914673,-0.18051148,-1.1628723
59551,0.82809448,-0.068206787,-1.1857605
59552,0.69000244,0.010528564,-1.2028503
59553,0.71899414,0.11169434,-1.1643982
59554,0.7800293,-0.36331177,-1.446228
59555,0.37734985,-0.26794434,-1.3415527
59556,0.61187744,-0.25192261,-1.5280151
59557,0.40298462,0.01159668,-1.3311768
59558,0.34622192,0.024719238,-1.378479
59559,0.40771484,0.23544312,-1.2757874
59560,0.40176392,0.38360596,-1.272583
59561,0.33020019,0.44204712,-1.3383484
59562,0.22064209,0.54962158,-1.386261
59563,0.2986145,0.4460144,-1.3256836
59564,0.28320313,0.50674438,-1.2258911
59565,0.13076782,0.73898315,-1.1628723
59566,0.14678955,0.62255859,-1.3105774
59567,0.11810303,0.63613892,-1.1790466
59568,-0.024108887,0.6640625,-1.2986755
59569,0.038604736,0.66162109,-1.343689
59570,-0.078887939,0.54626465,-1.2652588
59571,-0.23605347,0.83816528,-1.1424255
59572,-0.27160644,0.93292236,-1.1166382
59573,-0.26260376,0.7484436,-1.1853027
59574,-0.35354614,1.1068726,-1.1500549
59575,-0.37567139,1.0510254,-1.131134
59576,-0.37750244,1.1094666,-1.1140442
59577,-0.34698486,1.1743164,-1.0664368
59578,-0.4574585,1.126709,-0.91720581
59579,-0.51177978,0.95214844,-0.94970703
59580,-0.62103272,1.0621643,-0.99273682
59581,-0.64239502,1.1772156,-0.93185425
59582,-0.72143555,1.1907959,-0.82260132
59583,-0.82046509,1.2303162,-0.69458008
59584,-0.88928223,1.2234497,-0.66375732
59585,-1.0035706,1.206665,-0.63964844
59586,-1.0090637,1.2776184,-0.69854736
59587,-0.99563599,1.2675476,-0.57174683
59588,-1.1308289,1.2890625,-0.49926758
59589,-1.1010742,1.09375,-0.6590271
59590,-1.0900879,1.0884094,-0.55343628
59591,-1.2113953,1.2266541,-0.53131103
59592,-1.2437439,1.2548828,-0.54260254
59593,-1.2321472,1.4538574,-0.4208374
59594,-1.3180542,1.2837219,-0.37445068
59595,-1.3798523,1.2442017,-0.33691406
59596,-1.3661194,1.224823,-0.11474609
59597,-1.5110779,1.3444519,-0.10131836
59598,-1.5475464,1.3362122,-0.12084961
59599,-1.4501953,1.0968018,-0.068664551
59600,-1.7422485,0.91201782,-0.19744873
59601,-1.6854858,1.0969543,-0.028991699
59602,-1.5124512,1.2232971,-0.037689209
59603,-1.8159485,1.0307312,0.12359619
59604,-1.7727661,1.1273193,0.06439209
59605,-1.714325,1.0951233,0.20996094
59606,-1.7713928,0.99426269,0.40405273
59607,-1.8052673,0.91262817,0.25878906
59608,-1.8763733,0.98434448,0.31524658
59609,-1.9030762,0.89508057,0.5317688
59610,-2.0243835,0.81115723,0.54412842
59611,-1.7533875,0.94192505,0.48675537
59612,-1.9490051,0.95123291,0.58105469
59613,-2.0223999,0.91415405,0.69412231
59614,-2.0799255,0.8744812,0.69747925
59615,-1.9958496,0.87738037,0.62713623
59616,-2.0109558,0.73944092,0.7824707
59617,-2.1627808,0.7421875,0.85861206
59618,-2.2155762,0.67581177,0.84060669
59619,-2.157135,0.66802978,0.80413818
59620,-1.9378662,0.69747925,0.94085693
59621,-1.9381714,0.73669434,1.038208
59622,-2.0582581,0.66543579,1.1659241
59623,-2.0849609,0.57312012,1.3009644
59624,-2.2265625,0.42251587,1.3850403
59625,-2.1302795,0.45288086,1.2701416
59626,-2.2163391,0.34912109,1.2864685
59627,-2.20047,0.46295166,1.2486267
59628,-1.9825745,0.15075684,1.2042236
59629,-2.1626282,0.16983032,1.2466431
59630,-2.2021484,0.18966675,1.4276123
59631,-2.2058105,-0.024414063,1.3745117
59632,-2.155304,0.049285889,1.4570618
59633,-1.8630981,-0.2116394,1.1697388
59634,-1.9721985,-0.26748657,1.532135
59635,-1.9036865,-0.32073975,1.5678406
59636,-2.0469666,-0.15975952,1.5776062
59637,-1.9404602,-0.2897644,1.5449524
59638,-2.0169067,-0.67977905,1.6372681
59639,-1.9946289,-0.57128906,1.8415833
59640,-1.9003296,-0.54977417,1.6355896
59641,-1.8589783,-0.56274414,1.7318726
59642,-1.8624878,-0.77255249,1.7028809
59643,-1.9625854,-0.74783325,1.9154358
59644,-1.8859863,-0.58166504,1.6996765
59645,-1.8609619,-0.85601807,1.8284607
59646,-1.7355347,-0.89202881,1.8457031
59647,-1.7251587,-0.70465088,1.8727112
59648,-1.5727234,-0.6968689,2.048645
59649,-1.6781616,-0.76400757,1.9723511
59650,-1.6836548,-1.0951233,1.3441467
59651,-1.5751648,-1.1621094,1.7907715
59652,-1.5293884,-1.1734009,2.1453857
59653,-1.6578674,-1.5551758,1.9067383
59654,-1.6790771,-1.3713074,2.0794678
59655,-1.5875244,-1.3676453,2.1820068
59656,-1.5182495,-1.3272095,1.975708
59657,-1.4109802,-1.5447998,1.9447327
59658,-1.2991333,-1.5776062,2.0259094
59659,-1.2716675,-1.6955566,2.1325684
59660,-1.1863709,-1.5861511,2.0173645
59661,-1.28479,-1.8424988,1.8676758
59662,-1.2179565,-1.9497681,1.9683838
59663,-1.081543,-2.046814,1.8359375
59664,-1.0464478,-2.1116638,1.8363953
59665,-1.0583496,-1.7198181,2.0375061
59666,-0.89233398,-1.8228149,1.9590759
59667,-0.89401245,-1.7030334,2.0205688
59668,-0.74691772,-1.774292,1.95755
59669,-0.64270019,-1.8492126,1.88797
59670,-0.77102661,-1.9847107,1.7584229
59671,-0.66116333,-2.0956421,1.7382813
59672,-0.67260742,-2.0806885,1.6757202
59673,-0.67306519,-1.8974304,1.7448425
59674,-0.45166016,-2.2416687,1.6421509
59675,-0.42922974,-2.1606445,1.7297363
59676,-0.42175293,-2.2622681,1.7237854
59677,-0.36819458,-2.2468567,1.6516113
59678,-0.33416748,-2.1842957,1.7053223
59679,-0.1121521,-2.2303772,1.6200256
59680,-0.15472412,-2.2373962,1.625824
59681,-0.080413818,-2.2872925,1.5211487
59682,-0.18554688,-2.338562,1.6693115
59683,-0.026092529,-2.4212646,1.6612244
59684,0.095214844,-2.5628662,1.3021851
59685,0.12115479,-2.3835754,1.3272095
59686,0.13763428,-2.2930908,1.3014221
59687,0.15838623,-2.4002075,1.3522339
59688,0.39337158,-2.300415,1.18927
59689,0.35980225,-2.2644043,1.1820984
59690,0.43716431,-2.3881531,1.1898804
59691,0.42831421,-2.4053955,0.86959839
59692,0.47332764,-2.482605,1.0462952
59693,0.60440063,-2.4040222,0.91934204
59694,0.70999146,-2.3704529,0.90423584
59695,0.69412231,-2.5572205,0.83374023
59696,0.66970825,-2.4516296,0.72128296
59697,0.89859009,-2.3379517,0.67565918
59698,0.76629639,-2.2605896,0.60852051
59699,0.81298828,-2.3176575,0.7421875
59700,0.97167969,-2.4333191,0.66345215
59701,0.80581665,-2.2970581,0.61569214
59702,0.87463379,-2.3571777,0.49758911
59703,1.0426331,-2.2227478,0.45318603
59704,1.1036682,-2.1459961,0.40344238
59705,1.1155701,-2.1736145,0.33401489
59706,1.0186768,-2.1052551,0.26138306
59707,1.1329651,-2.1466064,0.41152954
59708,1.0964966,-2.1047974,0.15899658
59709,1.0461426,-2.1476746,0.082550049
59710,1.2567139,-2.0133972,0.068664551
59711,1.1169434,-2.0275879,-0.025482178
59712,1.2782288,-2.0648193,-0.1234436
59713,1.2045288,-1.8899536,-0.13076782
59714,1.2602234,-1.8649292,-0.1461792
59715,1.3409424,-1.8896484,-0.26000977
59716,1.3310242,-1.8406677,-0.18218994
59717,1.2844849,-1.776123,-0.26245117
59718,1.3191223,-1.7047119,-0.34561157
59719,1.3369751,-1.6423035,-0.45898438
59720,1.3458252,-1.6835022,-0.43334961
59721,1.3317871,-1.6853333,-0.58135986
59722,1.3137817,-1.6044617,-0.59173584
59723,1.4378357,-1.4387512,-0.63934326
59724,1.3058472,-1.3406372,-0.63903809
59725,1.4198303,-1.4202881,-0.68023682
59726,1.3067627,-1.3356018,-0.86410522
59727,1.4131165,-1.2986755,-0.79162598
59728,1.2692261,-1.2400818,-0.7913208
59729,1.2533569,-1.2475586,-0.92971802
59730,1.247406,-1.1044312,-0.96618652
59731,1.3439941,-0.97366333,-0.91186523
59732,1.191864,-0.7850647,-1.0612488
59733,1.2817383,-0.64407349,-1.0655212
59734,1.2062073,-0.57098389,-0.99533081
59735,1.1758423,-0.49407959,-1.1489868
59736,1.2356567,-0.63186646,-1.0948181
59737,1.2760925,-0.57846069,-1.2362671
59738,1.0081482,-0.52764893,-1.2084961
59739,1.0742188,-0.27069092,-1.1335754
59740,1.2373352,-0.35324097,-1.2310791
59741,1.0203552,-0.39428711,-1.3899231
59742,1.0229492,-0.42861939,-1.3050842
59743,1.0310364,-0.2897644,-1.3748169
59744,0.92910767,-0.12130737,-1.3391113
59745,1.028595,-0.067138672,-1.3780212
59746,0.94055176,-0.08392334,-1.3090515
59747,0.96313477,-0.065612793,-1.4273071
59748,0.90988159,0.009002686,-1.4019775
59749,0.73547363,-0.34515381,-1.5487671
59750,0.71304321,-0.16082764,-1.4060974
59751,0.74020386,0.15914917,-1.4959717
59752,0.63720703,0.43777466,-1.3557434
59753,0.45730591,0.38391113,-1.3909912
59754,0.47927856,0.60333252,-1.3085938
59755,0.67886353,0.21606445,-1.3746643
59756,0.35171509,0.32165527,-1.3334656
59757,0.37017822,0.49835205,-1.5081787
59758,0.59967041,0.4624939,-1.4859009
59759,0.31982422,0.64880371,-1.5390015
59760,0.25756836,0.80673218,-1.4520264
59761,0.18356323,0.83724976,-1.4274597
59762,0.17669678,0.79544067,-1.2875366
59763,-0.004730225,1.0180664,-1.4498901
59764,0.065612793,0.95031738,-1.386261
59765,-0.050354004,0.98602295,-1.4222717
59766,-0.079345703,1.0302734,-1.3754272
59767,-0.14266968,0.8203125,-1.3847351
59768,-0.21911621,0.8241272,-1.3439941
59769,-0.17593384,1.0176086,-1.1160278
59770,-0.35339356,0.80673218,-1.1764526
59771,-0.34362793,0.93841553,-1.2864685
59772,-0.44555664,1.0385132,-1.2255859
59773,-0.58319092,1.0639954,-1.1578369
59774,-0.46524048,1.1764526,-1.2106323
59775,-0.440979,1.2689209,-1.2176514
59776,-0.48217773,1.4019775,-1.1160278
59777,-0.57861328,1.4167786,-1.0588074
59778,-0.75271606,1.4212036,-1.0690308
59779,-0.75286865,1.300354,-1.0816956
59780,-0.87646484,1.2776184,-1.0214233
59781,-0.87768555,1.3336182,-0.9854126
59782,-0.97503662,1.2538147,-0.87860107
59783,-1.1535645,1.4007568,-0.71014404
59784,-1.1590576,1.6410828,-0.63644409
59785,-1.2135315,1.512146,-0.62744141
59786,-1.3427734,1.3684082,-0.5783081
59787,-1.3063049,1.4414978,-0.53710938
59788,-1.3511658,1.3969421,-0.4208374
59789,-1.4419556,1.4025879,-0.37765503
59790,-1.5074158,1.4826965,-0.31555176
59791,-1.5299988,1.5458679,-0.28121948
59792,-1.5820313,1.4297485,-0.23223877
59793,-1.5118408,1.474762,-0.19577026
59794,-1.7875671,1.3819885,-0.16265869
59795,-1.7308044,1.3560486,-0.22216797
59796,-1.867218,1.2882996,-0.057525635
59797,-1.8408203,1.3842773,-0.11657715
59798,-1.8043518,1.4434814,-0.00793457
59799,-1.9236755,1.3757324,0.01663208
59800,-1.8569946,1.3781738,0.039367676
59801,-1.9126892,1.3169861,0.060272217
59802,-1.8861389,1.2747192,0.1348877
59803,-1.9348145,1.0742188,0.22247315
59804,-2.0301819,1.1106873,0.47271728
59805,-1.9952393,1.1711121,0.48431397
59806,-2.1606445,1.0441589,0.58258057
59807,-2.0632935,1.0668945,0.39932251
59808,-2.098999,0.93505859,0.53710938
59809,-2.127533,1.0443115,0.52444458
59810,-2.1786499,1.036377,0.57266235
59811,-2.2061157,1.0113525,0.67504883
59812,-2.2319031,0.89828491,0.64880371
59813,-2.1589661,1.0237122,0.77758789
59814,-2.2909546,0.90332031,0.75469971
59815,-2.3414612,0.69534302,0.77713013
59816,-2.456665,0.81054688,0.97900391
59817,-2.2840881,0.91064453,1.0890198
59818,-2.3487854,0.70358276,1.1756897
59819,-2.2718811,0.62515259,1.2107849
59820,-2.3495483,0.55206299,1.3302612
59821,-2.2842407,0.39260864,1.2573242
59822,-2.0027161,0.12771606,1.2634277
59823,-2.0721436,0.27496338,1.388092
59824,-2.3603821,0.17822266,1.1701965
59825,-2.27005,0.034790039,1.3000488
59826,-2.2410583,0.13427734,1.449585
59827,-2.2648621,0.053253174,1.5260315
59828,-2.2259521,0.023193359,1.6650391
59829,-2.3071289,-0.027618408,1.5252686
59830,-2.3651123,-0.19760132,1.5213013
59831,-2.2767639,-0.096130371,1.7176819
59832,-2.2805786,-0.20904541,1.602478
59833,-2.2402954,-0.51025391,1.6305542
59834,-2.0835876,-0.43426514,1.7713928
59835,-2.1835327,-0.5166626,1.8699646
59836,-2.1217346,-0.77133179,1.7527771
59837,-2.1136475,-0.64758301,1.7431641
59838,-2.1463013,-0.6137085,1.8786621
59839,-2.1228027,-0.60424805,1.9355774
59840,-1.9618225,-0.83953857,1.9096375
59841,-2.0170593,-0.6362915,2.10495
59842,-1.9261169,-0.93536377,1.9714355
59843,-1.9400024,-0.87188721,2.1684265
59844,-1.8943787,-0.8694458,2.1127319
59845,-1.8959045,-1.0800171,1.8426514
59846,-1.8157959,-1.1157227,1.9830322
59847,-1.8540955,-1.1886597,2.2302246
59848,-1.7523193,-1.1946106,1.9573975
59849,-1.5774536,-1.2893677,1.7475891
59850,-1.652832,-1.2583923,2.1232605
59851,-1.640625,-1.4424133,2.2189331
59852,-1.4727783,-1.5274048,2.1191406
59853,-1.4233398,-1.5556335,2.2592163
59854,-1.5505981,-1.6018677,2.3425293
59855,-1.3368225,-1.5750122,2.2192383
59856,-1.3461304,-1.6288757,2.0045471
59857,-1.2893677,-1.5800476,2.1226501
59858,-1.3499451,-1.7019653,2.1180725
59859,-1.1865234,-1.7152405,2.2558594
59860,-1.2872314,-1.8591309,2.2015381
59861,-1.2399292,-2.0773315,1.9869995
59862,-0.94863892,-2.0629883,1.946106
59863,-0.87127685,-2.0193481,1.9839478
59864,-0.83099365,-2.0553589,1.8652344
59865,-0.84762573,-2.0397949,1.9967651
59866,-0.81573486,-1.8811035,2.0484924
59867,-0.66192627,-1.9288635,1.9020081
59868,-0.48797607,-1.9903564,1.9230652
59869,-0.62927246,-2.1704102,1.8733215
59870,-0.43014526,-2.2483826,1.9213867
59871,-0.38833618,-2.2822571,1.8678284
59872,-0.42373657,-2.1182251,1.7211914
59873,-0.5116272,-2.2570801,1.7697144
59874,-0.28915405,-2.2982788,1.660614
59875,-0.32989502,-2.245636,1.71875
59876,-0.25848389,-2.4414063,1.6989136
59877,-0.027923584,-2.3635864,1.5242004
59878,0.058441162,-2.5794983,1.4836121
59879,0.050506592,-2.3297119,1.4953613
59880,0.10147095,-2.4000549,1.3421631
59881,0.10238648,-2.3916626,1.3677979
59882,0.28701782,-2.5445557,1.4212036
59883,0.12802124,-2.4861145,1.4874268
59884,0.2607727,-2.6345825,1.2911987
59885,0.10650635,-2.5770569,1.3026428
59886,0.28076172,-2.5953674,1.4076233
59887,0.36346436,-2.5692749,1.2322998
59888,0.57373047,-2.4517822,1.2162781
59889,0.39123535,-2.5622559,1.1003113
59890,0.41763306,-2.4993896,1.0122681
59891,0.71456909,-2.3388672,0.99838257
59892,0.53863525,-2.3887634,0.93063354
59893,0.46615601,-2.3478699,0.85968018
59894,0.62149048,-2.2642517,0.83724976
59895,0.77270508,-2.4920654,0.70617676
59896,0.91064453,-2.4330139,0.63278198
59897,0.91430664,-2.2964478,0.65002441
59898,1.013031,-2.3091125,0.54138184
59899,0.909729,-2.4060059,0.37322998
59900,1.0327148,-2.3948669,0.32669067
59901,1.0267639,-2.368927,0.25314331
59902,1.0766602,-2.3327637,0.38330078
59903,1.1787415,-2.3074341,0.14709473
59904,1.2695313,-2.1928406,0.18554688
59905,1.1320496,-2.184906,0.2255249
59906,1.3194275,-2.1217346,0.078125
59907,1.1927795,-2.1307373,0.018005371
59908,1.3301086,-2.2180176,0.027313232
59909,1.1932373,-2.1495056,0.0050354
59910,1.3421631,-2.0137024,-0.17120361
59911,1.2840271,-1.9334412,-0.2243042
59912,1.2963867,-1.8756104,-0.18798828
59913,1.3137817,-1.9578552,-0.31280518
59914,1.2918091,-1.8885803,-0.40756226
59915,1.4144897,-1.920166,-0.29144287
59916,1.3961792,-1.7526245,-0.43914795
59917,1.4492798,-1.7869568,-0.52825928
59918,1.3832092,-1.5464783,-0.57250977
59919,1.4785767,-1.4933777,-0.62088013
59920,1.4608765,-1.5254211,-0.66497803
59921,1.4328003,-1.4857483,-0.70800781
59922,1.4128113,-1.3853455,-0.7359314
59923,1.3340759,-1.3142395,-0.80444336
59924,1.3423157,-1.2028503,-0.83221435
59925,1.2983704,-1.1283875,-0.75973511
59926,1.2852478,-1.1447144,-0.93139648
59927,1.3061523,-1.1260986,-0.9513855
59928,1.4094543,-1.0195923,-0.95321655
59929,1.2481689,-1.0331726,-0.91049194
59930,1.3354492,-0.95947266,-1.0798645
59931,1.2875366,-0.94604492,-1.0745239
59932,1.2666321,-0.72219849,-1.081543
59933,1.2979126,-0.66711426,-1.1491394
59934,1.2286377,-0.58547974,-1.1973572
59935,1.0467529,-0.52597046,-1.1697388
59936,1.187439,-0.48904419,-1.1830139
59937,0.91064453,-0.55831909,-1.3334656
59938,0.97488403,-0.39489746,-1.4369202
59939,1.1973572,-0.54199219,-1.496582
59940,1.0826111,-0.30853272,-1.5168762
59941,0.97732544,-0.33843994,-1.4241028
59942,0.99578857,-0.18295288,-1.3447571
59943,0.8581543,-0.11383057,-1.4720154
59944,0.81192017,0.070343018,-1.3822937
59945,0.69030762,0.12939453,-1.4068604
59946,0.59432983,0.15701294,-1.4105225
59947,0.66848755,0.1499939,-1.4039612
59948,0.53237915,0.10070801,-1.39328
59949,0.54962158,0.17272949,-1.3394165
59950,0.45730591,0.22918701,-1.5182495
59951,0.45898438,0.44921875,-1.5036011
59952,0.33752441,0.46173096,-1.4785767
59953,0.42556763,0.45166016,-1.4715576
59954,0.46218872,0.74829102,-1.693573
59955,0.5355835,0.59997559,-1.3819885
59956,0.40710449,0.75134277,-1.3870239
59957,0.1133728,0.78063965,-1.5400696
59958,0.13580322,0.62606812,-1.4680481
59959,0.14129639,0.75500488,-1.388855
59960,0.13931274,0.80444336,-1.3752747
59961,0.12634277,0.88134766,-1.396637
59962,-0.048675537,0.92636108,-1.2382507
59963,-0.092773438,0.97183228,-1.3044739
59964,-0.14984131,1.1456299,-1.3369751
59965,-0.19851685,1.1642456,-1.3720703
59966,-0.19592285,1.2336731,-1.3819885
59967,-0.31051636,1.1773682,-1.3111877
59968,-0.34255981,1.252594,-1.1730957
59969,-0.33035278,1.2133789,-1.3381958
59970,-0.51971435,1.2521362,-1.1169434
59971,-0.68603516,1.269989,-1.2249756
59972,-0.64437866,1.1947632,-1.1686707
59973,-0.55603027,1.2203979,-1.2106323
59974,-0.6930542,1.3282776,-0.94894409
59975,-0.82092285,1.5461731,-0.9715271
59976,-1.1247253,1.4904785,-1.003418
59977,-1.0913086,1.5570068,-0.834198
59978,-1.1572266,1.4324951,-0.6729126
59979,-1.2271118,1.464386,-0.88623047
59980,-1.2503052,1.595459,-0.75973511
59981,-1.4237976,1.4533997,-0.76187134
59982,-1.4875793,1.4544678,-0.79284668
59983,-1.3192749,1.4640808,-0.69015503
59984,-1.3812256,1.3720703,-0.69961548
59985,-1.5455627,1.3796997,-0.55419922
59986,-1.4202881,1.4176941,-0.62286377
59987,-1.4663696,1.2980652,-0.47454834
59988,-1.5507507,1.54953,-0.40969849
59989,-1.4953613,1.5867615,-0.26657105
59990,-1.6227722,1.3502502,-0.36300659
59991,-1.6281128,1.4263916,-0.24581909
59992,-1.7695618,1.5367126,-0.012817383
59993,-1.776886,1.3661194,0.020446777
59994,-1.7822266,1.3063049,-0.021209717
59995,-1.9018555,1.3093567,0.14984131
59996,-1.8470764,1.2486267,0.065917969
59997,-1.8876648,1.1791992,0.17028809
59998,-2.0466614,1.0795593,0.32714844
59999,-2.0195007,1.1988831,0.071258545
60000,-1.9671631,1.0968018,0.30822754
60001,-2.0440674,1.1526489,0.44113159
60002,-1.9921875,1.1708069,0.2998352
60003,-2.0443726,1.1582947,0.47088623
60004,-2.1862793,1.0308838,0.5368042
60005,-2.199707,1.027832,0.56335449
60006,-2.2392273,0.98526001,0.63293457
60007,-2.0939636,1.0490417,0.56793213
60008,-2.2987366,0.97976685,0.6918335
60009,-2.1755981,0.96618652,0.76721191
60010,-2.1890259,0.85800171,0.68359375
60011,-2.1377563,0.86395264,0.78186035
60012,-2.1092224,0.74768066,0.98358154
60013,-2.4069214,0.599823,1.1105347
60014,-2.2119141,0.46844482,0.96038818
60015,-2.3214722,0.62057495,1.2136841
60016,-2.2825623,0.59326172,1.0842896
60017,-2.3979187,0.55297852,1.2890625
60018,-2.3580933,0.37628174,1.1888123
60019,-2.4931335,0.31402588,1.39328
60020,-2.3905945,0.28747559,1.2927246
60021,-2.1641541,0.27709961,1.254425
60022,-2.3373413,0.18936157,1.3165283
60023,-2.1617126,0.15869141,1.5629578
60024,-2.2306824,0.14572144,1.5927124
60025,-2.2576904,0.057067871,1.6769409
60026,-2.1691895,0.15380859,1.5686035
60027,-2.2546387,-0.068969727,1.2672424
60028,-2.1115112,0.015411377,1.6021729
60029,-2.1922302,-0.20706177,1.5522766
60030,-2.2218323,-0.026550293,1.6947937
60031,-2.0870972,-0.37902832,1.7080688
60032,-2.1255493,-0.4498291,1.6821289
60033,-2.0941162,-0.2192688,1.8054199
60034,-2.0822144,-1.212616,1.6625977
60035,-2.210083,-0.86486816,1.8417358
60036,-1.9152832,-0.87997437,1.9204712
60037,-1.9566345,-0.89706421,1.7602539
60038,-1.9995117,-0.60531616,1.9674683
60039,-1.9752502,-0.78811646,2.0327759
60040,-1.9854736,-0.81573486,2.1310425
60041,-2.0603943,-0.9841919,2.0056152
60042,-1.9454956,-0.92025757,2.0651245
60043,-1.7892456,-1.2983704,2.0455933
60044,-1.70578,-1.3146973,1.8901062
60045,-1.6915894,-1.4271545,2.1447754
60046,-1.842041,-1.5289307,2.1066284
60047,-1.6784668,-1.2611389,1.7486572
60048,-1.5905762,-1.3674927,2.2998047
60049,-1.5034485,-1.3952637,2.2470093
60050,-1.5896606,-1.4808655,2.2874451
60051,-1.4274597,-1.7710876,2.1061707
60052,-1.4903259,-1.7024231,2.2802734
60053,-1.3476563,-1.7428589,2.171936
60054,-1.3792419,-1.914978,2.0225525
60055,-1.1946106,-1.8919373,2.1765137
60056,-1.2632751,-2.0838928,1.9474792
60057,-1.0813904,-2.0240784,1.9262695
60058,-1.1100769,-1.8869019,2.0536804
60059,-0.96572876,-1.9425964,1.9569397
60060,-0.79315185,-1.98349,2.1060181
60061,-1.0684204,-1.82724,2.1237183
60062,-0.81695557,-2.0196533,2.1075439
60063,-0.80032349,-1.9456482,2.077179
60064,-0.68481445,-2.1365356,2.1006775
60065,-0.75286865,-2.0736694,1.9567871
60066,-0.59188843,-2.0849609,1.9448853
60067,-0.46676636,-2.1498108,1.8283081
60068,-0.44052124,-2.2483826,1.8688965
60069,-0.37216186,-2.2833252,1.7378235
60070,-0.39825439,-2.2521973,1.7883301
60071,-0.39413452,-2.1899414,1.925354
60072,-0.36575317,-2.2434998,1.7730713
60073,-0.35583496,-2.3347473,1.6789246
60074,-0.12435913,-2.3460388,1.5887451
60075,-0.022583008,-2.4163818,1.6369629
60076,-0.059204102,-2.4163818,1.5643311
60077,0.060272217,-2.53479,1.5522766
60078,0.1751709,-2.4938965,1.5332031
60079,0.12573242,-2.5939941,1.3204956
60080,0.32714844,-2.4183655,1.2670898
60081,0.33218384,-2.4102783,1.3017273
60082,0.26733398,-2.2880554,1.287384
60083,0.39077759,-2.4943542,1.3485718
60084,0.21316528,-2.5088501,1.3143921
60085,0.48126221,-2.4804688,0.95733643
60086,0.67779541,-2.6992798,1.0716248
60087,0.48171997,-2.666626,1.0827637
60088,0.5581665,-2.7246094,1.0441589
60089,0.62271118,-2.4679565,1.0574341
60090,0.81756592,-2.6315308,0.96603394
60091,0.7623291,-2.6655579,0.86547852
60092,0.7774353,-2.4391174,0.76019287
60093,0.82809448,-2.5570679,0.70861816
60094,0.80459595,-2.5158691,0.58731079
60095,0.78826904,-2.3666382,0.65353394
60096,1.0073853,-2.4154663,0.63034058
60097,1.0395813,-2.3278809,0.40969849
60098,0.98922729,-2.364502,0.49362183
60099,1.0783386,-2.2314453,0.43212891
60100,1.1047363,-2.3902893,0.43716431
60101,1.1578369,-2.3506165,0.17288208
60102,1.0771179,-2.4072266,0.21179199
60103,1.1703491,-2.2583008,0.046081543
60104,1.2200928,-2.2276306,0.084075928
60105,1.1512756,-2.0648193,0.14465332
60106,1.3272095,-2.155304,0.006408691
60107,1.3679504,-2.0860291,0.017089844
60108,1.394043,-1.9308472,-0.019226074
60109,1.3856506,-1.8859863,-0.040130615
60110,1.3114929,-1.7980957,-0.14587402
60111,1.3549805,-1.7092896,-0.15060425
60112,1.4208984,-1.6642761,-0.27923584
60113,1.4924622,-1.6772461,-0.6173706
60114,1.4134216,-1.6905212,-0.53100586
60115,1.4434814,-1.6827393,-0.54244995
60116,1.4141846,-1.6087341,-0.58990478
60117,1.4431763,-1.6055298,-0.45227051
60118,1.4077759,-1.5408325,-0.56152344
60119,1.3465881,-1.4961243,-0.58334351
60120,1.3467407,-1.5342712,-0.61920166
60121,1.3916016,-1.5112305,-0.64682007
60122,1.5222168,-1.3468933,-0.7963562
60123,1.3423157,-1.1198425,-0.78598022
60124,1.4424133,-1.2054443,-0.85128784
60125,1.2568665,-1.0910034,-1.0386658
60126,1.3356018,-0.94024658,-0.93551636
60127,1.2657166,-0.95306397,-1.2042236
60128,1.1206055,-0.99975586,-1.0966492
60129,1.1557007,-0.83709717,-1.0900879
60130,1.2376404,-0.89309692,-1.2120056
60131,1.181488,-0.84014893,-1.0983276
60132,1.2306213,-0.66070557,-1.3032532
60133,1.3470459,-0.6211853,-1.2522888
60134,1.1480713,-0.59234619,-1.2176514
60135,1.2228394,-0.58883667,-1.2165833
60136,1.1380005,-0.44586182,-1.21521
60137,1.0601807,-0.28961182,-1.2518311
60138,1.0256958,-0.27954102,-1.1412048
60139,0.91674805,-0.31646728,-1.3903809
60140,0.92834473,-0.25177002,-1.3505554
60141,0.8670044,-0.15335083,-1.4761353
60142,0.9298706,0.11413574,-1.5951538
60143,0.91384888,-0.057830811,-1.5072632
60144,0.78643799,-0.28427124,-1.5232849
60145,0.64285278,-0.051574707,-1.6377258
60146,0.69961548,0.013275146,-1.7196655
60147,0.65734863,0.15380859,-1.6410828
60148,0.703125,0.2835083,-1.685791
60149,0.68450928,0.35873413,-1.6983032
60150,0.71914673,0.53619385,-1.5122986
60151,0.46585083,0.61431885,-1.4593506
60152,0.41992188,0.60928345,-1.4884949
60153,0.27633667,0.52505493,-1.3842773
60154,0.13427734,0.54504394,-1.4126587
60155,0.19454956,0.72265625,-1.4276123
60156,0.30471802,0.81008911,-1.4151001
60157,0.32531738,0.75653076,-1.4468384
60158,0.13687134,0.81420898,-1.3926697
60159,0.037231445,0.76385498,-1.3618469
60160,0.051116943,0.73730469,-1.4830017
60161,-0.090179443,0.72097778,-1.4730835
60162,-0.16235352,0.94924927,-1.3320923
60163,-0.015563965,0.99533081,-1.2852478
60164,-0.071868896,1.0031128,-1.3642883
60165,-0.28778076,1.0450745,-1.1381531
60166,-0.37063599,1.1587524,-1.0932922
60167,-0.37033081,1.2135315,-1.2547302
60168,-0.58959961,1.3391113,-1.4074707
60169,-0.61340332,1.2988281,-1.391449
60170,-0.62255859,1.2202454,-1.2043762
60171,-0.650177,1.2371826,-1.060791
60172,-0.78323364,1.2188721,-1.0848999
60173,-0.7774353,1.2162781,-0.97396851
60174,-0.69976807,1.1668396,-1.1201477
60175,-0.91064453,1.3703918,-1.1750793
60176,-0.85968018,1.3627625,-0.98983765
60177,-0.91140747,1.3160706,-0.81680298
60178,-1.0346985,1.3650513,-0.75988769
60179,-1.0871887,1.4155579,-1.0374451
60180,-1.0603333,1.395874,-0.8782959
60181,-1.1122131,1.3703918,-0.8013916
60182,-1.1947632,1.3679504,-0.63095093
60183,-1.1982727,1.6003418,-0.58898926
60184,-1.3198853,1.4978027,-0.57754517
60185,-1.3246155,1.5855408,-0.5935669
60186,-1.4559937,1.5675354,-0.47271728
60187,-1.512146,1.6914368,-0.34103394
60188,-1.5354919,1.5238953,-0.36758423
60189,-1.5452576,1.4448547,-0.5241394
60190,-1.5336609,1.4477539,-0.34179688
60191,-1.6581726,1.5811157,-0.2305603
60192,-1.5977478,1.4341736,-0.23132324
60193,-1.7771912,1.4205933,-0.12420654
60194,-1.8016052,1.4093018,-0.006408691
60195,-1.7999268,1.4021301,0.084228516
60196,-1.8078613,1.2695313,-0.050506592
60197,-1.8388367,1.3705444,0.16540527
60198,-2.0848083,1.2130737,0.28381348
60199,-1.9821167,1.2451172,0.25466919
60200,-1.9259644,1.2442017,0.27587891
60201,-1.9737244,1.0269165,0.33203125
60202,-2.0115662,1.1001587,0.3388977
60203,-2.0057678,1.0083008,0.4309082
60204,-2.0231628,1.0177612,0.59082031
60205,-2.1296692,0.99487305,0.52703857
60206,-2.183075,1.1779785,0.67260742
60207,-2.1252441,0.94177246,0.5670166
60208,-2.1739197,0.84472656,0.66680908
60209,-2.1736145,0.86242676,0.70159912
60210,-2.2724915,0.83129883,0.85357666
60211,-2.1612549,0.86212158,0.82183838
60212,-2.2505188,0.65719604,0.90652466
60213,-2.1870422,0.64331055,1.0101318
60214,-2.2035217,0.56152344,0.98953247
60215,-2.3428345,0.47134399,0.92498779
60216,-2.3672485,0.51818848,1.0595703
60217,-2.3374939,0.50079346,1.0546875
60218,-2.2589111,0.44692993,1.204071
60219,-2.2363281,0.28030395,1.3191223
60220,-2.3301697,0.31387329,1.3224792
60221,-2.1862793,0.26382446,1.4727783
60222,-2.3007202,0.058135986,1.2556458
60223,-2.3251343,-0.032348633,1.4129639
60224,-2.2267151,0.063171387,1.3885498
60225,-2.1472168,0.048828125,1.5422058
60226,-2.1278381,-0.21179199,1.484375
60227,-2.1343994,-0.27114868,1.5110779
60228,-2.1627808,-0.31433106,1.583252
60229,-2.1559143,-0.19683838,1.5971375
60230,-2.1842957,-0.38208008,1.6662598
60231,-2.1101379,-0.53268433,1.6278076
60232,-2.0516968,-0.43487549,1.9293213
60233,-2.09198,-0.94726563,1.942749
60234,-2.0806885,-0.80780029,1.8804932
60235,-1.9256592,-0.73318481,1.7933655
60236,-1.920166,-0.66543579,1.905365
60237,-1.855011,-0.80841065,1.9421387
60238,-1.9262695,-0.71640015,1.8753052
60239,-1.8461609,-0.81390381,2.0042419
60240,-1.6456604,-0.75561523,2.0098877
60241,-1.7321777,-0.90026856,1.7819214
60242,-1.7437744,-1.0076904,2.2650146
60243,-1.7333984,-1.1004639,1.9888306
60244,-1.7103577,-1.2231445,2.0031738
60245,-1.7263794,-1.2922668,1.7715454
60246,-1.7893982,-1.3737488,1.8835449
60247,-1.4361572,-1.2075806,2.1520996
60248,-1.4096069,-1.2849426,1.9493103
60249,-1.4065552,-1.4091492,2.0559692
60250,-1.4057922,-1.4179993,1.9404602
60251,-1.5020752,-1.3009644,1.9831848
60252,-1.3076782,-1.4506531,1.9129944
60253,-1.2936401,-1.5586853,1.9476318
60254,-1.3555908,-1.529541,2.0570374
60255,-1.157074,-1.734314,2.0170593
60256,-1.0610962,-1.6532898,1.9346619
60257,-0.94909668,-1.7547607,2.0523071
60258,-0.99273682,-1.756897,1.9816589
60259,-0.95458984,-1.8862915,2.1777344
60260,-0.86975098,-1.9085693,1.9856262
60261,-0.78155518,-1.8798828,1.9161987
60262,-0.70983887,-1.980896,2.0776367
60263,-0.77178955,-1.7614746,2.0487976
60264,-0.496521,-2.0413208,1.8244934
60265,-0.53970337,-2.0378113,1.9302368
60266,-0.51193237,-2.1853638,1.6842651
60267,-0.46112061,-2.2676086,1.812439
60268,-0.50262451,-2.1269226,1.8798828
60269,-0.40481567,-2.3509216,1.6601563
60270,-0.28930664,-2.3191833,1.7333984
60271,-0.25054932,-2.3503113,1.5353394
60272,-0.10818481,-2.3547363,1.5621948
60273,-0.23178101,-2.0939636,1.6244507
60274,-0.066375732,-2.33078,1.7152405
60275,-0.064086914,-2.4342346,1.4996338
60276,-0.11108398,-2.4154663,1.5013123
60277,-0.046081543,-2.2996521,1.4320374
60278,0.13092041,-2.4731445,1.3397217
60279,0.19958496,-2.3753357,1.3494873
60280,0.15075684,-2.1357727,1.373291
60281,0.28594971,-2.1653748,1.2928772
60282,0.3163147,-2.1508789,1.1265564
60283,0.34896851,-2.3028564,1.0928345
60284,0.34439087,-2.1655273,1.0479736
60285,0.38711548,-2.3013306,0.97412109
60286,0.51940918,-2.1990967,0.87585449
60287,0.57861328,-2.3814392,0.88195801
60288,0.65856934,-2.1995544,0.72860718
60289,0.68313599,-2.2370911,0.69671631
60290,0.69091797,-2.1151733,0.77148438
60291,0.67138672,-2.1470642,0.64819336
60292,0.72784424,-2.0895386,0.73181152
60293,0.8795166,-2.0776367,0.55679321
60294,0.88912964,-2.1897888,0.56030273
60295,0.86166382,-2.3545837,0.53665161
60296,0.80780029,-2.3336792,0.53359985
60297,0.91400147,-2.230072,0.32241821
60298,0.97579956,-2.3220825,0.3453064
60299,0.92178345,-2.3168945,0.47149658
60300,1.0057068,-2.2384644,0.30654907
60301,1.1198425,-1.9702148,0.28549194
60302,1.0961914,-2.091217,0.16418457
60303,1.1346436,-2.0469666,0.05569458
60304,1.1763,-1.9607544,-0.023040771
60305,1.1279297,-1.6952515,-0.019073486
60306,1.1268616,-1.8295288,-0.10742188
60307,1.1990356,-1.8461609,-0.089874268
60308,1.1737061,-1.7546082,-0.069274902
60309,1.0598755,-1.8934631,-0.076293945
60310,1.0926819,-1.6625977,-0.043182373
60311,1.2011719,-1.7698669,-0.17761231
60312,1.3180542,-1.5818787,-0.1864624
60313,1.1381531,-1.5220642,-0.25604248
60314,1.272583,-1.6996765,-0.47973633
60315,1.1804199,-1.5975952,-0.60424805
60316,1.2384033,-1.4215088,-0.56991577
60317,1.2631226,-1.3833618,-0.58654785
60318,1.2205505,-1.2609863,-0.50994873
60319,1.159668,-1.1953735,-0.62759399
60320,1.2194824,-1.2207031,-0.74554443
60321,1.2492371,-1.1248779,-0.77789307
60322,1.206665,-0.92437744,-0.90591431
60323,1.3130188,-0.92880249,-0.86181641
60324,1.2158203,-0.97442627,-0.6918335
60325,1.166687,-0.78491211,-0.91018677
60326,1.1685181,-0.62606812,-0.99945068
60327,1.1911011,-0.5557251,-0.96328735
60328,1.125946,-0.69793701,-0.88531494
60329,1.0493469,-0.67703247,-1.065979
60330,0.92025757,-0.50491333,-0.98327637
60331,1.0510254,-0.5317688,-0.92971802
60332,1.015625,-0.5783081,-1.09375
60333,1.0426331,-0.54107666,-1.1450195
60334,0.965271,-0.42007446,-1.1071777
60335,0.91827393,-0.37521362,-1.2683105
60336,1.0359192,-0.35995483,-1.0679626
60337,0.94284058,-0.36239624,-1.3148499
60338,0.99411011,-0.19927978,-1.2789917
60339,0.77270508,-0.055236816,-1.2130737
60340,0.83343506,-0.069580078,-1.2971497
60341,0.75546265,-0.15518188,-1.2094116
60342,0.64239502,0.063018799,-1.1714172
60343,0.365448,-0.083007813,-1.280365
60344,0.30670166,-0.024719238,-1.3894653
60345,0.45852661,0.020599365,-1.1090088
60346,0.45898438,0.13092041,-1.3206482
60347,0.46478272,0.30532837,-1.3365173
60348,0.36514282,0.44708252,-1.2260437
60349,0.36880493,0.34973144,-1.2579346
60350,0.22216797,0.51635742,-1.2971497
60351,0.14938355,0.37216186,-1.2443542
60352,0.28091431,0.48416138,-1.2765503
60353,0.089111328,0.48156738,-1.2294006
60354,0.040740967,0.63491821,-1.089325
60355,0.11962891,0.78216553,-1.2812805
60356,-0.032653809,0.94787598,-1.1712646
60357,-0.06942749,0.80505371,-1.1817932
60358,-0.074310303,0.77163696,-1.1065674
60359,-0.077514648,0.91567993,-1.1608887
60360,-0.13595581,0.84640503,-1.2753296
60361,-0.21560669,0.7762146,-1.1312866
60362,-0.25344849,0.74859619,-1.1677551
60363,-0.36834717,1.0134888,-0.85891724
60364,-0.48782349,0.85968018,-0.97351074
60365,-0.5368042,0.78765869,-1.0249329
60366,-0.67886353,0.85342407,-0.99060059
60367,-0.72647095,1.2734985,-0.80749512
60368,-0.6829834,1.2109375,-0.89279175
60369,-0.61721802,1.1270142,-0.90667725
60370,-0.67596435,1.0700989,-0.90423584
60371,-0.85876465,1.234436,-0.84594727
60372,-0.89447022,1.2948608,-0.74783325
60373,-0.82733154,1.2030029,-0.92834473
60374,-0.8732605,1.1993408,-0.7774353
60375,-0.96206665,1.1410522,-0.57693481
60376,-1.0166931,1.1532593,-0.70907593
60377,-1.1468506,1.0768127,-0.57312012
60378,-1.2249756,1.1264038,-0.66101074
60379,-1.2265015,1.1541748,-0.42907715
60380,-1.1158752,1.0926819,-0.51239014
60381,-1.3824463,1.16745,-0.36743164
60382,-1.3105774,1.1685181,-0.3894043
60383,-1.3705444,1.1587524,-0.24536133
60384,-1.4471436,1.0733032,-0.14968872
60385,-1.6062927,0.6741333,-0.32470703
60386,-1.4715576,1.1030579,-0.12878418
60387,-1.4978027,1.1299133,-0.034942627
60388,-1.5608215,1.1701965,0.046844482
60389,-1.5539551,1.1585999,-0.062103271
60390,-1.7408752,0.98831177,0.04119873
60391,-1.6838074,1.09375,-0.14968872
60392,-1.6934204,0.98098755,0.068511963
60393,-1.8249512,1.1419678,0.10391235
60394,-1.5777588,1.1505127,0.22384644
60395,-1.7546082,0.90408325,0.27832031
60396,-1.7422485,1.0327148,0.32928467
60397,-1.8641663,0.99456787,0.3944397
60398,-1.9311523,0.91827393,0.51269531
60399,-1.82724,1.0009766,0.55221558
60400,-1.8971252,1.0668945,0.63858032
60401,-1.877594,0.9362793,0.59753418
60402,-1.8110657,0.85968018,0.71166992
60403,-2.0042419,0.98632813,0.7182312
60404,-1.9363403,0.84411621,0.64361572
60405,-1.9926453,0.87707519,0.81604004
60406,-1.9624329,0.72418213,0.86578369
60407,-2.0252991,0.68893433,0.92300415
60408,-2.0578003,0.66772461,0.91384888
60409,-2.2114563,0.5241394,0.91369629
60410,-1.920166,0.54840088,0.93032837
60411,-2.0152283,0.41671753,0.94329834
60412,-2.0397949,0.45684814,1.0009766
60413,-2.2189331,0.35095215,1.1956787
60414,-2.1846008,0.31219482,1.2405396
60415,-2.1002197,0.31326294,1.2400818
60416,-2.089386,0.11184692,1.2174988
60417,-2.0271301,-0.10986328,1.2347412
60418,-1.9744873,-0.068817139,1.4666748
60419,-2.0265198,-0.059814453,1.2898254
60420,-2.1005249,-0.048370361,1.5289307
60421,-1.9519043,-0.18966675,1.4886475
60422,-1.8933105,-0.16174316,1.4299011
60423,-2.0123291,-0.25878906,1.5759277
60424,-1.9604492,-0.31738281,1.7358398
60425,-1.9499207,-0.3527832,1.6239929
60426,-1.9050598,-0.39520264,1.5937805
60427,-1.9952393,-0.74157715,1.6615295
60428,-2.0159912,-0.59020996,1.6140747
60429,-1.93573,-0.43151856,1.6400146
60430,-1.9293213,-0.61981201,1.7388916
60431,-1.8547058,-1.3391113,1.6821289
60432,-1.6671753,-0.85464478,1.7086792
60433,-1.7189026,-0.85739136,1.8232727
60434,-1.7025757,-0.96115112,1.8069458
60435,-1.6397095,-0.91613769,1.8218994
60436,-1.6618347,-0.99563599,1.6967773
60437,-1.7773438,-1.0136414,1.927948
60438,-1.6691589,-0.81756592,1.9952393
60439,-1.5286255,-1.1352539,1.7488098
60440,-1.6516113,-1.315155,1.6349792
60441,-1.5797424,-1.1585999,2.0175171
60442,-1.4932251,-1.1761475,1.7964172
60443,-1.4251709,-1.4353943,1.3587952
60444,-1.3882446,-1.4237976,1.6970825
60445,-1.3931274,-1.2713623,2.0280457
60446,-1.219635,-1.3131714,1.9752502
60447,-1.1828613,-1.5541077,1.7607117
60448,-1.1489868,-1.6145325,1.7602539
60449,-1.0639954,-1.4700317,1.8328857
60450,-0.91430664,-1.3009644,1.7686462
60451,-1.0404968,-1.3792419,1.8466187
60452,-0.97381592,-1.3969421,1.8035889
60453,-0.84991455,-1.764679,1.7329407
60454,-0.84671021,-1.8362427,1.8302917
60455,-0.63171387,-1.8991089,1.6952515
60456,-0.58105469,-1.9166565,1.6714478
60457,-0.54336548,-1.8804932,1.6371155
60458,-0.56610107,-1.9042969,1.6021729
60459,-0.52749634,-2.0332336,1.640625
60460,-0.49346924,-2.0733643,1.6381836
60461,-0.37719727,-1.9665527,1.5049744
60462,-0.38604736,-2.0129395,1.6442871
60463,-0.34881592,-2.0639038,1.6264343
60464,-0.2130127,-2.2564697,1.539917
60465,-0.14129639,-2.2676086,1.739502
60466,-0.23345947,-2.1481323,1.5985107
60467,-0.26428223,-2.2229004,1.5525818
60468,-0.10772705,-2.1798706,1.3441467
60469,0.016326904,-2.3413086,1.295166
60470,0.10726929,-2.154541,1.2789917
60471,0.077819824,-2.2291565,1.3490295
60472,0.062103271,-2.2322083,1.3444519
60473,0.1965332,-2.431488,1.1668396
60474,0.089111328,-2.4160767,1.1820984
60475,0.30548096,-2.3110962,1.1349487
60476,0.16937256,-2.3129272,1.0328674
60477,0.30517578,-2.2790527,0.92544556
60478,0.45211792,-2.1963501,1.0603333
60479,0.44708252,-2.2485352,0.91949463
60480,0.40100098,-2.0001221,1.0461426
60481,0.67977905,-2.2306824,0.85632324
60482,0.6690979,-2.124176,1.0253906
60483,0.82321167,-2.0339966,0.89309692
60484,0.90530396,-2.1876526,0.62652588
60485,0.63049316,-2.1025085,0.74005127
60486,0.69793701,-1.915741,0.65750122
60487,0.72738647,-2.023468,0.56335449
60488,0.8972168,-2.1009827,0.60470581
60489,0.8631897,-2.2164917,0.48645019
60490,0.90881348,-2.1408081,0.42678833
60491,0.99868774,-2.1417236,0.25222778
60492,1.0025024,-2.0588684,0.3187561
60493,0.94894409,-1.9993591,0.076141357
60494,0.98937988,-1.9332886,0.20645142
60495,0.94802856,-2.0918274,0.058898926
60496,1.0394287,-1.9747925,0.006713867
60497,1.1656189,-2.0677185,0.015411377
60498,1.1373901,-2.0960999,-0.030517578
60499,1.0195923,-1.6183472,-0.31326294
60500,1.1006165,-1.8588257,-0.27740478
60501,1.1495972,-1.7733765,-0.27236939
60502,1.1689758,-1.7575073,-0.31921387
60503,1.1671448,-1.7370605,-0.29327393
60504,1.1604309,-1.6900635,-0.31112671
60505,1.1436462,-1.4826965,-0.30426025
60506,1.1503601,-1.4382935,-0.30700684
60507,1.1618042,-1.3980103,-0.27053833
60508,1.2039185,-1.398468,-0.33325195
60509,1.1897278,-1.41922,-0.46310425
60510,1.2043762,-1.3922119,-0.73074341
60511,1.05896,-1.3490295,-0.78109741
60512,1.1697388,-1.2280273,-0.63735962
60513,1.1257935,-1.1959839,-0.66009522
60514,1.1032104,-1.1009216,-0.62545776
60515,1.1375427,-1.0173035,-0.69458008
60516,1.3591003,-1.1898804,-0.83999634
60517,1.1785889,-1.2672424,-0.94940185
60518,1.1428833,-1.1508179,-0.95321655
60519,1.096344,-1.018219,-0.84533691
60520,1.1161804,-0.92880249,-0.88989258
60521,1.1312866,-0.7901001,-0.98907471
60522,1.1029053,-0.66497803,-1.0427856
60523,1.0250854,-0.66314697,-0.99563599
60524,1.022644,-0.75592041,-1.1419678
60525,0.89035034,-0.55725098,-1.1651611
60526,0.88012695,-0.56991577,-1.1766052
60527,0.72357178,-0.45440674,-1.0324097
60528,0.8581543,-0.43731689,-1.1474609
60529,0.87219238,-0.51025391,-1.2084961
60530,0.71365356,-0.33233643,-1.1543274
60531,0.82763672,-0.19592285,-1.1685181
60532,0.80154419,-0.057373047,-1.2895203
60533,0.69137573,-0.052185059,-1.1943054
60534,0.66802978,0.10040283,-1.2345886
60535,0.48126221,-0.10986328,-1.5605164
60536,0.51879883,-0.18386841,-1.4729309
60537,0.50827026,0.067901611,-1.3221741
60538,0.27175903,-0.016784668,-1.3734436
60539,0.31066894,0.19561768,-1.1715698
60540,0.44219971,0.31356811,-1.2780762
60541,0.49194336,0.4750061,-1.3623047
60542,0.45852661,0.50003052,-1.4109802
60543,0.28121948,0.4196167,-1.3114929
60544,0.29663086,0.48019409,-1.1802673
60545,0.31402588,0.54992676,-1.4186096
60546,0.061340332,0.78338623,-1.3673401
60547,0.17761231,0.59936523,-1.2097168
60548,0.076904297,0.64071655,-1.2234497
60549,0.064239502,0.74920654,-1.275177
60550,-0.014801025,0.71273804,-1.3484192
60551,-0.083465576,0.85540772,-1.3510132
60552,-0.20477295,0.91140747,-1.1705017
60553,-0.1486206,0.88592529,-1.1521912
60554,-0.31356811,1.005249,-1.09375
60555,-0.41595459,1.0049438,-1.2071228
60556,-0.43487549,0.99243164,-1.0461426
60557,-0.48553467,1.0975647,-1.0237122
60558,-0.52032471,1.1019897,-1.0481262
60559,-0.54733276,1.0650635,-0.97854614
60560,-0.6628418,1.1108398,-0.9147644
60561,-0.62225342,0.88088989,-1.0119629
60562,-0.66223144,1.0856628,-1.0110474
60563,-0.8354187,1.0717773,-0.85678101
60564,-0.8531189,1.0949707,-0.71487427
60565,-0.990448,1.4648438,-0.80200195
60566,-0.84777832,1.2614441,-0.78781128
60567,-0.90530396,1.3960266,-0.80841065
60568,-1.0484314,1.3035584,-0.92697144
60569,-1.0696411,1.2207031,-0.85998535
60570,-1.2130737,1.2072754,-0.6539917
60571,-1.184845,1.3270569,-0.74783325
60572,-1.3851929,1.2701416,-0.43701172
60573,-1.385498,1.4160156,-0.42709351
60574,-1.552887,1.3006592,-0.40405273
60575,-1.5638733,1.3067627,-0.58959961
60576,-1.4709473,1.2368774,-0.32836914
60577,-1.4715576,1.2702942,-0.34072876
60578,-1.5200806,1.1569214,-0.25619507
60579,-1.5376282,1.1164856,-0.23620606
60580,-1.5211487,1.2408447,-0.11871338
60581,-1.6685486,1.1367798,-0.17791748
60582,-1.7251587,1.0852051,0.016021729
60583,-1.7668152,1.0995483,0.052185059
60584,-1.8009949,1.2213135,0.12329102
60585,-1.7338562,1.2051392,0.10681152
60586,-1.7411804,1.1763,0.1399231
60587,-1.8051147,1.1798096,0.16906738
60588,-1.8273926,1.151123,0.2180481
60589,-1.8606567,1.0998535,0.34332275
60590,-1.8959045,1.105957,0.37139893
60591,-1.9165039,1.1149597,0.45425415
60592,-1.8658447,0.96740723,0.56335449
60593,-1.8180847,1.0386658,0.54748535
60594,-2.0310974,0.99975586,0.63720703
60595,-2.0921326,0.90057373,0.73043823
60596,-2.0391846,0.95169067,0.71960449
60597,-2.0683289,0.76599121,0.85205078
60598,-2.122345,0.73440552,0.85281372
60599,-2.0391846,0.71868897,0.76400757
60600,-2.1929932,0.80474853,1.005249
60601,-2.0027161,0.69992065,0.99365234
60602,-2.1566772,0.6173706,0.87036133
60603,-2.0809937,0.54458618,1.0719299
60604,-2.0358276,0.42556763,0.90270996
60605,-2.1868896,0.32348633,1.0992432
60606,-2.1495056,0.25939941,1.0049438
60607,-2.204895,0.38757324,0.96969604
60608,-2.2123718,0.36193848,1.3092041
60609,-2.1951294,0.32119751,1.5168762
60610,-2.0756531,0.099487305,1.3876343
60611,-2.1266174,-0.055847168,1.3346863
60612,-2.2166443,0.026550293,1.262207
60613,-2.1237183,-0.052185059,1.4259338
60614,-2.1995544,-0.16448975,1.4701843
60615,-1.8765259,-0.25131226,1.5057373
60616,-2.1029663,-0.14648438,1.6749573
60617,-2.408905,-0.032806396,1.5563965
60618,-2.0980835,-0.22872925,1.5205383
60619,-2.1510315,-0.2607727,1.44104
60620,-1.9795227,-0.23330688,1.7312622
60621,-1.9845581,-0.33874512,1.7230225
60622,-1.8530273,-0.40039063,1.8109131
60623,-1.9624329,-0.65444946,1.8539429
60624,-2.028656,-0.71243286,1.9300842
60625,-1.8588257,-0.63064575,2.0457458
60626,-1.8995666,-0.75424194,1.9549561
60627,-1.8463135,-0.77911377,1.8603516
60628,-1.7791748,-0.91644287,1.9496155
60629,-1.9128418,-0.95886231,2.0251465
60630,-1.6633606,-1.1228943,2.0100403
60631,-1.6996765,-1.2916565,1.9850159
60632,-1.6769409,-1.1802673,2.0422363
60633,-1.6394043,-1.3496399,1.8560791
60634,-1.5809631,-1.3710022,1.9091797
60635,-1.5821838,-1.2948608,2.0626831
60636,-1.4778137,-1.2786865,2.1203613
60637,-1.4466858,-1.2519836,2.2151184
60638,-1.282959,-1.4285278,2.2200012
60639,-1.45401,-1.4616394,2.1891785
60640,-1.4297485,-1.6798401,2.2224426
60641,-1.3021851,-1.7178345,2.0367432
60642,-1.1375427,-1.7498779,1.9744873
60643,-1.1885071,-1.7958069,2.0927429
60644,-1.08078,-1.8127441,2.0309448
60645,-0.98739624,-1.8395996,2.1255493
60646,-1.1050415,-1.9781494,2.0420837
60647,-0.88806152,-2.0173645,1.8948364
60648,-0.77148438,-1.8338013,1.8830872
60649,-0.72723389,-1.943512,1.8147278
60650,-0.65948486,-2.0010376,1.8789673
60651,-0.67337036,-2.1118164,1.9450378
60652,-0.58166504,-2.053833,1.8807983
60653,-0.68145752,-1.90979,1.9140625
60654,-0.66711426,-2.101593,2.0037842
60655,-0.49728394,-2.0617676,1.9662476
60656,-0.49057007,-2.1284485,1.920166
60657,-0.28167725,-2.1873474,1.822052
60658,-0.48217773,-2.2886658,1.7399597
60659,-0.36437988,-2.0272827,1.7289734
60660,-0.25024414,-2.2607422,1.7407227
60661,-0.18341065,-2.2154236,1.6638184
60662,-0.24230957,-2.4076843,1.5353394
60663,-0.12695313,-2.4145508,1.4544678
60664,-0.072937012,-2.3901367,1.3827515
60665,-0.14892578,-2.5308228,1.5690613
60666,0.078125,-2.51297,1.4685059
60667,0.16189575,-2.4023438,1.468811
60668,0.15457153,-2.371521,1.3394165
60669,0.43365478,-2.2999573,1.3275146
60670,0.31829834,-2.4331665,1.3641357
60671,0.36376953,-2.457428,1.3122559
60672,0.43304443,-2.5279236,1.2939453
60673,0.49255371,-2.578125,1.2007141
60674,0.5090332,-2.5263977,1.0015869
60675,0.61706543,-2.4520874,0.93322754
60676,0.64544678,-2.4887085,0.86120606
60677,0.71868897,-2.4162292,0.81726074
60678,0.6288147,-2.3873901,0.72662353
60679,0.73272705,-2.3983765,0.68878174
60680,0.78857422,-2.3109436,0.76782227
60681,0.75561523,-2.1827698,0.74432373
60682,0.85464478,-2.171936,0.55099487
60683,0.93017578,-2.4235535,0.46386719
60684,1.1378479,-2.4179077,0.36300659
60685,1.0258484,-2.3266602,0.45227051
60686,1.072998,-2.077179,0.14297485
60687,1.1582947,-2.0809937,0.36224365
60688,1.1665344,-2.1548462,0.17532349
60689,1.2025452,-2.0904541,0.18951416
60690,1.2168884,-2.1632385,0.11154175
60691,1.1898804,-2.144928,0.12496948
60692,1.2559509,-2.0533752,0.01663208
60693,1.1820984,-2.0837402,0.081939697
60694,1.2245178,-1.9165039,-0.043640137
60695,1.4164734,-1.8457031,-0.05569458
60696,1.1720276,-2.3405457,-0.1473999
60697,1.1190796,-2.0352173,-0.17593384
60698,1.3580322,-1.8583679,-0.17059326
60699,1.321106,-1.9412231,-0.32806397
60700,1.3598633,-1.8341064,-0.34606934
60701,1.2825012,-1.781311,-0.27786255
60702,1.3624573,-1.6781616,-0.42785644
60703,1.3040161,-1.7076111,-0.52780151
60704,1.3998413,-1.5878296,-0.67749023
60705,1.4582825,-1.4691162,-0.61553955
60706,1.3600159,-1.4326477,-0.61599731
60707,1.3647461,-1.1579895,-0.66207886
60708,1.2973022,-1.133728,-0.70770264
60709,1.3299561,-1.234436,-0.75683594
60710,1.209259,-1.1605835,-0.77011108
60711,1.2197876,-0.96313477,-0.90408325
60712,1.3414001,-1.0644531,-0.9223938
60713,1.3456726,-1.0723877,-1.0203552
60714,1.1680603,-0.88729858,-1.1398315
60715,1.1810303,-0.71685791,-1.0134888
60716,1.2165833,-0.76034546,-1.14151
60717,1.2298584,-0.81787109,-1.151123
60718,1.2236023,-0.76477051,-1.1204529
60719,1.1813354,-0.63171387,-1.1830139
60720,1.2158203,-0.60058594,-1.2036133
60721,1.1349487,-0.55297852,-1.1869812
60722,1.1331177,-0.57785034,-1.2934875
60723,1.0357666,-0.39871216,-1.4164734
60724,1.0832214,-0.32653809,-1.3929749
60725,1.0231018,-0.18997192,-1.2765503
60726,0.92941284,-0.18920898,-1.3275146
60727,1.0276794,-0.103302,-1.4624023
60728,0.90591431,-0.22644043,-1.4950562
60729,0.76980591,-0.1171875,-1.5859985
60730,0.78720093,-0.025939941,-1.4054871
60731,0.52551269,-0.18234253,-1.5708923
60732,0.36026001,-0.13717651,-1.7401123
60733,0.6137085,0.10574341,-1.6192627
60734,0.57144165,0.30029297,-1.4424133
60735,0.56915283,0.41381836,-1.5304565
60736,0.65826416,0.45944214,-1.3697815
60737,0.56610107,0.35339356,-1.2359619
60738,0.45623779,0.55938721,-1.4689636
60739,0.47607422,0.57800293,-1.5353394
60740,0.33325195,0.56976318,-1.4300537
60741,0.30792236,0.62530518,-1.5000916
60742,0.19622803,0.79895019,-1.3528442
60743,0.1876831,0.809021,-1.4985657
60744,-0.064544678,0.95169067,-1.4776611
60745,0.10787964,0.95504761,-1.3722229
60746,-0.082397461,0.92483521,-1.2492371
60747,0.045471191,0.86166382,-1.3977051
60748,-0.20324707,0.95184326,-1.4505005
60749,-0.23651123,1.0449219,-1.3444519
60750,-0.15182495,0.93887329,-1.3542175
60751,-0.37643433,1.0133362,-1.3232422
60752,-0.22583008,0.95031738,-1.29776
60753,-0.46676636,1.1964416,-1.3070679
60754,-0.59432983,1.2065125,-1.1987305
60755,-0.72509766,1.3168335,-1.2127686
60756,-0.68725586,1.3470459,-1.157074
60757,-0.625,1.3270569,-1.2045288
60758,-0.58349609,1.3027954,-1.1155701
60759,-0.65063477,1.3063049,-1.1346436
60760,-0.67962647,1.3441467,-1.0246277
60761,-0.82763672,1.2556458,-0.93978882
60762,-1.0069275,1.0694885,-0.85281372
60763,-0.82382202,1.4775085,-0.75958252
60764,-0.97900391,1.532135,-0.63598633
60765,-1.0888672,1.5112305,-0.64712524
60766,-1.2185669,1.3726807,-0.70999146
60767,-1.2379456,1.2321472,-0.72723389
60768,-1.3630676,1.4474487,-0.56304932
60769,-1.2718201,1.3839722,-0.4850769
60770,-1.4004517,1.4175415,-0.55526733
60771,-1.4762878,1.6072083,-0.42236328
60772,-1.3346863,1.5219116,-0.38818359
60773,-1.6110229,1.4634705,-0.3024292
60774,-1.5194702,1.388092,-0.26000977
60775,-1.5861511,1.3136291,-0.18417358
60776,-1.6952515,1.229248,-0.13381958
60777,-1.7326355,1.4390564,0.028686523
60778,-1.7871094,1.2231445,0.18218994
60779,-1.7596436,1.159668,0.023193359
60780,-1.8382263,1.2496948,-0.029754639
60781,-1.7112732,1.2963867,0.18066406
60782,-1.8577576,1.295929,0.17044067
60783,-1.9685364,1.1767578,0.37109375
60784,-1.9880676,1.0414124,0.39962769
60785,-2.0518494,1.0585022,0.55160522
60786,-1.9577026,1.0922241,0.42526245
60787,-2.0401001,1.1047363,0.46432495
60788,-2.2386169,1.0517883,0.597229
60789,-2.1725464,1.186676,0.59646606
60790,-2.1362305,1.0101318,0.42663574
60791,-2.076416,1.0746765,0.60302734
60792,-2.2407532,0.92498779,0.71105957
60793,-2.2610474,0.85968018,0.77148438
60794,-2.2361755,0.79864502,0.77667236
60795,-2.1743774,0.84152222,0.78155518
60796,-2.303009,0.72250366,0.78613281
60797,-2.2851563,0.75073242,0.94589233
60798,-2.3132324,0.68878174,0.95474243
60799,-2.2209167,0.54122925,0.99533081
60800,-2.2485352,0.6640625,1.1390686
60801,-2.3092651,0.62301636,1.2765503
60802,-2.3681641,0.47454834,1.4285278
60803,-2.2846985,0.42999268,1.3212585
60804,-2.3394775,0.36499023,1.3615417
60805,-2.2737122,0.50628662,1.3551331
60806,-2.2349548,0.23086548,1.3304138
60807,-2.2599792,0.20050049,1.3465881
60808,-2.3164368,0.23788452,1.574707
60809,-2.1879578,0.079498291,1.5557861
60810,-2.026062,0.10375977,1.5405273
60811,-2.202301,-0.0831604,1.6424561
60812,-2.1327209,-0.17471313,1.5975952
60813,-2.1343994,-0.11138916,1.6557312
60814,-2.0951843,-0.25939941,1.741333
60815,-2.0397949,-0.38223267,1.6943359
60816,-2.0152283,-0.33401489,1.8006897
60817,-2.098999,-0.38894653,1.583252
60818,-1.8356323,-0.519104,1.7263794
60819,-2.0361328,-0.53543091,1.8862915
60820,-2.0707703,-0.52429199,1.9496155
60821,-2.0782471,-0.73822022,2.0724487
60822,-2.1731567,-0.86914063,1.8655396
60823,-1.9519043,-0.86776733,2.0025635
60824,-2.0175171,-1.0009766,2.1629333
60825,-2.0217896,-1.0847473,1.8518066
60826,-1.8695068,-0.96878052,2.0706177
60827,-1.8344116,-0.93917847,2.2467041
60828,-1.8817139,-1.6247559,1.7306519
60829,-1.7401123,-1.2599182,2.0783997
60830,-1.7269897,-1.2599182,1.9978333
60831,-1.6070557,-1.309967,2.0497131
60832,-1.5982056,-1.3752747,1.9842529
60833,-1.5660095,-1.3017273,2.0552063
60834,-1.5818787,-1.3937378,2.2373962
60835,-1.559906,-1.4205933,2.2340393
60836,-1.4663696,-1.4334106,2.1403503
60837,-1.343689,-1.3749695,2.0201111
60838,-1.3876343,-1.4904785,2.0585632
60839,-1.1056519,-1.5028381,1.9868469
60840,-1.295166,-1.6625977,1.9073486
60841,-1.1058044,-1.6876221,1.8771362
60842,-0.98815918,-1.7253113,2.0600891
60843,-0.92498779,-1.8991089,2.0098877
60844,-0.86532593,-1.9596863,2.0303345
60845,-0.82778931,-2.0957947,1.9473267
60846,-0.75454712,-1.9671631,2.0007324
60847,-0.67672729,-1.9804382,1.9078064
60848,-0.66619873,-2.0053101,1.9082642
60849,-0.64804077,-2.1031189,1.8258667
60850,-0.52612305,-2.093811,1.8443298
60851,-0.46096802,-2.0127869,1.8577576
60852,-0.59753418,-2.0739746,1.8557739
60853,-0.37445068,-2.1917725,1.9691467
60854,-0.16723633,-2.1817017,1.8492126
60855,-0.24490356,-2.3181152,1.8099976
60856,-0.11978149,-2.4302673,1.8180847
60857,-0.20828247,-2.4595642,1.6923523
60858,-0.16998291,-2.2444153,1.7510986
60859,-0.00793457,-2.3233032,1.7614746
60860,0.13870239,-2.1934509,1.5974426
60861,0.032348633,-2.2177124,1.6564941
60862,0.085601807,-2.3616028,1.4976501
60863,0.13549805,-2.2834778,1.4331055
60864,0.34301758,-2.4839783,1.2843323
60865,0.23651123,-2.5970459,1.1515808
60866,0.43670654,-2.4104309,1.2202454
60867,0.32623291,-2.3728943,1.1889648
60868,0.34988403,-2.4855042,1.0780334
60869,0.39199829,-2.4423218,0.96374512
60870,0.42129517,-2.3782349,1.0125732
60871,0.56274414,-2.4040222,0.96008301
60872,0.69229126,-2.384491,0.8996582
60873,0.65551758,-2.5088501,0.76049805
60874,0.69259644,-2.3280334,0.86181641
60875,0.73791504,-2.3925781,0.84976196
60876,0.75088501,-2.4827576,0.86135864
60877,0.80566406,-2.4325562,0.85922241
60878,0.728302,-2.4090576,0.5557251
60879,0.88546753,-2.263031,0.62332153
60880,1.0394287,-2.3287964,0.5279541
60881,1.1183166,-2.2245789,0.4170227
60882,1.1102295,-2.2831726,0.37307739
60883,1.1669922,-2.3254395,0.24139404
60884,1.1738586,-2.1058655,0.43731689
60885,1.0458374,-2.1827698,0.34011841
60886,1.1819458,-2.0423889,0.2444458
60887,1.1077881,-2.151947,0.14160156
60888,1.2461853,-2.0892334,-0.090789795
60889,1.2625122,-1.9261169,-0.12512207
60890,1.1268616,-2.0648193,-0.059509277
60891,1.2097168,-2.1427917,-0.1739502
60892,1.1746216,-1.9007874,-0.2482605
60893,1.2835693,-1.8681335,-0.3503418
60894,1.346283,-1.8591309,-0.2532959
60895,1.2780762,-1.8385315,-0.45623779
60896,1.3220215,-1.8432617,-0.26153564
60897,1.4038086,-1.6386414,-0.33905029
60898,1.4424133,-1.8011475,-0.56869507
60899,1.3420105,-1.5226746,-0.54260254
60900,1.3858032,-1.4743042,-0.66162109
60901,1.2940979,-1.6149902,-0.62103272
60902,1.3842773,-1.4942932,-0.65124512
60903,1.3500977,-1.4929199,-0.75134277
60904,1.3500977,-1.4324951,-0.69915772
60905,1.3897705,-1.2838745,-0.74462891
60906,1.3525391,-1.169281,-0.80261231
60907,1.1509705,-1.1940002,-0.99182129
60908,1.1987305,-1.0662842,-0.92498779
60909,1.162262,-1.0122681,-0.73547363
60910,1.1387634,-0.96923828,-0.99304199
60911,1.2037659,-0.89935303,-0.90576172
60912,1.1688232,-0.92575073,-1.0395813
60913,1.1904907,-0.74920654,-1.1706543
60914,1.0845947,-0.62194824,-0.98464966
60915,1.1262512,-0.79406738,-0.9841919
60916,1.1993408,-0.63796997,-1.1999512
60917,1.2594604,-0.5368042,-1.1448669
60918,1.100769,-0.49865723,-1.2405396
60919,1.1274719,-0.47180176,-1.3528442
60920,1.2115479,-0.32318115,-1.3331604
60921,0.96160889,-0.23406982,-1.374054
60922,0.98831177,-0.2897644,-1.4183044
60923,0.89233398,-0.18692017,-1.4697266
60924,0.92224121,-0.042419434,-1.2796021
60925,0.92041016,0.074768066,-1.312561
60926,0.8934021,0.055236816,-1.4465332
60927,0.72525024,0.090942383,-1.3397217
60928,0.71792603,-0.21331787,-1.5664673
60929,0.85601807,0.16052246,-1.4404297
60930,0.71456909,0.16815185,-1.5983582
60931,0.55969238,0.45700073,-1.5245056
60932,0.5317688,0.51528931,-1.5603638
60933,0.47851563,0.44082642,-1.5631104
60934,0.58273315,0.45227051,-1.5328979
60935,0.42648315,0.53314209,-1.526947
60936,0.32852173,0.58868408,-1.3365173
60937,0.40802002,0.51651001,-1.3284302
60938,0.32119751,0.71487427,-1.5390015
60939,0.25207519,0.69519043,-1.5203857
60940,0.21591187,0.69229126,-1.4567566
60941,0.19866943,0.70022583,-1.4309692
60942,0.20996094,0.72647095,-1.315918
60943,-0.026550293,0.92956543,-1.2892151
60944,0.039215088,1.083374,-1.3049316
60945,-0.13595581,1.0499573,-1.2632751
60946,-0.19104004,0.90118408,-1.308136
60947,-0.21774292,0.93078613,-1.2857056
60948,-0.28503418,0.92346191,-1.2664795
60949,-0.40252686,0.96374512,-1.1369324
60950,-0.340271,0.8430481,-1.1222839
60951,-0.36849976,1.027832,-0.98464966
60952,-0.48751831,1.0574341,-1.2889099
60953,-0.63842773,1.2068176,-1.1601257
60954,-0.63644409,1.3117981,-1.0908508
60955,-0.77209473,1.4768982,-1.0636902
60956,-0.70480347,1.4968872,-1.1952209
60957,-0.80230713,1.416626,-1.1268616
60958,-0.85205078,1.4253235,-1.0333252
60959,-0.9967041,1.4924622,-0.91827393
60960,-1.0951233,1.328125,-0.94436646
60961,-0.99243164,1.3677979,-0.86486816
60962,-1.1828613,1.5742493,-0.71853638
60963,-1.295166,1.4221191,-0.61462402
60964,-1.307373,1.5180969,-0.8354187
60965,-1.3049316,1.5278625,-0.67108154
60966,-1.3066101,1.5779114,-0.59127808
60967,-1.4871216,1.5568542,-0.47912598
60968,-1.2846375,1.545105,-0.42419434
60969,-1.5333557,1.5002441,-0.5960083
60970,-1.4332581,1.4741516,-0.40817261
60971,-1.6256714,1.4372253,-0.33782959
60972,-1.762085,1.3435364,-0.37139893
60973,-1.7980957,1.4179993,-0.54397583
60974,-1.8974304,1.3102722,-0.2696228
60975,-1.7205811,1.3378906,-0.14526367
60976,-1.762085,1.4221191,0.009765625
60977,-1.809082,1.3331604,0.03326416
60978,-1.8652344,1.2184143,0.085144043
60979,-1.9250488,1.2875366,0.18722534
60980,-1.9499207,1.2611389,0.23773193
60981,-1.9963074,1.2341309,0.23391724
60982,-1.9836426,1.2129211,0.29479981
60983,-2.0724487,1.287384,0.4296875
60984,-1.9567871,1.2895203,0.38375855
60985,-2.0759583,1.1988831,0.46234131
60986,-2.0973206,1.1402893,0.51208496
60987,-2.1609497,1.0002136,0.5406189
60988,-2.129364,1.1080933,0.61630249
60989,-2.114563,1.1503601,0.70770264
60990,-2.3738098,1.0464478,0.87463379
60991,-2.4050903,0.90942383,0.87173462
60992,-2.3124695,0.92926025,0.83618164
60993,-2.3121643,0.70510864,0.79589844
60994,-2.399292,0.99853516,0.96862793
60995,-2.4084473,0.97961426,1.0290527
60996,-2.3129272,0.80993652,1.1083984
60997,-2.325592,0.69015503,1.1505127
60998,-2.2337341,0.8126831,1.2451172
60999,-2.2409058,0.65917969,1.1244202
61000,-2.2390747,0.5380249,1.1759949
61001,-2.3736572,0.41061401,1.3870239
61002,-2.2489929,0.43106079,1.3378906
61003,-2.3910522,0.32180786,1.4558411
61004,-2.3001099,0.22521973,1.3284302
61005,-2.2843933,0.32974243,1.4505005
61006,-2.151947,0.3364563,1.5597534
61007,-2.1847534,0.09262085,1.6020203
61008,-2.2290039,0.036010742,1.6549683
61009,-2.2540283,-0.007629395,1.5844727
61010,-2.1783447,-0.13137817,1.5901184
61011,-2.1723938,-0.10726929,1.7723084
61012,-2.1101379,-0.20599365,1.673584
61013,-2.0759583,-0.18218994,1.7895508
61014,-2.1603394,-0.15563965,1.7726135
61015,-2.182312,-0.37307739,1.7446899
61016,-2.2067261,-0.66207886,1.8263245
61017,-1.95755,-0.52581787,1.8635559
61018,-1.9819641,-0.58670044,1.9329834
61019,-1.9903564,-0.79803467,2.118988
61020,-1.8481445,-0.77514648,1.8965149
61021,-1.9142151,-0.78063965,2.0809937
61022,-2.098999,-1.1166382,2.0742798
61023,-1.7163086,-1.1012268,2.0643616
61024,-1.8135071,-1.0804749,1.9081116
61025,-1.8582153,-1.1680603,2.0632935
61026,-1.8692017,-1.4826965,1.9604492
61027,-1.7752075,-1.275177,2.0700073
61028,-1.7126465,-1.302948,2.0127869
61029,-1.7575073,-1.1520386,2.2491455
61030,-1.5544128,-1.3945007,2.1075439
61031,-1.4941406,-1.468811,2.1038818
61032,-1.5838623,-1.5542603,2.2546387
61033,-1.3162231,-1.6308594,2.1488953
61034,-1.5621948,-1.7182922,2.1244812
61035,-1.5834045,-1.847229,2.0335388
61036,-1.4205933,-1.6955566,2.0533752
61037,-1.1752319,-1.7980957,2.1350098
61038,-1.1915588,-1.8000793,1.7321777
61039,-1.157074,-1.7678833,1.8179321
61040,-1.1624146,-1.8017578,1.9882202
61041,-1.1032104,-1.9024658,1.9342041
61042,-0.96191406,-2.013855,2.0529175
61043,-0.90042114,-2.0983887,1.9293213
61044,-0.76751709,-2.1057129,1.9766235
61045,-0.75408935,-2.2386169,2.1374512
61046,-0.80093384,-2.1580505,2.0918274
61047,-0.74569702,-2.2384644,1.9297791
61048,-0.60394287,-2.2694397,1.8933105
61049,-0.5557251,-2.2567749,1.8666077
61050,-0.48614502,-2.3013306,2.0191956
61051,-0.43701172,-2.2531128,1.9833374
61052,-0.31051636,-2.1743774,1.803894
61053,-0.33294678,-2.2242737,1.6798401
61054,-0.34805298,-2.2671509,1.7492676
61055,-0.30685425,-2.3898315,1.5759277
61056,-0.23284912,-2.4198914,1.6242981
61057,-0.042724609,-2.3298645,1.6127014
61058,-0.10192871,-2.2489929,1.5289307
61059,0.005187988,-2.2680664,1.3912964
61060,0.001373291,-2.3875427,1.3005066
61061,0.06652832,-2.3019409,1.4704895
61062,0.1663208,-2.5454712,1.5258789
61063,0.25283814,-2.7307129,1.5757751
61064,0.34561157,-2.7409363,1.4274597
61065,0.38818359,-2.7752686,1.2423706
61066,0.39825439,-2.6956177,1.3145447
61067,0.45974731,-2.6637268,1.3069153
61068,0.47729492,-2.6593018,1.2190247
61069,0.53039551,-2.6382446,1.1654663
61070,0.54443359,-2.4971008,1.1352539
61071,0.65994263,-2.4787903,1.0662842
61072,0.68939209,-2.4052429,1.0331726
61073,0.78994751,-2.3605347,0.81588745
61074,0.88394165,-2.3167419,0.90423584
61075,0.90652466,-2.406311,0.77072144
61076,0.86029053,-2.3754883,0.74356079
61077,1.0913086,-2.6342773,0.60470581
61078,0.97183228,-2.5646973,0.62637329
61079,0.99243164,-2.3893738,0.42877197
61080,0.93826294,-2.2636414,0.59707642
61081,0.93231201,-2.3097229,0.52246094
61082,1.0510254,-2.3731995,0.38360596
61083,1.1695862,-2.2782898,0.28137207
61084,1.2164307,-2.3461914,0.47149658
61085,1.1509705,-2.208252,0.23071289
61086,1.1846924,-2.151947,0.10574341
61087,1.1625671,-1.95755,0.098876953
61088,1.2036133,-1.9062805,0.17776489
61089,1.2141418,-1.8765259,0.15838623
61090,1.3018799,-1.9827271,0.077209473
61091,1.2753296,-1.9125366,0.088653564
61092,1.3015747,-1.9512939,-0.064697266
61093,1.2980652,-1.8515015,-0.26306152
61094,1.2535095,-1.7234802,-0.23498535
61095,1.3386536,-1.7077637,-0.38223267
61096,1.3468933,-1.7964172,-0.55419922
61097,1.3165283,-1.9085693,-0.51956177
61098,1.315155,-1.7573547,-0.62591553
61099,1.361084,-1.8154907,-0.48965454
61100,1.3850403,-1.594696,-0.46356201
61101,1.3708496,-1.5133667,-0.55130005
61102,1.4367676,-1.4141846,-0.60653687
61103,1.4559937,-1.4672852,-0.69854736
61104,1.5505981,-1.3900757,-0.72631836
61105,1.3516235,-1.3697815,-1.1958313
61106,1.2686157,-1.4828491,-0.82336426
61107,1.3201904,-1.4427185,-0.90682983
61108,1.4533997,-1.2710571,-1.0388184
61109,1.4555359,-1.1688232,-1.0771179
61110,1.2995911,-1.1497498,-1.0925293
61111,1.2767029,-0.95245361,-1.1775208
61112,1.2875366,-0.95306397,-1.0449219
61113,1.2832642,-0.90087891,-0.88760376
61114,1.2321472,-0.67565918,-1.2033081
61115,1.0917664,-0.68847656,-1.0508728
61116,1.0565186,-0.4675293,-1.1334229
61117,0.82107544,-0.56945801,-1.1660767
61118,0.9954834,-0.52246094,-1.1767578
61119,1.0542297,-0.39916992,-1.2559509
61120,1.0754395,-0.27801514,-1.1657715
61121,1.0552979,-0.27404785,-1.2188721
61122,0.95733643,-0.20721435,-1.2199402
61123,0.99060059,-0.14221191,-1.2823486
61124,0.88806152,-0.15930176,-1.0826111
61125,0.84686279,-0.18310547,-1.3842773
61126,0.83267212,-0.010681152,-0.9803772
61127,0.48049927,-0.056152344,-1.2113953
61128,0.56716919,-0.17868042,-1.569519
61129,0.63476563,0.067138672,-1.6410828
61130,0.57861328,0.23956299,-1.5771484
61131,0.60180664,0.40893555,-1.5763855
61132,0.52398682,0.34042358,-1.4437866
61133,0.54916382,0.36346436,-1.4439392
61134,0.5128479,0.35186768,-1.6679382
61135,0.36514282,0.42449951,-1.4355469
61136,0.36270142,0.55664063,-1.4538574
61137,0.39871216,0.3503418,-1.9380188
61138,0.18600464,0.48065186,-1.8478394
61139,0.11352539,0.45837402,-1.3801575
61140,0.20950317,0.56091309,-1.4299011
61141,0.018920898,0.6942749,-1.3308716
61142,0.066833496,0.90255737,-1.3491821
61143,-0.16571045,0.87097168,-1.3534546
61144,-0.045013428,0.83679199,-1.4710999
61145,-0.14633179,1.0820007,-1.3415527
61146,-0.2041626,1.0087585,-1.4228821
61147,-0.21621704,1.0952759,-1.2313843
61148,-0.19927978,1.1442566,-1.3198853
61149,-0.44845581,1.1499023,-1.2236023
61150,-0.38787842,1.0942078,-1.2591553
61151,-0.70205688,1.0270691,-0.99319458
61152,-0.60287476,1.1309814,-1.1187744
61153,-0.66467285,1.1764526,-1.1343384
61154,-0.87738037,1.2724304,-0.9513855
61155,-0.82885742,1.1842346,-0.91293335
61156,-0.93551636,1.1978149,-0.99716187
61157,-0.9866333,1.3827515,-0.8203125
61158,-0.93322754,1.1418152,-0.78079224
61159,-0.88577271,1.1712646,-0.91064453
61160,-1.0449219,1.2307739,-0.79650879
61161,-1.1006165,1.4402771,-0.76782227
61162,-1.0621643,1.305542,-0.78033447
61163,-1.1949158,1.2619019,-0.80032349
61164,-1.0346985,1.2548828,-0.79467773
61165,-1.146698,1.1602783,-0.72418213
61166,-1.1914063,1.2649536,-0.67947388
61167,-1.3735962,1.3166809,-0.68878174
61168,-1.3713074,1.2715149,-0.49530029
61169,-1.3327026,1.2605286,-1.269989
61170,-1.5586853,1.0775757,-0.37200928
61171,-1.6255188,1.098175,-0.24261475
61172,-1.6383362,1.1988831,-0.30853272
61173,-1.7073059,1.1178589,-0.41549683
61174,-1.6004944,1.3140869,-0.3855896
61175,-1.6911316,1.2768555,-0.19485474
61176,-1.7256165,1.2625122,-0.14816284
61177,-1.7892456,1.2506104,-0.065002441
61178,-1.8838501,1.1108398,0.17196655
61179,-1.7401123,1.1408997,0.090637207
61180,-1.7141724,1.161499,0.10894775
61181,-1.8321228,1.1039734,0.16738892
61182,-1.9325256,1.2805176,0.34194946
61183,-1.9754028,1.1936951,0.36956787
61184,-2.0669556,1.0546875,0.51361084
61185,-1.8702698,1.0275269,0.40481567
61186,-1.9953918,0.91964722,0.5545044
61187,-1.8850708,0.94192505,0.55496216
61188,-1.8977356,0.99594116,0.57739258
61189,-2.0310974,0.97839356,0.66467285
61190,-1.9769287,0.80932617,0.70404053
61191,-2.1304321,0.76553345,0.70556641
61192,-2.3583984,0.62408447,0.83251953
61193,-2.1884155,0.69442749,0.96817017
61194,-2.2383118,0.78811646,1.0145569
61195,-2.1713257,0.60806274,0.82580566
61196,-2.0359802,0.50872803,0.93139648
61197,-2.171936,0.47332764,1.0638428
61198,-2.1447754,0.41137695,1.048584
61199,-1.9885254,0.5090332,1.1236572
61200,-2.1403503,0.47851563,1.2138367
61201,-2.0678711,0.262146,1.161499
61202,-2.1366882,0.29144287,1.2599182
61203,-2.1517944,0.046539307,1.1784363
61204,-2.1531677,0.069732666,1.1825562
61205,-1.9892883,0.035247803,1.4309692
61206,-2.0565796,0.14602661,1.4820862
61207,-1.8844604,0.005950928,1.5028381
61208,-2.013092,-0.11306763,1.4253235
61209,-2.0619202,-0.10635376,1.506958
61210,-1.8753052,-0.32592773,1.4622498
61211,-1.920166,-0.34194946,1.5914917
61212,-1.9836426,-0.2583313,1.5380859
61213,-2.278595,-0.27145386,1.8254089
61214,-1.9233704,-0.55358887,1.7544556
61215,-1.9329834,-0.42510986,1.9766235
61216,-1.9099426,-0.5128479,1.794281
61217,-1.920929,-0.66589356,1.8911743
61218,-1.8855286,-0.50170898,1.9367981
61219,-1.8057251,-0.74798584,1.7420959
61220,-1.8400574,-0.75805664,1.7706299
61221,-1.7779541,-1.0110474,1.8197632
61222,-1.8417358,-0.8442688,1.754303
61223,-1.6101074,-1.0803223,1.9070435
61224,-1.7974854,-1.7674255,1.7614746
61225,-1.6085815,-1.2886047,1.8522644
61226,-1.431427,-0.97381592,1.9238281
61227,-1.3934326,-0.99700928,2.0588684
61228,-1.4929199,-1.0852051,2.170105
61229,-1.3037109,-1.1973572,1.8841553
61230,-1.47995,-1.227417,1.7485046
61231,-1.4331055,-1.3153076,1.9464111
61232,-1.2513733,-1.4634705,1.9833374
61233,-1.3671875,-1.7092896,2.0343018
61234,-1.197052,-1.8214416,1.7538452
61235,-1.2976074,-1.877594,1.955719
61236,-1.1477661,-1.761322,1.8759155
61237,-1.206665,-1.7494202,2.0346069
61238,-1.0595703,-1.750946,2.1359253
61239,-0.95672607,-1.607666,1.9818115
61240,-0.96954346,-1.7684937,1.8261719
61241,-0.94314575,-1.730957,1.8145752
61242,-0.69061279,-1.8850708,1.7189026
61243,-0.69046021,-1.8444824,1.7565918
61244,-0.61279297,-1.9137573,1.7503357
61245,-0.69458008,-2.0346069,1.7993164
61246,-0.57067871,-2.1029663,1.7608643
61247,-0.65322876,-2.1353149,1.8521118
61248,-0.42877197,-2.1646118,1.7097473
61249,-0.41412353,-2.0761108,1.7466736
61250,-0.39367676,-1.9709778,1.8019104
61251,-0.35552978,-1.986084,1.7774963
61252,-0.33279419,-2.1476746,1.6784668
61253,-0.20736694,-2.1586609,1.6783142
61254,-0.16021728,-2.2592163,1.5859985
61255,-0.029602051,-2.2747803,1.4483643
61256,-0.053405762,-2.3149109,1.4108276
61257,-0.072631836,-2.2471619,1.4442444
61258,-0.013427734,-2.1453857,1.3232422
61259,0.14709473,-2.1411133,1.2179565
61260,0.17211914,-2.1542358,1.2661743
61261,0.18936157,-2.1891785,1.2322998
61262,0.15731812,-2.157135,1.098938
61263,0.20904541,-2.2897339,1.2257385
61264,0.22903442,-2.1514893,1.0710144
61265,0.2456665,-2.3542786,1.0864258
61266,0.40969849,-2.3176575,0.88745117
61267,0.50598144,-2.2990417,0.8555603
61268,0.55175781,-2.1910095,0.80490112
61269,0.56488037,-2.2555542,0.79849243
61270,0.52337647,-2.1080017,0.92025757
61271,0.60821533,-2.1313477,0.70999146
61272,0.62667847,-2.1490479,0.72601318
61273,0.72784424,-2.2169495,0.76934815
61274,0.69458008,-2.2131348,0.52612305
61275,0.73974609,-2.1652222,0.61950684
61276,0.7270813,-2.026062,0.5368042
61277,0.91018677,-2.10495,0.42617798
61278,0.8039856,-2.1235657,0.26779175
61279,0.70129394,-2.1098328,0.28686523
61280,0.97061157,-2.0840454,0.098266602
61281,0.96496582,-1.9529724,0.19012451
61282,1.0264587,-1.9900513,0.15151978
61283,1.0496521,-1.9525146,0.09475708
61284,1.1621094,-1.8882751,0.10391235
61285,1.1517334,-1.9467163,0.12832642
61286,1.2295532,-1.9816589,0.15090942
61287,1.1837769,-1.9874573,0.046081543
61288,1.2741089,-1.8566895,0.036010742
61289,1.1943054,-1.8061829,-0.009002686
61290,1.2220764,-1.8902588,-0.16738892
61291,1.2173462,-1.7366028,-0.25588989
61292,1.3067627,-1.6830444,-0.23834228
61293,1.2313843,-1.6818237,-0.28869629
61294,1.2182617,-1.5782166,-0.42068481
61295,1.0848999,-1.5109253,-0.35812378
61296,1.0232544,-1.3945007,-0.43884277
61297,1.0734558,-1.365509,-0.46630859
61298,1.0853577,-1.4604187,-0.59631348
61299,1.0987854,-1.4086914,-0.78094482
61300,1.015625,-1.2374878,-0.72448731
61301,1.0775757,-1.3143921,-0.74676514
61302,1.0391235,-1.0574341,-0.66986084
61303,1.0694885,-1.0488892,-0.67047119
61304,1.0327148,-1.0345459,-0.77880859
61305,1.0934448,-0.92193603,-0.66375732
61306,1.2719727,-0.98892212,-0.87799072
61307,1.0475159,-0.91049194,-0.84197998
61308,1.0025024,-0.80108643,-0.9085083
61309,0.94284058,-0.56457519,-0.93200684
61310,0.97732544,-0.87295532,-0.99655151
61311,0.83007813,-0.79971313,-0.91552734
61312,0.96542358,-0.72723389,-0.97961426
61313,1.0641479,-0.5632019,-0.962677
61314,0.97000122,-0.45700073,-1.1672974
61315,0.91567993,-0.33630371,-1.1203003
61316,1.0449219,-0.32455444,-1.0906982
61317,0.9854126,-0.32546997,-1.3156128
61318,0.84442139,-0.29800415,-1.3085938
61319,0.80841065,-0.3515625,-1.3102722
61320,0.80856323,-0.19439697,-1.2728882
61321,0.70159912,-0.15197754,-1.2321472
61322,0.69702148,-0.047149658,-1.2078857
61323,0.66894531,-0.025634766,-1.5332031
61324,0.71166992,0.086364746,-1.9502258
61325,0.55130005,-0.06729126,-1.5010071
61326,0.45959473,0.23361206,-2.6271057
61327,0.46966553,0.042877197,-1.370697
61328,0.54168701,0.23086548,-1.2557983
61329,0.49575806,0.32867432,-1.2207031
61330,0.36575317,0.26611328,-1.118927
61331,0.22720337,0.35736084,-1.1956787
61332,0.25161743,0.46707153,-1.2835693
61333,0.1600647,0.52886963,-1.2269592
61334,0.014038086,0.66314697,-0.9513855
61335,-0.097045898,0.55236816,-1.1080933
61336,-0.073852539,0.77880859,-1.1553955
61337,-0.14877319,0.53665161,-1.1920166
61338,-0.076904297,0.71380615,-1.1856079
61339,-0.084533691,0.62896728,-0.98937988
61340,-0.21118164,0.77209473,-1.1206055
61341,-0.24230957,0.82214356,-1.2553406
61342,-0.43045044,0.96008301,-1.1224365
61343,-0.25726318,0.90927124,-1.3516235
61344,-0.31723022,0.95886231,-1.1300659
61345,-0.40740967,1.0418701,-0.96710205
61346,-0.33630371,1.2045288,-0.93582153
61347,-0.50140381,1.1645508,-0.96878052
61348,-0.6590271,1.2915039,-0.97000122
61349,-0.65139771,1.1010742,-0.96786499
61350,-0.81954956,1.0647583,-0.91415405
61351,-0.74996948,1.1569214,-1.0098267
61352,-0.88806152,1.0879517,-0.95306397
61353,-0.95153809,1.1933899,-0.9185791
61354,-1.194458,1.2158203,-0.74462891
61355,-1.1322021,1.2249756,-0.85861206
61356,-1.0101318,1.1392212,-0.69152832
61357,-0.9841919,1.1235046,-0.64575195
61358,-1.0539246,1.1956787,-0.54794312
61359,-1.2878418,1.1213684,-0.45715332
61360,-1.1672974,1.210022,-0.37841797
61361,-1.2469482,1.2507629,-0.32104492
61362,-1.3641357,1.0775757,-0.4057312
61363,-1.348877,1.1058044,-0.34500122
61364,-1.3084412,1.0780334,-0.31524658
61365,-1.4811707,1.2203979,-1.0604858
61366,-1.6833496,0.99731445,-0.40969849
61367,-1.5625,1.0202026,-0.26733398
61368,-1.5148926,1.0629272,-0.10253906
61369,-1.4152527,1.1442566,-0.011291504
61370,-1.4749146,1.1120605,-0.038146973
61371,-1.578064,1.2188721,0.032043457
61372,-1.6630554,1.0456848,0.061035156
61373,-1.7488098,1.0809326,0.20629883
61374,-1.7430115,1.0679626,0.24185181
61375,-1.7735291,0.93673706,0.25497436
61376,-1.7218018,0.99212647,0.25146484
61377,-1.787262,0.96115112,0.28121948
61378,-1.7886353,0.8493042,0.34866333
61379,-1.7643738,0.90118408,0.53009033
61380,-1.8855286,0.77346802,0.47073364
61381,-1.9786072,0.85525513,0.47775269
61382,-1.9866943,0.83007813,0.60852051
61383,-1.9682312,0.88302612,0.65353394
61384,-1.8013,0.85510254,0.7258606
61385,-1.9586182,0.65948486,0.85540772
61386,-2.051239,0.86975098,0.89111328
61387,-1.9404602,0.56228638,0.8265686
61388,-1.9979858,0.63278198,1.0205078
61389,-1.9769287,0.5480957,1.1857605
61390,-2.052002,0.47561645,1.0720825
61391,-2.0710754,0.43029785,1.0798645
61392,-2.0513916,0.33935547,1.0362244
61393,-2.0314026,0.31829834,1.0362244
61394,-2.0329285,0.19577026,0.9803772
61395,-1.9940186,0.33050537,1.1383057
61396,-2.1034241,0.32440186,1.3633728
61397,-2.016449,0.27862549,1.2580872
61398,-2.1546936,0.14816284,1.3290405
61399,-2.0883179,0.013580322,1.1968994
61400,-1.9754028,-0.059051514,1.2539673
61401,-2.1101379,-0.16525269,1.3980103
61402,-1.9963074,-0.021057129,1.4823914
61403,-1.9468689,-0.23254395,1.4840698
61404,-1.9245911,-0.33432007,1.4253235
61405,-2.10495,-0.35446167,1.4709473
61406,-1.8907166,-0.40283203,1.5138245
61407,-2.0643616,-0.60211182,1.5264893
61408,-1.9874573,-0.69091797,1.6094971
61409,-1.938324,-0.54489136,1.7539978
61410,-1.8795776,-0.50933838,1.8399048
61411,-1.9146729,-0.60501099,1.8101501
61412,-1.8363953,-0.99807739,1.7848206
61413,-1.7266846,-0.91049194,1.8296814
61414,-1.6278076,-0.95489502,1.8028259
61415,-1.6374207,-0.86853027,1.8780518
61416,-1.7584229,-0.91583252,1.8910217
61417,-1.7633057,-1.0003662,1.9161987
61418,-1.6609192,-0.98999023,1.8011475
61419,-1.5670776,-1.1825562,2.0098877
61420,-1.5383911,-1.1201477,1.9754028
61421,-1.4718628,-1.1398315,2.0100403
61422,-1.3458252,-1.3790894,1.7073059
61423,-1.441803,-1.6511536,1.9761658
61424,-1.2467957,-1.4131165,1.8702698
61425,-1.4074707,-1.3093567,1.8618774
61426,-1.1791992,-1.3484192,1.988678
61427,-1.1557007,-1.3433838,1.99646
61428,-1.2094116,-1.4378357,1.9171143
61429,-1.2350464,-1.5509033,2.015686
61430,-1.1656189,-1.4689636,1.8743896
61431,-1.1898804,-1.6801453,1.8029785
61432,-0.98449707,-1.6529846,1.7373657
61433,-0.8706665,-1.9161987,1.7799377
61434,-0.81939697,-1.905365,1.8244934
61435,-0.79391479,-1.8075562,1.5487671
61436,-0.71334839,-1.8031311,1.7950439
61437,-0.64437866,-1.8948364,1.8353271
61438,-0.60089111,-1.7657471,1.8685913
61439,-0.55099487,-1.7913818,1.8469238
61440,-0.58013916,-1.9534302,1.7504883
61441,-0.4246521,-2.0050049,1.6094971
61442,-0.46005249,-1.8597412,1.7247009
61443,-0.36224365,-1.9525146,1.6430664
61444,-0.43045044,-1.98349,1.6654968
61445,-0.362854,-2.1040344,1.5957642
61446,-0.26855469,-2.1051025,1.547699
61447,-0.07232666,-2.1299744,1.4561462
61448,-0.12451172,-2.1818542,1.4247131
61449,-0.051879883,-2.0796204,1.3748169
61450,-0.10314941,-2.0622253,1.3912964
61451,-0.079803467,-2.2181702,1.3565063
61452,0.11550903,-2.2174072,1.3903809
61453,0.30288696,-2.2163391,1.2789917
61454,0.13031006,-2.2438049,1.1250305
61455,0.23727417,-2.2323608,1.2588501
61456,0.17333984,-2.2666931,1.3027954
61457,0.33737183,-2.2389221,1.1238098
61458,0.44021606,-2.1153259,1.0974121
61459,0.44448853,-2.1199036,1.0609436
61460,0.54290772,-2.2866821,0.987854
61461,0.6010437,-2.2904968,0.96313477
61462,0.64819336,-2.3342896,0.95016479
61463,0.67138672,-2.3339844,0.89645386
61464,0.59463501,-2.306366,0.912323
61465,0.6703186,-2.2047424,0.79055786
61466,0.72158813,-2.2164917,0.74890137
61467,0.75683594,-2.3025513,0.65673828
61468,0.73898315,-2.0770264,0.56015015
61469,0.74050903,-2.0188904,0.47271728
61470,0.9286499,-2.1383667,0.44769287
61471,0.92224121,-2.0941162,0.45501709
61472,0.94497681,-2.2213745,0.33584595
61473,1.0316467,-2.1595764,0.28137207
61474,1.0604858,-2.0648193,0.2331543
61475,1.0372925,-1.8731689,0.16952515
61476,1.0249329,-1.7887878,0.086517334
61477,1.0630798,-1.7382813,-0.032958984
61478,1.1012268,-1.7965698,0.02456665
61479,1.144104,-1.7729187,-0.10986328
61480,1.0900879,-1.8450928,-0.15548706
61481,1.1135864,-1.783905,-0.086669922
61482,1.0734558,-1.6711426,-0.16967773
61483,1.0792541,-1.6784668,-0.16189575
61484,1.1254883,-1.7111206,-0.13793945
61485,1.1585999,-1.7179871,-0.20126343
61486,1.181488,-1.7555237,-0.42266846
61487,1.2419128,-1.5499878,-0.3944397
61488,1.1743164,-1.4004517,-0.45944214
61489,1.1256409,-1.6213989,-0.56396484
61490,1.3467407,-1.20224,-0.63644409
61491,1.1471558,-1.4305115,-0.63369751
61492,1.2658691,-1.4434814,-0.66162109
61493,1.28479,-1.4321899,-0.74890137
61494,1.2532043,-1.3659668,-0.81329346
61495,1.2005615,-1.2393188,-0.85449219
61496,1.3046265,-1.0592651,-0.75836182
61497,1.3035584,-1.030426,-0.96923828
61498,1.1410522,-0.83221435,-0.83435059
61499,1.2368774,-0.8682251,-1.0064697
61500,1.3409424,-0.85342407,-0.88684082
61501,1.3113403,-0.84777832,-1.0481262
61502,1.1524963,-0.71014404,-1.0343933
61503,1.1801147,-0.67016602,-0.99914551
61504,1.1120605,-0.69335938,-0.83587647
61505,0.99380493,-0.66329956,-1.0641479
61506,0.93612671,-0.5859375,-0.91171265
61507,0.94177246,-0.55404663,-1.1299133
61508,0.96221924,-0.38925171,-1.2200928
61509,0.80581665,-0.34866333,-1.1798096
61510,0.85205078,-0.49163818,-1.0862732
61511,0.97061157,-0.28884888,-1.3146973
61512,0.94726563,-0.13336182,-1.2741089
61513,0.72219849,-0.15426636,-1.2223816
61514,0.83099365,0.012359619,-1.3761902
61515,0.65002441,-0.063323975,-1.9161987
61516,0.54931641,-0.063171387,-1.665802
61517,0.51101685,0.11489868,-1.411438
61518,0.59326172,0.10467529,-1.3323975
61519,0.54580688,0.23956299,-1.3903809
61520,0.46218872,0.30303955,-1.3923645
61521,0.52642822,0.3666687,-1.3348389
61522,0.52246094,0.40084839,-1.3146973
61523,0.40863037,0.33187866,-1.2634277
61524,0.40771484,0.43182373,-1.3816834
61525,0.24108887,0.55862427,-1.3397217
61526,0.1322937,0.5557251,-1.5939331
61527,0.086975098,0.68542481,-1.3014221
61528,0.13214111,0.59402466,-1.3813782
61529,0.14816284,0.51239014,-1.3664246
61530,-0.10955811,0.4800415,-1.3560486
61531,-0.14907837,0.72601318,-1.3201904
61532,-0.23498535,0.75759888,-1.3485718
61533,-0.19226074,0.90026856,-1.3296509
61534,-0.18188477,0.80261231,-1.0638428
61535,-0.092773438,1.0227966,-1.2507629
61536,-0.37261963,0.99609375,-1.1854553
61537,-0.25924683,0.91613769,-1.2182617
61538,-0.43884277,0.97702026,-1.1677551
61539,-0.41824341,1.0516357,-1.2283325
61540,-0.41244507,1.0107422,-1.0464478
61541,-0.69625854,0.86608887,-0.97595215
61542,-0.51071167,1.1123657,-0.92941284
61543,-0.8190918,1.1494446,-0.8505249
61544,-0.85250854,1.3526916,-0.76828003
61545,-0.76690674,1.2106323,-0.7875061
61546,-0.94650269,1.3241577,-0.68206787
61547,-1.0095215,1.3446045,-0.57739258
61548,-0.89279175,1.4039612,-0.71884155
61549,-1.2361145,1.300354,-0.58776856
61550,-1.340332,1.3658142,-0.59921265
61551,-1.2522888,1.3830566,-0.69458008
61552,-1.3568115,1.3142395,-0.56228638
61553,-1.1828613,1.426239,-0.57174683
61554,-1.3989258,1.4642334,-0.46234131
61555,-1.4297485,1.1897278,-0.39855957
61556,-1.4685059,1.222229,-0.59341431
61557,-1.4450073,1.2191772,-0.32989502
61558,-1.6362,1.2579346,-0.25177002
61559,-1.6136169,1.3092041,-0.12741089
61560,-1.5679932,1.3592529,-0.16784668
61561,-1.6491699,1.232605,-0.045166016
61562,-1.7225647,1.0641479,-0.15640259
61563,-1.9400024,1.1555481,-0.092010498
61564,-1.8377686,1.2466431,0.028686523
61565,-1.8730164,1.2826538,0.11367798
61566,-1.8809509,1.2348938,0.24551392
61567,-1.8721008,1.1416626,0.35079956
61568,-1.6999817,1.144104,0.21484375
61569,-1.784668,1.0432434,0.27618408
61570,-1.9082642,1.1260986,0.45410156
61571,-1.9134521,1.1761475,0.47515869
61572,-1.9760132,1.1946106,0.51071167
61573,-2.077179,1.1477661,0.4850769
61574,-1.9564819,0.9463501,0.45822144
61575,-2.0661926,0.95626831,0.51315308
61576,-1.9859314,1.0591125,0.49728394
61577,-2.1856689,1.0014343,0.70602417
61578,-2.1440125,0.8215332,0.60119629
61579,-2.1086121,0.81512451,0.72723389
61580,-2.0747375,0.83892822,0.78216553
61581,-2.0960999,0.76919556,0.77789307
61582,-2.2851563,0.59967041,0.91430664
61583,-2.1806335,0.52520752,0.86837769
61584,-2.2705078,0.55953979,1.0140991
61585,-2.2122192,0.73776245,1.1543274
61586,-2.1606445,0.38421631,1.1376953
61587,-2.3019409,0.47866821,1.1499023
61588,-2.3754883,0.38085938,1.350708
61589,-2.2172546,0.45333862,1.2942505
61590,-2.1490479,0.27557373,1.1940002
61591,-2.2645569,0.48065186,1.315918
61592,-2.3291016,0.17684937,1.4401245
61593,-2.2138977,0.14053345,1.3766479
61594,-2.0794678,0.0340271,1.3528442
61595,-2.1458435,-0.090637207,1.3989258
61596,-2.3280334,-0.11047363,1.5365601
61597,-2.180481,-0.19821167,1.5356445
61598,-2.1513367,-0.23712158,1.5600586
61599,-2.1061707,-0.22735596,1.517334
61600,-2.0204163,-0.3125,1.5512085
61601,-2.0651245,-0.40176392,1.7175293
61602,-2.0581055,-0.4208374,1.6427612
61603,-1.8884277,-0.34713745,1.8238831
61604,-2.0545959,-0.56518555,1.8632507
61605,-1.8649292,-0.53588867,1.6976929
61606,-1.8467712,-0.58197022,1.8544006
61607,-1.9197083,-0.48156738,1.940155
61608,-1.9177246,-0.62866211,2.0220947
61609,-1.7993164,-0.85662842,1.7404175
61610,-1.8943787,-0.82489014,1.8969727
61611,-1.8258667,-0.98022461,1.8673706
61612,-1.7204285,-0.92910767,2.1040344
61613,-1.7521667,-1.1994934,1.9113159
61614,-1.6177368,-1.138916,2.0120239
61615,-1.5588379,-1.1682129,2.0918274
61616,-1.5534973,-1.3368225,2.0043945
61617,-1.5270996,-1.3288879,1.9458008
61618,-1.4723206,-1.2936401,1.8095398
61619,-1.3725281,-1.2042236,1.9683838
61620,-1.337738,-1.4616394,1.9235229
61621,-1.4512634,-1.8066406,1.8862915
61622,-1.3047791,-1.6769409,1.958313
61623,-1.325531,-1.7440796,2.1142578
61624,-1.0368347,-1.577301,2.1087646
61625,-1.1831665,-1.6764832,2.1142578
61626,-1.1372375,-1.743927,1.8838501
61627,-0.9387207,-1.7944336,1.8208313
61628,-1.0707092,-1.5884399,1.9593811
61629,-0.84152222,-1.6766357,2.0378113
61630,-1.0116577,-1.8609619,1.9958496
61631,-0.75836182,-1.8600464,1.9892883
61632,-0.76828003,-1.8911743,1.8847656
61633,-0.75195313,-2.0124817,1.9639587
61634,-0.63522339,-2.1914673,1.8611145
61635,-0.64483643,-2.109375,1.9114685
61636,-0.5329895,-2.2058105,1.7959595
61637,-0.38375855,-2.202301,1.7530823
61638,-0.32150269,-2.2259521,1.849823
61639,-0.32791138,-2.1723938,1.8482971
61640,-0.28900147,-2.2088623,1.8678284
61641,-0.22033691,-2.1621704,1.8395996
61642,-0.15670776,-2.2917175,1.7146301
61643,-0.19561768,-2.4179077,1.6459656
61644,-0.052185059,-2.3283386,1.6171265
61645,0.051727295,-2.4266052,1.5080261
61646,0.10986328,-2.3117065,1.4306641
61647,0.15075684,-2.3071289,1.2921143
61648,0.24002075,-2.33078,1.2347412
61649,0.30181885,-2.4041748,1.2657166
61650,0.34851074,-2.479248,1.3439941
61651,0.36926269,-2.4407959,1.3302612
61652,0.35675049,-2.5765991,1.0554504
61653,0.44891357,-2.5727844,1.0287476
61654,0.42770386,-2.5144958,1.0812378
61655,0.44845581,-2.3608398,0.98388672
61656,0.64453125,-2.3921204,0.89874268
61657,0.51818848,-2.4513245,0.9513855
61658,0.69900513,-2.2706604,0.90423584
61659,0.77148438,-2.1264648,0.85830688
61660,0.70220947,-2.183075,0.79315185
61661,0.80490112,-2.164917,0.67550659
61662,0.76370239,-2.0033264,0.63751221
61663,0.8013916,-2.2938538,0.46295166
61664,0.86212158,-2.2096252,0.4498291
61665,0.92956543,-2.2479248,0.33660889
61666,0.91079712,-2.4481201,0.32684326
61667,0.90240478,-2.2413635,0.36865234
61668,0.96557617,-2.1966553,0.4486084
61669,1.0144043,-2.2883606,0.36437988
61670,1.0101318,-2.1684265,0.39260864
61671,1.0058594,-1.9934082,0.2607727
61672,1.1218262,-2.1520996,0.20828247
61673,1.020813,-2.0628357,0.059204102
61674,1.0133362,-2.0307922,-0.10742188
61675,1.0784912,-1.8223572,-0.128479
61676,1.2275696,-1.9035339,-0.19973755
61677,1.1868286,-1.913147,-0.14877319
61678,1.3345337,-1.7460632,-0.45410156
61679,1.3037109,-1.8006897,-0.48828125
61680,1.2115479,-1.7150879,-0.46234131
61681,1.33255,-1.6412354,-0.59906006
61682,1.362915,-1.4976501,-0.54107666
61683,1.3497925,-1.5995789,-0.43884277
61684,1.2811279,-1.4045715,-0.33386231
61685,1.4048767,-1.555481,-0.28884888
61686,1.3587952,-1.5333557,-0.23681641
61687,1.2916565,-1.7350769,-0.62133789
61688,1.3372803,-1.3917541,-0.7774353
61689,1.3200378,-1.1700439,-0.70556641
61690,1.2710571,-1.1495972,-0.74081421
61691,1.3989258,-1.0966492,-0.70953369
61692,1.2234497,-1.1547852,-0.756073
61693,1.0942078,-1.1885071,-0.85296631
61694,1.0554504,-1.1851501,-1.0165405
61695,1.1628723,-0.95169067,-0.97412109
61696,1.1552429,-0.94436646,-0.92575073
61697,1.1637878,-0.94741821,-0.9236145
61698,1.1221313,-0.91369629,-1.0325623
61699,1.1474609,-0.89477539,-1.0656738
61700,1.0546875,-0.87768555,-1.0055542
61701,1.0714722,-0.80551147,-1.2220764
61702,0.98526001,-0.56365967,-1.1192322
61703,1.1303711,-0.50323486,-0.9727478
61704,0.94436646,-0.4107666,-1.0855103
61705,0.89660644,-0.41656494,-1.1062622
61706,0.88867188,-0.29449463,-1.2521362
61707,0.92575073,-0.28015137,-1.2361145
61708,0.92941284,-0.30273438,-1.5155029
61709,1.0272217,-0.1272583,-1.474762
61710,0.88302612,-0.13534546,-1.5808105
61711,0.859375,-0.063323975,-1.7454529
61712,0.71121216,-0.18157959,-1.6307068
61713,0.75820923,0.13854981,-1.5905762
61714,0.64376831,0.17028809,-1.656189
61715,0.7421875,0.08972168,-1.6098022
61716,0.67428589,0.25909424,-1.414032
61717,0.67306519,0.3062439,-1.4125061
61718,0.54275513,0.42938232,-1.0725403
61719,0.4347229,0.54870606,-0.97229004
61720,0.45578003,0.5770874,-1.0751343
61721,0.22537231,0.63232422,-1.2214661
61722,0.22293091,0.57876587,-1.3427734
61723,0.096435547,0.61859131,-1.2443542
61724,0.17501831,0.63644409,-1.3946533
61725,0.11367798,0.80169678,-1.444397
61726,-0.003967285,0.96176147,-1.4213562
61727,-0.12176514,0.71258545,-1.25
61728,0.015869141,0.82168579,-1.2841797
61729,-0.14770508,0.95520019,-1.2796021
61730,-0.044555664,1.0525513,-1.2860107
61731,-0.067443848,0.90988159,-1.1979675
61732,-0.27786255,1.0655212,-1.1997986
61733,-0.27679443,1.1489868,-1.1711121
61734,-0.35186768,1.4152527,-1.3948059
61735,-0.38070679,1.2930298,-1.4053345
61736,-0.55496216,1.4108276,-1.4181519
61737,-0.74768066,1.3165283,-1.3909912
61738,-0.6918335,1.3273621,-1.5068054
61739,-0.65124512,1.3554382,-1.3023376
61740,-0.7069397,1.1895752,-1.4857483
61741,-0.77819824,1.2303162,-1.1727905
61742,-0.80718994,1.3571167,-1.4590454
61743,-0.84838867,1.4567566,-1.0443115
61744,-0.93215942,1.5408325,-1.0340881
61745,-1.0386658,1.5408325,-0.9576416
61746,-1.1940002,1.3616943,-0.82290649
61747,-1.1334229,1.1660767,-1.0757446
61748,-1.2507629,1.3580322,-0.62286377
61749,-1.3897705,1.3346863,-0.70144653
61750,-1.3598633,1.4497375,-0.72677612
61751,-1.3420105,1.4997864,-0.45135498
61752,-1.4292908,1.3960266,-0.45227051
61753,-1.3838196,1.1328125,-0.48736572
61754,-1.5113831,1.1561584,-0.14419556
61755,-1.5925598,1.4041138,-0.042266846
61756,-1.4758301,1.3349915,-0.34515381
61757,-1.6029358,1.2304688,-0.29418945
61758,-1.8629456,1.1354065,-0.44113159
61759,-1.8533325,0.9664917,-0.22659302
61760,-1.728363,1.2409973,0.051269531
61761,-1.7764282,1.1235046,-0.008850098
61762,-1.8580627,1.1883545,0.097351074
61763,-1.7718506,1.2335205,0.11688232
61764,-1.8069458,1.2409973,0.20492554
61765,-1.9685364,1.3342285,0.31845093
61766,-1.8734741,1.328125,0.2722168
61767,-1.9837952,1.1489868,0.29907227
61768,-2.0501709,1.1656189,0.26580811
61769,-2.1401978,1.0307312,0.44082642
61770,-2.2183228,1.159668,0.41015625
61771,-2.258606,1.1149597,0.37139893
61772,-2.1592712,1.131134,0.35293579
61773,-2.1353149,0.92758179,0.14022827
61774,-2.1311951,0.93505859,0.31707764
61775,-2.2142029,0.96343994,0.47607422
61776,-2.1690369,0.89904785,0.51727295
61777,-2.0683289,0.8493042,0.74401856
61778,-2.3178101,0.76583862,0.86349487
61779,-2.2325134,0.65948486,0.37780762
61780,-2.3350525,0.78735352,0.64025879
61781,-2.2236633,0.63873291,0.83068848
61782,-2.2468567,0.71929932,0.95916748
61783,-2.1957397,0.55358887,0.73181152
61784,-2.1575928,0.47912598,1.0350037
61785,-2.0985413,0.53268433,1.0787964
61786,-2.053833,0.38467407,1.1459351
61787,-2.129364,0.32394409,1.1772156
61788,-2.1896362,0.28579712,1.3217163
61789,-2.1078491,0.093383789,1.4849854
61790,-2.1496582,0.02166748,1.4820862
61791,-2.3162842,0.000152588,1.4628601
61792,-2.015686,0.021972656,1.5228271
61793,-2.0626831,-0.088195801,1.4482117
61794,-2.1810913,-0.22964478,1.3948059
61795,-2.0097351,-0.16784668,1.4175415
61796,-2.0983887,-0.16479492,1.4369202
61797,-2.1627808,-0.28625488,1.2554932
61798,-1.8739319,-0.46218872,1.1810303
61799,-2.0503235,-0.47668457,1.3240051
61800,-2.0532227,-0.45852661,1.4230347
61801,-2.0367432,-0.57174683,1.2904358
61802,-1.9346619,-0.60043335,1.8408203
61803,-1.9639587,-0.73196411,1.7155457
61804,-2.0143127,-0.86044312,1.9987488
61805,-1.71875,-0.88165283,2.0788574
61806,-1.8280029,-0.95413208,1.5284729
61807,-1.782074,-0.89569092,2.0068359
61808,-1.8919373,-1.0325623,1.9950867
61809,-1.776886,-1.1312866,1.3627625
61810,-1.7425537,-1.219635,1.9274902
61811,-1.7340088,-1.3391113,1.9369507
61812,-1.6268921,-1.2820435,1.8609619
61813,-1.6220093,-1.3047791,1.7196655
61814,-1.6584778,-1.1708069,1.4605713
61815,-1.6030884,-1.2069702,1.7260742
61816,-1.555481,-1.3728333,1.7263794
61817,-1.3598633,-1.5307617,1.4981079
61818,-1.2957764,-1.4639282,1.5950012
61819,-1.2007141,-1.7272949,1.8405151
61820,-1.1166382,-1.8841553,1.7680359
61821,-1.0650635,-1.8687439,1.9564819
61822,-1.1106873,-1.8893433,2.0353699
61823,-1.1239624,-1.8101501,2.0918274
61824,-1.0839844,-1.771698,1.9252014
61825,-0.93261719,-1.7771912,1.9207764
61826,-0.90576172,-1.8060303,1.9285584
61827,-0.82260132,-1.9625854,1.882019
61828,-0.80490112,-1.7955017,1.9532776
61829,-0.6628418,-1.9024658,1.9810486
61830,-0.62957764,-2.0768738,2.0982361
61831,-0.60058594,-2.0617676,1.947937
61832,-0.58776856,-2.0983887,2.1508789
61833,-0.44723511,-2.147522,1.8214416
61834,-0.3503418,-2.2506714,1.7492676
61835,-0.1953125,-2.256012,1.7991638
61836,-0.37872314,-2.3683167,1.7245483
61837,-0.24597168,-2.2366333,1.7391968
61838,-0.22644043,-2.1586609,1.7495728
61839,-0.184021,-2.3153687,1.7529297
61840,-0.083618164,-2.2950745,1.6629028
61841,-0.019836426,-2.3854065,1.6558838
61842,-0.012512207,-2.4539185,1.6038513
61843,0.1335144,-2.5325012,1.5106201
61844,0.16952515,-2.5424194,1.4611816
61845,0.18188477,-2.4966431,1.3844299
61846,0.25207519,-2.3753357,1.3653564
61847,0.35308838,-2.440033,1.1946106
61848,0.4460144,-2.3838806,1.0771179
61849,0.28381348,-2.3796082,1.1204529
61850,0.43548584,-2.5366211,0.6401062
61851,0.31570435,-2.5392151,0.86044312
61852,0.60577393,-2.5639343,1.0302734
61853,0.56427002,-2.3742676,0.64376831
61854,0.69473267,-2.5926208,0.66345215
61855,0.75744629,-2.550354,0.97610474
61856,0.68588257,-2.4711609,0.95443726
61857,0.82397461,-2.3527527,0.82809448
61858,0.93093872,-2.2987366,0.83023071
61859,0.73669434,-2.2885132,0.53985596
61860,0.79284668,-2.3500061,0.44937134
61861,0.77789307,-2.306366,0.2923584
61862,0.85220337,-2.2080994,0.30731201
61863,1.2034607,-2.1083069,0.34713745
61864,1.0247803,-2.164917,-0.10177612
61865,1.1376953,-2.1556091,0.20141602
61866,1.0197449,-2.137146,-0.13366699
61867,1.1260986,-2.1517944,0.13442993
61868,1.265564,-2.1342468,-0.033416748
61869,1.2307739,-2.1980286,0.19592285
61870,1.272583,-2.3036194,-0.26184082
61871,1.3058472,-2.2044373,0.073242188
61872,1.2197876,-2.0150757,0.026855469
61873,1.2930298,-2.076416,-0.034942627
61874,1.3598633,-2.1209717,-0.063781738
61875,1.451416,-2.1203613,-0.12023926
61876,1.2976074,-1.9036865,-0.028076172
61877,1.401062,-1.8678284,-0.20996094
61878,1.4274597,-1.7520142,-0.55175781
61879,1.4550781,-1.7321777,-0.47927856
61880,1.4360046,-1.81427,-0.62637329
61881,1.3459778,-1.5867615,-0.68176269
61882,1.2664795,-1.7080688,-0.91049194
61883,1.3340759,-1.4633179,-0.91323853
61884,1.4227295,-1.3989258,-0.86273193
61885,1.3638306,-1.3710022,-0.85800171
61886,1.5289307,-1.4572144,-0.92834473
61887,1.3024902,-1.2156677,-1.1108398
61888,1.4416504,-1.2387085,-1.0588074
61889,1.2792969,-1.101532,-0.82458496
61890,1.3496399,-1.0368347,-0.86730957
61891,1.2997437,-0.80688477,-0.84762573
61892,1.3475037,-0.70709228,-0.78842163
61893,1.1662292,-0.82489014,-0.96191406
61894,1.3143921,-0.7107544,-1.1212158
61895,1.264801,-0.72723389,-1.1679077
61896,1.3450623,-0.64910889,-1.0610962
61897,1.2954712,-0.62713623,-1.1448669
61898,1.2660217,-0.7333374,-1.2750244
61899,1.1950684,-0.63751221,-1.1505127
61900,1.182251,-0.52917481,-1.3301086
61901,1.1698914,-0.51757813,-1.2324524
61902,1.0488892,-0.23117065,-1.3516235
61903,1.055603,-0.22094727,-1.3839722
61904,0.95062256,-0.06652832,-1.4025879
61905,1.0003662,-0.22293091,-1.4414978
61906,0.89370728,-0.087432861,-1.4093018
61907,0.99761963,-0.083465576,-1.375885
61908,0.90896606,-0.14404297,-1.5545654
61909,0.7460022,-0.21728516,-1.647644
61910,0.80093384,0.02746582,-1.6722107
61911,0.66055298,0.11032105,-1.4736938
61912,0.84579468,0.36148071,-1.6891479
61913,0.6716919,0.29159546,-1.6329956
61914,0.49804688,0.29434204,-1.5759277
61915,0.54504394,0.28900147,-1.6873169
61916,0.42694092,0.28945923,-1.5826416
61917,0.52261353,0.46966553,-1.6412354
61918,0.37689209,0.59844971,-1.5242004
61919,0.37765503,0.64620972,-1.577301
61920,0.36834717,0.7333374,-1.5890503
61921,0.30990601,0.6552124,-1.5464783
61922,0.31616211,1.0012817,-1.5016174
61923,0.1940918,0.85784912,-1.5222168
61924,0.18096924,0.94482422,-1.5391541
61925,0.16555786,1.0040283,-1.6577148
61926,0.030822754,0.8972168,-1.4303589
61927,-0.004882813,0.96481323,-1.6795349
61928,-0.21987915,0.86730957,-1.5701294
61929,-0.25985718,0.85235596,-1.3690186
61930,-0.29510498,1.0147095,-1.5325928
61931,-0.37643433,1.1299133,-1.2409973
61932,-0.36376953,1.2475586,-1.2083435
61933,-0.42358398,1.1381531,-1.0980225
61934,-0.5368042,1.4178467,-1.0327148
61935,-0.6098938,1.3903809,-1.1772156
61936,-0.59341431,1.3189697,-1.0960388
61937,-0.78338623,1.4578247,-1.0565186
61938,-0.68603516,1.2954712,-0.97106934
61939,-0.81939697,1.2886047,-1.0281372
61940,-0.83786011,1.1698914,-1.0081482
61941,-0.859375,1.3317871,-0.8744812
61942,-0.97732544,1.4401245,-0.93612671
61943,-1.0375977,1.4689636,-0.80627441
61944,-1.1044312,1.3697815,-0.83190918
61945,-1.1813354,1.3577271,-0.86013794
61946,-1.240387,1.2721252,-0.64163208
61947,-1.3371277,1.3577271,-0.55114746
61948,-1.3815308,1.443634,-0.5406189
61949,-1.4149475,1.5185547,-0.56823731
61950,-1.4932251,1.6271973,-0.68878174
61951,-1.4732361,1.252594,-0.57373047
61952,-1.5118408,1.519928,-0.50628662
61953,-1.5280151,1.5447998,-0.44677734
61954,-1.5802002,1.484375,-0.54962158
61955,-1.7163086,1.3500977,-0.26702881
61956,-1.6410828,1.4988709,-0.2192688
61957,-1.6349792,1.4041138,-0.21865845
61958,-1.7842102,1.4219666,-0.067443848
61959,-1.7637634,1.4674377,-0.052337646
61960,-1.8069458,1.3923645,0.058898926
61961,-1.8713379,1.3504028,0.13000488
61962,-1.9107056,1.3223267,0.16021728
61963,-1.8920898,1.3253784,0.097198486
61964,-1.9543457,1.3031006,0.13916016
61965,-1.9213867,1.2191772,0.22583008
61966,-1.9287109,1.2619019,0.33874512
61967,-2.0114136,1.2307739,0.43151856
61968,-2.0558167,1.2255859,0.57281494
61969,-2.0959473,1.1465454,0.60424805
61970,-2.1401978,1.1097717,0.65124512
61971,-2.1981812,0.96817017,0.66238403
61972,-2.1694946,1.1219788,0.73059082
61973,-2.3641968,1.2365723,0.78765869
61974,-2.2904968,1.0058594,0.89859009
61975,-2.3141479,0.86166382,0.98083496
61976,-2.2358704,0.87020874,0.88058472
61977,-2.1485901,0.92102051,1.1021423
61978,-2.3066711,0.82061768,1.0180664
61979,-2.2409058,0.81375122,1.0238647
61980,-2.3199463,0.76309204,0.93048096
61981,-2.2622681,0.62515259,1.1087036
61982,-2.2796631,0.62210083,1.131134
61983,-2.3986816,0.66604614,0.9147644
61984,-2.3461914,0.58959961,0.80993652
61985,-2.2802734,0.40939331,0.89263916
61986,-2.3825073,0.18463135,0.86074829
61987,-2.3643494,0.28823853,0.87402344
61988,-2.2770691,0.24902344,1.0331726
61989,-2.2517395,-0.13473511,0.66604614
61990,-2.3370361,-0.035552979,1.0421753
61991,-2.0909119,0.009307861,0.95046997
61992,-2.2167969,-0.006256104,1.0235596
61993,-2.088623,-0.082855225,1.3059998
61994,-1.9566345,-0.30731201,1.2503052
61995,-2.2512817,-0.20706177,1.338501
61996,-2.1040344,-0.36682129,1.8960571
61997,-2.1113586,-0.35552978,1.9290161
61998,-2.1440125,-0.2355957,1.6308594
61999,-1.9296265,-0.43457031,1.8054199
62000,-1.852417,-0.56015015,1.7347717
62001,-1.9407654,-0.76843262,1.8217468
62002,-1.769104,-0.71685791,1.7565918
62003,-1.9717407,-0.92590332,1.8711853
62004,-1.8988037,-0.86578369,1.8367004
62005,-1.806488,-0.81207275,1.9137573
62006,-1.9223022,-0.92529297,1.9726563
62007,-1.9061279,-0.99029541,1.937561
62008,-1.8658447,-1.0580444,1.927948
62009,-1.7054749,-1.1865234,2.1136475
62010,-1.7314148,-1.2518311,1.9108582
62011,-1.5257263,-1.2316895,2.0117188
62012,-1.6210938,-1.2042236,1.7713928
62013,-1.6589355,-1.1143494,2.1113586
62014,-1.5411377,-1.3586426,2.2363281
62015,-1.4959717,-1.3638306,2.039032
62016,-1.469574,-1.3957214,1.6671753
62017,-1.3276672,-1.4924622,1.5107727
62018,-1.2599182,-1.6020203,1.2168884
62019,-1.2466431,-1.6749573,1.6629028
62020,-1.3031006,-1.7715454,1.655426
62021,-1.1752319,-1.8481445,2.013092
62022,-1.1094666,-1.7871094,2.1813965
62023,-1.1528015,-1.8450928,2.0680237
62024,-0.9703064,-1.77948,1.9616699
62025,-0.93643188,-1.92276,2.0683289
62026,-0.93643188,-1.8307495,2.0349121
62027,-0.75057983,-1.8225098,2.0252991
62028,-0.72265625,-1.890564,1.9267273
62029,-0.5392456,-2.1179199,1.8708801
62030,-0.69335938,-2.0332336,1.8983459
62031,-0.61340332,-2.0117188,1.9535828
62032,-0.37475586,-2.0805359,1.9197083
62033,-0.41412353,-2.1749878,1.8572998
62034,-0.46020508,-2.3226929,1.7585754
62035,-0.39306641,-2.2657776,1.7996216
62036,-0.4196167,-2.0721436,1.6217041
62037,-0.33004761,-2.1769714,1.5104675
62038,-0.22064209,-2.1166992,1.7178345
62039,-0.19134522,-2.2955322,1.5142822
62040,-0.038909912,-2.3051453,1.4961243
62041,-0.009307861,-2.4510193,1.4186096
62042,-0.034942627,-2.4598694,1.5364075
62043,0.039520264,-2.4731445,1.5130615
62044,0.097808838,-2.3225403,1.4710999
62045,0.30273438,-2.4061584,1.3897705
62046,0.33340454,-2.3214722,1.3592529
62047,0.3213501,-2.4859619,1.2796021
62048,0.418396,-2.5019836,1.3075256
62049,0.41625977,-2.5460815,1.2562561
62050,0.44113159,-2.5170898,1.1035156
62051,0.56243897,-2.4023438,0.90820313
62052,0.50704956,-2.2476196,1.0054016
62053,0.650177,-2.440033,0.54382324
62054,0.57846069,-2.3957825,0.86853027
62055,0.58288574,-2.4665833,0.81420898
62056,0.63232422,-2.4069214,0.58486938
62057,0.77667236,-2.2595215,0.71594238
62058,0.80032349,-2.2190857,0.74996948
62059,0.76904297,-2.3468018,0.60241699
62060,0.79559326,-2.2595215,0.66192627
62061,0.88699341,-2.3318481,0.57418823
62062,0.96130371,-2.2966003,0.24719238
62063,0.8279419,-2.2662354,0.57617188
62064,0.85510254,-2.1427917,0.42541504
62065,1.0035706,-2.15271,0.13336182
62066,1.0501099,-1.9763184,0.19180298
62067,1.0820007,-2.1626282,0.24627685
62068,1.0391235,-2.1446228,0.045166016
62069,1.0505676,-2.10495,0.11138916
62070,1.1561584,-2.0350647,0.12054443
62071,1.1637878,-1.8911743,-0.003662109
62072,1.2234497,-1.9766235,-0.11428833
62073,1.3388062,-1.960144,-0.17578125
62074,1.1901855,-1.8621826,-0.23544312
62075,1.2506104,-1.884613,-0.25588989
62076,1.2820435,-1.7988586,-0.096588135
62077,1.3487244,-1.811676,-0.2381897
62078,1.3745117,-1.5898132,-0.24658203
62079,1.2588501,-1.5872192,-0.27740478
62080,1.2832642,-1.6217041,-0.48950195
62081,1.337738,-1.6520691,-0.48156738
62082,1.2979126,-1.6281128,-0.54153442
62083,1.177063,-1.557312,-0.44021606
62084,1.2759399,-1.5527344,-0.5783081
62085,1.366272,-1.2866211,-0.67214966
62086,1.2548828,-1.1933899,-1.0232544
62087,1.3375854,-1.0533142,-1.0551453
62088,1.206665,-0.99761963,-0.66131592
62089,1.1065674,-1.1430359,-0.89553833
62090,1.2536621,-0.94848633,-0.76690674
62091,1.2898254,-0.87753296,-0.85266113
62092,1.3235474,-0.80841065,-0.93887329
62093,1.1972046,-0.80230713,-0.95779419
62094,1.1906433,-0.72387695,-1.002655
62095,1.2030029,-0.74234009,-1.0479736
62096,1.0914612,-0.7119751,-1.0749817
62097,1.0632324,-0.72082519,-0.96710205
62098,1.0923767,-0.5758667,-1.0302734
62099,1.0717773,-0.68969727,-1.166687
62100,1.0890198,-0.54931641,-1.2080383
62101,0.97045898,-0.42098999,-1.2846375
62102,0.90591431,-0.2230835,-1.2571716
62103,0.89279175,-0.20675659,-1.3153076
62104,0.83267212,-0.31692505,-1.2016296
62105,0.79360962,-0.27511597,-1.4071655
62106,0.80764771,-0.11489868,-1.5402222
62107,0.91979981,-0.043182373,-1.3214111
62108,0.88134766,0.092468262,-1.2695313
62109,0.74264526,0.066986084,-1.4697266
62110,0.51330566,-0.075683594,-1.4811707
62111,0.19210815,-0.25009155,-1.3772583
62112,0.55618286,-0.041503906,-1.4146423
62113,0.67886353,0.21957398,-1.3760376
62114,0.52978516,0.24093628,-1.3458252
62115,0.46615601,0.33950806,-1.4805603
62116,0.28915405,0.44784546,-1.2432861
62117,0.36941528,0.48461914,-1.2712097
62118,0.31539917,0.58319092,-1.3645935
62119,0.19241333,0.82214356,-1.4242554
62120,0.1348877,0.72189331,-1.4347839
62121,-0.019683838,0.90026856,-1.3047791
62122,-0.035705566,0.70983887,-1.2832642
62123,-0.033569336,0.81436157,-1.0925293
62124,0.006103516,0.67581177,-1.2677002
62125,-0.097961426,0.84167481,-1.2512207
62126,-0.2015686,0.9564209,-1.2863159
62127,-0.30593872,0.80383301,-1.2968445
62128,-0.24475098,0.92437744,-1.3571167
62129,-0.24383545,1.0411072,-1.259613
62130,-0.42984009,1.2228394,-1.2434387
62131,-0.40802002,1.0661316,-1.3005066
62132,-0.48370361,1.2149048,-1.1523438
62133,-0.69610596,1.1740112,-1.0023499
62134,-0.64971924,1.1813354,-1.0940552
62135,-0.5065918,0.95184326,-1.0787964
62136,-0.81344604,1.1381531,-0.91690063
62137,-0.86517334,1.1747742,-1.0154724
62138,-0.70251465,1.1109924,-0.84777832
62139,-0.83755493,1.2414551,-0.68588257
62140,-0.90652466,1.237793,-0.74615478
62141,-0.90332031,1.2731934,-0.78445435
62142,-0.93780518,1.2532043,-0.73699951
62143,-0.9753418,1.2414551,-0.73730469
62144,-1.040802,1.2246704,-0.68572998
62145,-1.085968,1.2934875,-0.60928345
62146,-1.131134,1.2524414,-0.6137085
62147,-1.1639404,1.2693787,-0.54199219
62148,-1.2211609,1.1965942,-0.43075561
62149,-1.2954712,1.2220764,-0.36956787
62150,-1.3803101,1.0810852,-0.31799316
62151,-1.4848328,1.2068176,-0.47042847
62152,-1.4892578,1.0374451,-0.23620606
62153,-1.5783691,1.3269043,-0.39398193
62154,-1.5055847,1.4926147,-0.11962891
62155,-1.5977478,1.2765503,-0.22369385
62156,-1.7007446,1.1825562,-0.093231201
62157,-1.497345,1.2962341,0.014190674
62158,-1.7008972,1.1932373,0.11199951
62159,-1.6601563,1.3116455,0.29144287
62160,-1.7440796,1.1904907,0.10665894
62161,-1.7602539,1.3031006,0.19577026
62162,-1.8113709,1.3113403,0.17608643
62163,-1.8240356,1.1254883,0.26779175
62164,-1.7669678,1.0881042,0.34927368
62165,-1.9143677,0.95184326,0.31341553
62166,-1.9544983,1.2088013,0.50415039
62167,-2.010498,1.0119629,0.47851563
62168,-2.0703125,1.0148621,0.60546875
62169,-2.0797729,1.0273743,0.6022644
62170,-2.1081543,0.9777832,0.62606812
62171,-2.049408,0.83847046,0.6729126
62172,-2.0954895,0.79238892,0.74951172
62173,-2.0509338,0.82275391,0.60012817
62174,-2.1118164,0.78948975,0.73654175
62175,-2.0106506,0.79116821,0.37506103
62176,-1.9863892,0.71777344,0.66375732
62177,-2.0394897,0.64025879,0.73303223
62178,-2.1653748,0.53726196,1.3720703
62179,-2.0663452,0.46539307,1.1187744
62180,-2.1841431,0.48278809,1.114502
62181,-2.0724487,0.3704834,1.0614014
62182,-2.1749878,0.35736084,1.0778809
62183,-2.1136475,0.16052246,1.1102295
62184,-2.12677,0.20904541,1.0914612
62185,-2.006073,0.05859375,1.2281799
62186,-2.183075,0.062408447,1.2231445
62187,-2.1072388,-0.090026855,1.2863159
62188,-2.1588135,-0.025177002,1.3818359
62189,-2.0840454,-0.004577637,1.4933777
62190,-1.9445801,-0.22888184,1.4605713
62191,-2.1182251,-0.21728516,1.3659668
62192,-1.9656372,-0.30288696,1.6700745
62193,-2.1307373,-0.38757324,1.5234375
62194,-1.8492126,-0.37536621,1.7082214
62195,-1.8988037,-0.5305481,1.3961792
62196,-1.9273376,-0.39337158,1.3452148
62197,-1.8423462,-0.59936523,1.5023804
62198,-1.9226074,-0.57540894,1.5817261
62199,-1.9058228,-0.61126709,1.4836121
62200,-1.9410706,-0.82931519,1.6331482
62201,-1.6795349,-0.96420288,1.5185547
62202,-1.7614746,-0.82138062,1.5632629
62203,-1.8309021,-0.88867188,1.6862488
62204,-1.6978455,-0.90072632,1.678009
62205,-1.6885376,-0.9060669,1.6519165
62206,-1.6455078,-0.9777832,1.882782
62207,-1.5084839,-1.0546875,1.6651916
62208,-1.4735413,-1.2477112,1.6268921
62209,-1.6143799,-1.411438,1.5325928
62210,-1.5354919,-1.3011169,1.8467712
62211,-1.5348816,-1.3006592,1.8113709
62212,-1.4309692,-1.4245605,1.7306519
62213,-1.3920593,-1.2876892,1.8203735
62214,-1.399231,-1.2463379,1.8701172
62215,-1.1517334,-1.522522,1.8312073
62216,-1.1331177,-1.4352417,1.7793274
62217,-1.0140991,-1.7271423,1.9830322
62218,-1.013031,-1.8508911,1.9906616
62219,-0.93948364,-1.8115234,1.7312622
62220,-0.93856812,-1.786499,1.7695618
62221,-0.79803467,-1.7648315,1.907959
62222,-0.79391479,-1.6931152,1.8383789
62223,-0.78414917,-1.7025757,1.887207
62224,-0.78170776,-1.7637634,1.8862915
62225,-0.53390503,-1.8304443,1.7831421
62226,-0.70999146,-2.0426941,1.7698669
62227,-0.57327271,-1.9274902,1.762085
62228,-0.48416138,-1.9548035,1.7605591
62229,-0.48248291,-1.9200134,1.6853333
62230,-0.52078247,-2.0217896,1.7218018
62231,-0.30181885,-2.0593262,1.6767883
62232,-0.31433106,-2.184906,1.6239929
62233,-0.2381897,-2.1777344,1.6552734
62234,-0.13900757,-2.1801758,1.6366577
62235,-0.22918701,-2.0721436,1.6627502
62236,-0.10543823,-2.1615601,1.541748
62237,-0.082092285,-2.2169495,1.456604
62238,-0.040130615,-2.2685242,1.4570618
62239,0.086669922,-2.1711731,1.3432312
62240,0.081176758,-2.3867798,1.300354
62241,0.087738037,-2.3464966,1.3116455
62242,0.23269653,-2.39151,1.1335754
62243,0.097961426,-2.4424744,1.1560059
62244,0.29998779,-2.303009,1.1231995
62245,0.31387329,-2.1966553,0.90942383
62246,0.36346436,-2.1925354,0.97167969
62247,0.3894043,-2.1762085,0.91537476
62248,0.47012329,-2.1983337,0.91491699
62249,0.50460815,-2.0605469,0.89065552
62250,0.55953979,-2.093811,0.87753296
62251,0.62103272,-2.0066833,0.859375
62252,0.58990478,-2.0552063,0.70495606
62253,0.71594238,-2.1644592,0.7510376
62254,0.67810059,-2.2158813,0.70220947
62255,0.68847656,-2.2209167,0.64453125
62256,0.7522583,-2.2117615,0.60089111
62257,0.88195801,-2.24823,0.53970337
62258,0.7736206,-2.0951843,0.46173096
62259,0.91079712,-2.164917,0.51269531
62260,0.90484619,-2.0846558,0.4309082
62261,0.8517456,-1.9198608,0.34500122
62262,0.90911865,-1.9418335,0.37078857
62263,0.98342896,-2.1298218,0.20507813
62264,1.030426,-2.0909119,0.18997192
62265,0.98800659,-1.7773438,0.08392334
62266,1.0865784,-1.8197632,-0.015716553
62267,1.2350464,-1.9515991,0.015258789
62268,1.0906982,-1.8859863,-0.044555664
62269,1.1016846,-1.8960571,-0.14099121
62270,1.1402893,-1.8844604,-0.13977051
62271,1.1434937,-1.8881226,-0.20767212
62272,1.1378479,-1.7634583,-0.28671265
62273,1.169281,-1.7578125,-0.24795532
62274,1.1433411,-1.7141724,-0.27542114
62275,1.1994934,-1.5829468,-0.40039063
62276,1.2133789,-1.5065002,-0.45349121
62277,1.2411499,-1.4408875,-0.44876099
62278,1.0635376,-1.3345337,-0.41290283
62279,1.0272217,-1.4956665,-0.64636231
62280,1.0932922,-1.4538574,-0.55175781
62281,0.98892212,-1.1679077,-0.52062988
62282,1.0993958,-1.5158081,-0.67474365
62283,1.0113525,-1.2463379,-0.67306519
62284,1.190033,-1.44104,-0.79879761
62285,1.0618591,-1.4042664,-0.87234497
62286,0.95718384,-1.1856079,-0.88226318
62287,1.0812378,-0.93597412,-0.67642212
62288,1.0618591,-0.8203125,-0.90591431
62289,1.0313416,-0.94573975,-0.90103149
62290,0.92956543,-0.76049805,-0.86639404
62291,0.98449707,-0.71258545,-1.0496521
62292,1.0009766,-0.52703857,-1.0955811
62293,1.0494995,-0.41671753,-1.0922241
62294,1.010437,-0.39901733,-1.2167358
62295,1.0058594,-0.43075561,-1.1685181
62296,0.8531189,-0.20599365,-1.0574341
62297,0.91659546,-0.33721924,-0.99182129
62298,0.80932617,-0.10604858,-1.0543823
62299,0.90698242,-0.20233154,-1.1418152
62300,0.94284058,-0.040283203,-1.1077881
62301,0.76782227,-0.084686279,-1.1654663
62302,0.72296143,0.037689209,-1.1547852
62303,0.71533203,-0.030517578,-1.1935425
62304,0.67825317,0.625,-1.5338135
62305,0.33569336,0.17700195,-1.3748169
62306,0.55007935,0.10299683,-1.4257813
62307,0.4737854,0.26763916,-1.5916443
62308,0.48309326,0.18234253,-1.2823486
62309,0.37857056,0.24093628,-1.1985779
62310,0.34927368,0.17471313,-1.2358093
62311,0.39489746,0.15350342,-1.2445068
62312,0.24902344,0.31494141,-1.3369751
62313,0.26641846,0.49728394,-1.3845825
62314,0.18066406,0.53222656,-1.2408447
62315,0.084838867,0.59509277,-1.1439514
62316,0.089874268,0.33630371,-1.2541199
62317,-0.038757324,0.49972534,-1.1968994
62318,-0.015258789,0.30944824,-1.2103271
62319,-0.18051148,0.38269043,-0.90942383
62320,-0.25344849,0.80841065,-1.0791016
62321,-0.30395508,0.85662842,-1.134491
62322,-0.21484375,1.0388184,-1.0418701
62323,-0.37506103,1.0702515,-0.93856812
62324,-0.24627685,1.1169434,-1.0133362
62325,-0.35766602,1.0961914,-0.88897705
62326,-0.42663574,1.0255432,-1.0247803
62327,-0.43518066,0.9664917,-1.0693359
62328,-0.57067871,0.99060059,-0.86914063
62329,-0.53833008,1.1091614,-0.94802856
62330,-0.59371948,1.0075378,-0.87203979
62331,-0.81130981,1.1436462,-0.75256348
62332,-0.74615478,1.3049316,-0.88470459
62333,-0.84671021,1.2225342,-0.77423096
62334,-0.80413818,1.0620117,-0.89187622
62335,-0.91842651,1.1225891,-0.80352783
62336,-0.99685669,1.1245728,-0.59661865
62337,-1.0461426,1.2490845,-0.59539795
62338,-0.97991943,1.3342285,-0.63873291
62339,-1.1076355,1.3381958,-0.51605225
62340,-1.1172485,1.1459351,-0.48095703
62341,-1.1203003,1.1054993,-0.54382324
62342,-1.313324,1.1167908,-0.40054321
62343,-1.1495972,1.1891174,-0.17868042
62344,-1.3508606,1.1714172,-0.33920288
62345,-1.4320374,1.1013794,-0.209198
62346,-1.4033508,0.26550293,-0.33248901
62347,-1.2744141,-0.045013428,-0.38192749
62348,-1.5751648,0.6362915,-0.028839111
62349,-1.6732788,0.82305908,0.061645508
62350,-1.5934753,0.92041016,-0.15716553
62351,-1.5632629,0.71655273,-0.30014038
62352,-1.4364624,1.050415,-0.009918213
62353,-1.6337585,1.0864258,0.19165039
62354,-1.6749573,1.1073303,0.24612427
62355,-1.6923523,1.1434937,0.29907227
62356,-1.771698,0.98175049,0.29785156
62357,-1.8399048,1.0041809,0.27923584
62358,-1.7655945,1.0713196,0.3642273
62359,-1.839447,1.08078,0.36911011
62360,-1.7166138,1.0848999,0.4977417
62361,-1.9404602,1.0549927,0.52108765
62362,-1.9755554,0.92330933,0.42160034
62363,-1.8833923,0.9451294,0.58898926
62364,-1.9642639,0.81604004,0.69244385
62365,-1.9023132,0.75332642,0.74905396
62366,-2.0266724,0.74752808,0.73623657
62367,-2.0198059,0.66452026,0.59341431
62368,-2.1418762,0.80368042,0.87799072
62369,-2.0257568,0.65750122,0.92727661
62370,-2.0986938,0.55938721,0.9954834
62371,-2.0025635,0.43731689,1.0112
62372,-1.9831848,0.49865723,1.0745239
62373,-2.0793152,0.47683716,1.0812378
62374,-2.1205139,0.45379639,1.0830688
62375,-2.0455933,0.30456543,0.95748901
62376,-2.2203064,0.25878906,1.1557007
62377,-2.1516418,0.27038574,1.0035706
62378,-2.0339966,0.081176758,1.0424805
62379,-1.9909668,0.12908935,0.94268799
62380,-2.0506287,0.10314941,1.1486816
62381,-2.081604,-0.14511108,1.0852051
62382,-2.1026611,-0.16052246,1.0404968
62383,-1.995697,-0.065917969,1.2744141
62384,-1.9561768,-0.14877319,1.6075134
62385,-2.061615,-0.29724121,1.6384888
62386,-1.8835449,-0.19470215,1.2684631
62387,-1.8655396,-0.32211304,1.6238403
62388,-1.7663574,-0.59402466,1.5536499
62389,-1.8954468,-0.57037353,1.783905
62390,-1.8962097,-0.55282593,1.7488098
62391,-1.8579102,-0.55328369,1.6925049
62392,-1.9224548,-0.81985474,1.8327332
62393,-1.789856,-0.85464478,1.7855835
62394,-1.8153381,-1.027832,1.7945862
62395,-1.7895508,-0.85739136,1.8585205
62396,-1.8228149,-0.94726563,1.8054199
62397,-1.625824,-0.98861694,1.8199158
62398,-1.7272949,-1.0375977,1.8293762
62399,-1.7651367,-1.0670471,1.9500732
62400,-1.6104126,-1.0644531,1.857605
62401,-1.4807129,-1.1613464,2.0394897
62402,-1.4756775,-0.89859009,1.9059753
62403,-1.5100098,-1.1837769,1.9085693
62404,-1.3996887,-1.0517883,1.9615173
62405,-1.3775635,-1.2773132,1.6886902
62406,-1.4044189,-1.4834595,1.7642212
62407,-1.287384,-1.6693115,1.7105103
62408,-1.1605835,-1.5283203,1.7683411
62409,-1.2536621,-1.8287659,1.6656494
62410,-1.166687,-1.8855286,1.5487671
62411,-1.1070251,-1.8023682,1.5589905
62412,-1.060791,-1.7723084,1.5054321
62413,-0.88562012,-1.8487549,1.5898132
62414,-0.8241272,-1.728363,1.5701294
62415,-0.92895508,-1.6383362,2.0455933
62416,-0.68023682,-1.640625,1.854248
62417,-0.85510254,-1.7041016,1.6279602
62418,-0.69503784,-1.8977356,1.7855835
62419,-0.58776856,-1.8739319,1.8037415
62420,-0.48416138,-1.9271851,1.8293762
62421,-0.49621582,-2.010498,1.7672729
62422,-0.54794312,-1.9953918,1.8305969
62423,-0.43746948,-2.1589661,1.7286682
62424,-0.37719727,-2.1482849,1.5234375
62425,-0.44738769,-1.9818115,1.6244507
62426,-0.41198731,-2.1432495,1.7196655
62427,-0.31204224,-1.9741821,1.5739441
62428,-0.20004273,-2.0986938,1.5672302
62429,-0.12741089,-2.225647,1.4886475
62430,-0.086212158,-2.1821594,1.3647461
62431,-0.0730896,-2.2210693,1.4167786
62432,-0.009765625,-2.2416687,1.4422607
62433,0.075836182,-2.2666931,1.4553833
62434,0.15762329,-2.1813965,1.3694763
62435,0.20095825,-2.1678162,1.2976074
62436,0.16159058,-2.2512817,1.1535645
62437,0.24536133,-2.1835327,1.1599731
62438,0.33432007,-2.2007751,1.211853
62439,0.4208374,-2.3162842,1.0804749
62440,0.29495239,-2.431488,1.1746216
62441,0.47363281,-2.414093,0.87173462
62442,0.496521,-2.2833252,0.80429077
62443,0.53726196,-2.4771118,0.8215332
62444,0.54077148,-2.4290466,0.94406128
62445,0.53146362,-2.2589111,0.77026367
62446,0.49804688,-2.335968,0.6451416
62447,0.62820435,-2.0462036,0.66513062
62448,0.81573486,-2.1730042,0.5847168
62449,0.64361572,-2.3120117,0.62179565
62450,0.76858521,-2.1578979,0.55252075
62451,0.8908081,-2.2505188,0.59738159
62452,0.86349487,-2.1176147,0.49316406
62453,0.74295044,-1.875,0.31997681
62454,1.0400391,-1.9999695,0.31723022
62455,0.98297119,-1.9677734,0.33752441
62456,0.99517822,-1.907959,0.27709961
62457,1.0539246,-1.9506836,0.1071167
62458,1.1010742,-1.9569397,0.15930176
62459,1.1338806,-1.9152832,0.08392334
62460,1.1677551,-1.9165039,0.000915527
62461,1.1946106,-1.8786621,-0.041351318
62462,1.252594,-1.9230652,-0.10314941
62463,1.1772156,-1.8284607,-0.15930176
62464,1.1515808,-1.8449402,-0.14465332
62465,1.1953735,-1.8151855,-0.17486572
62466,1.381073,-1.6627502,-0.38482666
62467,1.2623596,-1.5838623,-0.39932251
62468,1.2391663,-1.5597534,-0.51300049
62469,1.2600708,-1.5011597,-0.48660278
62470,1.2724304,-1.6607666,-0.6564331
62471,1.3537598,-1.5220642,-0.54840088
62472,1.2121582,-1.479187,-0.63858032
62473,1.3635254,-1.2472534,-0.65002441
62474,1.2458801,-1.2084961,-0.63079834
62475,1.2728882,-1.1846924,-0.65429688
62476,1.2857056,-1.0974121,-0.71212769
62477,1.2471008,-1.1256409,-0.80184937
62478,1.1030579,-1.0665894,-0.70953369
62479,1.2586975,-1.0221863,-0.95443726
62480,1.2702942,-0.97015381,-0.83084106
62481,1.2071228,-0.90530396,-0.77392578
62482,1.3670349,-0.85327148,-1.0211182
62483,1.1560059,-0.84350586,-1.0098267
62484,1.1166382,-0.73684692,-1.0725403
62485,1.063385,-0.64559937,-0.94223022
62486,1.0394287,-0.57983398,-1.0049438
62487,0.97183228,-0.57006836,-1.1627197
62488,0.89584351,-0.59173584,-1.0583496
62489,0.93414307,-0.5241394,-1.2588501
62490,0.91125488,-0.47729492,-1.3252258
62491,0.78094482,-0.38330078,-1.3034058
62492,0.87097168,-0.18829346,-1.3346863
62493,0.90530396,-0.21789551,-1.4094543
62494,0.92147827,-0.14175415,-1.3238525
62495,0.8126831,-0.17608643,-1.3357544
62496,0.65475464,-0.11978149,-1.3224792
62497,0.71380615,-0.22125244,-1.5342712
62498,0.53771973,-0.8279419,-1.3847351
62499,0.58746338,-0.31692505,-1.3523865
62500,0.59906006,-0.52886963,-1.3331604
62501,0.63323975,0.16464233,-1.2667847
62502,0.55877685,0.098266602,-1.4526367
62503,0.56213379,0.23147583,-1.2229919
62504,0.47393799,0.4057312,-1.3146973
62505,0.28747559,0.38406372,-1.4880371
62506,0.34515381,0.53512573,-1.2634277
62507,0.1512146,0.4560852,-1.2246704
62508,0.21530151,0.63446045,-1.315155
62509,0.065307617,0.57449341,-1.2002563
62510,0.10864258,0.80734253,-1.292572
62511,0.065307617,0.82565308,-1.2451172
62512,-0.11703491,0.90881348,-1.1883545
62513,0.043487549,0.69900513,-1.3490295
62514,-0.12191773,0.68756103,-1.2409973
62515,-0.16906738,0.76889038,-1.2390137
62516,-0.26123047,0.72235107,-1.4093018
62517,-0.35964966,0.98327637,-1.3214111
62518,-0.5355835,0.99700928,-1.2208557
62519,-0.52154541,1.0003662,-1.1506653
62520,-0.50582886,0.91567993,-1.0736084
62521,-0.46722412,1.101532,-1.1077881
62522,-0.40405273,1.1877441,-0.95397949
62523,-0.55175781,1.1174011,-0.96618652
62524,-0.50643921,1.1557007,-0.90820313
62525,-0.69168091,1.1785889,-0.88729858
62526,-0.80474853,1.2036133,-0.93688965
62527,-0.9777832,1.1347961,-0.74493408
62528,-0.84320068,1.1665344,-0.82473755
62529,-1.0014343,1.227417,-0.6716919
62530,-0.97244263,1.3258362,-0.82550049
62531,-0.93521118,1.4277649,-0.61477661
62532,-1.0520935,1.537323,-0.56350708
62533,-1.146698,1.443634,-0.72814941
62534,-1.1228943,1.1917114,-0.59768677
62535,-1.207428,1.1999512,-0.65246582
62536,-1.2275696,1.2347412,-0.52780151
62537,-1.2704468,1.37146,-0.55419922
62538,-1.4398193,1.2390137,-0.48736572
62539,-1.4772034,1.3265991,-0.16906738
62540,-1.476593,1.2867737,-0.34011841
62541,-1.5232849,1.3375854,-0.16937256
62542,-1.5655518,1.3214111,-0.099487305
62543,-1.5603638,0.63659668,-0.21499634
62544,-1.723938,1.0829163,-0.20004273
62545,-1.7936707,1.2512207,-0.035705566
62546,-1.7778015,1.2313843,0.039215088
62547,-1.8876648,1.3000488,0.18997192
62548,-1.8154907,1.0942078,0.15594482
62549,-1.8095398,1.1720276,0.12008667
62550,-1.9064331,1.1395264,0.25909424
62551,-1.8685913,1.2567139,0.35308838
62552,-1.8264771,1.1936951,0.30426025
62553,-1.9132996,1.0151672,0.32592773
62554,-1.9230652,1.0699463,0.42739868
62555,-1.9262695,1.0299683,0.47332764
62556,-1.9953918,0.99945068,0.4826355
62557,-2.0278931,0.91506958,0.34851074
62558,-2.0132446,0.91552734,0.52917481
62559,-2.0481873,0.88272095,0.60302734
62560,-2.0870972,0.90393066,0.67565918
62561,-2.1284485,0.92071533,0.7925415
62562,-2.1733093,0.73562622,0.92071533
62563,-2.0767212,0.83190918,0.86486816
62564,-2.2003174,0.59616089,0.89660644
62565,-2.2451782,0.62042236,0.78613281
62566,-2.1513367,0.38543701,1.0760498
62567,-2.1130371,0.42694092,1.1010742
62568,-2.1209717,0.496521,1.0522461
62569,-2.2589111,0.3326416,1.1669922
62570,-2.1929932,0.29113769,1.1785889
62571,-2.1560669,0.23986816,1.1300659
62572,-2.2631836,0.10192871,1.2513733
62573,-2.0414734,0.19668579,1.280365
62574,-1.9859314,0.15625,1.3946533
62575,-2.0884705,0.064697266,1.5286255
62576,-2.2683716,-0.011444092,1.436615
62577,-2.1737671,-0.004272461,1.4573669
62578,-2.1603394,-0.17028809,1.2568665
62579,-2.2154236,-0.1184082,1.5406799
62580,-2.2265625,-0.26428223,1.5296936
62581,-2.0378113,-0.34851074,1.5823364
62582,-1.9769287,-0.1713562,1.6592407
62583,-2.056427,-0.28091431,1.5098572
62584,-1.9377136,-0.47836304,1.607666
62585,-1.8881226,-0.52200317,1.5510559
62586,-2.0106506,-0.50796509,1.8095398
62587,-1.8034363,-0.50354004,1.7843628
62588,-1.8727112,-0.50765991,1.8328857
62589,-1.6004944,-0.88638306,1.6201782
62590,-1.8191528,-0.86624146,1.7370605
62591,-1.6955566,-0.82580566,1.7489624
62592,-1.7758179,-0.92529297,1.8037415
62593,-1.6667175,-0.84793091,1.7726135
62594,-1.6725159,-1.0653687,1.8193054
62595,-1.6142273,-1.1083984,1.7883301
62596,-1.7088318,-1.2492371,1.8257141
62597,-1.6105652,-1.2057495,2.098999
62598,-1.7453003,-1.3772583,1.8569946
62599,-1.5473938,-1.3479614,1.933136
62600,-1.7869568,-1.4205933,1.9300842
62601,-1.4752197,-1.3549805,1.6983032
62602,-1.4068604,-1.368103,1.6752625
62603,-1.2652588,-1.4207459,1.8859863
62604,-1.3246155,-1.6207886,2.0982361
62605,-1.2892151,-1.5820313,2.1380615
62606,-1.2890625,-1.6964722,1.9772339
62607,-1.1672974,-1.5132141,1.9815063
62608,-1.1216736,-1.5837097,2.0248413
62609,-0.99273682,-1.9387817,2.0669556
62610,-0.82199097,-1.912384,1.913147
62611,-0.92422485,-1.9270325,2.068634
62612,-0.93414307,-1.7526245,1.9290161
62613,-0.72143555,-1.8438721,1.6947937
62614,-0.68603516,-1.8978882,1.9369507
62615,-0.61523438,-2.1092224,1.5467834
62616,-0.54748535,-2.010498,1.7527771
62617,-0.43670654,-2.0843506,1.7271423
62618,-0.37292481,-1.93573,1.8310547
62619,-0.30975342,-1.9960022,1.7669678
62620,-0.30288696,-2.119751,1.8002319
62621,-0.39199829,-2.146759,1.7773438
62622,-0.27938843,-2.224884,1.5533447
62623,-0.22323608,-2.1763611,1.4718628
62624,-0.12741089,-2.1789551,1.4877319
62625,-0.067443848,-2.1199036,1.578064
62626,-0.01373291,-2.2808838,1.4701843
62627,0.057830811,-2.2898865,1.4271545
62628,0.11016846,-2.3129272,1.3848877
62629,0.060272217,-2.5067139,1.3340759
62630,0.26229858,-2.4449158,1.3008118
62631,0.33538818,-2.4819946,1.2948608
62632,0.39916992,-2.2853088,1.1941528
62633,0.22186279,-2.1658325,1.153717
62634,0.4951477,-2.250061,1.0958862
62635,0.54138184,-2.2926331,1.0897827
62636,0.58151245,-2.3225403,1.0391235
62637,0.60684204,-2.2653198,0.97930908
62638,0.64651489,-2.3432922,0.96008301
62639,0.63400269,-2.3466492,0.87310791
62640,0.71975708,-2.4230957,0.78292847
62641,0.74951172,-2.3577881,0.73181152
62642,0.677948,-2.3866272,0.73440552
62643,0.83221435,-2.3945618,0.62286377
62644,0.92941284,-2.3065186,0.58868408
62645,0.91613769,-2.2415161,0.59570313
62646,0.89187622,-2.2567749,0.47363281
62647,0.95718384,-2.3693848,0.39428711
62648,1.0308838,-2.1310425,0.43334961
62649,0.95001221,-2.1502686,0.41015625
62650,1.038208,-2.2319031,0.26489258
62651,1.0369873,-2.2868347,0.21697998
62652,1.0839844,-2.3500061,0.18676758
62653,1.0258484,-2.1144104,0.10498047
62654,1.1062622,-2.2393799,-0.019073486
62655,1.0498047,-1.8572998,0.042266846
62656,1.2991333,-1.8955994,-0.016937256
62657,1.2261963,-2.0417786,-0.1486206
62658,1.1991882,-1.960144,-0.054626465
62659,1.0621643,-1.9132996,-0.11352539
62660,1.1616516,-1.8128967,-0.18096924
62661,1.2181091,-1.6880798,-0.11398315
62662,1.1695862,-1.7607117,-0.16677856
62663,1.4234924,-1.7514038,-0.30014038
62664,1.335144,-1.7745972,-0.43518066
62665,1.1837769,-1.5821838,-0.61386108
62666,1.3896179,-1.7045593,-0.70465088
62667,1.2162781,-1.4700317,-0.70510864
62668,1.3525391,-1.3818359,-0.60546875
62669,1.3468933,-1.2831116,-0.67718506
62670,1.2271118,-1.2557983,-0.69900513
62671,1.2652588,-1.3198853,-0.61523438
62672,1.2509155,-1.270752,-0.86929321
62673,1.2358093,-1.1442566,-0.90454102
62674,1.2416077,-0.98175049,-0.77957153
62675,1.240387,-0.89935303,-0.79544067
62676,1.2619019,-0.93902588,-0.92651367
62677,1.1218262,-0.88119507,-0.85998535
62678,1.1972046,-0.7258606,-1.1297607
62679,1.268158,-0.5632019,-1.1810303
62680,1.1975098,-0.56655884,-1.1070251
62681,1.0987854,-0.5960083,-1.1967468
62682,1.088562,-0.496521,-1.2602234
62683,1.1050415,-0.41168213,-0.83526611
62684,1.0681152,-0.47180176,-1.063385
62685,1.058197,-0.54031372,-1.2872314
62686,1.0818481,-0.35385132,-1.2582397
62687,0.92895508,-0.25024414,-1.2661743
62688,0.93948364,-0.24520874,-1.2680054
62689,0.96389771,-0.1675415,-1.1228943
62690,0.89141846,-0.12069702,-1.2373352
62691,0.86669922,-0.030517578,-1.1662292
62692,0.74661255,-0.078430176,-1.3563538
62693,0.70510864,-0.74645996,-1.5440369
62694,0.61126709,-0.85693359,-1.5112305
62695,0.6388855,-0.34759522,-1.3165283
62696,0.53100586,0.34439087,-1.4154053
62697,0.49316406,0.16540527,-1.4277649
62698,0.60531616,0.52810669,-1.2252808
62699,0.48675537,0.50079346,-1.5934753
62700,0.48980713,0.28961182,-1.4370728
62701,0.39459228,0.46539307,-1.4326477
62702,0.39016724,0.29174805,-1.3043213
62703,0.28701782,0.58288574,-1.3090515
62704,0.24688721,0.51040649,-1.3597107
62705,0.14648438,0.60577393,-1.4624023
62706,0.10955811,0.5545044,-1.4646912
62707,0.041809082,0.55084228,-1.4659119
62708,-0.16998291,0.75866699,-1.3291931
62709,-0.087738037,1.0037231,-1.3789368
62710,-0.22125244,0.95352173,-1.302948
62711,-0.25283814,1.0609436,-1.2942505
62712,-0.14144898,1.0575867,-1.1833191
62713,-0.17425537,1.1036682,-1.2051392
62714,-0.41320801,1.2695313,-1.3870239
62715,-0.42251587,1.2147522,-1.1956787
62716,-0.6111145,1.1233521,-1.4225769
62717,-0.59326172,1.1392212,-1.1787415
62718,-0.63751221,1.133728,-1.0073853
62719,-0.64147949,1.2736511,-1.1018372
62720,-0.66894531,1.3386536,-1.1798096
62721,-0.76080322,1.4167786,-1.0153198
62722,-0.8215332,1.6195679,-1.0717773
62723,-0.81756592,1.4285278,-0.77590942
62724,-0.95275879,1.506958,-0.92605591
62725,-1.0440063,1.3049316,-0.79681397
62726,-0.98846435,1.1714172,-0.77285767
62727,-1.0887146,1.3369751,-0.77438354
62728,-1.0487366,1.4889526,-0.83694458
62729,-1.2263489,1.4112854,-0.59921265
62730,-1.1885071,1.3874817,-0.63537598
62731,-1.3925171,1.4775085,-0.4989624
62732,-1.2916565,1.3189697,-0.52429199
62733,-1.5097046,1.2394714,-0.52749634
62734,-1.4915466,1.4259338,-0.43945313
62735,-1.4097595,1.3816834,-0.36727905
62736,-1.5846252,1.4685059,-0.29052734
62737,-1.6847229,1.3537598,-0.11413574
62738,-1.6120911,1.3124084,-0.35339356
62739,-1.698761,1.3264465,-0.18310547
62740,-1.7472839,1.4068604,-0.19378662
62741,-1.7318726,1.3490295,-0.21240234
62742,-1.7649841,1.3201904,0.098724365
62743,-1.7814636,1.4161682,0.13061523
62744,-1.8171692,1.3215637,0.091400146
62745,-1.8534851,1.3702393,0.15197754
62746,-1.9680786,1.2515259,0.29067993
62747,-1.8888855,1.2832642,0.037841797
62748,-1.945343,1.4202881,0.18112183
62749,-2.0214844,1.3973999,0.44952393
62750,-2.0533752,1.2857056,0.39627075
62751,-2.1379089,1.2553406,0.47302246
62752,-2.1517944,1.2348938,0.57952881
62753,-2.1061707,1.1340332,0.68786621
62754,-2.2927856,1.0778809,0.72143555
62755,-2.1185303,1.125946,0.72540283
62756,-2.2114563,0.98678589,0.75897217
62757,-2.2103882,1.0617065,0.80841065
62758,-2.3228455,0.87646484,0.93414307
62759,-2.3277283,0.83206177,0.92529297
62760,-2.2740173,0.76263428,0.95016479
62761,-2.3860168,0.85968018,1.0327148
62762,-2.303772,0.8152771,0.89553833
62763,-2.2554016,0.56381226,1.0409546
62764,-2.3309326,0.66314697,1.0887146
62765,-2.328186,0.47744751,1.1178589
62766,-2.298584,0.53421021,1.2329102
62767,-2.2718811,0.37612915,1.3800049
62768,-2.2676086,0.40802002,1.2532043
62769,-2.3739624,0.37811279,1.2597656
62770,-2.3187256,0.29556274,1.1845398
62771,-2.1940613,0.2130127,1.2084961
62772,-2.1572876,0.16983032,1.3259888
62773,-2.2000122,0.040740967,1.3450623
62774,-2.2193909,-0.087280273,1.4680481
62775,-1.9979858,-0.070800781,1.6036987
62776,-2.2221375,-0.25283814,1.6352844
62777,-2.2033691,-0.33828735,1.7236328
62778,-2.2473145,-0.34454346,1.7323303
62779,-2.0184326,-0.27099609,1.8811035
62780,-1.9525146,-0.40649414,1.7524719
62781,-2.0651245,-0.31158447,1.8360901
62782,-1.8405151,-0.59753418,1.7176819
62783,-1.7729187,-0.59646606,1.7292786
62784,-1.9075012,-0.58166504,1.7781067
62785,-1.8347168,-0.61065674,1.9677734
62786,-1.7425537,-0.84396362,1.9682312
62787,-1.920166,-0.77484131,2.1136475
62788,-1.8475342,-0.87631226,1.9876099
62789,-1.9000244,-1.1428833,2.0111084
62790,-1.7559814,-1.0493469,1.9790649
62791,-1.75354,-1.2420654,2.0187378
62792,-1.7657471,-1.1491394,2.2711182
62793,-1.6874695,-1.2561035,2.0993042
62794,-1.7672729,-1.1323547,2.1078491
62795,-1.8963623,-1.2561035,2.119751
62796,-1.5760803,-1.7253113,2.1673584
62797,-1.4483643,-1.5419006,2.2984314
62798,-1.4431763,-1.4781189,2.0597839
62799,-1.3931274,-1.5249634,2.0796204
62800,-1.33255,-1.6268921,1.8855286
62801,-1.2384033,-1.6259766,2.2676086
62802,-1.1791992,-1.4212036,2.0437622
62803,-1.089325,-1.7048645,1.9972229
62804,-1.0848999,-1.738739,2.1070862
62805,-1.0740662,-1.5531921,2.1894836
62806,-0.94299316,-1.729126,2.119751
62807,-0.9211731,-1.8431091,1.9038391
62808,-0.83129883,-1.9828796,1.9851685
62809,-0.89355469,-1.8000793,2.0497131
62810,-0.79681397,-1.940155,1.8237305
62811,-0.58456421,-1.9142151,2.0291138
62812,-0.60287476,-2.129364,1.8797302
62813,-0.6539917,-2.2792053,1.9248962
62814,-0.55511475,-2.1881104,1.9726563
62815,-0.50003052,-2.2665405,1.9903564
62816,-0.3767395,-2.2149658,1.8487549
62817,-0.49301147,-2.3416138,1.8960571
62818,-0.36315918,-2.1585083,1.8164063
62819,-0.24032593,-1.8164063,1.8353271
62820,-0.25100708,-1.789856,1.6064453
62821,-0.21408081,-2.1658325,1.6238403
62822,-0.076904297,-1.6282654,1.5266418
62823,0.051269531,-1.8617249,1.5562439
62824,0.019683838,-1.7315674,1.5145874
62825,0.030517578,-1.6821289,1.4208984
62826,0.097351074,-1.8276978,1.4015198
62827,0.15045166,-1.6943359,1.3246155
62828,0.26428223,-1.8945313,1.315918
62829,0.30319214,-2.4848938,1.2242126
62830,0.34957886,-2.5198364,1.2454224
62831,0.32608032,-2.4131775,1.2406921
62832,0.42022705,-2.4734497,1.2939453
62833,0.48416138,-2.3880005,1.2277222
62834,0.54885864,-2.303009,1.2054443
62835,0.62011719,-2.250824,1.1500549
62836,0.6930542,-2.3110962,0.93734741
62837,0.75164795,-2.3342896,0.92483521
62838,0.6716919,-2.3512268,0.9173584
62839,0.7434082,-2.4041748,0.72280884
62840,0.7699585,-2.3425293,0.83984375
62841,0.86288452,-2.2972107,0.60409546
62842,0.859375,-2.1641541,0.67001343
62843,0.75927734,-2.3300171,0.71655273
62844,0.92803955,-2.3974609,0.42816162
62845,0.92727661,-2.4732971,0.59204102
62846,0.98480225,-2.0544434,0.43319702
62847,1.0218811,-1.3415527,0.46875
62848,1.0159302,-0.83007813,0.17303467
62849,1.2310791,-1.3395691,0.20080566
62850,1.1642456,-1.9148254,0.059967041
62851,1.2207031,-2.2619629,-0.044250488
62852,1.2316895,-2.4586487,0.007171631
62853,1.1456299,-2.2294617,0.15151978
62854,1.2666321,-2.2402954,0.17822266
62855,1.3194275,-1.958313,-0.25375366
62856,1.2478638,-2.2972107,-0.20812988
62857,1.2860107,-2.0800781,-0.12207031
62858,1.3525391,-1.8429565,-0.1751709
62859,1.3417053,-1.9485474,-0.2041626
62860,1.3426209,-1.6844177,-0.34118652
62861,1.3063049,-1.4367676,-0.32348633
62862,1.2384033,-0.73242188,-0.69488525
62863,1.2591553,-1.0377502,-0.68084717
62864,1.3536072,-1.4752197,-0.84564209
62865,1.4509583,-1.7776489,-0.67810059
62866,1.1993408,-1.5988159,-0.76004028
62867,1.3539124,-1.3951111,-0.65048218
62868,1.3150024,-1.2477112,-0.75836182
62869,1.3554382,-1.1698914,-0.76965332
62870,1.207428,-1.3500977,-0.85159302
62871,1.3606262,-1.2301636,-0.68191528
62872,1.3342285,-1.0571289,-0.74508667
62873,1.3240051,-1.0746765,-0.89569092
62874,1.1929321,-1.051178,-0.92330933
62875,1.1982727,-0.85769653,-0.89202881
62876,1.166687,-0.95214844,-0.95474243
62877,1.131134,-0.83297729,-0.93383789
62878,1.2664795,-0.78811646,-1.0444641
62879,1.1161804,-0.72692871,-1.0891724
62880,1.0282898,-0.68359375,-1.340332
62881,1.0592651,-0.47576904,-1.2063599
62882,1.1175537,0.47866821,-1.3920593
62883,1.1482239,0.000305176,-1.2483215
62884,1.121521,-0.415802,-1.492157
62885,1.0290527,-0.47195435,-1.2651062
62886,0.93811035,-0.26596069,-1.4614868
62887,0.99304199,-0.28198242,-1.4619446
62888,0.83129883,-0.21194458,-1.3790894
62889,0.88745117,-0.24047852,-1.2657166
62890,0.8517456,-0.15396118,-1.4355469
62891,0.88378906,-0.2482605,-1.3577271
62892,0.8744812,-0.26657105,-1.4205933
62893,0.78399658,-0.057830811,-1.4286804
62894,0.72158813,0.11413574,-1.5434265
62895,0.70220947,0.49087524,-1.5740967
62896,0.61599731,1.882782,-1.4549255
62897,0.64300537,1.6841125,-1.472168
62898,0.48583984,1.1000061,-1.4807129
62899,0.51025391,0.57312012,-1.4460754
62900,0.39825439,0.36819458,-1.348877
62901,0.24169922,0.5380249,-1.4852905
62902,0.19744873,0.53894043,-1.4404297
62903,0.27679443,0.61950684,-1.4677429
62904,0.28320313,0.62652588,-1.2649536
62905,0.047454834,0.81619263,-1.3644409
62906,-0.03326416,0.76904297,-1.5371704
62907,-0.002593994,0.83740234,-1.3452148
62908,-0.095672607,2.1882629,-1.2831116
62909,-0.064849854,2.4816895,-1.3591003
62910,-0.1600647,2.527771,-1.1877441
62911,-0.1638794,0.93704224,-1.3696289
62912,-0.2645874,0.87493897,-1.3980103
62913,-0.35522461,0.85296631,-1.2088013
62914,-0.36193848,0.95230103,-1.3031006
62915,-0.4460144,0.93353272,-1.2835693
62916,-0.63308716,1.03302,-1.2332153
62917,-0.72494507,1.0044861,-1.1871338
62918,-0.54931641,1.0203552,-1.0778809
62919,-0.73471069,1.2580872,-1.1930847
62920,-0.81970215,1.3061523,-0.96694946
62921,-0.8883667,0.91598511,-0.88195801
62922,-0.82931519,1.224823,-1.0023499
62923,-1.0192871,1.1639404,-1.0336304
62924,-0.99914551,1.0531616,-0.63323975
62925,-1.0945129,1.0731506,-0.70861816
62926,-1.2162781,1.2295532,-0.80780029
62927,-1.1276245,1.3301086,-0.69915772
62928,-1.268158,1.4343262,-0.85754394
62929,-1.2507629,1.2896729,-0.74371338
62930,-1.2786865,1.6668701,-0.78170776
62931,-1.4546204,2.8974915,-0.53192139
62932,-1.3049316,2.6721191,-0.6060791
62933,-1.6122437,1.3330078,-0.66452026
62934,-1.5037537,1.4257813,-0.55053711
62935,-1.5344238,1.2608337,-0.41427612
62936,-1.4971924,1.3790894,-0.31845093
62937,-1.5280151,1.2272644,-0.26016235
62938,-1.6862488,1.3641357,-0.24032593
62939,-1.7991638,1.1213684,-0.1574707
62940,-1.7701721,1.2530518,-0.03692627
62941,-1.7970276,1.2194824,0.13381958
62942,-1.8595886,1.1846924,0.092468262
62943,-1.8463135,1.2257385,0.12237549
62944,-1.8925476,1.2161255,0.21621704
62945,-1.8371582,1.3279724,0.11077881
62946,-1.8206787,1.2745666,0.19714356
62947,-1.8760681,1.1709595,0.28945923
62948,-1.9178772,1.1703491,0.31356811
62949,-1.9223022,1.1364746,0.35705566
62950,-1.9633484,1.1523438,0.44921875
62951,-1.9970703,0.93414307,0.50354004
62952,-1.9943237,0.99624634,0.50201416
62953,-2.0092773,0.76171875,0.56259155
62954,-1.9773865,0.77255249,0.60714722
62955,-1.9842529,0.70220947,0.66940308
62956,-2.0327759,0.60775757,0.7421875
62957,-2.0736694,0.58380127,0.78781128
62958,-2.1238708,0.58319092,0.78765869
62959,-2.2833252,0.44937134,0.95733643
62960,-2.170105,0.38330078,0.95214844
62961,-2.3257446,0.31112671,0.7144165
62962,-2.205658,0.39154053,1.0025024
62963,-2.2373962,0.35003662,1.2261963
62964,-2.2769165,0.32089233,1.2103271
62965,-2.3448181,0.33950806,1.2519836
62966,-2.3022461,0.26672363,1.1795044
62967,-2.3927307,0.27557373,1.4135742
62968,-2.2485352,0.18356323,1.4360046
62969,-2.2909546,0.36529541,1.4801025
62970,-2.1965027,0.21148682,1.5187073
62971,-2.2769165,-0.009155273,1.6891479
62972,-2.3106384,-0.13961792,1.6415405
62973,-2.0901489,-0.21652222,1.5917969
62974,-2.0648193,-0.30014038,1.6615295
62975,-2.1821594,-0.45440674,1.723938
62976,-2.0960999,-0.42953491,1.6784668
62977,-2.0780945,-0.70907593,1.8234253
62978,-2.0857239,-0.66497803,2.0349121
62979,-2.0835876,-0.55969238,1.8164063
62980,-2.0063782,-0.99609375,1.7877197
62981,-2.0755005,-0.7749939,1.8223572
62982,-1.9744873,-0.95413208,2.1243286
62983,-1.9691467,-0.98114014,1.7492676
62984,-1.7810059,-1.1958313,1.8513489
62985,-1.7529297,-1.0862732,2.1212769
62986,-1.7166138,-1.3285828,1.9523621
62987,-1.6329956,-1.0762024,1.9021606
62988,-1.7095947,-1.7243958,1.8122864
62989,-1.7631531,-1.3114929,2.1664429
62990,-1.683197,-1.6717529,1.9114685
62991,-1.8266296,-1.9248962,1.9558716
62992,-1.5792847,-1.9859314,1.9851685
62993,-1.6101074,-1.9416809,2.0001221
62994,-1.5785217,-1.6346741,2.061615
62995,-1.4579773,-1.5374756,1.8443298
62996,-1.4857483,-1.776886,1.9714355
62997,-1.723938,-1.7350769,2.0594788
62998,-1.4091492,-1.4857483,2.0828247
62999,-1.3453674,-1.7379761,2.0272827
63000,-1.1006165,-1.5596008,2.1000671
63001,-1.1134338,-1.4282227,1.9827271
63002,-1.0984802,-1.5991211,2.0129395
63003,-1.0525513,-1.7572021,1.9750977
63004,-1.1439514,-1.7785645,2.0031738
63005,-1.0125732,-1.7285156,1.9021606
63006,-0.95565796,-1.8217468,2.0069885
63007,-0.83480835,-1.9406128,1.9570923
63008,-0.7093811,-1.960144,1.8095398
63009,-0.77575684,-1.8444824,1.8206787
63010,-0.80444336,-2.0266724,1.8125916
63011,-0.6413269,-1.9462585,1.8110657
63012,-0.59814453,-2.0970154,1.5924072
63013,-0.519104,-2.1159363,1.8099976
63014,-0.4649353,-2.1257019,1.8717957
63015,-0.47622681,-2.2163391,1.8276978
63016,-0.35629272,-2.2644043,1.676178
63017,-0.36437988,-2.4029541,1.7741394
63018,-0.25512695,-2.5135803,1.7448425
63019,-0.1411438,-2.3040771,1.7619324
63020,-0.013580322,-2.381897,1.7489624
63021,-0.11688232,-2.5048828,1.5452576
63022,-0.096740723,-2.4954224,1.5130615
63023,0.078887939,-2.3928833,1.4355469
63024,0.1449585,-2.4291992,1.4163208
63025,0.14038086,-2.8321838,1.3641357
63026,0.23773193,-2.6319885,1.3093567
63027,0.24276733,-2.6593018,1.2390137
63028,0.22232056,-2.7389526,1.1981201
63029,0.287323,-2.5556946,1.2776184
63030,0.36376953,-2.5886536,1.1138916
63031,0.43380737,-2.5694275,1.171875
63032,0.4649353,-2.4807739,1.230011
63033,0.47668457,-2.0014954,1.0731506
63034,0.62164307,-1.809082,0.83450317
63035,0.46569824,-1.8919373,0.97290039
63036,0.59967041,-2.1617126,0.84060669
63037,0.60333252,-2.3391724,0.68893433
63038,0.75576782,-2.6222229,0.85006714
63039,0.81481934,-2.5279236,0.80368042
63040,0.89111328,-2.6524353,0.65994263
63041,0.7498169,-2.9344177,0.47973633
63042,0.92285156,-2.4809265,0.39581299
63043,0.98373413,-2.6596069,0.3817749
63044,0.91659546,-2.3165894,0.40435791
63045,1.0118103,-2.6599121,0.43884277
63046,1.1453247,-2.2941589,0.44311523
63047,1.0505676,-2.2340393,0.38986206
63048,1.0632324,-2.1212769,0.31417847
63049,1.1209106,-2.0516968,0.17532349
63050,1.1430359,-2.0689392,0.072631836
63051,1.1882019,-2.1420288,-0.23986816
63052,1.1538696,-2.0936584,-0.23361206
63053,1.230011,-2.2303772,-0.23193359
63054,1.2770081,-2.1105957,-0.09979248
63055,1.1752319,-2.2143555,-0.38024902
63056,1.2011719,-1.9721985,-0.03326416
63057,1.2080383,-2.0133972,-0.28076172
63058,1.1022949,-2.278595,-0.2822876
63059,1.0848999,-1.940918,-0.075683594
63060,1.2478638,-2.0030212,-0.27664185
63061,1.2188721,-1.7189026,-0.415802
63062,1.2492371,-1.9450378,-0.49423218
63063,1.3665771,-1.6133118,-0.53161621
63064,1.2139893,-1.8338013,-0.5090332
63065,1.3754272,-1.6052246,-0.65505981
63066,1.3084412,-1.3276672,-0.64727783
63067,1.2435913,0.56411743,-0.75973511
63068,1.3687134,-1.3171387,-0.71380615
63069,1.2045288,-1.2776184,-0.84472656
63070,1.2664795,-1.0983276,-0.94146728
63071,1.0877991,-1.12854,-1.0198975
63072,1.1306763,-1.0223389,-0.99197388
63073,1.1315918,-0.98953247,-1.0038757
63074,1.2309265,-0.97183228,-1.1186218
63075,1.1825562,-1.0287476,-1.2162781
63076,1.108551,-0.71792603,-1.0803223
63077,1.1314392,-0.80200195,-0.9803772
63078,1.038208,-0.79956055,-1.2136841
63079,1.0372925,-0.77178955,-1.161499
63080,1.0214233,-0.572052,-1.149292
63081,1.0113525,-0.46783447,-1.1927795
63082,0.834198,-0.39779663,-1.1660767
63083,0.88577271,-0.34103394,-1.1756897
63084,0.83343506,-0.42755127,-1.1340332
63085,0.78903198,-0.31433106,-1.1663818
63086,0.76858521,-0.098266602,-1.2710571
63087,0.89141846,-0.12268066,-1.244812
63088,0.70907593,-0.14450073,-1.2498474
63089,0.78155518,-0.22064209,-1.234436
63090,0.57006836,-0.53115845,-1.2745666
63091,0.67108154,-0.27923584,-1.4167786
63092,0.56106567,-0.1713562,-1.3117981
63093,0.34332275,0.004882813,-1.3093567
63094,0.62133789,0.23986816,-1.4567566
63095,0.39001465,0.008087158,-1.4082336
63096,0.38513184,0.25970459,-1.3056946
63097,0.35461426,0.14373779,-1.2541199
63098,0.40802002,0.048370361,-1.322937
63099,0.20477295,0.36132813,-1.2472534
63100,0.39154053,0.37353516,-1.3026428
63101,0.25573731,0.30593872,-1.4343262
63102,0.18981934,0.38162231,-1.4006042
63103,0.20385742,0.28427124,-1.2532043
63104,0.047302246,0.25268555,-1.3166809
63105,0.077056885,0.40817261,-1.4001465
63106,0.046691895,0.62194824,-1.3525391
63107,-0.20431519,0.80673218,-1.1854553
63108,-0.20965576,1.0049438,-1.1254883
63109,-0.19958496,1.0612488,-1.1151123
63110,-0.41885376,0.92056274,-0.99594116
63111,-0.45104981,1.0798645,-0.99822998
63112,-0.46844482,1.0813904,-1.0400391
63113,-0.56854248,1.1378479,-1.050415
63114,-0.40496826,1.0919189,-1.0934448
63115,-0.48690796,1.1427307,-1.1294556
63116,-0.69824219,1.1853027,-1.0848999
63117,-0.73974609,1.1842346,-0.90744019
63118,-0.63018799,1.2989807,-0.92544556
63119,-0.79650879,1.0575867,-0.87341309
63120,-0.88928223,1.2348938,-0.68099976
63121,-0.92086792,1.1138916,-0.64285278
63122,-1.0688782,1.1352539,-0.64254761
63123,-1.1242676,1.1766052,-0.59417725
63124,-1.2440491,1.2271118,-0.60333252
63125,-1.1811829,1.3748169,-0.67138672
63126,-1.1669922,1.1123657,-0.55725098
63127,-1.1592102,1.1299133,-0.38848877
63128,-1.2860107,1.0438538,-0.42266846
63129,-1.166687,0.8215332,-0.48309326
63130,-1.3319397,1.0038757,-0.46539307
63131,-1.342926,0.94406128,-0.40710449
63132,-1.4433289,0.45455933,-0.61569214
63133,-1.5548706,1.6835022,-0.38467407
63134,-1.5176392,0.90316772,-0.44036865
63135,-1.493988,1.0699463,-0.10284424
63136,-1.5632629,1.0412598,-0.14877319
63137,-1.6386414,1.1276245,-0.21606445
63138,-1.6242981,1.0157776,-0.14678955
63139,-1.6911316,1.267395,-0.12954712
63140,-1.7094421,1.2997437,0.032501221
63141,-1.7352295,1.2199402,-0.045776367
63142,-1.6674805,1.2294006,0.14297485
63143,-1.8818665,1.1291504,0.23788452
63144,-1.725769,1.1056519,0.18844605
63145,-1.9369507,1.0786438,0.19851685
63146,-1.8713379,1.0916138,0.43075561
63147,-1.9645691,1.0752869,0.26031494
63148,-1.8589783,1.0668945,0.45227051
63149,-2.0947266,1.0073853,0.31036377
63150,-2.008667,0.95855713,0.50964356
63151,-2.1502686,0.95596313,0.67306519
63152,-2.0672607,0.97946167,0.67703247
63153,-2.1621704,0.92163086,0.72525024
63154,-2.0951843,0.71350098,0.72921753
63155,-2.0927429,0.46096802,0.82290649
63156,-1.9786072,0.22766113,1.0980225
63157,-2.0591736,0.37384033,0.98236084
63158,-2.048645,0.31585693,1.0238647
63159,-2.0599365,0.18310547,1.2649536
63160,-2.0716858,-0.005187988,1.003418
63161,-2.1907043,-0.029144287,1.0308838
63162,-2.0652771,-0.17181397,1.1364746
63163,-2.0849609,-0.075683594,1.0975647
63164,-2.0317078,-0.36117554,1.2173462
63165,-2.0414734,-0.28045654,1.3476563
63166,-2.0605469,-0.19012451,1.5148926
63167,-2.0040894,-0.29251099,1.2773132
63168,-1.98349,-0.21087647,1.3775635
63169,-2.0243835,-0.043487549,1.4433289
63170,-1.8762207,-0.18234253,1.5113831
63171,-1.8618774,-0.5770874,1.3972473
63172,-2.0903015,0.041656494,1.3510132
63173,-1.9581604,-0.35980225,1.5913391
63174,-1.9673157,-0.43914795,1.8986511
63175,-1.9726563,-0.23086548,1.6984558
63176,-1.8032837,-0.59173584,1.5986633
63177,-1.8873596,-0.40084839,1.852417
63178,-1.8307495,-0.56762695,1.9100952
63179,-1.9256592,-0.37948608,1.8789673
63180,-1.6870117,-0.98739624,1.776123
63181,-1.8670654,-0.66696167,1.8353271
63182,-1.8235779,-0.7144165,1.8977356
63183,-1.6239929,-0.91430664,1.8859863
63184,-1.822052,-0.90301514,1.8960571
63185,-1.7468262,-0.92956543,1.8301392
63186,-1.8321228,-1.2878418,1.8092346
63187,-1.7658997,-1.335144,1.875
63188,-1.6261291,-1.4094543,1.852417
63189,-1.5603638,-1.0076904,2.0843506
63190,-1.5795898,-1.3189697,1.9390869
63191,-1.4282227,-1.0348511,1.9018555
63192,-1.4894104,-1.5480041,1.9863892
63193,-1.3070679,-1.728363,1.7835999
63194,-1.3589478,-2.2039795,1.8411255
63195,-1.4002991,-2.2225952,2.0036316
63196,-1.2301636,-2.0733643,1.7805481
63197,-1.4016724,-2.5584412,1.811676
63198,-1.2802124,-2.1096802,1.879425
63199,-1.1218262,-1.7297363,1.8231201
63200,-0.98114014,-1.577301,1.7945862
63201,-1.0910034,-1.6265869,1.7701721
63202,-0.91873169,-1.6409302,1.7889404
63203,-0.85266113,-1.751709,1.9532776
63204,-0.8126831,-1.7599487,1.8615723
63205,-0.834198,-1.8821716,1.9514465
63206,-0.79788208,-1.8835449,1.8238831
63207,-0.58914185,-1.8954468,1.8566895
63208,-0.53070068,-2.0388794,1.8551636
63209,-0.52047729,-2.1987915,1.8518066
63210,-0.41183472,-2.1488953,1.710968
63211,-0.41046143,-2.1020508,1.6049194
63212,-0.38146973,-2.0578003,1.7398071
63213,-0.27313232,-2.0204163,1.5914917
63214,-0.25680542,-2.0748901,1.5988159
63215,-0.24230957,-2.1464539,1.5151978
63216,-0.10848999,-2.2555542,1.4016724
63217,-0.054016113,-2.2261047,1.3729858
63218,-0.032806396,-2.2709656,1.3891602
63219,-0.010528564,-2.3008728,1.3882446
63220,-0.02166748,-2.1951294,1.4080811
63221,0.086669922,-2.1075439,1.4715576
63222,0.002441406,-2.2694397,1.4363098
63223,0.081634521,-2.1775818,1.1993408
63224,0.12756348,-2.2277832,1.1819458
63225,0.32897949,-2.4099731,1.2808228
63226,0.26321411,-2.2621155,1.0263062
63227,0.34439087,-2.3529053,1.098175
63228,0.2822876,-2.5006104,1.0206604
63229,0.48400879,-2.5804138,0.9854126
63230,0.52429199,-2.4113464,0.91018677
63231,0.46798706,-2.428894,0.83831787
63232,0.68817139,-2.9040527,0.8555603
63233,0.63491821,-2.2592163,0.91903687
63234,0.6350708,-2.3474121,0.71258545
63235,0.72128296,-2.1748352,0.66055298
63236,0.67459106,-1.9181824,0.70281982
63237,0.7951355,-2.0565796,0.54992676
63238,0.73013306,-2.1711731,0.72387695
63239,0.91262817,-2.2566223,0.50430298
63240,0.965271,-2.0835876,0.26702881
63241,1.0896301,-2.1180725,0.24185181
63242,0.94406128,-2.1160889,0.2003479
63243,1.0977173,-2.0645142,0.064086914
63244,0.99136353,-2.1218872,0.30044556
63245,0.87142944,-1.9973755,0.069580078
63246,1.0420227,-2.0158386,0.037689209
63247,1.0253906,-2.0040894,0.14404297
63248,1.1410522,-1.9584656,0.089263916
63249,1.1013794,-1.9830322,0.27511597
63250,1.0491943,-1.8948364,-0.045013428
63251,1.1306763,-1.7367554,-0.051269531
63252,1.0279846,-1.6856384,-0.14587402
63253,1.2173462,-1.7218018,-0.19805908
63254,1.0726929,-1.6464233,-0.46188355
63255,1.2788391,-1.6551209,-0.39352417
63256,1.138916,-1.5971375,-0.56106567
63257,1.0215759,-1.451416,-0.53222656
63258,1.1868286,-1.5437317,-0.32196045
63259,1.1419678,-1.4273071,-0.38345337
63260,1.0662842,-1.4559937,-0.42785644
63261,1.1274719,-1.2760925,-0.46585083
63262,1.0510254,-1.3923645,-0.39550781
63263,1.1752319,-1.5124512,-0.48965454
63264,1.159668,-1.4682007,-0.66345215
63265,1.1442566,-0.88943481,-0.65338135
63266,1.0632324,-1.2164307,-0.71060181
63267,1.1112976,-0.96054077,-0.75378418
63268,1.2309265,-0.90148926,-0.77819824
63269,1.1701965,-0.88180542,-0.89141846
63270,1.2385559,-0.75637817,-0.82458496
63271,1.0835266,-0.81832886,-0.80657959
63272,1.0202026,-0.92285156,-1.0076904
63273,1.0787964,-0.66558838,-0.91827393
63274,0.89630127,-0.60974121,-0.88226318
63275,1.0664368,-0.54595947,-0.92697144
63276,1.008606,-0.57159424,-1.2338257
63277,1.0041809,-0.44647217,-1.2149048
63278,0.97244263,-0.48812866,-1.0986328
63279,0.96786499,-0.3175354,-1.0830688
63280,0.91079712,-0.28823853,-1.1712646
63281,0.89096069,-0.36254883,-1.2139893
63282,0.85983276,-0.40161133,-1.0629272
63283,0.8454895,-0.1763916,-1.2986755
63284,0.72631836,-0.25604248,-1.2980652
63285,0.58517456,0.071716309,-1.1894226
63286,0.68237305,0.013275146,-1.1895752
63287,0.51071167,-0.43014526,-1.0299683
63288,0.43014526,-0.45806885,-1.2765503
63289,0.47058106,-0.014038086,-1.2841797
63290,0.51116943,0.22949219,-1.1865234
63291,0.38833618,0.50170898,-1.2435913
63292,0.40283203,0.31921387,-1.2242126
63293,0.26901245,0.36819458,-1.2684631
63294,0.287323,0.4574585,-1.2619019
63295,0.30166626,0.64453125,-1.295929
63296,0.17852783,0.65628052,-1.1297607
63297,0.10513306,0.73852539,-1.1593628
63298,-0.047149658,0.51483154,-1.2640381
63299,0.11672974,0.6552124,-1.3153076
63300,-0.02822876,0.93322754,-1.3964844
63301,-0.078125,0.68557739,-1.169281
63302,-0.25588989,0.67871094,-1.1865234
63303,-0.15258789,0.69595337,-1.3461304
63304,-0.12176514,0.81176758,-1.295166
63305,-0.2104187,0.78186035,-0.97442627
63306,-0.28762817,0.78323364,-1.063385
63307,-0.44281006,0.93231201,-0.98403931
63308,-0.52398682,1.1529541,-1.0148621
63309,-0.44967651,1.015625,-0.95199585
63310,-0.54321289,1.0531616,-0.85571289
63311,-0.70159912,0.94955444,-0.78613281
63312,-0.65948486,1.1309814,-0.76263428
63313,-0.8279419,1.0502625,-0.66955566
63314,-0.65612793,1.0749817,-0.77163696
63315,-0.80429077,1.1724854,-0.73898315
63316,-0.93566894,1.257782,-0.78384399
63317,-0.88317871,1.2564087,-0.6892395
63318,-0.88821411,1.0820007,-0.71411133
63319,-0.87554932,1.0203552,-0.71746826
63320,-1.1125183,1.0592651,-0.50918579
63321,-1.2260437,1.239624,-0.58868408
63322,-1.2773132,1.053009,-0.4675293
63323,-1.1546326,1.2268066,-0.53344727
63324,-1.1529541,1.2043762,-0.47714233
63325,-1.3986206,1.2882996,-0.56488037
63326,-1.3165283,1.2124634,-0.17272949
63327,-1.3604736,1.4562988,-0.3125
63328,-1.6383362,0.81085205,-0.72937012
63329,-1.6795349,0.91598511,-0.2583313
63330,-1.5168762,1.061554,-0.05645752
63331,-1.4715576,1.1373901,-0.059204102
63332,-1.5763855,1.578064,0.022277832
63333,-1.5791321,1.2397766,0.10147095
63334,-1.505127,1.2026978,0.19866943
63335,-1.6990662,1.2475586,0.045318604
63336,-1.7333984,1.0754395,0.20507813
63337,-1.7070007,1.0740662,0.17318726
63338,-1.8345642,1.0400391,0.1486206
63339,-1.8205261,1.0305786,0.13504028
63340,-1.802063,0.94360352,0.39718628
63341,-1.8621826,0.83190918,0.35720825
63342,-1.8862915,0.86486816,0.37994385
63343,-1.9566345,1.0101318,0.64651489
63344,-2.0729065,0.70709228,0.76461792
63345,-1.8518066,0.66818237,0.53283691
63346,-1.8960571,0.61889648,0.64239502
63347,-1.8434143,0.73364258,0.62103272
63348,-2.0611572,0.62072754,0.82641602
63349,-2.0217896,0.35995483,0.69534302
63350,-1.9482422,0.59707642,0.71258545
63351,-1.9145203,0.44509888,0.63919067
63352,-2.0936584,0.40023804,0.71502685
63353,-2.1612549,0.62393188,0.86013794
63354,-2.0217896,0.337677,0.88150024
63355,-2.1012878,0.35858154,0.96984863
63356,-2.0817566,0.34240723,1.1660767
63357,-2.0056152,0.39459228,1.1694336
63358,-2.0103455,0.3427124,1.2245178
63359,-1.9810486,0.23803711,1.0308838
63360,-2.0162964,0.27984619,1.1683655
63361,-1.9351196,-0.21987915,0.93032837
63362,-1.9024658,-0.22521973,1.3284302
63363,-2.0455933,0.013122559,1.1694336
63364,-1.9892883,-0.22720337,1.3870239
63365,-2.0285034,-0.1499939,1.5252686
63366,-1.9296265,-0.19119263,1.5109253
63367,-1.8209839,-0.24841309,0.99975586
63368,-1.9003296,-0.13122559,1.3264465
63369,-1.854248,-0.18081665,1.6937256
63370,-1.9117737,-0.38879394,1.4953613
63371,-1.6534424,-0.70770264,1.5478516
63372,-1.8383789,-0.8430481,1.4724731
63373,-1.8345642,-0.89813232,1.6452026
63374,-1.7486572,-0.93551636,1.5208435
63375,-1.6168213,-0.96038818,1.7793274
63376,-1.6546631,-1.088562,1.743927
63377,-1.7959595,-1.227417,1.7378235
63378,-1.6955566,-0.89233398,1.893158
63379,-1.688385,-1.0107422,1.7489624
63380,-1.6293335,-0.93933106,1.9458008
63381,-1.5673828,-1.1921692,1.9158936
63382,-1.5887451,-1.3841248,1.7248535
63383,-1.4439392,-1.607666,1.8205261
63384,-1.5058899,-1.8331909,1.7993164
63385,-1.5190125,-1.4997864,1.8101501
63386,-1.2966919,-1.4431763,1.8218994
63387,-1.413269,-1.4881897,1.7366028
63388,-1.4280701,-1.5270996,1.9108582
63389,-1.1334229,-1.4500427,1.8156433
63390,-1.2115479,-1.6633606,1.8930054
63391,-1.1782837,-1.7749023,1.782074
63392,-1.1347961,-1.6323853,1.791687
63393,-1.0992432,-1.8351746,1.6143799
63394,-0.98236084,-1.5292358,1.8449402
63395,-1.2536621,-1.7289734,1.8713379
63396,-0.99945068,-1.8766785,1.8067932
63397,-0.84671021,-1.6719055,1.6252136
63398,-0.8795166,-1.7034912,1.7097473
63399,-0.76980591,-1.8650818,1.7211914
63400,-0.64117432,-1.7771912,1.6488647
63401,-0.60958862,-1.7697144,1.6900635
63402,-0.5557251,-1.8008423,1.6712952
63403,-0.4826355,-1.8528748,1.552124
63404,-0.42602539,-1.9299316,1.640625
63405,-0.42541504,-1.9709778,1.6003418
63406,-0.39901733,-2.0256042,1.599884
63407,-0.20904541,-2.0794678,1.7304993
63408,-0.25375366,-2.1302795,1.2104797
63409,-0.15045166,-2.1304321,1.4704895
63410,-0.032196045,-2.038269,1.5611267
63411,-0.035705566,-2.1980286,1.5541077
63412,-0.093688965,-2.1722412,1.4884949
63413,0.027160645,-2.1917725,1.4691162
63414,0.009002686,-2.2814941,1.423645
63415,0.082244873,-2.4235535,1.3496399
63416,0.007019043,-2.326355,1.3458252
63417,0.16342163,-2.3036194,1.2117004
63418,0.26443481,-2.1957397,1.1558533
63419,0.28152466,-2.1966553,1.0972595
63420,0.30685425,-2.2257996,0.93994141
63421,0.36834717,-2.2384644,0.9413147
63422,0.37063599,-2.2390747,0.98251343
63423,0.50094604,-2.1990967,0.91400147
63424,0.54077148,-2.194519,0.84243774
63425,0.53131103,-2.252655,0.80810547
63426,0.57434082,-2.2645569,0.80032349
63427,0.57434082,-2.3374939,0.77453613
63428,0.60791016,-2.4908447,0.60913086
63429,0.65917969,-2.4635315,0.55999756
63430,0.72967529,-2.341156,0.5506897
63431,0.71014404,-2.1514893,0.68664551
63432,0.73028565,-2.2618103,0.48049927
63433,0.86364746,-2.0988464,0.53634644
63434,0.75927734,-2.0599365,0.14648438
63435,0.80337524,-2.0782471,0.26977539
63436,0.97091675,-2.1524048,0.24581909
63437,1.0591125,-2.051239,0.36010742
63438,1.1380005,-1.8618774,0.34866333
63439,1.0302734,-1.9555664,0.25024414
63440,1.1206055,-1.8363953,0.14587402
63441,0.9967041,-1.8453979,0.12176514
63442,1.1250305,-1.8772888,0.027313232
63443,1.083374,-1.8341064,0.014190674
63444,0.93933106,-1.7703247,-0.13412476
63445,1.0656738,-1.6497803,-0.35858154
63446,1.1624146,-1.7321777,-0.28961182
63447,1.0090637,-1.6670227,-0.21469116
63448,1.1213684,-1.6825867,-0.25039673
63449,1.2991333,-1.6944885,-0.37872314
63450,1.1245728,-1.5341187,-0.42861939
63451,1.022644,-1.5370178,-0.4675293
63452,0.98403931,-1.4990234,-0.35812378
63453,1.2007141,-1.5187073,-0.38284302
63454,1.1297607,-1.3719177,-0.48446655
63455,1.1361694,-1.3621521,-0.47897339
63456,1.1804199,-1.3891602,-0.59143066
63457,1.0920715,-1.2921143,-0.65155029
63458,1.1408997,-1.2565613,-0.69854736
63459,1.139679,-1.0806274,-0.82366943
63460,1.1535645,-1.0321045,-0.67733765
63461,1.1405945,-0.92544556,-0.83877563
63462,0.8972168,-1.0626221,-0.80474853
63463,1.0139465,-0.76644897,-0.84335327
63464,0.97045898,0.51223755,-1.0066223
63465,1.0601807,-0.6048584,-0.74752808
63466,0.98358154,-0.72662353,-1.0340881
63467,0.8883667,-0.5935669,-1.0917664
63468,0.92163086,-0.63659668,-1.083374
63469,0.93261719,-0.50521851,-1.1813354
63470,0.95062256,-0.55862427,-1.2176514
63471,0.94650269,-0.50170898,-1.3677979
63472,0.97076416,-0.39367676,-1.2129211
63473,0.9765625,-0.2961731,-1.1547852
63474,0.89172363,-0.22644043,-1.1618042
63475,0.88027954,-0.184021,-1.2945557
63476,0.83099365,-0.13824463,-0.9576416
63477,0.75027466,-0.13793945,-1.1004639
63478,0.67077637,-0.08682251,-1.1669922
63479,0.75088501,-0.083007813,-1.255188
63480,0.67489624,-0.10757446,-1.4128113
63481,0.51193237,0.07232666,-1.247406
63482,0.53955078,0.20751953,-1.350708
63483,0.70373535,0.28411865,-1.3926697
63484,0.4800415,0.24017334,-1.3537598
63485,0.50933838,0.32897949,-1.3859558
63486,0.47149658,0.45196533,-1.4054871
63487,0.37658691,0.44036865,-1.1749268
63488,0.15274048,0.42770386,-1.2878418
63489,0.103302,0.51467896,-1.1628723
63490,0.002746582,0.6640625,-1.1949158
63491,-0.006408691,0.75637817,-1.3313293
63492,0.032958984,0.62088013,-1.2052917
63493,0.00793457,0.81176758,-1.1773682
63494,-0.11871338,0.74432373,-1.2214661
63495,-0.21987915,0.76766968,-1.2765503
63496,-0.24414063,0.82901001,-1.1384583
63497,-0.21118164,0.83770752,-1.1076355
63498,-0.25100708,0.81985474,-0.92376709
63499,-0.43533325,0.75469971,-0.98999023
63500,-0.46813965,0.7460022,-1.0592651
63501,-0.55511475,0.80657959,-1.0171509
63502,-0.61264038,0.99456787,-0.987854
63503,-0.62591553,0.99761963,-1.0868835
63504,-0.63827515,1.1889648,-1.0636902
63505,-0.49072266,1.2442017,-1.0072327
63506,-0.60958862,1.3204956,-0.94223022
63507,-0.59692383,1.3400269,-1.0050964
63508,-0.90270996,1.1282349,-0.75164795
63509,-0.88378906,1.3269043,-0.73608398
63510,-1.0246277,1.1125183,-0.70556641
63511,-0.87890625,1.313324,-0.63049316
63512,-1.0546875,1.3717651,-0.56259155
63513,-1.0383606,1.4028931,-0.5140686
63514,-1.1320496,1.3896179,-0.51528931
63515,-1.157074,1.3473511,-0.46478272
63516,-1.1459351,1.1257935,-0.44174194
63517,-1.2789917,1.1141968,-0.48156738
63518,-1.3320923,1.2948608,-0.34744263
63519,-1.3716125,1.0719299,-0.45501709
63520,-1.3414001,1.2734985,-0.20690918
63521,-1.4489746,1.2733459,-0.21514893
63522,-1.572876,1.1117554,-0.34042358
63523,-1.5074158,1.0968018,-0.22827148
63524,-2.45224,0.94726563,-0.54382324
63525,-2.5073242,0.75256348,-0.49301147
63526,-1.5719604,1.164856,-0.17471313
63527,-1.786499,1.3830566,0.10482788
63528,-1.8249512,1.0160828,0.093536377
63529,-1.7411804,0.84350586,0.056304932
63530,-1.6850281,2.7114868,0.17562866
63531,-1.7247009,1.0401916,0.18692017
63532,-1.7202759,1.098938,0.22872925
63533,-1.7547607,0.97259522,0.25466919
63534,-1.7576599,1.0266113,0.29998779
63535,-1.7449951,1.0206604,0.34515381
63536,-1.8865967,0.88378906,0.47302246
63537,-1.8812561,0.9513855,0.42999268
63538,-1.9494629,0.95367432,0.44555664
63539,-1.8284607,0.84182739,0.70846558
63540,-1.8968201,0.88256836,0.29556274
63541,-2.0727539,0.95352173,0.62011719
63542,-1.8984985,0.84121704,1.1138916
63543,-2.0941162,0.70632935,0.82229614
63544,-2.1035767,0.56350708,0.77880859
63545,-2.1801758,0.51589966,0.96588135
63546,-2.1897888,0.50170898,0.93551636
63547,-2.0568848,0.39154053,0.97488403
63548,-2.0225525,0.43334961,1.0690308
63549,-1.9850159,0.42694092,1.0650635
63550,-2.1318054,0.53588867,1.2609863
63551,-2.1554565,0.26748657,1.2399292
63552,-2.2215271,0.14648438,1.0928345
63553,-2.1304321,0.11795044,1.219635
63554,-2.2587585,-0.033569336,1.1245728
63555,-2.0611572,-0.12557983,1.3850403
63556,-2.1295166,-0.16784668,1.2799072
63557,-2.0185852,-0.18554688,1.5713501
63558,-2.1560669,0.063171387,1.3580322
63559,-1.9831848,-0.30700684,1.4935303
63560,-1.9985962,-0.25634766,1.5940857
63561,-2.225647,-0.51376343,1.5937805
63562,-2.0983887,-0.31600952,1.5608215
63563,-2.094574,-0.5708313,1.7451477
63564,-2.0477295,-0.72448731,1.7567444
63565,-1.8630981,-0.4699707,1.505127
63566,-1.9067383,-0.8203125,1.5907288
63567,-1.7295837,-0.59326172,1.7739868
63568,-1.8299866,-0.65917969,1.6061401
63569,-1.7086792,-0.54489136,1.9596863
63570,-1.7814636,-0.5770874,1.9636536
63571,-1.7359924,-0.67047119,1.8196106
63572,-1.8052673,-1.028595,2.0045471
63573,-1.7266846,-0.84030151,1.8856812
63574,-1.7762756,-0.85891724,1.8972778
63575,-1.8023682,-1.3186646,1.8399048
63576,-1.645813,-1.0081482,1.7825317
63577,-1.5202332,-1.197052,1.6497803
63578,-1.3925171,-1.1386108,2.0077515
63579,-1.6313171,-1.3005066,2.109375
63580,-1.5380859,-1.348114,1.9465637
63581,-1.5110779,-1.6296387,2.0449829
63582,-1.4256287,-1.4852905,2.0410156
63583,-1.4613342,-1.4717102,2.1278381
63584,-1.3394165,-1.4364624,2.0141602
63585,-1.3941956,-1.3925171,1.7652893
63586,-1.3470459,-1.5711975,1.9165039
63587,-1.1488342,-1.5074158,2.0814514
63588,-1.1460876,-1.6519165,2.0137024
63589,-1.0073853,-1.4793396,2.1095276
63590,-0.99243164,-1.9006348,2.064209
63591,-0.84579468,-1.9570923,1.9810486
63592,-0.90957642,-1.8864441,1.895752
63593,-0.87188721,-1.9023132,2.0602417
63594,-0.86807251,-1.942749,1.9351196
63595,-0.8190918,-2.0359802,2.0191956
63596,-0.6161499,-2.0068359,1.9631958
63597,-0.49728394,-2.1028137,1.9734192
63598,-0.5406189,-2.0556641,1.9210815
63599,-0.48782349,-2.0437622,1.7958069
63600,-0.36895752,-2.0724487,1.7651367
63601,-0.31555176,-2.2169495,1.630249
63602,-0.3326416,-2.0223999,1.7155457
63603,-0.29571533,-2.2077942,1.4498901
63604,-0.19699097,-2.1691895,1.4735413
63605,-0.15563965,-2.23526,1.46698
63606,-0.000762939,-2.1153259,1.5524292
63607,-0.041656494,-2.118988,1.3565063
63608,-0.12023926,-2.2154236,1.5374756
63609,-0.021820068,-2.1893311,1.3819885
63610,-0.019989014,-2.3182678,1.4485168
63611,0.21728516,-2.3057556,1.5328979
63612,0.2645874,-2.4717712,1.3197327
63613,0.24932861,-2.2906494,1.3748169
63614,0.29464722,-2.3989868,1.2065125
63615,0.25543213,-2.2489929,1.0618591
63616,0.37109375,-2.2137451,1.1505127
63617,0.45761108,-2.2024536,1.0861206
63618,0.55496216,-2.1743774,1.0583496
63619,0.59341431,-2.1966553,1.027832
63620,0.61553955,-2.2624207,0.97808838
63621,0.69747925,-2.197113,0.91888428
63622,0.69885254,-2.3152161,0.8480835
63623,0.73684692,-2.3703003,0.77941894
63624,0.82000732,-2.2969055,0.76812744
63625,0.9576416,-2.3114014,0.65917969
63626,1.0108948,-2.2018433,0.64483643
63627,0.91201782,-2.265625,0.58685303
63628,0.98953247,-2.3051453,0.38574219
63629,0.97839356,-2.2109985,0.46569824
63630,1.1700439,-2.1817017,0.43136597
63631,1.0899353,-2.1810913,0.259552
63632,1.1064148,-2.2335815,0.22186279
63633,1.1299133,-2.0758057,0.16876221
63634,1.2321472,-2.1192932,0.16067505
63635,1.1528015,-2.1359253,0.1651001
63636,1.1891174,-2.0977783,0.22323608
63637,1.206665,-2.015686,0.032348633
63638,1.2724304,-2.0001221,-0.028076172
63639,1.3124084,-2.0187378,-0.095825195
63640,1.4044189,-1.836853,-0.23742676
63641,1.3545227,-1.774292,-0.13717651
63642,1.2857056,-1.6786194,-0.37536621
63643,1.2335205,-1.6667175,-0.38391113
63644,1.4686584,-1.8545532,-0.20187378
63645,1.3212585,-1.8595886,-0.36865234
63646,1.1781311,-1.7831421,-0.1965332
63647,1.2985229,-1.6633606,-0.34805298
63648,1.1634827,-1.6192627,-0.35186768
63649,1.2338257,-1.4881897,-0.56716919
63650,1.2664795,-1.4738464,-0.62423706
63651,1.3674927,-1.5330505,-0.58914185
63652,1.3156128,-1.3114929,-0.68572998
63653,1.2953186,-1.3746643,-0.79666138
63654,1.3252258,-1.2872314,-0.64300537
63655,1.2963867,-1.1607361,-0.89660644
63656,1.1404419,-0.94543457,-0.91323853
63657,1.242218,-1.0954285,-0.98632813
63658,1.2236023,-0.92727661,-1.1094666
63659,1.265564,-0.79589844,-1.0409546
63660,1.098175,-1.0180664,-1.2353516
63661,1.1587524,-0.82458496,-1.1978149
63662,1.1671448,-0.30090332,-1.181488
63663,1.1990356,-0.58883667,-1.1662292
63664,1.2243652,-0.59448242,-1.3284302
63665,1.2356567,-0.61676025,-1.247406
63666,1.2255859,-0.42114258,-1.2464905
63667,1.072998,-0.40206909,-1.2280273
63668,0.99212647,-0.34957886,-1.2493896
63669,0.94009399,-0.52963257,-1.3166809
63670,0.92544556,-0.24673462,-1.3320923
63671,0.86273193,-0.11688232,-1.3897705
63672,0.82870483,-0.041503906,-1.4927673
63673,0.83999634,0.003662109,-1.4627075
63674,0.82550049,0.010986328,-1.361084
63675,-0.023956299,-0.099487305,-1.5869141
63676,0.15213013,-0.181427,-1.4550781
63677,0.24627685,-0.15258789,-1.5763855
63678,0.2583313,-0.16693115,-1.3945007
63679,0.61325073,0.18875122,-1.1917114
63680,0.58563232,0.2482605,-1.3287354
63681,0.41687012,0.36407471,-1.348877
63682,0.36132813,0.36178589,-1.3499451
63683,0.29113769,0.35491943,-1.4578247
63684,0.26550293,0.6350708,-1.4466858
63685,0.38772583,0.62286377,-1.4959717
63686,0.37628174,0.65383911,-1.4601135
63687,0.25192261,0.63201904,-1.4364624
63688,0.22155762,0.74615478,-1.3887024
63689,0.16921997,0.8140564,-1.4450073
63690,0.012512207,0.94726563,-1.3735962
63691,0.060577393,0.92376709,-1.3954163
63692,-0.039825439,1.0473633,-1.3713074
63693,-0.063476563,1.0314941,-1.4128113
63694,-0.25939941,1.0023499,-1.3708496
63695,-0.28656006,1.1181641,-1.2988281
63696,-0.44952393,1.0386658,-1.3145447
63697,-0.4284668,1.0597229,-1.3557434
63698,-0.46447754,1.0696411,-1.1824036
63699,-0.67550659,1.0192871,-1.0993958
63700,-0.63217163,1.0147095,-1.0964966
63701,-0.80978394,1.0403442,-1.0998535
63702,-0.79711914,1.1695862,-0.92529297
63703,-0.68695068,1.272583,-1.1126709
63704,-0.76446533,1.305542,-1.0873413
63705,-0.8631897,1.381073,-0.87768555
63706,-0.94314575,1.4050293,-0.92575073
63707,-0.90499878,1.4015198,-0.85800171
63708,-1.1102295,1.2075806,-0.81726074
63709,-1.1351013,1.2867737,-0.85998535
63710,-1.1265564,1.3101196,-0.87005615
63711,-1.1990356,1.4335632,-0.77316284
63712,-1.3388062,1.3400269,-0.67382813
63713,-1.4105225,1.4572144,-0.57296753
63714,-1.3386536,1.3749695,-0.42373657
63715,-1.4019775,1.3781738,-0.50888062
63716,-1.5493774,1.3494873,-0.55664063
63717,-1.4570618,1.3632202,-0.31341553
63718,-1.640625,1.4030457,-0.30380249
63719,-1.686554,1.2634277,-0.20217895
63720,-1.6520691,1.3627625,-0.27923584
63721,-1.9010925,0.93917847,-0.41412353
63722,-1.6496277,1.2591553,-0.13305664
63723,-1.7900085,1.0668945,-0.12329102
63724,-1.8412781,1.2002563,0.086975098
63725,-1.8682861,1.2554932,-0.050048828
63726,-1.8281555,1.1460876,0.038909912
63727,-1.9059753,1.0435486,0.084533691
63728,-1.913147,1.3343811,0.085906982
63729,-2.0333862,1.0972595,0.1953125
63730,-2.0777893,1.0475159,0.34378052
63731,-2.0829773,1.162262,0.38223267
63732,-2.1492004,0.9841919,0.37826538
63733,-2.1974182,1.0725403,0.49499512
63734,-2.0617676,0.98098755,0.63186646
63735,-2.0439148,0.99411011,0.70709228
63736,-1.950531,0.94970703,0.64270019
63737,-2.1826172,0.83221435,0.67703247
63738,-2.2433472,0.78796387,0.63751221
63739,-2.28302,0.75881958,0.53039551
63740,-2.1855164,0.70617676,0.86883545
63741,-2.2886658,0.73074341,0.93841553
63742,-2.3670959,0.56488037,1.0456848
63743,-2.4533081,0.5456543,0.97488403
63744,-2.2555542,0.53146362,1.068573
63745,-2.2523499,0.49026489,0.96664429
63746,-2.290802,0.36193848,0.88287353
63747,-2.2827148,0.3767395,1.1534119
63748,-2.3620605,0.21743774,1.2055969
63749,-2.3242188,0.35675049,1.1517334
63750,-2.2438049,0.17105103,1.2442017
63751,-2.2050476,0.036315918,1.2905884
63752,-2.0947266,0.10757446,1.2615967
63753,-2.2303772,0.21133423,1.4546204
63754,-2.1307373,0.050354004,1.4532471
63755,-2.2218323,-0.17089844,1.4115906
63756,-2.1290588,-0.23681641,1.5301514
63757,-2.1873474,-0.35293579,1.5621948
63758,-2.1072388,-0.41412353,1.5693665
63759,-2.0162964,-0.29220581,1.7697144
63760,-2.0994568,-0.37612915,1.6534424
63761,-1.9932556,-0.284729,1.7933655
63762,-2.0118713,-0.47851563,1.783905
63763,-1.9203186,-0.65307617,1.778717
63764,-1.9158936,-0.50720215,1.8180847
63765,-2.0126343,-0.86288452,1.7489624
63766,-2.0365906,-0.83175659,1.9334412
63767,-1.8743896,-0.90408325,1.8843079
63768,-1.8496704,-0.94802856,2.0988464
63769,-1.8128967,-0.97488403,2.0117188
63770,-1.7791748,-1.0968018,2.0227051
63771,-1.6751099,-1.0601807,1.9332886
63772,-1.8270874,-1.1598206,1.97052
63773,-1.6598511,-1.1024475,2.0367432
63774,-1.7414856,-1.2557983,1.9825745
63775,-1.7123413,-1.2075806,2.0585632
63776,-1.6140747,-1.2969971,2.2421265
63777,-1.5666199,-1.410675,2.2389221
63778,-1.6856384,-1.5583801,2.0854187
63779,-1.4309692,-1.4889526,2.1263123
63780,-1.4506531,-1.6687012,2.1038818
63781,-1.4425659,-1.5490723,1.9290161
63782,-1.3467407,-1.5481567,1.9384766
63783,-1.2174988,-1.6540527,1.9740295
63784,-1.2226868,-1.6925049,1.9177246
63785,-1.3314819,-1.7286682,2.0632935
63786,-1.2084961,-1.6693115,1.7895508
63787,-1.1442566,-1.9171143,1.9873047
63788,-0.96664429,-1.822052,1.9923401
63789,-0.96466065,-2.0333862,1.9172668
63790,-1.0063171,-1.9371033,1.9070435
63791,-0.80596924,-2.0056152,1.8934631
63792,-0.79116821,-2.0928955,2.0289612
63793,-0.72265625,-2.1377563,1.9024658
63794,-0.64819336,-2.2683716,1.9024658
63795,-0.57601929,-2.1337891,2.1305847
63796,-0.56671143,-2.1963501,1.8582153
63797,-0.42358398,-2.1604919,1.927948
63798,-0.32775879,-2.1398926,1.7451477
63799,-0.36849976,-2.0175171,1.688385
63800,-0.17791748,-2.1862793,1.6668701
63801,-0.28778076,-2.3629761,1.7352295
63802,-0.18539429,-2.4029541,1.6693115
63803,-0.041656494,-2.4081421,1.5679932
63804,0.029907227,-2.3693848,1.509552
63805,0.08972168,-2.4316406,1.463623
63806,0.14587402,-2.3831177,1.5063477
63807,0.17028809,-2.4104309,1.5028381
63808,0.18554688,-2.4804688,1.474762
63809,0.2645874,-2.5875854,1.4035034
63810,0.36636353,-2.4891663,1.2654114
63811,0.38726807,-2.6104736,1.3790894
63812,0.36361694,-2.4838257,1.3545227
63813,0.38864136,-2.5178528,1.3146973
63814,0.46813965,-2.5585938,1.2504578
63815,0.46218872,-2.4920654,1.191864
63816,0.54275513,-2.4461365,1.1193848
63817,0.55374146,-2.3368835,1.0250854
63818,0.70098877,-2.2944641,0.79589844
63819,0.79055786,-2.2242737,0.71121216
63820,0.73410034,-2.361145,0.72128296
63821,0.80505371,-2.2862244,0.68771362
63822,0.8833313,-2.2200012,0.66574097
63823,0.96282959,-2.3223877,0.75958252
63824,0.89752197,-2.2172546,0.57220459
63825,0.98083496,-2.2914124,0.57128906
63826,1.0095215,-2.4449158,0.66085815
63827,0.91537476,-2.2480774,0.5569458
63828,1.1430359,-2.1343994,0.4524231
63829,1.0923767,-2.1401978,0.34729004
63830,1.0005188,-2.1723938,0.26535034
63831,1.0562134,-2.1931458,0.22369385
63832,1.1032104,-2.097168,0.009765625
63833,1.3423157,-2.0941162,0.094299316
63834,1.1573791,-1.9380188,0.1461792
63835,1.289978,-1.9662476,0.028381348
63836,1.370697,-1.9697571,-0.058441162
63837,1.2921143,-1.9010925,-0.11795044
63838,1.3819885,-1.8482971,-0.15258789
63839,1.3380432,-1.9491577,-0.15258789
63840,1.2747192,-1.907959,-0.28045654
63841,1.3601685,-1.7327881,-0.30014038
63842,1.3514709,-1.625061,-0.41290283
63843,1.2835693,-1.678009,-0.34423828
63844,1.3484192,-1.6448975,-0.5770874
63845,1.3471985,-1.6882324,-0.59738159
63846,1.3623047,-1.5441895,-0.4814148
63847,1.3072205,-1.5081787,-0.597229
63848,1.2123108,-1.2876892,-0.60760498
63849,1.3023376,-1.4068604,-0.70205688
63850,1.2431335,-1.4071655,-0.78033447
63851,1.2232971,-1.3694763,-0.88256836
63852,1.4512634,-1.232605,-0.67672729
63853,1.4337158,-1.2524414,-0.9072876
63854,1.0211182,-1.1830139,-0.77484131
63855,1.1956787,-1.1878967,-0.79910278
63856,1.1775208,-1.2081909,-1.0321045
63857,1.2145996,-1.010437,-0.90820313
63858,1.2466431,-0.91491699,-0.91598511
63859,1.2164307,-0.81573486,-0.95336914
63860,1.1331177,-0.6829834,-0.94787598
63861,1.1541748,-0.83251953,-1.0699463
63862,1.1187744,-0.73196411,-1.0406494
63863,1.0913086,-0.64239502,-1.1795044
63864,1.1122131,-0.56396484,-1.1434937
63865,1.0112,-0.41610718,-1.2297058
63866,0.96969604,-0.31890869,-1.3134766
63867,1.0609436,-0.31524658,-1.3482666
63868,1.0058594,-0.24124145,-1.3504028
63869,0.98083496,-0.15899658,-1.2892151
63870,0.94451904,-0.037689209,-1.2908936
63871,0.92300415,0.084991455,-1.4395142
63872,0.023193359,-0.43304443,-1.6136169
63873,0.47134399,-0.55770874,-1.733551
63874,0.79589844,-0.21331787,-1.5437317
63875,0.59616089,0.061645508,-1.4855957
63876,0.55923462,0.27526856,-1.5267944
63877,0.63674927,0.42205811,-1.6143799
63878,0.56793213,0.37750244,-1.439209
63879,0.62896728,0.32806397,-1.5837097
63880,0.3213501,0.40039063,-1.3916016
63881,0.26489258,0.45227051,-1.4663696
63882,0.16403198,0.51223755,-1.4230347
63883,0.29495239,0.5947876,-1.4300537
63884,0.40344238,0.68664551,-1.4489746
63885,0.15869141,0.76858521,-1.4295959
63886,0.21179199,0.83312988,-1.3218689
63887,-0.007476807,0.64376831,-1.4367676
63888,-0.009155273,0.77148438,-1.1431885
63889,0.00289917,0.90362549,-1.3200378
63890,-0.048675537,0.96252441,-1.2930298
63891,-0.08102417,1.105957,-1.3725281
63892,-0.14083862,0.93841553,-1.2495422
63893,-0.32897949,1.1305237,-1.0090637
63894,-0.40405273,1.3418579,-1.197052
63895,-0.21286011,1.2338257,-1.3314819
63896,-0.34973144,1.2078857,-1.2084961
63897,-0.58029175,1.0679626,-1.047821
63898,-0.6640625,1.1315918,-0.96298218
63899,-0.61233521,1.2463379,-0.95550537
63900,-0.83480835,1.2966919,-1.0244751
63901,-0.71105957,1.1462402,-1.0614014
63902,-0.86929321,1.4404297,-0.8795166
63903,-0.96710205,1.3000488,-0.86349487
63904,-0.95672607,1.3243103,-0.73822022
63905,-0.87249756,1.28479,-0.85159302
63906,-0.93505859,1.2600708,-0.703125
63907,-0.99639893,1.1413574,-0.88531494
63908,-1.1473084,1.4729309,-0.75210571
63909,-1.1633301,1.3673401,-0.75073242
63910,-1.3119507,1.5361023,-0.78109741
63911,-1.2762451,1.4082336,-0.7333374
63912,-1.2680054,1.4193726,-0.62744141
63913,-1.348877,1.3922119,-0.69519043
63914,-1.434021,1.4680481,-0.44921875
63915,-1.5357971,1.4614868,-0.35095215
63916,-1.512146,1.3705444,-0.27755737
63917,-1.6816711,1.0832214,-0.1348877
63918,-1.6741943,1.1529541,-0.075531006
63919,-1.4930725,1.320343,-0.25756836
63920,-1.5734863,1.2892151,-0.18600464
63921,-1.6143799,1.3406372,-0.12420654
63922,-1.7233276,1.2911987,-0.021057129
63923,-1.6934204,1.2319946,-0.029144287
63924,-1.7776489,1.2866211,0.11474609
63925,-1.7819214,1.1343384,0.072174072
63926,-1.756897,1.0707092,0.18234253
63927,-1.8405151,1.6014099,0.35903931
63928,-1.9003296,1.0499573,0.38864136
63929,-1.9235229,1.1236572,0.37994385
63930,-2.0278931,1.1167908,0.46356201
63931,-2.1055603,1.0614014,0.47302246
63932,-1.9827271,1.0032654,0.59158325
63933,-1.9836426,0.90576172,0.30975342
63934,-2.0144653,0.82824707,0.51589966
63935,-2.1351624,0.88973999,0.675354
63936,-2.1481323,0.83602905,0.62255859
63937,-2.1420288,0.82885742,0.73242188
63938,-2.2375488,0.77911377,0.79193115
63939,-2.1432495,0.76660156,0.95535278
63940,-2.0349121,0.6968689,0.87860107
63941,-2.2335815,0.74752808,0.81359863
63942,-2.1066284,0.68862915,0.97610474
63943,-2.2302246,0.57022095,1.1581421
63944,-2.0899963,0.52978516,1.0198975
63945,-2.1002197,0.60745239,1.1343384
63946,-2.0959473,0.45257568,1.2811279
63947,-2.2914124,0.33920288,1.2242126
63948,-2.2798157,0.33798218,1.2051392
63949,-2.1394348,0.16540527,1.2809753
63950,-2.1253967,0.035400391,1.3449097
63951,-2.1681213,0.006103516,1.5768433
63952,-2.073822,0.011291504,1.6676331
63953,-2.1142578,0.18096924,1.4743042
63954,-2.1328735,-0.003509521,1.4579773
63955,-2.039032,0.02822876,1.6456604
63956,-2.0678711,-0.11825561,1.7417908
63957,-2.1104431,-0.23696899,1.6485596
63958,-2.1125793,-0.39169311,1.8067932
63959,-2.0718384,-0.35202026,1.6171265
63960,-2.0349121,-0.47119141,1.8881226
63961,-1.9258118,-0.55358887,1.7181396
63962,-1.9915771,-0.58853149,1.8733215
63963,-1.8075562,-0.60028076,1.857605
63964,-1.8360901,-0.55099487,1.8997192
63965,-1.913147,-0.63186646,1.9328308
63966,-1.7565918,-0.6401062,1.9186401
63967,-1.8385315,-0.84869385,1.7831421
63968,-1.8658447,-0.89324951,2.013855
63969,-1.8336487,-0.93353272,1.9650269
63970,-1.6520691,-1.022644,1.9911194
63971,-1.6467285,-1.2052917,1.8431091
63972,-1.5679932,-1.1032104,2.0108032
63973,-1.5948486,-0.95306397,2.2247314
63974,-1.4659119,-1.1532593,2.1430969
63975,-1.5411377,-1.1897278,2.3248291
63976,-1.4697266,-1.3792419,2.0137024
63977,-1.4364624,-1.5829468,2.0614624
63978,-1.2957764,-1.5447998,2.0278931
63979,-1.2503052,-1.6140747,2.043457
63980,-1.3031006,-1.7285156,2.0587158
63981,-1.2763977,-1.7193604,1.9424438
63982,-1.1949158,-1.8417358,1.9442749
63983,-1.0171509,-1.6313171,2.086792
63984,-1.0339355,-1.8196106,1.9487
63985,-0.92559815,-1.7588806,2.1255493
63986,-0.93032837,-1.7610168,2.0922852
63987,-0.81466675,-1.8075562,2.093811
63988,-0.93444824,-1.9400024,2.1546936
63989,-0.76843262,-1.9952393,1.998291
63990,-0.66879272,-1.9380188,1.8258667
63991,-0.63919067,-2.0506287,1.8768311
63992,-0.6729126,-2.2610474,2.0596313
63993,-0.53024292,-2.4150085,1.8684387
63994,-0.42114258,-2.195282,1.9544983
63995,-0.37414551,-2.1537781,1.8214416
63996,-0.34500122,-2.1005249,1.8971252
63997,-0.3187561,-2.0233154,1.8380737
63998,-0.24002075,-2.0796204,1.803894
63999,-0.26702881,-2.0727539,1.8286133
64000,-0.1109314,-2.2265625,1.5882874
64001,-0.057678223,-2.5393677,1.4871216
64002,-0.10101318,-2.3753357,1.4393616
64003,0.12207031,-2.2901917,1.3856506
64004,-0.056152344,-2.1368408,1.4378357
64005,-0.015563965,-2.2396851,1.4213562
64006,0.082092285,-2.2488403,1.2864685
64007,0.23391724,-2.2415161,1.2057495
64008,0.20355225,-2.3570251,1.2524414
64009,0.35339356,-2.3820496,1.1383057
64010,0.40847778,-2.5590515,1.2652588
64011,0.4649353,-2.4517822,1.1447144
64012,0.52764893,-2.4560547,1.1639404
64013,0.51834106,-2.4658203,1.0993958
64014,0.49041748,-2.4853516,1.1035156
64015,0.59280396,-2.4371338,1.0646057
64016,0.64529419,-2.4307251,0.78903198
64017,0.77514648,-2.4043274,0.81787109
64018,0.81344604,-2.4095154,0.6729126
64019,0.6312561,-2.5361633,0.74783325
64020,0.82000732,-2.2322083,0.7434082
64021,0.80825806,-2.3045349,0.6980896
64022,0.8833313,-2.3403931,0.57113647
64023,0.91156006,-2.2813416,0.30426025
64024,0.9803772,-2.2093201,0.54519653
64025,0.92956543,-2.4047852,0.48339844
64026,1.0484314,-2.4102783,0.38101196
64027,0.83633423,-2.2930908,0.48202515
64028,0.96679688,-2.2988892,0.29571533
64029,0.92758179,-2.0860291,0.23727417
64030,0.96038818,-1.9978333,0.16281128
64031,0.99685669,-1.9943237,0.16708374
64032,0.97305298,-1.9618225,0.092773438
64033,1.2033081,-2.0401001,0.015106201
64034,1.1068726,-2.0651245,-0.13244629
64035,1.149292,-2.038269,-0.21469116
64036,1.2556458,-1.8984985,-0.26275635
64037,1.2286377,-1.8055725,-0.25878906
64038,1.1465454,-1.8444824,-0.17852783
64039,1.2446594,-1.789856,-0.18417358
64040,1.4421082,-1.7364502,-0.30395508
64041,1.491394,-1.7510986,-0.41473389
64042,1.2268066,-1.5435791,-0.41107178
64043,1.3208008,-1.6004944,-0.47897339
64044,1.3528442,-1.5039063,-0.652771
64045,1.3496399,-1.4321899,-0.56396484
64046,1.3237,-1.4125061,-0.47531128
64047,1.3661194,-1.3208008,-0.81375122
64048,1.2159729,-1.307373,-0.73043823
64049,1.2643433,-1.1863709,-0.92071533
64050,1.25,-1.3726807,-0.91079712
64051,1.2934875,-1.2063599,-0.887146
64052,1.3032532,-1.0246277,-1.0217285
64053,1.2774658,-1.000061,-1.0847473
64054,1.2817383,-1.121521,-0.97625732
64055,1.3476563,-0.85723877,-1.1437988
64056,1.2582397,-0.75012207,-1.1010742
64057,1.2280273,-0.83526611,-1.0871887
64058,1.1547852,-0.91659546,-1.1607361
64059,1.1175537,-0.7510376,-1.1856079
64060,1.1103821,-0.72494507,-1.2194824
64061,1.1192322,-0.55023193,-1.3085938
64062,1.0079956,-0.53314209,-1.1360168
64063,0.91796875,-0.43670654,-1.1117554
64064,0.96847534,-0.33447266,-1.2528992
64065,0.94451904,-0.34179688,-1.2445068
64066,0.9262085,-0.27648926,-1.3516235
64067,0.87921143,-0.20523071,-1.199646
64068,0.7107544,-0.028533936,-1.3154602
64069,0.68115234,-0.027313232,-1.3659668
64070,0.6439209,0.037231445,-1.4065552
64071,0.39520264,-0.075531006,-1.2496948
64072,0.28411865,-0.27877808,-1.4030457
64073,0.50994873,-0.13122559,-1.3970947
64074,0.70648193,-0.11154175,-1.2918091
64075,0.80947876,0.20233154,-1.3131714
64076,0.59890747,0.45135498,-1.4689636
64077,0.55938721,0.32409668,-1.4393616
64078,0.44189453,0.36514282,-1.3879395
64079,0.36743164,0.39550781,-1.3339233
64080,0.36819458,0.60272217,-1.3821411
64081,0.34378052,0.67764282,-1.4013672
64082,0.021972656,0.56457519,-1.5505981
64083,0.19561768,0.64575195,-1.4045715
64084,0.19500732,0.71746826,-1.4053345
64085,0.056610107,0.53588867,-1.3703918
64086,0.081481934,0.62454224,-1.3845825
64087,0.082092285,0.55053711,-1.2368774
64088,-0.054168701,0.64743042,-1.1474609
64089,-0.34225464,0.79711914,-1.1991882
64090,-0.23147583,0.79666138,-1.0997009
64091,-0.40756226,0.90637207,-1.2969971
64092,-0.45104981,1.0943604,-1.2684631
64093,-0.58425903,1.1442566,-1.1431885
64094,-0.50964356,1.0473633,-1.0731506
64095,-0.61080933,1.0818481,-1.0940552
64096,-0.45730591,1.1170959,-1.0128784
64097,-0.71182251,1.0823059,-1.2498474
64098,-0.71456909,1.3069153,-1.2710571
64099,-1.0832214,1.0598755,-1.1193848
64100,-0.76354981,1.2101746,-0.96542358
64101,-0.85891724,1.2231445,-0.78582764
64102,-0.85525513,1.3934326,-0.69824219
64103,-1.0351563,1.3275146,-0.70465088
64104,-1.0366821,1.1358643,-0.64300537
64105,-1.1248779,1.1557007,-0.59448242
64106,-1.1636353,1.2609863,-0.76034546
64107,-1.1044312,1.370697,-0.59127808
64108,-1.1178589,1.4523315,-0.66802978
64109,-1.2454224,1.3459778,-0.51147461
64110,-1.2532043,1.3867188,-0.46630859
64111,-1.1941528,1.3735962,-0.51239014
64112,-1.2913513,1.3320923,-0.47805786
64113,-1.4427185,1.1894226,-0.39016724
64114,-1.5524292,1.2251282,-0.27328491
64115,-1.4909363,1.317749,-0.32958984
64116,-1.6960144,1.3069153,-0.10314941
64117,-1.5447998,1.4324951,-0.15106201
64118,-1.5884399,1.3850403,-0.16189575
64119,-1.6799927,1.2147522,-0.18600464
64120,-1.6667175,1.1250305,-0.10147095
64121,-1.6210938,1.2213135,-0.07522583
64122,-1.7234802,1.2727356,0.084838867
64123,-1.8461609,1.1793518,0.1045227
64124,-1.6755676,1.124115,0.25527954
64125,-1.8925476,2.2103882,0.10910034
64126,-1.8199158,1.1309814,0.32653809
64127,-1.9262695,1.1865234,0.38696289
64128,-2.1537781,1.0754395,0.32226563
64129,-2.1360779,1.0447693,0.43731689
64130,-2.24823,1.0272217,0.50689697
64131,-1.8968201,0.88623047,0.45471191
64132,-2.1186829,1.0147095,0.46722412
64133,-2.0657349,1.1392212,0.4876709
64134,-2.0559692,0.95458984,0.6703186
64135,-2.300415,0.81176758,0.33248901
64136,-2.0698547,0.79803467,0.81542969
64137,-2.3033142,0.72479248,0.77545166
64138,-2.1658325,0.8883667,0.8531189
64139,-2.28302,0.75897217,0.94314575
64140,-2.2511292,0.75408935,1.1213684
64141,-2.230072,0.67810059,0.92422485
64142,-2.2511292,0.5279541,1.0601807
64143,-2.1479797,0.493927,0.96435547
64144,-2.142334,0.3314209,1.1026001
64145,-2.0748901,0.24536133,1.3444519
64146,-2.1273804,0.39138794,1.2989807
64147,-2.121582,0.29846191,1.2356567
64148,-2.1141052,0.1210022,1.4317322
64149,-2.1037292,0.1248169,1.4497375
64150,-2.0851135,0.1260376,1.4204407
64151,-2.1369934,0.007324219,1.5286255
64152,-2.217865,-0.092773438,1.4329529
64153,-2.3068237,-0.12008667,1.5797424
64154,-2.3919678,-0.14221191,1.5307617
64155,-2.4359131,-0.16342163,1.4926147
64156,-2.5991821,-0.22323608,1.6427612
64157,-2.2703552,-0.29006958,1.6784668
64158,-2.0793152,-0.40832519,1.6725159
64159,-2.3458862,-0.34011841,1.7616272
64160,-2.678833,-0.58166504,1.6604614
64161,-1.9657898,-0.66116333,1.7118835
64162,-2.3521423,-0.69442749,1.8238831
64163,-1.9842529,-0.57113647,1.5159607
64164,-1.9146729,-0.99273682,1.7245483
64165,-1.8077087,-0.76171875,1.7460632
64166,-2.0707703,-1.1601257,1.6767883
64167,-2.0970154,-1.0160828,1.736145
64168,-1.6819763,-1.212616,1.9827271
64169,-2.1458435,-1.1526489,1.7997742
64170,-1.6264343,-0.9286499,1.8983459
64171,-1.6333008,-1.0333252,2.0866394
64172,-1.8835449,-1.3024902,1.9062805
64173,-1.4584351,-1.144104,1.973114
64174,-1.7477417,-1.1132813,1.9447327
64175,-1.7024231,-1.277771,1.8824768
64176,-1.4933777,-1.1474609,1.6641235
64177,-1.4701843,-1.3717651,1.882019
64178,-1.1991882,-1.4678955,1.9250488
64179,-0.97686768,-1.61026,1.7080688
64180,-1.1264038,-1.6719055,1.7347717
64181,-1.159668,-1.6189575,1.7773438
64182,-1.088562,-1.6111755,1.9206238
64183,-0.9928894,-1.6323853,1.9151306
64184,-0.96389771,-1.6967773,1.920166
64185,-0.91461182,-1.6758728,1.7662048
64186,-0.88424683,-1.7556763,1.9577026
64187,-0.90713501,-1.8005371,1.8261719
64188,-0.70602417,-1.67099,1.8041992
64189,-0.61782837,-1.7352295,1.640625
64190,-0.47302246,-1.8261719,1.7512512
64191,-0.62911987,-1.8684387,1.7529297
64192,-0.56808472,-1.9914246,1.7984009
64193,-0.51055908,-2.102356,1.6986084
64194,-0.38085938,-2.1742249,1.7303467
64195,-0.40054321,-2.0240784,1.4077759
64196,-0.50033569,-2.0611572,1.5692139
64197,-0.29418945,-2.1347046,1.4118958
64198,-0.26977539,-2.0307922,1.5214539
64199,-0.18630981,-2.1459961,1.3035584
64200,-0.14801025,-2.3179626,1.5698242
64201,-0.19699097,-2.1652222,1.4820862
64202,-0.093536377,-2.2825623,1.3000488
64203,0.08972168,-2.351532,1.4274597
64204,0.11535645,-2.252655,1.3742065
64205,0.19546509,-2.051239,1.3238525
64206,0.22598267,-2.097168,1.1999512
64207,0.19897461,-2.0539856,1.1450195
64208,0.22033691,-2.0825195,1.1051941
64209,0.44692993,-2.1643066,1.0827637
64210,0.29449463,-2.1826172,1.0716248
64211,0.50689697,-2.2158813,0.99990845
64212,0.49560547,-2.2216797,0.94314575
64213,0.59906006,-2.2897339,0.77789307
64214,0.60501099,-2.0608521,0.79376221
64215,0.57540894,-2.1598816,0.8190918
64216,0.5758667,-2.0169067,0.67886353
64217,0.58364868,-2.1820068,0.74539185
64218,0.46096802,-2.1202087,0.71990967
64219,0.67626953,-2.0133972,0.52993774
64220,0.4359436,-2.1618652,0.57388306
64221,0.68008423,-2.2106934,0.51559448
64222,0.88287353,-2.0120239,0.38299561
64223,0.87982178,-2.0718384,0.43823242
64224,0.89172363,-1.9651794,0.32043457
64225,0.77178955,-1.9673157,0.24353027
64226,0.97808838,-1.9197083,0.15563965
64227,0.93322754,-2.0266724,0.17242432
64228,0.99243164,-1.971283,0.10635376
64229,0.990448,-1.9343567,0.011291504
64230,1.0522461,-1.9169617,-0.11474609
64231,1.0255432,-1.7726135,-0.19012451
64232,1.0223389,-1.8800354,-0.19592285
64233,1.0137939,-1.8351746,-0.023193359
64234,1.0517883,-1.7451477,-0.23803711
64235,1.2265015,-1.7150879,-0.25268555
64236,1.133728,-1.4135742,-0.24536133
64237,1.104126,-1.5965271,-0.29876709
64238,1.1828613,-1.497345,-0.35964966
64239,1.1938477,-1.5216064,-0.27984619
64240,1.1306763,-1.4021301,-0.48782349
64241,1.0546875,-1.4836121,-0.32669067
64242,1.0548401,-1.3363647,-0.56640625
64243,1.1024475,-1.3438416,-0.49560547
64244,0.99472046,-1.1221313,-0.56106567
64245,1.1087036,-1.1773682,-0.69900513
64246,1.0488892,-1.1262512,-0.64788818
64247,0.9815979,-1.0618591,-0.79177856
64248,1.1123657,-0.9954834,-0.79391479
64249,0.89950562,-1.043396,-0.76461792
64250,0.97427368,-0.91247559,-0.80444336
64251,1.0623169,-0.85876465,-0.89859009
64252,0.93795776,-0.84091187,-0.80032349
64253,0.99243164,-0.70648193,-1.0212708
64254,0.94909668,-0.65505981,-0.99090576
64255,1.0025024,-0.71502685,-0.93643188
64256,1.0112,-0.74005127,-1.0467529
64257,1.0350037,0.99456787,-1.1630249
64258,0.97290039,-0.63339233,-1.0475159
64259,0.98327637,-0.45318603,-0.96786499
64260,0.87219238,-0.39413452,-1.0888672
64261,0.84030151,-0.26779175,-1.1056519
64262,0.90576172,-0.21392822,-1.1366272
64263,0.73287964,-0.28930664,-1.0952759
64264,0.75073242,-0.2230835,-1.4231873
64265,0.75393677,-0.18341065,-1.2353516
64266,0.71655273,-0.12863159,-1.2223816
64267,0.63446045,0.017547607,-1.4411926
64268,0.52062988,-0.29006958,-1.5730286
64269,0.43670654,-0.31463623,-1.259613
64270,0.24414063,-0.21362305,-1.2385559
64271,0.38879394,-0.02746582,-1.2217712
64272,0.35995483,0.31600952,-1.2373352
64273,0.33508301,0.25558472,-1.237793
64274,0.14602661,0.19241333,-1.2385559
64275,0.12451172,0.24108887,-1.1877441
64276,0.30380249,0.30487061,-1.1795044
64277,0.1638794,0.29144287,-1.2271118
64278,0.072784424,0.3742981,-0.98434448
64279,0.061645508,0.58868408,-1.0496521
64280,-0.014343262,0.68786621,-1.0549927
64281,-0.21667481,0.81573486,-1.2593079
64282,-0.069274902,0.85159302,-1.0641479
64283,-0.087738037,0.65933228,-1.1972046
64284,-0.26199341,0.83221435,-1.146698
64285,-0.17089844,0.77392578,-1.2307739
64286,-0.27053833,0.65917969,-1.1315918
64287,-0.27893066,0.74630737,-0.95230103
64288,-0.3326416,0.77911377,-0.91537476
64289,-0.38024902,0.83404541,-0.86303711
64290,-0.47698975,0.86181641,-0.91491699
64291,-0.44021606,0.98480225,-0.79849243
64292,-0.46539307,0.95718384,-0.75134277
64293,-0.5657959,0.99029541,-0.63064575
64294,-0.80596924,1.0214233,-0.6741333
64295,-0.7421875,0.97732544,-0.76004028
64296,-0.68405151,1.0778809,-0.677948
64297,-0.75271606,1.076355,-0.67306519
64298,-0.90896606,1.2312317,-0.74951172
64299,-0.99426269,1.3545227,-0.70480347
64300,-1.0693359,1.3517761,-0.63583374
64301,-1.0488892,1.3131714,-0.63964844
64302,-1.0780334,1.2030029,-0.59646606
64303,-1.0932922,1.1816406,-0.62072754
64304,-1.3002014,1.1035156,-0.60501099
64305,-1.2760925,1.1642456,-0.52352905
64306,-1.3006592,1.1943054,-0.29678345
64307,-1.4404297,1.3349915,-0.21865845
64308,-1.4772034,1.1070251,-0.10848999
64309,-1.4245605,0.90332031,-0.25238037
64310,-1.4501953,1.1801147,-0.20309448
64311,-1.4154053,1.1308289,-0.019226074
64312,-1.5884399,1.0870361,0.061798096
64313,-1.5885925,1.1557007,0.086975098
64314,-1.7089844,1.0870361,0.17410278
64315,-1.7097473,1.1380005,0.11505127
64316,-1.7193604,1.1198425,0.1435852
64317,-1.6641235,1.0177612,0.30593872
64318,-1.8066406,0.86273193,0.38589478
64319,-1.8629456,0.85159302,0.27389526
64320,-1.8536377,0.96542358,0.36026001
64321,-1.8887329,0.85693359,0.36254883
64322,-1.8927002,0.75698853,0.36773682
64323,-1.8998718,1.3290405,0.39123535
64324,-1.9152832,0.86273193,0.48202515
64325,-1.9223022,0.88317871,0.43334961
64326,-1.9699097,0.78460693,0.53588867
64327,-1.8701172,0.68847656,0.50750732
64328,-1.960144,0.74203491,0.63598633
64329,-1.786499,0.69488525,0.61218262
64330,-1.9885254,0.68481445,0.66116333
64331,-2.0347595,0.63156128,0.81619263
64332,-1.6783142,0.59204102,0.80307007
64333,-1.884613,0.39047241,0.73898315
64334,-1.9841003,0.69610596,0.80078125
64335,-2.0222473,0.51940918,1.3789368
64336,-1.9833374,0.44754028,0.99151611
64337,-2.0413208,0.41427612,0.9463501
64338,-2.0593262,0.34042358,1.0224915
64339,-2.2203064,0.27770996,1.0966492
64340,-2.0449829,0.31478882,1.0400391
64341,-2.2674561,0.23635864,1.1968994
64342,-2.2303772,0.26046753,1.2271118
64343,-2.2717285,0.070800781,1.2663269
64344,-2.1932983,0.10864258,1.3223267
64345,-2.1994019,0.030212402,1.2272644
64346,-1.9476318,-0.12741089,1.3282776
64347,-1.7507935,-0.32669067,1.4448547
64348,-1.8989563,-0.28167725,1.4689636
64349,-1.9056702,-0.031738281,1.5406799
64350,-1.6667175,-0.26489258,1.5328979
64351,-1.6268921,-0.43548584,1.5162659
64352,-1.5351868,-0.4486084,1.4958191
64353,-1.7098999,-0.56808472,1.7195129
64354,-1.7698669,-0.37734985,1.7710876
64355,-1.7085266,-0.58334351,1.5919495
64356,-1.7228699,-0.7673645,1.6036987
64357,-1.914978,-0.68145752,1.631012
64358,-1.7495728,-0.76293945,1.7907715
64359,-1.7248535,-0.99441528,1.6976929
64360,-1.6520691,-1.1431885,1.6419983
64361,-1.5618896,-1.0850525,1.7463684
64362,-1.566925,-0.93688965,1.7274475
64363,-1.6427612,-1.1633301,1.6333008
64364,-1.3876343,-1.1889648,1.7408752
64365,-1.0571289,-0.99060059,1.920929
64366,-1.4720154,-1.3212585,1.8356323
64367,-1.401825,-1.6343689,1.8711853
64368,-1.4311218,-1.3484192,1.8859863
64369,-1.2319946,-1.3226318,1.8737793
64370,-0.97335815,-1.413269,1.8115234
64371,-1.0652161,-1.3751221,1.8873596
64372,-1.0972595,-1.3667297,1.8838501
64373,-1.6311646,-1.7211914,1.8338013
64374,-1.6609192,-1.6064453,1.9265747
64375,-1.159668,-1.4129639,1.7190552
64376,-1.075592,-1.5338135,1.7105103
64377,-1.0447693,-1.6333008,1.8286133
64378,-0.97366333,-1.6522217,1.7027283
64379,-0.80093384,-1.7076111,1.802063
64380,-0.75469971,-1.7788696,1.6799927
64381,-0.77484131,-1.8392944,1.8586731
64382,-0.79940796,-1.9424438,1.6146851
64383,-0.72219849,-1.9737244,1.7214966
64384,-0.65032959,-2.071991,1.519165
64385,-0.4548645,-2.0645142,1.5361023
64386,-0.39916992,-1.9259644,1.5014648
64387,-0.39291382,-1.9863892,1.6442871
64388,-0.3187561,-2.2770691,1.6497803
64389,-0.28869629,-2.2573853,1.5585327
64390,-0.16876221,-2.2521973,1.5362549
64391,-0.20843506,-2.0674133,1.5882874
64392,-0.21408081,-2.2363281,1.4080811
64393,-0.039520264,-2.172699,1.4659119
64394,-0.042419434,-2.2018433,1.5316772
64395,-0.02166748,-2.1377563,1.3520813
64396,0.043334961,-2.0918274,1.3504028
64397,0.10147095,-2.0530701,1.1911011
64398,0.15151978,-2.1379089,1.2945557
64399,0.24002075,-2.2981262,0.97183228
64400,0.14099121,-2.2717285,1.1376953
64401,0.11688232,-2.2003174,1.0273743
64402,0.33126831,-2.3455811,1.1616516
64403,0.33325195,-2.2329712,0.89431763
64404,0.42236328,-2.3556519,0.85983276
64405,0.44311523,-2.2102356,0.81237793
64406,0.50674438,-2.0689392,0.95153809
64407,0.41107178,-1.9152832,0.78765869
64408,0.56503296,-2.0916748,0.80841065
64409,0.546875,-2.1817017,0.67932129
64410,0.6918335,-2.0436096,0.6993103
64411,0.70617676,-2.2421265,0.58547974
64412,0.71502685,-2.2047424,0.56289673
64413,0.77514648,-2.2351074,0.46646118
64414,0.8493042,-2.1574402,0.46646118
64415,0.91262817,-2.2251892,0.5480957
64416,0.91247559,-2.1421814,0.46096802
64417,0.87722778,-2.0535278,0.37475586
64418,0.96221924,-2.0361328,0.33752441
64419,0.99365234,-2.0176697,0.30151367
64420,0.99456787,-1.9859314,0.30258179
64421,0.96740723,-1.8634033,0.14755249
64422,1.0212708,-1.9055176,0.085144043
64423,1.0443115,-1.8395996,0.013885498
64424,1.1010742,-1.7251587,-0.03112793
64425,1.0890198,-1.8676758,-0.06439209
64426,1.0601807,-1.8569946,-0.018463135
64427,1.1076355,-1.837616,-0.11077881
64428,1.0894775,-1.6470337,-0.25817871
64429,0.86730957,-1.5951538,-0.21575928
64430,1.2481689,-1.5510559,-0.27999878
64431,1.0449219,-1.4189148,-0.57952881
64432,1.0455322,-1.5206909,-0.31173706
64433,1.2919617,-1.3998413,-0.56350708
64434,1.1688232,-1.5452576,-0.62057495
64435,1.0258484,-1.3414001,-0.66131592
64436,1.192627,-1.4764404,-0.57312012
64437,1.1756897,-1.2553406,-0.49667358
64438,1.2127686,-1.1602783,-0.37811279
64439,1.162262,-1.1096191,-0.43731689
64440,1.0891724,-1.0806274,-0.66177368
64441,1.0159302,-1.1001587,-0.63781738
64442,1.0890198,-1.0877991,-0.64270019
64443,1.0070801,-1.1413574,-0.78735352
64444,1.0621643,-0.93856812,-1.0400391
64445,1.0292053,-0.9173584,-0.98754883
64446,0.97457886,-0.89630127,-0.89111328
64447,1.0047913,-0.89294434,-0.81451416
64448,1.0098267,-0.73440552,-1.0025024
64449,0.9689331,-0.62957764,-1.1151123
64450,1.0075378,-0.80596924,-1.003418
64451,0.89813232,-0.41992188,-1.0191345
64452,0.91964722,-0.44326782,-1.3624573
64453,0.92651367,-0.45730591,-1.1103821
64454,0.90942383,-0.54962158,-1.1790466
64455,0.86074829,0.62393188,-1.1813354
64456,0.7194519,-0.206604,-1.2593079
64457,0.78125,-0.20339966,-1.1802673
64458,0.74737549,-0.10498047,-1.151123
64459,0.74081421,-0.006866455,-1.2164307
64460,0.39154053,-0.27053833,-1.602478
64461,0.35705566,-0.33203125,-1.4215088
64462,0.34713745,-0.36315918,-1.5245056
64463,0.40176392,0.1248169,-1.4335632
64464,0.43884277,0.37490845,-1.3374329
64465,0.40969849,0.40908814,-1.5505981
64466,0.41534424,0.46920776,-1.474762
64467,0.33050537,0.49331665,-1.2356567
64468,0.27099609,0.47195435,-1.2710571
64469,0.23757935,0.48965454,-1.2524414
64470,0.30487061,0.59127808,-1.2371826
64471,0.19851685,0.64178467,-1.2336731
64472,0.000152588,0.59860229,-1.1883545
64473,0.053100586,0.67779541,-1.3801575
64474,0.10269165,0.58258057,-1.194458
64475,0.074157715,0.65673828,-1.4115906
64476,0.093231201,0.78308106,-1.2687683
64477,-0.06072998,0.85845947,-1.1611938
64478,-0.17593384,1.008606,-1.1262512
64479,-0.26168823,1.0261536,-1.1320496
64480,-0.27664185,1.0261536,-1.1528015
64481,-0.29663086,1.1152649,-0.95199585
64482,-0.2432251,1.1592102,-0.98922729
64483,-0.52062988,1.0897827,-0.9841919
64484,-0.34698486,1.1419678,-1.0305786
64485,-0.62057495,1.1576843,-1.0107422
64486,-0.71655273,1.0855103,-1.0144043
64487,-0.58609009,1.1428833,-1.0096741
64488,-0.69320679,1.1148071,-0.90835571
64489,-0.76156616,1.3163757,-1.0105896
64490,-0.83450317,1.4196777,-0.9753418
64491,-0.86410522,1.295929,-0.88867188
64492,-0.91705322,1.2721252,-0.86669922
64493,-0.97915649,1.211853,-0.71060181
64494,-0.8782959,1.2106323,-0.60394287
64495,-1.2887573,1.1909485,-0.65856934
64496,-1.2539673,1.4959717,-0.5430603
64497,-1.2776184,1.2667847,-0.60714722
64498,-1.321106,1.2644959,-0.47180176
64499,-1.3027954,1.3168335,-0.50598144
64500,-1.3856506,1.2670898,-0.22232056
64501,-1.476593,1.3435364,-0.28060913
64502,-1.383667,1.3038635,-0.209198
64503,-1.5238953,1.2161255,-0.22613525
64504,-1.6137695,1.1604309,-0.16189575
64505,-1.5620422,1.1376953,-0.13320923
64506,-1.598053,0.86669922,-0.42526245
64507,-1.7492676,1.02005,-0.27633667
64508,-1.6894531,1.126709,-0.09979248
64509,-1.8670654,1.09375,0.12298584
64510,-1.716156,1.3015747,-0.070800781
64511,-1.6368103,1.2036133,0.10543823
64512,-1.8785095,1.138916,0.16723633
64513,-1.7672729,1.0667419,0.22521973
64514,-1.8006897,1.0974121,0.13198853
64515,-1.8452454,1.0722351,0.47042847
64516,-1.9801331,0.80093384,0.37017822
64517,-2.0619202,0.86914063,0.55023193
64518,-2.1170044,0.94573975,0.5368042
64519,-2.0532227,0.86013794,0.2935791
64520,-1.9126892,0.78872681,0.56304932
64521,-2.081604,0.92590332,0.71090698
64522,-2.0817566,0.72418213,0.54412842
64523,-2.129364,0.72174072,0.64880371
64524,-2.1751404,0.69290161,0.7472229
64525,-2.0611572,0.72418213,0.78445435
64526,-2.1383667,0.57388306,0.88439941
64527,-2.2210693,0.73043823,0.88867188
64528,-2.3097229,0.74905396,0.96038818
64529,-2.3786926,0.70846558,0.94268799
64530,-2.4554443,0.4486084,1.03302
64531,-1.9927979,0.53604126,1.000061
64532,-2.5497437,0.41381836,0.79956055
64533,-2.2796631,0.35430908,1.0470581
64534,-2.5064087,0.40771484,1.245575
64535,-2.2937012,0.23498535,1.2353516
64536,-2.2050476,0.10284424,1.1195374
64537,-2.2387695,0.09979248,1.2417603
64538,-2.0135498,-0.16876221,1.1683655
64539,-2.0846558,-0.1008606,1.3989258
64540,-1.9735718,-0.15579224,1.4173889
64541,-1.937561,-0.080108643,1.4343262
64542,-2.0475769,-0.21392822,1.4941406
64543,-2.4308777,-0.1260376,1.4564514
64544,-1.9848633,-0.050811768,1.6043091
64545,-2.2402954,-0.13412476,1.7282104
64546,-2.0214844,-0.19134522,1.6944885
64547,-2.1046448,-0.51803589,1.6931152
64548,-2.127533,-0.60119629,1.6448975
64549,-1.648407,-0.47821045,1.7984009
64550,-2.0675659,-0.81665039,1.783905
64551,-1.8501282,-0.78704834,1.7449951
64552,-1.9487,-0.80429077,1.8374634
64553,-1.9010925,-0.77575684,1.9714355
64554,-1.8634033,-0.83450317,1.9596863
64555,-1.8792725,-0.97610474,1.7652893
64556,-2.0213318,-1.4434814,1.5975952
64557,-1.7245483,-1.2400818,1.9482422
64558,-1.6912842,-1.3298035,1.9334412
64559,-1.6592407,-1.3580322,1.787262
64560,-1.6348267,-1.5470886,1.9726563
64561,-1.7390442,-1.1836243,1.9351196
64562,-1.6708374,-1.247406,1.829834
64563,-1.9778442,-1.3500977,1.9970703
64564,-1.927948,-1.4093018,2.1308899
64565,-1.4195251,-1.6067505,2.024231
64566,-1.232605,-1.6651916,1.9650269
64567,-1.3064575,-1.756134,1.7663574
64568,-1.289978,-1.496582,2.2099304
64569,-1.4175415,-1.9511414,1.8505859
64570,-1.5805054,-1.5977478,2.2253418
64571,-1.4128113,-2.1955872,1.8595886
64572,-1.0075378,-1.9030762,1.9281006
64573,-0.87127685,-1.9390869,1.8899536
64574,-0.82366943,-1.8495178,1.8591309
64575,-0.7131958,-2.0193481,1.8995666
64576,-0.6362915,-2.0344543,1.8563843
64577,-0.66085815,-2.0420837,1.8969727
64578,-0.59555054,-2.0407104,2.0321655
64579,-0.64743042,-1.8887329,1.7993164
64580,-0.52185059,-1.9923401,1.8132019
64581,-0.52047729,-2.0075989,1.8806458
64582,-0.4586792,-2.2122192,1.8693542
64583,-0.37765503,-2.1652222,1.7475891
64584,-0.31478882,-2.0510864,1.7074585
64585,-0.32577515,-2.0281982,1.6667175
64586,-0.25924683,-2.1055603,1.5406799
64587,-0.21209717,-2.0681763,1.5257263
64588,-0.11352539,-2.1549988,1.5362549
64589,-0.087890625,-2.1749878,1.4405823
64590,0.007476807,-2.2286987,1.3122559
64591,0.020599365,-2.2563171,1.3404846
64592,-0.011901855,-2.1157837,1.3223267
64593,0.13504028,-2.15271,1.2789917
64594,0.22354126,-2.2291565,1.295929
64595,0.28549194,-2.3573303,1.3070679
64596,0.33157349,-2.4568176,1.3749695
64597,0.36270142,-2.5280762,1.3253784
64598,0.39642334,-2.4751282,1.0293579
64599,0.43304443,-2.5062561,1.0823059
64600,0.46951294,-2.4583435,1.1439514
64601,0.57449341,-2.3152161,0.85952759
64602,0.62484741,-2.205658,0.81375122
64603,0.71472168,-2.2671509,0.76446533
64604,0.75988769,-2.2930908,0.74584961
64605,0.72174072,-2.4093628,0.68313599
64606,0.69244385,-2.207489,0.74676514
64607,0.80932617,-2.2676086,0.71487427
64608,0.84564209,-2.3072815,0.69656372
64609,0.90957642,-2.432251,0.5657959
64610,0.8291626,-2.2692871,0.51040649
64611,0.88821411,-2.2155762,0.47027588
64612,0.96481323,-2.1687317,0.30700684
64613,1.1524963,-2.0779419,0.42892456
64614,1.0279846,-2.1751404,0.2885437
64615,1.0139465,-2.1751404,0.27679443
64616,1.1782837,-2.230835,0.17364502
64617,1.1141968,-2.1582031,0.13275147
64618,1.1878967,-1.9885254,0.051727295
64619,1.2896729,-1.8988037,0.069274902
64620,1.1178589,-1.933136,-0.093536377
64621,1.308136,-1.7549133,0.06652832
64622,1.1486816,-1.9221497,0.048522949
64623,1.2358093,-1.9892883,-0.041809082
64624,1.1912537,-1.7715454,-0.16372681
64625,1.2995911,-1.7092896,-0.29205322
64626,1.2759399,-1.7024231,-0.35140991
64627,1.2538147,-1.6143799,-0.262146
64628,1.3314819,-1.685791,-0.46737671
64629,1.3246155,-1.5393066,-0.53253174
64630,1.3647461,-1.4961243,-0.73196411
64631,1.4889526,-1.3343811,-0.70373535
64632,1.4283752,-1.3851929,-0.53222656
64633,1.2796021,-1.1250305,-0.60577393
64634,1.3365173,-1.3044739,-0.78201294
64635,1.4205933,-1.3607788,-0.72845459
64636,1.2739563,-1.1257935,-0.74630737
64637,1.1763,-1.1955261,-0.7498169
64638,1.2226868,-1.0862732,-0.98556519
64639,1.1358643,-1.1062622,-1.010437
64640,1.048584,-0.88378906,-0.96435547
64641,1.0871887,-0.91766357,-1.1129761
64642,1.1195374,-0.9034729,-1.0275269
64643,1.2930298,-0.81848144,-1.0301209
64644,1.1169434,-0.94940185,-1.1045837
64645,1.2402344,-0.97824097,-1.2530518
64646,1.2609863,-0.77331543,-1.1791992
64647,1.0803223,-0.61752319,-1.2597656
64648,1.0688782,-0.60134888,-1.2414551
64649,0.95901489,-0.56381226,-1.2692261
64650,1.0076904,-0.30487061,-1.2573242
64651,0.93551636,-0.27542114,-1.3157654
64652,0.92956543,-0.33813477,-1.4091492
64653,0.89614868,-0.29815674,-1.3034058
64654,0.87966919,-0.097351074,-1.3983154
64655,0.86883545,-0.01739502,-1.5020752
64656,0.8744812,-0.050506592,-1.3027954
64657,0.6652832,0.07232666,-1.4228821
64658,0.59158325,-0.12130737,-1.4860535
64659,0.64422607,0.0440979,-1.446228
64660,0.64987183,0.21362305,-1.4564514
64661,0.52185059,0.37750244,-1.5126038
64662,0.41259766,0.47607422,-1.4990234
64663,0.42694092,0.47622681,-1.3864136
64664,0.36132813,0.60745239,-1.7102051
64665,0.3553772,0.50552368,-1.3006592
64666,0.46386719,0.52871704,-1.255188
64667,0.35522461,0.64987183,-1.4120483
64668,0.3187561,0.730896,-1.4346313
64669,0.17288208,0.73257446,-1.3204956
64670,0.17654419,0.69519043,-1.2506104
64671,-0.063018799,0.71289063,-1.2071228
64672,-0.025177002,0.70587158,-1.1947632
64673,-0.007019043,0.76187134,-1.1453247
64674,-0.20019531,0.8984375,-1.2539673
64675,-0.26062012,1.0331726,-1.3072205
64676,-0.24551392,0.99441528,-1.2469482
64677,-0.28182983,1.0632324,-1.3204956
64678,-0.3112793,1.103363,-1.242218
64679,-0.39031982,1.072998,-1.2405396
64680,-0.43060303,1.2962341,-1.2083435
64681,-0.48370361,1.2767029,-1.1901855
64682,-0.63247681,1.2896729,-1.1584473
64683,-0.7170105,1.194458,-1.0110474
64684,-0.71533203,1.1351013,-1.1322021
64685,-0.74920654,1.0647583,-0.93887329
64686,-0.92926025,1.3031006,-0.82275391
64687,-0.86959839,1.4421082,-0.78598022
64688,-0.89904785,1.2083435,-0.80047607
64689,-1.022644,1.2498474,-0.68435669
64690,-1.0437012,1.3157654,-0.69259644
64691,-1.0404968,1.2728882,-0.81344604
64692,-1.0902405,1.1169434,-0.69519043
64693,-1.1219788,1.1526489,-0.68954468
64694,-1.260376,1.3345337,-0.54870606
64695,-1.1785889,1.2162781,-0.60699463
64696,-1.2863159,1.3839722,-0.53512573
64697,-1.4541626,1.4074707,-0.38665772
64698,-1.2702942,1.4205933,-0.35202026
64699,-1.2719727,1.3607788,-0.32012939
64700,-1.6673279,1.3215637,-0.25604248
64701,-1.5527344,1.308136,-0.17349243
64702,-1.6479492,0.71105957,-0.4524231
64703,-1.7147827,1.0133362,-0.27099609
64704,-1.5875244,1.1657715,-0.24414063
64705,-1.6943359,1.2052917,-0.10040283
64706,-1.9511414,1.1987305,0.075683594
64707,-1.9073486,1.1888123,0.25756836
64708,-1.8249512,1.063385,0.11291504
64709,-1.9989014,1.2298584,0.23284912
64710,-2.0036316,1.3475037,0.22476196
64711,-1.8167114,1.3145447,0.44677734
64712,-1.8922424,0.97930908,0.43334961
64713,-1.920166,1.2123108,0.35415649
64714,-2.0669556,1.1053467,0.53848267
64715,-2.0870972,0.98327637,0.63796997
64716,-2.0709229,0.92971802,0.65185547
64717,-2.0574951,1.0806274,0.67504883
64718,-2.2584534,0.55007935,0.68847656
64719,-2.154541,0.73318481,0.57388306
64720,-2.2174072,0.88317871,0.70587158
64721,-2.2595215,0.77575684,0.89904785
64722,-2.1902466,0.64910889,0.77819824
64723,-2.3036194,0.55358887,0.86914063
64724,-2.0465088,0.59143066,0.95108032
64725,-2.1087646,0.38375855,0.97885132
64726,-2.4964905,0.46539307,1.0192871
64727,-2.1728516,0.58944702,1.0839844
64728,-1.9906616,0.39764404,1.1677551
64729,-2.1191406,0.35964966,1.2451172
64730,-2.1748352,0.23757935,1.1358643
64731,-2.2889709,0.22644043,1.0379028
64732,-2.2377014,0.14526367,1.1419678
64733,-2.4145508,0.20355225,1.4054871
64734,-2.1231079,0.10528565,1.3760376
64735,-2.3139954,0.055084229,1.2910461
64736,-2.2602844,-0.01373291,1.4794922
64737,-1.9248962,-0.09185791,1.444397
64738,-1.8966675,-0.078125,1.4796448
64739,-2.0475769,-0.14648438,1.6760254
64740,-1.8377686,-0.30029297,1.5753174
64741,-1.8029785,-0.31188965,1.7456055
64742,-2.2155762,-0.44158936,1.854248
64743,-1.9238281,-0.43914795,1.8560791
64744,-1.9309998,-0.53237915,1.751709
64745,-1.7912292,-0.64590454,1.7756653
64746,-2.0936584,-0.75698853,1.8769836
64747,-2.069397,-0.74234009,1.8807983
64748,-2.0202637,-0.93048096,1.8537903
64749,-1.8185425,-0.91766357,1.8457031
64750,-1.8045044,-0.97457886,1.9976807
64751,-1.8867493,-0.96191406,1.9215393
64752,-1.7980957,-1.0292053,1.9338989
64753,-1.6929626,-1.0256958,1.9647217
64754,-1.7280579,-1.0774231,2.0210266
64755,-1.6453552,-1.1959839,1.8400574
64756,-1.6166687,-1.3560486,1.9061279
64757,-1.7393494,-1.3043213,2.0455933
64758,-1.5872192,-1.3352966,2.1438599
64759,-1.5171814,-1.3209534,1.9250488
64760,-1.3414001,-1.1030579,1.9709778
64761,-1.3284302,-1.2850952,2.1316528
64762,-1.2904358,-1.2882996,1.9969177
64763,-1.4535522,-1.7025757,2.0767212
64764,-1.118927,-1.6423035,1.9850159
64765,-1.0369873,-1.5646362,1.9801331
64766,-1.1917114,-1.7337036,1.8426514
64767,-1.3131714,-1.741333,1.9563293
64768,-1.1932373,-1.7463684,1.8984985
64769,-1.1810303,-1.6619873,2.0036316
64770,-1.0237122,-1.7964172,2.0474243
64771,-0.96633911,-1.870575,1.897583
64772,-1.1129761,-1.9015503,1.9023132
64773,-0.93063354,-1.8421936,1.975708
64774,-0.67550659,-1.9554138,2.0700073
64775,-0.65628052,-1.8617249,1.8933105
64776,-0.4536438,-1.9013977,1.8157959
64777,-0.53817749,-2.0458984,1.8087769
64778,-0.45562744,-2.0756531,1.673584
64779,-0.29663086,-2.1110535,1.6928101
64780,-0.15853882,-2.1659851,1.7384338
64781,-0.1789856,-2.2969055,1.8527222
64782,-0.14526367,-2.2273254,1.566925
64783,-0.24047852,-2.1076965,1.6815186
64784,-0.16067505,-2.2357178,1.7051697
64785,-0.1713562,-2.3919678,1.5927124
64786,-0.025634766,-2.4369812,1.4582825
64787,0.15045166,-2.3298645,1.5519714
64788,0.05569458,-2.3233032,1.46698
64789,0.09765625,-2.2476196,1.3201904
64790,0.2003479,-2.4697876,1.2759399
64791,0.27832031,-2.3834229,1.3996887
64792,0.27130127,-2.1903992,1.3269043
64793,0.22628784,-2.4026489,1.2135315
64794,0.28152466,-2.2755432,1.0888672
64795,0.47058106,-2.3800659,1.078949
64796,0.55908203,-2.3898315,1.0212708
64797,0.46417236,-2.3919678,1.0696411
64798,0.5430603,-2.3136902,0.9967041
64799,0.62438965,-2.2814941,0.94604492
64800,0.70068359,-2.4357605,0.79833984
64801,0.62561035,-2.2496033,0.84503174
64802,0.72967529,-2.2996521,0.77804565
64803,0.83618164,-2.4687195,0.51727295
64804,0.8430481,-2.3666382,0.58914185
64805,0.90744019,-2.3179626,0.58944702
64806,0.78460693,-2.3014832,0.49880981
64807,0.88470459,-2.2787476,0.47302246
64808,0.98815918,-2.2253418,0.39855957
64809,1.1274719,-2.2692871,0.4524231
64810,1.0324097,-2.1139526,0.31616211
64811,1.0720825,-2.3202515,0.13366699
64812,1.089325,-2.1188354,0.11993408
64813,1.2158203,-2.096405,0.13366699
64814,1.3069153,-1.9200134,0.24246216
64815,1.2838745,-1.7111206,0.083618164
64816,1.2260437,-2.0257568,-0.13122559
64817,1.2097168,-1.8943787,-0.11795044
64818,1.3035584,-1.8119812,-0.16876221
64819,1.3523865,-1.8969727,-0.27313232
64820,1.3339233,-1.8200684,-0.45501709
64821,1.3867188,-1.8908691,-0.3012085
64822,1.3739014,-1.8392944,-0.26550293
64823,1.3871765,-1.8278503,-0.40817261
64824,1.4155579,-1.6799927,-0.365448
64825,1.3780212,-1.7210388,-0.24642944
64826,1.2902832,-1.5713501,-0.32836914
64827,1.3162231,-1.4016724,-0.50048828
64828,1.2564087,-1.3414001,-0.59631348
64829,1.3031006,-1.2849426,-0.67840576
64830,1.1784363,-1.2016296,-0.63842773
64831,1.3499451,-1.28479,-0.66558838
64832,1.2561035,-1.302948,-0.56060791
64833,1.313324,-1.1720276,-0.85067749
64834,1.3475037,-0.99243164,-0.89828491
64835,1.3571167,-0.91384888,-0.86639404
64836,1.2846375,-0.91247559,-0.89431763
64837,1.3008118,-0.88256836,-0.91125488
64838,1.1849976,-0.84121704,-1.1019897
64839,1.0983276,-0.7498169,-0.93002319
64840,1.1911011,-0.84411621,-0.95977783
64841,1.2110901,-0.7901001,-1.1528015
64842,1.1817932,-0.65612793,-1.0316467
64843,1.2716675,-0.64819336,-1.1639404
64844,1.0682678,-0.48843384,-1.2091064
64845,0.89294434,-0.52612305,-1.1871338
64846,0.99456787,-0.29922485,-1.1186218
64847,0.94329834,-0.2784729,-1.3238525
64848,0.95306397,-0.17578125,-1.2287903
64849,0.94299316,-0.18081665,-1.4715576
64850,0.81802368,-0.2470398,-1.4041138
64851,0.85510254,-0.18981934,-1.4735413
64852,0.86166382,0.001678467,-1.456604
64853,1.0902405,0.14251709,-1.7015076
64854,0.54290772,-0.20843506,-1.5911865
64855,0.63171387,0.030670166,-1.6493225
64856,0.72387695,0.28823853,-1.436615
64857,0.52978516,0.33706665,-1.3316345
64858,0.6716919,0.26123047,-1.2443542
64859,0.6477356,0.26275635,-1.3253784
64860,0.56030273,0.38131714,-1.4599609
64861,0.45120239,0.48812866,-1.4956665
64862,0.50979614,0.42404175,-1.4030457
64863,0.36407471,0.53771973,-1.3700867
64864,0.18630981,0.62072754,-1.2509155
64865,0.30441284,0.75698853,-1.3800049
64866,0.22094727,0.73928833,-1.3789368
64867,0.012969971,0.74768066,-1.4683533
64868,0.005493164,0.73944092,-1.4450073
64869,-0.007324219,0.79147339,-1.4451599
64870,-0.1008606,0.88378906,-1.2744141
64871,-0.19927978,0.85693359,-1.2841797
64872,-0.29296875,0.86929321,-1.2440491
64873,-0.25039673,0.93154907,-1.1837769
64874,-0.061187744,0.98571777,-1.1193848
64875,-0.23117065,0.89309692,-0.9602356
64876,-0.3465271,1.0768127,-1.1416626
64877,-0.44021606,1.1547852,-1.1633301
64878,-0.43289185,1.1828613,-1.1074829
64879,-0.6552124,1.2724304,-1.0281372
64880,-0.76751709,1.4089966,-1.0482788
64881,-0.88897705,1.2588501,-1.1036682
64882,-0.78186035,1.3748169,-1.0594177
64883,-0.88043213,1.2275696,-1.09375
64884,-0.76049805,1.3952637,-0.98846435
64885,-1.0676575,1.3075256,-0.85479736
64886,-0.96374512,1.4710999,-1.0148621
64887,-1.0566711,1.504364,-0.73425293
64888,-1.1663818,1.6592407,-0.67687988
64889,-1.209259,1.4025879,-0.73562622
64890,-1.3409424,1.424408,-0.55419922
64891,-1.3597107,1.3201904,-0.51757813
64892,-1.4634705,1.3345337,-0.46417236
64893,-1.5925598,1.5080261,-0.48995972
64894,-1.5286255,1.4306641,-0.60455322
64895,-1.5556335,1.3900757,-0.41900635
64896,-1.5480041,1.3139343,-0.38513184
64897,-1.5364075,1.4717102,-0.42282105
64898,-1.6500854,1.4422607,-0.43792725
64899,-1.5814209,1.3032532,-0.47103882
64900,-1.6804504,1.1645508,-0.22277832
64901,-1.5364075,1.242981,-0.15609741
64902,-1.7245483,1.3664246,-0.089569092
64903,-1.6299438,1.3922119,-0.004882813
64904,-1.8577576,1.3127136,0.20019531
64905,-1.8978882,1.2963867,-0.019073486
64906,-1.9630432,1.1383057,0.12588501
64907,-1.9168091,1.1637878,0.17333984
64908,-1.9668579,1.1804199,0.27770996
64909,-1.9017029,1.2509155,0.37002564
64910,-2.0339966,1.1372375,0.27862549
64911,-1.9671631,1.1203003,0.39749145
64912,-2.0385742,0.98052978,0.44891357
64913,-2.1176147,0.99975586,0.39581299
64914,-2.0256042,0.99563599,0.51437378
64915,-2.2418213,0.9451294,0.51528931
64916,-2.1986389,0.91323853,0.67962647
64917,-2.2698975,0.77056885,0.81390381
64918,-2.2718811,1.6371155,0.74829102
64919,-2.2660828,0.91430664,0.97320557
64920,-2.2576904,0.97351074,0.91094971
64921,-2.374115,0.74157715,0.83999634
64922,-2.3522949,0.74905396,0.81604004
64923,-2.1934509,0.82550049,0.9072876
64924,-2.3420715,0.67459106,0.94894409
64925,-2.3347473,0.61355591,1.013031
64926,-2.2189331,0.61447144,1.2741089
64927,-2.3753357,0.35064697,1.3883972
64928,-2.2387695,0.32211304,1.2440491
64929,-2.2625732,0.45593262,1.3552856
64930,-2.2813416,0.27496338,1.6027832
64931,-2.481842,0.21133423,1.5185547
64932,-2.1847534,0.1473999,1.5078735
64933,-2.0574951,0.018920898,1.6229248
64934,-2.3251343,-0.0730896,1.5435791
64935,-2.3446655,-0.097351074,1.5591431
64936,-2.2773743,-0.27359009,1.5687561
64937,-2.22229,-0.22140503,1.6822815
64938,-2.401123,-0.35079956,1.7489624
64939,-2.0057678,-0.2734375,1.592865
64940,-2.1063232,-0.3163147,1.7988586
64941,-1.9659424,-0.24169922,1.787262
64942,-2.0877075,-0.52658081,1.842804
64943,-2.0153809,-0.55679321,1.8429565
64944,-1.879425,-0.51116943,1.9030762
64945,-1.9499207,-0.61553955,1.9857788
64946,-1.9337463,-0.78369141,1.7663574
64947,-1.8908691,-0.77285767,1.8028259
64948,-1.8734741,-0.69595337,1.9503784
64949,-1.9416809,-0.69732666,2.0043945
64950,-1.8414307,-0.87112427,1.9685364
64951,-1.6726685,-0.96878052,1.9454956
64952,-1.7683411,-0.96939087,1.9265747
64953,-1.64505,-1.0263062,2.0710754
64954,-1.5238953,-1.2258911,2.1318054
64955,-1.5882874,-1.2438965,2.3252869
64956,-1.6143799,-1.2767029,2.1138
64957,-1.3566589,-1.2419128,2.2106934
64958,-1.6770935,-1.3815308,2.1520996
64959,-1.3591003,-1.2574768,2.0046997
64960,-1.4663696,-1.3136291,2.1211243
64961,-1.4129639,-1.8557739,1.7849731
64962,-1.3647461,-1.8469238,1.9189453
64963,-1.3121033,-1.8537903,1.9825745
64964,-1.114502,-1.8125916,2.1212769
64965,-1.1512756,-1.9247437,1.8797302
64966,-1.2194824,-1.9477844,2.0231628
64967,-0.92666626,-1.8656921,1.9918823
64968,-0.9147644,-1.761322,2.0510864
64969,-0.89141846,-1.9218445,1.9396973
64970,-0.8039856,-1.8998718,2.0619202
64971,-0.82946777,-1.9367981,1.9714355
64972,-0.74752808,-1.9895935,2.0193481
64973,-0.63812256,-1.9604492,1.8765259
64974,-0.63140869,-2.0567322,1.9189453
64975,-0.5519104,-2.1247864,1.8859863
64976,-0.49346924,-2.1403503,1.7720032
64977,-0.4246521,-2.2315979,1.7825317
64978,-0.34881592,-2.2163391,1.7720032
64979,-0.2935791,-2.1540833,1.5945435
64980,-0.25650024,-2.2280884,1.6183472
64981,-0.28717041,-2.1395874,1.6314697
64982,-0.19958496,-2.2805786,1.6618347
64983,-0.14770508,-2.3301697,1.6755676
64984,-0.065765381,-2.4217224,1.6194153
64985,-0.067901611,-2.3651123,1.5908813
64986,-0.006256104,-2.3918152,1.5286255
64987,0.043945313,-2.4197388,1.4671326
64988,0.17959595,-2.459259,1.4801025
64989,0.25253296,-2.41745,1.5339661
64990,0.23880005,-2.4160767,1.308136
64991,0.31692505,-2.4620056,1.2214661
64992,0.39535522,-2.5302124,1.2562561
64993,0.39916992,-2.477417,1.1685181
64994,0.48034668,-2.2415161,1.1264038
64995,0.59616089,-2.3265076,1.0224915
64996,0.54763794,-2.4739075,0.88516235
64997,0.54748535,-2.4520874,0.96252441
64998,0.67184448,-2.6139832,0.95794678
64999,0.71365356,-2.4401855,0.8757019
65000,0.77651978,-2.4954224,0.80413818
65001,0.84289551,-2.4401855,0.72082519
65002,0.80688477,-2.4055481,0.69458008
65003,0.80413818,-2.2377014,0.54244995
65004,0.83465576,-2.2581482,0.60150147
65005,0.95687866,-2.2169495,0.57983398
65006,0.9815979,-2.1401978,0.46875
65007,1.0095215,-2.1833801,0.43899536
65008,1.0107422,-2.1386719,0.3175354
65009,0.96221924,-1.9851685,0.33599853
65010,1.0113525,-2.0205688,0.26809692
65011,1.0845947,-2.1673584,0.24902344
65012,1.0708618,-2.1238708,0.033111572
65013,1.1456299,-2.1209717,0.17150879
65014,1.1421204,-1.9160461,0.008544922
65015,1.247406,-1.8765259,-0.028076172
65016,1.1074829,-1.7549133,0.000457764
65017,1.1990356,-1.8452454,-0.1826477
65018,1.2588501,-1.7906189,-0.12008667
65019,1.2741089,-1.8563843,-0.16799927
65020,1.2173462,-1.6989136,-0.23956299
65021,1.1990356,-1.8496704,-0.35354614
65022,1.2130737,-1.8295288,-0.33096314
65023,1.2947083,-1.6447449,-0.48019409
65024,1.1958313,-1.6802979,-0.38009644
65025,1.390686,-1.6697693,-0.47073364
65026,1.1752319,-1.5673828,-0.54931641
65027,1.3700867,-1.730957,-0.60043335
65028,1.1860657,-1.381073,-0.56945801
65029,1.321106,-1.2113953,-0.65917969
65030,1.290741,-1.3163757,-0.68878174
65031,1.1618042,-1.1366272,-0.64697266
65032,1.2524414,-1.217804,-0.79376221
65033,1.4025879,-1.0353088,-0.859375
65034,1.1917114,-1.0549927,-0.82122803
65035,1.4126587,-1.0003662,-0.96054077
65036,1.1982727,-0.95916748,-1.0073853
65037,1.2365723,-0.83587647,-0.96054077
65038,1.2606812,-0.730896,-1.0586548
65039,1.2786865,-0.7421875,-0.98724365
65040,1.15448,-0.66177368,-1.0087585
65041,1.1099243,-0.57479858,-1.1019897
65042,1.0881042,-0.5166626,-1.1676025
65043,1.0426331,-0.47607422,-1.1465454
65044,0.99182129,-0.44525147,-1.2702942
65045,0.97747803,-0.4498291,-1.3812256
65046,0.96420288,-0.19195557,-1.1653137
65047,0.91690063,-0.20126343,-1.3014221
65048,1.098938,-0.28289795,-1.3337708
65049,0.79071045,-0.31860352,-1.2733459
65050,0.82321167,1.1016846,-1.4234924
65051,0.83770752,-0.10009766,-1.2109375
65052,0.70953369,0.03112793,-1.3241577
65053,0.45120239,-0.38467407,-1.105957
65054,0.37353516,-0.25909424,-1.4398193
65055,0.52444458,-0.24414063,-1.415863
65056,0.50628662,-0.026702881,-1.4189148
65057,0.43289185,0.14724731,-1.5623474
65058,0.54367065,0.35064697,-1.4697266
65059,0.53375244,0.4776001,-1.5463257
65060,0.51712036,0.34759522,-1.4958191
65061,0.38742065,0.42785644,-1.6426086
65062,0.44387817,0.5506897,-1.5258789
65063,0.33020019,0.52734375,-1.2982178
65064,0.12390137,0.52780151,-1.3598633
65065,0.17028809,0.65567017,-1.4903259
65066,0.16189575,0.80291748,-1.4318848
65067,0.1361084,0.82199097,-1.2908936
65068,-0.004882813,0.90545654,-1.2841797
65069,0.14480591,0.70755005,-1.4065552
65070,-0.28869629,0.84777832,-1.3832092
65071,-0.20401001,0.93154907,-1.4784241
65072,-0.32180786,0.86196899,-1.3256836
65073,-0.28411865,0.91567993,-1.222229
65074,-0.45150757,1.1245728,-1.0960388
65075,-0.64071655,1.053009,-1.0481262
65076,-0.59387207,1.0916138,-1.0771179
65077,-0.62042236,1.2364197,-1.0652161
65078,-0.66375732,1.2284851,-1.2109375
65079,-0.753479,1.2864685,-0.9803772
65080,-0.78536987,1.1557007,-0.75714111
65081,-0.67825317,1.2168884,-0.82290649
65082,-0.90530396,1.2188721,-1.0115051
65083,-0.9236145,1.0466003,-0.89309692
65084,-0.87127685,1.2634277,-0.8555603
65085,-0.76553345,1.3075256,-0.79895019
65086,-1.1912537,1.1714172,-0.69580078
65087,-1.0517883,1.1686707,-0.70220947
65088,-1.0063171,1.252594,-0.61889648
65089,-0.98846435,1.2992859,-0.57174683
65090,-1.2268066,1.4471436,-0.48187256
65091,-1.2625122,1.2623596,-0.33447266
65092,-1.2693787,1.4587402,-0.36361694
65093,-1.3035584,1.2236023,-0.28045654
65094,-1.4022827,1.3615417,-0.28656006
65095,-1.6609192,0.77789307,-0.64743042
65096,-1.6612244,1.2484741,-0.2444458
65097,-1.6275024,1.2202454,-0.13809204
65098,-1.6181946,1.1026001,-0.1361084
65099,-1.7236328,1.1891174,-0.006408691
65100,-1.5264893,1.1950684,-0.035247803
65101,-1.6308594,1.3111877,-0.184021
65102,-1.5203857,1.0769653,0.036621094
65103,-1.7085266,1.2731934,0.1713562
65104,-1.6755676,1.2020874,0.098114014
65105,-1.8011475,1.2800598,0.088043213
65106,-1.8341064,1.287384,0.26733398
65107,-1.9871521,1.2063599,0.33615112
65108,-1.9473267,1.1210632,0.20187378
65109,-2.0068359,1.197052,0.24658203
65110,-1.8981934,1.0180664,0.40618897
65111,-1.8658447,1.0360718,0.4069519
65112,-1.8971252,0.92437744,0.45059204
65113,-1.9474792,0.84960938,0.52124023
65114,-2.000885,0.78491211,0.63934326
65115,-1.9458008,0.73776245,0.62347412
65116,-1.9866943,1.9795227,0.72921753
65117,-1.9538879,0.79238892,0.67016602
65118,-2.144165,0.67520142,0.88973999
65119,-2.1972656,0.83740234,0.86303711
65120,-2.1278381,0.63552856,0.98907471
65121,-2.1339417,0.59234619,1.0580444
65122,-2.0550537,0.41259766,0.98266602
65123,-2.0326233,0.3968811,0.97763062
65124,-2.0831299,0.44067383,1.0044861
65125,-2.0513916,0.3503418,0.98266602
65126,-2.1473694,0.41915894,1.1643982
65127,-2.0948792,0.36880493,0.81451416
65128,-1.8733215,0.25146484,1.2768555
65129,-2.011261,0.10803223,1.2362671
65130,-2.073822,0.03616333,1.2908936
65131,-2.0721436,0.018310547,1.6149902
65132,-2.0597839,-0.14144898,1.602478
65133,-2.0730591,0.040130615,1.6003418
65134,-2.0994568,-0.22369385,1.451416
65135,-2.1755981,-0.2041626,1.6203308
65136,-1.9656372,-0.3805542,1.5379334
65137,-1.9290161,-0.22521973,1.6062927
65138,-2.0199585,-0.2305603,1.6221619
65139,-1.9761658,-0.21392822,1.5493774
65140,-2.0895386,-0.51116943,1.4657593
65141,-1.9400024,-0.40863037,1.7108154
65142,-1.9132996,-0.50643921,1.6802979
65143,-2.0372009,-0.63781738,1.7883301
65144,-1.8481445,-0.83999634,1.9293213
65145,-2.0445251,-0.94558716,1.8688965
65146,-1.8183899,-0.78765869,1.8824768
65147,-1.7630005,-0.63674927,1.905365
65148,-1.6104126,-1.121521,1.786499
65149,-1.8275452,-1.14151,1.7622375
65150,-1.7803955,-1.0411072,1.867981
65151,-1.521759,-1.1869812,1.7939758
65152,-1.4476013,-1.2452698,1.7353821
65153,-1.6867065,-1.3430786,1.7321777
65154,-1.4582825,-1.3571167,1.6986084
65155,-1.4076233,-1.3288879,1.7922974
65156,-1.3729858,-1.1352539,1.9960022
65157,-1.4117432,-1.2792969,1.9415283
65158,-1.3562012,-1.3777161,1.8533325
65159,-1.0862732,-1.3668823,1.8063354
65160,-1.1582947,-1.3731384,1.8075562
65161,-1.1961365,-1.4923096,1.9758606
65162,-1.0345459,-1.6842651,1.8585205
65163,-1.1143494,-1.7736816,1.942749
65164,-0.93383789,-1.7997742,1.8464661
65165,-1.1332703,-1.8389893,1.8811035
65166,-0.73532104,-1.8544006,1.8707275
65167,-0.97229004,-1.7326355,1.6700745
65168,-0.8354187,-1.8664551,1.9465637
65169,-0.77682495,-1.8891907,1.995697
65170,-0.83969116,-1.9584656,1.8598938
65171,-0.66955566,-1.8534851,1.7718506
65172,-0.56549072,-2.0201111,1.6471863
65173,-0.45440674,-1.9029236,1.7863464
65174,-0.50445557,-2.1377563,1.7591858
65175,-0.42984009,-2.0907593,1.65802
65176,-0.28823853,-2.1377563,1.4865112
65177,-0.30761719,-2.2410583,1.4839172
65178,-0.26489258,-2.124939,1.4263916
65179,-0.23651123,-1.9784546,1.5945435
65180,-0.12252808,-2.1821594,1.4779663
65181,-0.073547363,-2.2964478,1.4208984
65182,-0.010528564,-2.2174072,1.3969421
65183,-0.006866455,-2.0996094,1.2402344
65184,0.10696411,-2.2319031,1.2512207
65185,0.14282227,-2.2142029,1.2736511
65186,0.23040772,-2.1864319,1.1541748
65187,0.22491455,-2.2116089,1.3119507
65188,0.21560669,-2.1977234,1.2327576
65189,0.17562866,-2.1878052,1.1235046
65190,0.20309448,-2.1243286,1.0980225
65191,0.36392212,-2.2251892,1.1479187
65192,0.23498535,-2.1118164,0.86898804
65193,0.33081055,-2.1777344,0.96435547
65194,0.42678833,-2.1665955,0.84060669
65195,0.47729492,-2.0779419,0.65170288
65196,0.55084228,-2.0455933,0.6880188
65197,0.40466309,-2.1711731,0.69122315
65198,0.61019897,-2.146759,0.69091797
65199,0.61035156,-2.2058105,0.70373535
65200,0.652771,-2.1765137,0.51132202
65201,0.68847656,-2.0040894,0.43609619
65202,0.73791504,-2.0120239,0.52841187
65203,0.85327148,-2.0202637,0.32791138
65204,0.77255249,-1.5939331,0.33676147
65205,0.85983276,-2.073822,0.21438599
65206,0.81726074,-2.1057129,0.1914978
65207,0.85159302,-2.0620728,0.16860962
65208,1.0469055,-1.9793701,0.17654419
65209,0.96252441,-1.9047546,0.18676758
65210,0.78582764,-1.9749451,0.15884399
65211,0.89492798,-1.8829346,0.010681152
65212,1.0890198,-1.9761658,-0.017700195
65213,1.0112,-1.9688416,0.042266846
65214,1.0514832,-1.9224548,0.022583008
65215,1.1221313,-1.7495728,-0.1020813
65216,1.0266113,-1.474762,-0.091247559
65217,1.0409546,-1.7053223,-0.32150269
65218,1.0441589,-1.7166138,-0.42190552
65219,1.1528015,-1.6604614,-0.43395996
65220,1.2692261,-1.6320801,-0.29479981
65221,1.2734985,-1.506958,-0.38970947
65222,0.96939087,-1.5364075,-0.45227051
65223,1.2835693,-1.2808228,-0.5317688
65224,1.1169434,-1.3365173,-0.46234131
65225,0.98709106,-1.3426209,-0.46798706
65226,1.0035706,-1.1871338,-0.64651489
65227,1.1747742,-1.3273621,-0.71273804
65228,1.2075806,-1.2869263,-0.81985474
65229,1.0247803,-1.2600708,-0.70587158
65230,1.1877441,-1.159668,-0.80047607
65231,1.0357666,-0.93963623,-0.73608398
65232,0.96694946,-0.78582764,-0.91506958
65233,1.1079407,-0.83312988,-0.9022522
65234,1.0345459,-0.80596924,-0.94528198
65235,1.0272217,-0.78643799,-0.96481323
65236,0.92956543,-0.63293457,-0.87783813
65237,0.85113525,-0.63186646,-0.88882446
65238,0.8883667,-0.5065918,-1.0473633
65239,0.93582153,-0.5947876,-1.0507202
65240,0.91339111,-0.41152954,-1.050415
65241,0.8744812,-0.43807983,-1.1231995
65242,0.84625244,-0.39886475,-1.0652161
65243,0.83084106,-0.35751343,-1.318512
65244,0.96435547,-0.28198242,-1.2561035
65245,0.79101563,-0.22644043,-1.1784363
65246,0.79833984,-0.15457153,-1.1030579
65247,0.6552124,-0.45318603,-1.2173462
65248,0.74691772,1.103363,-1.3357544
65249,0.68756103,-0.11535645,-1.4279175
65250,0.41061401,-0.34286499,-1.555481
65251,0.71792603,-0.23925781,-1.3328552
65252,0.47119141,-0.02532959,-1.3803101
65253,0.33462524,0.26672363,-1.161499
65254,0.42510986,0.33279419,-0.99578857
65255,0.2180481,0.37506103,-1.197052
65256,0.27404785,0.29556274,-1.2359619
65257,0.20507813,0.32821655,-1.1619568
65258,0.20202637,0.43228149,-1.3082886
65259,0.20462036,0.30288696,-1.3471985
65260,0.030670166,0.38238525,-1.502533
65261,-0.061645508,0.50964356,-1.1868286
65262,-0.16296387,0.49987793,-1.194458
65263,0.057525635,0.68954468,-1.1831665
65264,-0.06942749,0.72006226,-1.1683655
65265,-0.22720337,0.80383301,-1.1483765
65266,-0.36468506,0.80657959,-1.0391235
65267,-0.23895264,0.69793701,-1.1849976
65268,-0.35614014,0.8215332,-1.0917664
65269,-0.39550781,0.89477539,-1.1865234
65270,-0.36682129,0.83770752,-1.2179565
65271,-0.60775757,0.8366394,-1.0514832
65272,-0.57693481,0.79208374,-1.0925293
65273,-0.45669556,1.0575867,-1.0531616
65274,-0.74874878,1.0221863,-0.88607788
65275,-0.6942749,1.0586548,-1.0856628
65276,-0.66162109,1.0005188,-0.99914551
65277,-0.69366455,1.0900879,-1.007843
65278,-0.80245972,1.072998,-1.0327148
65279,-0.76263428,0.88378906,-0.84655762
65280,-0.87554932,1.0533142,-0.68939209
65281,-0.80383301,1.0565186,-0.50628662
65282,-0.83801269,1.1605835,-0.65734863
65283,-0.83190918,1.2268066,-0.57418823
65284,-0.94192505,1.1836243,-0.56762695
65285,-1.1131287,1.0646057,-0.47332764
65286,-1.1502075,1.1218262,-0.49072266
65287,-1.2593079,1.0801697,-0.35064697
65288,-1.0951233,1.1470032,-0.3704834
65289,-1.2536621,1.0510254,-0.27648926
65290,-1.1791992,1.149292,-0.30502319
65291,-1.534729,0.75836182,-0.52825928
65292,-1.5106201,1.1987305,-0.17044067
65293,-1.3835144,1.1148071,-0.13671875
65294,-1.5115356,1.0527039,0.037536621
65295,-1.5524292,1.1460876,-0.040130615
65296,-1.5931702,0.98968506,-0.057983398
65297,-1.627655,1.1322021,-0.081176758
65298,-1.8739319,1.071167,0.11383057
65299,-1.7210388,0.98083496,0.12527466
65300,-1.7297363,1.0940552,0.14831543
65301,-1.6853333,1.0295105,0.33706665
65302,-1.8786621,1.0290527,0.42373657
65303,-1.9250488,1.0441589,0.3527832
65304,-1.8992615,1.0255432,0.44952393
65305,-1.934967,0.95321655,0.57296753
65306,-1.9664001,0.99685669,0.56137085
65307,-1.9754028,1.0023499,0.62255859
65308,-1.9969177,0.81085205,0.675354
65309,-2.0155334,0.86914063,0.72998047
65310,-2.016449,0.74905396,0.74996948
65311,-2.0635986,0.79971313,0.75256348
65312,-2.1304321,0.74707031,0.78811646
65313,-2.1087646,0.67932129,0.73669434
65314,-2.0478821,0.990448,0.87646484
65315,-1.9049072,0.70648193,0.83312988
65316,-1.99646,0.47637939,0.78796387
65317,-1.8406677,0.42800903,0.88287353
65318,-2.0054626,0.38391113,0.93582153
65319,-2.1260071,0.41030884,1.0792541
65320,-1.9241333,0.38085938,1.2104797
65321,-2.0065308,0.38619995,1.036377
65322,-2.0550537,0.071258545,0.89706421
65323,-2.0193481,0.1083374,1.100769
65324,-1.973114,0.13839722,1.1836243
65325,-2.0219421,-0.045318604,1.3378906
65326,-2.0698547,-0.13916016,1.1366272
65327,-2.0065308,-0.053253174,1.2142944
65328,-1.9114685,-0.10406494,1.18927
65329,-2.0860291,-0.30502319,1.3290405
65330,-2.0359802,-0.3074646,1.386261
65331,-2.0527649,-0.35186768,1.4321899
65332,-1.9857788,-0.43533325,1.6737366
65333,-1.8405151,-0.34667969,1.5986633
65334,-1.8193054,-0.3465271,1.5544128
65335,-1.7774963,-0.49865723,1.5576172
65336,-1.6517639,-0.53359985,1.5544128
65337,-1.7733765,-0.51437378,1.6345215
65338,-1.7008972,-0.79040527,1.5249634
65339,-1.7778015,-0.78399658,1.6629028
65340,-1.5942383,-0.76599121,1.8077087
65341,-1.7022705,-0.91064453,1.7634583
65342,-1.4286804,-1.3127136,1.6654968
65343,-1.5386963,-0.97885132,1.6896057
65344,-1.5615845,-0.99029541,1.8353271
65345,-1.6644287,-0.89096069,1.8942261
65346,-1.5763855,-1.0652161,1.8048096
65347,-1.6351318,-1.2763977,1.7329407
65348,-1.628418,-1.3534546,1.6505432
65349,-1.587677,-1.6912842,1.534729
65350,-1.4241028,-1.4898682,1.6592407
65351,-1.4694214,-1.5299988,1.8339539
65352,-1.4054871,-1.4231873,1.7602539
65353,-1.4752197,-1.4196777,1.9186401
65354,-1.2742615,-1.5435791,1.8875122
65355,-1.1811829,-1.5240479,1.8304443
65356,-1.1021423,-1.6294861,1.8597412
65357,-1.1320496,-1.6821289,1.9390869
65358,-1.022644,-1.5794373,1.7756653
65359,-0.95657349,-1.6134644,1.8167114
65360,-0.91720581,-1.703949,1.6230774
65361,-0.78460693,-1.7887878,1.7216492
65362,-0.5809021,-1.8321228,1.6519165
65363,-0.56518555,-1.8598938,1.7243958
65364,-0.68847656,-1.8701172,1.6903687
65365,-0.68389893,-1.8205261,1.5888977
65366,-0.57571411,-1.9857788,1.5194702
65367,-0.85876465,-1.9880676,1.6552734
65368,-0.4069519,-2.1000671,1.5339661
65369,-0.42449951,-1.9630432,1.541748
65370,-0.43502808,-2.0445251,1.3554382
65371,-0.26733398,-2.0976257,1.3337708
65372,-0.23162842,-2.0243835,1.3343811
65373,-0.26641846,-2.1670532,1.3676453
65374,-0.22888184,-2.0561218,1.315918
65375,-0.056762695,-2.2381592,1.3127136
65376,-0.26519775,-2.2680664,1.2832642
65377,-0.005493164,-2.0913696,1.290741
65378,0.15960693,-2.1124268,1.3096619
65379,0.22369385,-2.171936,1.2982178
65380,0.038757324,-2.0918274,1.2309265
65381,0.14907837,-2.2901917,1.2469482
65382,0.20233154,-2.441864,1.1515808
65383,0.22659302,-2.2824097,1.1579895
65384,0.31478882,-2.3764038,1.0739136
65385,0.31768799,-2.0872498,1.0809326
65386,0.66741943,-2.3963928,0.89111328
65387,0.52505493,-2.1588135,0.90454102
65388,0.45684814,-2.202301,0.83694458
65389,0.53070068,-2.1043396,0.78933716
65390,0.43548584,-2.0027161,0.67687988
65391,0.68572998,-2.1307373,0.57403565
65392,0.74234009,-2.1330261,0.63781738
65393,0.74905396,-2.036438,0.61477661
65394,0.70617676,-2.2044373,0.48080444
65395,0.82061768,-2.0921326,0.47454834
65396,0.79193115,-2.1961975,0.28533936
65397,0.94161987,-1.973877,0.362854
65398,0.95367432,-1.9473267,0.42617798
65399,0.91873169,-2.0640564,0.43533325
65400,1.0263062,-2.0698547,0.27679443
65401,0.85525513,-2.0838928,0.11413574
65402,0.99975586,-1.9538879,0.0
65403,1.0012817,-1.8911743,0.013427734
65404,1.0365295,-1.8223572,-0.038452148
65405,1.1627197,-1.7800903,0.042114258
65406,1.0388184,-1.6452026,0.039672852
65407,1.111145,-1.864624,-0.069274902
65408,1.0054016,-1.7686462,0.01739502
65409,0.9992981,-1.754303,-0.084991455
65410,1.1878967,-1.6830444,-0.14511108
65411,0.9576416,-1.5039063,-0.19561768
65412,1.1058044,-1.517334,-0.16983032
65413,1.0585022,-1.5200806,-0.26123047
65414,1.1601257,-1.4605713,-0.35614014
65415,1.2423706,-1.4437866,-0.56121826
65416,1.1135864,-1.3626099,-0.37109375
65417,1.1347961,-1.4358521,-0.28564453
65418,1.1288452,-1.295929,-0.52215576
65419,1.1557007,-1.1972046,-0.52200317
65420,1.2200928,-1.2014771,-0.70343018
65421,1.126709,-1.2643433,-0.71655273
65422,1.2136841,-1.2799072,-0.70404053
65423,1.1135864,-1.125946,-0.75256348
65424,1.1132813,-1.1686707,-0.60409546
65425,1.060791,-1.0411072,-0.70068359
65426,1.0934448,-1.1465454,-0.71853638
65427,1.0437012,-1.0299683,-0.86410522
65428,1.1976624,-0.87997437,-0.94055176
65429,0.94238281,-0.76263428,-0.85128784
65430,0.98449707,-0.79299927,-0.99349976
65431,0.97473144,-0.66925049,-1.0128784
65432,0.91552734,-0.64834595,-1.0020447
65433,0.83938599,-0.47134399,-1.0684204
65434,0.84213257,-0.36758423,-1.0957336
65435,1.0345459,-0.25848389,-1.0838318
65436,0.9034729,-0.21667481,-1.3371277
65437,0.84259033,-0.41473389,-1.187439
65438,0.85250854,-0.23513794,-0.96298218
65439,0.78186035,-0.30502319,-1.1645508
65440,0.66986084,-0.12054443,-1.1888123
65441,0.62255859,-0.013122559,-1.2042236
65442,0.85037231,0.048980713,-1.1439514
65443,0.7333374,-0.20843506,-1.1927795
65444,0.47073364,-0.34561157,-1.116333
65445,0.49880981,-0.51132202,-1.2823486
65446,0.45013428,0.20355225,-1.5270996
65447,0.50582886,0.28259277,-1.5377808
65448,0.39703369,0.24719238,-1.3793945
65449,0.43457031,0.39291382,-1.4958191
65450,0.38284302,0.47271728,-1.3293457
65451,0.19241333,0.5229187,-1.1123657
65452,0.19195557,0.55297852,-1.242981
65453,0.07232666,0.72387695,-1.2809753
65454,0.058135986,0.65490723,-1.2954712
65455,0.026092529,0.56732178,-1.3110352
65456,-0.034790039,0.68847656,-1.0406494
65457,-0.041351318,0.67489624,-1.1174011
65458,-0.19287109,0.69366455,-1.0955811
65459,-0.19882202,0.94116211,-1.1849976
65460,-0.28167725,1.060791,-1.1941528
65461,-0.28167725,0.99487305,-1.1357117
65462,-0.284729,1.072998,-1.0931396
65463,-0.31738281,1.1477661,-1.0881042
65464,-0.44647217,1.1785889,-1.0125732
65465,-0.54351807,1.1686707,-1.0316467
65466,-0.53070068,1.0113525,-1.0702515
65467,-0.49255371,1.0354614,-0.93582153
65468,-0.57510376,1.0897827,-1.0018921
65469,-0.64971924,1.0394287,-0.87692261
65470,-0.7951355,1.1418152,-0.83618164
65471,-0.80261231,1.2675476,-0.82229614
65472,-0.87051392,1.4099121,-0.79147339
65473,-0.86746216,1.3696289,-0.75683594
65474,-1.0012817,1.1721802,-0.66482544
65475,-1.0858154,1.1790466,-0.80810547
65476,-1.1294556,1.1750793,-0.77423096
65477,-1.1782837,1.1862183,-0.703125
65478,-1.1572266,1.337738,-0.70983887
65479,-1.290741,1.3505554,-0.52261353
65480,-1.2426758,1.312561,-0.53344727
65481,-1.295166,1.244812,-0.46783447
65482,-1.3742065,1.2103271,-0.3793335
65483,-1.4405823,1.1949158,-0.28015137
65484,-1.4736938,1.1743164,-0.23986816
65485,-1.5000916,1.1273193,-0.22964478
65486,-1.5753174,1.076355,-0.003356934
65487,-1.3525391,0.70617676,-0.33126831
65488,-1.7835999,0.94741821,-0.17883301
65489,-1.5977478,1.0617065,-0.14709473
65490,-1.7869568,1.1929321,-0.14328003
65491,-1.746521,1.1306763,0.002746582
65492,-1.7169189,1.0626221,0.074462891
65493,-1.7297363,0.9614563,0.26245117
65494,-1.7311096,1.0914612,0.13061523
65495,-1.7913818,1.0096741,0.14511108
65496,-1.7730713,1.0723877,0.30700684
65497,-1.8528748,1.0400391,0.22506714
65498,-1.877594,1.0453796,0.41610718
65499,-1.875,0.97229004,0.36315918
65500,-2.13974,0.88882446,0.53131103
65501,-1.973114,0.92636108,0.60211182
65502,-1.9317627,0.93933106,0.7170105
65503,-1.9458008,0.80413818,0.62866211
65504,-2.0022583,0.6942749,0.68359375
65505,-1.986084,0.65887451,0.77728272
65506,-2.1676636,0.58441162,0.83251953
65507,-2.1330261,0.73852539,0.7510376
65508,-2.2401428,0.47912598,0.8203125
65509,-2.1188354,0.53878784,0.91644287
65510,-2.1884155,0.6842041,0.94100952
65511,-2.1604919,0.34317017,1.1132813
65512,-2.1357727,0.32577515,1.2686157
65513,-2.1653748,0.28076172,1.206665
65514,-2.204895,0.27679443,1.2770081
65515,-1.9503784,0.26855469,1.0978699
65516,-2.0187378,0.36499023,1.0752869
65517,-2.2683716,0.16113281,1.1883545
65518,-2.0370483,-0.06652832,1.2063599
65519,-2.1228027,-0.087738037,1.2794495
65520,-2.1525574,-0.11978149,1.242218
65521,-2.0828247,-0.057373047,1.177063
65522,-2.0845032,-0.32836914,1.3064575
65523,-2.0379639,-0.17074585,1.2927246
65524,-2.046051,-0.13534546,1.4668274
65525,-2.1446228,-0.14205933,1.5856934
65526,-2.0898438,-0.21621704,1.4707947
65527,-2.2029114,-0.25253296,1.6514587
65528,-2.2470093,-0.21881103,1.6770935
65529,-1.9073486,-0.53421021,1.6285706
65530,-2.0674133,-0.37857056,1.7524719
65531,-1.8673706,-0.74539185,1.7243958
65532,-1.9093323,-0.87890625,1.7414856
65533,-1.8147278,-0.7409668,1.9178772
65534,-1.889801,-0.82702637,1.9482422
65535,-1.9787598,-0.86914063,1.7019653
65536,-1.6943359,-0.96435547,1.7628479
65537,-1.6954041,-0.91186523,1.8841553
65538,-1.7782593,-0.99334717,1.918335
65539,-1.6583252,-1.2451172,1.7304993
65540,-1.2968445,-1.1994934,1.8005371
65541,-1.6548157,-1.2915039,1.9746399
65542,-1.6007996,-1.2956238,1.8164063
65543,-1.494751,-1.2188721,2.048645
65544,-1.3702393,-1.3334656,2.2465515
65545,-1.3453674,-1.4677429,2.2105408
65546,-1.4753723,-1.5960693,1.9743347
65547,-1.3876343,-1.5974426,1.9140625
65548,-1.2548828,-1.6790771,2.0455933
65549,-1.3946533,-1.7556763,1.9334412
65550,-1.2884521,-2.039032,1.809082
65551,-1.0774231,-1.9822693,2.0288086
65552,-1.1080933,-2.0626831,1.8354797
65553,-0.94406128,-1.9421387,1.7938232
65554,-0.86349487,-1.9993591,1.842041
65555,-0.81573486,-1.8280029,1.9638062
65556,-0.72616577,-1.7021179,1.9801331
65557,-0.70541382,-1.8544006,1.8087769
65558,-0.54779053,-1.9844055,1.822052
65559,-0.69320679,-2.0098877,1.8255615
65560,-0.64041138,-1.8579102,1.9021606
65561,-0.60821533,-2.0129395,1.7250061
65562,-0.64819336,-1.9699097,1.7358398
65563,-0.521698,-2.1652222,1.7115784
65564,-0.47454834,-2.2244263,1.583252
65565,-0.48477173,-2.2032166,1.778717
65566,-0.42724609,-1.9825745,1.7329407
65567,-0.13214111,-2.1513367,1.5109253
65568,-0.1763916,-2.2442627,1.5994263
65569,-0.14282227,-2.2096252,1.4936829
65570,-0.15182495,-2.28302,1.5275574
65571,0.079193115,-2.4085999,1.4682007
65572,0.12374878,-2.4246216,1.3471985
65573,-0.11856079,-2.4627686,1.2962341
65574,0.22140503,-2.3905945,1.2442017
65575,0.25146484,-2.2679138,1.2557983
65576,0.25054932,-2.4066162,1.1212158
65577,0.29434204,-2.4995422,1.088562
65578,0.37811279,-2.3933411,1.1410522
65579,0.45013428,-2.4908447,1.1685181
65580,0.5267334,-2.40448,1.0386658
65581,0.48675537,-2.4560547,0.89431763
65582,0.58609009,-2.4536133,0.94680786
65583,0.55389404,-2.4191284,1.0101318
65584,0.53375244,-2.4151611,0.89477539
65585,0.61767578,-2.3324585,0.83465576
65586,0.62667847,-2.1774292,0.76904297
65587,0.75210571,-2.2325134,0.74035644
65588,0.859375,-2.2619629,0.68725586
65589,0.92666626,-2.2705078,0.61279297
65590,0.87158203,-2.2608948,0.49865723
65591,0.93658447,-2.134552,0.42205811
65592,0.96725464,-2.1018982,0.46234131
65593,0.95932007,-2.0155334,0.45654297
65594,1.0057068,-2.01828,0.35415649
65595,1.0800171,-2.0407104,0.34927368
65596,1.0845947,-1.9702148,0.33462524
65597,1.1460876,-1.9984436,0.33737183
65598,1.1105347,-2.0025635,0.1876831
65599,1.164856,-1.9773865,0.15106201
65600,1.0926819,-1.782074,0.11962891
65601,1.088562,-1.8876648,0.009307861
65602,1.0444641,-1.8589783,0.0340271
65603,1.1943054,-1.9654846,0.098266602
65604,1.1180115,-1.8746948,-0.009307861
65605,1.0626221,-1.8544006,-0.16189575
65606,1.2733459,-1.8481445,-0.17562866
65607,1.2974548,-1.6645813,-0.41625977
65608,1.3491821,-1.6184998,-0.30456543
65609,1.1862183,-1.7573547,-0.23605347
65610,1.1462402,-1.4941406,-0.3125
65611,1.4794922,-1.7048645,-0.49041748
65612,1.2245178,-1.4422607,-0.45776367
65613,1.2295532,-1.2837219,-0.68115234
65614,1.2789917,-1.3644409,-0.65917969
65615,1.3998413,-1.461792,-0.72113037
65616,1.1477661,-1.0360718,-0.69625854
65617,1.2107849,-1.2814331,-0.76965332
65618,1.0661316,-1.2013245,-0.79772949
65619,1.257019,-1.1024475,-0.86853027
65620,1.2776184,-1.028595,-0.95458984
65621,1.0618591,-0.89538574,-1.0221863
65622,1.114502,-0.95199585,-0.80169678
65623,1.1157227,-0.81039429,-0.95214844
65624,1.1679077,-0.84701538,-0.86791992
65625,1.0876465,-0.62133789,-1.0308838
65626,0.98892212,-0.56365967,-1.158905
65627,1.0762024,-0.71136475,-1.0961914
65628,0.95428467,-0.496521,-1.1657715
65629,1.0423279,-0.49377441,-1.1021423
65630,1.0145569,-0.37231445,-1.0858154
65631,1.0324097,-0.25115967,-1.1291504
65632,0.75942993,-0.22491455,-1.2548828
65633,0.95550537,-0.27267456,-1.1451721
65634,0.80535889,-0.23284912,-1.3549805
65635,0.85250854,-0.22994995,-1.2849426
65636,0.75073242,-0.10040283,-1.3194275
65637,0.7220459,-0.13854981,-1.3238525
65638,0.52429199,-0.21972656,-1.3372803
65639,0.55297852,-0.23757935,-1.461792
65640,0.74874878,-0.077819824,-1.5019226
65641,0.56228638,-0.1248169,-1.4761353
65642,0.56793213,0.19195557,-1.3775635
65643,0.53756714,0.10787964,-1.3920593
65644,0.48370361,0.22232056,-1.3922119
65645,0.49377441,1.1988831,-1.3749695
65646,0.30975342,0.58074951,-1.315918
65647,0.37658691,0.52261353,-1.3288879
65648,0.21148682,0.60058594,-1.4567566
65649,0.20263672,0.62454224,-1.3851929
65650,0.061798096,0.65460205,-1.2548828
65651,0.066223145,0.79498291,-1.3867188
65652,0.056304932,0.87524414,-1.4286804
65653,0.00213623,0.79421997,-1.3754272
65654,-0.22277832,0.71426392,-1.2147522
65655,-0.18280029,0.96740723,-1.2155151
65656,-0.18066406,0.95733643,-1.2417603
65657,-0.39031982,0.96588135,-1.2557983
65658,-0.30776978,0.92346191,-1.1734009
65659,-0.30853272,0.84671021,-1.1312866
65660,-0.35888672,1.124115,-1.0643005
65661,-0.64544678,1.1956787,-1.0464478
65662,-0.70159912,1.2408447,-0.99884033
65663,-0.74172974,1.1999512,-1.0070801
65664,-0.63156128,1.0688782,-1.1001587
65665,-0.71655273,1.1947632,-1.0272217
65666,-0.70159912,1.1126709,-0.98190308
65667,-0.8782959,1.2471008,-0.90179443
65668,-0.80810547,1.2065125,-0.96588135
65669,-1.0316467,1.2828064,-0.87585449
65670,-1.0002136,1.2936401,-0.76171875
65671,-1.0098267,1.3882446,-0.92407227
65672,-1.0366821,1.4154053,-0.74234009
65673,-1.0884094,1.2698364,-0.65353394
65674,-1.0882568,1.2486267,-0.61813354
65675,-1.204834,1.3368225,-0.51605225
65676,-1.1753845,1.2635803,-0.41793823
65677,-1.3221741,1.312561,-0.35949707
65678,-1.2734985,1.390686,-0.32119751
65679,-1.2277222,1.3249207,-0.28961182
65680,-1.5908813,1.2315369,-0.33096314
65681,-1.5289307,1.3401794,-0.39169311
65682,-1.4511108,1.4064026,-0.23544312
65683,-1.6181946,0.99822998,-0.37994385
65684,-1.6717529,1.0894775,-0.23208618
65685,-1.8179321,1.2564087,-0.095672607
65686,-1.5060425,1.1187744,-0.030822754
65687,-1.8571472,1.2393188,0.018310547
65688,-1.9847107,1.2442017,0.1449585
65689,-1.8103027,1.1929321,0.19485474
65690,-1.8528748,1.1486816,0.23147583
65691,-1.9061279,1.0917664,0.29541016
65692,-1.900177,0.96588135,0.43457031
65693,-1.9970703,0.96282959,0.25756836
65694,-2.1443176,0.90515137,0.29769897
65695,-1.8978882,0.93811035,0.46875
65696,-2.0147705,0.96542358,0.4170227
65697,-1.9328308,1.0191345,0.49011231
65698,-2.0072937,0.83312988,0.51452637
65699,-1.9468689,0.84075928,0.62423706
65700,-2.0381165,0.77590942,0.59539795
65701,-2.114563,0.67230225,0.73867798
65702,-2.1574402,0.6993103,0.73425293
65703,-2.1437073,0.67199707,0.69610596
65704,-2.1481323,0.65505981,0.73944092
65705,-2.1379089,0.69869995,0.9703064
65706,-2.1981812,0.49301147,0.78659058
65707,-2.2894287,0.098876953,0.98068237
65708,-2.0193481,0.418396,0.9803772
65709,-2.2177124,0.16738892,1.1471558
65710,-2.026825,-0.022735596,1.1193848
65711,-2.0703125,0.68649292,1.1183166
65712,-2.1421814,0.14465332,1.1982727
65713,-2.1739197,-0.000610352,1.2597656
65714,-2.199707,-0.025482178,1.227417
65715,-2.1858215,-0.001983643,1.2808228
65716,-2.199707,-0.045928955,1.3505554
65717,-2.1624756,-0.059204102,1.4108276
65718,-1.791687,-0.062713623,1.1706543
65719,-2.1246338,-0.36102295,1.3586426
65720,-2.1029663,-0.24688721,1.466217
65721,-2.046814,-0.20889282,1.6714478
65722,-2.1704102,0.049133301,1.6809082
65723,-2.1362305,-0.43640137,1.652832
65724,-1.9558716,-0.4737854,1.7175293
65725,-1.8969727,-0.56091309,1.7030334
65726,-1.995697,-0.55648804,1.776123
65727,-1.869812,-0.60668945,1.8405151
65728,-1.9805908,-0.50109863,1.6812134
65729,-1.7189026,-0.66040039,1.8482971
65730,-1.6891479,-0.76873779,1.9598389
65731,-1.5515137,-1.038208,2.124939
65732,-1.7822266,-0.8001709,2.0599365
65733,-1.7364502,-0.90881348,1.8774414
65734,-1.8240356,-0.97473144,1.8061829
65735,-1.5777588,-0.95458984,2.0545959
65736,-1.6201782,-1.2077332,2.0793152
65737,-1.4654541,-1.244812,2.1333313
65738,-1.4131165,-1.309967,2.0443726
65739,-1.4402771,-1.3661194,2.0141602
65740,-1.3975525,-1.3723755,1.9664001
65741,-1.6171265,-1.5222168,1.9889832
65742,-1.5278625,-1.446991,1.7816162
65743,-1.5718079,-1.5953064,1.8652344
65744,-1.2687683,-1.4819336,2.0466614
65745,-1.2963867,-1.7929077,2.1055603
65746,-1.0864258,-1.4814758,1.661377
65747,-1.199646,-1.65802,1.6069031
65748,-1.3375854,-1.9300842,1.9380188
65749,-1.3916016,-2.1109009,1.986084
65750,-0.99456787,-1.9761658,2.1363831
65751,-0.87554932,-2.0666504,2.0895386
65752,-0.81176758,-1.9085693,1.9415283
65753,-0.82946777,-1.8722534,2.0269775
65754,-0.59066772,-1.8847656,1.995697
65755,-0.69900513,-2.0040894,2.0162964
65756,-0.70297241,-1.8878174,1.9213867
65757,-0.54138184,-2.0652771,1.9009399
65758,-0.49880981,-2.1429443,1.9876099
65759,-0.47698975,-2.20047,1.8710327
65760,-0.41503906,-2.2372437,1.7591858
65761,-0.40084839,-2.3698425,1.7266846
65762,-0.38925171,-2.2151184,1.6726685
65763,-0.22094727,-2.2311401,1.7022705
65764,-0.1435852,-2.2575378,1.6793823
65765,-0.1260376,-2.290802,1.6325378
65766,-0.075531006,-2.2047424,1.502533
65767,0.032043457,-2.3217773,1.5397644
65768,0.057983398,-2.3078918,1.4950562
65769,0.005645752,-2.3742676,1.5429688
65770,0.15518188,-2.5216675,1.5658569
65771,0.1260376,-2.2955322,1.5838623
65772,0.15991211,-2.3641968,1.4923096
65773,0.2861023,-2.4234009,1.3945007
65774,0.25894165,-2.255249,1.3619995
65775,0.39535522,-2.366333,1.2298584
65776,0.48828125,-2.6069641,1.1317444
65777,0.61218262,-2.376709,1.0452271
65778,0.48828125,-2.3094177,1.0745239
65779,0.5859375,-2.4607849,1.0076904
65780,0.57952881,-2.4034119,0.98449707
65781,0.68191528,-2.3960876,0.84320068
65782,0.60592651,-2.318573,0.84381103
65783,0.69839478,-2.3136902,0.73699951
65784,0.69137573,-2.3165894,0.69656372
65785,0.77911377,-2.2088623,0.64270019
65786,0.70495606,-2.3855591,0.58349609
65787,0.90362549,-2.146759,0.38269043
65788,0.98571777,-2.3016357,0.60760498
65789,0.91506958,-2.1447754,0.36026001
65790,1.053772,-2.2366333,0.31478882
65791,1.1802673,-2.1421814,0.14648438
65792,1.272583,-2.3219299,0.26168823
65793,1.2559509,-2.0077515,0.33157349
65794,1.2486267,-2.0755005,0.18234253
65795,1.255188,-1.9287109,0.15213013
65796,1.3050842,-1.9311523,0.012664795
65797,1.3470459,-2.052002,0.052642822
65798,1.3369751,-1.9412231,-0.29754639
65799,1.3494873,-1.9589233,-0.32424927
65800,1.2510681,-1.9815063,-0.28411865
65801,1.2101746,-1.7953491,-0.27084351
65802,1.3769531,-1.8049622,-0.32302856
65803,1.2251282,-1.650238,-0.40649414
65804,1.3226318,-1.6786194,-0.47714233
65805,1.4779663,-1.6609192,-0.32867432
65806,1.2948608,-1.632843,-0.37490845
65807,1.3432312,-1.5808105,-0.35720825
65808,1.2548828,-1.6123962,-0.48446655
65809,1.4434814,-1.5403748,-0.52841187
65810,1.3414001,-1.4207459,-0.57907104
65811,1.2763977,-1.3412476,-0.60028076
65812,1.2886047,-1.3824463,-0.68511963
65813,1.3104248,-1.3082886,-0.77087402
65814,1.2843323,-1.1994934,-0.7220459
65815,1.3122559,-1.1294556,-0.8543396
65816,1.1755371,-1.0049438,-0.82687378
65817,1.2709045,-1.2121582,-0.95581055
65818,1.0946655,-0.8833313,-0.88256836
65819,1.2715149,-0.95657349,-1.0340881
65820,1.0980225,-0.94726563,-0.9727478
65821,0.97198486,-0.81832886,-1.105957
65822,1.1129761,-0.66650391,-1.0821533
65823,1.1029053,-0.64666748,-1.2086487
65824,0.98648071,-0.60668945,-1.2496948
65825,1.038208,-0.4800415,-1.3250732
65826,1.1482239,-0.48034668,-1.1560059
65827,1.018219,-0.42205811,-1.3534546
65828,1.0498047,-0.27862549,-1.4175415
65829,0.99197388,-0.3074646,-1.4675903
65830,0.89447022,-0.18966675,-1.4649963
65831,1.0583496,-0.076141357,-1.4498901
65832,0.87493897,-0.086212158,-1.5686035
65833,0.90362549,0.021209717,-1.6209412
65834,0.57067871,-0.11703491,-1.656189
65835,0.6237793,-0.28808594,-1.6760254
65836,0.7661438,0.1399231,-1.6140747
65837,0.67260742,0.025787354,-1.4453125
65838,0.57907104,0.056304932,-1.282196
65839,0.5947876,0.14541626,-1.3298035
65840,0.56182861,0.15014648,-1.2191772
65841,0.52490234,0.089111328,-1.3197327
65842,0.47241211,0.26123047,-1.5065002
65843,0.2571106,1.703949,-1.4819336
65844,0.28076172,0.52978516,-1.4846802
65845,0.19348145,0.63598633,-1.3853455
65846,0.19561768,0.71990967,-1.452179
65847,0.13626099,0.76660156,-1.5454102
65848,0.092315674,0.8493042,-1.4030457
65849,0.026245117,0.90957642,-1.3009644
65850,-0.048522949,0.78735352,-1.2132263
65851,-0.13046265,0.86456299,-1.355896
65852,-0.16143799,0.94024658,-1.2728882
65853,-0.038909912,0.85479736,-1.2229919
65854,-0.24261475,0.73928833,-1.2805176
65855,-0.28015137,0.79711914,-1.1712646
65856,-0.37277222,0.97991943,-1.3290405
65857,-0.41870117,1.098938,-1.2860107
65858,-0.48217773,1.2356567,-1.2568665
65859,-0.6401062,1.446991,-1.2519836
65860,-0.58837891,1.2057495,-1.2136841
65861,-0.57266235,1.3098145,-1.1323547
65862,-0.74554443,1.1235046,-1.1608887
65863,-0.79895019,1.1192322,-1.0380554
65864,-0.9362793,1.1039734,-0.93444824
65865,-0.91003418,1.3285828,-0.90744019
65866,-0.94116211,1.3526916,-0.95611572
65867,-0.96374512,1.3835144,-0.90209961
65868,-1.1203003,1.4497375,-0.94604492
65869,-1.12854,1.4852905,-0.85189819
65870,-1.0571289,1.3059998,-0.70648193
65871,-1.1325073,1.1676025,-0.78140259
65872,-1.020813,1.2489319,-0.69976807
65873,-1.4427185,1.4494324,-0.77560425
65874,-1.2983704,1.4746094,-0.58456421
65875,-1.4279175,1.4405823,-0.49667358
65876,-1.4331055,1.4086914,-0.36224365
65877,-1.370697,1.4689636,-0.40405273
65878,-1.4808655,1.2709045,-0.39154053
65879,-1.3095093,1.2802124,-0.30136108
65880,-1.7253113,0.90667725,-0.1486206
65881,-1.6044617,1.3313293,-0.20828247
65882,-1.5730286,1.4797974,-0.093078613
65883,-1.8695068,1.6041565,-0.071411133
65884,-1.8659973,1.4230347,0.056304932
65885,-1.756134,1.5042114,0.0831604
65886,-1.7272949,1.421814,0.10299683
65887,-1.8392944,1.2539673,0.23757935
65888,-1.9812012,1.3121033,0.25390625
65889,-1.9477844,1.2089539,0.41152954
65890,-1.9546509,1.3562012,0.29205322
65891,-2.1221924,1.0795593,0.37857056
65892,-2.146759,1.2854004,0.2973938
65893,-1.8940735,1.2194824,0.50689697
65894,-1.9676209,1.0159302,0.55709839
65895,-2.0706177,1.0749817,0.60256958
65896,-2.0782471,0.9753418,0.58349609
65897,-2.1736145,0.94573975,0.66650391
65898,-2.2450256,0.96572876,0.56365967
65899,-2.0733643,0.88684082,0.53726196
65900,-2.026825,0.84747315,0.81130981
65901,-2.2270203,0.82946777,0.81436157
65902,-2.1102905,0.79467773,0.82778931
65903,-2.2799683,0.79528809,0.89614868
65904,-2.3027039,0.78277588,0.74188232
65905,-2.2015381,0.38467407,0.87142944
65906,-2.4058533,0.55252075,1.0426331
65907,-2.4142456,0.31860352,1.1671448
65908,-2.4040222,0.10009766,1.1904907
65909,-2.3548889,0.42373657,1.234436
65910,-2.1809387,0.37811279,1.3136291
65911,-2.1322632,0.33340454,1.3252258
65912,-2.1130371,0.24978638,1.5026855
65913,-2.333374,0.13458252,1.1950684
65914,-2.4565125,-0.13183594,1.4558411
65915,-2.3188782,0.06362915,1.5675354
65916,-2.2386169,-0.20385742,1.4395142
65917,-2.1917725,-0.072631836,1.5473938
65918,-2.064209,-0.067443848,1.6329956
65919,-2.2062683,-0.21759033,1.7419434
65920,-2.0181274,-0.21347046,1.6456604
65921,-2.1443176,-0.35598755,1.7729187
65922,-2.1936035,-0.46554565,1.9165039
65923,-2.1099854,-0.46478272,1.723938
65924,-1.9813538,-0.26535034,1.7993164
65925,-1.9984436,-0.36193848,1.6151428
65926,-2.0310974,-0.56518555,1.7475891
65927,-2.0353699,-0.63827515,1.8127441
65928,-1.9374084,-0.83969116,1.910553
65929,-1.9587708,-0.86791992,1.8688965
65930,-1.8241882,-0.79986572,1.9758606
65931,-1.7286682,-0.83297729,1.9155884
65932,-1.6038513,-0.95077515,1.9433594
65933,-1.6717529,-1.1224365,1.9158936
65934,-1.6995239,-1.3327026,1.7337036
65935,-1.6200256,-1.2918091,1.8360901
65936,-1.6299438,-1.3194275,1.9697571
65937,-1.8151855,-1.4292908,2.0149231
65938,-1.6844177,-1.3778687,2.0220947
65939,-1.6366577,-1.5904236,1.8939209
65940,-1.6539001,-1.5341187,2.0761108
65941,-1.4810181,-1.736145,2.1298218
65942,-1.468811,-1.7515564,2.1160889
65943,-1.4175415,-1.5870666,2.1540833
65944,-1.4474487,-1.8132019,2.1531677
65945,-1.2136841,-1.8823242,2.0198059
65946,-1.1817932,-1.7895508,2.1127319
65947,-1.1691284,-1.8676758,2.0939636
65948,-0.99105835,-1.7172241,2.0124817
65949,-1.1682129,-1.7955017,1.8875122
65950,-0.93063354,-1.9345093,1.864624
65951,-0.92178345,-1.9332886,1.8109131
65952,-0.84518433,-1.895752,1.5759277
65953,-0.75363159,-1.9088745,1.77948
65954,-0.69656372,-1.8661499,1.7337036
65955,-0.63522339,-1.8788147,1.8037415
65956,-0.46005249,-2.0475769,1.9151306
65957,-0.46356201,-2.182312,1.8597412
65958,-0.49682617,-2.1333313,1.7721558
65959,-0.43991089,-2.2715759,1.8179321
65960,-0.33432007,-2.1575928,1.7480469
65961,-0.27542114,-2.1731567,1.6897583
65962,-0.20706177,-2.1160889,1.7047119
65963,-0.15701294,-2.2297668,1.6342163
65964,-0.06652832,-2.2871399,1.4822388
65965,0.026092529,-2.4610901,1.5396118
65966,-0.003051758,-2.5540161,1.5771484
65967,0.032958984,-2.4072266,1.4520264
65968,0.11657715,-2.3347473,1.4224243
65969,0.16738892,-2.3262024,1.4520264
65970,0.15869141,-2.3947144,1.3761902
65971,0.1953125,-2.3268127,1.2646484
65972,0.26504517,-2.3445129,1.1643982
65973,0.35873413,-2.4357605,1.1062622
65974,0.45959473,-2.532196,1.0891724
65975,0.50445557,-2.4241638,1.0693359
65976,0.56152344,-2.5415039,1.0032654
65977,0.58517456,-2.6454163,0.96069336
65978,0.62103272,-2.6617432,0.96542358
65979,0.65261841,-2.7047729,0.94436646
65980,0.67764282,-2.539978,0.90789795
65981,0.8114624,-2.1087646,0.73303223
65982,0.79269409,-2.497406,0.77438354
65983,0.88806152,-2.3686218,0.68817139
65984,0.94467163,-2.2673035,0.58929443
65985,0.97412109,-2.1723938,0.5001831
65986,1.0336304,-2.3114014,0.62286377
65987,0.99136353,-2.2817993,0.41107178
65988,0.98144531,-2.3091125,0.51620483
65989,1.0856628,-2.1989441,0.42312622
65990,1.1508179,-2.2190857,0.29464722
65991,1.1477661,-2.1231079,0.37200928
65992,1.1849976,-2.0907593,0.11795044
65993,1.1332703,-2.063446,0.19866943
65994,1.1282349,-2.270813,-0.040588379
65995,1.1727905,-2.0097351,-0.02456665
65996,1.2135315,-1.8539429,-0.052490234
65997,1.2145996,-2.0269775,-0.25146484
65998,1.2295532,-1.9482422,-0.16906738
65999,1.1914063,-1.8508911,-0.09765625
66000,1.328125,-1.9335938,-0.29510498
66001,1.3954163,-1.6723633,-0.2180481
66002,1.2734985,-1.6917419,-0.22735596
66003,1.2927246,-1.7178345,-0.34973144
66004,1.1521912,-1.4933777,-0.30075073
66005,1.3366699,-1.4326477,-0.4888916
66006,1.3641357,-1.4538574,-0.51574707
66007,1.3647461,-1.4285278,-0.61904907
66008,1.4002991,-1.4399719,-0.66955566
66009,1.3696289,-1.4604187,-0.61035156
66010,1.2562561,-1.39328,-0.58868408
66011,1.3189697,-1.3061523,-0.8732605
66012,1.0844421,-1.2585449,-0.82382202
66013,1.1602783,-1.1125183,-0.98434448
66014,1.12854,-0.87997437,-0.90209961
66015,1.1331177,-0.9777832,-0.86929321
66016,1.1006165,-0.98464966,-0.85296631
66017,1.1398315,-0.78689575,-0.97305298
66018,1.1181641,-0.91278076,-1.0021973
66019,1.1984253,-0.90530396,-0.96252441
66020,1.0778809,-0.78155518,-1.0847473
66021,1.1299133,-0.64697266,-1.1297607
66022,1.0612488,-0.61218262,-1.1233521
66023,1.1839294,-0.54092407,-1.018219
66024,0.94146728,-0.55877685,-1.2530518
66025,1.1024475,-0.44052124,-1.1227417
66026,0.88943481,-0.40802002,-1.2084961
66027,0.82763672,-0.28549194,-1.2176514
66028,0.78292847,-0.31845093,-1.4337158
66029,0.87783813,-0.27099609,-1.3401794
66030,0.90057373,-0.37597656,-1.3475037
66031,0.91415405,-0.2230835,-1.4125061
66032,0.87188721,-0.25283814,-1.3320923
66033,0.73196411,-0.071105957,-1.4097595
66034,0.54931641,-0.16799927,-1.4053345
66035,0.51620483,-0.22369385,-1.4117432
66036,0.59844971,0.014648438,-1.3703918
66037,0.4385376,-0.13549805,-1.5068054
66038,0.56274414,0.1109314,-1.5077209
66039,0.51315308,0.30227661,-1.4483643
66040,0.28381348,0.33096314,-1.3783264
66041,0.34866333,0.30548096,-1.5036011
66042,0.4208374,0.52536011,-1.4283752
66043,0.23757935,0.47866821,-1.3311768
66044,0.2192688,0.65185547,-1.3635254
66045,0.28305054,0.80810547,-1.3317871
66046,0.19485474,0.90576172,-1.4657593
66047,0.01159668,0.82427978,-1.4416504
66048,-0.029602051,0.83877563,-1.3067627
66049,-0.011291504,0.82839966,-1.2321472
66050,-0.13916016,0.9866333,-1.3360596
66051,-0.25848389,0.84381103,-1.2290955
66052,-0.15991211,0.8265686,-1.2887573
66053,-0.29464722,0.90530396,-1.1529541
66054,-0.31692505,0.9324646,-1.0656738
66055,-0.4196167,0.94787598,-1.0484314
66056,-0.55038452,1.126709,-1.1906433
66057,-0.34896851,1.2200928,-1.0232544
66058,-0.61843872,1.2969971,-1.0429382
66059,-0.48828125,1.2330627,-1.013031
66060,-0.75195313,1.1410522,-1.1148071
66061,-0.7925415,1.0740662,-0.99426269
66062,-0.71456909,1.1270142,-1.0256958
66063,-0.74371338,1.1676025,-0.96969604
66064,-0.76400757,1.1901855,-0.91888428
66065,-0.9753418,1.2672424,-0.89004517
66066,-0.92193603,1.3005066,-0.87005615
66067,-1.0614014,1.1669922,-0.85189819
66068,-1.0722351,1.2672424,-0.62713623
66069,-0.93994141,1.328125,-0.64849853
66070,-1.171875,1.3330078,-0.57739258
66071,-1.1495972,1.3800049,-0.5480957
66072,-1.363678,1.3426209,-0.63339233
66073,-1.2258911,1.3194275,-0.60302734
66074,-1.4021301,1.3296509,-0.51696777
66075,-1.3426209,1.3554382,-0.44128418
66076,-1.4640808,1.1166382,-0.49179077
66077,-1.5434265,1.3232422,-0.40863037
66078,-1.5794373,1.3391113,-0.37536621
66079,-1.6886902,1.2710571,-0.21316528
66080,-1.5751648,1.2756348,-0.17242432
66081,-1.7498779,1.1572266,0.024414063
66082,-1.8527222,1.2127686,0.11550903
66083,-1.6638184,1.2884521,0.082550049
66084,-1.8426514,1.3487244,0.13275147
66085,-1.7433166,1.2246704,0.10253906
66086,-1.8469238,1.3291931,0.22109985
66087,-1.980896,1.1335754,0.31219482
66088,-1.9059753,1.0705566,0.29495239
66089,-1.8850708,1.1607361,0.46112061
66090,-1.9618225,0.96481323,0.52597046
66091,-1.8856812,1.003418,0.45349121
66092,-1.9677734,0.82214356,0.48797607
66093,-2.0346069,0.99411011,0.58670044
66094,-2.0443726,0.97808838,0.60852051
66095,-2.1258545,0.84106445,0.60577393
66096,-1.9645691,0.81344604,0.66314697
66097,-2.1168518,0.81390381,0.56884766
66098,-2.1281433,0.6842041,0.65307617
66099,-2.1289063,0.7194519,0.83282471
66100,-2.1972656,0.66177368,0.71426392
66101,-2.0376587,0.73471069,0.88562012
66102,-2.1488953,0.56152344,0.97183228
66103,-2.1839905,0.40557861,0.83969116
66104,-2.2296143,0.23452759,0.98587036
66105,-2.1707153,0.5670166,1.0700989
66106,-2.1224976,0.47119141,1.1280823
66107,-2.119751,0.35964966,1.0606384
66108,-2.1559143,0.3503418,0.94039917
66109,-2.2016907,0.18096924,1.0926819
66110,-2.1633911,0.22537231,1.57547
66111,-1.9958496,0.028533936,1.312561
66112,-2.0303345,-0.007019043,1.4448547
66113,-2.0092773,-0.013427734,1.3237
66114,-2.2027588,-0.15579224,1.360321
66115,-1.9717407,-0.18157959,1.4715576
66116,-2.0605469,-0.026855469,1.5814209
66117,-2.0663452,-0.36071777,1.6815186
66118,-1.987915,-0.33676147,1.6217041
66119,-2.1044922,-0.30944824,1.7288208
66120,-2.0713806,-0.47637939,1.6027832
66121,-1.9692993,-0.51559448,1.7515564
66122,-2.0439148,-0.30563355,1.7654419
66123,-1.9587708,-0.47302246,1.7338562
66124,-1.8457031,-0.72509766,1.8255615
66125,-1.9515991,-0.79055786,1.7782593
66126,-1.7878723,-0.85021973,1.8096924
66127,-1.7849731,-0.81237793,1.8244934
66128,-1.7645264,-0.97396851,1.8286133
66129,-1.7626953,-1.1108398,1.7312622
66130,-1.6314697,-0.99700928,1.7785645
66131,-1.6424561,-1.1291504,1.8969727
66132,-1.6673279,-1.4230347,1.7651367
66133,-1.4782715,-1.2921143,1.8255615
66134,-1.4001465,-1.2298584,1.7739868
66135,-1.3835144,-1.2759399,1.8304443
66136,-1.5499878,-1.3275146,1.9030762
66137,-1.3476563,-1.3479614,1.8792725
66138,-1.2033081,-1.2362671,2.006073
66139,-1.2004089,-1.4611816,1.8356323
66140,-1.109314,-1.3458252,1.8438721
66141,-1.1437988,-1.47995,1.8281555
66142,-1.0827637,-1.4976501,1.9851685
66143,-1.0057068,-1.625824,1.8518066
66144,-1.096344,-1.8023682,1.9262695
66145,-0.99990845,-1.6764832,1.9250488
66146,-0.94680786,-1.7874146,1.9680786
66147,-0.83770752,-1.7796326,1.9326782
66148,-0.91934204,-2.0420837,1.8701172
66149,-1.0003662,-1.9953918,1.9641113
66150,-0.77468872,-1.8484497,1.8669128
66151,-0.72631836,-1.8356323,2.0697021
66152,-0.58837891,-1.9934082,1.7655945
66153,-0.4208374,-1.9281006,1.7292786
66154,-0.47576904,-2.111969,1.837616
66155,-0.51223755,-2.270813,1.6870117
66156,-0.44540405,-2.2775269,1.8562317
66157,-0.42098999,-2.2860718,1.5426636
66158,-0.36010742,-2.2317505,1.5182495
66159,-0.24032593,-2.0033264,1.5524292
66160,-0.22109985,-2.2840881,1.5893555
66161,-0.17028809,-2.1179199,1.4102173
66162,-0.050354004,-2.1691895,1.3891602
66163,-0.15533447,-2.3179626,1.4205933
66164,-0.026702881,-2.3493958,1.4057922
66165,0.027008057,-2.2711182,1.4672852
66166,0.14602661,-2.2543335,1.333313
66167,0.14099121,-2.2212219,1.3435364
66168,0.2281189,-2.265625,1.2236023
66169,0.32043457,-2.0387268,1.1682129
66170,0.28503418,-2.1429443,1.1734009
66171,0.29067993,-2.2581482,1.2155151
66172,0.33660889,-2.2692871,1.1425781
66173,0.37719727,-2.3735046,0.88531494
66174,0.55236816,-2.2294617,0.87493897
66175,0.47363281,-2.1713257,0.77880859
66176,0.54992676,-2.359314,0.8605957
66177,0.51895142,-2.1995544,0.80383301
66178,0.53848267,-2.2073364,0.834198
66179,0.65597534,-2.1763611,0.90881348
66180,0.56289673,-2.1496582,0.63415527
66181,0.79483032,-2.4157715,0.56671143
66182,0.88180542,-2.3590088,0.71136475
66183,0.76904297,-2.2885132,0.55511475
66184,0.79681397,-2.0988464,0.52001953
66185,0.95275879,-2.1562195,0.36468506
66186,0.94406128,-2.2393799,0.37353516
66187,0.97320557,-2.0246887,0.30456543
66188,1.0244751,-1.9786072,0.30517578
66189,0.85464478,-1.9694519,0.30578613
66190,0.96115112,-2.0713806,0.15655518
66191,0.97549438,-2.0254517,0.12649536
66192,1.1323547,-1.9445801,0.19302368
66193,1.0644531,-1.8374634,0.02822876
66194,1.2457275,-1.8017578,-0.019378662
66195,1.0829163,-1.8145752,-0.25268555
66196,1.0168457,-1.7707825,-0.12832642
66197,1.15448,-1.7185974,-0.099945068
66198,1.2684631,-1.7407227,-0.05645752
66199,1.1035156,-1.5647888,-0.12420654
66200,1.1270142,-1.6958618,-0.22918701
66201,1.2487793,-1.5484619,-0.38452148
66202,1.1366272,-1.7102051,-0.45654297
66203,1.111145,-1.6796875,-0.51086426
66204,1.2910461,-1.5013123,-0.52871704
66205,1.2014771,-1.3705444,-0.51696777
66206,1.1653137,-1.3665771,-0.56564331
66207,1.2185669,-1.2036133,-0.59844971
66208,1.0772705,-1.2504578,-0.71212769
66209,1.0214233,-1.2654114,-0.82580566
66210,1.2086487,-1.2675476,-0.85235596
66211,1.0751343,-1.0969543,-0.93276978
66212,1.1842346,-0.95794678,-0.8706665
66213,1.1128235,-0.97000122,-0.84655762
66214,1.0212708,-0.8543396,-0.88119507
66215,1.116333,-0.68634033,-1.0992432
66216,1.1743164,-0.6791687,-1.0551453
66217,1.065979,-0.43823242,-1.0705566
66218,1.0699463,-0.49865723,-1.0768127
66219,1.0635376,-0.57632446,-1.0787964
66220,1.0415649,-0.54656982,-1.1412048
66221,0.95001221,-0.47103882,-1.0028076
66222,0.87905884,-0.41854858,-1.0540771
66223,0.87783813,-0.42892456,-0.98220825
66224,0.89584351,-0.30105591,-1.1839294
66225,0.87585449,-0.1876831,-1.2490845
66226,0.86135864,-0.14984131,-1.3037109
66227,0.75317383,-0.18676758,-1.1531067
66228,0.73532104,-0.074920654,-1.265564
66229,0.73425293,-0.082397461,-1.3421631
66230,0.70755005,0.14282227,-1.3366699
66231,0.44525147,-0.14160156,-1.3360596
66232,0.30181885,-0.59265137,-1.5983582
66233,0.42709351,-0.32226563,-1.4979553
66234,0.46539307,0.10360718,-1.3467407
66235,0.31173706,-0.049743652,-1.3291931
66236,0.37780762,0.12893677,-1.1820984
66237,0.30349731,0.39154053,-1.1309814
66238,0.22369385,0.37994385,-1.2420654
66239,0.23895264,0.31173706,-1.3421631
66240,0.23162842,1.2640381,-1.4001465
66241,0.11062622,0.42236328,-1.4190674
66242,0.11505127,0.64331055,-1.1250305
66243,0.042266846,0.83572388,-1.1479187
66244,0.16067505,0.7434082,-1.071167
66245,-0.05279541,0.67382813,-1.0290527
66246,0.0390625,0.80734253,-1.139679
66247,-0.10238648,0.71746826,-0.97839356
66248,-0.24856567,0.71960449,-1.1941528
66249,-0.086212158,0.85922241,-1.0726929
66250,-0.43395996,0.98876953,-1.0443115
66251,-0.45898438,0.83908081,-1.0813904
66252,-0.56854248,0.8291626,-1.0580444
66253,-0.58029175,1.0137939,-1.0675049
66254,-0.60684204,1.1276245,-1.0002136
66255,-0.62347412,1.1972046,-0.98983765
66256,-0.56304932,1.1279297,-0.96221924
66257,-0.68466187,1.1460876,-0.88180542
66258,-0.76309204,1.2158203,-0.87875366
66259,-0.75241089,1.1509705,-0.85357666
66260,-0.80566406,1.0643005,-0.80825806
66261,-0.75668335,1.2307739,-0.7611084
66262,-0.70861816,1.2229919,-0.70739746
66263,-0.96343994,1.2297058,-0.63110352
66264,-0.89874268,1.2290955,-0.63415527
66265,-0.93978882,1.1834717,-0.54946899
66266,-1.1990356,1.0997009,-0.6918335
66267,-1.2234497,0.98571777,-0.63583374
66268,-1.1164856,1.1175537,-0.56838989
66269,-1.2165833,0.95596313,-0.54870606
66270,-1.2394714,0.99899292,-0.44891357
66271,-1.2898254,0.98754883,-0.24902344
66272,-1.5100098,1.0044861,-0.29953003
66273,-1.5481567,0.45425415,-0.50292969
66274,-1.7913818,1.0466003,-0.22399902
66275,-1.5377808,1.0385132,-0.26565552
66276,-1.4697266,1.0073853,-0.21652222
66277,-1.6241455,1.0820007,0.066223145
66278,-1.4863586,1.1434937,0.027770996
66279,-1.5226746,1.0652161,0.15716553
66280,-1.6690063,1.0568237,0.1638794
66281,-1.723938,1.0826111,0.1449585
66282,-1.6697693,1.1022949,0.29067993
66283,-1.6178894,1.0133362,0.35675049
66284,-1.6374207,0.94558716,0.33233643
66285,-1.7550659,0.97579956,0.33111572
66286,-1.7814636,0.89660644,0.43289185
66287,-1.8139648,0.93093872,0.48492432
66288,-1.8418884,1.0241699,0.48522949
66289,-1.7193604,0.9765625,0.48217773
66290,-1.8025208,0.87524414,0.56167603
66291,-1.963501,0.74798584,0.6173706
66292,-1.9836426,0.82015991,0.67245483
66293,-2.1128845,0.68862915,0.78491211
66294,-1.9363403,0.76583862,0.52200317
66295,-2.0169067,0.66894531,0.59768677
66296,-1.9747925,0.63964844,0.76461792
66297,-1.9651794,0.70022583,0.82000732
66298,-2.0710754,0.4876709,0.79681397
66299,-2.0751953,0.45654297,0.8984375
66300,-2.0651245,0.46295166,1.2011719
66301,-2.0402527,0.33599853,0.99365234
66302,-2.1182251,0.45776367,1.1471558
66303,-2.1208191,0.44876099,1.1369324
66304,-2.1528625,0.20629883,1.2016296
66305,-2.0664978,-0.097351074,1.2277222
66306,-1.8692017,0.009765625,1.169281
66307,-1.9419861,1.5679932,1.3150024
66308,-1.8807983,0.79498291,1.3978577
66309,-2.0429993,-0.071411133,1.4024353
66310,-1.8778992,-0.1159668,1.428833
66311,-2.0318604,-0.2281189,1.444397
66312,-2.0454407,-0.24749756,1.5945435
66313,-1.9329834,-0.42266846,1.5284729
66314,-1.9128418,-0.44494629,1.6265869
66315,-1.9969177,-0.61279297,1.706543
66316,-1.9061279,-0.56777954,1.5612793
66317,-1.8339539,-0.76950073,1.6017151
66318,-1.7375183,-0.62652588,1.6061401
66319,-1.6717529,-0.66436768,1.8080139
66320,-1.8309021,-0.65185547,1.6331482
66321,-1.7111206,-0.79956055,1.7321777
66322,-1.7822266,-0.92285156,1.7715454
66323,-1.7959595,-1.156311,1.7614746
66324,-1.8424988,-1.1071777,1.8911743
66325,-1.8276978,-1.2426758,1.6870117
66326,-1.6516113,-1.0108948,1.8269348
66327,-1.5690613,-1.0424805,1.8408203
66328,-1.3391113,-1.2704468,1.8203735
66329,-1.5354919,-1.4094543,1.9415283
66330,-1.4471436,-1.4805603,1.8063354
66331,-1.4404297,-1.5223694,1.8017578
66332,-1.4692688,-1.5412903,1.6943359
66333,-1.5278625,-1.6503906,2.0092773
66334,-1.4294434,-1.5962219,1.8659973
66335,-1.2997437,-1.5550232,1.7700195
66336,-1.2854004,-1.6500854,1.6163635
66337,-1.3360596,-1.7330933,1.6011047
66338,-1.1857605,-1.5011597,1.7333984
66339,-1.0862732,-1.7332459,1.7210388
66340,-1.0227966,-1.6322327,1.711731
66341,-0.89431763,-1.7977905,1.6290283
66342,-0.85449219,-1.6793823,1.8347168
66343,-0.73898315,-1.4962769,1.8251038
66344,-0.77529907,-1.8455505,1.6798401
66345,-0.62484741,-1.7272949,1.6252136
66346,-0.77224731,-1.8225098,1.6809082
66347,-0.67047119,-1.893158,1.7301941
66348,-0.44952393,-1.9271851,1.686554
66349,-0.49926758,-1.8832397,1.5145874
66350,-0.43960571,-2.0205688,1.5359497
66351,-0.49743652,-2.0014954,1.6326904
66352,-0.33248901,-2.0483398,1.4404297
66353,-0.16784668,-2.0544434,1.6262817
66354,-0.34637451,-1.9869995,1.5971375
66355,-0.16235352,-2.1142578,1.5438843
66356,-0.21270752,-2.122345,1.6104126
66357,-0.10574341,-2.0903015,1.5817261
66358,0.011444092,-2.0220947,1.4486694
66359,-0.034179688,-2.1102905,1.5353394
66360,0.059509277,-2.1411133,1.5093994
66361,0.059661865,-2.2592163,1.3705444
66362,0.15869141,-2.2669983,1.2475586
66363,0.19775391,-2.2839355,1.1541748
66364,0.24261475,-2.3764038,1.1663818
66365,0.23757935,-1.8664551,1.1495972
66366,0.32714844,-1.9430542,1.0150146
66367,0.23635864,-2.1704102,0.94726563
66368,0.24459839,-2.2544861,1.0499573
66369,0.35476685,-2.1658325,0.94070435
66370,0.36590576,-1.960144,0.86608887
66371,0.4826355,-2.0898438,0.6892395
66372,0.71899414,-1.9151306,0.62561035
66373,0.55297852,-2.0379639,0.32608032
66374,0.79421997,-2.1379089,0.62088013
66375,0.75149536,-2.1600342,0.60256958
66376,0.79467773,-2.1829224,0.59341431
66377,0.74249268,-2.1252441,0.55725098
66378,0.84671021,-2.293396,0.34881592
66379,0.9513855,-2.0478821,0.41870117
66380,1.0148621,-2.0860291,0.24124145
66381,0.95825195,-1.8737793,0.34545898
66382,1.0038757,-2.0248413,0.30090332
66383,1.0546875,-2.0507813,0.1789856
66384,1.1851501,-1.9058228,0.24642944
66385,0.95718384,-1.9100952,0.1600647
66386,0.97991943,-1.8414307,0.11688232
66387,1.0125732,-1.8806458,0.073394775
66388,1.0531616,-1.8902588,-0.06439209
66389,1.0122681,-1.6667175,0.017547607
66390,1.1643982,-1.6816711,-0.17288208
66391,1.245575,-1.6732788,-0.22094727
66392,1.0029602,-1.6555786,-0.072174072
66393,1.0289001,-1.5501404,-0.21484375
66394,1.2084961,-1.4768982,-0.340271
66395,1.1268616,-1.5339661,-0.25466919
66396,1.1807251,-1.5536499,-0.41610718
66397,1.2892151,-1.4852905,-0.45120239
66398,1.2997437,-1.2963867,-0.57815552
66399,1.1512756,-1.2393188,-0.68389893
66400,1.2129211,-1.2483215,-0.5783081
66401,1.2724304,-1.1787415,-0.63919067
66402,1.1769104,-1.179657,-0.72097778
66403,1.2321472,-1.1408997,-0.70785522
66404,1.2130737,-1.0572815,-0.86181641
66405,1.1654663,-1.0162354,-0.83312988
66406,1.0371399,-0.93444824,-0.78979492
66407,1.1645508,-1.0760498,-0.8531189
66408,1.2190247,-0.90667725,-0.9060669
66409,1.1175537,-0.88073731,-0.86425781
66410,1.1471558,-0.83435059,-0.99746704
66411,1.1955261,-0.7572937,-1.0180664
66412,0.96725464,-0.77224731,-0.99792481
66413,1.1329651,-0.62683106,-0.93322754
66414,0.86914063,-0.48339844,-0.93551636
66415,1.030426,-0.38406372,-1.0437012
66416,0.88394165,-0.37658691,-1.0801697
66417,0.87036133,-0.34439087,-1.1715698
66418,0.83908081,-0.34362793,-1.1024475
66419,0.80688477,-0.30944824,-1.061554
66420,0.86181641,-0.12176514,-1.343689
66421,0.76080322,-0.14572144,-1.2815857
66422,0.59127808,0.025482178,-1.1882019
66423,0.67810059,0.053100586,-1.2762451
66424,0.57327271,0.10620117,-1.2889099
66425,0.46524048,-0.29953003,-1.2203979
66426,0.64819336,-0.31295776,-1.3796997
66427,0.46234131,0.047912598,-1.2780762
66428,0.42434692,0.37948608,-1.2004089
66429,0.40618897,0.36514282,-1.1166382
66430,0.34210205,0.47866821,-1.2420654
66431,0.36254883,0.37384033,-1.3354492
66432,0.3276062,0.34805298,-1.3470459
66433,0.21270752,0.40985107,-1.2518311
66434,0.21179199,0.41137695,-1.1906433
66435,0.072021484,0.5178833,-1.2654114
66436,-0.010681152,0.43228149,-1.1129761
66437,0.072631836,0.41198731,-1.2615967
66438,-0.056762695,0.50537109,-1.1680603
66439,-0.19088745,0.4737854,-1.3645935
66440,0.016784668,0.67642212,-1.2893677
66441,-0.1651001,1.1773682,-1.1943054
66442,-0.16815185,0.79528809,-1.1404419
66443,-0.14526367,0.84533691,-1.0850525
66444,-0.18447876,0.99426269,-1.0270691
66445,-0.39749145,0.94680786,-1.227417
66446,-0.29785156,1.0266113,-0.96878052
66447,-0.42953491,1.1087036,-0.92132568
66448,-0.54916382,0.8996582,-0.86975098
66449,-0.51956177,0.98114014,-0.88241577
66450,-0.68237305,1.0025024,-0.82885742
66451,-0.64071655,1.0810852,-0.9854126
66452,-0.71670532,1.1471558,-0.95031738
66453,-0.77453613,1.1764526,-0.87799072
66454,-0.82122803,1.1877441,-0.86364746
66455,-0.90942383,1.1372375,-0.83435059
66456,-1.0174561,1.2025452,-0.84503174
66457,-1.1453247,1.1695862,-0.6918335
66458,-1.2031555,1.398468,-0.5960083
66459,-1.1047363,1.290741,-0.56396484
66460,-1.0787964,1.3270569,-0.41824341
66461,-1.4399719,1.1399841,-0.35751343
66462,-1.2738037,1.14151,-0.49575806
66463,-1.2228394,1.2278748,-0.31326294
66464,-1.4613342,1.1965942,-0.20889282
66465,-1.4161682,1.1314392,-0.26275635
66466,-1.6479492,1.1369324,-0.12573242
66467,-1.3841248,1.1865234,-0.20690918
66468,-1.5434265,0.86761475,-0.38131714
66469,-1.6368103,0.90957642,-0.21957398
66470,-1.526947,1.1216736,-0.089569092
66471,-1.6934204,1.0847473,0.094299316
66472,-1.7172241,1.0713196,0.1638794
66473,-1.6368103,1.1288452,0.071563721
66474,-1.6966248,1.0443115,0.11032105
66475,-1.7723084,1.0293579,0.23254395
66476,-1.7121887,0.92666626,0.43792725
66477,-1.8164063,0.90118408,0.31097412
66478,-1.763916,0.94985962,0.33752441
66479,-1.8721008,1.0424805,0.33721924
66480,-1.9506836,1.0220337,0.45654297
66481,-1.8759155,1.0321045,0.55206299
66482,-1.8890381,0.99334717,0.67321777
66483,-1.9099426,1.0578918,0.46875
66484,-1.8804932,0.99853516,0.68237305
66485,-1.9755554,0.95214844,0.75897217
66486,-1.9476318,0.85327148,0.68725586
66487,-1.9918823,0.91278076,0.7901001
66488,-2.0654297,0.8480835,0.91873169
66489,-2.1723938,0.55206299,1.0498047
66490,-2.1775818,0.66802978,0.96252441
66491,-2.3312378,0.50827026,1.0444641
66492,-2.109375,0.36117554,0.97167969
66493,-2.0188904,0.31951904,0.79803467
66494,-2.2419739,0.35354614,1.0012817
66495,-2.0297241,0.34881592,1.0800171
66496,-2.1774292,0.17761231,1.111145
66497,-2.2331238,0.16113281,1.3850403
66498,-2.1853638,0.13183594,1.3581848
66499,-2.0475769,0.14205933,1.1192322
66500,-2.1292114,0.062255859,1.2394714
66501,-1.9927979,0.042114258,1.3861084
66502,-1.9900513,-0.050201416,1.4511108
66503,-1.9082642,-0.01953125,1.7427063
66504,-2.0687866,-0.016784668,1.4294434
66505,-2.0993042,-0.026702881,1.4579773
66506,-1.9949341,-0.23422241,1.4324951
66507,-1.9055176,-0.35095215,1.5270996
66508,-1.9337463,0.76568603,1.5710449
66509,-1.9873047,-0.28747559,1.6323853
66510,-1.9129944,-0.45303345,1.5197754
66511,-2.1276855,-0.60424805,1.7622375
66512,-1.9758606,-0.65063477,1.8087769
66513,-1.9540405,-0.72448731,1.7115784
66514,-1.7141724,-0.80780029,1.7474365
66515,-1.9978333,-0.96038818,1.7970276
66516,-1.8301392,-0.79895019,1.8264771
66517,-1.8482971,-0.99960327,1.855011
66518,-1.6699219,-0.96298218,1.8484497
66519,-1.6899109,-1.0493469,1.9464111
66520,-1.6629028,-1.1508179,1.9306946
66521,-1.6452026,-1.3316345,1.8252563
66522,-1.6448975,-1.4291382,1.9995117
66523,-1.4691162,-1.3101196,1.9288635
66524,-1.59729,-1.3505554,1.9464111
66525,-1.4753723,-1.4369202,1.9276428
66526,-1.2985229,-1.4782715,1.8161011
66527,-1.4175415,-1.5838623,1.8746948
66528,-1.3871765,-1.6409302,1.7947388
66529,-1.3174438,-1.608429,1.9252014
66530,-1.3790894,-1.6734314,1.9366455
66531,-1.2704468,-1.7443848,1.9009399
66532,-1.1100769,-1.7987061,1.7163086
66533,-1.0644531,-1.7362976,1.6004944
66534,-1.0733032,-1.9903564,1.7578125
66535,-1.1169434,-1.8318176,1.8652344
66536,-0.82107544,-1.7169189,1.8539429
66537,-0.72219849,-1.7298889,1.8141174
66538,-0.74752808,-1.9221497,1.6864014
66539,-0.73318481,-2.0602417,1.668396
66540,-0.62179565,-2.003479,1.6824341
66541,-0.62652588,-1.9343567,1.8482971
66542,-0.61523438,-1.9515991,1.7364502
66543,-0.48690796,-2.0254517,1.6958618
66544,-0.42907715,-2.1444702,1.7131042
66545,-0.40008545,-2.1620178,1.5394592
66546,-0.29052734,-2.0950317,1.6467285
66547,-0.30532837,-2.2395325,1.6558838
66548,-0.21667481,-2.3313904,1.7585754
66549,-0.17669678,-2.2825623,1.5106201
66550,-0.14083862,-2.2885132,1.5524292
66551,-0.13153076,-2.4717712,1.3406372
66552,-0.088348389,-2.3136902,1.4668274
66553,-0.023040771,-2.3884583,1.4797974
66554,0.14312744,-2.4308777,1.463623
66555,0.047607422,-2.414856,1.4715576
66556,0.10803223,-2.2192383,1.3092041
66557,0.12771606,-2.2612,1.2918091
66558,0.25009155,-2.366333,1.1390686
66559,0.3604126,-2.3387146,1.1380005
66560,0.31723022,-2.4684143,1.1701965
66561,0.4560852,-2.4772644,1.0458374
66562,0.50033569,-2.559967,1.0211182
66563,0.39260864,-2.5311279,0.98632813
66564,0.63873291,-2.3678589,0.83496094
66565,0.59463501,-2.5204468,0.81588745
66566,0.65856934,-2.4827576,0.77163696
66567,0.86791992,-2.2502136,0.72006226
66568,0.7711792,-2.3321533,0.68084717
66569,0.84609985,-2.348938,0.65063477
66570,0.987854,-2.3318481,0.60180664
66571,0.85784912,-2.4464417,0.23803711
66572,0.89553833,-2.256012,0.63964844
66573,0.96328735,-2.4732971,0.42800903
66574,1.0223389,-2.3347473,0.28533936
66575,1.1381531,-2.0739746,0.38833618
66576,0.97793579,-2.197876,0.15380859
66577,1.0540771,-2.066803,0.16860962
66578,1.0523987,-2.0045471,0.14663696
66579,1.0670471,-2.117157,0.34057617
66580,1.1956787,-2.0335388,0.10864258
66581,0.94192505,-1.9761658,0.15884399
66582,1.1231995,-1.9491577,0.018310547
66583,1.355896,-1.8699646,-0.009460449
66584,1.1369324,-1.9422913,-0.31356811
66585,1.1531067,-1.953125,-0.27206421
66586,1.2423706,-1.7480469,-0.23376465
66587,1.2828064,-1.6448975,-0.26306152
66588,1.2954712,-1.496582,-0.26153564
66589,1.2670898,-1.4480591,-0.26473999
66590,1.2532043,-1.578064,-0.28427124
66591,1.2594604,-1.4794922,-0.29220581
66592,1.3114929,-1.4639282,-0.3616333
66593,1.2728882,-1.3755798,-0.44769287
66594,1.2683105,-1.2976074,-0.58029175
66595,1.1021423,-1.21521,-0.67764282
66596,1.162262,-1.1953735,-0.73791504
66597,1.2304688,-1.3562012,-0.70419312
66598,1.1862183,-1.2313843,-0.67718506
66599,1.20224,-1.2756348,-0.85113525
66600,1.1442566,-1.0881042,-0.77148438
66601,1.1216736,-0.99609375,-1.0063171
66602,1.2744141,-0.93551636,-0.90270996
66603,1.1726379,-0.86502075,-0.8984375
66604,1.071167,-0.90515137,-0.87234497
66605,1.1804199,-0.80047607,-1.0295105
66606,1.2060547,-0.71456909,-0.91796875
66607,1.1219788,-0.66619873,-1.0890198
66608,0.83877563,-0.68435669,-1.0983276
66609,1.0574341,-0.64834595,-0.94070435
66610,0.9765625,-0.60806274,-1.1448669
66611,0.98175049,-0.45303345,-1.1955261
66612,0.94284058,-0.37704468,-1.322937
66613,0.86761475,-0.40084839,-1.3671875
66614,0.81222534,-0.42037964,-1.3398743
66615,0.77590942,-0.23681641,-1.3284302
66616,0.73059082,-0.21087647,-1.4440918
66617,0.60089111,-0.24978638,-1.3842773
66618,0.71060181,-0.16555786,-1.4559937
66619,0.30197144,-0.38482666,-1.4317322
66620,0.42938232,-0.26245117,-1.4039612
66621,0.63110352,0.11734009,-1.4303589
66622,0.3553772,-0.018463135,-1.3899231
66623,0.546875,-0.10238648,-1.3757324
66624,0.50674438,0.29693603,-1.2321472
66625,0.62942505,0.40512085,-1.262207
66626,0.3767395,0.50231934,-1.3996887
66627,0.26733398,0.41870117,-1.4299011
66628,0.30761719,0.63598633,-1.4698791
66629,0.27069092,0.73654175,-1.3972473
66630,0.26382446,0.806427,-1.5261841
66631,0.088806152,0.74005127,-1.4274597
66632,0.08605957,0.71548462,-1.2245178
66633,0.1008606,0.77713013,-1.3407898
66634,-0.059509277,0.81939697,-1.5856934
66635,-0.14892578,0.84014893,-1.2728882
66636,-0.12069702,0.93994141,-1.2683105
66637,-0.19760132,0.95947266,-1.2815857
66638,-0.20965576,0.95657349,-1.4012146
66639,-0.24536133,1.098938,-1.2605286
66640,-0.32943726,1.0903931,-1.3232422
66641,-0.50674438,1.3172913,-1.3900757
66642,-0.61935425,1.2310791,-1.2028503
66643,-0.63598633,1.2721252,-1.2016296
66644,-0.67901611,1.348114,-1.1003113
66645,-0.58319092,1.2057495,-1.1534119
66646,-0.67337036,1.2226868,-0.98831177
66647,-0.80291748,1.2228394,-0.93185425
66648,-0.95443726,1.2045288,-0.93948364
66649,-0.97717285,1.4389038,-0.84960938
66650,-1.0409546,1.3209534,-0.8430481
66651,-0.92681885,1.4135742,-0.75942993
66652,-1.2312317,1.2664795,-0.65322876
66653,-1.0614014,1.3160706,-0.72021484
66654,-0.99777222,1.239624,-0.60684204
66655,-1.1871338,1.3040161,-0.61553955
66656,-1.0758972,1.3955688,-0.64498901
66657,-1.3139343,1.4053345,-0.46463013
66658,-1.3745117,1.4497375,-0.50872803
66659,-1.5037537,1.3188171,-0.50994873
66660,-1.4630127,1.3349915,-0.30975342
66661,-1.6082764,1.3388062,-0.24856567
66662,-1.5219116,1.4190674,-0.2104187
66663,-1.6371155,1.2365723,-0.19210815
66664,-1.4320374,1.3482666,-0.10726929
66665,-1.8156433,0.86532593,-0.37475586
66666,-1.7948914,1.1109924,-0.1109314
66667,-1.7356873,1.224823,0.066223145
66668,-1.8557739,1.2188721,0.033721924
66669,-1.8359375,1.2445068,0.1461792
66670,-1.9110107,1.1474609,0.16342163
66671,-1.932373,1.1628723,0.069274902
66672,-1.7712402,1.0917664,0.24246216
66673,-1.8972778,1.1029053,0.37277222
66674,-1.9618225,1.0794067,0.33065796
66675,-1.942749,1.0215759,0.40649414
66676,-2.0843506,0.92727661,0.50720215
66677,-2.1072388,0.98342896,0.56900024
66678,-2.1508789,1.1196899,0.54046631
66679,-2.1549988,0.92086792,0.60668945
66680,-2.1266174,0.82885742,0.58151245
66681,-2.2195435,0.75408935,0.63690185
66682,-2.1203613,0.79193115,0.66131592
66683,-2.1614075,0.81390381,0.85327148
66684,-2.2570801,0.74432373,0.96313477
66685,-2.2267151,0.71426392,0.76721191
66686,-2.2554016,0.52001953,0.86242676
66687,-2.2218323,0.64422607,0.95306397
66688,-2.1406555,0.58349609,1.1288452
66689,-2.2250366,0.493927,1.247406
66690,-2.27005,0.52215576,1.2098694
66691,-2.1609497,0.31646728,1.2539673
66692,-2.0704651,0.37078857,1.2336731
66693,-2.3043823,0.18539429,1.3294983
66694,-2.273407,0.0831604,1.0968018
66695,-2.1791077,0.16494751,1.2968445
66696,-2.1875,0.090332031,1.5002441
66697,-2.3376465,-0.040588379,1.4051819
66698,-2.0219421,-0.27069092,1.3017273
66699,-2.0188904,-0.40176392,1.373291
66700,-2.2914124,-0.28167725,1.2261963
66701,-2.2615051,-0.21453857,1.6213989
66702,-2.3516846,-0.31600952,1.6809082
66703,-2.127533,-0.35354614,1.5419006
66704,-2.0176697,-0.42205811,1.463623
66705,-1.998291,-0.48080444,1.7793274
66706,-2.1948242,-0.62423706,1.8211365
66707,-2.0629883,-0.59417725,1.6392517
66708,-1.9418335,-0.61401367,1.7993164
66709,-1.9616699,-0.78811646,1.973114
66710,-1.9456482,-0.93292236,1.9215393
66711,-1.9325256,-0.97351074,2.0057678
66712,-2.0179749,-0.84869385,2.0863342
66713,-1.8383789,-0.82901001,2.0301819
66714,-1.9552612,-0.97549438,1.8930054
66715,-1.8510437,-1.0360718,1.8981934
66716,-1.6488647,-1.1637878,1.9937134
66717,-1.5681458,-1.4147949,1.9442749
66718,-1.6876221,-1.2229919,1.7144775
66719,-1.7672729,-1.4701843,1.9102478
66720,-1.5725708,-1.40625,2.1691895
66721,-1.4222717,-1.3249207,2.0526123
66722,-1.4361572,-1.3265991,2.1511841
66723,-1.3589478,-1.5324402,2.1551514
66724,-1.6448975,-1.5646362,1.9915771
66725,-1.4424133,-1.743927,2.0318604
66726,-1.2719727,-1.8548584,1.8545532
66727,-1.2240601,-1.8997192,2.1308899
66728,-1.3674927,-1.8943787,1.7419434
66729,-1.178894,-1.8563843,2.0309448
66730,-1.3200378,-2.0515442,1.9206238
66731,-1.0360718,-1.9639587,1.9462585
66732,-0.89263916,-1.9706726,1.9267273
66733,-0.93826294,-1.9268799,2.0166016
66734,-0.97564697,-1.9145203,1.9613647
66735,-0.7736206,-1.9921875,2.0193481
66736,-0.73699951,-2.1121216,1.9729614
66737,-0.65887451,-2.1923828,1.9747925
66738,-0.58807373,-2.2285461,1.812439
66739,-0.53665161,-2.3110962,1.8656921
66740,-0.4385376,-2.2177124,1.7811584
66741,-0.36346436,-2.2981262,1.7803955
66742,-0.3604126,-2.3599243,1.7132568
66743,-0.35064697,-2.4081421,1.6676331
66744,-0.27923584,-2.2431946,1.6430664
66745,-0.11657715,-2.2062683,1.7233276
66746,-0.079345703,-2.3019409,1.7044067
66747,-0.097351074,-2.2648621,1.6394043
66748,-0.11535645,-2.3884583,1.5559387
66749,-0.096435547,-2.3258972,1.5821838
66750,0.034332275,-2.5431824,1.4653015
66751,0.16235352,-2.4502563,1.4511108
66752,0.18676758,-2.4031067,1.4852905
66753,0.24795532,-2.253418,1.4050293
66754,0.3036499,-2.3132324,1.2731934
66755,0.28396606,-2.3582458,1.2277222
66756,0.37872314,-2.4401855,1.2149048
66757,0.4385376,-2.3709106,1.1862183
66758,0.49606323,-2.485199,1.1471558
66759,0.51589966,-2.4519348,1.0472107
66760,0.55603027,-2.4212646,0.89859009
66761,0.62301636,-2.381897,0.87768555
66762,0.66467285,-2.3692322,0.86868286
66763,0.55999756,-2.3945618,0.8430481
66764,0.7723999,-2.4365234,0.9413147
66765,0.9274292,-2.3812866,0.73562622
66766,0.7661438,-2.3451233,0.67886353
66767,0.92407227,-2.3867798,0.51513672
66768,0.79116821,-2.4458313,0.57952881
66769,0.91751099,-2.4876404,0.36682129
66770,1.0021973,-2.2341919,0.35949707
66771,0.95474243,-2.2906494,0.37719727
66772,0.94161987,-2.2320557,0.37765503
66773,1.048584,-2.1629333,0.30883789
66774,1.0722351,-2.0806885,0.28625488
66775,1.0632324,-2.0875549,0.18188477
66776,1.1817932,-2.2239685,-0.001983643
66777,1.3069153,-2.0751953,-0.061798096
66778,1.3146973,-2.172699,0.009460449
66779,1.3604736,-2.0318604,0.10986328
66780,1.1802673,-2.0396423,-0.048980713
66781,1.3117981,-2.0599365,-0.039672852
66782,1.3417053,-1.9560242,-0.035705566
66783,1.2309265,-1.7195129,-0.11413574
66784,1.3420105,-1.7221069,-0.22705078
66785,1.2866211,-1.6120911,-0.2722168
66786,1.395874,-1.7071533,-0.42480469
66787,1.2882996,-1.5266418,-0.51315308
66788,1.3742065,-1.6929626,-0.62652588
66789,1.4811707,-1.5724182,-0.47119141
66790,1.4614868,-1.4962769,-0.46096802
66791,1.3735962,-1.5008545,-0.57006836
66792,1.3534546,-1.4219666,-0.68527222
66793,1.3639832,-1.3409424,-0.64834595
66794,1.4271545,-1.2554932,-0.79696655
66795,1.3545227,-1.3232422,-0.85220337
66796,1.3601685,-1.2469482,-0.80810547
66797,1.3739014,-1.2266541,-0.97106934
66798,1.3122559,-0.97671509,-0.88470459
66799,1.3856506,-0.9286499,-0.93429565
66800,1.2451172,-0.91537476,-1.1219788
66801,1.2783813,-0.89645386,-1.1619568
66802,1.1470032,-0.81115723,-1.1224365
66803,1.2261963,-0.65963745,-1.2426758
66804,1.162262,-0.60058594,-1.1849976
66805,1.08078,-0.4989624,-1.2849426
66806,1.0534668,-0.49194336,-1.2426758
66807,1.210022,-0.50811768,-1.2579346
66808,1.0656738,-0.39001465,-1.2524414
66809,0.8505249,-0.39382935,-1.229248
66810,1.0493469,-0.25131226,-1.3583374
66811,1.2051392,-0.31433106,-1.2878418
66812,1.1187744,-0.28045654,-1.2602234
66813,1.0429382,-0.26809692,-1.3150024
66814,0.94238281,-0.047454834,-1.4027405
66815,0.73120117,0.036315918,-1.3951111
66816,0.62988281,-0.15487671,-1.5757751
66817,0.49606323,-0.071563721,-1.6134644
66818,0.61523438,0.086975098,-1.4805603
66819,0.76080322,0.11734009,-1.5351868
66820,0.57113647,-0.099029541,-1.6184998
66821,0.5871582,0.2243042,-1.6403198
66822,0.46600342,0.40908814,-1.6685486
66823,0.51589966,0.52856445,-1.4294434
66824,0.38314819,0.67047119,-1.375885
66825,0.28656006,0.43914795,-1.5386963
66826,0.41778564,0.48065186,-1.4155579
66827,0.21209717,0.66513062,-1.5339661
66828,0.21438599,0.79742432,-1.4135742
66829,0.097808838,0.81375122,-1.5080261
66830,0.02746582,0.84884644,-1.3987732
66831,0.10238648,0.74005127,-1.4465332
66832,0.057678223,0.5859375,-1.4839172
66833,-0.046234131,0.6954956,-1.4395142
66834,-0.096435547,0.77789307,-1.2872314
66835,-0.15136719,0.88012695,-1.5776062
66836,-0.17181397,1.0032654,-1.4556885
66837,-0.24765015,1.1439514,-1.1981201
66838,-0.39215088,1.1877441,-1.1689758
66839,-0.47668457,1.427002,-1.0966492
66840,-0.49819946,1.3204956,-1.2060547
66841,-0.47241211,1.2640381,-1.2120056
66842,-0.55908203,1.3124084,-1.0935974
66843,-0.72937012,1.2313843,-1.0565186
66844,-0.83404541,1.1740112,-0.99975586
66845,-0.91934204,1.1439514,-1.133728
66846,-0.94696045,1.3072205,-1.0487366
66847,-1.0258484,1.5394592,-0.90942383
66848,-1.0321045,1.3293457,-0.86181641
66849,-1.1804199,1.4857483,-0.96710205
66850,-1.0871887,1.3687134,-0.85372925
66851,-1.2649536,1.3279724,-0.79315185
66852,-1.2841797,1.3845825,-0.65048218
66853,-1.348114,1.2850952,-0.51010132
66854,-1.3305664,1.5338135,-0.52947998
66855,-1.3127136,1.3642883,-0.40649414
66856,-1.3310242,1.4276123,-0.46524048
66857,-1.4726257,1.5847778,-0.24810791
66858,-1.3711548,1.4508057,-0.32348633
66859,-1.4863586,1.3656616,-0.20782471
66860,-1.5341187,1.4541626,-0.25619507
66861,-1.672821,1.1018372,-0.46295166
66862,-1.7883301,1.1677551,-0.30853272
66863,-1.8977356,1.2867737,-0.12939453
66864,-1.7294312,1.388092,-0.068054199
66865,-1.847229,1.2741089,0.048675537
66866,-1.6972351,1.3128662,-0.019378662
66867,-1.9258118,1.2939453,0.11505127
66868,-1.7724609,1.2179565,0.19668579
66869,-1.9337463,1.111908,0.22125244
66870,-1.9250488,1.2696838,0.2998352
66871,-2.1289063,1.0707092,0.43212891
66872,-1.9512939,1.0321045,0.54473877
66873,-2.2145081,0.97747803,0.47485352
66874,-2.1470642,0.93597412,0.34225464
66875,-2.1870422,1.0812378,0.52490234
66876,-2.2131348,1.0769653,0.59326172
66877,-2.195282,0.93566894,0.54199219
66878,-2.1546936,0.85739136,0.60089111
66879,-2.2393799,0.86669922,0.61477661
66880,-2.350769,0.85830688,0.65612793
66881,-2.273407,0.98510742,0.81848144
66882,-2.3834229,0.73638916,0.79742432
66883,-2.3999023,0.70327759,1.055603
66884,-2.2016907,0.67077637,1.1672974
66885,-2.2506714,0.62225342,1.1099243
66886,-2.2767639,0.54656982,1.1746216
66887,-2.3104858,0.54260254,1.2348938
66888,-2.3161316,0.63079834,1.1358643
66889,-2.2712708,0.28823853,1.1553955
66890,-2.1182251,0.37887573,1.1734009
66891,-2.1513367,0.32684326,1.3938904
66892,-2.2329712,0.14221191,1.3720703
66893,-2.2338867,0.068817139,1.4318848
66894,-2.1469116,0.036773682,1.3439941
66895,-2.1943665,0.039978027,1.3778687
66896,-2.3469543,-0.023803711,1.4169312
66897,-2.1112061,-0.096893311,1.5187073
66898,-2.1121216,-0.14831543,1.333313
66899,-2.1264648,-0.16693115,1.6424561
66900,-2.1414185,-0.33920288,1.8652344
66901,-2.2996521,-0.44937134,1.7390442
66902,-2.1806335,-0.40466309,1.5234375
66903,-2.0999146,-0.7359314,1.5673828
66904,-2.1165466,-0.44387817,1.8354797
66905,-2.0033264,-0.70297241,1.7233276
66906,-2.1029663,-0.67871094,1.7623901
66907,-2.0404053,-0.82351685,2.0057678
66908,-2.0028687,-0.78079224,2.0477295
66909,-2.0152283,-0.79071045,1.889801
66910,-2.0509338,-0.79177856,1.849823
66911,-1.9493103,-0.78338623,1.9961548
66912,-1.7526245,-1.0061646,1.8658447
66913,-1.880188,-0.834198,1.8959045
66914,-1.774292,-1.1959839,1.9451904
66915,-1.7102051,-1.2026978,2.0095825
66916,-1.6571045,-1.494751,1.985321
66917,-1.5562439,-1.5467834,2.0758057
66918,-1.5698242,-1.3296509,2.2299194
66919,-1.5054321,-1.394043,2.1525574
66920,-1.4575195,-1.3580322,2.1769714
66921,-1.5124512,-1.3322449,2.170105
66922,-1.4291382,-1.4746094,2.1057129
66923,-1.3619995,-1.6120911,1.9833374
66924,-1.1973572,-1.5432739,2.0697021
66925,-1.1601257,-1.6744995,1.9389343
66926,-1.0455322,-1.6049194,2.0498657
66927,-1.0452271,-1.6958618,1.8756104
66928,-1.0414124,-1.7745972,2.0162964
66929,-0.99075317,-1.7579651,1.9387817
66930,-0.90820313,-1.8965149,2.0179749
66931,-0.82565308,-1.9032288,1.8133545
66932,-0.76690674,-1.8780518,2.1035767
66933,-0.834198,-1.9090271,1.9909668
66934,-0.68359375,-1.9415283,1.9621277
66935,-0.72509766,-1.8800354,1.985321
66936,-0.58746338,-1.8829346,1.834259
66937,-0.59326172,-1.9023132,2.0191956
66938,-0.37521362,-2.2154236,1.8994141
66939,-0.39154053,-1.9779968,1.7939758
66940,-0.27633667,-1.9334412,1.7431641
66941,-0.34973144,-2.0297241,1.7010498
66942,-0.2420044,-1.8841553,1.7059326
66943,-0.19744873,-2.2148132,1.5783691
66944,-0.16189575,-2.2738647,1.5570068
66945,-0.20446777,-2.2598267,1.5370178
66946,-0.12924194,-2.2866821,1.4175415
66947,0.031890869,-2.46521,1.4660645
66948,0.045166016,-2.3855591,1.4231873
66949,0.12756348,-2.3908997,1.4370728
66950,0.21759033,-2.1780396,1.4172363
66951,0.24353027,-2.2705078,1.4346313
66952,0.3527832,-2.2898865,1.3659668
66953,0.46066284,-2.4523926,1.289978
66954,0.40740967,-2.4064636,1.217804
66955,0.53466797,-2.4316406,1.1601257
66956,0.61203003,-2.4386597,1.0821533
66957,0.64743042,-2.5875854,1.0578918
66958,0.67108154,-2.5401306,0.90682983
66959,0.64025879,-2.6228333,0.834198
66960,0.72158813,-2.5062561,0.72845459
66961,0.79971313,-2.5196838,0.73730469
66962,0.75073242,-2.4794006,0.81176758
66963,0.77041626,-2.3606873,0.65750122
66964,0.83618164,-2.4200439,0.52703857
66965,0.89248657,-2.2546387,0.6288147
66966,0.97137451,-2.1774292,0.56243897
66967,0.94451904,-2.2532654,0.39001465
66968,0.99487305,-2.127533,0.14602661
66969,1.0830688,-2.1484375,0.39489746
66970,1.1032104,-2.0831299,0.33599853
66971,1.0823059,-2.0370483,0.31066894
66972,1.1206055,-2.0050049,0.15045166
66973,1.105957,-2.0217896,0.25421143
66974,1.1499023,-2.0579529,0.184021
66975,1.2014771,-2.1403503,0.12786865
66976,1.3038635,-2.061615,0.048217773
66977,1.2513733,-2.0925903,0.03692627
66978,1.3194275,-1.8933105,-0.069122314
66979,1.2117004,-1.9023132,-0.24398804
66980,1.3146973,-1.8363953,-0.17288208
66981,1.206665,-1.681366,-0.18432617
66982,1.2243652,-1.7050171,-0.42480469
66983,1.18927,-1.7648315,-0.1991272
66984,1.2628174,-1.612854,-0.25039673
66985,1.4234924,-1.5762329,-0.4057312
66986,1.2585449,-1.4532471,-0.68664551
66987,1.2309265,-1.4421082,-0.58532715
66988,1.3259888,-1.4323425,-0.77606201
66989,1.3397217,-1.5278625,-0.73730469
66990,1.2197876,-1.5209961,-0.69061279
66991,1.1328125,-1.4746094,-0.71334839
66992,1.3430786,-1.2663269,-0.79986572
66993,1.3685608,-1.2545776,-0.81848144
66994,1.2062073,-1.0313416,-0.96160889
66995,1.2893677,-1.0217285,-0.96221924
66996,1.2353516,-1.0159302,-0.87493897
66997,1.1489868,-0.98114014,-0.95611572
66998,1.1227417,-0.69854736,-1.0093689
66999,1.0508728,-0.83984375,-0.990448
67000,1.1184692,-0.67672729,-1.0623169
67001,1.1557007,-0.67687988,-1.1381531
67002,1.2182617,-0.71121216,-1.1158752
67003,1.1407471,-0.76217651,-1.0108948
67004,1.1459351,-0.57601929,-1.1274719
67005,0.9916687,-0.53009033,-1.1103821
67006,1.0009766,-0.44342041,-1.2390137
67007,0.94680786,-0.51574707,-1.2142944
67008,0.8921814,-0.37109375,-1.1097717
67009,0.88378906,-0.2355957,-1.1804199
67010,0.93353272,-0.26397705,-1.2347412
67011,0.79772949,-0.35842895,-1.3734436
67012,0.66665649,-0.22979736,-1.2760925
67013,0.75164795,-0.023803711,-1.4207459
67014,0.35522461,-0.21331787,-1.5562439
67015,0.73135376,0.10650635,-1.5524292
67016,0.50262451,0.1991272,-1.544342
67017,0.5859375,0.23727417,-1.6156006
67018,0.69000244,0.36254883,-1.5019226
67019,0.37353516,0.59280396,-1.2490845
67020,0.34362793,0.57144165,-1.4076233
67021,0.45883179,0.3352356,-1.456604
67022,0.33004761,0.52886963,-1.4613342
67023,0.34378052,0.62271118,-1.4196777
67024,0.3213501,0.57800293,-1.272583
67025,0.29144287,0.61508179,-1.4027405
67026,0.14892578,0.60668945,-1.3912964
67027,0.14404297,0.8215332,-1.5232849
67028,-0.20126343,0.74127197,-1.3595581
67029,0.011291504,0.87005615,-1.3265991
67030,-0.10299683,0.92193603,-1.3238525
67031,-0.11413574,0.80993652,-1.4532471
67032,-0.2784729,0.87661743,-1.2139893
67033,-0.046691895,0.8694458,-1.2825012
67034,-0.17822266,0.83877563,-1.3487244
67035,-0.38299561,1.0379028,-1.2283325
67036,-0.40939331,1.0647583,-1.1090088
67037,-0.37384033,1.1425781,-1.2413025
67038,-0.5329895,1.091156,-1.1509705
67039,-0.4977417,1.1135864,-1.1431885
67040,-0.57296753,1.1108398,-0.97412109
67041,-0.67321777,1.0333252,-0.97503662
67042,-0.78231812,1.1408997,-0.89309692
67043,-0.87341309,0.99487305,-0.9274292
67044,-0.77865601,1.1779785,-0.91430664
67045,-0.83175659,1.4395142,-0.85388184
67046,-1.0621643,1.2628174,-0.73135376
67047,-1.0748291,1.4056396,-0.62698364
67048,-1.1791992,1.138916,-0.75256348
67049,-1.1087036,1.2121582,-0.76858521
67050,-1.0787964,1.1077881,-0.72753906
67051,-1.1679077,1.375885,-0.60394287
67052,-1.3313293,1.6271973,-0.51269531
67053,-1.1891174,1.5422058,-0.54748535
67054,-1.3618469,1.3911438,-0.50567627
67055,-1.2940979,1.3818359,-0.42541504
67056,-1.411438,1.3978577,-0.45654297
67057,-1.4596558,1.3742065,-0.29205322
67058,-1.6473389,1.3331604,-0.2696228
67059,-1.5148926,1.3861084,-0.16204834
67060,-1.6468811,1.3630676,-0.25894165
67061,-1.8029785,1.2658691,-0.003356934
67062,-1.7123413,1.2409973,-0.22842407
67063,-1.759491,1.2049866,-0.039672852
67064,-1.783905,1.1621094,-0.06652832
67065,-1.8069458,1.1679077,-0.018920898
67066,-1.7816162,1.1112976,0.24246216
67067,-1.8321228,1.0606384,0.15930176
67068,-1.864624,1.1035156,0.35125732
67069,-2.2036743,1.1857605,0.35095215
67070,-2.0355225,1.2211609,0.45318603
67071,-1.8733215,1.138916,0.42907715
67072,-2.0283508,0.96374512,0.40374756
67073,-2.2080994,1.0601807,0.55953979
67074,-2.073822,1.0455322,0.61294556
67075,-2.1240234,0.95397949,0.68649292
67076,-2.0669556,1.0096741,0.73623657
67077,-1.9622803,0.92834473,0.72433472
67078,-1.9520569,0.83511353,0.73501587
67079,-2.0675659,0.68603516,0.76019287
67080,-2.2027588,0.59768677,0.90026856
67081,-2.3310852,0.51727295,0.97335815
67082,-2.2143555,0.75622559,0.99853516
67083,-2.3103333,0.77896118,1.0501099
67084,-2.2590637,0.62103272,1.0540771
67085,-2.2157288,0.56564331,0.99868774
67086,-2.335968,0.43182373,1.3006592
67087,-2.1005249,0.51422119,1.2536621
67088,-2.1363831,0.53939819,1.230011
67089,-2.1794128,0.40130615,1.0839844
67090,-2.2221375,0.34698486,1.3615417
67091,-2.0960999,0.3012085,1.464386
67092,-2.2103882,0.23971558,1.4256287
67093,-2.2225952,0.28839111,1.5565491
67094,-2.0385742,0.21087647,1.5116882
67095,-2.286377,0.027160645,1.6204834
67096,-2.0152283,-0.074310303,1.4285278
67097,-2.0254517,-0.19042969,1.4407349
67098,-2.099762,-0.365448,1.8551636
67099,-2.0132446,-0.46554565,1.6699219
67100,-2.2427368,-0.32150269,1.3386536
67101,-2.0909119,-0.097045898,1.4767456
67102,-2.0349121,-0.31524658,1.5544128
67103,-2.0623779,-0.41061401,1.6423035
67104,-1.9418335,-0.71609497,1.6943359
67105,-1.998291,-0.63598633,1.711731
67106,-2.0062256,-0.81863403,1.7614746
67107,-1.8107605,-0.77377319,1.8145752
67108,-1.8922424,-0.86166382,1.8966675
67109,-1.7326355,-1.0049438,1.9093323
67110,-1.756134,-0.95565796,1.998291
67111,-1.7094421,-1.1097717,1.9139099
67112,-1.5803528,-0.98205566,1.9787598
67113,-1.6845703,-1.071167,1.8069458
67114,-1.6195679,-1.0882568,1.9010925
67115,-1.6325378,-1.1865234,1.8470764
67116,-1.5969849,-1.1460876,1.6867065
67117,-1.4646912,-1.1454773,2.0513916
67118,-1.5184021,-1.3035584,1.7900085
67119,-1.6311646,-1.3931274,1.7950439
67120,-1.2532043,-1.28479,1.9760132
67121,-1.5130615,-1.4242554,1.7951965
67122,-1.2278748,-1.5104675,1.9184875
67123,-1.2205505,-1.5910339,2.0829773
67124,-1.1558533,-1.8725586,1.9625854
67125,-1.0934448,-1.8804932,1.9393921
67126,-1.0325623,-1.640625,1.9577026
67127,-0.98571777,-1.6778564,1.8405151
67128,-0.97259522,-1.8789673,1.8814087
67129,-0.92956543,-1.8247986,1.8928528
67130,-0.86547852,-1.7765808,1.8939209
67131,-0.73150635,-1.9564819,1.8467712
67132,-0.6791687,-2.0581055,1.8443298
67133,-0.70648193,-1.9981384,1.7852783
67134,-0.50369263,-2.1443176,1.7776489
67135,-0.51330566,-2.2763062,1.8540955
67136,-0.60791016,-2.1818542,1.8093872
67137,-0.40588379,-2.1110535,1.8371582
67138,-0.23239136,-2.2033691,1.6615295
67139,-0.17578125,-2.1536255,1.6896057
67140,-0.24078369,-2.166748,1.5692139
67141,-0.17822266,-2.2181702,1.605835
67142,-0.11550903,-2.3574829,1.7156982
67143,-0.20095825,-2.2277832,1.660614
67144,-0.10040283,-2.1980286,1.5562439
67145,0.021362305,-2.4267578,1.4376831
67146,0.095672607,-2.3226929,1.3745117
67147,0.099029541,-2.2714233,1.3237
67148,0.13183594,-2.3399353,1.2641907
67149,0.15365601,-2.4066162,1.2203979
67150,0.21636963,-2.4316406,1.1514282
67151,0.24185181,-2.3930359,1.0684204
67152,0.28030395,-2.406311,1.0752869
67153,0.46691894,-2.2460938,1.139679
67154,0.56640625,-2.230072,1.0771179
67155,0.54443359,-2.5079346,1.0925293
67156,0.56976318,-2.3588562,1.0618591
67157,0.55892944,-2.4372864,0.85418701
67158,0.6098938,-2.4856567,0.71456909
67159,0.67077637,-2.54776,0.8517456
67160,0.82778931,-2.3417664,0.77255249
67161,0.71929932,-2.3434448,0.60791016
67162,0.73623657,-2.2381592,0.61889648
67163,0.82382202,-2.1923828,0.44433594
67164,0.94787598,-2.2703552,0.48858643
67165,0.83953857,-2.1443176,0.4536438
67166,0.78491211,-2.1702576,0.46539307
67167,0.8442688,-2.1260071,0.50689697
67168,1.0696411,-1.986084,0.44006348
67169,0.97381592,-2.0080566,0.21560669
67170,1.0816956,-2.0951843,0.25131226
67171,1.0621643,-2.048645,0.12039185
67172,1.0757446,-1.8862915,0.19332886
67173,1.0595703,-1.9616699,0.16189575
67174,1.2232971,-1.8173218,0.012969971
67175,1.0639954,-1.9042969,-0.042724609
67176,1.1749268,-1.7118835,-0.077514648
67177,1.2072754,-1.7486572,-0.1234436
67178,1.2452698,-1.8521118,-0.14831543
67179,1.1428833,-1.8002319,-0.098876953
67180,1.15448,-1.580658,-0.047149658
67181,1.1123657,-1.6421509,-0.10543823
67182,1.2124634,-1.5362549,-0.35949707
67183,1.1630249,-1.3851929,-0.30593872
67184,1.3438416,-1.4498901,-0.43991089
67185,1.2864685,-1.4489746,-0.4548645
67186,1.2843323,-1.4794922,-0.49926758
67187,1.1932373,-1.394043,-0.6137085
67188,1.312561,-1.2892151,-0.63323975
67189,1.1807251,-1.452179,-0.74356079
67190,1.0986328,-1.229248,-0.73669434
67191,1.0618591,-1.0777283,-1.0096741
67192,1.0009766,-1.1955261,-0.81466675
67193,1.2159729,-0.94345093,-0.79940796
67194,1.0212708,-0.96588135,-0.8253479
67195,1.0549927,-1.0302734,-0.96054077
67196,0.98175049,-0.81085205,-0.91308594
67197,0.94345093,-0.81832886,-0.90942383
67198,1.0513306,-0.75027466,-0.88180542
67199,1.1238098,-0.65689087,-0.98831177
67200,1.0696411,-0.66986084,-1.0057068
67201,0.97351074,-0.54382324,-0.89950562
67202,0.94726563,-0.60531616,-0.93948364
67203,1.0693359,-0.41976929,-1.0630798
67204,0.83221435,-0.50384522,-1.0960388
67205,0.9060669,-0.42480469,-1.2393188
67206,1.0113525,-0.34179688,-1.2309265
67207,0.91125488,-0.2998352,-1.2583923
67208,0.79986572,-0.12512207,-1.2713623
67209,0.70877075,-0.067749023,-1.2477112
67210,0.7800293,-0.099029541,-1.3696289
67211,0.75332642,0.12771606,-1.217804
67212,0.74615478,0.21972656,-1.2966919
67213,0.53100586,0.15319824,-1.3473511
67214,0.44876099,-0.015411377,-1.2825012
67215,0.43792725,-0.002441406,-1.3786316
67216,0.49163818,0.11001587,-1.3432312
67217,0.41778564,0.27145386,-1.3146973
67218,0.26870728,0.34225464,-1.2498474
67219,0.4624939,0.3225708,-1.3299561
67220,0.45455933,0.39337158,-1.2094116
67221,0.27832031,0.55145264,-1.2374878
67222,0.37948608,0.63598633,-1.1756897
67223,0.21286011,0.77041626,-1.305542
67224,0.17669678,0.65597534,-1.3256836
67225,0.030212402,0.57128906,-1.4544678
67226,0.060272217,0.57220459,-1.1972046
67227,-0.17150879,0.76049805,-1.2168884
67228,-0.011444092,0.7170105,-1.2017822
67229,-0.25726318,0.77011108,-1.2083435
67230,-0.29113769,0.81237793,-1.1508179
67231,-0.21286011,0.75180054,-1.0786438
67232,-0.14083862,0.89096069,-1.194458
67233,-0.36636353,1.0926819,-1.0620117
67234,-0.42755127,1.036377,-1.0443115
67235,-0.40527344,1.1193848,-1.0623169
67236,-0.3717041,1.2246704,-0.99029541
67237,-0.49423218,1.0317993,-0.99487305
67238,-0.72570801,0.99685669,-0.87982178
67239,-0.73822022,1.0375977,-1.0298157
67240,-0.69213867,1.2420654,-0.91415405
67241,-0.76278687,1.2882996,-0.93933106
67242,-0.7623291,1.4916992,-0.99960327
67243,-0.81939697,1.2762451,-0.834198
67244,-0.87478638,1.2057495,-0.7019043
67245,-0.97076416,1.1395264,-0.5480957
67246,-0.96160889,1.0717773,-0.70205688
67247,-1.121521,1.2609863,-0.5329895
67248,-1.1564636,1.1836243,-0.45043945
67249,-1.2408447,1.1975098,-0.47424316
67250,-1.2304688,1.0908508,-0.37689209
67251,-1.2643433,1.2374878,-0.38726807
67252,-1.3951111,1.063385,-0.29037476
67253,-1.3905334,1.1299133,-0.31646728
67254,-1.4349365,1.1723328,-0.42007446
67255,-1.5379334,0.93765259,-0.22857666
67256,-1.5405273,0.99502563,-0.032958984
67257,-1.4881897,1.0479736,-0.012969971
67258,-1.635437,1.1297607,-0.19744873
67259,-1.5931702,1.1535645,0.024414063
67260,-1.638031,1.0864258,0.080566406
67261,-1.6467285,0.9841919,0.23635864
67262,-1.6853333,1.0751343,0.19699097
67263,-1.6894531,1.0617065,0.088195801
67264,-1.6288757,1.0699463,0.15670776
67265,-1.7861938,1.1390686,0.33859253
67266,-1.8484497,1.0995483,0.37506103
67267,-1.8309021,0.93154907,0.41244507
67268,-1.8569946,1.1035156,0.33721924
67269,-1.81427,0.95169067,0.47439575
67270,-1.8473816,0.83297729,0.41503906
67271,-2.016449,0.88562012,0.42694092
67272,-1.8681335,0.79177856,0.5241394
67273,-1.8388367,0.6918335,0.66986084
67274,-1.8992615,0.67596435,0.67626953
67275,-1.9126892,0.66650391,0.60806274
67276,-2.0526123,0.60729981,0.78140259
67277,-1.9306946,0.65261841,0.84884644
67278,-1.8972778,0.53787231,0.76660156
67279,-2.0977783,0.47607422,0.96008301
67280,-2.1287537,0.38726807,1.0351563
67281,-1.8928528,0.45761108,0.96191406
67282,-2.056427,0.24780273,0.98526001
67283,-2.1350098,0.32455444,1.0839844
67284,-2.1687317,0.26702881,1.0263062
67285,-2.0239258,0.30059814,1.25
67286,-1.9624329,0.056762695,1.1349487
67287,-1.9352722,0.010375977,1.361084
67288,-2.0776367,0.061340332,1.289978
67289,-1.938324,0.010528564,1.289978
67290,-2.0013428,-0.22094727,1.2896729
67291,-1.947937,-0.42785644,1.3146973
67292,-1.8447876,-0.27023315,1.4797974
67293,-1.8708801,-0.21240234,1.343689
67294,-1.953125,-0.42175293,1.2931824
67295,-1.9049072,-0.39794922,1.3800049
67296,-2.0349121,-0.5267334,1.867218
67297,-1.8499756,-0.61233521,1.6789246
67298,-1.905365,-0.64437866,1.2965393
67299,-1.8902588,-0.61691284,1.5193176
67300,-1.8357849,-0.72906494,1.8914795
67301,-1.8383789,-0.88027954,1.6416931
67302,-1.806488,-0.92224121,1.6226196
67303,-1.7706299,-0.89477539,1.6687012
67304,-1.7391968,-0.80932617,1.8681335
67305,-1.7546082,-0.87554932,1.8814087
67306,-1.6990662,-0.87814331,1.7402649
67307,-1.5930176,-0.89950562,1.736908
67308,-1.6287231,-0.92132568,1.9487
67309,-1.5753174,-1.2023926,1.7996216
67310,-1.4704895,-1.1665344,1.9137573
67311,-1.4802551,-1.3539124,1.9377136
67312,-1.4251709,-1.2271118,1.943512
67313,-1.4389038,-1.3012695,1.9787598
67314,-1.2724304,-1.2028503,1.9390869
67315,-1.2211609,-1.2223816,1.9451904
67316,-1.2039185,-1.2496948,1.9142151
67317,-1.1941528,-1.3256836,1.8643188
67318,-1.2155151,-1.5557861,1.8005371
67319,-1.0449219,-1.5467834,1.8011475
67320,-1.1647034,-1.6029358,1.7440796
67321,-0.97015381,-1.7370605,1.7727661
67322,-0.98937988,-1.829834,1.9017029
67323,-0.9298706,-1.8257141,1.8017578
67324,-0.88165283,-1.6952515,1.8363953
67325,-0.79406738,-1.7959595,1.8237305
67326,-0.67626953,-1.930542,1.6824341
67327,-0.60791016,-1.8156433,1.7536926
67328,-0.73928833,-1.8927002,1.6659546
67329,-0.55206299,-1.7808533,1.5826416
67330,-0.54244995,-1.9322205,1.5852356
67331,-0.51895142,-1.9625854,1.5480041
67332,-0.53375244,-2.0654297,1.5740967
67333,-0.38528442,-2.0300293,1.5112305
67334,-0.47027588,-1.9998169,1.6163635
67335,-0.35873413,-1.9563293,1.4974976
67336,-0.15579224,-2.0558167,1.3314819
67337,-0.17776489,-2.1136475,1.3369751
67338,-0.14556885,-2.1276855,1.2994385
67339,-0.068206787,-1.9943237,1.2722778
67340,0.01373291,-2.1061707,1.295929
67341,0.017089844,-2.205658,1.3000488
67342,0.13183594,-2.137146,1.2225342
67343,0.14709473,-2.1206665,1.2348938
67344,0.14953613,-2.1713257,1.2954712
67345,0.181427,-2.0947266,1.2728882
67346,0.24032593,-2.1360779,1.2255859
67347,0.30395508,-2.0506287,1.2628174
67348,0.34545898,-2.000885,1.1358643
67349,0.41915894,-1.9708252,1.03302
67350,0.51651001,-2.0904541,0.97167969
67351,0.47271728,-2.1731567,0.84686279
67352,0.58547974,-2.1751404,0.7472229
67353,0.62255859,-2.2026062,0.74371338
67354,0.55038452,-2.1690369,0.74371338
67355,0.64987183,-2.0498657,0.68664551
67356,0.70632935,-1.9158936,0.63232422
67357,0.74050903,-1.9694519,0.43212891
67358,0.70678711,-2.0054626,0.64941406
67359,0.86914063,-2.0005798,0.44265747
67360,0.86410522,-2.046814,0.36224365
67361,0.9185791,-2.0753479,0.31646728
67362,0.88928223,-2.109375,0.23284912
67363,1.053772,-1.9219971,0.27420044
67364,0.85098267,-1.9943237,0.084991455
67365,0.85861206,-1.940155,0.068664551
67366,0.85754394,-1.8406677,0.10772705
67367,0.93338013,-1.9125366,0.012664795
67368,0.93795776,-1.8101501,-0.06439209
67369,1.0525513,-1.8153381,-0.10696411
67370,1.0113525,-1.8212891,-0.047302246
67371,1.0632324,-1.8930054,-0.098571777
67372,1.0881042,-1.8040466,-0.08102417
67373,0.92559815,-1.8154907,-0.19851685
67374,1.1738586,-1.7745972,-0.13504028
67375,1.1868286,-1.5159607,-0.36270142
67376,1.0549927,-1.5779114,-0.48522949
67377,1.2432861,-1.411438,-0.51300049
67378,1.1431885,-1.3848877,-0.64086914
67379,1.1555481,-1.3975525,-0.5847168
67380,1.0971069,-1.3676453,-0.52719116
67381,1.2112427,-1.3568115,-0.53649902
67382,0.98587036,-1.1618042,-0.58135986
67383,0.91812134,-1.0505676,-0.65429688
67384,0.91415405,-0.90713501,-0.60882568
67385,0.91888428,-1.0296631,-0.67352295
67386,0.92346191,-1.0061646,-0.66375732
67387,0.91156006,-1.0403442,-0.81298828
67388,1.0424805,-0.81466675,-0.84854126
67389,1.0345459,-0.90072632,-0.94833374
67390,0.88806152,-0.79299927,-0.79666138
67391,0.98892212,-0.80322266,-0.93841553
67392,1.0806274,-0.62057495,-0.98846435
67393,0.94299316,-0.61691284,-1.0571289
67394,0.91186523,-0.62774658,-0.99182129
67395,0.83526611,-0.57373047,-0.98892212
67396,0.87677002,-0.35461426,-1.1080933
67397,0.94619751,-0.44189453,-1.2257385
67398,0.82351685,-0.43609619,-1.2142944
67399,0.86868286,-0.43518066,-0.98800659
67400,0.66833496,-0.13397217,-1.159668
67401,0.55862427,-0.23681641,-1.1058044
67402,0.65093994,-0.037231445,-1.2298584
67403,0.6640625,0.003662109,-1.2033081
67404,0.6111145,-0.025634766,-1.137085
67405,0.55511475,-0.024719238,-1.2303162
67406,0.27160644,-0.28915405,-1.235199
67407,0.5128479,-0.17990112,-1.3639832
67408,0.47988892,0.089416504,-1.4250183
67409,0.32714844,0.16372681,-1.3546753
67410,0.43823242,0.30029297,-1.2634277
67411,0.32501221,0.18814087,-1.3291931
67412,0.40908814,0.23468018,-1.2457275
67413,0.17868042,0.39321899,-1.3612366
67414,0.27999878,0.51879883,-1.2275696
67415,0.22262573,0.55877685,-1.2350464
67416,0.21759033,0.52917481,-1.2704468
67417,0.11917114,0.47653198,-1.2864685
67418,-0.08972168,0.52246094,-1.2944031
67419,0.049133301,0.4750061,-1.1813354
67420,0.017089844,0.7510376,-1.1724854
67421,-0.068664551,0.82931519,-1.2039185
67422,-0.11535645,0.90896606,-1.2277222
67423,-0.23666382,0.90240478,-1.1099243
67424,-0.27526856,0.93841553,-1.0948181
67425,-0.27175903,0.84625244,-1.1195374
67426,-0.49819946,0.89279175,-1.0986328
67427,-0.48629761,1.0975647,-1.1932373
67428,-0.40161133,0.96191406,-1.0534668
67429,-0.5960083,0.92193603,-0.79101563
67430,-0.55252075,1.1260986,-1.1708069
67431,-0.64559937,1.1965942,-1.0462952
67432,-0.58197022,1.2362671,-0.96374512
67433,-0.73852539,1.1993408,-0.73928833
67434,-0.72570801,1.2394714,-0.74645996
67435,-0.72341919,1.2017822,-0.69015503
67436,-0.85083008,1.131897,-0.62225342
67437,-0.81420898,1.174469,-0.6942749
67438,-1.0664368,1.2322998,-0.62332153
67439,-1.0835266,1.2049866,-0.58105469
67440,-1.2976074,1.2625122,-0.62545776
67441,-1.2654114,1.2228394,-0.50811768
67442,-1.1431885,1.2016296,-0.60577393
67443,-1.113739,1.2139893,-0.59631348
67444,-1.1897278,1.1816406,-0.57891846
67445,-1.2081909,1.2417603,-0.41732788
67446,-1.366272,1.1291504,-0.36178589
67447,-1.5361023,1.15448,-0.23284912
67448,-1.4640808,1.1950684,-0.38391113
67449,-1.4936829,1.2286377,-0.16098023
67450,-1.5405273,1.0131836,-0.26687622
67451,-1.4982605,1.2779236,-0.016784668
67452,-1.5983582,1.1872864,-0.096435547
67453,-1.7550659,1.164093,0.033416748
67454,-1.6426086,1.2083435,-0.016326904
67455,-1.6722107,1.0838318,0.1083374
67456,-1.7152405,0.90209961,0.11444092
67457,-1.6790771,1.0063171,0.21820068
67458,-1.7245483,0.97412109,0.24108887
67459,-1.8630981,1.177063,0.35369873
67460,-1.9146729,1.0084534,0.25299072
67461,-2.0327759,0.86151123,0.47668457
67462,-2.0033264,0.71166992,0.36560059
67463,-1.9161987,0.81298828,0.42724609
67464,-1.8490601,0.85861206,0.54107666
67465,-1.8452454,0.93139648,0.71090698
67466,-2.0552063,0.8581543,0.77896118
67467,-1.9526672,0.84869385,0.82901001
67468,-2.0152283,0.6892395,0.7371521
67469,-2.0750427,0.65368652,0.81375122
67470,-2.1244812,0.71243286,0.98388672
67471,-2.2183228,0.52932739,1.0263062
67472,-2.1762085,0.59936523,1.0231018
67473,-2.1882629,0.49865723,1.1503601
67474,-2.1682739,0.48492432,0.92315674
67475,-2.0307922,0.41122436,1.1174011
67476,-2.0353699,0.33172607,1.1697388
67477,-2.1739197,0.45089722,1.0934448
67478,-2.177887,0.25375366,1.390686
67479,-2.1557617,0.42022705,1.4126587
67480,-2.1150208,0.17181397,1.4172363
67481,-1.9975281,0.1965332,1.2644959
67482,-1.9006348,0.066375732,1.3311768
67483,-1.9805908,-0.18600464,1.3520813
67484,-1.9683838,-0.16571045,1.6383362
67485,-2.1626282,-0.31219482,1.5429688
67486,-2.0602417,-0.19363403,1.5185547
67487,-1.9889832,-0.14465332,1.5869141
67488,-2.0333862,-0.29220581,1.6769409
67489,-1.9442749,-0.4574585,1.5223694
67490,-1.9847107,-0.33279419,1.6096497
67491,-1.7398071,-0.38162231,1.7694092
67492,-1.8348694,-0.52185059,1.7596436
67493,-1.7637634,-0.61889648,1.5960693
67494,-1.8440247,-0.73059082,1.6676331
67495,-1.6482544,-0.55633545,1.6465759
67496,-1.8017578,-0.62484741,1.3601685
67497,-1.6348267,-0.68603516,1.5644836
67498,-1.7733765,-0.9060669,1.9674683
67499,-1.6766357,-1.0995483,1.9035339
67500,-1.5318298,-1.104126,1.960144
67501,-1.6694641,-1.1686707,1.9696045
67502,-1.6946411,-1.1051941,2.0401001
67503,-1.4587402,-1.0014343,1.894989
67504,-1.4630127,-1.1381531,1.882782
67505,-1.5942383,-1.3569641,1.9120789
67506,-1.5922546,-1.3427734,1.9374084
67507,-1.3383484,-1.4172363,1.8920898
67508,-1.3066101,-1.5040588,1.9009399
67509,-1.2773132,-1.7222595,1.8951416
67510,-1.2333679,-1.6265869,2.0272827
67511,-1.2670898,-1.6416931,1.8936157
67512,-1.1447144,-1.7169189,1.9171143
67513,-1.1228943,-1.8469238,1.9395447
67514,-1.0012817,-1.6873169,1.907959
67515,-0.9928894,-1.7541504,1.8359375
67516,-1.0386658,-1.6038513,1.897583
67517,-0.82885742,-1.7549133,2.0846558
67518,-0.75424194,-1.7970276,1.7855835
67519,-0.72280884,-1.8759155,1.8058777
67520,-0.61584473,-1.9084167,1.7073059
67521,-0.50918579,-1.8844604,1.7353821
67522,-0.62103272,-1.9642639,1.7736816
67523,-0.62591553,-1.9337463,1.6923523
67524,-0.46005249,-2.0288086,1.6693115
67525,-0.46447754,-2.127533,1.6937256
67526,-0.4888916,-2.0950317,1.8559265
67527,-0.42572022,-1.9680786,1.7790222
67528,-0.30975342,-1.9645691,1.7845154
67529,-0.28060913,-2.0498657,1.5475464
67530,-0.21362305,-2.244873,1.5029907
67531,-0.084075928,-2.086792,1.6162109
67532,-0.29846191,-2.1820068,1.6105652
67533,-0.12939453,-2.1478271,1.6200256
67534,0.047912598,-2.30896,1.6140747
67535,-0.08392334,-2.0797729,1.497345
67536,0.010986328,-2.1078491,1.3768005
67537,0.22094727,-2.2702026,1.4254761
67538,0.14099121,-2.2894287,1.2011719
67539,0.25253296,-2.3034668,1.1372375
67540,0.2381897,-2.3980713,1.2539673
67541,0.20874023,-2.5419617,1.1062622
67542,0.32653809,-2.3078918,1.0217285
67543,0.47393799,-2.389679,1.0435486
67544,0.63491821,-2.3422241,1.0159302
67545,0.6086731,-2.3934937,0.93948364
67546,0.68328857,-2.4668884,0.98175049
67547,0.56106567,-2.2241211,0.57739258
67548,0.78338623,-2.22229,0.62942505
67549,0.58532715,-2.1168518,0.75317383
67550,0.79803467,-2.4588013,0.59539795
67551,0.85861206,-2.2395325,0.50262451
67552,0.92422485,-2.1430969,0.52978516
67553,1.0092163,-2.1673584,0.52001953
67554,1.0507202,-2.2911072,0.41671753
67555,0.9451294,-2.2302246,0.41473389
67556,0.97000122,-2.1148682,0.3868103
67557,0.90301514,-2.1020508,0.38085938
67558,0.94650269,-2.1733093,0.1499939
67559,1.0481262,-2.03125,0.058898926
67560,1.116333,-2.0996094,0.23162842
67561,0.97167969,-2.0454407,0.24261475
67562,1.0699463,-2.0303345,-0.1524353
67563,1.211853,-1.9078064,-0.23590088
67564,1.2501526,-1.9091797,-0.16296387
67565,1.2069702,-1.701355,-0.11199951
67566,1.2837219,-1.8344116,-0.2545166
67567,1.159668,-1.7532349,-0.24505615
67568,1.2954712,-1.8937683,-0.21575928
67569,1.3136291,-1.6824341,-0.26184082
67570,1.427002,-1.6398621,-0.33721924
67571,1.3432312,-1.4492798,-0.28579712
67572,1.244812,-1.5625,-0.28884888
67573,1.335907,-1.5974426,-0.3604126
67574,1.3493347,-1.4657593,-0.52719116
67575,1.3294983,-1.416626,-0.5909729
67576,1.3690186,-1.2921143,-0.80078125
67577,1.3989258,-1.3264465,-0.76599121
67578,1.1793518,-1.3699341,-0.58898926
67579,1.2156677,-1.3757324,-0.58135986
67580,1.2356567,-1.1845398,-0.89248657
67581,1.3684082,-1.1534119,-0.98999023
67582,1.192627,-1.0571289,-1.0221863
67583,1.1134338,-0.85220337,-0.95352173
67584,1.0961914,-0.91094971,-0.96237183
67585,1.158905,-0.94329834,-0.80215454
67586,1.0479736,-0.94299316,-0.89553833
67587,1.2991333,-0.86975098,-1.0324097
67588,1.2669373,-0.83328247,-1.088562
67589,1.0864258,-0.7611084,-1.0853577
67590,1.0554504,-0.61691284,-1.0856628
67591,1.078949,-0.59661865,-1.0498047
67592,1.0664368,-0.48049927,-1.0227966
67593,1.05896,-0.36972046,-1.0420227
67594,1.0552979,-0.29724121,-1.2844849
67595,0.93597412,-0.29998779,-1.2947083
67596,0.96298218,-0.37353516,-1.3702393
67597,0.94421387,-0.17440796,-1.3760376
67598,0.80749512,-0.003051758,-1.3288879
67599,0.69946289,0.15228272,-1.3816834
67600,0.29693603,-0.24002075,-1.7095947
67601,0.53100586,-0.35324097,-1.6616821
67602,0.46707153,-0.11825561,-1.5914917
67603,0.65597534,-0.003967285,-1.4826965
67604,0.54229736,0.29052734,-1.4797974
67605,0.62042236,0.37841797,-1.2245178
67606,0.7409668,0.40359497,-1.1421204
67607,0.56564331,0.48370361,-1.3955688
67608,0.4284668,0.68725586,-1.3296509
67609,0.30349731,0.54275513,-1.3911438
67610,0.26443481,0.57617188,-1.524353
67611,0.1298523,0.69854736,-1.449585
67612,0.1574707,0.60760498,-1.3249207
67613,0.16540527,0.34866333,-1.3366699
67614,-0.052947998,0.74417114,-1.3618469
67615,-0.045623779,0.72875977,-1.4111328
67616,-0.059509277,0.77529907,-1.3639832
67617,-0.21087647,0.7925415,-1.350708
67618,-0.17547607,1.036377,-1.3716125
67619,-0.28213501,1.02005,-1.3040161
67620,-0.34942627,1.0603333,-1.1349487
67621,-0.30181885,1.0919189,-1.0954285
67622,-0.35736084,1.1402893,-1.0087585
67623,-0.45196533,1.1927795,-0.99502563
67624,-0.50094604,1.254425,-1.0543823
67625,-0.60913086,1.1517334,-1.0197449
67626,-0.57128906,1.2164307,-1.0771179
67627,-0.64407349,1.2281799,-0.95550537
67628,-0.71670532,1.1590576,-0.94192505
67629,-0.73043823,1.1572266,-1.1064148
67630,-0.78323364,1.3531494,-1.0836792
67631,-0.90087891,1.3363647,-0.99212647
67632,-0.99716187,1.395874,-0.83099365
67633,-1.0972595,1.2632751,-0.7144165
67634,-1.1505127,1.3583374,-0.60974121
67635,-1.1407471,1.4056396,-0.74279785
67636,-1.2467957,1.293335,-0.65261841
67637,-1.2129211,1.5077209,-0.41198731
67638,-1.386261,1.7372131,-0.39581299
67639,-1.426239,1.4837646,-0.30273438
67640,-1.4181519,1.4663696,-0.3175354
67641,-1.583252,1.3830566,-0.35095215
67642,-1.5023804,1.3833618,-0.43029785
67643,-1.4083862,1.4532471,-0.22857666
67644,-1.647644,1.4968872,-0.1550293
67645,-1.6799927,1.2052917,-0.17578125
67646,-1.6929626,1.2156677,-0.22201538
67647,-1.6490173,1.1309814,-0.13397217
67648,-1.8322754,1.2796021,0.084991455
67649,-1.8205261,1.2409973,0.12298584
67650,-1.8986511,1.2635803,0.078430176
67651,-1.9216919,1.2063599,0.1852417
67652,-1.8515015,1.2872314,0.20874023
67653,-1.8345642,1.1734009,0.1435852
67654,-1.8745422,1.2072754,0.2420044
67655,-1.8838501,1.1968994,0.38604736
67656,-2.0565796,1.0665894,0.47180176
67657,-2.000885,1.0986328,0.58364868
67658,-2.1871948,1.0099792,0.50811768
67659,-2.021637,1.0853577,0.54321289
67660,-1.9511414,1.0290527,0.50170898
67661,-2.122345,1.1071777,0.61050415
67662,-2.2253418,0.9992981,0.82397461
67663,-2.2251892,1.048584,0.64025879
67664,-2.1090698,1.0144043,0.76828003
67665,-2.1456909,0.80947876,0.89431763
67666,-2.2094727,0.79879761,0.87265015
67667,-2.195282,0.5368042,0.86273193
67668,-2.3309326,0.59234619,1.1198425
67669,-2.1429443,0.54748535,0.98327637
67670,-2.1286011,0.60623169,0.8972168
67671,-2.12677,0.33157349,0.99243164
67672,-2.127533,0.46478272,0.95046997
67673,-2.2363281,0.34179688,1.2097168
67674,-2.2164917,0.35018921,1.2969971
67675,-2.175293,0.28198242,1.5237427
67676,-2.1508789,0.11810303,1.2731934
67677,-2.097168,0.17761231,1.3835144
67678,-2.0666504,0.14694214,1.521759
67679,-2.1659851,-0.14450073,1.5957642
67680,-2.1989441,-0.11947632,1.7221069
67681,-2.2357178,-0.1953125,1.7546082
67682,-2.1821594,-0.59585571,1.6133118
67683,-2.1826172,-0.30685425,1.7205811
67684,-2.3046875,-0.26229858,1.681366
67685,-2.102356,-0.31005859,1.7050171
67686,-2.0568848,-0.42419434,1.6821289
67687,-2.0407104,-0.59844971,1.5391541
67688,-2.028656,-0.53833008,1.6885376
67689,-1.9789124,-0.60150147,1.892395
67690,-1.9915771,-0.67398071,1.831665
67691,-1.7866516,-0.72418213,1.8096924
67692,-1.8388367,-0.81619263,1.8377686
67693,-1.8937683,-0.73486328,1.7860413
67694,-1.8959045,-0.8279419,1.7364502
67695,-1.8971252,-0.76339722,1.811676
67696,-1.8132019,-0.95245361,1.8283081
67697,-1.807251,-1.1096191,1.9917297
67698,-1.7887878,-1.2767029,1.8101501
67699,-1.7660522,-1.2886047,1.8978882
67700,-1.6931152,-1.260376,1.8571472
67701,-1.5678406,-1.0676575,2.0596313
67702,-1.7948914,-1.2745666,1.9873047
67703,-1.5994263,-1.2028503,1.9126892
67704,-1.4842224,-1.3349915,2.097168
67705,-1.6706848,-1.5568542,2.0172119
67706,-1.3574219,-1.4859009,2.0385742
67707,-1.3565063,-1.6130066,2.1853638
67708,-1.2513733,-1.6664124,2.0050049
67709,-1.2501526,-1.8632507,1.9465637
67710,-1.0083008,-1.8412781,2.0220947
67711,-1.2039185,-2.0957947,1.9729614
67712,-0.97473144,-2.0426941,2.0846558
67713,-1.0205078,-1.859436,2.0507813
67714,-0.87799072,-1.8638611,2.0707703
67715,-0.87738037,-1.9815063,1.8167114
67716,-0.77667236,-2.102356,1.8275452
67717,-0.78582764,-2.1498108,1.9358826
67718,-0.71273804,-2.1403503,1.8482971
67719,-0.52658081,-2.0947266,1.8016052
67720,-0.43457031,-2.127533,1.8212891
67721,-0.45150757,-2.2567749,1.8690491
67722,-0.42922974,-2.2772217,1.8569946
67723,-0.29891968,-2.3612976,1.6932678
67724,-0.37109375,-2.4047852,1.5963745
67725,-0.3175354,-2.1777344,1.5588379
67726,-0.32012939,-2.3191833,1.5655518
67727,-0.2154541,-2.288208,1.7004395
67728,-0.15960693,-2.4253845,1.5827942
67729,-0.13793945,-2.4131775,1.7378235
67730,-0.16876221,-2.4807739,1.390686
67731,-0.006713867,-2.4568176,1.4997864
67732,0.020446777,-2.5427246,1.633606
67733,0.10253906,-2.559967,1.4291382
67734,0.19104004,-2.3782349,1.4677429
67735,0.22857666,-2.3104858,1.4028931
67736,0.33813477,-2.3791504,1.3070679
67737,0.35140991,-2.4276733,1.2138367
67738,0.45440674,-2.3382568,1.1671448
67739,0.4776001,-2.4949646,1.1593628
67740,0.42633057,-2.474823,1.0641479
67741,0.54443359,-2.3632813,1.0195923
67742,0.68283081,-2.4147034,0.80047607
67743,0.59585571,-2.3522949,0.95046997
67744,0.69091797,-2.4603271,0.85388184
67745,0.76171875,-2.3831177,0.76568603
67746,0.78369141,-2.354126,0.68359375
67747,0.80734253,-2.3429871,0.67932129
67748,0.96755981,-2.4006653,0.6149292
67749,0.90698242,-2.4113464,0.45471191
67750,1.7852783,-2.3973083,0.46203613
67751,0.70892334,-2.1998596,0.32989502
67752,0.79589844,-2.0726013,0.29830933
67753,1.0601807,-2.0454407,0.22750855
67754,1.1213684,-1.9863892,0.23590088
67755,1.0830688,-2.1235657,0.28076172
67756,1.2260437,-2.0397949,0.17776489
67757,1.1856079,-2.0915222,0.16082764
67758,1.2373352,-2.0207214,0.078582764
67759,1.262207,-2.0591736,-0.049133301
67760,1.272583,-1.9512939,-0.17166138
67761,1.2684631,-1.8777466,-0.25207519
67762,1.2902832,-1.8727112,-0.27008057
67763,1.374054,-1.8452454,-0.2684021
67764,1.2379456,-1.9169617,-0.24154663
67765,1.2915039,-1.8440247,-0.43731689
67766,1.388855,-1.8318176,-0.41976929
67767,1.3652039,-1.7332459,-0.42907715
67768,1.375885,-1.7092896,-0.3024292
67769,1.3919067,-1.6346741,-0.3994751
67770,1.390686,-1.6671753,-0.48782349
67771,1.4598084,-1.4884949,-0.61508179
67772,1.3716125,-1.4251709,-0.70770264
67773,1.4117432,-1.3171387,-0.78582764
67774,1.2586975,-1.3861084,-0.69458008
67775,1.3299561,-1.1868286,-0.69168091
67776,1.2258911,-1.2315369,-0.72082519
67777,1.1767578,-1.2680054,-0.73669434
67778,1.1013794,-1.1447144,-0.83816528
67779,1.1863709,-1.129303,-0.93017578
67780,1.1439514,-1.0107422,-1.0569763
67781,1.2651062,-0.98968506,-0.99609375
67782,1.2258911,-0.88088989,-1.0676575
67783,1.1791992,-0.85525513,-0.96923828
67784,1.1746216,-0.89233398,-1.0488892
67785,1.1364746,-0.7661438,-1.1138916
67786,1.1442566,-0.73364258,-1.2228394
67787,1.0900879,-0.64498901,-1.2081909
67788,1.0699463,-0.57632446,-1.1935425
67789,1.1083984,-0.35720825,-1.2084961
67790,0.87677002,-0.35018921,-1.2271118
67791,0.9362793,-0.29205322,-1.2496948
67792,0.95962524,-0.16967773,-1.4135742
67793,0.83892822,-0.13320923,-1.2652588
67794,0.75027466,-0.032501221,-1.3922119
67795,0.83801269,0.018463135,-1.4050293
67796,0.85540772,0.15289307,-1.3824463
67797,0.75042725,-0.25604248,-1.59729
67798,0.40969849,0.082092285,-1.5106201
67799,0.45730591,0.18386841,-1.4250183
67800,0.8013916,0.28747559,-1.3337708
67801,0.53436279,0.25268555,-1.3461304
67802,0.67337036,0.29891968,-1.3334656
67803,0.50231934,0.4951477,-1.3049316
67804,0.39596558,0.54992676,-1.4331055
67805,0.32943726,0.55541992,-1.4460754
67806,0.33477783,0.61187744,-1.4224243
67807,0.20065308,0.63201904,-1.6088867
67808,0.2267456,0.67382813,-1.3658142
67809,0.13000488,0.73730469,-1.4309692
67810,0.037536621,0.89614868,-1.3700867
67811,0.069580078,0.3036499,-1.4306641
67812,-0.019683838,0.62896728,-1.2828064
67813,0.009613037,0.71517944,-1.3774109
67814,-0.078735352,0.85647583,-1.3250732
67815,-0.18310547,0.92407227,-1.4173889
67816,-0.16220093,0.987854,-1.401062
67817,-0.29907227,1.0250854,-1.3104248
67818,-0.35293579,1.2001038,-1.2382507
67819,-0.42480469,1.2727356,-1.3400269
67820,-0.46539307,1.3018799,-1.2141418
67821,-0.68145752,1.3209534,-1.2402344
67822,-0.53009033,1.2890625,-0.97518921
67823,-0.68542481,1.3092041,-1.0942078
67824,-0.73822022,1.2379456,-1.1805725
67825,-0.76019287,1.2020874,-1.0346985
67826,-0.88790894,1.3090515,-1.1599731
67827,-0.88760376,1.464386,-0.8757019
67828,-1.0498047,1.4651489,-0.73059082
67829,-0.96206665,1.3749695,-0.78201294
67830,-0.98739624,1.2677002,-0.809021
67831,-0.99502563,1.3386536,-0.73226929
67832,-1.2287903,1.2329102,-0.66513062
67833,-1.1920166,1.2203979,-0.73974609
67834,-1.1384583,1.3713074,-0.61340332
67835,-1.2504578,1.3352966,-0.48461914
67836,-1.2869263,1.232605,-0.54229736
67837,-1.3825989,1.2193298,-0.57312012
67838,-1.4321899,1.4093018,-0.35095215
67839,-1.5031433,1.2861633,-0.19927978
67840,-1.4926147,1.4057922,-0.40924072
67841,-1.4801025,1.4364624,-0.34194946
67842,-1.5339661,1.3961792,-0.29647827
67843,-1.5879822,1.1555481,-0.035095215
67844,-1.76651,1.34552,-0.23742676
67845,-1.7984009,1.237793,0.12863159
67846,-1.6882324,1.3691711,0.067596436
67847,-1.918335,1.3482666,-0.04119873
67848,-1.880188,1.4401245,0.15701294
67849,-1.8838501,1.1808777,0.1109314
67850,-1.8214416,1.3011169,0.19470215
67851,-1.9242859,1.1630249,0.22994995
67852,-1.9810486,1.1680603,0.19287109
67853,-2.1524048,1.0282898,0.29632568
67854,-2.088623,1.1022949,0.38406372
67855,-2.0533752,1.0469055,0.40634155
67856,-2.1894836,1.0531616,0.55618286
67857,-2.1759033,1.0336304,0.60073853
67858,-2.170105,0.93673706,0.51925659
67859,-2.2563171,0.91827393,0.72021484
67860,-2.1353149,0.88027954,0.65734863
67861,-2.3014832,0.83297729,0.84960938
67862,-2.3655701,0.73074341,0.98434448
67863,-2.3223877,0.66162109,0.98770142
67864,-2.2654724,0.43991089,1.0224915
67865,-2.2128296,0.54443359,0.98144531
67866,-2.2158813,0.50231934,0.96038818
67867,-2.256012,0.42480469,0.92544556
67868,-2.2276306,0.44448853,1.0488892
67869,-2.2967529,0.38345337,1.2013245
67870,-2.1496582,0.4095459,1.2338257
67871,-2.1084595,0.31265259,1.3298035
67872,-2.1968079,0.25939941,1.2997437
67873,-2.1624756,-0.021057129,1.4605713
67874,-2.0793152,0.13687134,1.348114
67875,-2.1154785,-0.049438477,1.3365173
67876,-2.3086548,0.082702637,1.6415405
67877,-2.2840881,-0.068359375,1.5148926
67878,-2.1153259,-0.23239136,1.6802979
67879,-2.2370911,-0.11108398,1.6442871
67880,-2.3529053,-0.20751953,1.6062927
67881,-2.1583557,-0.54840088,1.6514587
67882,-2.2088623,-0.34057617,1.4772034
67883,-2.0509338,-0.39596558,1.8286133
67884,-2.1028137,-0.30303955,1.8951416
67885,-2.0584106,-0.73974609,1.656189
67886,-2.1089172,-0.69152832,1.6790771
67887,-2.0292664,-0.56472778,1.894989
67888,-2.0704651,-0.61141968,1.8946838
67889,-2.0088196,-0.79925537,1.6708374
67890,-1.9161987,-0.85693359,1.7012024
67891,-1.9734192,-1.0223389,1.8696594
67892,-2.011261,-1.0566711,2.1269226
67893,-1.9871521,-0.89935303,1.9805908
67894,-2.0088196,-1.2518311,1.9947815
67895,-1.7893982,-1.1804199,2.1528625
67896,-1.8354797,-1.3096619,2.1461487
67897,-1.6319275,-1.3391113,2.059021
67898,-1.6052246,-1.3088989,2.1101379
67899,-1.5803528,-1.486969,1.9668579
67900,-1.4424133,-1.3853455,1.9366455
67901,-1.5226746,-1.4553833,2.0960999
67902,-1.3973999,-1.6490173,2.0391846
67903,-1.4086914,-1.7655945,2.0881653
67904,-1.3323975,-1.6671753,2.15271
67905,-1.350708,-1.8255615,1.882019
67906,-1.2467957,-1.9497681,2.0092773
67907,-1.3476563,-2.0603943,2.046814
67908,-1.1480713,-2.0698547,2.0401001
67909,-0.98388672,-1.9755554,2.0288086
67910,-0.86608887,-1.9007874,2.0715332
67911,-0.87799072,-1.9465637,2.1376038
67912,-0.81176758,-1.9558716,2.182312
67913,-0.79376221,-1.9737244,2.0637512
67914,-0.74050903,-2.0779419,1.9355774
67915,-0.68878174,-2.0455933,1.9714355
67916,-0.56060791,-1.8930054,1.9044495
67917,-0.67276001,-2.0120239,1.7092896
67918,-0.40542603,-2.0162964,1.9104004
67919,-0.53466797,-2.2239685,1.7362976
67920,-0.52474976,-2.3312378,1.865387
67921,-0.45166016,-2.2810364,1.6343689
67922,-0.262146,-2.3226929,1.6993713
67923,-0.19287109,-2.1995544,1.6485596
67924,-0.15441895,-2.3284912,1.5930176
67925,-0.040893555,-2.283783,1.7591858
67926,-0.032348633,-2.5714111,1.5132141
67927,0.095214844,-2.4920654,1.5885925
67928,0.087585449,-2.3953247,1.4079285
67929,0.045318604,-2.557373,1.4285278
67930,0.29083252,-2.4501038,1.4916992
67931,0.21484375,-2.3841858,1.4358521
67932,0.25421143,-2.2914124,1.4109802
67933,0.22125244,-2.3858643,1.3447571
67934,0.25878906,-2.4206543,1.2930298
67935,0.34683228,-2.4703979,1.2481689
67936,0.40542603,-2.4687195,1.0954285
67937,0.60668945,-2.6083374,1.12854
67938,0.64208984,-2.6202393,1.0256958
67939,0.63980103,-2.5216675,1.0528564
67940,0.70175171,-2.4610901,0.8883667
67941,0.75241089,-2.4429321,1.0705566
67942,0.67428589,-2.2668457,0.94207764
67943,0.87310791,-2.5193787,0.85021973
67944,0.89233398,-2.4194336,0.79986572
67945,0.82565308,-2.2593689,0.71914673
67946,0.89065552,-2.2428894,0.69259644
67947,0.92880249,-2.2006226,0.52490234
67948,0.9664917,-2.1629333,0.58380127
67949,0.96191406,-2.2698975,0.49850464
67950,0.99014282,-2.2753906,0.46112061
67951,1.060791,-2.2944641,0.32653809
67952,1.0743713,-2.2363281,0.35140991
67953,1.0746765,-2.2111511,0.1940918
67954,1.1508179,-2.0826721,0.13336182
67955,1.1642456,-2.0352173,0.037841797
67956,1.2298584,-2.0004272,-0.061035156
67957,1.302948,-2.0549011,-0.085601807
67958,1.3224792,-2.0401001,-0.12435913
67959,1.3964844,-2.0204163,-0.15441895
67960,1.3163757,-1.9233704,-0.20614624
67961,1.2365723,-1.9067383,-0.14892578
67962,1.3652039,-1.7730713,-0.27328491
67963,1.3726807,-1.8161011,-0.36834717
67964,1.4393616,-1.7532349,-0.39794922
67965,1.3989258,-1.6238403,-0.47836304
67966,1.4476013,-1.8063354,-0.70022583
67967,1.4822388,-1.5513611,-0.76324463
67968,1.3859558,-1.522522,-0.45074463
67969,1.3598633,-1.4530945,-0.63110352
67970,1.4906311,-1.3781738,-0.60302734
67971,1.3858032,-1.262207,-0.67581177
67972,1.4169312,-1.3165283,-0.74707031
67973,1.3349915,-1.2974548,-0.73883057
67974,1.4848328,-1.2171936,-0.84472656
67975,1.2792969,-1.2391663,-0.84472656
67976,1.2492371,-1.0873413,-0.81970215
67977,1.3066101,-1.0124207,-1.071167
67978,1.2265015,-1.0163879,-0.98327637
67979,1.1735535,-0.97015381,-0.97000122
67980,1.2631226,-0.78201294,-1.0670471
67981,1.194458,-0.70724487,-1.023407
67982,1.3208008,-0.68023682,-1.1099243
67983,1.0969543,-0.72296143,-1.2573242
67984,1.0708618,-0.70373535,-1.4868164
67985,1.1421204,-0.60287476,-1.2359619
67986,1.1993408,-0.49240112,-1.1914063
67987,0.99029541,-0.50552368,-1.3027954
67988,1.0456848,-0.31738281,-1.4038086
67989,0.96679688,-0.17364502,-1.2199402
67990,0.91094971,-0.23834228,-1.3981628
67991,0.76568603,-0.2734375,-1.1746216
67992,0.85083008,-0.2935791,-1.3505554
67993,0.78979492,-0.092163086,-1.1965942
67994,0.79605103,0.10818481,-1.3461304
67995,0.75683594,0.23071289,-1.3648987
67996,0.73303223,0.055847168,-1.468811
67997,0.77697754,0.086364746,-1.5028381
67998,0.70663452,0.093536377,-1.4268494
67999,0.58258057,0.17456055,-1.6319275
68000,0.55526733,0.33172607,-1.5484619
68001,0.37719727,0.34729004,-1.3839722
68002,0.37155151,0.36483765,-1.5216064
68003,0.46585083,0.39703369,-1.4933777
68004,0.5001831,0.53985596,-1.4459229
68005,0.3553772,0.54946899,-1.4889526
68006,0.39642334,0.66970825,-1.4886475
68007,0.30853272,0.72067261,-1.5859985
68008,0.083618164,0.68481445,-1.5090942
68009,-0.033721924,0.79803467,-1.4091492
68010,-0.048828125,0.77865601,-1.4831543
68011,0.029754639,0.81085205,-1.3206482
68012,-0.11886597,0.85968018,-1.2496948
68013,0.10131836,0.55847168,-1.3026428
68014,-0.16326904,0.73425293,-1.2055969
68015,-0.22705078,0.96542358,-1.2632751
68016,-0.25054932,0.90744019,-1.179657
68017,-0.33432007,1.1853027,-1.1967468
68018,-0.41320801,1.2496948,-1.2353516
68019,-0.64117432,1.2025452,-1.0348511
68020,-0.52719116,1.2307739,-1.1148071
68021,-0.55480957,1.2490845,-1.1657715
68022,-0.6187439,1.2333679,-1.1465454
68023,-0.69442749,1.1590576,-1.0946655
68024,-0.78201294,1.2510681,-1.0173035
68025,-0.72937012,1.3061523,-0.93185425
68026,-0.85494995,1.264801,-0.7572937
68027,-0.87005615,1.4628601,-0.80932617
68028,-1.0516357,1.3072205,-0.84335327
68029,-1.0469055,1.1923218,-0.84991455
68030,-1.1062622,1.1412048,-0.83084106
68031,-1.191864,1.2011719,-0.65109253
68032,-1.2493896,1.2709045,-0.69778442
68033,-1.4663696,1.3500977,-0.52917481
68034,-1.3647461,1.4125061,-0.58059692
68035,-1.4260864,1.3690186,-0.58944702
68036,-1.4299011,1.2927246,-0.5078125
68037,-1.4405823,1.2503052,-0.51589966
68038,-1.5444946,1.3214111,-0.37719727
68039,-1.6213989,0.93475342,-0.66238403
68040,-1.7501831,1.1889648,-0.29098511
68041,-1.7234802,1.3433838,-0.18005371
68042,-1.6917419,1.5324402,-0.30395508
68043,-1.7269897,1.3975525,-0.068664551
68044,-1.7736816,1.3766479,0.015258789
68045,-1.8740845,1.414032,-0.029144287
68046,-1.9515991,1.3331604,-0.081939697
68047,-1.8287659,1.2969971,-0.009765625
68048,-1.9456482,1.363678,0.15441895
68049,-1.9995117,1.2297058,0.2470398
68050,-2.0407104,1.2106323,0.30334473
68051,-2.0211792,1.1502075,0.40740967
68052,-1.9645691,1.2762451,0.44433594
68053,-1.9445801,1.1499023,0.44540405
68054,-2.157135,1.000824,0.60073853
68055,-2.1258545,1.0331726,0.5519104
68056,-2.1795654,0.96679688,0.59020996
68057,-2.2140503,1.0758972,0.70724487
68058,-2.1104431,0.88378906,0.56793213
68059,-2.1351624,0.74539185,0.6477356
68060,-2.0425415,0.85708618,0.79544067
68061,-2.2593689,0.72448731,0.77758789
68062,-2.1339417,0.63323975,1.0466003
68063,-2.0681763,0.72158813,0.93841553
68064,-2.0747375,0.67962647,1.078186
68065,-2.2277832,0.46646118,0.9614563
68066,-2.2079468,0.51254272,1.0571289
68067,-2.1836853,0.50567627,1.0205078
68068,-2.3847961,0.54473877,1.229248
68069,-2.3022461,0.59768677,1.2658691
68070,-2.4815369,0.25390625,1.2861633
68071,-2.3475647,0.35629272,1.219635
68072,-2.3205566,0.2180481,1.2683105
68073,-2.0713806,0.099029541,1.3021851
68074,-2.1694946,0.18051148,1.3661194
68075,-2.1951294,-0.16418457,1.4709473
68076,-2.1882629,-0.14984131,1.452179
68077,-2.1200562,-0.03112793,1.3798523
68078,-2.2280884,-0.13900757,1.3340759
68079,-2.1435547,-0.74035644,1.652832
68080,-1.9744873,-0.42129517,1.6662598
68081,-2.0271301,-0.22247315,1.6714478
68082,-1.9506836,-0.41381836,1.6952515
68083,-1.9612122,-0.56335449,1.7459106
68084,-2.2406006,-0.56823731,1.6947937
68085,-2.1038818,-0.60928345,1.9604492
68086,-2.0446777,-0.55664063,2.0703125
68087,-1.9848633,-0.73516846,1.5504456
68088,-1.9796753,-0.74401856,2.1652222
68089,-1.8540955,-0.68725586,1.9541931
68090,-1.8737793,-0.75408935,1.907959
68091,-1.7205811,-0.77774048,1.448822
68092,-1.7146301,-0.8682251,1.7904663
68093,-1.776123,-0.90042114,1.995697
68094,-1.7002869,-1.0939026,1.9021606
68095,-1.5632629,-1.04599,1.8963623
68096,-1.5596008,-1.2245178,1.8634033
68097,-1.4994812,-1.1280823,1.9499207
68098,-1.5490723,-1.2107849,2.010498
68099,-1.6342163,-1.2117004,1.9895935
68100,-1.5948486,-1.4277649,1.907959
68101,-1.428833,-1.4619446,1.8667603
68102,-1.4912415,-1.555481,1.8962097
68103,-1.295166,-1.81427,1.783905
68104,-1.1933899,-1.7425537,2.0387268
68105,-1.096344,-1.8289185,1.9728088
68106,-1.1268616,-1.794281,1.9107056
68107,-1.0116577,-1.842041,2.0149231
68108,-1.0458374,-1.857605,1.9619751
68109,-0.95397949,-1.7320251,2.0150757
68110,-0.95901489,-1.7404175,1.8835449
68111,-0.84197998,-1.8191528,1.8936157
68112,-0.68161011,-1.8359375,1.9671631
68113,-0.70541382,-1.9291687,1.8385315
68114,-0.71792603,-1.8867493,1.7970276
68115,-0.52062988,-1.9276428,1.8215942
68116,-0.58837891,-2.0811462,1.6711426
68117,-0.50537109,-2.063446,1.791687
68118,-0.58898926,-2.182312,1.8032837
68119,-0.38269043,-2.1360779,1.6656494
68120,-0.32684326,-2.098999,1.4682007
68121,-0.37460327,-2.1318054,1.6169739
68122,-0.24932861,-2.1148682,1.6703796
68123,-0.19180298,-2.2625732,1.7216492
68124,-0.27999878,-2.2966003,1.5731812
68125,-0.066986084,-2.2888184,1.555481
68126,0.11398315,-2.2264099,1.5449524
68127,0.074005127,-2.3709106,1.5687561
68128,0.18280029,-2.3770142,1.3987732
68129,0.20446777,-2.24823,1.2736511
68130,0.17684937,-2.2160339,1.1802673
68131,0.22903442,-2.2483826,1.0481262
68132,0.30456543,-2.3710632,1.2710571
68133,0.36117554,-2.2677612,1.1894226
68134,0.365448,-2.3434448,1.0331726
68135,0.34622192,-2.3736572,1.0214233
68136,0.43365478,-2.3812866,0.89935303
68137,0.55923462,-2.4090576,0.91308594
68138,0.50445557,-2.5157166,0.90148926
68139,0.51498413,-2.4572754,0.73928833
68140,0.60195923,-2.495575,0.80947876
68141,0.70556641,-2.3384094,0.7510376
68142,0.75500488,-2.2259521,0.61706543
68143,0.80413818,-2.1838379,0.64163208
68144,0.85281372,-2.2026062,0.68908691
68145,0.85494995,-2.3580933,0.51147461
68146,0.9072876,-2.1859741,0.41625977
68147,0.93139648,-2.151947,0.4814148
68148,0.94772339,-2.2000122,0.50201416
68149,0.94390869,-2.0448303,0.41259766
68150,0.93093872,-2.0280457,0.43014526
68151,0.96603394,-1.9593811,0.31219482
68152,1.0058594,-1.9892883,0.24169922
68153,1.0438538,-2.0541382,0.19973755
68154,1.1166382,-2.0767212,0.095367432
68155,1.0992432,-1.9406128,0.023345947
68156,1.1296082,-2.0043945,-0.11520386
68157,1.2062073,-1.8774414,-0.2897644
68158,1.133728,-1.8952942,-0.042419434
68159,1.353302,-1.819458,-0.13275147
68160,1.0748291,-1.8690491,-0.13626099
68161,1.1477661,-1.8536377,-0.11184692
68162,1.0827637,-1.622467,-0.18432617
68163,1.144104,-1.3938904,-0.19470215
68164,1.2414551,-1.6221619,-0.49880981
68165,1.2915039,-1.4390564,-0.53848267
68166,1.2628174,-1.5106201,-0.56945801
68167,1.1964416,-1.4131165,-0.54580688
68168,1.1608887,-1.3497925,-0.50598144
68169,1.1932373,-1.1791992,-0.65429688
68170,1.0818481,-1.1752319,-0.68481445
68171,1.149292,-1.0264587,-0.78704834
68172,1.1413574,-1.0029602,-0.82962036
68173,1.1282349,-0.94009399,-0.77972412
68174,1.043396,-0.8517456,-0.77606201
68175,1.0578918,-0.89004517,-0.92895508
68176,1.0934448,-0.89324951,-0.86608887
68177,1.1225891,-0.80444336,-1.0272217
68178,1.1317444,-0.8279419,-0.92697144
68179,1.0809326,-0.79956055,-0.97686768
68180,1.0726929,-0.68237305,-0.97763062
68181,1.0800171,-0.77514648,-1.0491943
68182,1.1672974,-0.61218262,-0.95718384
68183,0.97305298,-0.53863525,-0.94894409
68184,0.98220825,-0.46646118,-1.1766052
68185,1.0479736,-0.37292481,-1.1289978
68186,0.84793091,-0.24337769,-1.121521
68187,0.7510376,-0.32989502,-1.3613892
68188,0.75408935,-0.32531738,-1.1413574
68189,0.88623047,-0.3125,-1.3192749
68190,0.7800293,-0.15548706,-1.3919067
68191,0.61477661,-0.12908935,-1.2553406
68192,0.76797485,-0.001983643,-1.2232971
68193,0.61279297,0.029296875,-1.1520386
68194,0.41931152,-0.27526856,-1.1410522
68195,0.27770996,-0.045471191,-1.2797546
68196,0.40130615,-0.086364746,-1.3534546
68197,0.32241821,0.36270142,-1.2231445
68198,0.35400391,0.39916992,-1.242981
68199,0.51147461,0.48828125,-1.3079834
68200,0.23757935,0.4888916,-1.2762451
68201,0.19332886,0.35217285,-1.2834167
68202,0.14007568,0.5392456,-1.2451172
68203,0.086517334,0.46768189,-1.2443542
68204,0.13442993,0.5279541,-1.2823486
68205,0.076751709,0.57922363,-1.2286377
68206,0.090789795,0.73379517,-1.1689758
68207,-0.027008057,0.73852539,-1.2214661
68208,-0.022277832,0.6930542,-1.2284851
68209,-0.12161255,0.80108643,-1.4097595
68210,-0.24887085,0.78018188,-1.2625122
68211,-0.3225708,0.7107544,-1.0516357
68212,-0.38345337,0.87371826,-1.2908936
68213,-0.36804199,0.92834473,-1.12854
68214,-0.45089722,0.85006714,-1.1154175
68215,-0.56915283,0.9576416,-0.8644104
68216,-0.40649414,1.126709,-0.88775635
68217,-0.60653687,1.0681152,-0.72128296
68218,-0.52947998,1.1233521,-0.85113525
68219,-0.78186035,1.0655212,-1.0293579
68220,-0.76141357,1.0520935,-0.89477539
68221,-0.69610596,1.0746765,-1.0350037
68222,-0.82351685,1.0934448,-0.78903198
68223,-0.91903687,1.1701965,-0.83496094
68224,-0.96221924,1.0754395,-0.83435059
68225,-1.051178,1.1776733,-0.85617065
68226,-1.0403442,1.2216187,-0.7800293
68227,-1.0163879,1.2384033,-0.59448242
68228,-1.081543,1.0102844,-0.6552124
68229,-1.1520386,1.1395264,-0.59783935
68230,-1.1276245,1.2411499,-0.44494629
68231,-1.2374878,1.1413574,-0.43151856
68232,-1.3053894,1.2261963,-0.39886475
68233,-1.3206482,1.2783813,-0.1763916
68234,-1.3665771,1.2020874,-0.15029907
68235,-1.5707397,0.99243164,-0.43624878
68236,-1.5435791,1.1978149,-0.094604492
68237,-1.5048218,1.0641479,-0.16372681
68238,-1.4744568,1.184845,0.02456665
68239,-1.5713501,1.1621094,-0.060577393
68240,-1.5914917,1.1767578,-0.050811768
68241,-1.6558838,0.99243164,0.067901611
68242,-1.6253662,1.0305786,0.30166626
68243,-1.8244934,0.99411011,0.32043457
68244,-1.7782593,1.0351563,0.37338257
68245,-1.8214416,1.0855103,0.36514282
68246,-1.8763733,1.0035706,0.39001465
68247,-1.8533325,0.94696045,0.42221069
68248,-1.8513489,0.9223938,0.45471191
68249,-1.8486023,0.90423584,0.47271728
68250,-1.9480896,0.89401245,0.53894043
68251,-1.9038391,0.92971802,0.50369263
68252,-2.0733643,0.82366943,0.65994263
68253,-2.0204163,0.85693359,0.68664551
68254,-1.8675232,0.88317871,0.60134888
68255,-2.0341492,0.82092285,0.76248169
68256,-1.9236755,0.79711914,0.59906006
68257,-2.0787048,0.82336426,0.74645996
68258,-2.0892334,0.90774536,0.79727173
68259,-1.9572449,0.67825317,0.73120117
68260,-2.0933533,0.49865723,0.82901001
68261,-2.0521545,0.45288086,0.74707031
68262,-2.1212769,0.40634155,0.83343506
68263,-2.0579529,0.39215088,0.962677
68264,-1.8856812,0.47927856,1.1096191
68265,-2.1025085,0.17089844,1.1764526
68266,-1.9213867,0.29296875,1.0865784
68267,-2.1179199,0.01739502,1.1271667
68268,-2.0681763,0.17120361,1.1962891
68269,-2.0231628,-0.1272583,1.3334656
68270,-1.9595337,-0.2432251,1.2882996
68271,-2.0278931,-0.18478394,1.317749
68272,-1.8746948,-0.17715454,1.3893127
68273,-2.076416,-0.084686279,1.3594055
68274,-1.882782,-0.36102295,1.4729309
68275,-2.0350647,-0.11505127,1.2702942
68276,-2.0143127,-0.3062439,1.6149902
68277,-1.817627,-0.50460815,1.7422485
68278,-1.9110107,-0.75027466,1.5437317
68279,-1.7788696,-0.58486938,1.7184448
68280,-1.9528198,-0.69015503,1.542511
68281,-1.7605591,-0.6729126,1.6712952
68282,-1.7506409,-0.73883057,1.6705322
68283,-1.7318726,-0.74630737,1.7622375
68284,-1.738739,-0.9437561,1.7443848
68285,-1.8400574,-0.76431274,1.7355347
68286,-1.6127014,-0.84167481,1.7939758
68287,-1.6941834,-0.94818115,1.8597412
68288,-1.7147827,-0.96603394,1.6607666
68289,-1.4537048,-1.0401916,1.5893555
68290,-1.4845276,-0.9992981,1.7279053
68291,-1.5658569,-1.088562,2.0404053
68292,-1.5252686,-1.3780212,2.0030212
68293,-1.5013123,-1.4720154,2.074585
68294,-1.4649963,-1.4524841,1.986084
68295,-1.3815308,-1.4750671,1.9345093
68296,-1.209259,-1.5881348,1.7391968
68297,-1.2539673,-1.6114807,1.7642212
68298,-1.1218262,-1.6796875,1.82724
68299,-1.1885071,-1.5153503,1.8658447
68300,-0.94787598,-1.4753723,1.8730164
68301,-0.79589844,-1.5985107,1.8254089
68302,-0.99945068,-1.5931702,1.804657
68303,-0.89584351,-1.7399597,1.829071
68304,-0.78323364,-1.8832397,1.7933655
68305,-0.71929932,-1.9239807,1.8370056
68306,-0.72509766,-1.8086243,1.656189
68307,-0.7321167,-1.8925476,1.7103577
68308,-0.76889038,-1.980896,1.8043518
68309,-0.65811157,-2.0848083,1.7300415
68310,-0.5392456,-1.9259644,1.7596436
68311,-0.37918091,-1.8997192,1.7539978
68312,-0.546875,-1.7686462,1.7475891
68313,-0.56945801,-1.9631958,1.7077637
68314,-0.43792725,-2.0318604,1.6546631
68315,-0.33798218,-2.1080017,1.647644
68316,-0.30014038,-2.1820068,1.5371704
68317,-0.17959595,-2.2964478,1.444397
68318,-0.053710938,-2.2186279,1.3728333
68319,0.062561035,-2.0700073,1.3679504
68320,-0.11901856,-2.0857239,1.1550903
68321,-0.11077881,-2.0483398,1.2770081
68322,0.082092285,-2.1832275,1.2176514
68323,0.16815185,-2.1582031,1.1872864
68324,0.22766113,-2.428894,1.2413025
68325,0.25161743,-2.3475647,1.0719299
68326,-0.033416748,-2.3416138,1.2615967
68327,0.099029541,-2.2244263,1.1708069
68328,0.32089233,-2.1492004,1.1643982
68329,0.36346436,-2.2660828,1.1320496
68330,0.3187561,-2.2651672,0.99182129
68331,0.57861328,-2.3077393,0.91766357
68332,0.56930542,-2.0852661,0.87799072
68333,0.4850769,-2.0265198,0.70266724
68334,0.48828125,-1.897583,0.87310791
68335,0.63964844,-2.0062256,0.62805176
68336,0.80093384,-1.9926453,0.65765381
68337,0.68084717,-2.0928955,0.59906006
68338,0.76934815,-2.1427917,0.55480957
68339,0.79528809,-2.1673584,0.574646
68340,0.82885742,-2.0910645,0.44158936
68341,0.89233398,-2.0697021,0.38467407
68342,0.83679199,-1.9708252,0.41107178
68343,1.0548401,-1.9551086,0.29525757
68344,0.91308594,-2.0172119,0.22781372
68345,0.9703064,-1.9085693,0.12832642
68346,1.0368347,-1.90979,0.24475098
68347,1.0360718,-2.0761108,0.059661865
68348,0.88134766,-1.9967651,0.019073486
68349,0.96359253,-1.7285156,0.094146729
68350,0.94314575,-1.880188,-0.010681152
68351,1.0934448,-1.7993164,-0.14434815
68352,1.051178,-1.7562866,-0.12649536
68353,1.1364746,-1.8632507,-0.1473999
68354,1.0694885,-1.835022,-0.11734009
68355,1.2561035,-1.598053,-0.33081055
68356,1.1172485,-1.5322876,-0.45913696
68357,1.1701965,-1.4468384,-0.5871582
68358,1.2232971,-1.3980103,-0.53833008
68359,1.2106323,-1.3459778,-0.68023682
68360,1.3038635,-1.4115906,-0.41259766
68361,1.1479187,-1.3739014,-0.40710449
68362,1.0896301,-1.3311768,-0.40023804
68363,1.0702515,-1.2701416,-0.61889648
68364,1.2214661,-1.178894,-0.63796997
68365,1.1276245,-1.2849426,-0.73165894
68366,0.92971802,-1.2080383,-0.60424805
68367,0.98968506,-1.1529541,-0.51269531
68368,1.006012,-1.12854,-0.64590454
68369,1.0125732,-1.0820007,-0.64941406
68370,0.98266602,-1.1169434,-0.71563721
68371,0.97625732,-0.78491211,-0.79925537
68372,0.96679688,-0.831604,-0.84411621
68373,0.96572876,-0.75012207,-0.88378906
68374,1.0025024,-0.59616089,-0.95687866
68375,0.93765259,-0.546875,-1.055603
68376,0.87188721,-0.46401978,-1.1116028
68377,0.92285156,-0.33248901,-1.1630249
68378,1.0029602,-0.27832031,-1.2617493
68379,0.91796875,-0.22994995,-1.2475586
68380,0.94024658,-0.29373169,-1.2466431
68381,0.88485718,-0.25909424,-1.2800598
68382,0.7069397,-0.24078369,-1.2493896
68383,0.7107544,-0.11520386,-1.368103
68384,0.73989868,0.008544922,-1.3391113
68385,0.67520142,0.050201416,-1.1967468
68386,0.65536499,-0.004577637,-1.2915039
68387,0.44433594,-0.15823364,-1.3719177
68388,0.6918335,0.14007568,-1.3764954
68389,0.51879883,0.14968872,-1.2672424
68390,0.50201416,0.22323608,-1.1244202
68391,0.34545898,0.45654297,-1.1947632
68392,0.30609131,0.42633057,-1.1470032
68393,0.33248901,0.52612305,-1.308136
68394,0.26428223,0.44052124,-1.2817383
68395,0.15090942,0.59082031,-1.1714172
68396,0.097808838,0.50109863,-1.2503052
68397,0.064239502,0.54107666,-1.3365173
68398,0.13793945,0.48538208,-1.3223267
68399,0.19485474,0.67596435,-1.3104248
68400,0.025024414,0.62164307,-1.2654114
68401,-0.14343262,0.60333252,-1.1973572
68402,0.018768311,0.84793091,-1.2278748
68403,-0.18508911,0.77209473,-1.3058472
68404,-0.32455444,0.88989258,-1.1790466
68405,-0.35995483,0.92910767,-1.1408997
68406,-0.24841309,1.05896,-1.1242676
68407,-0.26870728,1.1723328,-1.0696411
68408,-0.51269531,1.2103271,-1.1343384
68409,-0.5027771,1.129303,-1.0389709
68410,-0.57373047,1.1230469,-1.0585022
68411,-0.68847656,1.2242126,-1.1325073
68412,-0.59936523,0.97091675,-0.96557617
68413,-0.7220459,1.1651611,-0.83999634
68414,-0.7333374,1.2142944,-0.88073731
68415,-0.80307007,1.1566162,-0.82366943
68416,-0.98739624,1.2808228,-0.78735352
68417,-0.96954346,1.2356567,-0.83892822
68418,-0.96801758,1.1711121,-0.6954956
68419,-1.0745239,1.1181641,-0.52062988
68420,-1.0804749,1.1903381,-0.54779053
68421,-1.1407471,1.1618042,-0.45547485
68422,-1.1560059,1.2594604,-0.48782349
68423,-1.2744141,1.3061523,-0.39901733
68424,-1.1869812,1.3269043,-0.46875
68425,-1.239624,1.2916565,-0.41000366
68426,-1.3114929,1.3174438,-0.42633057
68427,-1.3262939,1.2304688,-0.3427124
68428,-1.401062,1.2478638,-0.33096314
68429,-1.4013672,1.2109375,-0.23864746
68430,-1.574707,1.3381958,-0.17822266
68431,-1.5200806,1.0205078,-0.27877808
68432,-1.6131592,0.99975586,-0.12542725
68433,-1.7111206,1.0482788,-0.12924194
68434,-1.7695618,1.1314392,-0.023345947
68435,-1.6809082,1.0258484,0.016326904
68436,-1.7868042,1.2091064,0.15884399
68437,-1.7477417,1.0806274,0.23498535
68438,-1.829071,1.0858154,0.4170227
68439,-1.8000793,0.96801758,0.26504517
68440,-1.8005371,0.9703064,0.48065186
68441,-1.975708,1.0174561,0.27130127
68442,-2.0259094,0.92758179,0.57678223
68443,-1.8424988,1.0314941,0.49102783
68444,-1.8869019,0.87493897,0.45669556
68445,-1.8658447,0.84152222,0.56610107
68446,-1.9471741,0.78674316,0.57739258
68447,-2.1235657,0.73608398,0.66436768
68448,-2.1939087,0.91400147,0.75241089
68449,-2.203064,0.69885254,0.70922852
68450,-2.0637512,0.72952271,0.69046021
68451,-2.1737671,0.69534302,0.81054688
68452,-2.1939087,0.730896,0.95031738
68453,-2.1026611,0.72387695,0.88973999
68454,-2.2058105,0.59265137,0.95901489
68455,-2.059021,0.63095093,1.1503601
68456,-2.2499084,0.46020508,1.2141418
68457,-2.2697449,0.47409058,1.2687683
68458,-2.3005676,0.4598999,1.305542
68459,-2.1801758,0.41946411,1.1642456
68460,-2.0805359,0.36514282,1.2588501
68461,-2.225647,0.23406982,1.3394165
68462,-2.297821,0.038757324,1.4039612
68463,-2.1865845,0.13748169,1.4041138
68464,-2.2319031,-0.002288818,1.3693237
68465,-2.0259094,-0.028076172,1.4456177
68466,-2.1469116,-0.1083374,1.3742065
68467,-2.0106506,-0.063476563,1.4764404
68468,-1.9741821,-0.29434204,1.546936
68469,-2.0140076,-0.23742676,1.5261841
68470,-1.9978333,-0.27557373,1.5631104
68471,-2.0462036,-0.46691894,1.5837097
68472,-1.9897461,-0.51010132,1.7480469
68473,-1.9065857,-0.63720703,1.7796326
68474,-1.8824768,-0.42358398,1.7959595
68475,-1.940155,-0.67276001,1.8511963
68476,-1.9143677,-0.90240478,1.8269348
68477,-1.8946838,-0.61553955,1.8540955
68478,-1.7704773,-0.69488525,1.847229
68479,-1.7832947,-0.76828003,1.857605
68480,-1.7333984,-0.89691162,1.7800903
68481,-1.7514038,-0.81985474,1.9703674
68482,-1.6781616,-1.0804749,1.9929504
68483,-1.5982056,-1.1369324,1.965332
68484,-1.6288757,-1.3452148,1.9174194
68485,-1.4779663,-1.2046814,2.0385742
68486,-1.395874,-1.2585449,1.9941711
68487,-1.5377808,-1.3008118,1.9735718
68488,-1.4266968,-1.5042114,1.5457153
68489,-1.4102173,-1.6445923,1.8624878
68490,-1.3960266,-1.5841675,2.1711731
68491,-1.3845825,-1.6693115,1.9927979
68492,-1.2342834,-1.8089294,2.149353
68493,-1.2054443,-1.864624,1.9223022
68494,-1.1102295,-1.870575,1.9148254
68495,-1.0481262,-1.9155884,1.8804932
68496,-1.025238,-1.940155,2.0010376
68497,-1.0032654,-1.9697571,2.0184326
68498,-0.90240478,-1.824646,2.0263672
68499,-1.0183716,-1.8212891,1.9924927
68500,-0.91796875,-1.9352722,2.0120239
68501,-0.80856323,-1.8948364,2.0172119
68502,-0.77682495,-1.9154358,1.9755554
68503,-0.67687988,-1.9387817,1.9163513
68504,-0.66131592,-2.1377563,1.7868042
68505,-0.56777954,-2.2006226,1.9927979
68506,-0.59692383,-2.1740723,1.7152405
68507,-0.44616699,-2.3432922,1.8161011
68508,-0.4447937,-2.2377014,1.7312622
68509,-0.4309082,-2.2245789,1.6564941
68510,-0.3717041,-2.1928406,1.5280151
68511,-0.28396606,-2.1453857,1.6583252
68512,-0.22399902,-2.06604,1.7172241
68513,-0.086975098,-2.3735046,1.6264343
68514,-0.10437012,-2.2599792,1.6670227
68515,-0.039672852,-2.3768616,1.5568542
68516,-0.044250488,-2.4557495,1.57547
68517,0.20095825,-2.6008606,1.4575195
68518,0.10986328,-2.3403931,1.401062
68519,0.16052246,-2.2183228,1.4804077
68520,0.21850586,-2.3124695,1.1921692
68521,0.1826477,-2.3658752,1.0905457
68522,0.29785156,-2.273407,1.2586975
68523,0.48751831,-2.338562,1.1529541
68524,0.56350708,-2.421875,1.0498047
68525,0.5241394,-2.4043274,0.95733643
68526,0.52886963,-2.414093,1.0040283
68527,0.58135986,-2.5323486,0.79498291
68528,0.56549072,-2.2401428,0.82427978
68529,0.55206299,-2.3216248,0.7472229
68530,0.62210083,-2.2637939,0.79589844
68531,0.72219849,-2.2854614,0.75515747
68532,0.87127685,-2.2969055,0.51147461
68533,0.78613281,-2.3443604,0.62606812
68534,0.85449219,-2.3985291,0.57891846
68535,0.88104248,-2.3310852,0.39459228
68536,0.98937988,-2.2615051,0.39031982
68537,1.0113525,-2.1360779,0.35812378
68538,1.0229492,-2.1012878,0.42236328
68539,1.0746765,-2.0184326,0.36682129
68540,1.0955811,-1.9975281,0.11001587
68541,1.1331177,-2.0837402,0.13320923
68542,1.0708618,-2.3042297,0.16067505
68543,1.0305786,-1.9537354,0.017700195
68544,1.1824036,-1.9770813,-0.018463135
68545,1.1329651,-1.9221497,-0.036010742
68546,1.0861206,-1.8554688,-0.035095215
68547,1.2503052,-1.943512,-0.12390137
68548,1.2902832,-1.9380188,0.023498535
68549,1.2565613,-1.8981934,-0.17166138
68550,1.3027954,-1.7381287,-0.21179199
68551,1.5194702,-1.6171265,-0.34545898
68552,1.1628723,-1.6999817,-0.43457031
68553,1.2327576,-1.5332031,-0.50384522
68554,1.2763977,-1.5708923,-0.76202393
68555,1.2817383,-1.6255188,-0.73165894
68556,1.3088989,-1.4543152,-0.7749939
68557,1.3546753,-1.3641357,-0.62454224
68558,1.3183594,-1.2554932,-0.81283569
68559,1.3668823,-1.2547302,-0.86975098
68560,1.4509583,-1.2640381,-0.84487915
68561,1.2228394,-1.1152649,-0.85327148
68562,1.3835144,-1.1315918,-0.89706421
68563,1.2852478,-1.0331726,-0.92147827
68564,1.3751221,-0.9664917,-0.95169067
68565,1.3578796,-0.91812134,-1.013031
68566,1.2039185,-0.85571289,-1.1959839
68567,1.3259888,-0.75866699,-1.1035156
68568,1.0751343,-0.63201904,-1.0723877
68569,1.1560059,-0.60333252,-1.1752319
68570,0.96328735,-0.52001953,-1.1817932
68571,0.9765625,-0.64193726,-1.1331177
68572,0.95779419,-0.57296753,-1.414032
68573,1.0031128,-0.61416626,-1.3371277
68574,1.0083008,-0.4347229,-1.2414551
68575,1.0295105,-0.22186279,-1.3269043
68576,1.0185242,-0.18188477,-1.3253784
68577,0.86074829,-0.13748169,-1.3421631
68578,1.0594177,-0.24093628,-1.3990784
68579,0.81573486,-0.11184692,-1.4271545
68580,0.86135864,-0.12680054,-1.4649963
68581,0.79071045,0.028533936,-1.343689
68582,0.68222046,0.029449463,-1.541748
68583,0.62072754,0.22705078,-1.3508606
68584,0.67153931,0.25650024,-1.4179993
68585,0.67703247,0.17364502,-1.5391541
68586,0.52307129,0.31768799,-1.4865112
68587,0.61523438,0.19180298,-1.5142822
68588,0.43579102,0.51528931,-1.5048218
68589,0.34667969,0.65872192,-1.3287354
68590,0.23376465,0.64651489,-1.3047791
68591,0.2482605,0.6173706,-1.4237976
68592,0.057373047,0.65536499,-1.2998962
68593,0.14907837,0.73944092,-1.4605713
68594,0.11886597,0.79681397,-1.4692688
68595,0.082092285,0.89385986,-1.3723755
68596,0.16845703,0.93093872,-1.2934875
68597,-0.000305176,0.78811646,-1.3510132
68598,-0.011444092,0.80123901,-1.2693787
68599,-0.084075928,0.86883545,-1.287384
68600,-0.24536133,0.91720581,-1.3265991
68601,-0.17913818,0.97991943,-1.3284302
68602,-0.30303955,1.0438538,-1.2458801
68603,-0.54336548,1.0424805,-1.2796021
68604,-0.39871216,1.0145569,-1.1695862
68605,-0.65689087,1.0134888,-1.1585999
68606,-0.63476563,1.2208557,-0.99456787
68607,-0.73852539,1.1936951,-1.0972595
68608,-0.61431885,1.0920715,-0.90637207
68609,-0.67474365,1.1329651,-0.99349976
68610,-0.71899414,1.2705994,-0.92010498
68611,-0.73028565,1.2332153,-0.90377808
68612,-0.90759277,1.4073181,-0.80673218
68613,-1.0092163,1.2969971,-0.88684082
68614,-1.0261536,1.3638306,-0.81634522
68615,-1.0641479,1.4248657,-0.85372925
68616,-1.1616516,1.4845276,-0.82611084
68617,-1.058197,1.3693237,-0.77774048
68618,-1.1569214,1.3124084,-0.40390015
68619,-1.3252258,1.3014221,-0.37521362
68620,-1.2512207,1.335144,-0.4347229
68621,-1.2602234,1.3887024,-0.35415649
68622,-1.3955688,1.4897156,-0.44525147
68623,-1.5087891,1.4923096,-0.28884888
68624,-1.6424561,1.3973999,-0.14343262
68625,-1.5589905,1.521759,-0.16799927
68626,-1.6264343,1.3423157,-0.020446777
68627,-1.675415,1.473999,-0.070648193
68628,-1.7883301,0.96389771,-0.21224976
68629,-1.7323303,1.2374878,-0.001068115
68630,-1.9061279,1.1473084,0.18737793
68631,-1.9818115,1.3742065,0.25192261
68632,-2.0333862,1.2597656,0.22918701
68633,-1.9120789,1.1347961,0.20507813
68634,-2.0483398,1.1880493,0.3352356
68635,-2.0669556,1.2686157,0.28900147
68636,-1.9972229,1.0600281,0.362854
68637,-2.118988,1.0418701,0.32485962
68638,-1.9955444,1.1268616,0.45669556
68639,-2.1456909,1.194458,0.57235718
68640,-2.2151184,0.97473144,0.64285278
68641,-2.0622253,0.92819214,0.57052612
68642,-2.0556641,1.0531616,0.58807373
68643,-2.2360229,0.99212647,0.75531006
68644,-2.3336792,1.0038757,0.83328247
68645,-2.1821594,0.87783813,0.84106445
68646,-2.1607971,0.76263428,1.0540771
68647,-2.2602844,0.88760376,0.99746704
68648,-2.3324585,0.68786621,1.134491
68649,-2.2425842,0.72311401,0.9803772
68650,-2.3796082,0.73196411,1.1070251
68651,-2.3371887,0.71685791,1.0749817
68652,-2.1514893,0.61065674,1.086731
68653,-2.2558594,0.4977417,1.0806274
68654,-2.3170471,0.40039063,1.1575317
68655,-2.4139404,0.24002075,1.182251
68656,-2.3866272,0.28030395,1.3067627
68657,-2.2683716,0.23605347,1.3751221
68658,-2.2047424,0.067749023,1.3737488
68659,-2.088623,-0.01953125,1.5393066
68660,-2.230835,-0.12405395,1.4894104
68661,-2.2161865,-0.019836426,1.4894104
68662,-2.3406982,-0.22750855,1.5388489
68663,-2.1278381,-0.075531006,1.7160034
68664,-2.0657349,-0.036621094,1.6149902
68665,-1.9857788,-0.24856567,1.7494202
68666,-1.980896,-0.33691406,1.6383362
68667,-1.9676209,-0.52688599,1.7791748
68668,-2.0811462,-0.60714722,1.6879272
68669,-2.0477295,-0.6010437,1.6769409
68670,-2.0132446,-0.64605713,1.6409302
68671,-1.9142151,-0.70465088,1.9171143
68672,-1.9641113,-0.50369263,1.8817139
68673,-1.8249512,-0.72677612,2.0664978
68674,-1.8933105,-0.89096069,1.8865967
68675,-1.9085693,-0.70159912,1.7193604
68676,-1.8511963,-0.73806763,1.9903564
68677,-1.7828369,-0.88104248,1.9979858
68678,-1.7327881,-1.0133362,1.7791748
68679,-1.709137,-1.2315369,1.9142151
68680,-1.7204285,-1.2211609,1.9273376
68681,-1.5827942,-1.1506653,2.074585
68682,-1.3830566,-1.3153076,1.973877
68683,-1.479187,-1.2165833,1.9160461
68684,-1.5228271,-1.2443542,2.0683289
68685,-1.3397217,-1.3204956,2.0230103
68686,-1.4224243,-1.2591553,1.8702698
68687,-1.3346863,-1.5242004,1.9448853
68688,-1.3191223,-1.6448975,1.9760132
68689,-1.3484192,-1.6065979,1.9514465
68690,-1.1665344,-1.77948,2.0175171
68691,-1.1242676,-1.8841553,2.0666504
68692,-1.0147095,-2.0446777,1.9093323
68693,-1.0574341,-1.8516541,1.8887329
68694,-1.0914612,-1.8804932,1.8792725
68695,-1.1430359,-1.7893982,1.9696045
68696,-0.67489624,-1.7858887,1.8531799
68697,-0.83328247,-1.8399048,1.9306946
68698,-0.64361572,-2.1975708,1.8173218
68699,-0.49697876,-1.9560242,1.8695068
68700,-0.59234619,-1.9743347,1.7956543
68701,-0.44616699,-2.1411133,1.9172668
68702,-0.46432495,-2.2097778,1.986084
68703,-0.45394897,-2.2160339,1.9055176
68704,-0.35766602,-2.5178528,1.7604065
68705,-0.24475098,-2.3649597,1.8371582
68706,-0.38650513,-2.4620056,1.6694641
68707,-0.31982422,-2.1551514,1.6744995
68708,-0.34881592,-2.4125671,1.6038513
68709,0.015106201,-2.1839905,1.6723633
68710,-0.080566406,-2.2944641,1.4602661
68711,0.11245728,-2.3751831,1.5530396
68712,0.005950928,-2.4179077,1.4743042
68713,0.12451172,-2.5360107,1.5655518
68714,0.31448364,-2.434082,1.3905334
68715,0.24902344,-2.4160767,1.3113403
68716,0.27557373,-2.3326111,1.3070679
68717,0.38604736,-2.419281,1.1999512
68718,0.45166016,-2.4092102,1.1825562
68719,0.4788208,-2.3574829,1.2863159
68720,0.47424316,-2.4279785,1.2800598
68721,0.5897522,-2.3921204,1.0922241
68722,0.67504883,-2.610321,1.0472107
68723,0.60440063,-2.4143982,0.99441528
68724,0.7081604,-2.6072693,0.95825195
68725,0.86105347,-2.4552917,0.82946777
68726,0.84945679,-2.4307251,0.62896728
68727,0.82641602,-2.3225403,0.61157227
68728,0.9274292,-2.4493408,0.74111938
68729,0.86334228,-2.4539185,0.5065918
68730,0.86685181,-2.3687744,0.47164917
68731,1.0061646,-2.2155762,0.52810669
68732,0.96466065,-2.1716309,0.53344727
68733,0.96054077,-2.1572876,0.39611816
68734,1.0145569,-2.1665955,0.29830933
68735,1.1170959,-2.1307373,0.3074646
68736,1.0865784,-2.0570374,0.28106689
68737,1.3562012,-2.0513916,0.076293945
68738,1.2905884,-2.1290588,0.03692627
68739,1.2373352,-2.0161438,0.003509521
68740,1.2471008,-2.0820618,-0.18295288
68741,1.3919067,-2.0275879,-0.020599365
68742,1.4315796,-2.127533,-0.27053833
68743,1.3710022,-2.0463562,-0.24414063
68744,1.4651489,-1.9158936,-0.31158447
68745,1.4134216,-1.7926025,-0.31448364
68746,1.4839172,-1.7869568,-0.24902344
68747,1.4602661,-1.8586731,-0.47012329
68748,1.4984131,-1.6612244,-0.45684814
68749,1.3272095,-1.5354919,-0.50994873
68750,1.2660217,-1.6375732,-0.52612305
68751,1.2831116,-1.4457703,-0.56945801
68752,1.3827515,-1.3835144,-0.61050415
68753,1.3070679,-1.179657,-0.62576294
68754,1.3188171,-1.2261963,-0.65963745
68755,1.2593079,-1.1766052,-0.87524414
68756,1.3232422,-1.2216187,-0.60821533
68757,1.2600708,-1.1747742,-0.84838867
68758,1.2713623,-1.2219238,-0.88775635
68759,1.2121582,-1.0263062,-0.90713501
68760,1.2094116,-1.0084534,-0.85891724
68761,1.257782,-0.90408325,-1.0952759
68762,1.3262939,-0.81878662,-0.987854
68763,1.1425781,-0.74066162,-1.0891724
68764,1.1262512,-0.70968628,-1.1175537
68765,1.1196899,-0.80551147,-1.0868835
68766,1.1717224,-0.62789917,-1.0256958
68767,1.0012817,-0.57662964,-1.1332703
68768,1.0229492,-0.53207397,-1.2147522
68769,1.111145,-0.53649902,-1.3363647
68770,1.0742188,-0.37384033,-1.3528442
68771,1.0864258,-0.25192261,-1.4219666
68772,1.0098267,-0.14190674,-1.3511658
68773,1.0140991,-0.13778687,-1.3407898
68774,1.0179138,-0.065460205,-1.338501
68775,0.8795166,-0.04486084,-1.3259888
68776,0.85067749,-0.013427734,-1.3388062
68777,0.75576782,-0.11535645,-1.4321899
68778,0.49636841,-0.15396118,-1.4248657
68779,0.59463501,0.001831055,-1.4367676
68780,0.64041138,0.1852417,-1.5174866
68781,0.77636719,0.35430908,-1.4179993
68782,0.55221558,0.24902344,-1.4756775
68783,0.69061279,0.22247315,-1.5739441
68784,0.68466187,0.25848389,-1.4138794
68785,0.32592773,0.4486084,-1.3981628
68786,0.50170898,0.60043335,-1.4259338
68787,0.44006348,0.574646,-1.318512
68788,0.21820068,0.80886841,-1.3528442
68789,0.16998291,0.71334839,-1.2988281
68790,0.017700195,0.78216553,-1.3639832
68791,-0.030822754,0.84442139,-1.3389587
68792,-0.062255859,0.75988769,-1.3301086
68793,-0.029296875,0.85968018,-1.2762451
68794,-0.26885986,0.92803955,-1.137085
68795,-0.23925781,0.87280273,-1.1952209
68796,-0.1701355,0.89874268,-1.3090515
68797,-0.31066894,0.94528198,-1.2702942
68798,-0.38711548,1.0009766,-1.0751343
68799,-0.39855957,0.9815979,-1.2632751
68800,-0.47393799,1.1605835,-1.2213135
68801,-0.57540894,1.1886597,-1.2004089
68802,-0.49011231,1.3446045,-1.2011719
68803,-0.71136475,1.2619019,-1.3323975
68804,-0.59906006,1.3256836,-1.2789917
68805,-0.67245483,1.2705994,-0.96191406
68806,-0.61431885,1.2413025,-1.0636902
68807,-0.79177856,1.1880493,-1.1083984
68808,-0.86898804,1.2812805,-0.99151611
68809,-0.89614868,1.4273071,-0.79162598
68810,-1.0018921,1.4277649,-0.93414307
68811,-1.073761,1.5084839,-0.83969116
68812,-1.1183166,1.464386,-0.67687988
68813,-1.1968994,1.3568115,-0.84487915
68814,-1.3986206,1.3601685,-0.71853638
68815,-1.2930298,1.322937,-0.78796387
68816,-1.3595581,1.4698791,-0.64071655
68817,-1.408844,1.3319397,-0.60974121
68818,-1.5472412,1.4044189,-0.5027771
68819,-1.5170288,1.3409424,-0.52490234
68820,-1.5736389,1.4450073,-0.37322998
68821,-1.6351318,1.5785217,-0.24215698
68822,-1.6465759,1.5664673,-0.27099609
68823,-1.6271973,1.4576721,-0.11627197
68824,-1.5515137,1.486969,-0.12039185
68825,-1.7828369,1.5458679,-0.029754639
68826,-1.8580627,1.3134766,0.015716553
68827,-1.7483521,1.3635254,-0.089111328
68828,-1.8910217,1.1761475,0.096435547
68829,-1.9163513,1.315918,0.13824463
68830,-1.9050598,1.2438965,0.23925781
68831,-1.9010925,1.2113953,0.16998291
68832,-1.9900513,1.285553,0.30273438
68833,-2.1014404,1.378479,0.38101196
68834,-2.2024536,1.1331177,0.37017822
68835,-2.0178223,1.2382507,0.38314819
68836,-2.1664429,1.1819458,0.44372559
68837,-2.066803,1.1875916,0.48477173
68838,-2.1873474,1.0389709,0.59387207
68839,-2.2920227,1.1567688,0.72052002
68840,-2.1920776,1.0064697,0.63491821
68841,-2.1612549,0.97885132,0.81848144
68842,-2.1833801,0.93109131,0.81436157
68843,-2.149353,0.88943481,0.7371521
68844,-2.2549438,0.85159302,1.0011291
68845,-2.2239685,0.66452026,0.94940185
68846,-2.1499634,0.75714111,1.0531616
68847,-2.1554565,0.67214966,1.0980225
68848,-2.3373413,0.52932739,1.0972595
68849,-2.28302,0.49331665,1.0983276
68850,-2.3538208,0.48980713,1.083374
68851,-2.35672,0.52124023,1.2252808
68852,-2.3963928,0.44158936,1.1776733
68853,-2.1942139,0.37445068,1.3815308
68854,-2.1836853,0.29678345,1.3208008
68855,-2.2796631,0.2722168,1.3160706
68856,-2.2581482,0.23895264,1.4065552
68857,-2.3861694,0.16799927,1.6474915
68858,-2.4769592,-0.1335144,1.6001892
68859,-2.1688843,0.036468506,1.6009521
68860,-2.2268677,-0.074462891,1.5289307
68861,-2.2885132,-0.20980835,1.4892578
68862,-2.2467041,-0.23208618,1.5357971
68863,-2.0510864,-0.23284912,1.6363525
68864,-2.1118164,-0.47332764,1.784668
68865,-1.9711304,-0.38635254,1.7251587
68866,-2.0594788,-0.42877197,1.859436
68867,-2.0666504,-0.49209595,1.7189026
68868,-2.0417786,-0.57357788,1.658783
68869,-1.8798828,-0.86761475,1.6513062
68870,-1.907959,-0.97442627,1.7645264
68871,-1.8260193,-0.7673645,1.9274902
68872,-1.7596436,-0.95077515,1.9670105
68873,-1.9155884,-1.0958862,2.1403503
68874,-1.8208313,-0.9753418,1.9691467
68875,-1.756134,-0.95672607,2.0350647
68876,-1.7445374,-1.2120056,2.0323181
68877,-1.7642212,-1.1567688,1.9372559
68878,-1.7364502,-1.3850403,1.9389343
68879,-1.4790344,-1.3470459,2.1228027
68880,-1.5524292,-1.5052795,2.0146179
68881,-1.4764404,-1.4376831,1.9325256
68882,-1.464386,-1.3497925,2.1669006
68883,-1.4353943,-1.4598084,2.2993469
68884,-1.4701843,-1.4782715,1.918335
68885,-1.4645386,-1.5686035,2.0031738
68886,-1.4294434,-1.7536926,2.207489
68887,-1.2530518,-1.7150879,2.0692444
68888,-1.2242126,-1.9061279,2.0150757
68889,-1.2036133,-1.9007874,2.2134399
68890,-1.2261963,-1.9560242,2.1263123
68891,-1.1083984,-2.0022583,2.1408081
68892,-1.0372925,-1.8553162,2.1200562
68893,-0.97335815,-1.8722534,2.053833
68894,-0.91659546,-1.9262695,2.0111084
68895,-0.94985962,-2.0748901,2.013092
68896,-0.64270019,-2.0742798,1.8444824
68897,-0.6829834,-2.0275879,1.7604065
68898,-0.5770874,-2.0901489,1.8574524
68899,-0.625,-1.9859314,1.8666077
68900,-0.44845581,-2.0866394,1.8945313
68901,-0.49942017,-2.2880554,1.8553162
68902,-0.50415039,-2.2741699,1.7997742
68903,-0.20172119,-2.4272156,1.7791748
68904,-0.19317627,-2.2433472,1.7327881
68905,-0.10955811,-2.1507263,1.7776489
68906,-0.086212158,-2.303009,1.8145752
68907,-0.088653564,-2.3365784,1.7663574
68908,-0.015716553,-2.3886108,1.7327881
68909,0.11169434,-2.5553894,1.6522217
68910,0.10253906,-2.5891113,1.5966797
68911,0.21179199,-2.4409485,1.5847778
68912,0.12832642,-2.585144,1.5481567
68913,0.24765015,-2.4850464,1.4480591
68914,0.35217285,-2.3703003,1.4082336
68915,0.33660889,-2.4121094,1.1274719
68916,0.55664063,-2.3826599,1.2420654
68917,0.5078125,-2.5416565,1.2405396
68918,0.58059692,-2.5897217,1.3821411
68919,0.60333252,-2.5491333,1.1013794
68920,0.60073853,-2.505188,1.1740112
68921,0.57601929,-2.6426697,0.95336914
68922,0.60928345,-2.6885986,0.96130371
68923,0.76095581,-2.651825,0.84411621
68924,0.93673706,-2.7825928,0.71777344
68925,0.86044312,-2.467804,0.73059082
68926,0.8366394,-2.5447083,0.65689087
68927,0.71395874,-2.3345947,0.71060181
68928,0.89004517,-2.386322,0.56777954
68929,0.95001221,-2.2422791,0.53665161
68930,0.97930908,-2.1707153,0.55847168
68931,0.92346191,-2.3982239,0.50048828
68932,1.1126709,-2.5256348,0.34606934
68933,1.1134338,-2.3947144,0.3894043
68934,1.0108948,-2.2442627,0.46279907
68935,1.1723328,-2.1160889,0.21209717
68936,1.2721252,-2.0471191,0.066070557
68937,1.1904907,-2.1539307,0.17883301
68938,1.1268616,-2.34375,-0.013580322
68939,1.2814331,-2.1000671,0.026855469
68940,1.2817383,-1.98349,-0.10284424
68941,1.386261,-1.9309998,-0.15045166
68942,1.3279724,-1.9165039,-0.33874512
68943,1.4712524,-1.8426514,-0.29830933
68944,1.3967896,-1.9549561,-0.48309326
68945,1.4657593,-1.9403076,-0.3036499
68946,1.4306641,-1.9047546,-0.34820557
68947,1.4160156,-1.9259644,-0.50384522
68948,1.3827515,-1.6705322,-0.35995483
68949,1.3691711,-1.6653442,-0.28381348
68950,1.4080811,-1.4935303,-0.75897217
68951,1.3850403,-1.6799927,-0.70587158
68952,1.252594,-1.5563965,-0.72753906
68953,1.3250732,-1.6191101,-0.7421875
68954,1.3172913,-1.5759277,-0.83465576
68955,1.2780762,-1.159668,-0.92590332
68956,1.2451172,-1.1245728,-0.85891724
68957,1.3705444,-1.0101318,-0.96038818
68958,1.4135742,-0.9463501,-1.0713196
68959,1.3508606,-0.95352173,-1.0374451
68960,1.2760925,-0.93505859,-0.93002319
68961,1.2585449,-0.90515137,-0.95352173
68962,1.2322998,-0.75256348,-1.0801697
68963,1.2106323,-0.73150635,-1.2078857
68964,1.1599731,-0.64941406,-1.1436462
68965,1.1351013,-0.4914856,-1.1410522
68966,1.1169434,-0.59295654,-1.2367249
68967,1.1799622,-0.46386719,-1.2268066
68968,1.053772,-0.53222656,-1.2542725
68969,1.1418152,-0.4423523,-1.164856
68970,1.1308289,-0.28305054,-1.3497925
68971,1.007843,-0.19622803,-1.3137817
68972,0.93826294,-0.19668579,-1.3072205
68973,0.89050293,-0.20935059,-1.2431335
68974,0.90393066,-0.20004273,-1.2771606
68975,0.70755005,-0.022583008,-1.5124512
68976,0.62683106,-0.018463135,-1.4920044
68977,0.859375,0.005187988,-1.4123535
68978,0.65261841,-0.19180298,-1.6197205
68979,0.62789917,0.024719238,-1.5356445
68980,0.66772461,0.17044067,-1.5361023
68981,0.60668945,0.26245117,-1.6007996
68982,0.49682617,0.47470093,-1.4028931
68983,0.54214478,0.38833618,-1.4904785
68984,0.51208496,0.493927,-1.4060974
68985,0.33004761,0.50872803,-1.3027954
68986,0.25009155,0.58868408,-1.5690613
68987,0.12496948,0.77423096,-1.5763855
68988,0.028991699,0.81542969,-1.3871765
68989,0.20217895,0.87265015,-1.2834167
68990,0.091094971,0.80368042,-1.325531
68991,0.15441895,0.90164185,-1.4285278
68992,-0.012512207,0.90316772,-1.388092
68993,-0.080108643,0.91140747,-1.2564087
68994,-0.11779785,0.81283569,-1.1012268
68995,-0.1852417,1.0079956,-1.2565613
68996,-0.26687622,0.83145142,-1.4552307
68997,-0.14648438,0.87905884,-1.4045715
68998,-0.337677,0.91964722,-1.2347412
68999,-0.38223267,1.0266113,-1.237793
69000,-0.36087036,1.2461853,-1.1860657
69001,-0.46142578,1.1924744,-1.3121033
69002,-0.49957275,1.2733459,-1.1853027
69003,-0.58197022,1.2506104,-1.129303
69004,-0.6312561,1.2542725,-0.94772339
69005,-0.74707031,1.0623169,-1.0171509
69006,-0.78460693,1.33255,-1.0186768
69007,-0.74829102,1.2669373,-0.89096069
69008,-1.0250854,1.3008118,-0.89324951
69009,-0.94955444,1.2875366,-0.85281372
69010,-0.97946167,1.3560486,-0.75775147
69011,-1.0305786,1.1154175,-0.68771362
69012,-1.0061646,1.2049866,-0.69747925
69013,-1.1279297,1.2423706,-0.8442688
69014,-1.105957,1.3208008,-0.66329956
69015,-1.2197876,1.2921143,-0.52474976
69016,-1.2530518,1.2863159,-0.65612793
69017,-1.3771057,1.3246155,-0.6993103
69018,-1.2081909,1.3264465,-0.60821533
69019,-1.3407898,1.4587402,-0.40542603
69020,-1.5939331,1.5245056,-0.33477783
69021,-1.6110229,1.5486145,-0.27542114
69022,-1.5922546,1.31073,-0.27893066
69023,-1.5879822,1.2042236,-0.3717041
69024,-1.5936279,1.2098694,-0.11383057
69025,-1.5478516,1.3682556,0.017242432
69026,-1.7651367,1.2680054,-0.087585449
69027,-1.7526245,1.3244629,0.039672852
69028,-1.7150879,1.2338257,0.13031006
69029,-1.7207336,1.2365723,0.14251709
69030,-1.8907166,1.0803223,0.32608032
69031,-1.9084167,1.1953735,0.25146484
69032,-1.9242859,1.1798096,0.12176514
69033,-1.8383789,1.1335754,0.22476196
69034,-1.8305969,1.0969543,0.38085938
69035,-2.1113586,0.90377808,0.47088623
69036,-2.0443726,0.92849731,0.5897522
69037,-2.0852661,1.0964966,0.56457519
69038,-2.1884155,0.91201782,0.70465088
69039,-2.1580505,0.84686279,0.7333374
69040,-2.0776367,0.76171875,0.59066772
69041,-2.1800232,0.79315185,0.79116821
69042,-2.0451355,0.80734253,0.81390381
69043,-2.0178223,0.83053589,0.76400757
69044,-2.1554565,0.73074341,1.1091614
69045,-2.1183777,0.60302734,1.0073853
69046,-2.0265198,0.71670532,1.1047363
69047,-2.171936,0.47851563,1.0728455
69048,-2.1101379,0.60928345,1.098938
69049,-2.1080017,0.35995483,1.1027527
69050,-1.9804382,0.43762207,1.2435913
69051,-2.0739746,0.3565979,1.234436
69052,-2.273407,0.32836914,1.2638855
69053,-2.2950745,0.35675049,1.2915039
69054,-2.2261047,0.22796631,1.3853455
69055,-2.4813843,0.088806152,1.3656616
69056,-2.0582581,0.058441162,1.3313293
69057,-2.2184753,-0.11077881,1.4341736
69058,-2.1395874,-0.11535645,1.4601135
69059,-2.2187805,-0.050354004,1.5698242
69060,-2.1411133,-0.10238648,1.3497925
69061,-1.9483948,-0.21789551,1.6677856
69062,-2.1766663,-0.46737671,1.7254639
69063,-2.0074463,-0.54748535,1.5914917
69064,-2.0664978,-0.50552368,1.653595
69065,-2.1315002,-0.39855957,1.8363953
69066,-1.8815613,-0.40664673,1.7489624
69067,-2.03125,-0.57800293,1.7012024
69068,-1.8885803,-0.66421509,1.9647217
69069,-1.8978882,-0.52078247,1.8014526
69070,-1.8104553,-0.80535889,1.9458008
69071,-1.8582153,-0.9703064,1.9317627
69072,-1.8154907,-0.91888428,2.0330811
69073,-1.7675781,-0.86761475,2.0175171
69074,-1.7712402,-0.9060669,1.9017029
69075,-1.7468262,-1.1408997,1.7604065
69076,-1.6207886,-1.194458,2.0329285
69077,-1.67099,-1.2834167,1.9837952
69078,-1.4445496,-1.2686157,1.3752747
69079,-1.5960693,-1.2614441,1.9497681
69080,-1.4959717,-1.2754822,1.9433594
69081,-1.398468,-1.2609863,2.0129395
69082,-1.390686,-1.3667297,1.9844055
69083,-1.3591003,-1.3145447,1.7176819
69084,-1.227417,-1.3800049,1.8397522
69085,-1.1541748,-1.449585,1.7904663
69086,-1.1257935,-1.6326904,1.9215393
69087,-1.217804,-1.7559814,2.0159912
69088,-0.95794678,-1.6456604,2.0043945
69089,-0.9727478,-1.7202759,1.8487549
69090,-1.0797119,-1.837616,2.0475769
69091,-0.98312378,-1.6650391,2.1035767
69092,-0.82717896,-1.8695068,2.1058655
69093,-0.8052063,-1.8005371,1.890564
69094,-0.8454895,-1.7778015,1.8164063
69095,-0.67153931,-1.8798828,1.7936707
69096,-0.7925415,-1.8600464,1.8412781
69097,-0.61141968,-1.9650269,1.7036438
69098,-0.51391602,-2.0935059,1.7500305
69099,-0.43563843,-2.2229004,1.7274475
69100,-0.47790527,-2.1434021,1.7776489
69101,-0.33020019,-2.1466064,1.7677307
69102,-0.35827637,-2.2972107,1.6113281
69103,-0.22613525,-2.1383667,1.6181946
69104,-0.25741577,-2.1220398,1.5765381
69105,-0.12786865,-2.243042,1.4945984
69106,-0.18829346,-2.2735596,1.6157532
69107,-0.084381104,-2.3474121,1.5034485
69108,-0.18417358,-2.3431396,1.5783691
69109,-0.048828125,-2.2360229,1.3578796
69110,0.02746582,-2.2401428,1.4099121
69111,0.20690918,-2.1620178,1.2696838
69112,0.23956299,-2.2366333,1.1521912
69113,0.28152466,-2.1844482,1.1669922
69114,0.37261963,-2.3132324,1.055603
69115,0.31555176,-2.3217773,1.0823059
69116,0.38253784,-2.2906494,1.0548401
69117,0.35858154,-2.2593689,1.076355
69118,0.47119141,-2.3536682,0.9815979
69119,0.44631958,-2.3101807,1.0131836
69120,0.4800415,-2.2348022,0.83953857
69121,0.62103272,-2.313385,0.86685181
69122,0.5632019,-2.2299194,0.83801269
69123,0.58700562,-2.1476746,0.76660156
69124,0.72143555,-2.192688,0.72113037
69125,0.79772949,-2.1632385,0.69625854
69126,0.79483032,-2.1858215,0.59524536
69127,0.85647583,-2.0576477,0.4196167
69128,0.9236145,-2.0184326,0.53131103
69129,0.80932617,-2.1417236,0.50186157
69130,0.89645386,-1.9586182,0.46951294
69131,1.0690308,-1.9354248,0.32623291
69132,0.89782715,-1.8708801,0.36499023
69133,0.98968506,-2.2349548,0.28518677
69134,1.1277771,-2.0950317,0.039978027
69135,1.1413574,-1.986084,0.16265869
69136,1.0394287,-1.9146729,0.012817383
69137,1.0836792,-1.7874146,-0.015258789
69138,1.1012268,-1.905365,0.03036499
69139,1.0966492,-1.6970825,-0.043945313
69140,1.0791016,-1.854248,-0.19393921
69141,1.0699463,-1.6828918,-0.26657105
69142,1.1354065,-1.6854858,-0.26153564
69143,1.1605835,-1.6288757,-0.30090332
69144,1.1988831,-1.5536499,-0.33187866
69145,1.1793518,-1.3929749,-0.40542603
69146,1.1671448,-1.5109253,-0.3742981
69147,1.1891174,-1.3961792,-0.42572022
69148,1.1987305,-1.421814,-0.46340942
69149,1.2194824,-1.3793945,-0.51055908
69150,1.219635,-1.2817383,-0.54321289
69151,1.2216187,-1.2054443,-0.4095459
69152,1.1054993,-1.0375977,-0.61309815
69153,1.1531067,-1.0369873,-0.63171387
69154,1.0987854,-0.99700928,-0.70999146
69155,1.1871338,-0.88607788,-0.82733154
69156,1.0917664,-0.80184937,-0.8203125
69157,1.023407,-0.7409668,-0.77713013
69158,1.0571289,-0.72723389,-0.84091187
69159,1.0119629,-0.71868897,-0.8656311
69160,0.99105835,-0.66772461,-0.97854614
69161,1.0006714,-0.73898315,-1.1346436
69162,1.0125732,-0.64575195,-1.1778259
69163,0.97747803,-0.57907104,-1.1218262
69164,0.965271,-0.54885864,-1.1672974
69165,1.0021973,-0.60592651,-1.2680054
69166,0.92300415,-0.42114258,-1.2341309
69167,0.89569092,-0.34622192,-1.1306763
69168,0.88928223,-0.35858154,-1.1421204
69169,0.80444336,-0.2230835,-1.0505676
69170,0.76263428,-0.32089233,-1.1929321
69171,0.70465088,-0.22262573,-1.1523438
69172,0.75500488,-0.11749268,-1.2893677
69173,0.72265625,-0.16342163,-1.308136
69174,0.76171875,0.037689209,-1.2727356
69175,0.43106079,-0.17700195,-1.3883972
69176,0.47775269,-0.064849854,-1.3142395
69177,0.55725098,-0.013122559,-1.4370728
69178,0.61523438,0.16906738,-1.254425
69179,0.4927063,0.23620606,-1.3299561
69180,0.46569824,0.40481567,-1.2275696
69181,0.24765015,0.44281006,-1.2327576
69182,0.22705078,0.35903931,-1.1459351
69183,0.21850586,0.47485352,-1.2895203
69184,-0.017700195,0.53253174,-1.1698914
69185,0.12619019,0.57144165,-1.0978699
69186,0.06149292,0.66650391,-1.2785339
69187,0.085144043,0.73181152,-1.199646
69188,-0.077819824,0.69442749,-1.116333
69189,-0.12512207,0.86868286,-1.1546326
69190,-0.23956299,0.81954956,-1.3262939
69191,-0.25512695,0.71578979,-1.1103821
69192,-0.21957398,0.74874878,-1.0092163
69193,-0.27816772,0.77636719,-1.1114502
69194,-0.3755188,0.80856323,-1.1013794
69195,-0.42831421,0.82641602,-1.0119629
69196,-0.28198242,0.84823608,-0.98861694
69197,-0.42327881,0.96572876,-1.126709
69198,-0.49942017,0.94787598,-0.93154907
69199,-0.61279297,0.97442627,-1.0142517
69200,-0.6803894,0.97503662,-0.99075317
69201,-0.5935669,1.1021423,-0.83694458
69202,-0.67321777,1.0577393,-1.0206604
69203,-0.7421875,0.83526611,-0.81192017
69204,-0.88165283,1.207428,-0.88607788
69205,-1.0054016,1.2049866,-0.69564819
69206,-1.0116577,1.3627625,-0.63049316
69207,-1.0296631,1.3293457,-0.73364258
69208,-1.0224915,1.1987305,-0.71563721
69209,-1.0932922,1.3494873,-0.5847168
69210,-1.1753845,1.1042786,-0.55236816
69211,-1.2838745,1.1911011,-0.30929565
69212,-1.1846924,1.3104248,-0.30822754
69213,-1.2919617,1.3461304,-0.33081055
69214,-1.3664246,1.3261414,-0.27618408
69215,-1.3835144,1.2765503,-0.37094116
69216,-1.4987183,1.1340332,-0.10238648
69217,-1.6119385,1.083374,-0.29449463
69218,-1.6511536,1.1898804,-0.042266846
69219,-1.6123962,1.1912537,-0.21072388
69220,-1.4471436,1.1883545,0.028381348
69221,-1.6407776,1.0368347,-0.013427734
69222,-1.6371155,0.97229004,0.028076172
69223,-1.7398071,1.0427856,0.26550293
69224,-1.7601013,1.0696411,0.23010254
69225,-1.658783,1.1404419,0.24917603
69226,-1.9116211,1.0040283,0.36209106
69227,-1.754303,1.0424805,0.23208618
69228,-1.6494751,1.0713196,0.32226563
69229,-1.9039917,1.0534668,0.41549683
69230,-1.8780518,0.85205078,0.31890869
69231,-1.9248962,0.83511353,0.45410156
69232,-1.9404602,0.86517334,0.4776001
69233,-1.9291687,0.84320068,0.55953979
69234,-1.8727112,0.93811035,0.50598144
69235,-1.953125,0.70144653,0.63461304
69236,-1.9729614,0.78277588,0.8102417
69237,-1.9795227,0.78765869,0.8303833
69238,-1.8945313,0.76690674,0.89675903
69239,-2.03125,0.71456909,0.88668823
69240,-1.9509888,0.53222656,0.92041016
69241,-2.1327209,0.50628662,1.1416626
69242,-2.2579956,0.40527344,1.0873413
69243,-2.0291138,0.4460144,0.94863892
69244,-2.0272827,0.32196045,1.0394287
69245,-2.0744324,0.31387329,0.99517822
69246,-2.1560669,0.34118652,1.206665
69247,-2.1611023,0.39978027,1.3200378
69248,-2.1513367,0.17791748,1.2716675
69249,-2.1110535,0.1890564,1.3464355
69250,-2.023468,0.2432251,1.3427734
69251,-1.9134521,0.10940552,1.3618469
69252,-1.8493652,0.062866211,1.4318848
69253,-1.8772888,0.034179688,1.5194702
69254,-2.0753479,-0.16647339,1.5437317
69255,-1.9732666,-0.19760132,1.45401
69256,-2.0359802,-0.36819458,1.4266968
69257,-2.0428467,-0.50842285,1.4599609
69258,-2.0072937,-0.50384522,1.6178894
69259,-1.8301392,-0.49499512,1.6662598
69260,-1.7855835,-0.54397583,1.6815186
69261,-1.758728,-0.62133789,1.7501831
69262,-1.6751099,-0.66864014,1.6944885
69263,-1.7843628,-0.60150147,1.9165039
69264,-1.8013,-0.5305481,1.7156982
69265,-1.6046143,-0.9614563,1.9482422
69266,-1.6903687,-0.88043213,1.6699219
69267,-1.6943359,-0.75897217,1.6639709
69268,-1.620636,-1.0588074,1.819458
69269,-1.5917969,-1.2911987,1.8196106
69270,-1.6149902,-1.0488892,1.6801453
69271,-1.5167236,-0.9753418,1.7919922
69272,-1.4364624,-1.1331177,1.8469238
69273,-1.4535522,-1.3494873,1.7204285
69274,-1.3876343,-1.3043213,1.8232727
69275,-1.3632202,-1.3088989,1.9241333
69276,-1.287384,-1.4263916,1.9058228
69277,-1.366272,-1.362915,1.9429016
69278,-1.2528992,-1.4221191,1.8379211
69279,-1.2991333,-1.3789368,1.844635
69280,-1.2695313,-1.4959717,1.8421936
69281,-1.1468506,-1.3435364,1.7895508
69282,-1.0371399,-1.6722107,1.5496826
69283,-1.0333252,-1.7602539,1.7407227
69284,-0.97259522,-1.6477966,1.8623352
69285,-0.85739136,-1.9580078,1.7654419
69286,-0.82397461,-1.8933105,1.8722534
69287,-0.80413818,-1.8426514,1.6963196
69288,-0.68023682,-1.9558716,1.7010498
69289,-0.59860229,-1.8937683,1.6784668
69290,-0.61065674,-1.9061279,1.8553162
69291,-0.52932739,-2.0040894,1.8159485
69292,-0.47454834,-1.9775391,1.7292786
69293,-0.4196167,-1.9226074,1.6133118
69294,-0.32592773,-2.0594788,1.5701294
69295,-0.30426025,-2.1017456,1.6567993
69296,-0.25390625,-2.1290588,1.6059875
69297,-0.20462036,-2.1853638,1.6122437
69298,-0.096588135,-2.1690369,1.499176
69299,-0.092163086,-2.1177673,1.4381409
69300,0.003051758,-2.1438599,1.4491272
69301,0.06149292,-2.1269226,1.469574
69302,0.051422119,-2.1432495,1.3980103
69303,0.17471313,-2.1920776,1.3623047
69304,0.15945435,-2.3204041,1.2565613
69305,0.15640259,-2.2747803,1.1164856
69306,0.24307251,-2.2932434,1.1932373
69307,0.39779663,-2.2598267,1.2971497
69308,0.42938232,-2.0954895,1.33255
69309,0.30899048,-2.260437,1.1439514
69310,0.4725647,-2.2245789,0.98007202
69311,0.49285889,-2.0819092,1.0209656
69312,0.61172485,-2.0631409,1.0192871
69313,0.41198731,-2.1101379,0.86730957
69314,0.6098938,-2.1456909,0.84747315
69315,0.55709839,-2.1678162,0.78079224
69316,0.57632446,-2.3258972,0.67672729
69317,0.66162109,-2.22229,0.53710938
69318,0.69381714,-2.2732544,0.55007935
69319,0.82000732,-2.0928955,0.53833008
69320,0.89279175,-2.1826172,0.51330566
69321,0.89248657,-2.0555115,0.29388428
69322,0.91827393,-2.1800232,0.36346436
69323,0.7409668,-2.1716309,0.37445068
69324,0.88317871,-2.0198059,0.36407471
69325,0.990448,-1.9821167,0.23788452
69326,0.93994141,-1.9047546,0.17272949
69327,1.0308838,-1.9874573,0.15853882
69328,1.1181641,-1.9763184,0.32852173
69329,1.2045288,-1.9532776,0.10513306
69330,1.0964966,-1.9303894,-0.098266602
69331,1.1807251,-1.9102478,-0.067901611
69332,1.2298584,-1.7329407,-0.15823364
69333,1.0997009,-1.706543,-0.22094727
69334,1.2503052,-1.8534851,-0.23193359
69335,1.2918091,-1.7544556,-0.30975342
69336,1.2487793,-1.6012573,-0.30273438
69337,1.2013245,-1.6882324,-0.27252197
69338,1.1633301,-1.5840149,-0.29296875
69339,1.2376404,-1.5937805,-0.41809082
69340,1.2321472,-1.5751648,-0.3843689
69341,1.2234497,-1.5910339,-0.48645019
69342,1.2696838,-1.493988,-0.55465698
69343,1.1862183,-1.4031982,-0.56274414
69344,1.3693237,-1.2649536,-0.59814453
69345,1.1425781,-1.1611938,-0.70159912
69346,1.0792541,-1.179657,-0.68069458
69347,1.1051941,-0.96343994,-0.72052002
69348,1.0568237,-1.113739,-1.088562
69349,1.2391663,-1.0873413,-1.0435486
69350,1.3066101,-0.94436646,-0.93841553
69351,1.072998,-0.86593628,-0.87768555
69352,1.131134,-0.78613281,-1.0139465
69353,1.0713196,-0.81176758,-0.96878052
69354,1.0734558,-0.73135376,-1.0876465
69355,1.036377,-0.64453125,-1.1512756
69356,1.0133362,-0.62011719,-0.99609375
69357,0.92056274,-0.52520752,-1.1102295
69358,0.97579956,-0.43838501,-1.0505676
69359,0.97473144,-0.48095703,-0.98617554
69360,0.90911865,-0.38116455,-1.1352539
69361,0.82977295,-0.34332275,-1.1349487
69362,0.97686768,-0.1914978,-1.1776733
69363,0.77896118,-0.19958496,-1.1602783
69364,0.80627441,-0.07232666,-1.1930847
69365,0.70358276,0.005950928,-1.2442017
69366,0.65811157,0.086517334,-1.2524414
69367,0.61691284,-0.019836426,-1.3121033
69368,0.61141968,-0.14831543,-1.3722229
69369,0.47409058,-0.34622192,-1.3682556
69370,0.47363281,-0.12588501,-1.4578247
69371,0.5708313,0.30471802,-1.3674927
69372,0.35644531,0.27709961,-1.1459351
69373,0.34042358,0.41046143,-1.3128662
69374,0.40817261,0.42266846,-1.3496399
69375,0.43579102,0.38192749,-1.2634277
69376,0.39428711,0.48019409,-1.2188721
69377,0.29937744,0.64331055,-1.668396
69378,0.18325806,0.75317383,-1.5734863
69379,0.21591187,0.64712524,-1.3232422
69380,-0.01739502,0.69137573,-1.7874146
69381,0.11962891,0.66711426,-1.424408
69382,-0.043029785,0.72235107,-1.5628052
69383,-0.073852539,0.79696655,-1.2664795
69384,-0.18417358,0.88226318,-1.2033081
69385,-0.15899658,0.92514038,-1.2347412
69386,-0.26977539,0.88134766,-1.1601257
69387,-0.38513184,1.0180664,-1.2860107
69388,-0.49438477,1.0693359,-1.3557434
69389,-0.6652832,1.0693359,-1.0015869
69390,-0.5935669,0.99411011,-1.2506104
69391,-0.53283691,1.0678101,-1.2083435
69392,-0.67443848,1.0397339,-0.89813232
69393,-0.67855835,1.1273193,-0.86746216
69394,-0.65155029,1.1517334,-0.96282959
69395,-0.7421875,1.1889648,-0.83007813
69396,-0.91918945,1.3468933,-0.72814941
69397,-0.93841553,1.2802124,-0.81481934
69398,-0.87860107,1.2397766,-0.6980896
69399,-1.0534668,1.448822,-0.68222046
69400,-1.0623169,1.3220215,-0.76751709
69401,-1.1538696,1.2213135,-0.80780029
69402,-1.1978149,1.3632202,-0.79605103
69403,-1.2197876,1.54953,-0.72448731
69404,-1.2590027,1.5270996,-0.5065918
69405,-1.3450623,1.4517212,-0.56365967
69406,-1.341095,1.3171387,-0.52398682
69407,-1.1605835,1.3388062,-0.4574585
69408,-1.434021,1.3194275,-0.50094604
69409,-1.4147949,1.2528992,-0.46829224
69410,-1.4712524,1.3063049,-0.546875
69411,-1.6296387,1.23703,-0.084533691
69412,-1.5841675,1.423645,-1.0217285
69413,-1.6238403,1.1114502,-0.34576416
69414,-1.6732788,1.2046814,-0.27770996
69415,-1.6793823,1.2139893,-0.4208374
69416,-1.6992188,1.1631775,-0.15914917
69417,-1.8266296,1.2756348,0.1348877
69418,-1.7689514,1.1775208,0.2243042
69419,-1.7633057,1.1621094,0.21316528
69420,-1.8312073,1.1151123,0.25238037
69421,-1.9233704,1.1000061,0.37445068
69422,-1.9299316,1.104126,0.36621094
69423,-1.9241333,1.1126709,0.40100098
69424,-1.9566345,1.0629272,0.47698975
69425,-1.9960022,1.0101318,0.52566528
69426,-2.048645,1.0473633,0.61416626
69427,-2.0980835,1.0267639,0.62194824
69428,-2.0820618,0.99090576,0.64117432
69429,-1.9845581,0.85540772,0.67459106
69430,-1.8984985,0.87890625,0.84350586
69431,-2.1368408,0.73669434,0.97290039
69432,-2.2108459,0.63613892,1.0949707
69433,-2.0597839,0.73150635,0.92712402
69434,-2.0376587,0.62133789,1.0107422
69435,-2.1696472,0.6161499,0.8996582
69436,-2.1310425,0.46844482,0.87921143
69437,-2.1786499,0.6262207,1.0665894
69438,-2.1864319,0.52566528,1.0128784
69439,-2.1572876,0.39794922,1.1134338
69440,-2.2364807,0.39306641,1.2207031
69441,-2.1287537,0.36376953,1.1590576
69442,-2.2349548,0.27511597,1.3566589
69443,-2.0750427,0.29693603,1.3989258
69444,-2.1717834,0.16372681,1.2742615
69445,-2.1195984,-0.000457764,1.5344238
69446,-1.9488525,-0.024261475,1.3948059
69447,-2.0106506,-0.21453857,1.3566589
69448,-2.1601868,-0.18692017,1.4881897
69449,-2.0678711,-0.25558472,1.6880798
69450,-2.0689392,-0.32272339,1.6516113
69451,-1.973877,-0.28091431,1.6133118
69452,-2.0854187,-0.38238525,1.6435242
69453,-1.9674683,-0.38909912,1.5968323
69454,-2.0503235,-0.46325684,1.5718079
69455,-2.1499634,-0.55084228,1.7219543
69456,-1.9578552,-0.56869507,1.8406677
69457,-1.8078613,-0.5090332,1.9223022
69458,-1.7376709,-0.46661377,1.9775391
69459,-1.7687988,-0.57327271,1.9438171
69460,-1.7630005,-0.72601318,1.9264221
69461,-1.8449402,-0.77590942,2.0184326
69462,-1.651001,-0.91629028,2.0042419
69463,-1.8016052,-1.3056946,1.8440247
69464,-1.6197205,-1.1227417,1.8692017
69465,-1.6738892,-1.0417175,2.1304321
69466,-1.5840149,-1.6279602,1.9500732
69467,-1.5765381,-1.6244507,2.0211792
69468,-1.5307617,-1.3833618,2.0158386
69469,-1.4305115,-1.4299011,2.2790527
69470,-1.4155579,-1.4161682,2.1893311
69471,-1.2902832,-1.5516663,2.2848511
69472,-1.4204407,-1.5368652,1.9895935
69473,-1.3761902,-1.5144348,2.0837402
69474,-1.2704468,-1.6833496,2.1199036
69475,-1.2609863,-1.6635132,1.9067383
69476,-1.1218262,-1.8473816,1.7805481
69477,-0.93658447,-1.7044067,1.9367981
69478,-0.85128784,-1.7179871,2.0202637
69479,-0.84457397,-1.8267822,2.0692444
69480,-0.83251953,-1.9564819,1.9508362
69481,-0.89691162,-1.937561,1.8824768
69482,-0.84197998,-1.9897461,1.783905
69483,-0.74172974,-1.8684387,1.8215942
69484,-0.47363281,-2.0225525,1.8292236
69485,-0.5116272,-2.0864868,1.8212891
69486,-0.60394287,-2.1644592,1.9313049
69487,-0.53604126,-2.1975708,1.7953491
69488,-0.43914795,-2.1781921,1.7826843
69489,-0.43380737,-2.0184326,1.7834473
69490,-0.37017822,-2.1102905,1.8209839
69491,-0.29098511,-2.1618652,1.8255615
69492,-0.16067505,-2.2494507,1.7326355
69493,-0.13916016,-2.3130798,1.5879822
69494,-0.14465332,-2.3641968,1.5151978
69495,0.079956055,-2.2415161,1.6101074
69496,-0.074310303,-2.2567749,1.6027832
69497,0.10223389,-2.3284912,1.5380859
69498,0.10864258,-2.2767639,1.5054321
69499,0.20217895,-2.3764038,1.2802124
69500,0.13244629,-2.5022888,1.2985229
69501,0.30487061,-2.605896,1.2063599
69502,0.28640747,-2.4530029,1.1660767
69503,0.37109375,-2.3898315,1.1558533
69504,0.41656494,-2.2805786,1.0757446
69505,0.45715332,-2.2355652,1.0110474
69506,0.5456543,-2.2096252,1.1148071
69507,0.43579102,-2.3542786,1.0603333
69508,0.50628662,-2.2813416,0.96832275
69509,0.5154419,-2.0397949,1.0066223
69510,0.912323,-2.12677,0.87402344
69511,0.79116821,-2.1885681,0.7194519
69512,0.80230713,-2.2001648,0.60699463
69513,0.84228516,-2.1833801,0.55725098
69514,0.86242676,-2.0050049,0.54367065
69515,0.87814331,-2.0552063,0.496521
69516,0.88500977,-2.0872498,0.40771484
69517,0.97869873,-2.3487854,0.35873413
69518,0.87677002,-2.1780396,0.4750061
69519,1.0888672,-2.0329285,0.095367432
69520,1.0604858,-2.1412659,0.26672363
69521,1.0554504,-2.0742798,0.072174072
69522,0.98754883,-2.20047,0.22460938
69523,1.2358093,-2.134552,0.15380859
69524,1.1035156,-2.0950317,-0.032196045
69525,1.1625671,-2.0864868,0.11306763
69526,1.2457275,-1.9136047,0.034637451
69527,1.2155151,-1.7416382,0.029907227
69528,1.3153076,-1.8612671,-0.15914917
69529,1.2882996,-1.8798828,-0.28121948
69530,1.2744141,-1.9134521,-0.19165039
69531,1.3735962,-1.7633057,-0.26199341
69532,1.2155151,-1.79245,-0.46310425
69533,1.1903381,-1.8164063,-0.37384033
69534,1.2481689,-1.5966797,-0.51422119
69535,1.3619995,-1.4558411,-0.45730591
69536,1.3095093,-1.4642334,-0.56930542
69537,1.3111877,-1.4602661,-0.50888062
69538,1.3612366,-1.3626099,-0.56350708
69539,1.2265015,-1.3424683,-0.74401856
69540,1.1170959,-1.0650635,-0.62957764
69541,1.2011719,-0.99822998,-0.84350586
69542,1.2249756,-0.9777832,-0.92056274
69543,1.3288879,-1.0049438,-0.89401245
69544,1.3293457,-1.047821,-0.87997437
69545,1.2161255,-1.086731,-0.80627441
69546,1.2249756,-1.0827637,-0.93856812
69547,1.2457275,-1.0397339,-1.0046387
69548,1.2432861,-0.97167969,-1.1807251
69549,1.315918,-0.80322266,-1.030426
69550,1.1231995,-0.64422607,-1.0476685
69551,1.2667847,-0.67749023,-1.1752319
69552,1.0501099,-0.59921265,-1.2109375
69553,0.9866333,-0.37490845,-1.136322
69554,1.1035156,-0.42129517,-1.1691284
69555,1.0115051,-0.39306641,-1.1534119
69556,0.96435547,-0.35552978,-1.2329102
69557,0.99334717,-0.3137207,-1.318512
69558,0.97915649,-0.32806397,-1.3163757
69559,0.97976685,-0.21194458,-1.3360596
69560,0.88317871,-0.16433716,-1.3830566
69561,0.84686279,-0.1713562,-1.6496277
69562,0.85128784,0.017242432,-1.7733765
69563,0.40390015,-0.085296631,-2.2238159
69564,0.62942505,0.007781982,-1.8571472
69565,0.61828613,0.079650879,-1.7282104
69566,0.39871216,0.12115479,-1.6381836
69567,0.49316406,0.2130127,-2.2712708
69568,0.34362793,0.44281006,-1.8295288
69569,0.53817749,0.53466797,-1.5145874
69570,0.47348022,0.58242798,-1.5361023
69571,0.42984009,0.39093018,-1.4474487
69572,0.33309936,0.59051514,-1.3935852
69573,0.1789856,0.5770874,-1.4358521
69574,0.25146484,0.72418213,-1.4323425
69575,0.17745972,0.80047607,-1.3607788
69576,-0.001678467,0.70556641,-1.2968445
69577,-0.037231445,0.85418701,-1.2644959
69578,-0.26794434,0.76965332,-1.1694336
69579,-0.12863159,0.93780518,-1.2532043
69580,-0.091247559,1.0475159,-1.2628174
69581,-0.19699097,0.90820313,-1.1167908
69582,-0.28427124,1.1549377,-1.3169861
69583,-0.31890869,1.1340332,-1.2753296
69584,-0.20141602,1.0429382,-1.1999512
69585,-0.38726807,1.2188721,-1.1941528
69586,-0.58776856,1.2290955,-1.1039734
69587,-0.51940918,1.21521,-1.257019
69588,-0.62866211,1.2591553,-1.1543274
69589,-0.65155029,1.1373901,-1.2260437
69590,-0.83557129,1.1564636,-1.1004639
69591,-0.80352783,1.2406921,-1.204834
69592,-0.81573486,1.3040161,-1.0421753
69593,-0.74783325,1.3525391,-0.97747803
69594,-0.78659058,1.3293457,-0.79574585
69595,-0.8517456,1.2477112,-0.78231812
69596,-0.92178345,1.2078857,-0.72494507
69597,-1.0646057,1.3899231,-0.75378418
69598,-1.0151672,1.3946533,-0.53894043
69599,-1.1552429,1.5428162,-0.5305481
69600,-1.1001587,1.3517761,-0.56365967
69601,-1.2553406,1.4604187,-0.47927856
69602,-1.5185547,1.2886047,-0.39123535
69603,-1.4674377,1.2628174,-0.32958984
69604,-1.4105225,1.3223267,-0.43731689
69605,-1.5641785,1.1175537,-0.39505005
69606,-1.6395569,1.4300537,-0.2104187
69607,-1.6534424,1.3067627,-0.21270752
69608,-1.8141174,1.2075806,-0.63766479
69609,-1.8534851,1.1424255,-0.49743652
69610,-1.8994141,1.2188721,0.005187988
69611,-1.7799377,1.1978149,-0.040588379
69612,-1.8049622,1.0972595,0.11962891
69613,-1.7755127,1.1380005,0.14266968
69614,-1.8556213,1.1270142,0.15869141
69615,-1.9309998,1.1367798,0.25436401
69616,-1.960144,1.050415,0.2255249
69617,-1.917572,1.0922241,0.25512695
69618,-1.9792175,1.0839844,0.41259766
69619,-1.9836426,1.040802,0.47180176
69620,-1.8748474,1.0015869,0.43319702
69621,-1.892395,0.87188721,0.55511475
69622,-1.9767761,0.96359253,0.56884766
69623,-1.9729614,1.0058594,0.62957764
69624,-2.0903015,1.0566711,0.7321167
69625,-1.9908142,0.94619751,0.72082519
69626,-2.0173645,0.77026367,0.80093384
69627,-2.0219421,0.7723999,0.97290039
69628,-2.2816467,0.68206787,0.99212647
69629,-2.228241,0.74142456,0.99487305
69630,-2.2651672,0.70922852,1.1044312
69631,-2.1798706,0.53955078,0.89782715
69632,-2.3706055,0.4524231,1.0562134
69633,-2.247467,0.43945313,1.0580444
69634,-2.2512817,0.31036377,1.0205078
69635,-2.1968079,0.41946411,1.2239075
69636,-2.1820068,0.29067993,1.3720703
69637,-2.3358154,0.29800415,1.5307617
69638,-2.2386169,0.14923096,1.5853882
69639,-2.2457886,0.14892578,1.4930725
69640,-2.1264648,0.13000488,1.3470459
69641,-2.0610046,0.058898926,1.5235901
69642,-2.2171021,-0.17501831,1.5309143
69643,-2.171936,-0.10345459,1.7152405
69644,-2.2869873,-0.14587402,1.6009521
69645,-2.1028137,-0.15533447,1.7132568
69646,-2.1847534,-0.27770996,1.5997314
69647,-2.0980835,-0.39505005,1.8005371
69648,-2.111969,-0.43777466,1.6903687
69649,-1.9415283,-0.44540405,1.8453979
69650,-2.0703125,-0.66390991,1.9526672
69651,-2.056427,-0.7510376,1.9798279
69652,-1.8545532,-0.82107544,1.9683838
69653,-1.9812012,-0.77880859,1.8771362
69654,-2.0948792,-0.77468872,1.8823242
69655,-1.9334412,-0.86639404,1.9554138
69656,-1.7980957,-0.79177856,2.0306396
69657,-1.7951965,-1.0366821,2.0632935
69658,-1.7401123,-1.1721802,2.0071411
69659,-1.7233276,-1.1654663,2.024231
69660,-1.6954041,-1.2376404,2.0861816
69661,-1.7266846,-1.2306213,2.0155334
69662,-1.6506958,-1.0548401,2.039032
69663,-1.7643738,-1.3505554,2.0819092
69664,-1.6087341,-1.4012146,2.063446
69665,-1.39328,-1.8054199,2.1789551
69666,-1.197052,-1.5409851,2.0352173
69667,-1.2846375,-1.4567566,2.0677185
69668,-1.2826538,-1.663208,2.0420837
69669,-1.2399292,-1.6329956,1.9596863
69670,-1.104126,-1.5789795,1.988678
69671,-1.2181091,-1.8243408,1.9503784
69672,-1.1778259,-1.6677856,2.015686
69673,-1.0700989,-1.7874146,1.862793
69674,-1.0949707,-1.6687012,1.930542
69675,-0.99029541,-1.6104126,1.9146729
69676,-0.89294434,-1.8579102,1.7893982
69677,-0.78140259,-1.9003296,1.9744873
69678,-0.77072144,-2.0153809,2.0710754
69679,-0.66162109,-2.0787048,2.0715332
69680,-0.62515259,-2.0422363,1.9630432
69681,-0.64239502,-2.0298767,1.8702698
69682,-0.5406189,-2.1336365,1.8130493
69683,-0.48965454,-2.167511,1.7945862
69684,-0.43930054,-2.1868896,1.7738342
69685,-0.48156738,-2.2924805,1.7227173
69686,-0.27694702,-2.227478,1.8258667
69687,-0.22262573,-2.1865845,1.774292
69688,-0.20782471,-2.2505188,1.7706299
69689,-0.1109314,-2.3577881,1.6764832
69690,-0.051269531,-2.3634338,1.6430664
69691,0.007629395,-2.3596191,1.6474915
69692,-0.09262085,-2.4142456,1.5881348
69693,0.085449219,-2.424469,1.5023804
69694,0.14953613,-2.3057556,1.6369629
69695,0.12908935,-2.2631836,1.5771484
69696,0.15441895,-2.3945618,1.3067627
69697,0.3288269,-2.384491,1.3111877
69698,0.34179688,-2.4441528,1.2451172
69699,0.38818359,-2.4963379,1.2287903
69700,0.4107666,-2.4385071,1.1460876
69701,0.46554565,-2.5282288,1.1972046
69702,0.55465698,-2.4909973,1.0473633
69703,0.47897339,-2.4064636,0.89920044
69704,0.50704956,-2.3051453,0.82778931
69705,0.59463501,-2.3118591,0.8833313
69706,0.75927734,-2.2105408,0.90454102
69707,0.93521118,-2.0500183,0.86517334
69708,0.76950073,-2.2018433,0.74661255
69709,0.93536377,-2.1247864,0.72311401
69710,0.79986572,-2.2015381,0.59036255
69711,0.84594727,-2.2576904,0.48950195
69712,0.97503662,-2.3083496,0.42892456
69713,0.95657349,-2.1882629,0.41122436
69714,1.0647583,-2.3822021,0.21911621
69715,1.0943604,-2.3492432,0.32302856
69716,1.2097168,-2.2677612,0.18630981
69717,1.2890625,-2.1673584,0.23010254
69718,1.1233521,-2.1334839,0.036315918
69719,1.1624146,-2.2859192,0.059967041
69720,1.3288879,-2.2425842,0.094299316
69721,1.399231,-2.1224976,-0.021514893
69722,1.4239502,-2.1025085,-0.095825195
69723,1.3337708,-2.0808411,-0.12466431
69724,1.4349365,-2.0515442,-0.20568848
69725,1.5791321,-1.9512939,-0.20095825
69726,1.5933228,-1.9876099,-0.40893555
69727,1.5162659,-1.8748474,-0.35705566
69728,1.4558411,-1.9042969,-0.45944214
69729,1.4277649,-1.7326355,-0.45074463
69730,1.3024902,-1.7073059,-0.53710938
69731,1.5553284,-1.6650391,-0.60379028
69732,1.4454651,-1.726532,-0.66329956
69733,1.4143372,-1.4648438,-0.66360474
69734,1.4147949,-1.6601563,-0.66711426
69735,1.333313,-1.4852905,-0.77056885
69736,1.2306213,-1.4547729,-0.76354981
69737,1.3320923,-1.1827087,-0.74859619
69738,1.4491272,-1.2738037,-0.78094482
69739,1.5357971,-1.192627,-0.83465576
69740,1.3600159,-1.1383057,-0.88287353
69741,1.4233398,-1.113739,-1.0559082
69742,1.3220215,-1.0905457,-1.000824
69743,1.3616943,-1.0606384,-1.184845
69744,1.3249207,-0.98953247,-1.0237122
69745,1.33255,-0.86410522,-1.0754395
69746,1.3127136,-0.77011108,-1.0371399
69747,1.2141418,-0.73547363,-1.0102844
69748,1.1727905,-0.76080322,-1.0572815
69749,1.1755371,-0.61508179,-1.3217163
69750,1.1428833,-0.47271728,-1.3024902
69751,1.1117554,-0.40634155,-1.368103
69752,1.0656738,-0.42602539,-1.4381409
69753,1.0014343,-0.36865234,-1.363678
69754,1.0383606,-0.2998352,-1.4553833
69755,1.151123,-0.20141602,-1.3536072
69756,0.86914063,-0.062866211,-1.315155
69757,0.84503174,-0.18188477,-1.2716675
69758,0.89828491,0.0,-2.432251
69759,0.69000244,0.001678467,-2.0217896
69760,0.65765381,0.11123657,-1.8972778
69761,0.71044922,-0.058898926,-1.4265442
69762,0.72418213,0.1486206,-1.5032959
69763,0.59036255,0.33279419,-1.5615845
69764,0.64956665,0.40740967,-1.525116
69765,0.5456543,0.46585083,-1.5203857
69766,0.45471191,0.52856445,-1.6636658
69767,0.43548584,0.54931641,-1.517334
69768,0.43777466,0.44525147,-1.3967896
69769,0.40115356,0.49926758,-1.3398743
69770,0.34240723,0.69763184,-1.5788269
69771,0.31433106,0.74020386,-1.4727783
69772,0.13824463,0.93307495,-1.3520813
69773,0.097961426,0.85296631,-1.5716553
69774,-0.032958984,0.9475708,-1.4993286
69775,-0.015411377,0.95169067,-1.4793396
69776,-0.065765381,0.90240478,-1.4599609
69777,-0.19134522,1.0400391,-1.4500427
69778,-0.18035889,0.91018677,-1.3980103
69779,-0.27404785,1.1143494,-1.2776184
69780,-0.28579712,1.2167358,-1.3258362
69781,-0.18981934,1.2661743,-1.2280273
69782,-0.24337769,1.3565063,-1.1856079
69783,-0.36819458,1.2721252,-1.2484741
69784,-0.38223267,1.2045288,-1.1279297
69785,-0.46463013,1.2588501,-1.204071
69786,-0.68603516,1.2388611,-1.1018372
69787,-0.65490723,1.3832092,-1.0951233
69788,-0.64224243,1.4501953,-1.0482788
69789,-1.0040283,1.4459229,-1.0293579
69790,-0.85617065,1.5551758,-1.0772705
69791,-1.1433411,1.3430786,-1.000061
69792,-0.96343994,1.4736938,-0.94100952
69793,-1.0786438,1.4494324,-0.88806152
69794,-1.137085,1.4982605,-0.9803772
69795,-1.2442017,1.5455627,-0.77911377
69796,-1.3317871,1.5820313,-0.597229
69797,-1.4463806,1.6195679,-0.58120728
69798,-1.3711548,1.4367676,-0.53466797
69799,-1.4042664,1.6369629,-0.40374756
69800,-1.4697266,1.4300537,-0.42098999
69801,-1.559906,1.4201355,-0.38024902
69802,-1.6246033,1.3668823,-0.52978516
69803,-1.4567566,1.3751221,-0.4069519
69804,-1.5489197,1.4271545,-0.44555664
69805,-1.5882874,1.315918,-0.39031982
69806,-1.6691589,1.3894653,-0.53833008
69807,-1.784668,1.4299011,-0.32577515
69808,-1.7967224,1.395874,-0.24780273
69809,-1.8597412,1.5011597,-0.1663208
69810,-1.8234253,1.4732361,0.017852783
69811,-1.9906616,1.4709473,-0.01739502
69812,-2.0527649,1.2710571,0.10940552
69813,-2.0075989,1.4764404,0.19561768
69814,-2.0901489,1.2557983,0.31021118
69815,-2.0223999,1.2658691,0.25726318
69816,-2.0394897,1.1831665,0.18127441
69817,-2.021637,1.0508728,0.32562256
69818,-2.1200562,1.0411072,0.46417236
69819,-2.1994019,1.1340332,0.49362183
69820,-2.2698975,1.1322021,0.70404053
69821,-2.2988892,1.0557556,0.78140259
69822,-2.2845459,1.036377,0.67871094
69823,-2.2218323,1.0070801,0.76034546
69824,-2.3287964,0.92636108,1.0272217
69825,-2.2970581,0.85906982,0.92834473
69826,-2.197876,0.96405029,1.0064697
69827,-2.4641418,0.79956055,1.0514832
69828,-2.4382019,0.72341919,1.0342407
69829,-2.4560547,0.67626953,1.0438538
69830,-2.3262024,0.6060791,1.0458374
69831,-2.3704529,0.59768677,1.1132813
69832,-2.2503662,0.53894043,1.2893677
69833,-2.3236084,0.42694092,1.282196
69834,-2.3666382,0.60165405,1.4768982
69835,-2.3670959,0.57403565,1.4996338
69836,-2.2834778,0.21026611,1.3667297
69837,-2.2724915,0.14282227,1.4294434
69838,-2.4554443,0.11138916,1.5228271
69839,-2.3556519,0.13549805,1.3420105
69840,-2.1835327,0.24673462,1.5763855
69841,-2.2407532,0.19119263,1.673584
69842,-2.2885132,-0.078735352,1.6651916
69843,-2.1931458,-0.10391235,1.6937256
69844,-2.2634888,-0.26046753,1.7094421
69845,-2.1714783,-0.23071289,1.7868042
69846,-2.3077393,-0.20202637,1.8553162
69847,-2.04422,-0.31661987,1.8650818
69848,-2.2019958,-0.45715332,1.778717
69849,-2.0443726,-0.63781738,1.831665
69850,-2.2520447,-0.60180664,1.8849182
69851,-1.9360352,-0.60668945,1.7163086
69852,-1.8743896,-0.79147339,1.8325806
69853,-1.8937683,-0.78125,1.9319153
69854,-1.8904114,-0.79620361,1.9561768
69855,-1.988678,-1.0977173,2.0918274
69856,-1.9236755,-1.0968018,1.9488525
69857,-1.9210815,-1.1334229,2.1377563
69858,-1.7071533,-0.97351074,2.1212769
69859,-1.7146301,-1.0961914,2.0098877
69860,-1.6181946,-1.1776733,2.07901
69861,-1.5675354,-1.1355591,1.9903564
69862,-1.7272949,-1.1669922,2.0941162
69863,-1.6362,-1.5653992,1.9073486
69864,-1.711731,-1.7810059,2.0300293
69865,-1.4768982,-1.574707,2.1278381
69866,-1.4077759,-1.5600586,2.1096802
69867,-1.3725281,-1.8426514,2.0883179
69868,-1.2924194,-1.7848206,2.1632385
69869,-1.2460327,-1.7344666,2.0960999
69870,-1.3072205,-1.693573,2.1072388
69871,-1.2562561,-1.8960571,2.0222473
69872,-1.0940552,-1.6868591,2.0605469
69873,-1.053009,-1.5922546,2.1903992
69874,-1.0742188,-1.7172241,2.084198
69875,-0.92208862,-1.9503784,1.93573
69876,-0.92391968,-1.9572449,1.8852234
69877,-0.92102051,-2.1282959,2.069397
69878,-0.82336426,-1.9961548,2.0173645
69879,-0.75012207,-2.0965576,1.9589233
69880,-0.57785034,-2.2879028,2.064209
69881,-0.47897339,-2.2351074,1.7840576
69882,-0.49377441,-2.2662354,1.8499756
69883,-0.26641846,-2.0967102,1.7866516
69884,-0.37063599,-2.1838379,1.8840027
69885,-0.23574829,-2.1098328,1.5864563
69886,-0.21453857,-2.3069763,1.6101074
69887,-0.16540527,-2.2528076,1.7384338
69888,-0.20217895,-2.2445679,1.7021179
69889,-0.17578125,-2.4230957,1.6030884
69890,-0.053100586,-2.2177124,1.68396
69891,-0.03112793,-2.2509766,1.5625
69892,0.001831055,-2.2523499,1.59729
69893,0.021057129,-2.1321106,1.6262817
69894,0.046691895,-2.3866272,1.4012146
69895,0.4107666,-2.5016785,1.479187
69896,0.37841797,-2.4279785,1.44104
69897,0.22140503,-2.6564026,1.3484192
69898,0.46783447,-2.5601196,1.3208008
69899,0.47164917,-2.5346375,1.2387085
69900,0.60272217,-2.6029968,1.1213684
69901,0.46386719,-2.5657654,1.2057495
69902,0.50796509,-2.6445007,1.0322571
69903,0.64178467,-2.3875427,0.99990845
69904,0.78155518,-2.5570679,0.82626343
69905,0.78384399,-2.5531006,0.81970215
69906,0.84289551,-2.4545288,0.80856323
69907,0.98495483,-2.4412537,0.78186035
69908,0.90927124,-2.4411011,0.57891846
69909,0.98739624,-2.3753357,0.63598633
69910,0.87661743,-2.1893311,0.63552856
69911,0.99121094,-2.199707,0.5557251
69912,1.1064148,-2.2465515,0.63964844
69913,1.0221863,-2.1894836,0.49087524
69914,1.0424805,-2.1487427,0.44754028
69915,1.2371826,-2.4082947,0.51818848
69916,1.0284424,-2.3010254,0.46539307
69917,1.0968018,-2.1928406,0.004882813
69918,1.2635803,-2.3710632,0.12069702
69919,1.2011719,-2.122345,0.22033691
69920,1.0974121,-1.9799805,0.14602661
69921,1.1123657,-1.8762207,0.036315918
69922,1.1972046,-1.9064331,0.15426636
69923,1.1676025,-1.8890381,0.04699707
69924,1.2434387,-1.7764282,-0.081787109
69925,1.2713623,-1.7424011,0.017547607
69926,1.2808228,-1.8746948,-0.16769409
69927,1.3287354,-1.8450928,-0.44174194
69928,1.3262939,-1.8109131,-0.39047241
69929,1.3360596,-1.7671204,-0.40725708
69930,1.2757874,-1.8959045,-0.50262451
69931,1.3383484,-1.5385437,-0.55496216
69932,1.28479,-1.5397644,-0.51269531
69933,1.3348389,-1.3200378,-0.57403565
69934,1.444397,-1.3169861,-0.69335938
69935,1.3996887,-1.3235474,-0.72814941
69936,1.315918,-1.292572,-0.71762085
69937,1.5058899,-1.1941528,-0.75592041
69938,1.3369751,-1.2664795,-0.84991455
69939,1.3751221,-1.1517334,-0.81085205
69940,1.3186646,-1.1650085,-0.92773438
69941,1.2915039,-1.0920715,-0.93017578
69942,1.3661194,-1.1929321,-1.076355
69943,1.2446594,-1.0758972,-0.88562012
69944,1.2666321,-1.0707092,-1.1418152
69945,0.96847534,-0.77804565,-1.157074
69946,1.0920715,-0.87356567,-1.0664368
69947,1.0351563,-0.74081421,-1.2162781
69948,0.98876953,-0.59341431,-1.0493469
69949,1.0284424,-0.44937134,-1.0899353
69950,0.99212647,-0.34988403,-1.0864258
69951,1.0112,-0.39093018,-1.1843872
69952,0.97351074,-0.32104492,-1.3267517
69953,0.90988159,-0.1890564,-1.2258911
69954,0.77606201,-0.30181885,-1.156311
69955,0.88378906,-0.086669922,-1.2728882
69956,0.67672729,-0.026550293,-1.268158
69957,0.61126709,0.005187988,-1.4837646
69958,0.62927246,0.10055542,-1.3996887
69959,0.39703369,-0.18417358,-1.3433838
69960,0.45730591,-0.002746582,-1.3421631
69961,0.47531128,-0.007476807,-1.302948
69962,0.69915772,0.27755737,-1.4440918
69963,0.64712524,0.29159546,-1.5727234
69964,0.57159424,0.37658691,-1.5055847
69965,0.51239014,0.44281006,-1.3531494
69966,0.43395996,0.50170898,-1.3574219
69967,0.36697388,0.70831299,-1.40625
69968,0.23590088,0.82580566,-1.3789368
69969,0.32302856,0.70739746,-1.5118408
69970,0.14938355,0.70541382,-1.4707947
69971,0.10757446,0.54718018,-1.3371277
69972,0.11459351,0.76660156,-1.3929749
69973,-0.002746582,0.80154419,-1.3128662
69974,-0.022583008,0.92376709,-1.4108276
69975,-0.000610352,0.92193603,-1.1453247
69976,-0.15396118,1.0205078,-1.0487366
69977,-0.16113281,1.0240173,-1.2072754
69978,-0.23529053,1.239624,-1.1302185
69979,-0.17288208,1.1842346,-1.1473084
69980,-0.41854858,1.1828613,-1.1802673
69981,-0.33050537,1.1242676,-1.1639404
69982,-0.41687012,1.0906982,-1.0673523
69983,-0.53543091,1.1943054,-1.1935425
69984,-0.62240601,1.2283325,-1.0714722
69985,-0.65124512,1.2182617,-1.0212708
69986,-0.62072754,1.3537598,-1.0932922
69987,-0.64437866,1.3746643,-1.2471008
69988,-0.74172974,1.3375854,-1.0879517
69989,-0.94268799,1.4041138,-1.0282898
69990,-0.83496094,1.2380981,-0.93917847
69991,-0.94833374,1.2541199,-0.87265015
69992,-1.0838318,1.1265564,-0.81481934
69993,-0.94772339,1.4071655,-0.82214356
69994,-1.0050964,1.4405823,-0.55862427
69995,-1.072998,1.3745117,-0.24520874
69996,-1.3017273,1.2322998,-0.21850586
69997,-1.2139893,1.3751221,-0.43746948
69998,-1.3208008,1.4430237,-0.39550781
69999,-1.3587952,1.3763428,-0.4927063
70000,-1.4044189,1.4857483,-0.42236328
70001,-1.506958,1.3420105,-0.63476563
70002,-1.7173767,1.1500549,-0.40466309
70003,-1.7144775,1.162262,-0.22644043
70004,-1.4529419,1.2911987,-0.16342163
70005,-1.6789246,1.3737488,-0.10650635
70006,-1.5298462,1.3218689,-0.071258545
70007,-1.730957,1.1804199,0.014038086
70008,-1.706543,1.1859131,0.027923584
70009,-1.8449402,1.2304688,0.20324707
70010,-1.9262695,1.1651611,0.17990112
70011,-1.7193604,1.3166809,0.14373779
70012,-1.8748474,1.2567139,0.11505127
70013,-1.9682312,1.0844421,0.40252686
70014,-1.860199,1.1662292,0.26535034
70015,-2.1166992,1.1045837,0.39230347
70016,-2.0314026,1.0961914,0.3779602
70017,-2.0544434,0.93139648,0.35888672
70018,-2.1273804,0.91629028,0.46691894
70019,-2.0826721,1.0150146,0.2822876
70020,-2.1409607,0.94772339,0.31860352
70021,-2.0977783,0.92681885,0.35980225
70022,-2.157135,0.75332642,0.62225342
70023,-2.0617676,0.77926636,0.42572022
70024,-2.0422363,0.75942993,0.50491333
70025,-2.0613098,0.66314697,0.80322266
70026,-2.0507813,0.6741333,0.66894531
70027,-2.1513367,0.59143066,0.86715698
70028,-2.0773315,0.45471191,0.83175659
70029,-2.0640564,0.54641724,1.0243225
70030,-2.0393372,0.49224853,1.2158203
70031,-2.064209,0.27404785,1.2715149
70032,-1.9914246,0.41290283,1.1303711
70033,-2.0793152,0.36605835,1.1624146
70034,-2.2203064,0.077362061,1.1865234
70035,-2.1276855,0.20233154,1.3050842
70036,-2.2314453,-0.016479492,1.4053345
70037,-1.9476318,0.10635376,1.517334
70038,-2.1800232,-0.039672852,1.338501
70039,-1.9450378,-0.090789795,1.3146973
70040,-1.9729614,-0.23681641,1.4993286
70041,-2.0588684,-0.04776001,1.2097168
70042,-2.1072388,-0.18249512,1.2574768
70043,-2.1908569,-0.27175903,1.2190247
70044,-2.0469666,-0.2722168,1.1756897
70045,-2.2268677,-0.2029419,1.1599731
70046,-2.1417236,-0.35217285,1.0742188
70047,-1.8910217,-0.43869019,1.1128235
70048,-1.8565369,-0.88500977,1.0542297
70049,-1.8974304,-0.59814453,1.2414551
70050,-1.832428,-0.62347412,1.4686584
70051,-1.8612671,-0.68466187,1.4532471
70052,-1.7950439,-0.73150635,1.5637207
70053,-1.9354248,-0.92712402,1.0820007
70054,-1.658783,-1.0601807,1.3134766
70055,-1.7024231,-1.1543274,1.2208557
70056,-1.6319275,-1.1218262,1.3981628
70057,-1.6418457,-1.1254883,1.3650513
70058,-1.5527344,-1.2837219,1.6351318
70059,-1.5837097,-1.3018799,1.7250061
70060,-1.558075,-1.2390137,1.6612244
70061,-1.3540649,-1.7964172,1.4881897
70062,-1.3290405,-1.8362427,1.7950439
70063,-1.2684631,-1.5370178,1.7788696
70064,-1.3102722,-1.6082764,1.9480896
70065,-1.2023926,-1.6099548,2.0196533
70066,-1.0140991,-1.7480469,2.0623779
70067,-1.0618591,-1.953125,1.8234253
70068,-1.1222839,-1.8383789,1.8440247
70069,-1.0307312,-1.7172241,1.8864441
70070,-0.99060059,-1.7944336,1.8338013
70071,-0.91918945,-1.7559814,1.9767761
70072,-0.93063354,-1.8789673,1.9578552
70073,-0.73242188,-1.8374634,1.9296265
70074,-0.63919067,-1.8571472,1.9061279
70075,-0.71487427,-1.9361877,1.7848206
70076,-0.64987183,-2.0578003,1.9377136
70077,-0.51376343,-1.9389343,2.1246338
70078,-0.51727295,-2.1536255,2.1218872
70079,-0.55053711,-2.1459961,1.6786194
70080,-0.47302246,-2.2476196,1.7591858
70081,-0.44311523,-2.0481873,1.6769409
70082,-0.38772583,-2.0237732,1.6294861
70083,-0.34210205,-2.07901,1.5440369
70084,-0.12939453,-2.0793152,1.6165161
70085,-0.19577026,-2.1929932,1.3630676
70086,0.037384033,-2.2293091,1.4389038
70087,-0.022888184,-2.4588013,1.2736511
70088,-0.099639893,-2.2721863,1.3739014
70089,0.13549805,-2.2814941,1.3787842
70090,-0.020141602,-2.1507263,1.3873291
70091,0.15625,-2.2642517,1.4776611
70092,0.08972168,-2.1440125,1.3546753
70093,0.23147583,-2.1923828,1.2516785
70094,0.209198,-2.1881104,1.2817383
70095,0.3137207,-2.3425293,1.0845947
70096,0.37567139,-2.4382019,0.96313477
70097,0.42007446,-2.427063,1.0235596
70098,0.5027771,-2.3565674,0.98617554
70099,0.60241699,-2.3095703,0.87936401
70100,0.574646,-2.3638916,0.83938599
70101,0.61004639,-2.268219,1.1244202
70102,0.75073242,-2.2358704,0.83450317
70103,0.72250366,-2.3725891,0.63751221
70104,0.64849853,-2.3320007,0.59082031
70105,0.79956055,-2.183075,0.41397095
70106,0.81207275,-2.1653748,0.4359436
70107,0.80993652,-2.1435547,0.4423523
70108,0.83221435,-2.1052551,0.32867432
70109,0.86090088,-2.081604,0.29434204
70110,0.94116211,-2.2015381,0.33157349
70111,0.90774536,-2.0574951,0.11444092
70112,0.98907471,-2.1231079,0.28488159
70113,1.0296631,-2.1060181,0.25115967
70114,1.0583496,-1.9154358,0.04119873
70115,1.0116577,-1.8270874,0.084381104
70116,0.94543457,-1.9992065,0.21972656
70117,1.0583496,-1.9540405,0.17700195
70118,1.0520935,-1.8487549,0.11703491
70119,1.0629272,-1.7869568,-0.044403076
70120,1.2380981,-1.6859436,-0.059356689
70121,1.105957,-1.8840027,-0.047302246
70122,1.0508728,-1.5908813,-0.16113281
70123,1.1650085,-1.6070557,-0.23483276
70124,1.219635,-1.7071533,-0.53375244
70125,1.2843323,-1.6160584,-0.46081543
70126,1.2350464,-1.4237976,-0.59112549
70127,1.1651611,-1.4353943,-0.49133301
70128,1.1465454,-1.446228,-0.47637939
70129,1.1911011,-1.3137817,-0.46768189
70130,1.211853,-1.2960815,-0.6312561
70131,1.2492371,-1.3005066,-0.52185059
70132,1.2939453,-1.260376,-0.30807495
70133,1.2281799,-1.2127686,-0.87127685
70134,1.2124634,-1.0214233,-0.82000732
70135,1.2350464,-0.99349976,-0.75408935
70136,1.1132813,-0.99822998,-0.71884155
70137,1.1701965,-1.0375977,-0.89614868
70138,1.1502075,-0.80993652,-0.85205078
70139,1.1398315,-0.89035034,-0.93505859
70140,1.0800171,-0.78125,-0.92834473
70141,0.97366333,-0.78094482,-0.9841919
70142,0.99182129,-0.84503174,-0.95092773
70143,0.93292236,-0.73608398,-0.97244263
70144,0.88439941,-0.62255859,-1.0017395
70145,0.87097168,-0.48797607,-1.1651611
70146,0.92376709,-0.51513672,-1.1138916
70147,0.90896606,-0.27542114,-1.1886597
70148,0.86669922,-0.35598755,-1.2701416
70149,0.98907471,-0.3453064,-1.3278198
70150,0.92697144,-0.28076172,-1.2585449
70151,0.77896118,-0.17425537,-1.3735962
70152,0.8152771,-0.18035889,-1.1811829
70153,0.84564209,0.077362061,-1.3076782
70154,0.6590271,0.12283325,-1.4497375
70155,0.69717407,-0.019378662,-1.4286804
70156,0.45700073,0.10467529,-1.2799072
70157,0.47058106,0.074920654,-1.1804199
70158,0.46691894,0.14404297,-1.2947083
70159,0.40527344,0.38101196,-1.2817383
70160,0.57067871,0.45196533,-1.54953
70161,0.47119141,0.37597656,-1.5319824
70162,0.37368774,0.45104981,-1.333313
70163,0.38665772,0.46844482,-1.3082886
70164,0.16952515,0.56808472,-1.287384
70165,0.12710571,0.52001953,-1.2518311
70166,-0.047149658,0.62347412,-1.3397217
70167,0.12939453,0.65078735,-1.3479614
70168,0.04196167,0.69076538,-1.4729309
70169,-0.067138672,0.65734863,-1.268158
70170,-0.12115479,0.59616089,-1.1637878
70171,-0.16296387,0.66314697,-1.6351318
70172,-0.22491455,0.75790405,-1.3014221
70173,-0.31936645,0.65475464,-1.3616943
70174,-0.3163147,0.81115723,-1.0174561
70175,-0.44113159,0.87097168,-1.0299683
70176,-0.26687622,1.1437988,-0.9841919
70177,-0.54290772,1.2057495,-1.2495422
70178,-0.49987793,1.0601807,-0.9223938
70179,-0.55938721,1.0749817,-0.92773438
70180,-0.66833496,1.2513733,-0.95657349
70181,-0.572052,1.1219788,-0.7711792
70182,-0.73547363,1.0383606,-0.81756592
70183,-0.78277588,1.1320496,-0.82199097
70184,-0.89660644,1.2721252,-0.9777832
70185,-0.83099365,1.3131714,-0.7963562
70186,-0.88317871,1.2924194,-0.68603516
70187,-0.91308594,1.2809753,-0.7131958
70188,-0.99182129,1.1006165,-0.66436768
70189,-1.1083984,1.1013794,-0.66436768
70190,-1.0873413,1.1161804,-0.83190918
70191,-1.1357117,1.2757874,-0.82275391
70192,-1.1489868,1.2882996,-0.82489014
70193,-1.3676453,1.2258911,-0.62606812
70194,-1.4237976,1.1607361,-0.55755615
70195,-1.2109375,1.1499023,-0.58761597
70196,-1.3937378,1.2265015,-0.63354492
70197,-1.5061951,1.177063,-0.56854248
70198,-1.5319824,0.94299316,0.038146973
70199,-1.6357422,1.1265564,0.009307861
70200,-1.5963745,1.151123,-0.15136719
70201,-1.5100098,1.1877441,-0.072937012
70202,-1.5509033,0.99090576,-0.004425049
70203,-1.6473389,1.0383606,0.04486084
70204,-1.7153931,1.0377502,0.16479492
70205,-1.7857361,0.93063354,0.206604
70206,-1.7323303,0.89050293,0.090637207
70207,-1.8333435,0.87600708,0.1713562
70208,-1.7251587,1.000061,0.13671875
70209,-1.8180847,0.80474853,0.24993897
70210,-1.9346619,1.0510254,0.055541992
70211,-1.95755,0.94314575,0.26428223
70212,-1.9406128,1.0124207,0.55618286
70213,-1.7701721,0.9602356,0.44204712
70214,-1.9371033,0.91613769,0.67932129
70215,-1.8582153,0.79650879,0.7572937
70216,-1.9546509,0.73638916,0.81604004
70217,-1.9993591,0.73852539,0.82138062
70218,-2.0724487,0.61126709,1.1120605
70219,-1.9775391,0.67779541,0.63064575
70220,-2.104187,0.6439209,0.55465698
70221,-2.1560669,0.63873291,0.72525024
70222,-2.1012878,0.47241211,0.67138672
70223,-2.1563721,0.55786133,0.22155762
70224,-2.1684265,0.43518066,0.32241821
70225,-2.1455383,0.5329895,1.0116577
70226,-2.096405,0.41122436,0.55770874
70227,-2.0635986,0.31539917,0.65734863
70228,-2.1331787,0.25634766,0.77453613
70229,-2.1028137,0.2734375,0.65109253
70230,-1.9969177,0.13870239,0.95596313
70231,-2.0471191,-0.1864624,0.7333374
70232,-2.1630859,-0.1373291,1.1709595
70233,-2.150116,-0.28503418,1.1291504
70234,-2.0780945,-0.4032898,0.61035156
70235,-1.9665527,-0.44189453,0.52139282
70236,-2.0846558,-0.33386231,0.78903198
70237,-1.9692993,-0.49316406,1.5197754
70238,-2.0372009,-0.36697388,1.6209412
70239,-2.0188904,-0.43197632,1.4297485
70240,-1.9482422,-0.61645508,1.4526367
70241,-1.9192505,-0.71929932,1.3421631
70242,-1.7774963,-0.79711914,1.8104553
70243,-1.7419434,-0.65750122,1.721344
70244,-1.7913818,-0.78109741,1.6012573
70245,-1.7800903,-0.87020874,1.5039063
70246,-1.7871094,-0.85113525,1.5127563
70247,-1.7822266,-0.98220825,2.1366882
70248,-1.6799927,-0.86975098,1.960144
70249,-1.6111755,-0.962677,1.8688965
70250,-1.6311646,-0.98968506,1.8676758
70251,-1.6769409,-1.1334229,1.8040466
70252,-1.4562988,-1.0610962,2.1730042
70253,-1.489563,-1.2690735,1.9877625
70254,-1.4056396,-1.2820435,2.0285034
70255,-1.5408325,-1.2173462,1.8728638
70256,-1.4080811,-1.5310669,1.9915771
70257,-1.3594055,-1.3529968,1.6741943
70258,-1.3154602,-1.3182068,1.4593506
70259,-1.3200378,-1.2037659,1.8856812
70260,-1.1854553,-1.47995,1.1715698
70261,-1.2467957,-1.6600037,1.318512
70262,-1.1576843,-1.2991333,1.5098572
70263,-0.97961426,-1.5910339,1.6793823
70264,-1.0823059,-1.5299988,1.8865967
70265,-0.98510742,-1.8670654,1.7114258
70266,-0.99197388,-1.7819214,1.8103027
70267,-0.74905396,-1.7910767,1.8843079
70268,-0.76538086,-1.7669678,1.7129517
70269,-0.54702759,-1.7909241,1.7669678
70270,-0.71975708,-1.8397522,1.7704773
70271,-0.68954468,-1.9522095,1.7433166
70272,-0.52368164,-1.9497681,1.7204285
70273,-0.63522339,-1.9018555,1.723175
70274,-0.52322388,-1.9041443,1.7785645
70275,-0.38208008,-2.0072937,1.6424561
70276,-0.21697998,-2.313385,1.6313171
70277,-0.33432007,-2.1289063,1.7614746
70278,-0.1675415,-2.1470642,1.6888428
70279,-0.28121948,-2.1368408,1.4927673
70280,-0.14328003,-2.2445679,1.3963318
70281,-0.0340271,-2.2291565,1.5400696
70282,0.023651123,-2.2216797,1.3664246
70283,0.13000488,-2.2975159,1.2747192
70284,0.11856079,-2.3240662,1.2745666
70285,0.15350342,-2.3120117,1.1663818
70286,0.17700195,-2.3124695,1.0971069
70287,0.24719238,-2.2309875,1.0409546
70288,0.25909424,-2.2927856,1.1253357
70289,0.23422241,-2.1110535,1.1759949
70290,0.2494812,-2.2492981,1.2110901
70291,0.35339356,-2.2993469,0.96008301
70292,0.42739868,-2.3602295,0.9765625
70293,0.4447937,-2.322998,0.94741821
70294,0.50170898,-2.1394348,0.84869385
70295,0.56365967,-2.2438049,0.77377319
70296,0.79574585,-2.2006226,0.69213867
70297,0.72998047,-2.3466492,0.53894043
70298,0.73760986,-2.3156738,0.63323975
70299,0.85662842,-2.1757507,0.56259155
70300,0.85144043,-2.1574402,0.59310913
70301,0.77865601,-2.2305298,0.47912598
70302,0.77926636,-2.2097778,0.47607422
70303,0.88546753,-2.0655823,0.37460327
70304,1.0429382,-2.1603394,0.34439087
70305,0.95245361,-2.2418213,0.25512695
70306,1.0144043,-2.12677,0.21621704
70307,0.98831177,-2.0500183,0.099487305
70308,1.0734558,-1.9677734,-0.025634766
70309,1.2365723,-1.9329834,0.078125
70310,1.1148071,-1.9810486,-0.0730896
70311,1.1428833,-1.9300842,-0.00213623
70312,1.0902405,-1.8389893,0.043945313
70313,1.1947632,-1.8478394,-0.1550293
70314,1.2336731,-1.7724609,-0.18478394
70315,1.1419678,-1.6575623,-0.029449463
70316,1.1756897,-1.4877319,-0.12695313
70317,1.1500549,-1.7156982,-0.25970459
70318,1.2356567,-1.7416382,-0.42327881
70319,1.2635803,-1.607666,-0.33843994
70320,1.3265991,-1.6667175,-0.58959961
70321,1.290741,-1.4697266,-0.574646
70322,1.2382507,-1.5376282,-0.66513062
70323,1.3259888,-1.4675903,-0.41564941
70324,1.2295532,-1.3975525,-0.60455322
70325,1.1846924,-1.2527466,-0.9185791
70326,1.2680054,-1.3137817,-0.78521728
70327,1.3237,-1.0655212,-0.84716797
70328,1.2409973,-0.83190918,-0.87738037
70329,1.2260437,-0.97763062,-0.93200684
70330,1.2533569,-1.0903931,-0.93307495
70331,1.1445618,-0.77926636,-0.90377808
70332,1.2072754,-0.77713013,-0.96466065
70333,1.0520935,-0.7749939,-0.9336853
70334,1.1709595,-0.60897827,-1.053772
70335,1.1758423,-0.54916382,-1.0661316
70336,1.1763,-0.58197022,-1.121521
70337,1.0493469,-0.56991577,-1.0548401
70338,0.98297119,-0.50140381,-1.1296082
70339,1.0064697,-0.42556763,-1.0890198
70340,0.95199585,-0.35202026,-1.1340332
70341,0.87112427,-0.30334473,-1.2026978
70342,0.87020874,-0.26123047,-1.1967468
70343,0.80200195,-0.15579224,-1.2203979
70344,0.73760986,-0.14343262,-1.2597656
70345,0.86486816,-0.071716309,-1.2928772
70346,0.72662353,-0.01373291,-1.33255
70347,0.79376221,-0.022735596,-1.4718628
70348,0.58837891,-0.23269653,-1.5357971
70349,0.53955078,-0.08605957,-1.5853882
70350,0.6086731,-0.007781982,-1.3923645
70351,0.47561645,0.1802063,-1.4103699
70352,0.4850769,0.24414063,-1.5629578
70353,0.47866821,0.39398193,-1.5145874
70354,0.46234131,0.41534424,-1.3839722
70355,0.38726807,0.32058716,-1.4065552
70356,0.35949707,0.40863037,-1.184082
70357,0.34423828,0.56472778,-1.2632751
70358,0.2267456,0.60806274,-1.2512207
70359,0.28121948,0.64590454,-1.3392639
70360,0.14953613,0.7232666,-1.4067078
70361,0.12435913,0.66009522,-1.3739014
70362,0.14801025,0.81542969,-1.1390686
70363,-0.13092041,0.82061768,-1.0733032
70364,-0.11810303,0.86486816,-1.2638855
70365,-0.26748657,0.90713501,-1.003418
70366,-0.21514893,0.99060059,-1.1677551
70367,-0.19363403,0.88592529,-1.1924744
70368,-0.29724121,0.90209961,-1.1129761
70369,-0.40725708,1.1026001,-1.1129761
70370,-0.43884277,0.92132568,-1.2155151
70371,-0.36590576,0.97900391,-1.1138916
70372,-0.51498413,0.92483521,-0.88851929
70373,-0.66818237,1.025238,-0.91888428
70374,-0.5380249,1.2117004,-1.2030029
70375,-0.78414917,1.2150574,-1.1935425
70376,-0.93536377,1.2564087,-0.77972412
70377,-0.95550537,1.2814331,-0.90698242
70378,-0.88821411,1.2594604,-0.97747803
70379,-0.93231201,1.3591003,-1.0365295
70380,-1.0678101,1.2268066,-0.8782959
70381,-1.1877441,1.330719,-0.70373535
70382,-1.1212158,1.4207459,-0.65994263
70383,-1.1135864,1.4086914,-0.65139771
70384,-1.3218689,1.322937,-0.37002564
70385,-1.2986755,1.2309265,-0.43792725
70386,-1.3796997,1.4660645,-0.43121338
70387,-1.3296509,1.2902832,-0.49133301
70388,-1.2915039,1.3607788,-0.28823853
70389,-1.3653564,1.3569641,-0.20675659
70390,-1.6267395,1.2654114,-0.14343262
70391,-1.6229248,1.378479,-0.31188965
70392,-1.5635681,1.1872864,-0.13275147
70393,-1.7486572,1.3964844,-0.76919556
70394,-1.778717,1.1691284,-0.94192505
70395,-1.8389893,1.1451721,-0.41061401
70396,-1.678009,1.1416626,0.032348633
70397,-1.648407,1.242218,0.15106201
70398,-1.8225098,1.3137817,0.2494812
70399,-1.693573,1.2402344,0.26153564
70400,-1.7922974,1.040802,0.19012451
70401,-1.8911743,1.1065674,0.33996582
70402,-1.9313049,1.0272217,0.49209595
70403,-1.9819641,1.1853027,0.43548584
70404,-1.9132996,1.0639954,0.26947022
70405,-1.9433594,1.072998,0.3137207
70406,-1.9445801,0.9022522,0.49545288
70407,-2.1749878,0.91720581,0.53466797
70408,-2.0649719,0.86685181,0.47561645
70409,-2.0941162,0.90240478,0.59646606
70410,-2.0446777,0.8493042,0.59646606
70411,-2.1833801,0.8241272,0.66696167
70412,-2.2189331,0.90805054,0.67092896
70413,-2.2116089,0.67993164,0.70983887
70414,-2.2276306,0.5368042,0.73944092
70415,-2.0309448,0.6288147,0.90911865
70416,-2.1682739,0.5015564,0.89752197
70417,-2.2381592,0.50231934,0.88760376
70418,-2.1052551,0.45654297,1.1172485
70419,-2.1311951,0.40924072,1.0171509
70420,-2.2520447,0.29418945,1.4137268
70421,-2.1469116,0.18356323,1.2487793
70422,-2.1598816,0.31784058,1.2953186
70423,-2.1304321,0.26092529,1.4382935
70424,-2.0690918,0.15991211,1.3366699
70425,-2.106781,0.17425537,1.5982056
70426,-2.0896912,0.049133301,1.5524292
70427,-1.9487,0.05859375,1.516571
70428,-1.9322205,-0.018768311,1.7456055
70429,-2.0811462,-0.020599365,1.6511536
70430,-2.0739746,-0.072631836,1.5388489
70431,-1.8829346,-0.38986206,1.6360474
70432,-1.7991638,-0.37261963,1.6937256
70433,-2.0445251,-0.32455444,1.7202759
70434,-2.061615,-0.36193848,1.7692566
70435,-1.8222046,-0.35430908,2.0292664
70436,-1.9143677,-0.43563843,1.7248535
70437,-1.7819214,-0.67153931,1.6882324
70438,-1.8800354,-0.53588867,1.6360474
70439,-1.8017578,-0.60791016,1.5756226
70440,-2.0783997,-0.82962036,1.6578674
70441,-1.7948914,-0.95520019,1.6656494
70442,-1.8156433,-0.97076416,1.6191101
70443,-1.7572021,-1.0229492,1.8002319
70444,-1.7198181,-1.1502075,1.9055176
70445,-1.5779114,-1.0327148,1.8693542
70446,-1.6574097,-1.0003662,1.5957642
70447,-1.6998291,-1.0371399,1.7526245
70448,-1.5170288,-1.1483765,1.6619873
70449,-1.5133667,-1.260376,1.9877625
70450,-1.388855,-1.3856506,1.6165161
70451,-1.5042114,-1.5023804,1.8028259
70452,-1.3441467,-1.5351868,1.9580078
70453,-1.3464355,-1.4656067,1.6986084
70454,-1.2600708,-1.7120361,1.9064331
70455,-1.2200928,-1.5646362,1.9628906
70456,-1.1238098,-1.6674805,1.8621826
70457,-1.071167,-1.5557861,1.7347717
70458,-1.0766602,-1.711731,1.8823242
70459,-0.94467163,-1.7131042,2.0327759
70460,-0.93551636,-1.993103,1.8638611
70461,-0.96099853,-1.8209839,1.4208984
70462,-0.79940796,-1.9769287,1.8571472
70463,-0.76354981,-1.9215393,2.0635986
70464,-0.53100586,-2.0982361,1.8559265
70465,-0.59402466,-2.1859741,1.7597961
70466,-0.52108765,-2.0225525,1.8466187
70467,-0.40206909,-2.1064758,1.8099976
70468,-0.33340454,-2.1037292,1.8212891
70469,-0.40283203,-2.03125,1.6253662
70470,-0.41015625,-2.0507813,1.6349792
70471,-0.28808594,-2.0480347,1.7306519
70472,-0.20568848,-2.1348572,1.7704773
70473,-0.21499634,-2.1788025,1.817627
70474,-0.1864624,-2.3608398,1.6200256
70475,-0.13702393,-2.3779297,1.5202332
70476,-0.089569092,-2.3352051,1.4318848
70477,0.006408691,-2.3153687,1.3989258
70478,0.11901856,-2.2650146,1.4065552
70479,0.1663208,-2.4203491,1.282959
70480,0.24520874,-2.3153687,1.2838745
70481,0.29891968,-2.4298096,1.1680603
70482,0.26763916,-2.5862122,1.2434387
70483,0.37780762,-2.6121521,1.0902405
70484,0.42114258,-2.5360107,1.2188721
70485,0.4914856,-2.4822998,0.94497681
70486,0.58105469,-2.3007202,0.93032837
70487,0.59844971,-2.2424316,0.98083496
70488,0.61080933,-2.2564697,0.86105347
70489,0.65429688,-2.2433472,0.62301636
70490,0.80245972,-2.2605896,0.8996582
70491,0.93811035,-2.3275757,0.80215454
70492,0.85891724,-2.2996521,0.62347412
70493,0.89675903,-2.4180603,0.61706543
70494,0.8605957,-2.406311,0.51864624
70495,0.96618652,-2.2471619,0.45700073
70496,0.9753418,-2.4006653,0.39306641
70497,0.99700928,-2.2215271,0.25985718
70498,0.87936401,-2.3127747,0.51757813
70499,0.9286499,-2.2207642,0.18798828
70500,1.0505676,-2.2015381,0.13442993
70501,0.96343994,-2.2483826,0.30700684
70502,1.1315918,-2.0036316,0.24276733
70503,1.0743713,-2.0350647,0.13824463
70504,1.1354065,-1.9615173,0.001831055
70505,1.2199402,-1.9291687,-0.059051514
70506,1.2049866,-1.9404602,0.00289917
70507,1.1663818,-1.9041443,0.047912598
70508,1.0969543,-1.824646,-0.027313232
70509,1.184082,-1.804657,-0.1651001
70510,1.232605,-1.892395,-0.12374878
70511,1.2832642,-1.7599487,-0.19042969
70512,1.2445068,-1.789093,-0.22445679
70513,1.2588501,-1.7523193,-0.23101807
70514,1.2640381,-1.6668701,-0.3805542
70515,1.2263489,-1.4355469,-0.59890747
70516,1.2710571,-1.4196777,-0.52093506
70517,1.342926,-1.4993286,-0.71105957
70518,1.2715149,-1.4805603,-0.69854736
70519,1.2579346,-1.3500977,-0.93475342
70520,1.1755371,-1.3563538,-0.75302124
70521,1.3130188,-1.2702942,-0.90576172
70522,1.2036133,-1.0969543,-0.81039429
70523,1.2747192,-1.027832,-0.85525513
70524,1.3308716,-1.0205078,-0.79391479
70525,1.2297058,-1.3182068,-0.93795776
70526,1.2365723,-1.1366272,-1.0101318
70527,1.151123,-1.3090515,-1.1262512
70528,1.2026978,-1.1027527,-1.0998535
70529,1.1813354,-0.89477539,-1.1103821
70530,1.1860657,-0.75332642,-1.1068726
70531,1.149292,-0.73608398,-1.1412048
70532,1.0215759,-0.67214966,-0.99212647
70533,1.1431885,-0.62683106,-1.2211609
70534,1.0348511,-0.43731689,-1.3127136
70535,1.1254883,-0.35186768,-1.2219238
70536,0.9928894,-0.3477478,-1.2554932
70537,0.90423584,-0.36239624,-1.2710571
70538,0.82839966,-0.3453064,-1.2365723
70539,1.003418,-0.29693603,-1.1628723
70540,0.78063965,-0.31845093,-1.2991333
70541,0.79879761,-0.11978149,-1.3601685
70542,0.7901001,-0.15563965,-1.4007568
70543,0.95779419,0.1348877,-1.6470337
70544,0.75622559,-0.042419434,-1.3302612
70545,0.625,0.16662598,-1.4520264
70546,0.63964844,0.15380859,-1.4012146
70547,0.52215576,0.43991089,-1.4250183
70548,0.52612305,0.29846191,-1.4553833
70549,0.4977417,0.33828735,-1.6177368
70550,0.43807983,0.62515259,-1.5391541
70551,0.32974243,0.70739746,-1.6629028
70552,0.26397705,0.61462402,-1.545105
70553,0.22918701,0.5670166,-1.5148926
70554,0.16098023,0.75866699,-1.4682007
70555,0.11428833,0.73440552,-1.4352417
70556,0.09552002,0.90988159,-1.6897583
70557,0.13427734,0.76721191,-1.2503052
70558,-0.057220459,0.79940796,-1.4694214
70559,-0.037841797,0.79467773,-1.3560486
70560,-0.055236816,0.96038818,-1.8275452
70561,-0.093231201,0.88928223,-1.4764404
70562,-0.25741577,0.93109131,-1.4176941
70563,-0.3364563,1.086731,-1.2811279
70564,-0.42755127,1.3995361,-1.2438965
70565,-0.55740356,1.2626648,-1.1801147
70566,-0.4560852,1.2898254,-1.1880493
70567,-0.58227539,1.2489319,-1.2055969
70568,-0.58273315,1.2393188,-1.0751343
70569,-0.57418823,1.2986755,-1.0795593
70570,-0.7409668,1.4379883,-1.1224365
70571,-0.86654663,1.2654114,-1.1112976
70572,-0.79437256,1.3796997,-0.93307495
70573,-0.85510254,1.4515686,-0.92086792
70574,-0.87280273,1.6519165,-0.98190308
70575,-0.87585449,1.4529419,-0.96359253
70576,-0.98129272,1.4978027,-0.90927124
70577,-1.0871887,1.4880371,-0.94467163
70578,-1.1291504,1.4537048,-0.73196411
70579,-1.177063,1.5045166,-0.80795288
70580,-1.065979,1.6104126,-0.56640625
70581,-1.1917114,1.7381287,-0.57067871
70582,-1.2356567,1.7016602,-0.54244995
70583,-1.4424133,1.5698242,-0.40832519
70584,-1.4424133,1.5109253,-0.38238525
70585,-1.3813782,1.4208984,-0.51483154
70586,-1.4808655,1.2843323,-0.36758423
70587,-1.6665649,1.4179993,-0.34988403
70588,-1.7004395,1.5013123,-0.32897949
70589,-1.5788269,1.3970947,-0.28366089
70590,-1.7292786,0.60455322,-0.30578613
70591,-1.9036865,1.26297,-0.33081055
70592,-1.6862488,1.3830566,-0.079040527
70593,-1.789093,1.2588501,0.027618408
70594,-1.8077087,1.2231445,-0.10223389
70595,-1.8209839,1.4089966,0.34973144
70596,-1.9433594,1.2303162,0.099487305
70597,-2.0213318,1.282196,0.10238648
70598,-2.0541382,1.1376953,0.16830444
70599,-2.1412659,1.159668,0.43121338
70600,-1.9961548,1.1141968,0.39962769
70601,-2.109375,1.1462402,0.29754639
70602,-2.0083618,1.1376953,0.37979126
70603,-2.1884155,1.1738586,0.63690185
70604,-2.1801758,0.98175049,0.62576294
70605,-2.2137451,1.1633301,0.65704346
70606,-2.0465088,1.0827637,0.66085815
70607,-2.10495,1.0778809,0.83221435
70608,-2.0794678,1.0014343,0.8190918
70609,-2.3146057,0.88668823,0.89355469
70610,-2.1672058,0.95718384,1.030426
70611,-2.1409607,0.87860107,1.060791
70612,-2.1307373,0.7258606,1.0153198
70613,-2.2454834,0.64025879,0.94696045
70614,-2.2589111,0.70404053,0.99578857
70615,-2.2283936,0.62316894,0.87463379
70616,-2.1401978,0.57571411,0.81802368
70617,-2.3397827,0.40054321,1.2995911
70618,-2.2947693,0.48828125,1.2472534
70619,-2.2384644,0.3565979,1.227417
70620,-2.2172546,0.29144287,1.2728882
70621,-2.1728516,0.2003479,1.4889526
70622,-2.2853088,0.027160645,1.1471558
70623,-2.2651672,0.022583008,1.3392639
70624,-2.1353149,-0.11810303,1.52771
70625,-2.1940613,-0.1159668,1.3920593
70626,-2.1473694,-0.081329346,1.7304993
70627,-2.0967102,-0.22750855,1.451416
70628,-2.0780945,-0.27740478,1.645813
70629,-2.1922302,-0.42160034,2.0210266
70630,-2.1266174,-0.40222168,1.8434143
70631,-2.2607422,-0.55038452,1.7228699
70632,-2.0643616,-0.57037353,1.86203
70633,-1.8684387,-0.70480347,2.0150757
70634,-1.9407654,-0.83847046,2.0579529
70635,-1.9480896,-0.62927246,2.1113586
70636,-1.9819641,-0.68725586,2.0687866
70637,-1.7831421,-0.82092285,2.2071838
70638,-1.7663574,-0.92071533,2.1803284
70639,-1.7431641,-0.96817017,2.1847534
70640,-1.7932129,-1.207428,1.9767761
70641,-1.739502,-1.1576843,2.084198
70642,-1.7997742,-1.098938,2.0330811
70643,-1.7059326,-1.3352966,2.0263672
70644,-1.8649292,-1.1726379,2.2917175
70645,-1.5612793,-1.3645935,2.1821594
70646,-1.6499329,-1.3856506,2.2758484
70647,-1.4108276,-1.2968445,2.2790527
70648,-1.4259338,-1.3337708,2.2589111
70649,-1.3285828,-1.6346741,2.1383667
70650,-1.2826538,-1.7591858,2.1656799
70651,-1.2669373,-1.6984558,2.089386
70652,-1.1105347,-1.6859436,2.2102356
70653,-1.2911987,-1.7474365,2.0483398
70654,-1.0668945,-1.7909241,1.8647766
70655,-1.214447,-1.8463135,1.869812
70656,-0.99365234,-1.8624878,2.0094299
70657,-0.93688965,-1.690979,2.1783447
70658,-0.99838257,-2.0497131,2.3606873
70659,-0.88821411,-2.1556091,2.1426392
70660,-0.74676514,-1.998291,2.0553589
70661,-0.71289063,-2.0715332,2.1211243
70662,-0.61569214,-1.9958496,1.9691467
70663,-0.48843384,-2.2071838,1.9848633
70664,-0.39886475,-2.232666,1.9555664
70665,-0.41656494,-2.4812317,1.8339539
70666,-0.34973144,-2.305603,1.8725586
70667,-0.43945313,-2.1240234,1.7880249
70668,-0.27679443,-2.2479248,1.8670654
70669,-0.25421143,-2.1742249,1.6905212
70670,-0.015258789,-2.237854,1.638031
70671,-0.14556885,-2.2912598,1.6906738
70672,-0.10284424,-2.5559998,1.7385864
70673,-0.04196167,-2.4769592,1.690979
70674,0.01449585,-2.6011658,1.661377
70675,0.24185181,-2.489624,1.5170288
70676,0.25817871,-2.3883057,1.4706421
70677,0.2784729,-2.2799683,1.428833
70678,0.22613525,-2.3982239,1.46698
70679,0.36697388,-2.4575806,1.4839172
70680,0.40832519,-2.4482727,1.3195801
70681,0.48721314,-2.4273682,1.2280273
70682,0.55175781,-2.5695801,1.1767578
70683,0.3616333,-2.3898315,1.0734558
70684,0.55053711,-2.4012756,1.0836792
70685,0.55206299,-2.339325,1.0333252
70686,0.66207886,-2.4758911,0.84487915
70687,0.72982788,-2.5468445,0.75317383
70688,0.73776245,-2.4932861,0.58486938
70689,0.81481934,-2.4543762,0.64758301
70690,0.85403442,-2.4691772,0.80078125
70691,0.72616577,-2.4499512,0.6199646
70692,0.84259033,-2.2807312,0.70373535
70693,0.9173584,-2.2795105,0.63278198
70694,0.98236084,-2.3358154,0.50567627
70695,1.0661316,-2.2886658,0.57250977
70696,1.124115,-2.2061157,0.4826355
70697,1.2528992,-2.2386169,0.37231445
70698,1.2057495,-2.4133301,0.23162842
70699,1.1997986,-2.3635864,0.1322937
70700,1.1982727,-2.1257019,0.070495605
70701,1.2754822,-2.2766113,-0.093383789
70702,1.2545776,-2.1902466,-0.19470215
70703,1.2680054,-2.0727539,0.076599121
70704,1.217804,-2.0339966,-0.014038086
70705,1.1305237,-2.0855713,-0.004119873
70706,1.1393738,-1.9622803,-0.11276245
70707,1.2063599,-1.978302,-0.17990112
70708,1.269989,-1.8847656,-0.27084351
70709,1.3624573,-1.7683411,-0.25512695
70710,1.3967896,-1.652832,-0.33981323
70711,1.4167786,-1.6499329,-0.56365967
70712,1.4990234,-1.5660095,-0.57937622
70713,1.5843201,-1.5855408,-0.55770874
70714,1.3607788,-1.6293335,-0.63079834
70715,1.3995361,-1.5409851,-0.60958862
70716,1.5782166,-1.3555908,-0.66482544
70717,1.3194275,-1.4476013,-0.5960083
70718,1.463623,-1.3142395,-0.70037842
70719,1.5821838,-1.26297,-1.0527039
70720,1.5077209,-1.2516785,-0.94055176
70721,1.3623047,-1.0179138,-0.82870483
70722,1.3806152,-0.97564697,-1.0339355
70723,1.3929749,-0.91812134,-1.1462402
70724,1.3778687,-0.9298706,-0.98815918
70725,1.2904358,-0.87692261,-1.0211182
70726,1.2338257,-1.0266113,-1.1651611
70727,1.265564,-0.80078125,-0.99365234
70728,1.2199402,-0.78689575,-1.1097717
70729,1.3244629,-0.7421875,-1.2278748
70730,1.3374329,-0.55007935,-1.3119507
70731,1.2332153,-0.58364868,-1.3444519
70732,1.129303,-0.30380249,-1.3673401
70733,1.0446167,-0.39916992,-1.3136291
70734,1.1128235,-0.2532959,-1.4942932
70735,1.078949,-0.22994995,-1.5441895
70736,1.0592651,-0.28869629,-1.5185547
70737,1.0604858,-0.13809204,-1.4349365
70738,1.0195923,-0.14099121,-1.5332031
70739,0.86151123,-0.089569092,-1.3499451
70740,0.95443726,-0.6413269,-1.723938
70741,0.7875061,-0.26824951,-1.2919617
70742,0.83435059,0.048980713,-1.5818787
70743,0.7623291,0.287323,-1.711731
70744,0.60913086,0.34164429,-1.6851807
70745,0.58837891,0.034484863,-1.7268372
70746,0.62896728,0.36911011,-1.6923523
70747,0.57128906,0.10528565,-1.6549683
70748,0.48126221,0.51773071,-1.5591431
70749,0.53527832,0.48629761,-1.3427734
70750,0.38116455,0.51635742,-1.3627625
70751,0.26000977,0.53070068,-1.4042664
70752,0.25939941,0.64849853,-1.4111328
70753,0.12954712,0.84106445,-1.6825867
70754,0.21148682,0.79315185,-1.4489746
70755,0.12161255,0.80062866,-1.5245056
70756,-0.092163086,0.79605103,-1.3539124
70757,-0.079956055,0.7850647,-1.381073
70758,-0.026092529,0.7824707,-1.4668274
70759,-0.10375977,0.90713501,-1.3809204
70760,-0.12695313,0.99472046,-1.4053345
70761,-0.13717651,1.0232544,-1.3192749
70762,-0.23605347,1.1123657,-1.2557983
70763,-0.1953125,1.1010742,-1.2419128
70764,-0.26351929,1.3262939,-1.2150574
70765,-0.37155151,1.3105774,-1.3032532
70766,-0.53665161,1.3539124,-1.2088013
70767,-0.47531128,1.2695313,-1.0917664
70768,-0.7069397,1.3833618,-1.1322021
70769,-0.82733154,1.4373779,-1.0079956
70770,-0.86364746,1.2980652,-1.010437
70771,-0.68771362,1.411438,-1.0020447
70772,-0.89935303,1.5383911,-1.089325
70773,-0.99227905,1.4025879,-0.92391968
70774,-1.1625671,1.418457,-1.0795593
70775,-0.99472046,1.4512634,-0.86639404
70776,-1.2086487,1.2715149,-0.86486816
70777,-1.3128662,1.2597656,-0.86914063
70778,-1.2947083,1.443634,-0.67840576
70779,-1.3635254,1.5814209,-0.80947876
70780,-1.4506531,1.6061401,-0.56121826
70781,-1.4590454,1.6412354,-0.52520752
70782,-1.6337585,1.4654541,-0.3717041
70783,-1.4746094,1.4715576,-0.45669556
70784,-1.5188599,1.4398193,-0.262146
70785,-1.446228,1.4907837,-0.37597656
70786,-1.6259766,0.91018677,-0.5090332
70787,-1.7382813,1.3230896,-0.37307739
70788,-1.8063354,1.2187195,-0.14419556
70789,-1.7481995,1.3400269,-0.2053833
70790,-1.8269348,1.2695313,0.077819824
70791,-1.8545532,1.441803,-0.016174316
70792,-1.8183899,1.4450073,0.069580078
70793,-1.8830872,1.569519,0.29251099
70794,-2.0083618,1.28479,0.20431519
70795,-1.985321,1.4538574,0.34255981
70796,-2.0404053,1.2640381,0.41381836
70797,-1.9598389,1.1946106,0.22979736
70798,-1.9865417,1.2385559,0.38513184
70799,-2.0344543,1.1782837,0.46295166
70800,-2.1484375,1.2336731,0.49804688
70801,-2.1856689,1.1169434,0.49072266
70802,-2.1665955,1.038208,0.41809082
70803,-2.1592712,0.97564697,0.61798096
70804,-2.2079468,0.92178345,0.7333374
70805,-2.263031,0.95474243,0.80749512
70806,-2.3377991,0.9777832,0.94451904
70807,-2.2891235,0.83862305,0.83862305
70808,-2.2061157,0.82046509,0.84335327
70809,-2.3376465,0.93444824,0.81970215
70810,-2.3686218,0.67214966,0.96801758
70811,-2.3046875,0.68145752,0.8744812
70812,-2.3956299,0.54458618,0.92041016
70813,-2.3907471,0.57067871,1.043396
70814,-2.3274231,0.42831421,1.1376953
70815,-2.3695374,0.43701172,1.2792969
70816,-2.3666382,0.47286987,1.3691711
70817,-2.3847961,0.25817871,1.3058472
70818,-2.3121643,0.20202637,1.5673828
70819,-2.2219849,0.23788452,1.3925171
70820,-2.2294617,0.15197754,1.4875793
70821,-2.1983337,0.14556885,1.6174316
70822,-2.2975159,0.16143799,1.6571045
70823,-2.2286987,0.005493164,1.6262817
70824,-2.1881104,-0.12695313,1.6525269
70825,-2.1186829,-0.20736694,1.6123962
70826,-2.2387695,-0.34179688,1.6436768
70827,-2.0495605,-0.28137207,1.7300415
70828,-2.1321106,-0.41564941,1.7674255
70829,-2.0640564,-0.39321899,1.7008972
70830,-1.9042969,-0.39245606,1.7012024
70831,-1.8585205,-0.43884277,1.9168091
70832,-1.9911194,-0.65551758,1.834259
70833,-1.8637085,-0.67123413,1.7544556
70834,-1.9946289,-0.74325562,1.8099976
70835,-1.784668,-0.72296143,1.9873047
70836,-1.8399048,-0.59051514,1.8426514
70837,-1.9519043,-0.76187134,1.9345093
70838,-1.892395,-0.93231201,1.9403076
70839,-1.8243408,-1.0766602,1.8319702
70840,-1.812439,-1.1061096,2.0411682
70841,-1.7314148,-1.4318848,1.8803406
70842,-1.7321777,-1.0876465,2.1607971
70843,-1.6770935,-1.2973022,2.1185303
70844,-1.5670776,-1.1935425,2.1957397
70845,-1.5823364,-1.3090515,1.9659424
70846,-1.5708923,-1.4057922,1.824646
70847,-1.4277649,-1.4784241,1.9148254
70848,-1.423645,-1.4741516,1.9470215
70849,-1.3763428,-1.5937805,1.9325256
70850,-1.3525391,-1.8136597,1.9613647
70851,-1.3360596,-1.8148804,1.9699097
70852,-1.1521912,-1.8663025,2.0050049
70853,-1.1982727,-1.645813,1.8458557
70854,-1.0566711,-1.796875,2.0120239
70855,-1.0220337,-1.8362427,1.9287109
70856,-1.0864258,-1.8556213,2.0291138
70857,-0.93536377,-1.6926575,1.960907
70858,-1.04599,-1.9519043,1.9273376
70859,-0.74768066,-1.9720459,2.011261
70860,-0.6892395,-2.0690918,1.999054
70861,-0.61599731,-2.0988464,2.084198
70862,-0.64208984,-2.1560669,1.9976807
70863,-0.61935425,-2.151947,1.9619751
70864,-0.47103882,-2.3806763,1.8054199
70865,-0.35140991,-2.1737671,1.7353821
70866,-0.35675049,-2.1612549,1.65802
70867,-0.35079956,-2.1554565,1.7250061
70868,-0.19500732,-2.1136475,1.6970825
70869,-0.2267456,-2.2625732,1.6401672
70870,0.019073486,-2.1842957,1.6415405
70871,-0.042572021,-2.3599243,1.3685608
70872,-0.078125,-2.3020935,1.5203857
70873,0.081787109,-2.4324036,1.4810181
70874,0.10574341,-2.4079895,1.3842773
70875,0.08102417,-2.4240112,1.3150024
70876,0.27297974,-2.2941589,1.2667847
70877,0.33309936,-2.2821045,1.2635803
70878,0.36941528,-2.2280884,1.229248
70879,0.40740967,-2.4304199,1.0932922
70880,0.33233643,-2.4282837,1.0452271
70881,0.47927856,-2.4557495,1.1026001
70882,0.46646118,-2.412262,1.12854
70883,0.57388306,-2.5041199,0.97640991
70884,0.56610107,-2.5675964,0.86730957
70885,0.58807373,-2.644043,0.92697144
70886,0.74081421,-2.7185059,0.62591553
70887,0.65444946,-2.580719,0.77941894
70888,0.75042725,-2.3577881,0.60134888
70889,0.82565308,-2.2357178,0.50964356
70890,0.84274292,-2.2503662,0.46386719
70891,0.93841553,-2.3629761,0.56777954
70892,1.0244751,-2.3970032,0.4814148
70893,0.94497681,-2.2955322,0.49713135
70894,1.0598755,-2.2772217,0.48171997
70895,1.1643982,-2.2418213,0.42007446
70896,0.98220825,-2.2251892,0.27984619
70897,1.1393738,-2.0610046,0.12969971
70898,1.0038757,-2.1012878,0.15777588
70899,1.0453796,-2.0133972,0.00579834
70900,1.2904358,-2.008667,0.069274902
70901,1.0848999,-1.9313049,-0.028991699
70902,1.3696289,-1.8701172,-0.10223389
70903,1.1683655,-1.9322205,-0.16784668
70904,1.3490295,-1.7959595,-0.27389526
70905,1.288147,-1.7687988,-0.26321411
70906,1.2814331,-1.7886353,-0.27252197
70907,1.3305664,-1.6946411,-0.16403198
70908,1.229248,-1.7346191,-0.21484375
70909,1.2805176,-1.5693665,-0.47576904
70910,1.4978027,-1.6452026,-0.46051025
70911,1.2593079,-1.5551758,-0.49819946
70912,1.1642456,-1.6079712,-0.53985596
70913,1.3061523,-1.5905762,-0.65170288
70914,1.3224792,-1.5795898,-0.68649292
70915,1.2324524,-1.4494324,-0.58105469
70916,1.4349365,-1.2322998,-0.74996948
70917,1.3240051,-1.4172363,-0.96084595
70918,1.4013672,-1.2214661,-0.90744019
70919,1.3015747,-0.99365234,-0.91293335
70920,1.2557983,-1.1885071,-0.80200195
70921,1.2481689,-1.091156,-1.0243225
70922,1.1846924,-0.71273804,-1.0038757
70923,1.3882446,-0.83648682,-1.040802
70924,1.1672974,-0.69641113,-1.003418
70925,1.2423706,-0.83526611,-0.60714722
70926,1.1509705,-0.75027466,-1.0464478
70927,1.1787415,-0.67245483,-1.1532593
70928,1.1161804,-0.61019897,-1.1535645
70929,1.1941528,-0.49591064,-1.1729431
70930,0.98266602,-0.51025391,-1.2498474
70931,1.0539246,-0.52429199,-1.2939453
70932,0.9689331,-0.41122436,-1.2710571
70933,0.9614563,-0.2180481,-1.2548828
70934,1.12854,-0.13778687,-1.1946106
70935,0.99990845,-0.24017334,-1.1561584
70936,0.87677002,-0.27664185,-1.3917541
70937,0.94848633,-0.12176514,-1.2957764
70938,0.7194519,-0.060272217,-1.3058472
70939,0.81573486,-1.1274719,-1.4631653
70940,0.53192139,-0.97900391,-1.4833069
70941,0.64620972,0.4359436,-1.3020325
70942,0.76339722,0.2470398,-1.4242554
70943,0.59173584,0.19775391,-1.3047791
70944,0.62438965,0.29953003,-1.3043213
70945,0.52017212,0.35507202,-1.254425
70946,0.51513672,0.39306641,-1.4360046
70947,0.39413452,0.47271728,-1.295166
70948,0.3414917,0.43624878,-1.3833618
70949,0.25756836,0.56762695,-1.4718628
70950,0.13549805,0.69091797,-1.3098145
70951,0.12207031,0.75057983,-1.2347412
70952,0.12695313,0.62011719,-1.3793945
70953,-0.042877197,0.67687988,-1.3330078
70954,-0.02243042,0.8706665,-1.338501
70955,-0.041503906,0.84442139,-1.2010193
70956,-0.074005127,0.82962036,-1.2550354
70957,-0.23147583,0.83679199,-1.4143372
70958,-0.26275635,0.82046509,-1.2390137
70959,-0.27572632,0.90270996,-1.2200928
70960,-0.45104981,1.0916138,-1.2034607
70961,-0.34973144,1.0403442,-1.2458801
70962,-0.41442871,1.1785889,-1.2637329
70963,-0.58105469,1.2487793,-1.1747742
70964,-0.59295654,1.3153076,-1.075592
70965,-0.69061279,1.2234497,-1.0388184
70966,-0.79345703,1.2033081,-0.92178345
70967,-0.74508667,1.2632751,-0.93994141
70968,-0.67016602,1.1907959,-0.93948364
70969,-0.82870483,1.2480164,-0.77636719
70970,-0.83984375,1.4259338,-0.61248779
70971,-1.0101318,1.5313721,-0.58364868
70972,-0.92590332,1.2844849,-0.66513062
70973,-1.0392761,1.4067078,-0.79345703
70974,-0.95886231,1.3883972,-0.67504883
70975,-1.2261963,1.2882996,-0.57983398
70976,-1.0113525,1.3578796,-0.5506897
70977,-1.1695862,1.3757324,-0.57067871
70978,-1.1924744,1.3562012,-0.54519653
70979,-1.2632751,1.2400818,-0.4675293
70980,-1.3897705,1.2728882,-0.33920288
70981,-1.424408,1.2956238,-0.29953003
70982,-1.4770508,1.065979,-0.51452637
70983,-1.6079712,1.3375854,-0.28579712
70984,-1.5411377,1.2562561,-0.27053833
70985,-1.6131592,1.3285828,-0.09262085
70986,-1.6207886,1.2901306,-0.22033691
70987,-1.663208,1.1268616,-0.044403076
70988,-1.6758728,1.2045288,-0.051116943
70989,-1.7198181,1.0925293,-0.1411438
70990,-1.6600037,1.3169861,-0.088500977
70991,-1.8441772,1.2654114,0.52200317
70992,-1.7480469,1.3534546,0.18463135
70993,-1.8325806,1.1906433,0.29968262
70994,-1.8405151,1.2524414,0.2784729
70995,-1.8310547,1.2280273,0.26229858
70996,-1.8780518,1.2010193,0.37719727
70997,-1.98349,1.0821533,0.48156738
70998,-2.102356,1.1947632,0.55435181
70999,-1.9348145,1.1260986,0.59677124
71000,-2.1354675,1.0293579,0.6362915
71001,-2.1948242,1.0307312,0.55175781
71002,-2.1882629,0.83831787,0.82061768
71003,-2.2003174,0.85998535,0.81314087
71004,-2.0986938,0.82382202,0.79406738
71005,-2.0126343,0.73577881,0.92437744
71006,-2.098999,0.63995361,1.1804199
71007,-2.1653748,0.5921936,0.92651367
71008,-2.1606445,0.58349609,0.94268799
71009,-2.1492004,0.53482056,0.97183228
71010,-2.0924377,0.45440674,1.2002563
71011,-2.0556641,0.26870728,1.05896
71012,-2.0393372,0.36682129,1.2857056
71013,-1.9656372,0.35003662,1.1997986
71014,-2.179718,0.29937744,1.1636353
71015,-2.1400452,0.18325806,1.2628174
71016,-2.1630859,0.066070557,1.4700317
71017,-2.1788025,-0.021057129,1.479187
71018,-2.1540833,-0.12649536,1.2615967
71019,-2.0332336,-0.054321289,1.360321
71020,-2.1055603,-0.061187744,1.4749146
71021,-2.0715332,-0.14755249,1.34552
71022,-2.1272278,-0.014648438,1.5106201
71023,-2.0608521,-0.20355225,1.516571
71024,-2.1028137,-0.30319214,1.5516663
71025,-2.0420837,-0.41061401,1.587677
71026,-2.0922852,-0.42999268,1.8804932
71027,-1.8569946,-0.42556763,1.7965698
71028,-1.9717407,-0.39657593,1.7446899
71029,-1.7456055,-0.4296875,1.8878174
71030,-1.8148804,-0.6048584,1.7778015
71031,-1.867981,-0.756073,1.7364502
71032,-1.8501282,-0.72814941,1.8165588
71033,-1.6896057,-0.72296143,1.9348145
71034,-1.6732788,-0.78186035,1.7404175
71035,-1.8939209,-0.98327637,2.1505737
71036,-1.730957,-1.0926819,1.8730164
71037,-1.6624451,-1.2716675,1.8707275
71038,-1.5710449,-1.434021,1.6960144
71039,-1.452179,-1.1709595,1.673584
71040,-1.4891052,-1.2350464,1.7033386
71041,-1.4172363,-1.2132263,1.6430664
71042,-1.5341187,-1.2484741,1.7962646
71043,-1.3209534,-1.2443542,1.9540405
71044,-1.3851929,-1.3008118,1.9158936
71045,-1.3539124,-1.3461304,1.920929
71046,-1.2509155,-1.5242004,1.6789246
71047,-1.2336731,-1.6448975,1.6384888
71048,-1.1949158,-1.6061401,1.9276428
71049,-1.164093,-1.7066956,1.9406128
71050,-1.053772,-1.6999817,1.8371582
71051,-0.92590332,-1.7666626,1.9606018
71052,-0.88531494,-1.6908264,1.8710327
71053,-0.81756592,-1.857605,1.7596436
71054,-0.72357178,-1.8635559,1.8716431
71055,-0.72357178,-1.9821167,1.7764282
71056,-0.67810059,-2.1080017,1.6743469
71057,-0.56930542,-1.9036865,1.8556213
71058,-0.62210083,-1.9743347,1.8424988
71059,-0.5380249,-1.8725586,1.7030334
71060,-0.50476074,-2.0864868,1.6911316
71061,-0.29464722,-2.0753479,1.7248535
71062,-0.37246704,-2.1856689,1.6371155
71063,-0.2154541,-2.1075439,1.7579651
71064,-0.43258667,-2.2090149,1.67099
71065,-0.1625061,-2.088623,1.6627502
71066,-0.24230957,-2.2055054,1.5402222
71067,-0.01373291,-2.2290039,1.7147827
71068,-0.092926025,-2.2755432,1.5922546
71069,-0.043334961,-2.3495483,1.5403748
71070,-0.064239502,-2.440033,1.3192749
71071,0.23101807,-2.260437,1.3833618
71072,0.21392822,-2.2941589,1.3392639
71073,0.131073,-2.1304321,1.3792419
71074,0.36071777,-2.2845459,1.2327576
71075,0.27297974,-2.183075,1.1170959
71076,0.33172607,-2.2952271,1.0092163
71077,0.33157349,-2.1653748,1.1552429
71078,0.42068481,-2.2781372,1.0725403
71079,0.57052612,-2.2010803,1.0018921
71080,0.58349609,-2.2993469,0.94924927
71081,0.65597534,-2.3400879,0.80001831
71082,0.60424805,-2.1214294,0.82199097
71083,0.66543579,-2.1134949,0.81176758
71084,0.66314697,-2.2496033,0.70861816
71085,0.75500488,-2.0729065,0.62637329
71086,0.80444336,-2.1630859,0.70404053
71087,0.81298828,-2.154541,0.56732178
71088,0.7510376,-2.2398376,0.52566528
71089,0.85113525,-2.0469666,0.45013428
71090,0.80871582,-2.1827698,0.60882568
71091,0.8164978,-1.678772,0.37246704
71092,0.88195801,-1.288147,0.43945313
71093,1.0527039,-1.5490723,0.37002564
71094,1.1849976,-1.1022949,0.32653809
71095,1.1297607,-1.1380005,0.28488159
71096,0.97244263,-1.0910034,0.20812988
71097,1.1108398,-1.1917114,0.11230469
71098,0.98800659,-0.89294434,-0.1663208
71099,1.1590576,-1.0107422,-0.17959595
71100,1.1528015,-0.84564209,-0.099182129
71101,1.1758423,-1.023407,-0.19714356
71102,1.0531616,-1.4250183,-0.19927978
71103,1.1859131,-1.7802429,-0.11825561
71104,1.131134,-1.75354,-0.12680054
71105,1.1541748,-1.6151428,-0.23330688
71106,1.0591125,-1.6133118,-0.32806397
71107,1.1938477,-1.6233826,-0.40847778
71108,1.1070251,-1.5814209,-0.3616333
71109,1.1907959,-1.5075684,-0.51376343
71110,1.1755371,-1.3461304,-0.53497315
71111,1.2385559,-1.353302,-0.49804688
71112,1.255188,-1.2869263,-0.53497315
71113,1.1802673,-1.1535645,-0.63171387
71114,1.2528992,-1.1212158,-0.81069946
71115,1.2348938,-1.002655,-0.72967529
71116,1.1975098,-1.0360718,-0.69915772
71117,1.0456848,-0.97412109,-0.92666626
71118,1.1270142,-0.69763184,-0.7585144
71119,1.1294556,-0.68908691,-0.93917847
71120,1.2197876,-0.67779541,-0.67764282
71121,1.0522461,-0.82275391,-0.98693848
71122,0.92788696,-0.59188843,-1.1436462
71123,0.96679688,-0.60714722,-0.99197388
71124,0.87341309,-0.40359497,-1.0095215
71125,0.98602295,-0.44326782,-1.1312866
71126,0.78567505,-0.05355835,-1.1230469
71127,0.89569092,0.4675293,-1.1888123
71128,0.76477051,1.1262512,-1.1555481
71129,0.87127685,0.56991577,-1.1669922
71130,0.73242188,1.0658264,-1.1462402
71131,0.81451416,0.71105957,-1.2088013
71132,0.7611084,1.2554932,-1.2841797
71133,0.63537598,0.86257935,-1.2080383
71134,0.73486328,1.29776,-1.2693787
71135,0.78781128,1.1929321,-1.2142944
71136,0.48721314,0.81085205,-1.2112427
71137,0.57647705,0.64682007,-1.5756226
71138,0.47546387,0.051269531,-1.3870239
71139,0.56457519,0.26321411,-1.2496948
71140,0.51651001,0.24047852,-1.2966919
71141,0.44631958,0.47576904,-1.2860107
71142,0.43212891,0.50857544,-1.3388062
71143,0.38757324,0.51208496,-1.3679504
71144,0.33050537,0.51971435,-1.3128662
71145,0.25848389,0.5480957,-1.3468933
71146,0.21179199,0.65872192,-1.2846375
71147,-0.002441406,0.68557739,-1.3505554
71148,0.086975098,0.76477051,-1.1737061
71149,-0.001220703,0.59997559,-1.2496948
71150,-0.09979248,0.73822022,-1.1865234
71151,-0.096740723,0.84289551,-1.1442566
71152,-0.20263672,1.4385986,-1.0758972
71153,-0.22918701,1.9488525,-0.90545654
71154,-0.29632568,2.3548889,-0.94024658
71155,-0.28656006,1.9343567,-1.0733032
71156,-0.37017822,1.4990234,-1.0896301
71157,-0.43426514,1.0705566,-1.1105347
71158,-0.50979614,0.93444824,-0.9211731
71159,-0.59555054,0.96817017,-1.0325623
71160,-0.9085083,1.0528564,-0.93307495
71161,-0.78125,1.1068726,-1.0734558
71162,-0.72921753,0.84213257,-0.92437744
71163,-0.79681397,0.83267212,-0.98205566
71164,-0.90942383,1.0614014,-0.78475952
71165,-1.0124207,0.84609985,-0.79406738
71166,-1.0543823,0.95626831,-0.6578064
71167,-0.95581055,1.0743713,-0.73348999
71168,-1.0676575,1.421814,-0.76080322
71169,-1.0952759,1.5893555,-0.60852051
71170,-1.1807251,1.9255066,-0.56838989
71171,-1.1454773,2.5973511,-0.340271
71172,-1.343689,2.4658203,-0.48339844
71173,-1.2734985,1.192627,-0.3678894
71174,-1.3562012,1.2083435,-0.29022217
71175,-1.3768005,1.229248,-0.23605347
71176,-1.4050293,1.2397766,-0.33218384
71177,-1.4233398,1.2095642,-0.30990601
71178,-1.4326477,0.99136353,-0.41122436
71179,-1.620636,1.3246155,-0.17654419
71180,-1.545105,1.1317444,-0.25268555
71181,-1.4916992,1.2765503,-0.022735596
71182,-1.5164185,1.1659241,-0.09765625
71183,-1.6236877,1.2684631,0.10482788
71184,-1.6226196,1.1761475,0.083618164
71185,-1.7889404,1.3244629,0.23483276
71186,-1.7819214,0.99090576,0.25665283
71187,-1.8495178,0.97595215,0.34606934
71188,-1.8360901,0.91873169,0.03692627
71189,-1.7965698,1.0488892,0.2734375
71190,-1.7918396,1.0652161,0.48339844
71191,-2.0561218,0.94421387,0.61447144
71192,-1.9189453,0.78933716,0.62393188
71193,-1.9560242,0.77575684,0.4737854
71194,-2.0368958,0.67001343,0.65338135
71195,-1.9859314,0.63415527,0.70236206
71196,-2.0429993,0.33447266,0.54153442
71197,-2.0506287,0.33843994,0.77545166
71198,-2.0202637,0.48828125,0.70404053
71199,-2.1717834,0.31036377,0.53955078
71200,-1.9035339,0.39886475,0.87371826
71201,-1.9534302,0.35690308,0.91430664
71202,-1.9981384,0.32623291,0.97061157
71203,-1.9444275,0.45257568,1.0620117
71204,-2.0446777,0.33935547,1.1076355
71205,-1.986084,0.32058716,1.0180664
71206,-2.0649719,0.31860352,0.91644287
71207,-2.0053101,0.3817749,1.1038208
71208,-1.9561768,0.35751343,1.1453247
71209,-1.9963074,0.26199341,1.2585449
71210,-1.9563293,0.2003479,1.3400269
71211,-1.9268799,0.10040283,1.3961792
71212,-2.119751,0.035095215,1.0890198
71213,-2.0584106,-0.13061523,1.3467407
71214,-2.0233154,-0.18157959,1.4509583
71215,-1.9161987,-0.26809692,1.4595032
71216,-1.7468262,-0.34469605,1.5055847
71217,-1.9786072,-0.39154053,1.605835
71218,-1.9233704,-0.49499512,1.7269897
71219,-1.9683838,-0.44769287,1.5376282
71220,-1.9100952,-0.96832275,1.534729
71221,-1.8725586,-0.99121094,1.7437744
71222,-1.8991089,-1.2783813,1.7280579
71223,-2.0378113,-1.3192749,1.8029785
71224,-1.7123413,-1.3456726,1.7950439
71225,-1.9052124,-1.5409851,1.8110657
71226,-1.6555786,-1.6645813,1.822052
71227,-1.539917,-1.6490173,1.7997742
71228,-1.5246582,-1.595459,1.730957
71229,-1.714325,-1.6418457,1.7910767
71230,-1.6055298,-1.5353394,1.7514038
71231,-1.5023804,-1.7396545,1.794281
71232,-1.5016174,-1.6915894,1.9447327
71233,-1.5766907,-1.7808533,2.0150757
71234,-1.3844299,-1.9316101,1.8855286
71235,-1.5618896,-2.074585,1.9338989
71236,-1.3549805,-1.8432617,2.0335388
71237,-1.3092041,-1.7700195,1.9119263
71238,-1.3824463,-1.4971924,1.7884827
71239,-1.312561,-1.4480591,1.8852234
71240,-1.1343384,-1.8261719,1.8875122
71241,-1.1045837,-1.4605713,1.7910767
71242,-1.0690308,-1.6201782,1.8310547
71243,-1.1120605,-1.5505981,1.7790222
71244,-1.0118103,-1.6223145,1.940918
71245,-1.015625,-1.6400146,1.8670654
71246,-0.97290039,-1.884613,1.789093
71247,-0.92163086,-1.9129944,1.8023682
71248,-0.88485718,-1.8257141,1.8283081
71249,-0.78643799,-1.9200134,1.8417358
71250,-0.70449829,-1.8557739,1.9107056
71251,-0.62957764,-2.0056152,1.9142151
71252,-0.51177978,-2.1464539,1.7237854
71253,-0.53649902,-1.4588928,1.9007874
71254,-0.3515625,-2.0072937,1.7100525
71255,-0.42282105,-2.149353,1.6195679
71256,-0.2507019,-2.0019531,1.6325378
71257,-0.27160644,-2.1226501,1.6000366
71258,-0.23773193,-2.2550964,1.4935303
71259,-0.10177612,-2.3991394,1.3749695
71260,-0.09979248,-2.2793579,1.3400269
71261,-0.014953613,-2.278595,1.5065002
71262,0.019989014,-2.4365234,1.3357544
71263,-0.012969971,-2.1916199,1.3917541
71264,0.18356323,-2.3390198,1.3879395
71265,0.090942383,-2.4197388,1.1299133
71266,0.28762817,-2.4462891,1.3223267
71267,0.22750855,-2.5671387,1.1444092
71268,0.33416748,-2.5762939,1.1247253
71269,0.41259766,-2.4453735,1.0771179
71270,0.43228149,-2.4118042,1.0041809
71271,0.40924072,-2.3628235,1.0369873
71272,0.50933838,-2.2668457,0.93078613
71273,0.66589356,-1.7770386,0.96237183
71274,0.52551269,-1.3755798,0.95916748
71275,0.59173584,-1.8511963,0.86196899
71276,0.69854736,-2.2283936,0.63095093
71277,0.79910278,-2.1549988,0.80795288
71278,0.7383728,-2.190094,0.64208984
71279,0.7673645,-1.708374,0.74111938
71280,0.66223144,-2.0262146,0.50262451
71281,0.89050293,-2.0602417,0.52246094
71282,0.85617065,-2.1224976,0.47241211
71283,0.85494995,-2.2705078,0.35476685
71284,0.81100464,-2.1881104,0.38848877
71285,0.92636108,-2.1740723,0.50109863
71286,0.99975586,-2.1983337,0.26550293
71287,0.95504761,-2.0626831,0.087585449
71288,0.97991943,-2.0220947,0.22186279
71289,0.93902588,-2.0101929,0.22415161
71290,1.1039734,-1.9320679,0.11032105
71291,1.2843323,-1.8572998,0.074768066
71292,1.1131287,-1.8463135,0.037994385
71293,1.0618591,-1.8995666,0.006561279
71294,1.2449646,-1.8606567,-0.24047852
71295,1.25,-1.7034912,-0.30151367
71296,1.2095642,-1.9387817,-0.30136108
71297,1.3102722,-1.7758179,-0.41183472
71298,1.1054993,-1.7391968,-0.38604736
71299,1.2101746,-1.8896484,-0.27877808
71300,1.3238525,-1.7059326,-0.44876099
71301,1.2806702,-1.5551758,-0.49377441
71302,1.2814331,-1.6413879,-0.53390503
71303,1.214447,-1.6723633,-0.61645508
71304,1.1883545,-1.4700317,-0.72402954
71305,1.194458,-1.439209,-0.78567505
71306,1.1975098,-1.2942505,-0.7913208
71307,1.2379456,-1.0656738,-0.85189819
71308,1.1936951,-0.24887085,-0.77926636
71309,1.2875366,-0.98327637,-0.81542969
71310,1.0980225,-0.962677,-0.80123901
71311,1.2335205,-0.87005615,-0.95458984
71312,0.97839356,-0.9576416,-0.98999023
71313,1.0133362,-0.90774536,-0.90118408
71314,1.1811829,-0.73303223,-0.88348389
71315,1.2670898,-0.63339233,-0.92193603
71316,1.124115,-0.079803467,-1.1373901
71317,1.0882568,0.23162842,-1.2109375
71318,0.90087891,-0.67352295,-0.98190308
71319,1.0604858,-0.57144165,-1.1531067
71320,1.0067749,-0.60241699,-1.1579895
71321,0.92910767,-0.59921265,-1.2261963
71322,0.86395264,-0.45166016,-1.2046814
71323,0.78216553,-0.41488647,-1.0665894
71324,0.90789795,-0.3805542,-1.171875
71325,0.86456299,-0.17440796,-1.4428711
71326,0.73928833,-0.096435547,-1.2994385
71327,0.68313599,-0.29708862,-1.4466858
71328,0.55831909,-0.40939331,-1.395874
71329,0.48965454,-0.23651123,-1.4517212
71330,0.6716919,-0.19744873,-1.5022278
71331,0.56838989,0.11444092,-1.3581848
71332,0.42205811,0.092010498,-1.2802124
71333,0.41549683,0.42053223,-1.3841248
71334,0.59051514,0.31967163,-1.4007568
71335,0.41427612,0.30166626,-1.4907837
71336,0.49041748,0.33050537,-1.3899231
71337,0.2507019,0.35827637,-1.3749695
71338,0.3704834,0.4170227,-1.3804626
71339,0.29251099,0.34423828,-1.3549805
71340,0.26168823,0.55038452,-1.340332
71341,0.084228516,1.5405273,-1.3006592
71342,-0.030517578,2.0297241,-1.1534119
71343,-0.10971069,0.93765259,-1.1685181
71344,-0.049133301,0.62988281,-1.2760925
71345,-0.18035889,0.59326172,-1.2992859
71346,-0.19775391,0.58029175,-1.2347412
71347,-0.19180298,0.85800171,-1.2231445
71348,-0.23254395,0.83343506,-1.1038208
71349,-0.32608032,0.64025879,-1.1387634
71350,-0.36865234,0.65628052,-1.0766602
71351,-0.46890259,0.89309692,-1.1486816
71352,-0.43411255,0.82809448,-1.0650635
71353,-0.40817261,0.87203979,-0.99273682
71354,-0.63293457,0.92056274,-0.87371826
71355,-0.69076538,1.1439514,-0.76629639
71356,-0.63140869,1.1335754,-0.89050293
71357,-0.8303833,1.3708496,-0.89096069
71358,-0.79421997,1.33255,-0.93994141
71359,-0.91613769,1.1058044,-0.95046997
71360,-0.90835571,1.2185669,-0.76782227
71361,-1.0678101,1.204834,-0.91537476
71362,-1.0012817,0.8706665,-0.64666748
71363,-1.0406494,1.2481689,-0.73699951
71364,-1.1296082,1.2759399,-0.73425293
71365,-1.1647034,1.255188,-0.47119141
71366,-1.0626221,1.2522888,-0.7081604
71367,-1.3049316,1.2471008,-0.49850464
71368,-1.3319397,0.82733154,-0.47851563
71369,-1.3945007,0.8404541,-0.4850769
71370,-1.472168,0.80688477,-0.27984619
71371,-1.496582,1.0404968,-0.15136719
71372,-1.5231323,0.79696655,-0.1625061
71373,-1.5472412,0.97076416,-0.1348877
71374,-1.6311646,0.76934815,-0.040588379
71375,-1.7427063,2.4615479,-0.22277832
71376,-1.6737366,1.0388184,-0.070800781
71377,-1.6636658,1.1950684,0.039520264
71378,-1.7466736,1.2309265,0.15594482
71379,-1.8115234,1.1779785,0.16448975
71380,-1.804657,1.0427856,0.17379761
71381,-1.9482422,1.1196899,0.3086853
71382,-2.003479,0.90042114,0.36346436
71383,-1.9654846,0.95443726,0.43945313
71384,-2.0440674,0.71563721,0.70892334
71385,-2.0428467,1.0176086,0.40161133
71386,-2.0420837,1.0098267,0.25619507
71387,-2.0681763,0.74142456,0.52383423
71388,-2.1263123,0.9664917,0.56686401
71389,-2.2247314,0.86090088,0.81344604
71390,-2.1122742,0.83984375,0.78094482
71391,-2.0170593,0.74401856,0.77545166
71392,-2.1882629,0.597229,0.68252563
71393,-2.1629333,0.61706543,0.78323364
71394,-2.288208,0.82946777,0.92330933
71395,-2.1125793,0.11428833,1.114502
71396,-2.2943115,0.62927246,1.0502625
71397,-2.2146606,0.36529541,1.0757446
71398,-2.2244263,0.34072876,1.1642456
71399,-2.2480774,-0.017852783,1.1621094
71400,-2.0140076,0.35842895,1.0594177
71401,-2.1800232,-0.34118652,1.2548828
71402,-2.1014404,-0.25695801,1.3679504
71403,-2.2177124,-0.40115356,1.3830566
71404,-2.2099304,-0.3843689,1.5077209
71405,-2.2377014,-0.22369385,1.5141296
71406,-2.244873,-0.29937744,1.5045166
71407,-2.0793152,-0.25360107,1.5740967
71408,-2.0326233,-0.59051514,1.54953
71409,-2.0439148,-0.83496094,1.5626526
71410,-2.1258545,-0.76843262,1.7553711
71411,-1.9799805,-1.0736084,1.8676758
71412,-2.0248413,-1.2109375,1.6596985
71413,-2.2091675,-1.4648438,1.555481
71414,-2.003479,-1.2057495,1.6633606
71415,-1.9317627,-1.0220337,1.8237305
71416,-1.9749451,-1.126709,1.7709351
71417,-1.8988037,-0.99945068,1.7346191
71418,-2.0025635,-0.51528931,1.8476868
71419,-1.7910767,-0.75393677,1.6412354
71420,-1.9033813,-0.7460022,1.8115234
71421,-1.7573547,-0.64605713,1.6654968
71422,-1.7485046,-0.87509155,1.9606018
71423,-1.917572,-0.90286255,1.8800354
71424,-1.8081665,-1.1413574,1.8891907
71425,-1.8370056,-1.0688782,2.0658875
71426,-1.5644836,-1.1073303,2.0877075
71427,-1.5559387,-1.1009216,2.1020508
71428,-1.5661621,-1.0354614,2.0393372
71429,-1.5646362,-1.0559082,1.965332
71430,-1.5576172,-1.2527466,1.9825745
71431,-1.558075,-1.6726685,2.1470642
71432,-1.3754272,-2.2010803,2.1073914
71433,-1.3920593,-2.0970154,1.915741
71434,-1.2712097,-2.5483704,1.9981384
71435,-1.0090637,-1.7759705,1.7666626
71436,-1.1856079,-2.3539734,2.0631409
71437,-1.1206055,-2.4780273,1.887207
71438,-1.0101318,-2.4926758,1.9299316
71439,-1.0244751,-2.2953796,1.8557739
71440,-1.0412598,-2.1734619,1.8527222
71441,-0.9135437,-1.8463135,2.0094299
71442,-0.76980591,-1.7675781,1.9300842
71443,-0.92330933,-1.9902039,1.95755
71444,-0.61981201,-2.073822,1.9146729
71445,-0.6288147,-2.0251465,1.728363
71446,-0.55892944,-1.9549561,1.8501282
71447,-0.48324585,-1.9636536,1.7581177
71448,-0.443573,-2.0269775,1.7785645
71449,-0.54763794,-2.1166992,1.6867065
71450,-0.52429199,-2.1557617,1.8200684
71451,-0.38162231,-2.0343018,1.8296814
71452,-0.35644531,-2.0196533,1.5777588
71453,-0.27832031,-2.0170593,1.723938
71454,-0.18280029,-2.2299194,1.7359924
71455,-0.18585205,-2.416687,1.7163086
71456,0.008544922,-2.3478699,1.6110229
71457,-0.060272217,-2.401886,1.4485168
71458,0.010986328,-2.3350525,1.3354492
71459,0.12939453,-2.2581482,1.4367676
71460,0.21469116,-2.2415161,1.3787842
71461,0.14572144,-2.313385,1.2884521
71462,0.16845703,-2.3423767,1.0800171
71463,0.31051636,-2.3522949,1.3412476
71464,0.3326416,-2.4992371,1.2486267
71465,0.41793823,-2.5282288,1.211853
71466,0.53024292,-2.4227905,1.184082
71467,0.58105469,-2.502594,1.2094116
71468,0.62271118,-2.4713135,1.010437
71469,0.78125,-2.5523376,1.1872864
71470,0.73120117,-2.5523376,1.0122681
71471,0.73730469,-2.4595642,0.91049194
71472,0.75988769,-2.4975586,0.86227417
71473,0.83236694,-2.4209595,0.7623291
71474,0.86791992,-2.3300171,0.7409668
71475,1.0661316,-2.4006653,0.6451416
71476,1.027832,-2.3052979,0.46356201
71477,1.0058594,-2.3420715,0.40115356
71478,1.156311,-2.1697998,0.46630859
71479,0.96389771,-2.1658325,0.48706055
71480,1.0591125,-2.2875977,0.4057312
71481,1.0264587,-2.194519,0.33569336
71482,0.99914551,-2.2393799,0.28366089
71483,1.0688782,-2.0805359,0.27542114
71484,1.2678528,-2.071228,0.13946533
71485,1.2313843,-2.1069336,0.10223389
71486,1.4007568,-2.1279907,-0.013427734
71487,1.4559937,-2.1630859,0.002593994
71488,1.3761902,-2.016449,-0.077514648
71489,1.3493347,-1.8688965,-0.10284424
71490,1.4523315,-1.9044495,-0.066375732
71491,1.3175964,-1.8222046,-0.084991455
71492,1.3131714,-1.7623901,-0.40481567
71493,1.4082336,-1.8051147,-0.19088745
71494,1.4320374,-1.7520142,-0.37094116
71495,1.2934875,-1.6114807,-0.33676147
71496,1.3009644,-1.7521667,-0.41595459
71497,1.3502502,-1.5725708,-0.78338623
71498,1.4758301,-1.6532898,-0.74691772
71499,1.1695862,-1.5684509,-0.60287476
71500,1.3031006,-1.4266968,-0.70388794
71501,1.237793,-1.3404846,-0.57250977
71502,1.2796021,-1.2840271,-0.6942749
71503,1.194458,-1.1906433,-0.96679688
71504,1.3648987,-1.1941528,-0.82015991
71505,1.3368225,-1.2339783,-0.91491699
71506,1.3500977,-1.1981201,-0.86380005
71507,1.307373,-0.99899292,-1.1868286
71508,1.3935852,-1.1305237,-0.93048096
71509,1.1859131,-1.190033,-0.95443726
71510,1.2799072,-1.0777283,-1.0969543
71511,1.2750244,-0.87966919,-1.1257935
71512,1.2425232,-0.78979492,-1.1474609
71513,1.125946,-0.87661743,-1.1314392
71514,1.1581421,-0.57861328,-1.1973572
71515,1.0247803,-0.66955566,-1.0595703
71516,1.1254883,-0.49530029,-1.3037109
71517,1.0302734,-0.48736572,-1.2088013
71518,0.99609375,-0.42037964,-1.4012146
71519,0.98739624,-0.40863037,-1.2597656
71520,0.92376709,-0.22140503,-1.2309265
71521,0.85327148,-0.30822754,-1.2844849
71522,1.0772705,-0.12374878,-1.4347839
71523,0.89797974,-0.24353027,-1.3877869
71524,0.81100464,-0.32546997,-1.3418579
71525,0.7093811,-0.38879394,-1.4434814
71526,0.70617676,-0.24368286,-1.4787292
71527,0.59036255,-0.42282105,-1.5209961
71528,0.63613892,0.0050354,-1.5414429
71529,0.60852051,0.11703491,-1.4912415
71530,0.62042236,0.31890869,-1.6268921
71531,0.56015015,0.4335022,-1.5789795
71532,0.46737671,0.46051025,-1.5330505
71533,0.496521,0.57846069,-1.3745117
71534,0.38391113,0.5758667,-1.452179
71535,0.3213501,0.51574707,-1.6014099
71536,0.17654419,0.4133606,-1.5124512
71537,0.23193359,0.70495606,-1.4665222
71538,0.12619019,0.81085205,-1.3174438
71539,0.14129639,0.55938721,-1.4445496
71540,-0.006103516,0.80871582,-1.2269592
71541,-0.084838867,1.2242126,-1.4178467
71542,-0.10910034,1.2461853,-1.2322998
71543,-0.19424438,1.0650635,-1.2117004
71544,-0.284729,1.229248,-1.2214661
71545,-0.33004761,1.1999512,-1.3082886
71546,-0.39215088,1.3476563,-1.2364197
71547,-0.47225952,1.3432312,-1.3476563
71548,-0.49545288,1.2637329,-1.1198425
71549,-0.45440674,1.204834,-1.2722778
71550,-0.57922363,1.1068726,-1.2887573
71551,-0.69320679,1.1764526,-1.2272644
71552,-0.67306519,1.2609863,-1.1735535
71553,-0.73043823,1.2503052,-1.0890198
71554,-0.7850647,1.1779785,-1.003418
71555,-0.86349487,1.3861084,-0.99426269
71556,-0.92803955,1.3323975,-0.97946167
71557,-1.1090088,1.2458801,-0.84335327
71558,-1.1668396,1.1068726,-0.87646484
71559,-1.2115479,1.5646362,-1.0441589
71560,-1.1494446,1.2103271,-0.67565918
71561,-1.2539673,1.2887573,-0.60577393
71562,-1.33255,1.3569641,-0.72387695
71563,-1.2153625,1.4208984,-0.55297852
71564,-1.1689758,1.423645,-0.64117432
71565,-1.3600159,1.3250732,-0.40344238
71566,-1.5875244,1.5411377,-0.59204102
71567,-1.4920044,1.2780762,-0.43243408
71568,-1.5829468,1.7167664,-0.40710449
71569,-1.7063904,1.4212036,-0.26870728
71570,-1.6972351,1.1759949,-0.21759033
71571,-1.7097473,1.1305237,0.066680908
71572,-1.6741943,1.129303,0.1574707
71573,-1.8824768,1.4152527,0.062103271
71574,-1.8920898,1.232605,0.15625
71575,-1.8914795,1.2634277,0.19210815
71576,-1.9010925,1.2895203,0.16021728
71577,-1.9798279,1.2612915,0.2116394
71578,-2.0123291,1.3226318,0.2973938
71579,-1.9500732,1.2628174,0.31890869
71580,-2.0523071,1.1933899,0.38970947
71581,-2.0532227,1.1218262,0.2444458
71582,-2.1852112,1.0884094,0.56884766
71583,-2.1580505,0.95275879,0.52139282
71584,-2.205658,1.043396,0.63903809
71585,-2.313385,1.0945129,0.49682617
71586,-2.3010254,0.95779419,0.88043213
71587,-2.3092651,0.96069336,0.75546265
71588,-2.3306274,0.8215332,0.89904785
71589,-2.23526,0.8303833,0.78918457
71590,-2.2987366,0.83312988,0.91400147
71591,-2.1846008,0.77178955,0.78689575
71592,-2.3629761,0.68969727,0.95153809
71593,-2.2285461,0.72372437,0.91430664
71594,-2.3701477,0.77880859,0.84365845
71595,-2.2401428,0.64407349,0.987854
71596,-2.3207092,0.54672241,1.2231445
71597,-2.3223877,0.59143066,1.0699463
71598,-2.4221802,0.57128906,1.0366821
71599,-2.1694946,0.43457031,1.3447571
71600,-2.1464539,-0.039367676,1.2399292
71601,-2.1156311,0.04989624,1.3143921
71602,-2.2483826,-0.13366699,1.5843201
71603,-2.3379517,-0.37628174,1.3626099
71604,-2.2314453,0.18493652,1.3475037
71605,-2.210083,-0.081787109,1.4292908
71606,-2.101593,-0.17425537,1.8032837
71607,-2.0678711,-0.10284424,1.3639832
71608,-2.1090698,-0.30349731,1.6340637
71609,-1.9999695,-0.21850586,1.6007996
71610,-2.2149658,-0.18035889,1.5925598
71611,-2.0597839,-0.42098999,1.7041016
71612,-2.2140503,-0.48736572,1.9091797
71613,-2.0689392,-0.61538696,1.726532
71614,-2.0509338,-0.64453125,1.7550659
71615,-1.9696045,-0.82168579,1.8765259
71616,-1.9090271,-0.91003418,1.7419434
71617,-1.937561,-1.1413574,1.9343567
71618,-1.9548035,-1.186676,1.9538879
71619,-1.9168091,-1.0220337,2.0336914
71620,-1.8774414,-1.1433411,1.9641113
71621,-1.7643738,-1.2132263,1.8554688
71622,-1.9837952,-1.3529968,1.9308472
71623,-1.7411804,-1.2260437,2.1499634
71624,-1.7471313,-1.5264893,2.1565247
71625,-1.787262,-1.6798401,2.0970154
71626,-1.7816162,-1.2252808,2.1511841
71627,-1.6537476,-1.2921143,2.0959473
71628,-1.4665222,-1.3166809,2.2167969
71629,-1.3047791,-1.4942932,2.1051025
71630,-1.3589478,-1.4157104,2.2389221
71631,-1.4321899,-1.6673279,2.0436096
71632,-1.5391541,-1.8638611,2.1334839
71633,-1.2063599,-1.7532349,2.0191956
71634,-1.2591553,-1.8075562,1.968689
71635,-1.0256958,-1.7877197,2.0263672
71636,-1.1349487,-2.1655273,1.9291687
71637,-1.1778259,-1.8270874,1.9306946
71638,-1.0179138,-1.8450928,1.7947388
71639,-0.90423584,-2.1543884,1.9963074
71640,-0.7862854,-2.0727539,2.1563721
71641,-0.89523315,-1.9540405,2.0608521
71642,-0.72753906,-1.9941711,1.9764709
71643,-0.77651978,-1.9883728,1.9862366
71644,-0.71258545,-2.2052002,2.0089722
71645,-0.66635132,-2.0832825,1.8229675
71646,-0.4524231,-2.3400879,1.8048096
71647,-0.41931152,-2.4023438,1.7785645
71648,-0.34667969,-2.3472595,2.0172119
71649,-0.22979736,-2.4079895,1.8579102
71650,-0.21896362,-2.1903992,1.708374
71651,-0.14251709,-2.3377991,1.6130066
71652,-0.24536133,-2.4101257,1.7443848
71653,-0.11749268,-2.368927,1.8164063
71654,-0.11550903,-2.5042725,1.7687988
71655,0.009918213,-2.5238037,1.6426086
71656,0.14770508,-2.4813843,1.5596008
71657,0.14801025,-2.4572754,1.3224792
71658,0.18081665,-2.4499512,1.2799072
71659,0.22537231,-2.4452209,1.270752
71660,0.33309936,-2.5556946,1.3803101
71661,0.23544312,-2.5750732,1.3011169
71662,0.37094116,-2.5564575,1.0951233
71663,0.42373657,-2.7305603,1.178894
71664,0.36560059,-2.8407288,1.0316467
71665,0.56289673,-2.6304626,1.1732483
71666,0.48400879,-2.6725769,0.96435547
71667,0.52261353,-2.6431274,1.1235046
71668,0.78979492,-2.4714661,0.97946167
71669,0.70373535,-2.387085,0.94818115
71670,0.82626343,-2.4383545,0.98098755
71671,0.66925049,-2.4961853,0.98571777
71672,0.6993103,-2.4165344,0.68084717
71673,0.77667236,-2.497406,0.67245483
71674,0.82977295,-2.2453308,0.68756103
71675,0.94177246,-2.4583435,0.52322388
71676,0.98449707,-2.3017883,0.72631836
71677,0.93444824,-2.3179626,0.31539917
71678,1.0394287,-2.3219299,0.4006958
71679,1.1099243,-2.2467041,0.3894043
71680,1.146698,-2.197113,0.27755737
71681,1.1671448,-2.2686768,0.2243042
71682,1.1442566,-2.0729065,0.15716553
71683,1.2947083,-2.0217896,0.12634277
71684,1.1172485,-2.0936584,-0.006408691
71685,1.2385559,-2.084198,-0.11428833
71686,1.4064026,-1.9680786,-0.15136719
71687,1.3198853,-1.9677734,-0.032501221
71688,1.4253235,-1.9049072,-0.1914978
71689,1.3664246,-2.0600891,-0.23529053
71690,1.3093567,-1.8304443,-0.20248413
71691,1.4407349,-1.9477844,-0.30654907
71692,1.474762,-1.76651,-0.49362183
71693,1.3970947,-1.7529297,-0.56152344
71694,1.3504028,-1.81427,-0.63446045
71695,1.396637,-1.6748047,-0.66619873
71696,1.3842773,-1.6503906,-0.5078125
71697,1.3961792,-1.73172,-0.59387207
71698,1.4138794,-1.5466309,-0.63980103
71699,1.2837219,-1.529541,-0.5267334
71700,1.4599609,-1.6943359,-0.74707031
71701,1.2818909,-0.98892212,-0.61050415
71702,0.90179443,-1.2763977,-0.71243286
71703,0.95550537,-1.1682129,-0.69396973
71704,0.99334717,-1.2869263,-0.72814941
71705,1.0884094,-1.2687683,-0.87020874
71706,1.1520386,-0.80230713,-0.82122803
71707,1.0870361,-1.0264587,-1.0043335
71708,1.2492371,-1.0107422,-0.98495483
71709,1.1181641,-0.78125,-1.0369873
71710,1.1766052,-0.77529907,-0.94436646
71711,1.280365,-0.69000244,-1.1218262
71712,1.0464478,-0.66589356,-1.129303
71713,1.1242676,-0.58349609,-1.4285278
71714,1.0256958,-0.45654297,-1.2794495
71715,0.9614563,-0.42175293,-1.2486267
71716,0.99136353,-0.33599853,-1.4056396
71717,1.0366821,-0.15792847,-1.4448547
71718,0.92727661,-0.1348877,-1.0934448
71719,0.88531494,-0.13580322,-1.4573669
71720,1.0441589,-0.10879517,-1.4009094
71721,0.80810547,-0.080413818,-1.3591003
71722,0.83709717,-0.31738281,-1.7553711
71723,0.83709717,-0.06652832,-1.5505981
71724,0.71777344,0.068511963,-1.5745544
71725,0.67581177,0.14251709,-1.5527344
71726,0.63308716,0.20324707,-1.6915894
71727,0.6942749,0.30563355,-1.5660095
71728,0.55114746,0.25787353,-1.6636658
71729,0.6326294,0.46783447,-1.4904785
71730,0.27297974,0.50338745,-1.2779236
71731,0.27709961,0.51849365,-1.5338135
71732,0.14160156,0.43441772,-1.5516663
71733,0.16265869,0.4699707,-1.4486694
71734,0.16738892,0.55145264,-1.3670349
71735,0.14434815,0.66879272,-1.4212036
71736,-0.27633667,0.70648193,-1.472168
71737,0.11703491,0.82366943,-1.3452148
71738,-0.093231201,0.83297729,-1.4199829
71739,-0.033569336,0.68786621,-1.4094543
71740,-0.08392334,0.74066162,-1.3478088
71741,-0.18295288,0.79605103,-1.3829041
71742,-0.17730713,0.84060669,-1.131897
71743,-0.33782959,0.89523315,-1.157074
71744,-0.28015137,1.0479736,-1.3340759
71745,-0.31921387,1.0162354,-1.1941528
71746,-0.36315918,1.4424133,-1.3366699
71747,-0.42938232,1.162262,-1.3790894
71748,-0.41213989,1.3189697,-1.1386108
71749,-0.55038452,1.3247681,-1.0185242
71750,-0.60241699,1.2913513,-1.2583923
71751,-0.67001343,1.121521,-1.1334229
71752,-0.83343506,1.2043762,-1.1087036
71753,-0.72143555,1.350708,-1.0020447
71754,-0.74295044,1.3990784,-0.99700928
71755,-0.90682983,1.5057373,-1.0559082
71756,-1.0760498,1.3861084,-0.68862915
71757,-1.1174011,1.4251709,-0.90744019
71758,-1.235199,1.3937378,-0.71166992
71759,-1.2864685,1.3877869,-0.6262207
71760,-1.288147,1.4254761,-0.57220459
71761,-1.2939453,1.3879395,-0.59371948
71762,-1.2734985,1.3345337,-0.39245606
71763,-1.3337708,1.383667,-0.58624268
71764,-1.4398193,1.4660645,-0.58837891
71765,-1.5083313,1.4675903,-0.48309326
71766,-1.5646362,1.3853455,-0.49758911
71767,-2.3390198,0.84487915,-0.5406189
71768,-2.1717834,1.0211182,-0.43716431
71769,-2.069397,1.3220215,-0.25817871
71770,-2.0918274,1.1753845,-0.21469116
71771,-1.9577026,1.0350037,-0.14846802
71772,-1.9018555,2.3449707,0.029296875
71773,-1.8336487,1.1657715,0.065002441
71774,-1.9299316,1.1872864,0.12008667
71775,-1.8664551,1.2260437,0.037231445
71776,-1.8572998,1.0870361,0.11154175
71777,-1.7990112,1.1878967,0.2331543
71778,-1.8016052,1.2304688,0.33218384
71779,-1.8936157,1.2677002,0.35263061
71780,-2.039032,1.1512756,0.34088135
71781,-1.9010925,1.1077881,0.47653198
71782,-2.0703125,0.95962524,0.35049439
71783,-1.9406128,0.95275879,0.41992188
71784,-2.1156311,1.1129761,0.8505249
71785,-2.177887,0.93551636,0.69946289
71786,-2.0970154,0.89309692,0.73394775
71787,-2.24823,0.83587647,0.75424194
71788,-2.0559692,0.78430176,0.83374023
71789,-2.1910095,0.909729,0.92636108
71790,-2.3123169,0.6867981,0.88943481
71791,-2.2068787,0.65612793,0.90713501
71792,-2.3036194,0.7019043,0.86364746
71793,-2.268219,0.50445557,0.86730957
71794,-2.1740723,0.44494629,1.239624
71795,-2.2465515,0.19256592,1.1813354
71796,-2.3423767,0.20523071,1.2811279
71797,-2.247467,0.065002441,1.3262939
71798,-2.310791,0.068054199,1.3935852
71799,-2.2068787,-0.11917114,1.421051
71800,-2.2172546,0.17852783,1.2910461
71801,-2.2416687,0.29296875,1.5608215
71802,-2.1551514,-0.18981934,1.6346741
71803,-2.1658325,-0.17211914,1.5960693
71804,-2.1080017,-0.12176514,1.6122437
71805,-2.205658,-0.28839111,1.8527222
71806,-2.0043945,-0.2015686,1.6157532
71807,-2.1337891,-0.11474609,1.7489624
71808,-2.0793152,-0.41793823,1.7323303
71809,-1.9839478,-0.53390503,1.7073059
71810,-2.0637512,-0.32562256,1.7256165
71811,-1.955719,-0.51589966,1.7709351
71812,-2.0666504,-0.62347412,1.9502258
71813,-1.9998169,-0.75897217,1.8658447
71814,-1.8882751,-0.82870483,1.8183899
71815,-1.7843628,-0.77941894,1.8688965
71816,-1.7453003,-0.68405151,1.7788696
71817,-1.9824219,-0.69152832,1.8408203
71818,-1.6926575,-0.90499878,1.8103027
71819,-1.7875671,-0.92376709,1.8849182
71820,-1.6235352,-1.048584,1.756897
71821,-1.7155457,-1.1791992,2.0126343
71822,-1.6801453,-1.3685608,1.9833374
71823,-1.6218567,-1.3461304,1.9866943
71824,-1.61026,-1.5480041,2.0492554
71825,-1.3868713,-1.4289856,2.2561646
71826,-1.4776611,-1.4056396,2.1842957
71827,-1.4230347,-1.7576599,2.0901489
71828,-1.3101196,-1.7553711,2.0341492
71829,-1.3188171,-1.725769,2.003479
71830,-1.2835693,-1.8069458,2.1539307
71831,-1.3499451,-1.7993164,1.9970703
71832,-1.2661743,-1.9628906,1.9403076
71833,-1.0728455,-2.0817566,1.9841003
71834,-1.0508728,-1.7951965,1.9046021
71835,-0.98770142,-1.7607117,2.0703125
71836,-0.99105835,-1.8130493,2.1237183
71837,-0.91567993,-2.1238708,2.0535278
71838,-0.76812744,-2.0146179,2.1472168
71839,-0.78033447,-2.049408,2.0126343
71840,-0.61889648,-2.0951843,1.9728088
71841,-0.61752319,-2.0069885,1.8405151
71842,-0.48187256,-1.9856262,1.8833923
71843,-0.65078735,-1.8707275,1.9656372
71844,-0.45257568,-2.1034241,1.8299866
71845,-0.40390015,-2.3210144,1.6540527
71846,-0.38757324,-2.1966553,1.7601013
71847,-0.3918457,-2.1682739,1.645813
71848,-0.32196045,-2.1789551,1.6520691
71849,-0.18493652,-2.244873,1.4363098
71850,-0.1638794,-2.2319031,1.6647339
71851,-0.15090942,-2.4008179,1.5719604
71852,-0.064086914,-2.3875427,1.4501953
71853,-0.0390625,-2.2694397,1.4657593
71854,0.003204346,-2.2712708,1.3964844
71855,0.10848999,-2.2949219,1.5170288
71856,0.17440796,-2.3348999,1.3882446
71857,0.14541626,-2.1899414,1.3865662
71858,0.21087647,-2.2291565,1.2796021
71859,0.2583313,-2.2271729,1.2895203
71860,0.32852173,-2.3138428,1.1935425
71861,0.32867432,-2.3158264,1.2223816
71862,0.40115356,-2.3200989,1.1795044
71863,0.58853149,-2.4310303,0.9765625
71864,0.55114746,-2.5286865,1.0612488
71865,0.69442749,-2.7493286,1.0696411
71866,0.62072754,-2.7603149,0.88058472
71867,0.65795898,-2.7151489,0.98724365
71868,0.63064575,-2.6867676,0.92315674
71869,0.83633423,-2.3764038,0.74432373
71870,0.80993652,-2.4053955,0.66131592
71871,0.70404053,-2.2917175,0.70220947
71872,0.85708618,-2.2869873,0.54763794
71873,0.82565308,-2.1847534,0.60394287
71874,0.92590332,-2.3208618,0.56106567
71875,0.94177246,-2.2215271,0.40405273
71876,0.9413147,-2.2636414,0.31051636
71877,1.0098267,-2.1633911,0.21789551
71878,1.2408447,-2.1124268,0.16540527
71879,1.0212708,-2.2013855,0.17868042
71880,1.1953735,-2.0791626,-0.00793457
71881,1.1630249,-2.0379639,-0.053100586
71882,1.2739563,-2.003479,-0.12268066
71883,1.2217712,-1.9877625,0.003662109
71884,1.2155151,-1.9216919,-0.18844605
71885,1.2391663,-1.8667603,-0.1689148
71886,1.2536621,-1.8940735,-0.17974853
71887,1.3050842,-1.8237305,-0.28503418
71888,1.199646,-1.7793274,-0.43548584
71889,1.23703,-1.6210938,-0.49560547
71890,1.2940979,-1.6174316,-0.47409058
71891,1.2432861,-1.6479492,-0.4284668
71892,1.2908936,-1.4256287,-0.45227051
71893,1.2652588,-1.4286804,-0.46081543
71894,1.353302,-1.5316772,-0.57312012
71895,1.2457275,-1.569519,-0.68008423
71896,1.3916016,-1.4294434,-0.66192627
71897,1.3195801,-1.4019775,-0.64666748
71898,1.3571167,-1.2590027,-0.78948975
71899,1.3658142,-1.1903381,-0.73318481
71900,1.3508606,-1.1889648,-0.88088989
71901,1.2905884,-1.1750793,-0.86364746
71902,1.2762451,-1.0664368,-0.88775635
71903,1.1410522,-1.0839844,-1.0949707
71904,1.2617493,-0.004119873,-1.0307312
71905,1.3096619,-0.78903198,-0.89584351
71906,1.1903381,-0.74478149,-1.0185242
71907,1.2286377,-0.68557739,-1.1068726
71908,1.0177612,-0.753479,-1.2905884
71909,1.1286926,-0.58288574,-1.2742615
71910,1.0922241,-0.54229736,-1.2561035
71911,1.0314941,-0.48019409,-1.3114929
71912,0.99182129,-0.46600342,-1.2554932
71913,0.92971802,-0.33599853,-1.2477112
71914,0.98770142,-0.25650024,-1.4183044
71915,1.0662842,-0.15426636,-1.390686
71916,0.95703125,-0.22491455,-1.03302
71917,0.88729858,-0.24841309,-1.1471558
71918,0.85083008,-0.33813477,-1.265564
71919,0.92147827,-0.076293945,-1.2347412
71920,0.72998047,-0.03692627,-1.3661194
71921,0.34179688,-0.13519287,-1.4093018
71922,0.12741089,-0.12817383,-1.3497925
71923,0.28808594,-0.090332031,-1.62323
71924,0.34713745,0.15029907,-1.4971924
71925,0.51391602,0.21118164,-1.4109802
71926,0.47103882,0.2861023,-1.353302
71927,0.45074463,0.35873413,-1.3969421
71928,0.42984009,0.41397095,-1.3772583
71929,0.43121338,0.30105591,-1.2774658
71930,0.3666687,0.31082153,-1.3949585
71931,0.28930664,0.5065918,-1.270752
71932,0.32501221,0.69366455,-1.4208984
71933,0.50537109,0.86654663,-1.401062
71934,0.24841309,0.77529907,-1.2922668
71935,0.10025024,0.79986572,-1.2091064
71936,-0.00793457,1.0241699,-1.5007019
71937,-0.08392334,0.81375122,-1.3461304
71938,-0.12023926,0.8241272,-1.2730408
71939,-0.14083862,0.75927734,-1.2329102
71940,-0.44433594,0.82305908,-1.0876465
71941,-0.26535034,0.95779419,-1.2625122
71942,-0.44494629,0.86776733,-0.97595215
71943,-0.31387329,0.97167969,-1.1853027
71944,-0.59936523,1.2062073,-0.99792481
71945,-0.6022644,1.2736511,-0.99594116
71946,-0.57373047,1.1630249,-0.96786499
71947,-0.62362671,1.1557007,-1.0340881
71948,-0.78826904,1.0406494,-0.93231201
71949,-0.753479,1.0427856,-1.0830688
71950,-0.79711914,1.131134,-0.93582153
71951,-0.97839356,1.0961914,-0.83572388
71952,-0.85144043,1.2338257,-0.884552
71953,-1.0275269,1.2065125,-0.79040527
71954,-0.91720581,1.1521912,-0.77178955
71955,-0.9753418,1.1608887,-0.72692871
71956,-1.0958862,1.1050415,-0.63232422
71957,-1.2112427,1.2705994,-0.6173706
71958,-1.2666321,1.4245605,-0.443573
71959,-1.3023376,1.232605,-0.36712647
71960,-1.2704468,1.4096069,-0.3414917
71961,-1.4814758,1.2792969,-0.40359497
71962,-1.3458252,1.4152527,-0.46112061
71963,-1.9338989,1.0595703,-0.47149658
71964,-1.555481,1.2469482,-0.234375
71965,-1.374054,1.1732483,-0.16723633
71966,-1.6139221,1.3818359,-0.29891968
71967,-1.4955139,1.3909912,-0.067749023
71968,-1.6041565,1.4653015,0.04699707
71969,-1.6038513,0.93139648,0.061645508
71970,-1.7950439,2.2059631,0.003814697
71971,-1.8159485,1.2901306,0.16983032
71972,-1.8952942,1.2210083,0.23712158
71973,-1.920929,1.1569214,0.19515991
71974,-1.8859863,1.084137,0.30517578
71975,-1.9755554,1.1230469,0.37445068
71976,-2.0332336,1.0560608,0.37475586
71977,-2.0349121,1.053772,0.34240723
71978,-2.0054626,1.0522461,0.42007446
71979,-2.0433044,1.0095215,0.53466797
71980,-2.0396423,1.020813,0.48950195
71981,-2.07901,1.0377502,0.57983398
71982,-2.0899963,1.0055542,0.8013916
71983,-2.1066284,0.93307495,0.72601318
71984,-2.0765686,0.87661743,0.6930542
71985,-2.1176147,0.86547852,0.69671631
71986,-2.1279907,0.89752197,0.69366455
71987,-2.1430969,0.77026367,0.70495606
71988,-2.1343994,0.62774658,0.89782715
71989,-2.1228027,0.5380249,0.83007813
71990,-2.0855713,0.5696106,1.0842896
71991,-2.066803,0.43945313,0.96618652
71992,-2.1893311,0.40145874,0.98236084
71993,-2.0727539,0.33203125,1.0565186
71994,-1.9869995,0.39596558,1.2002563
71995,-2.1582031,0.27740478,1.0494995
71996,-2.1192932,0.23239136,1.37146
71997,-2.0973206,0.13076782,1.4335632
71998,-1.9688416,0.052490234,1.4889526
71999,-2.0562744,-0.1272583,1.2956238
72000,-2.0455933,-0.074005127,1.4682007
72001,-1.98349,-0.16265869,1.4356995
72002,-2.0031738,-0.16708374,1.5324402
72003,-1.988678,-0.33477783,1.6090393
72004,-1.9920349,-0.39047241,1.4503479
72005,-1.9567871,-0.27709961,1.683197
72006,-1.9392395,-0.40527344,1.672821
72007,-1.9970703,-0.5305481,1.6358948
72008,-1.9241333,-0.42327881,1.6331482
72009,-1.890564,-0.55038452,1.6690063
72010,-2.0065308,-0.66680908,1.6677856
72011,-1.912384,-0.63186646,1.7756653
72012,-1.7999268,-0.86288452,1.7221069
72013,-1.703949,-0.86929321,1.8684387
72014,-1.6471863,-0.8605957,1.8690491
72015,-1.8666077,-0.95230103,1.8725586
72016,-1.8060303,-0.89675903,1.8023682
72017,-1.6976929,-0.96603394,1.9184875
72018,-1.7932129,-1.2387085,1.7897034
72019,-1.6268921,-1.2657166,1.8164063
72020,-1.4215088,-1.1419678,1.8954468
72021,-1.5158081,-1.2934875,1.8656921
72022,-1.3166809,-1.3725281,1.750946
72023,-1.421814,-1.224823,1.8920898
72024,-1.317749,-1.2612915,1.7578125
72025,-1.3928223,-1.1494446,1.9067383
72026,-1.3009644,-1.1515808,1.9378662
72027,-1.2661743,-1.446228,1.6703796
72028,-1.3336182,-1.3793945,1.7477417
72029,-1.3027954,-1.5563965,1.8511963
72030,-1.2167358,-1.7388916,1.8829346
72031,-1.1169434,-1.7428589,1.9075012
72032,-0.82397461,-1.9165039,1.9158936
72033,-0.88928223,-1.5805054,1.9088745
72034,-0.64697266,-1.8002319,1.7825317
72035,-0.87478638,-2.1496582,1.8188477
72036,-0.81420898,-1.9563293,1.8110657
72037,-0.77392578,-1.8359375,1.7701721
72038,-0.70419312,-1.6833496,1.8554688
72039,-0.55648804,-1.7495728,1.6125488
72040,-0.43762207,-1.9218445,1.7045593
72041,-0.48065186,-2.0420837,1.807251
72042,-0.35812378,-2.1148682,1.7044067
72043,-0.39306641,-2.1673584,1.7121887
72044,-0.36941528,-2.1685791,1.6827393
72045,-0.26062012,-2.1166992,1.6625977
72046,-0.23178101,-2.1405029,1.4938354
72047,-0.095672607,-2.1705627,1.5263367
72048,-0.028839111,-2.1981812,1.6299438
72049,-0.01739502,-2.2006226,1.5463257
72050,-0.008239746,-2.3236084,1.491394
72051,0.023345947,-2.2790527,1.3551331
72052,0.10635376,-2.2790527,1.2564087
72053,0.19042969,-2.2692871,1.2759399
72054,0.19592285,-2.2935486,1.3117981
72055,0.2671814,-2.2235107,1.1775208
72056,0.33874512,-2.1611023,1.1425781
72057,0.34713745,-2.2244263,1.0519409
72058,0.4776001,-2.2200012,0.99365234
72059,0.49850464,-2.2689819,0.92437744
72060,0.5557251,-2.2509766,0.87005615
72061,0.57525635,-2.2190857,0.89828491
72062,0.6161499,-2.1855164,0.64727783
72063,0.50415039,-2.2647095,0.70022583
72064,0.66116333,-2.3486328,0.61599731
72065,0.72937012,-2.230835,0.76599121
72066,0.75775147,-2.2171021,0.59051514
72067,0.69946289,-2.2116089,0.66955566
72068,0.79971313,-2.1005249,0.44525147
72069,0.82733154,-2.1528625,0.46356201
72070,0.87875366,-2.1737671,0.3717041
72071,0.82717896,-1.9917297,0.31005859
72072,0.97396851,-2.023468,0.40588379
72073,0.91995239,-1.9700623,0.31890869
72074,1.0688782,-1.8203735,0.17623901
72075,0.99502563,-1.8902588,0.22628784
72076,0.98892212,-2.0172119,0.13946533
72077,1.0305786,-1.8214416,0.082397461
72078,1.0343933,-1.9212341,-0.12054443
72079,1.1555481,-1.783905,-0.27770996
72080,1.124115,-1.7721558,-0.25558472
72081,1.1233521,-1.7829895,-0.14007568
72082,1.1001587,-1.8722534,-0.1890564
72083,1.1517334,-1.7933655,-0.20629883
72084,1.2814331,-1.652832,-0.28274536
72085,1.1657715,-1.7095947,-0.15808106
72086,1.1584473,-1.6038513,-0.16433716
72087,1.1131287,-1.5348816,-0.2116394
72088,1.1239624,-1.5148926,-0.44555664
72089,1.153717,-1.572113,-0.50109863
72090,1.0583496,-1.4877319,-0.5708313
72091,1.1791992,-1.4117432,-0.52032471
72092,1.0693359,-1.4012146,-0.50964356
72093,1.2690735,-1.2773132,-0.62942505
72094,1.1297607,-1.2237549,-0.66833496
72095,1.1618042,-1.0931396,-0.65063477
72096,1.0038757,-1.1343384,-0.90820313
72097,1.0707092,-0.97320557,-0.91247559
72098,1.134491,-1.0299683,-0.84777832
72099,1.1181641,-0.82397461,-0.81893921
72100,0.99197388,-0.79986572,-0.97900391
72101,1.0983276,-0.84701538,-0.90209961
72102,1.111908,0.88867188,-0.83572388
72103,1.108551,-0.33813477,-0.93032837
72104,1.0870361,-0.34255981,-1.05896
72105,0.92559815,-0.28060913,-1.0150146
72106,0.92651367,-0.34240723,-1.1035156
72107,0.94528198,-0.36529541,-1.1210632
72108,0.96878052,-0.2885437,-1.0247803
72109,0.79345703,-0.31036377,-1.1590576
72110,0.80261231,-0.30609131,-1.0997009
72111,0.84106445,-0.23086548,-1.0891724
72112,0.8052063,-0.23544312,-1.2353516
72113,0.73638916,-0.11734009,-1.3517761
72114,0.85144043,-0.14373779,-0.84976196
72115,0.72021484,-0.17120361,-1.1569214
72116,0.072784424,-0.24154663,-1.3137817
72117,0.53833008,-0.091705322,-1.5628052
72118,0.57266235,0.080871582,-1.414032
72119,0.59402466,0.24917603,-1.3108826
72120,0.43823242,0.097045898,-1.3267517
72121,0.32806397,0.28701782,-1.199646
72122,0.24902344,0.24429321,-1.1425781
72123,0.40283203,0.22659302,-1.2039185
72124,0.33370972,0.39474487,-1.2887573
72125,0.21606445,0.50476074,-1.1738586
72126,0.18692017,0.6578064,-1.2141418
72127,0.14221191,0.47210693,-1.0693359
72128,0.18737793,0.71166992,-1.1465454
72129,0.027008057,0.72891235,-1.1120605
72130,-0.10726929,0.81420898,-1.0514832
72131,-0.13183594,0.80383301,-1.2878418
72132,-0.030517578,1.0383606,-1.3946533
72133,-0.28564453,0.71624756,-1.2208557
72134,-0.27984619,0.88577271,-1.0342407
72135,-0.22888184,0.90209961,-1.0766602
72136,-0.45654297,0.83068848,-1.2568665
72137,-0.29663086,0.9173584,-1.1471558
72138,-0.43304443,0.83221435,-1.1402893
72139,-0.61462402,0.99914551,-1.1450195
72140,-0.58349609,1.0855103,-1.0244751
72141,-0.78643799,1.0910034,-0.98983765
72142,-0.71563721,1.1048889,-0.94329834
72143,-0.76126099,1.0546875,-0.97457886
72144,-0.74386597,1.0137939,-0.74142456
72145,-0.93139648,1.0192871,-0.81710815
72146,-0.90042114,0.99395752,-0.56045532
72147,-0.92422485,0.97335815,-0.64270019
72148,-0.92712402,1.1758423,-0.69000244
72149,-0.93490601,1.2223816,-0.63415527
72150,-1.1100769,1.105957,-0.52017212
72151,-1.2367249,1.2591553,-0.53115845
72152,-1.1097717,1.1865234,-0.45883179
72153,-1.3301086,1.0426331,-0.48202515
72154,-1.2879944,1.1177063,-0.47622681
72155,-1.3301086,1.0931396,-0.37811279
72156,-1.3749695,1.1158752,-0.32653809
72157,-1.4489746,1.020813,-0.32119751
72158,-1.4544678,1.0821533,-0.21087647
72159,-1.6540527,0.54397583,-0.35964966
72160,-1.5074158,1.013031,-0.20385742
72161,-1.5594482,1.0943604,-0.15518188
72162,-1.6835022,1.0612488,-0.17501831
72163,-1.7562866,1.0604858,0.17501831
72164,-1.5281677,0.75683594,0.11901856
72165,-1.6880798,1.0923767,0.38818359
72166,-1.7552185,0.85235596,0.28717041
72167,-1.7184448,0.66604614,0.25665283
72168,-1.784668,2.2167969,0.38452148
72169,-1.73172,0.99731445,0.38314819
72170,-1.8066406,1.0054016,0.38513184
72171,-1.8916321,0.81848144,0.56640625
72172,-1.9026184,0.809021,0.54122925
72173,-1.9563293,0.95443726,0.53955078
72174,-1.8693542,0.8996582,0.64270019
72175,-1.8638611,0.91003418,0.47546387
72176,-1.9468689,0.93200684,0.61050415
72177,-1.9073486,0.87387085,0.66818237
72178,-1.8487549,0.74539185,0.7081604
72179,-1.9943237,0.70999146,0.71502685
72180,-2.0193481,0.66802978,1.2471008
72181,-1.9245911,0.68313599,0.97320557
72182,-2.0504761,0.49743652,0.8656311
72183,-2.1543884,0.57601929,1.0691834
72184,-1.9735718,0.53741455,1.1280823
72185,-2.096405,0.25024414,1.1599731
72186,-2.1031189,0.25177002,1.1599731
72187,-2.1130371,0.18829346,1.0510254
72188,-2.0198059,0.12451172,1.0757446
72189,-1.9868469,0.1651001,1.1154175
72190,-2.0747375,-0.073699951,1.237793
72191,-2.0732117,-0.032348633,1.2986755
72192,-1.8927002,-0.052337646,1.1978149
72193,-2.0381165,-0.072021484,1.3528442
72194,-2.0550537,-0.29159546,1.1994934
72195,-1.9865417,-0.42297363,1.2530518
72196,-2.0333862,-0.47012329,1.5863037
72197,-1.7930603,-0.43167114,1.5936279
72198,-1.9677734,-0.33905029,1.4419556
72199,-1.8249512,-0.50415039,1.5287781
72200,-1.8107605,-0.39627075,1.7411804
72201,-1.6921997,-0.3604126,1.6311646
72202,-1.7990112,-0.55084228,1.625061
72203,-1.8212891,-0.78369141,1.6574097
72204,-1.7803955,-0.77606201,1.786499
72205,-1.7453003,-0.81558228,1.81427
72206,-1.8534851,-0.76507568,1.7129517
72207,-1.7234802,-1.0510254,1.9824219
72208,-1.6223145,-1.1019897,1.9563293
72209,-1.6168213,-1.2080383,1.7831421
72210,-1.5745544,-1.264801,1.706543
72211,-1.5538025,-1.2722778,1.7803955
72212,-1.5107727,-1.0127258,1.8838501
72213,-1.4825439,-1.1129761,1.9418335
72214,-1.541748,-1.2329102,1.9290161
72215,-1.396637,-1.1810303,1.8817139
72216,-1.4805603,-1.5750122,1.7149353
72217,-1.5184021,-1.706543,1.9682312
72218,-1.3117981,-1.7445374,2.0123291
72219,-1.2561035,-1.7132568,2.0161438
72220,-1.1703491,-1.7303467,1.9978333
72221,-1.0919189,-1.7167664,1.8426514
72222,-1.1219788,-1.819458,1.8678284
72223,-0.96496582,-1.8267822,1.806488
72224,-0.82077026,-1.7903137,1.9197083
72225,-0.92224121,-1.8969727,1.8211365
72226,-0.81878662,-1.8106079,1.8536377
72227,-0.92193603,-1.7390442,1.985321
72228,-0.88562012,-1.8313599,1.9552612
72229,-0.61019897,-1.8756104,1.9508362
72230,-0.66055298,-2.0565796,1.8586731
72231,-0.68206787,-1.7622375,1.6256714
72232,-0.47805786,-1.9371033,1.8283081
72233,-0.62698364,-2.3226929,1.7701721
72234,-0.50811768,-2.1221924,1.7198181
72235,-0.38864136,-2.0838928,1.6993713
72236,-0.3163147,-2.0272827,1.6438293
72237,-0.29083252,-2.0095825,1.6717529
72238,-0.13183594,-1.9975281,1.6569519
72239,-0.16815185,-2.1365356,1.4581299
72240,-0.038146973,-2.1417236,1.6569519
72241,-0.074615479,-2.1212769,1.5313721
72242,0.007019043,-2.3550415,1.4169312
72243,0.12573242,-2.3503113,1.3726807
72244,0.18600464,-2.4017334,1.131897
72245,0.14328003,-2.2857666,1.1906433
72246,0.24978638,-2.3283386,1.3745117
72247,0.23803711,-2.243042,1.2559509
72248,0.39764404,-2.2758484,1.1181641
72249,0.33477783,-2.3590088,0.93383789
72250,0.41900635,-2.4082947,1.0882568
72251,0.43167114,-2.3094177,0.92926025
72252,0.52276611,-2.3112488,0.93688965
72253,0.54641724,-2.3182678,0.87402344
72254,0.55831909,-2.3719788,0.84396362
72255,0.59753418,-2.3240662,0.9298706
72256,0.56838989,-2.1757507,0.96008301
72257,0.52368164,-2.159729,0.92956543
72258,0.56243897,-2.0417786,0.90057373
72259,0.60729981,-2.0713806,0.85327148
72260,0.73257446,-2.1864319,0.70800781
72261,0.88256836,-2.1676636,0.63598633
72262,0.77453613,-2.0756531,0.62316894
72263,0.87036133,-2.0870972,0.50521851
72264,0.89614868,-2.1690369,0.50628662
72265,1.0455322,-2.1986389,0.54504394
72266,0.95504761,-1.988678,0.14312744
72267,1.0910034,-2.0330811,0.29464722
72268,0.95275879,-1.9702148,0.048675537
72269,1.0897827,-1.9714355,0.064849854
72270,1.1914063,-1.9657898,0.097198486
72271,1.1366272,-1.8965149,0.1335144
72272,1.1483765,-1.7689514,0.13076782
72273,1.2571716,-1.9311523,-0.083770752
72274,1.3868713,-1.9180298,-0.081481934
72275,1.277771,-1.809082,-0.075378418
72276,1.3374329,-1.729126,-0.21697998
72277,1.2692261,-1.6819763,-0.18295288
72278,1.288147,-1.5432739,-0.19180298
72279,1.4537048,-1.59729,-0.33294678
72280,1.2168884,-1.6702271,-0.29022217
72281,1.2854004,-1.4761353,-0.42739868
72282,1.1608887,-1.5237427,-0.35064697
72283,1.2139893,-1.2843323,-0.46798706
72284,1.3021851,-1.353302,-0.56274414
72285,1.2971497,-1.3691711,-0.60455322
72286,1.2875366,-1.3490295,-0.71121216
72287,1.2594604,-1.1769104,-0.57434082
72288,1.333313,-1.1309814,-0.81237793
72289,1.0557556,-1.1070251,-0.78369141
72290,1.1123657,-1.0580444,-0.87646484
72291,1.3002014,-1.2371826,-0.82061768
72292,1.1567688,-1.2316895,-1.065979
72293,1.2243652,-1.0958862,-1.0533142
72294,1.1367798,-1.0237122,-0.99121094
72295,1.1402893,-0.94467163,-1.0038757
72296,1.0038757,-0.91201782,-0.90438843
72297,1.1236572,-0.67932129,-1.0548401
72298,0.97595215,-0.7510376,-1.211853
72299,0.99029541,-1.1088562,-1.1401367
72300,1.0160828,0.90393066,-0.99822998
72301,0.96298218,-0.47271728,-1.1618042
72302,0.99243164,-0.36102295,-1.1341858
72303,0.98526001,-0.16204834,-1.1177063
72304,0.95214844,-0.39123535,-1.3449097
72305,0.85449219,-0.2003479,-1.3424683
72306,0.74935913,-0.14907837,-1.2800598
72307,0.83297729,-0.065155029,-1.3581848
72308,0.83023071,-0.006713867,-1.46698
72309,0.5090332,0.020904541,-1.3226318
72310,0.44906616,-0.10009766,-1.4663696
72311,0.70251465,0.062561035,-1.5074158
72312,0.66757202,0.14587402,-1.3511658
72313,0.66070557,0.13305664,-1.4181519
72314,0.66604614,0.35827637,-1.2591553
72315,0.47119141,0.57785034,-1.2802124
72316,0.43411255,0.66589356,-1.4099121
72317,0.24810791,0.51025391,-1.4553833
72318,0.36804199,0.67993164,-1.4985657
72319,0.22293091,0.62789917,-1.4526367
72320,0.24215698,0.4296875,-1.3444519
72321,0.14572144,0.72402954,-1.4517212
72322,0.17227173,0.63842773,-1.2060547
72323,0.15869141,0.69122315,-1.3885498
72324,-0.0730896,0.78125,-1.3285828
72325,-0.030059814,0.9046936,-1.3165283
72326,-0.1411438,0.92651367,-1.3101196
72327,-0.2029419,0.96557617,-1.2608337
72328,-0.23803711,0.98495483,-1.0916138
72329,-0.3843689,1.0575867,-1.1390686
72330,-0.30044556,1.10672,-1.098938
72331,-0.20828247,1.1022949,-1.204834
72332,-0.47119141,1.1439514,-1.1517334
72333,-0.35629272,1.1630249,-1.0568237
72334,-0.64575195,1.1004639,-0.92254639
72335,-0.62423706,1.0430908,-1.0205078
72336,-0.65979004,1.0517883,-0.91506958
72337,-0.77728272,1.1193848,-0.99014282
72338,-0.9072876,1.2530518,-0.95489502
72339,-0.94116211,1.2939453,-0.97076416
72340,-1.0240173,1.2449646,-0.84075928
72341,-0.99884033,1.2818909,-0.87585449
72342,-1.1244202,1.2554932,-0.83312988
72343,-1.1051941,1.3238525,-0.73532104
72344,-1.2278748,1.2515259,-0.59860229
72345,-1.2084961,1.3420105,-0.76171875
72346,-1.302948,1.3476563,-0.65673828
72347,-1.3154602,1.4677429,-0.57357788
72348,-1.3253784,1.4804077,-0.57983398
72349,-1.288147,1.4416504,-0.25665283
72350,-1.3482666,1.4038086,-0.36437988
72351,-1.5821838,1.3327026,-0.24353027
72352,-1.4616394,1.3568115,-0.31143189
72353,-1.6296387,1.3575745,-0.13595581
72354,-1.6177368,1.2628174,-0.34301758
72355,-1.4485168,0.82351685,-0.31951904
72356,-1.6967773,1.0704041,-0.13336182
72357,-1.6899109,1.1445618,-0.16067505
72358,-1.6607666,1.0055542,0.096588135
72359,-1.7199707,1.2420654,0.060119629
72360,-1.9471741,1.2316895,0.13763428
72361,-1.9740295,1.2980652,-0.064086914
72362,-1.973877,1.1624146,0.091400146
72363,-1.8977356,1.341095,0.31036377
72364,-1.9696045,1.1233521,0.00793457
72365,-1.9154358,0.90316772,0.30532837
72366,-1.9178772,1.1141968,0.39245606
72367,-2.1206665,0.909729,0.34057617
72368,-2.0808411,1.0403442,0.50262451
72369,-2.0368958,1.0017395,0.52825928
72370,-2.1022034,0.909729,0.68984985
72371,-2.325592,0.94055176,0.6980896
72372,-2.3165894,0.94909668,0.71212769
72373,-2.3217773,0.85021973,0.66802978
72374,-2.3623657,0.83129883,0.83068848
72375,-2.4017334,0.72174072,1.0038757
72376,-2.2940063,0.72601318,0.93841553
72377,-2.4510193,0.63171387,0.84442139
72378,-2.481842,0.57159424,1.0498047
72379,-2.3977661,0.49972534,0.95062256
72380,-2.3194885,0.29449463,1.1650085
72381,-2.3988342,0.15151978,1.1505127
72382,-2.4259949,0.3213501,1.1955261
72383,-2.2309875,0.31143189,1.3606262
72384,-2.3408508,0.27954102,1.3453674
72385,-2.2006226,0.28579712,1.4025879
72386,-2.1806335,0.33035278,1.3328552
72387,-2.1331787,-0.01083374,1.4501953
72388,-2.1322632,-0.017089844,1.557312
72389,-2.1890259,-0.14831543,1.6567993
72390,-2.2097778,-0.015563965,1.6270447
72391,-2.1958923,-0.18218994,1.5513611
72392,-2.2344971,-0.05859375,1.37146
72393,-2.1566772,-0.38864136,1.5527344
72394,-2.2024536,-0.32363892,1.5859985
72395,-2.3153687,-0.35186768,1.8296814
72396,-2.2203064,-0.42984009,1.7546082
72397,-2.2958374,-0.49911499,1.8341064
72398,-2.3019409,-0.85357666,1.8547058
72399,-2.0220947,-0.80307007,1.6711426
72400,-2.230835,-0.86135864,1.7655945
72401,-2.1748352,-0.91217041,1.7903137
72402,-2.507782,-0.83862305,1.8528748
72403,-2.2799683,-1.0655212,1.7736816
72404,-2.0578003,-0.70724487,1.6217041
72405,-2.2244263,-0.98815918,2.0065308
72406,-1.8965149,-1.1169434,2.0864868
72407,-1.9221497,-1.1140442,2.1290588
72408,-2.021637,-1.2936401,2.2491455
72409,-2.1313477,-1.2960815,2.1789551
72410,-1.9126892,-1.2150574,2.0300293
72411,-1.9985962,-1.2698364,1.7877197
72412,-1.7633057,-1.4102173,1.942749
72413,-1.894989,-1.4628601,1.8730164
72414,-1.7715454,-1.6679382,1.82724
72415,-1.6210938,-1.7158508,1.9950867
72416,-1.3368225,-1.8103027,2.1902466
72417,-1.1474609,-1.9395447,1.9793701
72418,-1.0316467,-1.9132996,1.9619751
72419,-0.93200684,-1.8112183,2.0962524
72420,-0.96801758,-1.8234253,2.0866394
72421,-0.89996338,-1.8545532,2.129364
72422,-0.80200195,-1.9511414,2.0808411
72423,-0.85601807,-1.9506836,2.0205688
72424,-0.73913574,-1.9787598,1.8954468
72425,-0.57723999,-1.933136,1.9778442
72426,-0.76660156,-2.0362854,1.8515015
72427,-0.59051514,-2.1266174,1.9555664
72428,-0.53649902,-2.097168,1.9766235
72429,-0.56152344,-2.1383667,2.0162964
72430,-0.46005249,-2.2439575,1.9104004
72431,-0.42175293,-2.487793,1.9921875
72432,-0.38223267,-2.3718262,1.870575
72433,-0.24261475,-2.2555542,1.8963623
72434,-0.22277832,-2.2013855,1.8063354
72435,-0.234375,-2.253418,1.7245483
72436,-0.13214111,-2.3260498,1.6519165
72437,-0.17883301,-2.401123,1.5493774
72438,0.032958984,-2.3591614,1.6047668
72439,-0.051727295,-2.3999023,1.512146
72440,0.064086914,-2.4369812,1.4723206
72441,0.065002441,-2.3738098,1.441803
72442,0.12008667,-2.3838806,1.4155579
72443,0.1171875,-2.4180603,1.2976074
72444,0.18081665,-2.4493408,1.3136291
72445,0.28106689,-2.4996948,1.2924194
72446,0.26733398,-2.5099182,1.3038635
72447,0.31326294,-2.568512,1.2490845
72448,0.42617798,-2.4291992,1.229248
72449,0.49697876,-2.4273682,1.0935974
72450,0.5355835,-2.3745728,1.0223389
72451,0.64941406,-2.3849487,0.86380005
72452,0.76126099,-2.3474121,0.76171875
72453,0.7383728,-2.3301697,0.70373535
72454,0.84716797,-2.3706055,0.61279297
72455,0.77667236,-2.3210144,0.68649292
72456,0.81756592,-2.1936035,0.67504883
72457,0.90118408,-2.4822998,0.54077148
72458,0.94207764,-2.3461914,0.70617676
72459,0.80001831,-2.2496033,0.47119141
72460,0.92529297,-2.3724365,0.46813965
72461,1.0171509,-2.2999573,0.23254395
72462,1.0797119,-2.2369385,0.23162842
72463,1.0525513,-2.2007751,0.44998169
72464,1.0359192,-2.2039795,0.27648926
72465,1.0237122,-2.0072937,0.22064209
72466,1.2191772,-2.2894287,0.009765625
72467,1.2165833,-2.0811462,-0.11032105
72468,1.199646,-1.9580078,-0.16937256
72469,1.4129639,-1.9873047,-0.1322937
72470,1.3562012,-1.9102478,-0.09765625
72471,1.2974548,-1.9752502,-0.28717041
72472,1.4044189,-1.9296265,-0.21591187
72473,1.2518311,-1.8247986,-0.22369385
72474,1.2251282,-1.829834,-0.31707764
72475,1.2460327,-1.7953491,-0.42419434
72476,1.2060547,-1.7642212,-0.34866333
72477,1.3183594,-1.605835,-0.31219482
72478,1.3447571,-1.7236328,-0.28366089
72479,1.3551331,-1.8345642,-0.45471191
72480,1.5254211,-1.8276978,-0.57647705
72481,1.2763977,-1.4111328,-0.55541992
72482,1.2976074,-1.3829041,-0.56869507
72483,1.267395,-1.3473511,-0.61599731
72484,1.3262939,-1.2599182,-0.75958252
72485,1.272583,-1.3137817,-0.7333374
72486,1.2757874,-1.2098694,-0.90240478
72487,1.1851501,-1.1413574,-0.83297729
72488,1.4530945,-1.0740662,-0.97640991
72489,1.3093567,-0.99792481,-1.0647583
72490,1.2690735,-1.1064148,-1.1044312
72491,1.315918,-0.98876953,-1.1148071
72492,1.3330078,-0.91308594,-1.0668945
72493,1.0780334,-0.89523315,-1.2348938
72494,1.3577271,-0.72174072,-1.2437439
72495,1.1685181,-0.64147949,-1.2864685
72496,1.1384583,-0.53146362,-1.2446594
72497,1.1155701,-0.59341431,-1.3812256
72498,1.2060547,-0.47241211,-1.3981628
72499,1.0679626,-0.27526856,-1.4559937
72500,1.1061096,-0.23712158,-1.3635254
72501,1.0731506,-0.32394409,-1.3311768
72502,1.0296631,-0.3187561,-1.4221191
72503,0.93521118,-0.19317627,-1.444397
72504,0.85632324,-0.083465576,-1.4468384
72505,0.87310791,-0.11856079,-1.6268921
72506,0.46951294,-0.045623779,-1.5664673
72507,0.91674805,-0.12084961,-1.5487671
72508,0.65093994,-0.000610352,-1.6307068
72509,0.71121216,0.10910034,-1.7745972
72510,0.62026978,0.16967773,-1.3066101
72511,0.56793213,0.35766602,-1.3995361
72512,0.64208984,0.21728516,-1.3583374
72513,0.39672852,0.44021606,-1.54953
72514,0.40176392,0.6362915,-1.4886475
72515,0.22018433,0.61233521,-1.5330505
72516,0.24917603,0.53756714,-1.3591003
72517,0.22781372,0.58319092,-1.3330078
72518,0.12084961,0.67138672,-1.5129089
72519,0.15899658,0.7333374,-1.545105
72520,0.003967285,0.80474853,-1.4100647
72521,0.007629395,0.72845459,-1.3793945
72522,-0.20065308,0.82489014,-1.468811
72523,-0.2923584,0.83953857,-1.3008118
72524,-0.092163086,0.76293945,-1.2957764
72525,-0.18783569,0.9463501,-1.1616516
72526,-0.28808594,1.1468506,-1.2098694
72527,-0.33920288,1.0032654,-1.3212585
72528,-0.49118042,1.1708069,-1.265564
72529,-0.50231934,1.285553,-1.3037109
72530,-0.49713135,1.2240601,-1.3465881
72531,-0.50552368,1.3038635,-1.1752319
72532,-0.66101074,1.1947632,-1.1094666
72533,-0.64300537,1.2527466,-1.0916138
72534,-0.72357178,1.262207,-0.9992981
72535,-0.90454102,1.2509155,-1.0235596
72536,-0.79879761,1.366272,-0.84121704
72537,-0.75317383,1.4198303,-0.9324646
72538,-0.81375122,1.3525391,-0.84060669
72539,-0.91903687,1.3482666,-0.75897217
72540,-1.1582947,1.1260986,-0.7019043
72541,-1.2702942,1.2498474,-0.72494507
72542,-1.1781311,1.4224243,-0.83801269
72543,-1.3290405,1.5829468,-0.5696106
72544,-1.2878418,1.4361572,-0.66650391
72545,-1.3244629,1.5802002,-0.49575806
72546,-1.5293884,1.7033386,-0.53222656
72547,-1.388092,1.3911438,-0.5859375
72548,-1.4456177,1.4637756,-0.46905518
72549,-1.7617798,1.5315247,-0.32592773
72550,-1.6120911,1.3671875,-0.29571533
72551,-1.6326904,1.4450073,-0.14709473
72552,-1.7042541,1.1787415,0.031433105
72553,-1.7211914,1.2239075,-0.16021728
72554,-1.8457031,1.257782,0.004882813
72555,-1.8673706,1.2097168,-0.10009766
72556,-1.8965149,1.2567139,0.037689209
72557,-1.8055725,1.2768555,0.13641357
72558,-1.8881226,1.3378906,0.18981934
72559,-1.847229,1.2760925,0.18356323
72560,-1.9497681,1.2908936,0.27618408
72561,-1.9155884,1.1567688,0.41275024
72562,-2.0053101,1.1885071,0.29708862
72563,-2.2088623,0.80612183,0.42175293
72564,-2.1261597,1.1579895,0.38040161
72565,-2.0684814,1.2158203,0.34576416
72566,-1.9682312,1.1608887,0.49728394
72567,-2.1081543,1.0644531,0.7434082
72568,-2.1101379,0.97579956,0.71594238
72569,-1.9561768,1.0089111,0.81970215
72570,-2.2409058,0.83312988,0.84609985
72571,-2.346344,0.93322754,0.78552246
72572,-2.2871399,0.84350586,0.86120606
72573,-2.1643066,0.72280884,1.038208
72574,-2.2319031,0.65292358,1.0816956
72575,-2.1180725,0.62774658,0.95809937
72576,-2.449646,0.49880981,0.83206177
72577,-2.1298218,0.365448,1.0237122
72578,-2.4588013,0.52780151,1.1346436
72579,-2.4456787,0.38299561,1.3786316
72580,-2.8683472,0.234375,1.313324
72581,-2.5157166,0.3012085,1.3774109
72582,-2.5463867,0.23040772,1.2794495
72583,-2.3565674,0.093536377,1.4599609
72584,-2.6174927,0.11352539,1.4608765
72585,-2.3582458,0.092926025,1.40625
72586,-2.4401855,0.034790039,1.6094971
72587,-2.4690247,-0.060119629,1.4859009
72588,-2.2055054,-0.25985718,1.599884
72589,-2.1740723,-0.32287598,1.6400146
72590,-2.1994019,-0.12069702,1.4266968
72591,-2.1401978,-0.22949219,1.6259766
72592,-2.1647644,-0.25741577,1.7015076
72593,-1.9645691,-0.55404663,1.8109131
72594,-1.9613647,-0.45562744,1.8374634
72595,-2.1166992,-0.64025879,1.9296265
72596,-2.0289612,-0.64788818,1.9976807
72597,-1.8994141,-0.91491699,1.9317627
72598,-1.9145203,-0.82839966,2.0288086
72599,-1.9396973,-0.86532593,2.0083618
72600,-1.5036011,-0.80490112,1.9204712
72601,-1.8331909,-0.79345703,2.0973206
72602,-1.7692566,-1.0107422,1.8815613
72603,-1.7034912,-1.1064148,2.0283508
72604,-1.8907166,-1.2652588,1.9694519
72605,-1.6445923,-1.2129211,1.8795776
72606,-1.6371155,-1.2385559,1.9836426
72607,-1.8312073,-1.1489868,2.1556091
72608,-1.7906189,-1.2898254,2.0632935
72609,-1.7303467,-1.4367676,2.0785522
72610,-1.4881897,-1.3989258,2.1607971
72611,-1.3104248,-1.4537048,1.9953918
72612,-1.0545349,-1.5058899,2.1292114
72613,-1.4639282,-1.6035461,2.0924377
72614,-1.282196,-1.6218567,1.882019
72615,-1.2089539,-1.6326904,2.0269775
72616,-1.1157227,-1.893158,1.8327332
72617,-1.2252808,-2.0111084,1.98349
72618,-1.0287476,-1.6743469,2.0466614
72619,-0.99838257,-1.8032837,1.9262695
72620,-0.96969604,-1.7288208,1.8708801
72621,-0.88256836,-1.9262695,1.9448853
72622,-0.88943481,-1.9197083,2.0655823
72623,-0.82458496,-1.8232727,1.9462585
72624,-0.80657959,-1.9125366,1.9058228
72625,-0.69534302,-1.9297791,1.9241333
72626,-0.50384522,-2.0353699,1.8258667
72627,-0.55221558,-2.0678711,1.8327332
72628,-0.52871704,-2.0368958,1.8508911
72629,-0.47210693,-2.1095276,1.902771
72630,-0.29678345,-2.2221375,1.9093323
72631,-0.28442383,-2.2592163,1.9464111
72632,-0.16265869,-2.243042,1.6711426
72633,-0.066833496,-2.2535706,1.8188477
72634,0.046081543,-2.3152161,1.6708374
72635,-0.071563721,-2.419281,1.6334534
72636,0.14633179,-2.6448059,1.5234375
72637,0.11642456,-2.62146,1.4595032
72638,0.23635864,-2.5598145,1.322937
72639,0.25466919,-2.4685669,1.3098145
72640,0.29098511,-2.6370239,1.2533569
72641,0.35339356,-2.4876404,1.0894775
72642,0.35354614,-2.6402283,1.1993408
72643,0.49926758,-2.4891663,1.1036682
72644,0.47836304,-2.5296021,1.0714722
72645,0.57174683,-2.4797058,0.97991943
72646,0.56671143,-2.575531,1.0021973
72647,0.55938721,-2.3828125,0.97595215
72648,0.56060791,-2.3635864,0.98815918
72649,0.57159424,-2.3298645,0.85571289
72650,0.74859619,-2.3265076,0.93048096
72651,0.6880188,-2.2781372,0.8670044
72652,0.81207275,-2.3548889,0.87646484
72653,0.77529907,-2.5271606,0.61126709
72654,0.73562622,-2.4337769,0.62591553
72655,0.79574585,-2.3103333,0.62316894
72656,0.8682251,-2.2509766,0.43746948
72657,0.91430664,-2.2888184,0.49911499
72658,1.0096741,-2.2874451,0.46554565
72659,0.96420288,-2.0755005,0.36834717
72660,1.0516357,-2.1263123,0.16845703
72661,1.1393738,-2.2892761,0.11245728
72662,1.1459351,-2.1749878,0.056762695
72663,1.1868286,-2.1051025,0.14938355
72664,1.227417,-1.9346619,-0.085601807
72665,1.3760376,-1.9580078,-0.07232666
72666,1.3513184,-1.7492676,-0.30700684
72667,1.2792969,-1.8362427,-0.2532959
72668,1.1251831,-1.9764709,0.045013428
72669,1.2301636,-1.6645813,-0.11550903
72670,1.2939453,-1.8273926,-0.17227173
72671,1.2574768,-1.6171265,-0.17913818
72672,1.1824036,-1.7486572,-0.33782959
72673,1.1808777,-1.5653992,-0.36727905
72674,1.3049316,-1.6256714,-0.51651001
72675,1.2252808,-1.5834045,-0.66070557
72676,1.3787842,-1.5682983,-0.67626953
72677,1.289978,-1.3938904,-0.72265625
72678,1.3684082,-1.3352966,-0.65856934
72679,1.366272,-1.3378906,-0.71014404
72680,1.3375854,-1.3043213,-0.76553345
72681,1.3630676,-1.2783813,-0.79650879
72682,1.3417053,-1.2809753,-0.76263428
72683,1.1608887,-1.2564087,-0.74951172
72684,1.1663818,-0.97839356,-0.8517456
72685,1.2858582,-1.0275269,-0.98937988
72686,1.2513733,-1.0145569,-0.9451294
72687,1.2590027,-0.94970703,-1.040802
72688,1.2741089,-0.86181641,-1.0389709
72689,1.0945129,-0.83343506,-0.9034729
72690,1.1854553,-0.78491211,-1.0772705
72691,1.1680603,-0.71762085,-1.1242676
72692,1.2167358,-0.61660767,-1.235199
72693,1.0258484,-0.73028565,-1.1735535
72694,1.0562134,-0.5545044,-1.2919617
72695,0.9715271,-0.56640625,-1.2718201
72696,1.0221863,-0.46661377,-1.3314819
72697,0.93566894,-0.31463623,-1.1836243
72698,0.84228516,-0.34896851,-1.1949158
72699,0.83267212,-0.16235352,-1.1564636
72700,0.7434082,-0.27404785,-1.21521
72701,1.0183716,-0.07232666,-1.3349915
72702,0.94848633,-0.1399231,-1.1994934
72703,0.59692383,-0.37292481,-1.5327454
72704,0.33325195,-0.21408081,-1.5530396
72705,0.27099609,-0.35919189,-1.472168
72706,0.58242798,0.020904541,-1.4186096
72707,0.51696777,0.31585693,-1.5112305
72708,0.418396,0.15884399,-1.5077209
72709,0.47058106,0.35964966,-1.5612793
72710,0.415802,0.47302246,-1.2799072
72711,0.42785644,0.72814941,-1.5045166
72712,0.34973144,0.57617188,-1.5542603
72713,0.39428711,0.67840576,-1.587677
72714,0.19561768,0.76904297,-1.5660095
72715,0.12741089,0.83496094,-1.4855957
72716,0.22949219,0.9526062,-1.4208984
72717,0.069885254,0.8833313,-1.5414429
72718,0.043334961,0.88546753,-1.47995
72719,0.009765625,0.95474243,-1.3986206
72720,-0.20355225,0.90072632,-1.4320374
72721,-0.18859863,0.81680298,-1.341095
72722,-0.077972412,0.98114014,-1.348114
72723,-0.35079956,1.0481262,-1.3716125
72724,-0.17486572,1.0144043,-1.1824036
72725,-0.41503906,1.0380554,-1.0900879
72726,-0.71258545,1.1227417,-1.0223389
72727,-0.35827637,1.239624,-1.114502
72728,-0.39840698,1.1454773,-1.1677551
72729,-0.64147949,1.2261963,-1.1306763
72730,-0.82489014,1.2738037,-0.90805054
72731,-0.58486938,1.3812256,-1.0858154
72732,-0.70785522,1.0270691,-1.0557556
72733,-0.77377319,1.03302,-1.010437
72734,-1.0151672,1.2866211,-0.95321655
72735,-1.4228821,1.4501953,-1.0714722
72736,-1.078186,1.322937,-0.86212158
72737,-1.1239624,1.5016174,-0.74661255
72738,-1.2806702,1.2802124,-0.69854736
72739,-1.3592529,1.1624146,-0.79452515
72740,-1.247406,1.2905884,-0.63735962
72741,-1.3766479,1.4877319,-0.58227539
72742,-1.2008667,1.4112854,-0.51208496
72743,-1.5093994,1.5840149,-0.38543701
72744,-1.4686584,1.5563965,-0.47088623
72745,-1.4317322,1.6113281,-0.36239624
72746,-1.5365601,1.5135193,-0.46417236
72747,-1.6368103,1.6229248,-0.36087036
72748,-1.6833496,1.3661194,-0.38452148
72749,-1.9989014,1.3760376,-0.26138306
72750,-1.8089294,1.2115479,-0.24642944
72751,-1.9018555,1.4530945,-0.06729126
72752,-1.934967,1.3525391,-0.05645752
72753,-1.8942261,1.4952087,0.078277588
72754,-1.92276,1.4942932,-0.021972656
72755,-1.9570923,1.4230347,0.15762329
72756,-2.0819092,1.159668,0.16098023
72757,-2.0463562,1.2432861,0.25726318
72758,-2.0890808,1.1198425,0.16113281
72759,-1.9335938,1.2858582,0.31097412
72760,-2.0825195,1.1331177,0.39016724
72761,-2.1624756,0.91217041,0.45227051
72762,-2.1487427,1.1401367,0.35110474
72763,-2.203064,1.7658997,0.54901123
72764,-2.0605469,1.1346436,0.53955078
72765,-2.0349121,1.0287476,0.61401367
72766,-2.1289063,1.0728455,0.66711426
72767,-2.2724915,0.95581055,0.68603516
72768,-2.2424316,0.79177856,0.84899902
72769,-2.3233032,0.75119019,0.64147949
72770,-2.3948669,0.83740234,0.82183838
72771,-2.3498535,0.73852539,0.79711914
72772,-2.3454285,0.4927063,0.95947266
72773,-2.2113037,0.48370361,0.86425781
72774,-2.3167419,0.35095215,1.0009766
72775,-2.4395752,0.42327881,1.1491394
72776,-2.3698425,0.35049439,1.217041
72777,-2.3493958,0.52398682,1.3508606
72778,-2.1897888,0.26367188,1.2280273
72779,-1.9068909,0.37261963,1.2731934
72780,-2.1908569,0.22689819,1.3027954
72781,-2.2579956,0.18997192,1.5864563
72782,-1.993866,0.057830811,1.5466309
72783,-2.1803284,0.11123657,1.4715576
72784,-2.0025635,0.062408447,1.5002441
72785,-2.230835,0.05065918,1.5301514
72786,-2.2859192,0.032806396,1.6973877
72787,-2.1224976,-0.14678955,1.5567017
72788,-2.2601318,-0.16433716,1.6842651
72789,-2.1711731,-0.17318726,1.7736816
72790,-2.0851135,-0.34347534,1.8043518
72791,-2.0979309,-0.44662476,1.7276001
72792,-1.9827271,-0.49468994,1.6957092
72793,-1.9358826,-0.55328369,1.7236328
72794,-1.9236755,-0.58151245,1.8347168
72795,-1.7390442,-0.66253662,1.8980408
72796,-2.0324707,-0.76904297,1.8345642
72797,-1.987915,-0.78308106,1.778717
72798,-2.0285034,-0.95840454,1.9526672
72799,-1.9511414,-1.0424805,1.9674683
72800,-1.7692566,-1.1447144,2.1609497
72801,-1.700592,-1.2071228,1.9718933
72802,-1.5786743,-1.3607788,1.8910217
72803,-1.7909241,-1.1564636,1.95755
72804,-1.8208313,-1.3092041,2.1121216
72805,-1.9328308,-1.1508179,2.0716858
72806,-1.6358948,-1.1672974,2.0721436
72807,-1.6424561,-1.1633301,2.0545959
72808,-1.4529419,-1.4706421,2.0498657
72809,-1.3824463,-1.4668274,2.1003723
72810,-1.4956665,-1.633606,2.0170593
72811,-1.2792969,-1.6194153,2.0613098
72812,-1.2599182,-1.7391968,2.2653198
72813,-1.3563538,-1.8559265,2.0315552
72814,-1.2190247,-1.8301392,2.1832275
72815,-1.0131836,-1.8553162,2.0396423
72816,-0.95092773,-1.796875,2.0120239
72817,-0.85464478,-1.8118286,2.0918274
72818,-0.78796387,-1.9857788,2.1282959
72819,-0.78384399,-2.0910645,2.1313477
72820,-0.77713013,-1.9232178,2.0179749
72821,-0.71807861,-1.9918823,1.9935608
72822,-0.70251465,-2.0411682,2.2215271
72823,-0.55267334,-2.1073914,1.8786621
72824,-0.46264648,-2.2499084,1.8336487
72825,-0.55160522,-2.1875,1.9075012
72826,-0.4977417,-2.3110962,1.7498779
72827,-0.26123047,-2.5805664,1.7247009
72828,-0.28839111,-2.401886,1.6900635
72829,-0.20736694,-2.2738647,1.6397095
72830,-0.14434815,-2.3080444,1.6685486
72831,-0.128479,-2.3764038,1.6007996
72832,-0.070800781,-2.3995972,1.6299438
72833,0.026702881,-2.3722839,1.5670776
72834,0.090484619,-2.3631287,1.5270996
72835,0.12832642,-2.4589539,1.5370178
72836,0.1449585,-2.3625183,1.4605713
72837,0.15014648,-2.2729492,1.5339661
72838,0.20080566,-2.2424316,1.4181519
72839,0.28167725,-2.3217773,1.3417053
72840,0.30532837,-2.3866272,1.2937927
72841,0.35247803,-2.4168396,1.3226318
72842,0.3918457,-2.4153137,1.2463379
72843,0.39596558,-2.4139404,1.1776733
72844,0.4284668,-2.4002075,1.1581421
72845,0.44799805,-2.3983765,1.0855103
72846,0.48110962,-2.4362183,0.92498779
72847,0.62454224,-2.4543762,0.96618652
72848,0.66223144,-2.4017334,0.887146
72849,0.83999634,-2.2845459,0.75393677
72850,0.77133179,-2.3135376,0.58166504
72851,0.7107544,-2.4731445,0.5897522
72852,0.78231812,-2.2514343,0.6716919
72853,0.87890625,-2.4014282,0.64056397
72854,0.89599609,-2.4250793,0.63156128
72855,1.0125732,-2.3423767,0.38146973
72856,1.0586548,-2.2563171,0.47866821
72857,0.99182129,-2.3551941,0.5770874
72858,0.97900391,-2.2245789,0.54473877
72859,0.96160889,-2.0779419,0.41229248
72860,1.0435486,-2.0326233,0.35736084
72861,1.0603333,-2.043457,0.34347534
72862,1.1070251,-2.0730591,0.092773438
72863,1.1517334,-1.8746948,0.002288818
72864,0.94665527,-2.0040894,-0.048065186
72865,1.2440491,-1.9165039,0.017700195
72866,1.3256836,-1.809082,-0.18630981
72867,1.1903381,-1.7712402,-0.22186279
72868,1.277771,-1.9114685,-0.2835083
72869,1.2387085,-1.9061279,-0.069885254
72870,1.3104248,-1.7687988,-0.15823364
72871,1.2081909,-1.7567444,-0.075683594
72872,1.3650513,-1.5763855,-0.24612427
72873,1.1479187,-1.583252,-0.39718628
72874,1.2275696,-1.5942383,-0.46829224
72875,1.2841797,-1.5840149,-0.44677734
72876,1.206665,-1.5048218,-0.49682617
72877,1.1120605,-1.456604,-0.50537109
72878,1.1471558,-1.2663269,-0.55053711
72879,1.2527466,-1.3296509,-0.74386597
72880,1.3352966,-1.184082,-0.80535889
72881,1.1677551,-1.0180664,-0.75897217
72882,1.3848877,-0.81359863,-1.0952759
72883,1.3577271,-0.94650269,-0.81542969
72884,1.211853,-0.85266113,-0.92132568
72885,1.182251,-0.9336853,-0.88439941
72886,1.1314392,-0.87615967,-0.97229004
72887,1.1753845,-0.72296143,-1.028595
72888,1.2646484,-0.70343018,-1.0324097
72889,0.97686768,-0.62805176,-0.95397949
72890,0.97549438,-0.79498291,-0.91445923
72891,1.1010742,-0.64788818,-1.1746216
72892,1.1500549,-0.53955078,-1.1854553
72893,1.1392212,-0.46875,-1.247406
72894,0.95886231,-0.29220581,-1.1949158
72895,0.84533691,-0.39993286,-1.2609863
72896,0.96740723,-0.25848389,-1.2887573
72897,0.831604,-0.22506714,-1.3101196
72898,0.78079224,-0.37948608,-1.4186096
72899,0.81466675,-0.17974853,-1.3754272
72900,0.66543579,-0.19851685,-1.2817383
72901,0.7383728,-0.13687134,-1.3301086
72902,0.51208496,-0.365448,-1.4112854
72903,0.53970337,-0.37353516,-1.374054
72904,0.66040039,-0.34301758,-1.4282227
72905,0.40679932,-0.18478394,-1.5119934
72906,0.43319702,0.21026611,-1.5794373
72907,0.37506103,0.37124634,-1.3748169
72908,0.48294067,0.28823853,-1.2493896
72909,0.36819458,0.45257568,-1.2033081
72910,0.2684021,0.44616699,-1.1863709
72911,0.36911011,0.29693603,-1.4054871
72912,0.16204834,0.64712524,-1.4434814
72913,-0.018157959,0.62606812,-1.2481689
72914,-0.037078857,0.61843872,-1.1448669
72915,-0.050506592,0.57983398,-1.2950134
72916,-0.027313232,0.68099976,-1.4164734
72917,-0.008392334,0.64086914,-1.1904907
72918,-0.11764526,0.74035644,-1.1743164
72919,-0.081634521,0.83236694,-1.3238525
72920,-0.19058228,0.85754394,-1.3897705
72921,-0.22521973,0.79971313,-1.3180542
72922,-0.22720337,0.9425354,-1.262207
72923,-0.26168823,0.90820313,-1.078186
72924,-0.33569336,1.1103821,-1.1221313
72925,-0.34103394,1.0438538,-0.86730957
72926,-0.36972046,1.1663818,-0.98358154
72927,-0.43151856,1.0067749,-0.95031738
72928,-0.63079834,1.1669922,-0.97366333
72929,-0.67687988,1.1462402,-1.0217285
72930,-0.70266724,1.1625671,-0.93963623
72931,-0.89553833,1.2580872,-0.87997437
72932,-0.81893921,1.3142395,-0.75271606
72933,-0.97625732,1.2983704,-0.79650879
72934,-1.0400391,1.158905,-0.77880859
72935,-0.94894409,1.1495972,-0.76522827
72936,-1.2316895,1.1691284,-0.72052002
72937,-1.18927,1.2123108,-0.73547363
72938,-1.3270569,1.1685181,-0.58410644
72939,-1.1256409,1.2483215,-0.51696777
72940,-1.156311,1.2863159,-0.54504394
72941,-1.270752,1.2384033,-0.36102295
72942,-1.2667847,1.3664246,-0.33996582
72943,-1.3671875,0.84625244,-0.45288086
72944,-1.4161682,1.1439514,-0.34362793
72945,-1.388092,0.912323,-0.28503418
72946,-1.3233948,1.2849426,-0.19592285
72947,-1.6836548,1.1598206,-0.079650879
72948,-1.6775513,1.0404968,0.085601807
72949,-1.5884399,1.0452271,-0.001831055
72950,-1.7373657,0.95016479,-0.02243042
72951,-1.6053772,0.98007202,0.23162842
72952,-1.6293335,0.8996582,0.11047363
72953,-1.8005371,1.0533142,0.10314941
72954,-1.8188477,1.1354065,0.25146484
72955,-1.880188,0.98876953,0.33050537
72956,-1.71875,1.0430908,0.22964478
72957,-1.8264771,1.0241699,0.37841797
72958,-1.9067383,0.78964233,0.48431397
72959,-1.9842529,0.83190918,0.36911011
72960,-1.9317627,0.90820313,0.40649414
72961,-1.9796753,0.80810547,0.53863525
72962,-1.9767761,0.95031738,0.59020996
72963,-2.1310425,0.94818115,0.55145264
72964,-1.9424438,0.72814941,0.60302734
72965,-2.1340942,0.66986084,0.60684204
72966,-2.0524597,0.7434082,0.84564209
72967,-2.0939636,0.65048218,0.85968018
72968,-2.2692871,0.70724487,0.95016479
72969,-2.0930481,0.57449341,1.134491
72970,-1.9335938,0.50430298,1.1201477
72971,-1.8969727,0.48721314,0.87921143
72972,-2.1179199,0.35766602,1.0177612
72973,-2.1739197,0.2041626,1.1051941
72974,-1.9566345,0.27435303,1.1773682
72975,-1.9970703,0.24505615,1.1383057
72976,-2.1508789,0.24230957,1.2240601
72977,-1.9909668,0.25573731,1.2004089
72978,-2.0983887,0.036621094,1.2850952
72979,-2.3040771,0.023345947,1.3563538
72980,-1.9523621,-0.068359375,1.3792419
72981,-2.0666504,-0.077514648,1.5873718
72982,-1.9772339,-0.0831604,1.3467407
72983,-1.9145203,-0.10772705,1.4898682
72984,-2.0422363,-0.33752441,1.6020203
72985,-1.953125,-0.31738281,1.4332581
72986,-1.8922424,-0.4385376,1.6160584
72987,-2.0278931,-0.46112061,1.6001892
72988,-1.8862915,-0.66253662,1.439209
72989,-1.9311523,-0.50857544,1.7175293
72990,-1.7497253,-0.69793701,1.7190552
72991,-1.8060303,-0.59371948,1.7616272
72992,-1.7913818,-0.79803467,1.746521
72993,-1.5664673,-1.003418,1.7590332
72994,-1.7831421,-0.91766357,1.7919922
72995,-1.812439,-0.84533691,1.7730713
72996,-1.6127014,-1.036377,1.7144775
72997,-1.6349792,-1.0316467,1.8301392
72998,-1.5109253,-1.1569214,1.8374634
72999,-1.6015625,-1.2882996,1.8525696
73000,-1.5019226,-1.2696838,1.7730713
73001,-1.5586853,-1.289978,1.8226624
73002,-1.4086914,-1.2918091,1.8225098
73003,-1.3941956,-1.1920166,1.8792725
73004,-1.3754272,-1.2670898,1.8180847
73005,-1.2606812,-1.2080383,1.9390869
73006,-1.3391113,-1.1955261,1.8652344
73007,-1.5864563,-1.2812805,1.8855286
73008,-1.5066528,-1.5182495,1.751709
73009,-1.3175964,-1.7089844,1.8544006
73010,-0.96115112,-1.701355,1.802063
73011,-1.3227844,-2.0033264,1.8223572
73012,-0.97290039,-1.9645691,1.7312622
73013,-0.8984375,-1.7443848,1.9044495
73014,-0.94161987,-1.6204834,1.8141174
73015,-0.94284058,-1.7922974,1.7288208
73016,-0.85266113,-1.8635559,1.6456604
73017,-0.70800781,-1.7410278,1.8066406
73018,-0.68344116,-1.7681885,1.7266846
73019,-0.59494019,-1.7649841,1.6990662
73020,-0.58441162,-1.8588257,1.7425537
73021,-0.53741455,-1.9322205,1.5838623
73022,-0.53756714,-2.0889282,1.5779114
73023,-0.32150269,-2.0872498,1.5309143
73024,-0.23666382,-2.0066833,1.7010498
73025,-0.16220093,-2.0120239,1.6500854
73026,-0.26138306,-2.094574,1.5603638
73027,-0.21240234,-1.9509888,1.541748
73028,-0.19775391,-1.9758606,1.4245605
73029,-0.046691895,-2.0709229,1.3490295
73030,-0.009460449,-2.1636963,1.3774109
73031,0.078430176,-2.2244263,1.3282776
73032,0.12008667,-2.2433472,1.277771
73033,-0.03112793,-2.2122192,1.0296631
73034,0.040130615,-2.1716309,1.1842346
73035,0.14328003,-2.0951843,1.0038757
73036,0.19683838,-2.0799255,1.1166382
73037,0.23391724,-2.1028137,0.92208862
73038,0.2545166,-2.2695923,0.93261719
73039,0.29067993,-2.2332764,1.1228943
73040,0.30700684,-2.1273804,0.90499878
73041,0.38619995,-2.1859741,0.94360352
73042,0.36956787,-2.2654724,0.83786011
73043,0.40985107,-2.1606445,0.83129883
73044,0.6564331,-2.1694946,0.90774536
73045,0.63720703,-2.0950317,0.63674927
73046,0.62347412,-2.084198,0.66375732
73047,0.67016602,-2.0500183,0.62988281
73048,0.72784424,-1.9918823,0.45440674
73049,0.75820923,-2.1286011,0.54367065
73050,0.74401856,-2.0739746,0.36651611
73051,0.831604,-2.0095825,0.39779663
73052,0.82244873,-1.9915771,0.36437988
73053,0.79940796,-2.129364,0.22109985
73054,0.82077026,-2.0666504,0.11901856
73055,0.92529297,-1.9711304,0.084533691
73056,0.97366333,-1.9691467,0.17913818
73057,1.0240173,-1.9493103,0.18096924
73058,0.97412109,-1.9850159,0.13534546
73059,1.0258484,-1.7803955,0.13793945
73060,0.94390869,-1.8359375,-0.033874512
73061,0.95901489,-1.7228699,0.14465332
73062,1.020813,-1.8228149,0.055236816
73063,1.129303,-1.8505859,-0.061035156
73064,1.0336304,-1.7381287,-0.15808106
73065,1.0708618,-1.6923523,-0.32196045
73066,1.0220337,-1.6545105,-0.23452759
73067,1.1109924,-1.5354919,-0.37963867
73068,1.2467957,-1.607666,-0.32501221
73069,1.1608887,-1.5563965,-0.46844482
73070,0.97824097,-1.5007019,-0.54870606
73071,1.1627197,-1.5562439,-0.56091309
73072,1.1460876,-1.2765503,-0.61599731
73073,0.96160889,-1.2876892,-0.57815552
73074,0.9841919,-0.9866333,-0.63613892
73075,1.0919189,-1.1907959,-0.67962647
73076,1.0676575,-0.92102051,-0.70159912
73077,0.86929321,-0.92010498,-0.91369629
73078,1.0105896,-1.0499573,-0.91384888
73079,0.94161987,-0.87692261,-0.71777344
73080,0.97412109,-0.78643799,-0.90362549
73081,1.0145569,-0.7963562,-0.90881348
73082,0.84121704,-0.61080933,-0.94299316
73083,0.99060059,-0.43426514,-0.94238281
73084,0.96755981,-0.49865723,-0.92056274
73085,0.8921814,-0.5241394,-1.0151672
73086,0.96054077,-0.44754028,-0.90744019
73087,0.88973999,-0.390625,-0.94680786
73088,0.82260132,-0.45059204,-1.1135864
73089,0.8555603,-0.33737183,-0.9387207
73090,0.90576172,-0.29418945,-1.1813354
73091,0.74417114,-0.29769897,-1.1956787
73092,0.730896,-0.3112793,-1.1607361
73093,0.77148438,-0.20477295,-1.1216736
73094,0.60668945,0.018615723,-1.1729431
73095,0.53573608,-0.12512207,-1.2641907
73096,0.63354492,-0.055084229,-1.312561
73097,0.31784058,-0.27664185,-1.6246033
73098,0.29495239,-0.15777588,-1.3900757
73099,0.39138794,0.22659302,-1.5382385
73100,0.51773071,0.005950928,-1.4836121
73101,0.22186279,0.16235352,-1.2490845
73102,0.36697388,0.29541016,-1.2983704
73103,0.34729004,0.40054321,-1.4518738
73104,0.24612427,0.34729004,-1.3179016
73105,0.22109985,0.31204224,-0.88409424
73106,0.15762329,0.37353516,-1.2402344
73107,0.058135986,0.61355591,-1.1618042
73108,-0.14160156,0.54946899,-1.1978149
73109,-0.004882813,0.57250977,-1.2313843
73110,-0.16098023,0.79666138,-1.2663269
73111,-0.12802124,0.76278687,-1.1312866
73112,-0.17761231,0.72540283,-1.023407
73113,-0.29891968,0.71395874,-0.99945068
73114,-0.30853272,0.71975708,-0.96801758
73115,-0.36804199,0.76766968,-0.89859009
73116,-0.37536621,0.72509766,-1.0084534
73117,-0.45928955,0.77026367,-0.98205566
73118,-0.47515869,0.89355469,-1.0525513
73119,-0.52764893,1.0168457,-0.85800171
73120,-0.52642822,1.0270691,-0.94726563
73121,-0.60424805,1.0928345,-0.99334717
73122,-0.68283081,1.1453247,-0.97610474
73123,-0.66864014,1.0990906,-0.87417603
73124,-0.76843262,0.99227905,-0.6640625
73125,-0.77941894,1.1030579,-0.74371338
73126,-0.85708618,1.0070801,-0.65505981
73127,-0.89492798,1.1502075,-0.69412231
73128,-0.9727478,1.0974121,-0.59051514
73129,-1.015625,1.1758423,-0.54931641
73130,-1.0565186,1.184845,-0.45211792
73131,-1.1320496,1.1512756,-0.44189453
73132,-1.2034607,1.0986328,-0.3503418
73133,-1.3165283,1.2437439,-0.44494629
73134,-1.2606812,1.1450195,-0.2381897
73135,-1.2602234,1.2956238,-0.31402588
73136,-1.40625,1.3291931,-0.26702881
73137,-1.4955139,0.98724365,-0.21453857
73138,-1.5751648,1.1477661,-0.23284912
73139,-1.5644836,1.2364197,-0.30090332
73140,-1.6329956,1.005249,-0.27908325
73141,-1.743927,1.072998,0.02243042
73142,-1.6645813,1.3233948,0.085449219
73143,-1.6007996,1.1233521,0.22094727
73144,-1.6506958,1.0389709,0.03326416
73145,-1.656189,1.1627197,0.14419556
73146,-1.685791,1.0560608,0.12588501
73147,-1.7570496,1.0403442,0.14892578
73148,-1.7124939,1.0717773,0.35339356
73149,-1.7564392,1.0105896,0.25695801
73150,-1.882782,0.90103149,0.46264648
73151,-1.8078613,0.94604492,0.47729492
73152,-1.7964172,0.96038818,0.4309082
73153,-1.9291687,0.79147339,0.52307129
73154,-2.0248413,0.7498169,0.64849853
73155,-1.9702148,0.64682007,0.49987793
73156,-1.9943237,0.70709228,0.58181763
73157,-2.0043945,0.59814453,0.71258545
73158,-1.9764709,0.67642212,0.66162109
73159,-2.0204163,1.3468933,0.83572388
73160,-2.0474243,0.57540894,0.84503174
73161,-1.9261169,0.48950195,0.93505859
73162,-2.074585,0.5519104,0.98129272
73163,-2.0649719,0.49865723,1.0702515
73164,-2.3208618,0.48660278,1.129303
73165,-2.1963501,0.418396,1.0441589
73166,-2.1363831,0.36865234,1.1436462
73167,-2.0783997,0.29937744,1.2634277
73168,-2.2035217,0.14404297,1.1260986
73169,-2.205658,0.20492554,1.1463928
73170,-2.0805359,0.13366699,1.2062073
73171,-2.0123291,0.11260986,1.675415
73172,-1.8139648,0.020294189,1.2628174
73173,-1.960907,-0.016174316,1.2576294
73174,-2.0217896,-0.16571045,1.2756348
73175,-1.9621277,-0.099182129,1.333313
73176,-2.1669006,-0.12390137,1.4846802
73177,-2.1374512,-0.31692505,1.583252
73178,-1.9900513,-0.24383545,1.6194153
73179,-1.8635559,-0.36590576,1.5559387
73180,-1.9621277,-0.27877808,1.4945984
73181,-1.8188477,-0.46508789,1.6036987
73182,-1.7802429,-0.53268433,1.7453003
73183,-1.9685364,-0.84472656,1.5956116
73184,-1.7321777,-0.67047119,1.7538452
73185,-1.6809082,-0.54534912,1.9345093
73186,-1.7312622,-0.73562622,1.8013
73187,-1.8666077,-0.83801269,1.9033813
73188,-1.7982483,-1.1398315,1.7901611
73189,-1.6241455,-1.0449219,1.990509
73190,-1.5779114,-1.0934448,1.7988586
73191,-1.628418,-1.0577393,1.7556763
73192,-1.706543,-1.0023499,1.8179321
73193,-1.5161133,-1.2203979,1.8598938
73194,-1.2634277,-1.1856079,1.9448853
73195,-1.764679,-1.415863,1.9972229
73196,-1.456604,-1.4060974,1.9654846
73197,-1.4865112,-1.5563965,2.0579529
73198,-1.4456177,-1.4546204,1.9615173
73199,-1.31073,-1.6098022,1.960907
73200,-1.5246582,-1.4833069,1.9703674
73201,-1.3543701,-1.6363525,1.6259766
73202,-1.4785767,-1.5052795,1.9552612
73203,-1.1883545,-1.51474,1.8588257
73204,-1.2097168,-1.4976501,1.9073486
73205,-0.97885132,-1.7146301,1.8179321
73206,-0.91827393,-1.8811035,1.70578
73207,-0.90301514,-1.9355774,1.8469238
73208,-0.73043823,-1.7997742,1.8569946
73209,-0.70251465,-1.8951416,1.8908691
73210,-0.71990967,-1.9161987,1.8894959
73211,-0.68557739,-1.8536377,1.8539429
73212,-0.46173096,-2.097168,1.7489624
73213,-0.4737854,-2.0475769,1.8115234
73214,-0.41671753,-2.0440674,1.6925049
73215,-0.33126831,-2.0297241,1.7356873
73216,-0.36621094,-2.0011902,1.7480469
73217,-0.32623291,-2.0426941,1.6705322
73218,-0.29022217,-2.1617126,1.6894531
73219,-0.24765015,-2.2119141,1.5983582
73220,-0.1739502,-2.3416138,1.3806152
73221,-0.063323975,-2.3074341,1.5557861
73222,-0.019836426,-2.2409058,1.5472412
73223,-0.01373291,-2.2705078,1.4181519
73224,0.016326904,-2.3130798,1.3708496
73225,0.092315674,-2.381897,1.3278198
73226,0.13824463,-2.4493408,1.348877
73227,0.13305664,-2.4455261,1.3861084
73228,0.13580322,-2.6138306,1.3235474
73229,0.22277832,-2.3751831,1.1834717
73230,0.15106201,-2.4687195,1.1431885
73231,0.30502319,-2.3347473,0.87265015
73232,0.47042847,-2.2737122,1.0325623
73233,0.4246521,-2.2166443,0.90209961
73234,0.5001831,-2.281189,1.131134
73235,0.4826355,-2.1626282,0.75332642
73236,0.57189941,-2.2628784,0.67565918
73237,0.71060181,-2.1414185,0.82870483
73238,0.62698364,-2.3445129,0.81359863
73239,0.71411133,-2.272644,0.82519531
73240,0.82351685,-2.1192932,0.78826904
73241,0.73364258,-2.2512817,0.58776856
73242,0.83572388,-2.2398376,0.61645508
73243,0.86807251,-2.1456909,0.48934936
73244,0.83908081,-2.2319031,0.49743652
73245,1.0394287,-2.2038269,0.35690308
73246,1.0449219,-2.2163391,0.30426025
73247,0.98815918,-2.1690369,0.44708252
73248,1.1360168,-2.0785522,0.29998779
73249,1.0450745,-2.09198,0.23803711
73250,0.99639893,-1.8743896,0.15991211
73251,1.0037231,-2.0904541,0.11657715
73252,1.2615967,-2.0031738,0.023956299
73253,1.0964966,-1.9691467,-0.009002686
73254,1.3215637,-1.9013977,0.039672852
73255,1.2683105,-1.9668579,0.12084961
73256,1.2120056,-1.8736267,-0.015716553
73257,1.1616516,-1.8789673,0.043487549
73258,1.1816406,-1.77948,-0.22567749
73259,1.2237549,-1.7492676,-0.37597656
73260,1.1523438,-1.625061,-0.46875
73261,1.270752,-1.7710876,-0.51010132
73262,1.3801575,-1.6017151,-0.47241211
73263,1.2348938,-1.5109253,-0.75057983
73264,1.2524414,-1.6423035,-0.74951172
73265,1.1994934,-1.5441895,-0.55618286
73266,1.3220215,-1.5333557,-0.61447144
73267,1.1978149,-1.4952087,-0.60943603
73268,1.2446594,-1.2765503,-0.8265686
73269,1.2481689,-1.2121582,-0.92071533
73270,1.061554,-1.027832,-0.84655762
73271,1.259613,-0.99060059,-0.84625244
73272,1.1502075,-1.0580444,-0.94589233
73273,1.3146973,-1.0235596,-0.99914551
73274,1.2362671,-0.85144043,-0.9916687
73275,1.1138916,-0.81176758,-0.96633911
73276,1.1746216,-0.76629639,-1.0227966
73277,1.0949707,-0.72189331,-1.1140442
73278,1.0484314,-0.67932129,-1.1505127
73279,1.0148621,-0.64300537,-1.1529541
73280,0.93917847,-0.52062988,-1.1810303
73281,0.99853516,-0.5154419,-1.0417175
73282,0.92453003,-0.40832519,-1.1231995
73283,1.0502625,-0.49163818,-1.0617065
73284,0.84243774,-0.52902222,-1.0975647
73285,0.85769653,-0.41625977,-1.4241028
73286,0.81954956,-0.48858643,-1.2585449
73287,0.90133667,-0.28442383,-1.2304688
73288,0.83312988,-0.068359375,-1.3018799
73289,0.75134277,-0.2456665,-1.3920593
73290,0.51818848,-0.7081604,-1.6099548
73291,0.55923462,-0.067749023,-1.4746094
73292,0.51040649,-0.57861328,-1.3996887
73293,0.32592773,-0.019378662,-1.6165161
73294,0.61508179,0.26367188,-1.499939
73295,0.74401856,0.15258789,-1.5211487
73296,0.55725098,0.49240112,-1.4611816
73297,0.42236328,0.65811157,-1.4611816
73298,0.26031494,0.42755127,-1.638031
73299,0.30502319,0.53619385,-1.4834595
73300,0.21667481,0.63552856,-1.4962769
73301,0.18280029,0.64712524,-1.5910339
73302,0.23681641,0.73806763,-1.5336609
73303,0.028991699,0.71121216,-1.111908
73304,0.004272461,0.79559326,-1.4137268
73305,-0.020141602,0.92315674,-1.3395691
73306,-0.026245117,0.94238281,-1.3803101
73307,-0.1171875,1.0165405,-1.4784241
73308,-0.2154541,1.0786438,-1.2818909
73309,-0.24108887,1.1421204,-1.2953186
73310,-0.42160034,1.0269165,-1.1659241
73311,-0.37536621,1.2036133,-1.2731934
73312,-0.50170898,1.0437012,-1.0923767
73313,-0.60455322,1.1392212,-0.97640991
73314,-0.6237793,1.0403442,-0.9703064
73315,-0.64025879,1.1830139,-0.93307495
73316,-0.67367554,1.0108948,-1.1331177
73317,-0.6262207,1.2007141,-0.98953247
73318,-0.67550659,1.3269043,-0.96038818
73319,-0.730896,1.3922119,-0.88012695
73320,-0.82229614,1.4778137,-0.96115112
73321,-0.84960938,1.421814,-0.92300415
73322,-0.90148926,1.3945007,-1.0040283
73323,-0.82183838,1.3423157,-0.98968506
73324,-0.94284058,1.3008118,-0.75683594
73325,-1.1495972,1.2652588,-0.66207886
73326,-1.0978699,1.4405823,-0.58853149
73327,-1.270752,1.439209,-0.71655273
73328,-1.3821411,1.5823364,-0.55175781
73329,-1.4665222,1.3845825,-0.47973633
73330,-1.3049316,1.3690186,-0.44067383
73331,-1.3623047,1.3171387,-0.28625488
73332,-1.4465332,1.3734436,-0.25100708
73333,-1.6181946,1.3354492,-0.29953003
73334,-1.6067505,1.2736511,-0.28381348
73335,-1.7041016,1.1967468,-0.16326904
73336,-1.8948364,1.2232971,-0.6161499
73337,-1.8804932,1.0900879,-0.1953125
73338,-1.7749023,1.2379456,-0.081481934
73339,-1.8649292,1.3142395,-0.052032471
73340,-1.8078613,1.2530518,0.077362061
73341,-1.7985535,1.1982727,0.1524353
73342,-1.8502808,1.2307739,0.17272949
73343,-1.7980957,1.232605,0.15014648
73344,-1.9335938,1.1257935,0.35568237
73345,-2.0094299,1.1444092,0.35827637
73346,-2.0837402,1.1903381,0.2796936
73347,-2.0788574,1.0838318,0.39352417
73348,-2.1380615,1.0920715,0.51635742
73349,-2.1629333,1.1065674,0.52047729
73350,-1.988678,1.0321045,0.52764893
73351,-2.0341492,1.0079956,0.625
73352,-2.102356,0.84060669,0.68603516
73353,-2.1351624,0.82763672,0.73822022
73354,-2.0689392,0.73669434,0.8215332
73355,-2.09198,0.67642212,0.98434448
73356,-2.3210144,0.48599243,0.92559815
73357,-2.2810364,1.489563,0.94711304
73358,-2.1148682,0.574646,1.0394287
73359,-2.2338867,0.64407349,1.0354614
73360,-2.2302246,0.53390503,0.94055176
73361,-2.019043,0.53161621,1.0017395
73362,-2.2683716,0.52337647,1.16745
73363,-2.0664978,0.34744263,1.2869263
73364,-2.1788025,0.14678955,1.0827637
73365,-2.0239258,0.22399902,1.3049316
73366,-2.1966553,0.22125244,1.4677429
73367,-2.2659302,-0.053100586,1.2939453
73368,-2.3332214,-0.037689209,1.1201477
73369,-2.2453308,-0.18203735,1.3504028
73370,-2.3320007,-0.29495239,1.4181519
73371,-2.2694397,-0.2885437,1.5490723
73372,-2.1476746,-0.22903442,1.5971375
73373,-2.0394897,-0.087585449,1.6329956
73374,-2.1020508,-0.37597656,1.4805603
73375,-1.7747498,-0.37689209,1.6125488
73376,-1.9616699,-0.49789429,1.7555237
73377,-1.9328308,-0.55480957,1.9668579
73378,-1.8986511,-0.59555054,1.9735718
73379,-1.9764709,-0.70678711,1.9595337
73380,-1.9494629,-0.75286865,1.8994141
73381,-2.1199036,-0.62088013,1.9523621
73382,-2.0301819,-0.60028076,1.8392944
73383,-1.6482544,-0.6413269,1.8395996
73384,-1.9241333,-0.72509766,1.8579102
73385,-1.8678284,-0.86227417,2.0294189
73386,-1.6734314,-1.0298157,1.9924927
73387,-1.9245911,-1.0221863,2.0753479
73388,-1.7773438,-1.2258911,1.8127441
73389,-1.7462158,-1.2414551,2.0532227
73390,-1.5826416,-1.3948059,1.9953918
73391,-1.7169189,-1.3142395,2.068634
73392,-1.6415405,-1.3630676,2.0397949
73393,-1.4370728,-1.4952087,2.0185852
73394,-1.3929749,-1.5945435,2.0687866
73395,-1.3162231,-1.6441345,1.9833374
73396,-1.4755249,-1.5847778,2.1936035
73397,-1.2731934,-1.5330505,2.071228
73398,-1.2756348,-1.8742371,1.887207
73399,-1.2724304,-1.8725586,1.8295288
73400,-1.1103821,-1.9042969,1.9747925
73401,-0.97106934,-2.1095276,1.9511414
73402,-0.88043213,-1.8182373,1.9970703
73403,-0.97595215,-1.8292236,2.0028687
73404,-0.87112427,-1.9619751,1.9216919
73405,-0.74707031,-1.9210815,2.016449
73406,-0.99182129,-2.0370483,1.9937134
73407,-0.7434082,-2.1063232,2.0484924
73408,-0.6288147,-2.0275879,1.9168091
73409,-0.48660278,-2.1340942,1.914978
73410,-0.52032471,-2.2254944,1.9754028
73411,-0.36849976,-2.2636414,1.8081665
73412,-0.46340942,-2.1504211,1.8629456
73413,-0.33325195,-2.2984314,1.7835999
73414,-0.32287598,-2.2291565,1.8067932
73415,-0.31555176,-2.4432373,1.7425537
73416,-0.22857666,-2.3670959,1.6125488
73417,-0.12374878,-2.4688721,1.6355896
73418,-0.066070557,-2.5189209,1.5710449
73419,-0.066833496,-2.4931335,1.3809204
73420,-0.042572021,-2.4790955,1.4120483
73421,0.021972656,-2.4325562,1.3882446
73422,0.13778687,-2.4649048,1.3354492
73423,0.16693115,-2.4749756,1.378479
73424,0.21728516,-2.436676,1.2936401
73425,0.27404785,-2.4656677,1.2457275
73426,0.28823853,-2.5354004,1.2838745
73427,0.34118652,-2.5738525,1.3122559
73428,0.37689209,-2.4848938,1.3208008
73429,0.42739868,-2.3918152,1.2017822
73430,0.4951477,-2.3558044,1.2528992
73431,0.49377441,-2.3510742,1.0746765
73432,0.62469482,-2.3535156,1.036377
73433,0.64025879,-2.3484802,0.78277588
73434,0.62789917,-2.1887207,0.82885742
73435,0.68405151,-2.0756531,0.65567017
73436,0.83618164,-2.2758484,0.68328857
73437,0.80947876,-2.0907593,0.72174072
73438,0.98510742,-2.1911621,0.55221558
73439,0.78521728,-2.2331238,0.56304932
73440,0.94528198,-2.331543,0.42541504
73441,0.92529297,-2.3065186,0.30548096
73442,1.1051941,-2.1328735,0.24093628
73443,1.0971069,-2.1672058,0.15716553
73444,1.2037659,-2.0193481,0.19683838
73445,1.3011169,-1.9909668,0.20080566
73446,1.1442566,-1.9691467,-0.037994385
73447,1.1540222,-2.2213745,-0.048522949
73448,1.1053467,-2.1406555,-0.006561279
73449,1.2892151,-2.0806885,0.054626465
73450,1.3525391,-1.9941711,0.091094971
73451,1.2759399,-1.8078613,0.020446777
73452,1.2861633,-1.9128418,-0.027923584
73453,1.25,-1.7723084,-0.052337646
73454,1.2719727,-1.8914795,-0.1260376
73455,1.3568115,-1.7974854,-0.20629883
73456,1.3885498,-1.7288208,-0.20263672
73457,1.2686157,-1.6069031,-0.30029297
73458,1.2704468,-1.6442871,-0.58502197
73459,1.3058472,-1.6209412,-0.5607605
73460,1.3783264,-1.5307617,-0.63659668
73461,1.4118958,-1.3658142,-0.69274902
73462,1.4898682,-1.4041138,-0.59539795
73463,1.416626,-1.3414001,-0.54321289
73464,1.3618469,-1.2580872,-0.60409546
73465,1.2727356,-1.0617065,-0.82672119
73466,1.3317871,-1.0061646,-0.92453003
73467,1.2721252,-1.0899353,-0.84716797
73468,1.2879944,-1.0766602,-0.89004517
73469,1.2969971,-1.1112976,-0.80307007
73470,1.3160706,-1.0452271,-0.88317871
73471,1.264801,-0.83877563,-1.0354614
73472,1.2585449,-0.84197998,-1.0678101
73473,1.2203979,-0.75546265,-1.0716248
73474,1.1708069,-0.64056397,-1.2033081
73475,1.1634827,-0.56274414,-1.1726379
73476,1.1018372,-0.56640625,-1.1598206
73477,1.0675049,-0.42877197,-1.1303711
73478,1.2051392,-0.30014038,-1.3241577
73479,1.0958862,-0.21575928,-1.4080811
73480,1.0847473,-0.26901245,-1.2402344
73481,1.0562134,-0.22354126,-1.4233398
73482,0.94100952,-0.24505615,-1.3574219
73483,0.912323,-0.087280273,-1.3523865
73484,0.95535278,-0.17471313,-1.3963318
73485,0.80383301,-0.075531006,-1.2510681
73486,0.73516846,-0.018615723,-1.3549805
73487,0.72418213,0.028991699,-1.4376831
73488,0.71914673,-0.12695313,-1.5068054
73489,0.6829834,1.8716431,-1.4369202
73490,0.76431274,0.26123047,-1.5034485
73491,0.57403565,0.38192749,-1.5870666
73492,0.63705444,0.39398193,-1.6506958
73493,0.5947876,0.4524231,-1.5979004
73494,0.57891846,0.52886963,-1.4868164
73495,0.27069092,0.49636841,-1.4863586
73496,0.33370972,0.39398193,-1.3778687
73497,0.24017334,0.41534424,-1.5118408
73498,0.18630981,0.69610596,-1.4582825
73499,0.13641357,0.67428589,-1.4231873
73500,0.10635376,0.61035156,-1.3903809
73501,0.084838867,0.70892334,-1.4372253
73502,-0.12435913,0.77636719,-1.2698364
73503,-0.043029785,0.84823608,-1.2973022
73504,-0.071716309,0.85296631,-1.2986755
73505,-0.16952515,0.98754883,-1.3859558
73506,-0.18951416,0.7888794,-1.3412476
73507,-0.30792236,1.0830688,-1.2431335
73508,-0.24795532,1.1257935,-1.2837219
73509,-0.38665772,1.0913086,-1.3076782
73510,-0.43685913,1.0595703,-1.2425232
73511,-0.55206299,1.2136841,-1.1421204
73512,-0.66101074,1.0682678,-1.1923218
73513,-0.50170898,1.1355591,-1.0357666
73514,-0.70266724,1.2147522,-1.1497498
73515,-0.89935303,1.285553,-1.0058594
73516,-0.69274902,1.3452148,-0.98495483
73517,-0.80307007,1.4295959,-0.90484619
73518,-0.92727661,1.6046143,-0.79864502
73519,-1.0014343,1.3679504,-0.73608398
73520,-0.91033935,1.1334229,-0.83862305
73521,-1.3150024,1.3581848,-0.66085815
73522,-1.2503052,1.416626,-0.65460205
73523,-1.3014221,1.5211487,-0.61248779
73524,-1.1477661,1.4575195,-0.42892456
73525,-1.1967468,1.3119507,-0.59707642
73526,-1.3999939,1.4228821,-0.66864014
73527,-1.34552,1.2837219,-0.3944397
73528,-1.4720154,1.3235474,-0.38955689
73529,-1.6159058,1.4674377,-0.30059814
73530,-1.6023254,1.2062073,-0.25878906
73531,-1.5533447,1.1885071,-0.29907227
73532,-1.7404175,1.2426758,-0.16433716
73533,-1.6177368,1.138916,-0.43579102
73534,-1.7277527,1.1653137,-0.30349731
73535,-1.6906738,1.1759949,-0.17852783
73536,-1.7022705,1.2911987,-0.072784424
73537,-1.6816711,1.2017822,0.037384033
73538,-1.806488,1.1987305,0.19821167
73539,-1.8328857,1.1221313,0.033569336
73540,-1.8626404,1.0354614,0.1890564
73541,-2.1018982,1.1477661,0.20721435
73542,-2.3876953,1.1621094,0.60394287
73543,-2.1052551,1.2277222,0.49316406
73544,-1.9464111,1.1686707,0.49621582
73545,-1.9204712,1.0754395,0.57022095
73546,-2.0275879,1.0864258,0.53283691
73547,-2.1366882,0.91964722,0.57540894
73548,-2.2973633,0.90896606,0.71105957
73549,-2.2233582,0.95245361,0.69915772
73550,-2.3149109,0.78063965,0.64102173
73551,-2.2406006,0.74203491,0.76293945
73552,-2.0452881,0.62606812,0.89477539
73553,-2.3918152,0.64971924,1.0340881
73554,-2.1029663,0.60913086,1.111908
73555,-2.2320557,1.1170959,1.1943054
73556,-2.0144653,0.3755188,1.2409973
73557,-2.3677063,0.51239014,1.162262
73558,-2.2311401,0.49316406,1.2007141
73559,-2.3193359,0.30914307,1.337738
73560,-2.3905945,0.23620606,1.3394165
73561,-2.0404053,0.29998779,1.295166
73562,-1.9120789,0.27740478,1.2228394
73563,-2.1513367,0.059509277,1.2182617
73564,-2.1058655,0.018768311,1.2994385
73565,-2.1258545,0.061645508,1.497345
73566,-2.1975708,0.022125244,1.5065002
73567,-2.0808411,-0.090332031,1.4425659
73568,-2.1383667,-0.18432617,1.4363098
73569,-2.1504211,-0.27328491,1.3049316
73570,-2.151947,-0.32867432,1.5901184
73571,-1.9442749,-0.58502197,1.6818237
73572,-1.9407654,-0.28366089,1.7619324
73573,-2.1911621,-0.48110962,1.9107056
73574,-2.1911621,-0.31219482,1.8286133
73575,-2.1496582,-0.62011719,1.7094421
73576,-2.1331787,-0.81329346,1.736145
73577,-1.9685364,-0.92285156,1.8261719
73578,-1.8864441,-1.1334229,1.8508911
73579,-1.9184875,-0.8631897,1.9564819
73580,-2.0045471,-1.0348511,1.9006348
73581,-1.8559265,-1.0099792,1.9358826
73582,-1.8241882,-1.0494995,1.9599915
73583,-1.7797852,-1.0992432,2.0385742
73584,-1.6372681,-1.0784912,2.097168
73585,-1.8041992,-1.3661194,2.051239
73586,-1.7514038,-1.3282776,2.2070313
73587,-1.4828491,-1.2194824,2.0045471
73588,-1.6108704,-1.2463379,2.1772766
73589,-1.6142273,-1.2786865,1.9587708
73590,-1.3389587,-1.3169861,1.9825745
73591,-1.2950134,-1.6897583,1.9017029
73592,-1.5106201,-1.5859985,2.0158386
73593,-1.4135742,-1.6819763,1.9654846
73594,-1.4002991,-1.7071533,2.0344543
73595,-1.1346436,-1.8995666,1.9995117
73596,-1.2944031,-1.8128967,1.7912292
73597,-1.1170959,-1.7842102,2.0135498
73598,-0.89538574,-1.7515564,2.0239258
73599,-0.87219238,-1.6641235,2.0336914
73600,-0.88973999,-1.6349792,2.068634
73601,-0.86578369,-1.7706299,1.8545532
73602,-0.834198,-1.7544556,2.0405579
73603,-0.80841065,-1.9551086,1.9801331
73604,-0.61645508,-1.9760132,1.8539429
73605,-0.59036255,-1.9091797,1.8815613
73606,-0.57266235,-2.0521545,1.9439697
73607,-0.53848267,-2.353363,1.7314148
73608,-0.51132202,-2.1525574,1.7474365
73609,-0.42831421,-2.1832275,1.8617249
73610,-0.50262451,-2.0658875,1.8580627
73611,-0.29754639,-2.1200562,1.8101501
73612,-0.36773682,-2.243042,1.7724609
73613,-0.17654419,-2.3358154,1.7776489
73614,-0.25238037,-2.3187256,1.7053223
73615,-0.040893555,-2.4214172,1.5953064
73616,-0.035095215,-2.4136353,1.5065002
73617,-0.10467529,-2.4978638,1.3275146
73618,-0.045776367,-2.3542786,1.3508606
73619,0.094909668,-2.2312927,1.2147522
73620,0.076904297,-2.3384094,1.3334656
73621,0.073547363,-2.3999023,1.2846375
73622,0.30975342,-2.3779297,1.4009094
73623,0.28945923,-2.4124146,1.2677002
73624,0.34713745,-2.4809265,1.2788391
73625,0.49102783,-2.7009583,1.1288452
73626,0.56564331,-2.4995422,1.1923218
73627,0.51025391,-2.5674438,1.0710144
73628,0.59036255,-2.4023438,1.0641479
73629,0.66207886,-2.4069214,0.99212647
73630,0.74584961,-2.440033,0.83816528
73631,0.79055786,-2.2869873,0.77178955
73632,0.82168579,-2.2662354,0.80825806
73633,0.87127685,-2.263031,0.67428589
73634,0.77453613,-2.2796631,0.675354
73635,0.79650879,-2.2415161,0.62850952
73636,0.85464478,-2.2045898,0.64208984
73637,1.1495972,-2.3199463,0.51483154
73638,0.92834473,-2.220459,0.47485352
73639,0.96191406,-2.1395874,0.45761108
73640,1.0173035,-1.8164063,0.40039063
73641,1.1558533,-2.3188782,0.21606445
73642,1.0844421,-2.2921753,0.32745361
73643,1.133728,-2.275238,0.064849854
73644,1.0876465,-2.2677612,0.1675415
73645,1.1546326,-2.024231,0.15319824
73646,1.3279724,-2.0370483,-0.010528564
73647,1.3237,-2.0204163,-0.099945068
73648,1.3891602,-2.0474243,-0.063476563
73649,1.1557007,-2.0541382,-0.11947632
73650,1.41922,-2.0214844,-0.13275147
73651,1.2942505,-1.8415833,-0.21743774
73652,1.3746643,-1.8693542,-0.31967163
73653,1.4326477,-1.7338562,-0.45883179
73654,1.3021851,-1.6880798,-0.47836304
73655,1.3619995,-1.605072,-0.54595947
73656,1.3031006,-1.7274475,-0.57159424
73657,1.4231873,-1.7085266,-0.58776856
73658,1.3754272,-1.4292908,-0.56304932
73659,1.3635254,-1.3461304,-0.8631897
73660,1.2866211,-1.3308716,-0.73272705
73661,1.3095093,-1.2258911,-0.84014893
73662,1.4221191,-1.2733459,-0.8190918
73663,1.4682007,-1.3763428,-0.88607788
73664,1.4682007,-1.469574,-0.88378906
73665,1.4370728,-1.2973022,-0.83831787
73666,1.4147949,-1.2477112,-0.90148926
73667,1.3543701,-1.0592651,-0.88027954
73668,1.3192749,-1.0954285,-0.962677
73669,1.3583374,-0.93185425,-0.9967041
73670,1.2896729,-1.121521,-1.0922241
73671,1.2548828,-0.87234497,-1.0559082
73672,1.1242676,-0.76431274,-1.0813904
73673,1.1636353,-0.68435669,-1.1759949
73674,1.1421204,-0.65155029,-1.3014221
73675,1.2084961,-0.71655273,-1.3282776
73676,1.1264038,-0.46859741,-1.4498901
73677,1.0923767,-0.47805786,-1.1956787
73678,1.0456848,-0.47439575,-1.2919617
73679,1.0322571,-0.40084839,-1.3754272
73680,0.96038818,-0.29998779,-1.3804626
73681,0.89691162,-0.28778076,-1.2368774
73682,0.87432861,-0.18966675,-1.2417603
73683,0.81680298,-0.28030395,-1.4164734
73684,0.69458008,-0.26412964,-1.6638184
73685,0.66711426,-0.052337646,-1.4398193
73686,0.61553955,-0.057067871,-1.4958191
73687,0.76690674,0.029602051,-1.5325928
73688,0.48797607,0.24490356,-1.5357971
73689,0.56015015,0.47241211,-1.4627075
73690,0.55801392,0.28030395,-1.5370178
73691,0.58380127,0.41427612,-1.4793396
73692,0.43899536,0.56030273,-1.6012573
73693,0.39321899,0.70755005,-1.4077759
73694,0.39794922,0.64849853,-1.4855957
73695,0.23620606,0.70404053,-1.477356
73696,0.12939453,0.56793213,-1.5809631
73697,0.10696411,0.83984375,-1.4250183
73698,0.17974853,0.67199707,-1.4360046
73699,0.017242432,0.64849853,-1.4248657
73700,0.084228516,0.7711792,-1.4604187
73701,0.064239502,0.90499878,-1.3223267
73702,-0.040893555,0.95825195,-1.44104
73703,-0.21636963,1.0585022,-1.3298035
73704,-0.32440186,0.95916748,-1.3928223
73705,-0.3855896,1.0420227,-1.2225342
73706,-0.47332764,1.1782837,-1.2376404
73707,-0.43869019,1.1433411,-1.15448
73708,-0.44204712,1.2355041,-1.2496948
73709,-0.48706055,1.1785889,-1.2814331
73710,-0.57327271,1.166687,-1.2716675
73711,-0.62225342,1.2200928,-1.1175537
73712,-0.82473755,1.1112976,-1.0198975
73713,-0.74829102,1.151886,-1.058197
73714,-0.79925537,1.3674927,-0.99746704
73715,-0.97167969,1.4518738,-0.95520019
73716,-0.9324646,1.6136169,-0.92773438
73717,-0.91293335,1.3665771,-0.79711914
73718,-0.91674805,1.3459778,-0.67001343
73719,-1.0852051,1.3327026,-0.63308716
73720,-1.0984802,1.272583,-0.65917969
73721,-1.2168884,1.5507507,-0.70831299
73722,-1.3035584,1.3874817,-0.60424805
73723,-1.3108826,1.4952087,-0.53207397
73724,-1.4752197,1.4961243,-0.66253662
73725,-1.2936401,1.5362549,-0.61569214
73726,-1.3002014,1.5029907,-0.52337647
73727,-1.5551758,1.4241028,-0.49713135
73728,-1.4257813,1.4147949,-0.48797607
73729,-1.4457703,1.1679077,-0.43548584
73730,-1.7454529,1.317749,-0.41564941
73731,-1.6416931,1.3218689,-0.23468018
73732,-1.7503357,1.5223694,-0.1399231
73733,-1.7178345,1.4021301,-0.19775391
73734,-1.7414856,1.328125,-0.10818481
73735,-1.8969727,1.3146973,-0.068206787
73736,-1.9421387,1.1863709,0.091094971
73737,-2.0603943,1.1401367,0.19577026
73738,-2.0071411,1.0897827,0.17440796
73739,-1.9604492,1.2167358,0.26977539
73740,-2.0433044,1.2275696,0.30944824
73741,-2.1798706,1.1943054,0.42480469
73742,-2.1629333,0.96878052,0.3225708
73743,-2.3880005,1.0800171,0.42205811
73744,-2.137146,0.96328735,0.49880981
73745,-2.2499084,0.78735352,0.52734375
73746,-2.1481323,0.76461792,0.53848267
73747,-2.1720886,0.88256836,0.65979004
73748,-2.230835,0.86212158,0.69335938
73749,-2.2045898,0.87661743,0.75469971
73750,-2.2897339,0.99365234,0.86975098
73751,-2.1731567,0.81588745,0.89019775
73752,-2.2032166,0.7498169,0.93505859
73753,-2.3104858,0.75439453,1.0021973
73754,-2.253418,0.81222534,1.1868286
73755,-2.1859741,0.60623169,1.157074
73756,-2.2567749,0.56289673,1.0198975
73757,-2.1884155,0.4397583,1.1553955
73758,-2.3124695,0.390625,1.2799072
73759,-2.2251892,0.37994385,1.2129211
73760,-2.4110413,0.33828735,1.2902832
73761,-2.3123169,0.43014526,1.335144
73762,-2.3071289,0.36834717,1.3578796
73763,-2.1697998,0.11001587,1.2576294
73764,-2.1194458,0.11184692,1.4086914
73765,-2.1292114,0.007324219,1.3821411
73766,-2.0355225,0.044250488,1.5179443
73767,-1.8028259,-0.31768799,1.5724182
73768,-2.1867371,-0.087432861,1.6583252
73769,-2.2796631,-0.079193115,1.73172
73770,-1.9802856,-0.38299561,1.6384888
73771,-2.0928955,-0.37475586,1.6317749
73772,-2.0619202,-0.52841187,1.6131592
73773,-2.1452332,-0.56488037,1.6864014
73774,-1.7219543,-0.89294434,1.7214966
73775,-1.9372559,-0.70556641,1.8034363
73776,-1.9981384,-0.72570801,1.9068909
73777,-2.0576477,-0.64315796,1.7547607
73778,-1.9290161,-0.81954956,1.8586731
73779,-1.900177,-0.86151123,2.0550537
73780,-1.8371582,-0.7661438,2.073822
73781,-1.8226624,-1.0719299,1.9412231
73782,-1.77948,-1.2139893,1.9447327
73783,-1.6955566,-1.149292,1.8920898
73784,-1.7112732,-1.1427307,1.774292
73785,-1.6345215,-1.1634827,1.8751526
73786,-1.5402222,-0.92269897,2.0126343
73787,-1.5840149,-1.1120605,1.9813538
73788,-1.6326904,-1.4604187,1.8865967
73789,-1.5830994,-1.2911987,2.0700073
73790,-1.4738464,-1.5045166,2.0478821
73791,-1.4019775,-1.6183472,1.960144
73792,-1.3191223,-1.5000916,2.0080566
73793,-1.2638855,-1.6741943,2.1337891
73794,-1.0887146,-1.5779114,2.0751953
73795,-0.99578857,-1.6139221,2.0956421
73796,-1.0272217,-1.7263794,1.9842529
73797,-1.1251831,-1.5940857,2.0648193
73798,-1.0508728,-1.47995,2.0657349
73799,-0.8782959,-1.703949,2.1061707
73800,-0.93414307,-1.9400024,1.9691467
73801,-0.91003418,-1.822052,1.9032288
73802,-0.71716309,-2.0419312,1.8682861
73803,-0.5847168,-1.9172668,1.9659424
73804,-0.5456543,-2.2613525,1.8377686
73805,-0.51025391,-2.2613525,1.7675781
73806,-0.40878296,-2.2235107,1.7327881
73807,-0.40405273,-2.2512817,1.6729736
73808,-0.28808594,-2.1725464,1.8643188
73809,-0.29022217,-2.3277283,1.7329407
73810,-0.3453064,-2.2537231,1.8127441
73811,-0.33691406,-2.1430969,1.8080139
73812,-0.33630371,-2.3602295,1.776886
73813,-0.12771606,-2.3065186,1.5794373
73814,-0.077514648,-2.3291016,1.6175842
73815,-0.029296875,-2.2167969,1.6081238
73816,-0.086364746,-2.1562195,1.3917541
73817,0.12588501,-2.2990417,1.5478516
73818,0.13549805,-2.3121643,1.3867188
73819,0.10864258,-2.3667908,1.1540222
73820,0.3616333,-2.3191833,1.2609863
73821,0.28991699,-2.5091553,1.1419678
73822,0.3805542,-2.5090027,1.2969971
73823,0.41275024,-2.460022,1.0464478
73824,0.30166626,-2.4568176,1.0748291
73825,0.47012329,-2.4362183,1.0823059
73826,0.62164307,-2.3461914,1.0092163
73827,0.54840088,-2.237854,1.0145569
73828,0.7383728,-2.4116516,0.86364746
73829,0.74417114,-2.3738098,0.79742432
73830,0.6451416,-2.4264526,0.80978394
73831,0.67687988,-2.4797058,0.72357178
73832,0.75393677,-2.4139404,0.78720093
73833,0.74035644,-2.3667908,0.5947876
73834,0.74615478,-2.2970581,0.68634033
73835,0.90820313,-2.3461914,0.42938232
73836,0.90042114,-2.2247314,0.45806885
73837,1.0540771,-2.2477722,0.47454834
73838,0.91979981,-2.2468567,0.43334961
73839,1.030426,-2.2767639,0.42327881
73840,1.0670471,-2.1789551,0.26443481
73841,1.1102295,-2.1017456,0.17333984
73842,1.1328125,-2.141571,0.24032593
73843,1.1785889,-1.9734192,0.16998291
73844,1.2123108,-2.0614624,0.18081665
73845,1.2220764,-2.0227051,-0.088500977
73846,1.0488892,-2.0137024,0.007629395
73847,1.1236572,-1.8710327,-0.29571533
73848,1.2745666,-1.7207336,-0.11856079
73849,1.1584473,-1.7092896,-0.11795044
73850,1.1109924,-1.7454529,-0.024871826
73851,1.1103821,-1.7622375,-0.061645508
73852,1.1711121,-1.5962219,-0.13656616
73853,1.2615967,-1.5145874,-0.23925781
73854,1.2567139,-1.4353943,-0.34500122
73855,1.3327026,-1.3700867,-0.46417236
73856,1.0978699,-1.3771057,-0.50231934
73857,1.0594177,-1.4677429,-0.50949097
73858,1.3842773,-1.3320923,-0.56274414
73859,1.0348511,-1.2911987,-0.59677124
73860,1.2075806,-1.3330078,-0.69732666
73861,1.2268066,-1.3642883,-0.83190918
73862,1.346283,-1.3626099,-0.87387085
73863,1.1256409,-1.2234497,-0.93887329
73864,1.2454224,-1.0551453,-0.94573975
73865,1.1166382,-0.9274292,-0.83129883
73866,1.1500549,-0.93704224,-0.94573975
73867,1.1233521,-0.90621948,-1.1688232
73868,1.2408447,-0.96282959,-1.0508728
73869,1.1012268,-0.99746704,-1.0269165
73870,1.0752869,-0.98358154,-0.92376709
73871,0.93444824,-0.75378418,-1.020813
73872,1.0035706,-0.7572937,-0.93093872
73873,0.9034729,-0.62347412,-1.1174011
73874,0.90438843,-0.4888916,-1.2586975
73875,0.99273682,-0.42236328,-1.1752319
73876,1.0113525,-0.32409668,-1.2619019
73877,0.92422485,-0.33477783,-1.293335
73878,0.86105347,-0.31311035,-1.3505554
73879,0.82214356,-0.13198853,-1.3053894
73880,0.84075928,-0.17211914,-1.287384
73881,0.63659668,0.15533447,-1.4501953
73882,0.66131592,0.05859375,-1.313324
73883,0.31845093,-0.59036255,-1.6047668
73884,0.17837524,-0.35400391,-1.4463806
73885,0.39718628,-0.15991211,-1.4187622
73886,0.60714722,0.20446777,-1.3142395
73887,0.41442871,0.37033081,-1.3342285
73888,0.50689697,0.44387817,-1.2835693
73889,0.48355103,0.40405273,-1.262207
73890,0.4057312,0.43991089,-1.4517212
73891,0.3352356,0.45654297,-1.2680054
73892,0.15884399,0.70037842,-1.1883545
73893,0.1751709,0.51834106,-1.4375305
73894,0.091247559,0.51605225,-1.2158203
73895,0.054168701,0.6312561,-1.4147949
73896,0.028381348,0.65994263,-1.3963318
73897,-0.026397705,0.51315308,-1.2359619
73898,-0.10406494,0.60729981,-1.1035156
73899,-0.16815185,0.62927246,-1.2834167
73900,-0.1423645,0.61126709,-1.1943054
73901,-0.31890869,0.87310791,-1.2141418
73902,-0.36010742,0.87112427,-1.0310364
73903,-0.4019165,0.99304199,-1.0066223
73904,-0.44799805,1.1112976,-0.92559815
73905,-0.31463623,1.1917114,-0.93414307
73906,-0.54748535,1.1505127,-1.118927
73907,-0.40237427,1.096344,-0.92773438
73908,-0.62072754,1.0456848,-0.91979981
73909,-0.67657471,1.0531616,-0.8984375
73910,-0.98434448,1.1030579,-0.90713501
73911,-0.77911377,1.1676025,-0.92880249
73912,-0.82580566,1.2844849,-0.92437744
73913,-0.7333374,1.2698364,-0.92575073
73914,-0.94299316,1.0891724,-0.95779419
73915,-0.8517456,1.1775208,-0.93170166
73916,-1.1122131,1.3070679,-0.67260742
73917,-1.0830688,1.1550903,-0.50460815
73918,-0.92269897,1.0229492,-0.55130005
73919,-1.0350037,1.3394165,-0.54672241
73920,-1.2367249,1.2889099,-0.63217163
73921,-1.2771606,1.1509705,-0.45959473
73922,-1.0375977,1.0749817,-0.3779602
73923,-1.2597656,1.2237549,-0.31051636
73924,-1.346283,1.1793518,-0.30578613
73925,-1.484375,1.0037231,-0.4586792
73926,-1.4012146,1.182251,-0.33294678
73927,-1.6355896,1.1367798,-0.1298523
73928,-1.4318848,1.1697388,-0.098571777
73929,-1.5794373,1.2768555,-0.005187988
73930,-1.7027283,1.1920166,0.036621094
73931,-1.4997864,1.1172485,-0.031738281
73932,-1.6487122,1.1468506,0.11627197
73933,-1.7105103,1.1141968,0.21057129
73934,-1.8559265,1.0778809,0.30395508
73935,-1.7800903,1.0116577,0.21636963
73936,-1.7556763,1.0282898,0.28594971
73937,-1.9250488,1.0972595,0.30105591
73938,-1.8745422,1.0101318,0.41549683
73939,-2.0658875,1.0189819,0.52398682
73940,-1.8486023,1.0623169,0.38452148
73941,-2.0010376,1.0144043,0.6048584
73942,-2.0124817,0.86074829,0.44403076
73943,-1.7973328,0.74768066,0.6741333
73944,-2.0925903,1.0040283,0.61325073
73945,-2.0079041,0.87493897,0.7623291
73946,-2.0918274,0.82702637,0.85159302
73947,-2.1226501,0.66360474,0.81665039
73948,-1.9955444,0.62530518,0.703125
73949,-2.073822,0.67687988,0.81054688
73950,-1.7311096,0.41595459,0.80047607
73951,-1.9638062,0.45822144,0.859375
73952,-1.867981,0.36697388,0.88012695
73953,-1.9416809,0.31921387,1.0295105
73954,-2.0674133,0.23788452,1.005249
73955,-1.9924927,0.28991699,1.0733032
73956,-2.0599365,0.21240234,1.2016296
73957,-2.1009827,0.26992798,1.2768555
73958,-1.8597412,0.10528565,1.3679504
73959,-2.0358276,0.085906982,1.2734985
73960,-2.1972656,-0.016326904,1.2983704
73961,-1.9993591,-0.23178101,1.3214111
73962,-2.0178223,-0.057067871,1.448822
73963,-1.9136047,-0.20111084,1.4361572
73964,-1.9871521,-0.26565552,1.4851379
73965,-2.0175171,-0.33843994,1.6516113
73966,-2.0698547,-0.5001831,1.6624451
73967,-1.8798828,-0.35308838,1.7510986
73968,-1.8528748,-0.4699707,1.8408203
73969,-1.9190979,-0.41595459,1.8254089
73970,-1.7370605,-0.54550171,1.8151855
73971,-1.7481995,-0.82214356,1.7938232
73972,-1.8811035,-0.76705933,1.7575073
73973,-1.7588806,-0.78125,1.781311
73974,-1.7695618,-0.79742432,1.65802
73975,-1.8128967,-0.79147339,1.9142151
73976,-1.726532,-0.7762146,1.816864
73977,-1.713562,-0.73806763,1.8360901
73978,-1.7446899,-1.0508728,1.8829346
73979,-1.6159058,-1.1161804,1.9554138
73980,-1.6351318,-1.2451172,2.0823669
73981,-1.3780212,-1.1810303,1.943512
73982,-1.3084412,-1.1775208,1.9606018
73983,-1.5020752,-1.1982727,1.7784119
73984,-1.3618469,-1.242981,1.9265747
73985,-1.3305664,-1.4385986,1.9891357
73986,-1.3179016,-1.4654541,1.7146301
73987,-1.2792969,-1.4923096,1.8261719
73988,-1.1427307,-1.3793945,1.8803406
73989,-1.0710144,-1.6162109,2.0065308
73990,-1.0423279,-1.6159058,1.803894
73991,-0.92819214,-1.7282104,1.7541504
73992,-1.0397339,-1.6381836,1.8228149
73993,-1.0256958,-1.7495728,1.7976379
73994,-0.91583252,-1.8058777,1.8103027
73995,-0.8291626,-1.7945862,1.8711853
73996,-0.73028565,-1.8406677,1.8707275
73997,-0.56121826,-1.975708,1.7936707
73998,-0.81069946,-1.946106,1.7950439
73999,-0.67459106,-1.8069458,1.8704224
74000,-0.57144165,-1.8893433,1.736145
74001,-0.51452637,-2.0158386,1.8334961
74002,-0.47805786,-2.0123291,1.7895508
74003,-0.48553467,-2.0791626,1.8716431
74004,-0.38208008,-2.1614075,1.7941284
74005,-0.28762817,-2.1984863,1.652832
74006,-0.15823364,-2.0727539,1.7272949
74007,-0.26779175,-2.0584106,1.5803528
74008,-0.25741577,-2.1026611,1.5713501
74009,-0.15625,-2.0509338,1.4717102
74010,-0.054168701,-2.3265076,1.5426636
74011,-0.13824463,-2.333374,1.2956238
74012,-0.092163086,-2.3718262,1.3113403
74013,-0.007019043,-2.1391296,1.2103271
74014,0.002746582,-2.1714783,1.0870361
74015,0.078430176,-2.2897339,1.2808228
74016,0.16799927,-2.2343445,1.1811829
74017,0.4309082,-2.2389221,1.1239624
74018,0.27893066,-2.2247314,1.2101746
74019,0.4699707,-2.2001648,1.0913086
74020,0.3288269,-2.2488403,1.0186768
74021,0.5090332,-2.1714783,0.83892822
74022,0.39474487,-2.3173523,0.89553833
74023,0.63766479,-2.2647095,0.95108032
74024,0.72143555,-2.1934509,0.84228516
74025,0.38299561,-2.1806335,0.78384399
74026,0.46386719,-2.2090149,0.67321777
74027,0.60882568,-1.9328308,0.68572998
74028,0.56167603,-2.1150208,0.54260254
74029,0.8392334,-2.1565247,0.67443848
74030,0.81176758,-2.0350647,0.54763794
74031,0.78796387,-1.9049072,0.5657959
74032,0.78826904,-2.1046448,0.49499512
74033,0.84243774,-2.1008301,0.37414551
74034,0.80474853,-1.9859314,0.27694702
74035,0.912323,-1.9189453,0.1159668
74036,1.0400391,-1.8899536,0.1991272
74037,0.98999023,-2.0245361,0.18981934
74038,1.0594177,-1.9647217,0.14526367
74039,1.0794067,-1.9297791,0.092163086
74040,1.0731506,-1.79245,0.18218994
74041,1.2287903,-1.776886,0.041809082
74042,0.9777832,-1.6943359,-0.10421753
74043,1.0289001,-1.7358398,0.003814697
74044,1.0432434,-1.6610718,-0.1008606
74045,1.0643005,-1.5670776,-0.30578613
74046,1.1009216,-1.5313721,-0.34179688
74047,1.105957,-1.4724731,-0.59967041
74048,1.2530518,-1.4868164,-0.56976318
74049,1.108551,-1.4631653,-0.67230225
74050,0.96832275,-1.505127,-0.46295166
74051,1.02005,-1.3613892,-0.48583984
74052,1.1582947,-1.3368225,-0.58258057
74053,1.1126709,-1.4143372,-0.51498413
74054,1.1720276,-1.2194824,-0.75912476
74055,1.2350464,-1.0324097,-0.76400757
74056,1.0824585,-0.89035034,-0.62088013
74057,1.2060547,-1.0479736,-0.64834595
74058,1.1807251,-1.0861206,-0.65429688
74059,1.2220764,-0.92208862,-0.76309204
74060,1.101532,-0.85876465,-0.82107544
74061,1.0934448,-0.67062378,-0.81481934
74062,1.0452271,-0.78262329,-0.90240478
74063,1.08078,-0.55557251,-0.86120606
74064,1.0856628,-0.62652588,-0.92178345
74065,0.92773438,-0.42816162,-1.1074829
74066,0.86547852,-0.41870117,-1.0769653
74067,0.90270996,-0.52459717,-1.158905
74068,0.7800293,-0.44433594,-1.1985779
74069,0.8656311,-0.47332764,-1.2602234
74070,0.80627441,-0.30654907,-1.0502625
74071,0.85891724,-0.25787353,-1.2133789
74072,0.82992554,-0.15640259,-1.1630249
74073,0.89385986,-0.062561035,-1.240387
74074,0.67901611,-0.04119873,-1.1434937
74075,0.56976318,-0.18875122,-1.1322021
74076,0.79925537,-0.035552979,-1.2411499
74077,0.54138184,-0.13870239,-1.361084
74078,0.44433594,-0.077514648,-1.3632202
74079,0.20126343,-0.04486084,-1.7498779
74080,0.44342041,0.26367188,-1.3311768
74081,0.38208008,0.13793945,-1.3230896
74082,0.37597656,0.16052246,-1.2789917
74083,0.28869629,0.4800415,-1.4764404
74084,0.31356811,0.415802,-1.4299011
74085,0.32684326,0.35614014,-1.26297
74086,0.26473999,0.54641724,-1.3220215
74087,0.27648926,0.61279297,-1.3076782
74088,0.049743652,0.73364258,-1.1694336
74089,0.10604858,0.6930542,-1.2304688
74090,-0.040130615,0.70587158,-1.2705994
74091,-0.085601807,0.82702637,-1.1526489
74092,-0.19165039,0.85464478,-1.1645508
74093,-0.28335571,0.97198486,-1.1134338
74094,-0.30593872,0.85113525,-1.1547852
74095,-0.22140503,0.90087891,-1.1984253
74096,-0.4107666,0.96435547,-0.95413208
74097,-0.39459228,0.96069336,-1.0656738
74098,-0.59112549,0.90270996,-0.9828186
74099,-0.50125122,0.93841553,-1.0128784
74100,-0.61401367,0.99349976,-0.9614563
74101,-0.70739746,1.2243652,-0.96954346
74102,-0.70068359,1.162262,-0.98815918
74103,-0.84823608,1.2918091,-0.86410522
74104,-0.81817627,1.2545776,-0.91308594
74105,-0.91781616,1.207428,-0.80505371
74106,-0.84747315,1.178894,-0.8543396
74107,-0.95626831,1.1791992,-0.79345703
74108,-1.0047913,1.1553955,-0.74935913
74109,-1.0037231,1.1999512,-0.69259644
74110,-1.0632324,1.1024475,-0.69885254
74111,-1.1921692,1.1758423,-0.60501099
74112,-1.1399841,1.2345886,-0.66833496
74113,-1.1607361,1.1999512,-0.54122925
74114,-1.3302612,1.2016296,-0.41183472
74115,-1.3763428,1.1309814,-0.30059814
74116,-1.3409424,1.1300659,-0.34545898
74117,-1.3214111,1.1680603,-0.29083252
74118,-1.4250183,1.2234497,-0.2154541
74119,-1.4889526,1.2518311,-0.1373291
74120,-1.5289307,1.2062073,-0.057067871
74121,-1.7362976,0.74005127,-0.086364746
74122,-1.6928101,1.060791,-0.13656616
74123,-1.4331055,1.1662292,0.007476807
74124,-1.5997314,1.1328125,0.14923096
74125,-1.612854,1.0545349,0.043945313
74126,-1.7398071,1.065979,0.13748169
74127,-1.6870117,1.113739,0.15350342
74128,-1.8463135,0.93505859,0.24658203
74129,-1.8058777,1.0708618,0.34362793
74130,-1.842804,0.91995239,0.32470703
74131,-1.9102478,1.0400391,0.31204224
74132,-1.9390869,0.90942383,0.55725098
74133,-1.934967,0.98022461,0.53222656
74134,-2.0944214,0.82733154,0.55786133
74135,-2.0256042,0.8581543,0.55511475
74136,-2.0433044,0.84762573,0.4460144
74137,-2.2351074,0.7434082,0.64178467
74138,-2.1311951,0.75073242,0.57540894
74139,-1.9906616,0.75378418,0.83435059
74140,-2.2370911,0.71777344,0.94268799
74141,-2.0187378,0.68969727,0.9576416
74142,-2.283783,0.57998657,1.0482788
74143,-2.0692444,0.73959351,1.0150146
74144,-2.0446777,0.6401062,1.0301209
74145,-2.1032715,0.38803101,0.987854
74146,-2.1066284,0.46096802,1.0324097
74147,-2.1640015,0.46447754,1.214447
74148,-2.0275879,0.22506714,1.3467407
74149,-2.0143127,0.1512146,1.210022
74150,-2.0315552,0.95458984,1.2561035
74151,-2.0735168,0.12283325,1.3868713
74152,-2.1766663,-0.029449463,1.2997437
74153,-2.1739197,0.049591064,1.3494873
74154,-2.0968628,-0.032958984,1.4195251
74155,-1.9522095,-0.10467529,1.6442871
74156,-1.9969177,-0.27740478,1.4898682
74157,-2.0001221,-0.3213501,1.5588379
74158,-1.9238281,0.004425049,1.633606
74159,-2.1362305,-0.28564453,1.5661621
74160,-2.0103455,-0.41152954,1.6482544
74161,-2.0687866,-0.47622681,1.6888428
74162,-2.1884155,-0.94970703,1.6311646
74163,-1.8756104,-0.89889526,1.6357422
74164,-1.9010925,-0.94207764,1.6751099
74165,-2.0056152,-0.80474853,1.6723633
74166,-2.0137024,-0.76354981,1.6929626
74167,-1.8513489,-0.8366394,1.5661621
74168,-1.7150879,-0.98556519,1.7306519
74169,-1.8048096,-0.82717896,1.9589233
74170,-1.5744019,-0.94589233,1.8644714
74171,-1.6751099,-1.0488892,1.8496704
74172,-1.8051147,-1.21521,1.7553711
74173,-1.5904236,-1.2002563,1.7495728
74174,-1.6494751,-1.2263489,2.0645142
74175,-1.5019226,-1.1837769,1.8278503
74176,-1.3977051,-1.3198853,1.9387817
74177,-1.5602112,-1.4143372,1.9474792
74178,-1.3838196,-1.7645264,1.8399048
74179,-1.4160156,-1.580658,2.0248413
74180,-1.3624573,-1.7314148,1.8783569
74181,-1.2426758,-1.5107727,1.9003296
74182,-1.3894653,-1.6696167,2.0249939
74183,-1.0879517,-1.6040039,1.975708
74184,-1.4393616,-1.9519043,1.9793701
74185,-1.1709595,-1.8045044,1.8171692
74186,-1.0847473,-1.749115,1.7988586
74187,-0.98861694,-1.592865,1.9755554
74188,-0.97366333,-1.5855408,1.9163513
74189,-0.92697144,-1.7442322,1.9764709
74190,-0.96191406,-1.8406677,1.9033813
74191,-0.88516235,-1.8821716,1.8901062
74192,-0.80551147,-1.9728088,1.9345093
74193,-0.63232422,-2.119751,1.7063904
74194,-0.56121826,-2.0230103,1.5560913
74195,-0.50872803,-2.1429443,1.552124
74196,-0.45776367,-2.2084045,1.7030334
74197,-0.443573,-2.0666504,1.7077637
74198,-0.37597656,-2.043457,1.8322754
74199,-0.38986206,-1.980896,1.7453003
74200,-0.34210205,-2.1894836,1.6993713
74201,-0.21118164,-2.2045898,1.5965271
74202,-0.1826477,-2.3886108,1.4640808
74203,-0.16418457,-2.4278259,1.3720703
74204,-0.13580322,-2.4247742,1.463623
74205,0.031433105,-2.3202515,1.1914063
74206,0.092468262,-2.1580505,1.1819458
74207,0.1524353,-2.4899292,1.0136414
74208,0.16479492,-2.3950195,1.1978149
74209,0.16220093,-2.4182129,1.1012268
74210,0.35644531,-2.3558044,1.2063599
74211,0.4032898,-2.537384,1.0360718
74212,0.4586792,-2.4447632,0.91888428
74213,0.43655395,-2.4610901,1.0594177
74214,0.49331665,-2.2807312,0.93414307
74215,0.45166016,-2.4821472,0.93688965
74216,0.64712524,-2.5390625,0.8757019
74217,0.67657471,-2.3339844,0.96954346
74218,0.7862854,-2.1936035,0.88821411
74219,0.64208984,-2.1130371,0.70877075
74220,0.69915772,-2.0207214,0.56945801
74221,0.79940796,-2.0663452,0.65612793
74222,0.7951355,-2.0114136,0.6060791
74223,0.92636108,-2.3446655,0.44189453
74224,0.98632813,-2.2558594,0.61950684
74225,0.909729,-2.202301,0.35003662
74226,1.0835266,-2.2988892,0.29464722
74227,1.1791992,-2.2427368,0.24734497
74228,1.162262,-2.2325134,0.19271851
74229,1.1450195,-2.1960449,0.24749756
74230,1.1068726,-2.0953369,0.31936645
74231,1.1357117,-2.0480347,0.15258789
74232,1.1697388,-1.9473267,0.16525269
74233,1.1831665,-2.000885,0.050964355
74234,1.2026978,-1.9845581,-0.079040527
74235,1.1349487,-1.9735718,-0.22476196
74236,1.2220764,-1.7668152,-0.19515991
74237,1.1473084,-1.8197632,-0.37033081
74238,1.2814331,-1.8327332,-0.33432007
74239,1.3111877,-1.8070984,-0.28518677
74240,1.399231,-1.7034912,-0.40206909
74241,1.1659241,-1.6792297,-0.5581665
74242,1.2644959,-1.5795898,-0.4586792
74243,1.3497925,-1.612854,-0.56518555
74244,1.355896,-1.7211914,-0.65933228
74245,1.3519287,-1.5226746,-0.71716309
74246,1.3050842,-1.4974976,-0.72616577
74247,1.3131714,-1.5205383,-0.71212769
74248,1.2750244,-1.4002991,-0.57693481
74249,1.1309814,-1.3204956,-0.72875977
74250,1.2390137,-1.166687,-0.78216553
74251,1.3711548,-1.111908,-0.8555603
74252,1.252594,-1.0273743,-0.99884033
74253,1.1608887,-1.0275269,-1.0374451
74254,1.355896,-1.0739136,-1.0035706
74255,1.1453247,-1.02005,-1.053772
74256,1.1820984,-0.9463501,-0.99655151
74257,1.1515808,-0.83633423,-1.1962891
74258,1.0932922,-0.77850342,-1.2013245
74259,1.1013794,-0.8782959,-1.1177063
74260,1.1784363,-0.65322876,-1.2069702
74261,1.0803223,-0.47836304,-1.084137
74262,1.103363,-0.55038452,-1.3613892
74263,0.96817017,-0.49377441,-1.3421631
74264,0.89263916,-0.48858643,-1.2779236
74265,0.88851929,-0.42953491,-1.3034058
74266,0.87036133,-0.48217773,-1.1978149
74267,0.80444336,-0.3414917,-1.268158
74268,0.9046936,-0.21942139,-1.2442017
74269,0.69107056,-0.19378662,-1.2081909
74270,0.97869873,0.041503906,-1.2597656
74271,0.59661865,-0.32028198,-1.4091492
74272,0.44769287,-0.08102417,-1.4575195
74273,0.82580566,0.024108887,-1.4375305
74274,0.59234619,0.13870239,-1.5634155
74275,0.51193237,0.33157349,-1.4465332
74276,0.51681519,0.45837402,-1.439209
74277,0.50292969,0.50415039,-1.7303467
74278,0.50582886,0.53955078,-1.4271545
74279,0.34561157,0.57128906,-1.6760254
74280,0.32440186,0.38497925,-1.3053894
74281,0.40359497,0.41320801,-1.502533
74282,0.30609131,1.2011719,-1.5461731
74283,0.20736694,0.71685791,-1.3388062
74284,0.098266602,0.65383911,-1.2921143
74285,0.097503662,0.69869995,-1.3368225
74286,-0.004577637,0.67642212,-1.2509155
74287,-0.095214844,0.66421509,-1.1804199
74288,-0.17242432,1.0151672,-1.252594
74289,-0.097808838,0.91873169,-1.2585449
74290,-0.18661499,0.90499878,-1.2542725
74291,-0.35125732,1.1463928,-1.1123657
74292,-0.37094116,1.1804199,-1.1827087
74293,-0.35614014,1.1520386,-1.0044861
74294,-0.57647705,1.2521362,-1.0934448
74295,-0.47714233,1.1856079,-1.1987305
74296,-0.48828125,1.2197876,-1.0646057
74297,-0.64834595,1.0774231,-1.121521
74298,-0.67672729,1.2850952,-1.0421753
74299,-0.80108643,1.2651062,-1.0218811
74300,-0.94223022,1.3702393,-0.98342896
74301,-0.94100952,1.4181519,-1.0061646
74302,-0.98693848,1.3829041,-0.97015381
74303,-1.0597229,1.3021851,-0.81085205
74304,-1.0502625,1.3172913,-0.74829102
74305,-1.1097717,1.3549805,-0.70739746
74306,-0.97625732,1.3638306,-0.65597534
74307,-1.1938477,1.4509583,-0.7019043
74308,-1.1643982,1.5304565,-0.50384522
74309,-1.3389587,1.557312,-0.49072266
74310,-1.3249207,1.3308716,-0.60241699
74311,-1.3658142,1.3777161,-0.59677124
74312,-1.3127136,1.4041138,-0.4284668
74313,-1.4091492,1.4001465,-0.48614502
74314,-1.4225769,1.449585,-0.27252197
74315,-1.6073608,1.3768005,-0.33309936
74316,-1.6073608,1.3604736,-0.22644043
74317,-1.8992615,1.1366272,-0.1689148
74318,-1.7277527,1.3237,-0.13961792
74319,-1.8115234,1.5148926,0.069885254
74320,-1.8994141,1.2818909,0.13717651
74321,-1.8334961,1.2612915,0.15625
74322,-1.6812134,1.2480164,0.26504517
74323,-1.8974304,1.4231873,0.28091431
74324,-1.8457031,1.2390137,0.28808594
74325,-2.011261,1.159668,0.40298462
74326,-2.0747375,1.2306213,0.45654297
74327,-1.9656372,1.0848999,0.48904419
74328,-2.0144653,1.0534668,0.3666687
74329,-1.9503784,1.1828613,0.56015015
74330,-2.1353149,1.1732483,0.49606323
74331,-2.1633911,1.0314941,0.63980103
74332,-2.150116,0.95947266,0.79544067
74333,-2.0578003,1.0237122,0.7649231
74334,-2.2132874,1.0197449,0.73532104
74335,-2.3069763,0.94970703,0.8531189
74336,-2.3266602,0.82992554,0.89477539
74337,-2.0896912,0.84030151,0.92651367
74338,-2.2090149,0.89691162,1.043396
74339,-2.2009277,0.63323975,0.90393066
74340,-2.3345947,0.55877685,1.1198425
74341,-2.1466064,0.59005737,1.1633301
74342,-2.3049927,0.5128479,1.2637329
74343,-2.2793579,0.33432007,1.3400269
74344,-2.0549011,0.48156738,1.209259
74345,-2.0568848,0.39672852,1.1672974
74346,-2.1664429,0.2243042,1.3284302
74347,-2.2746277,0.010681152,1.2898254
74348,-2.1844482,0.67886353,1.5403748
74349,-2.2117615,0.001068115,1.3539124
74350,-2.1763611,0.015411377,1.5649414
74351,-2.1092224,-0.042572021,1.4654541
74352,-2.1769714,0.090332031,1.4424133
74353,-1.9013977,-0.3414917,1.4907837
74354,-2.0355225,-0.37704468,1.6236877
74355,-1.9610596,-0.38192749,1.8054199
74356,-1.9294739,-0.35461426,1.6705322
74357,-1.9520569,-0.51071167,1.5081787
74358,-2.0669556,-0.36193848,1.6810608
74359,-2.019043,-0.3326416,1.7868042
74360,-1.9580078,-0.81069946,1.7326355
74361,-1.9447327,-0.78826904,1.5713501
74362,-2.0249939,-0.89447022,1.8727112
74363,-1.8280029,-0.67184448,1.9918823
74364,-1.84021,-0.71807861,1.9244385
74365,-1.6877747,-0.69580078,1.9888306
74366,-1.8167114,-0.81359863,1.9386291
74367,-1.8637085,-1.2193298,1.8240356
74368,-1.7253113,-1.027832,1.9680786
74369,-1.7095947,-1.3362122,1.9702148
74370,-1.7526245,-1.2528992,1.9146729
74371,-1.7437744,-1.2973022,1.9091797
74372,-1.672821,-1.1912537,2.084198
74373,-1.51474,-1.3487244,1.9245911
74374,-1.5029907,-1.5066528,1.8682861
74375,-1.4486694,-1.6082764,1.8490601
74376,-1.4370728,-1.461792,2.0826721
74377,-1.4344788,-1.8280029,1.9020081
74378,-1.3792419,-1.7990112,1.8367004
74379,-1.1456299,-1.7376709,1.9851685
74380,-1.0528564,-1.9287109,1.5484619
74381,-1.1380005,-2.0097351,1.8141174
74382,-0.71365356,-2.1188354,1.7044067
74383,-1.0591125,-2.0800781,1.7907715
74384,-1.1404419,-1.9891357,1.8534851
74385,-1.0212708,-1.915741,1.8341064
74386,-0.81787109,-2.0114136,1.9322205
74387,-0.78048706,-2.0840454,2.1295166
74388,-0.70098877,-2.0346069,2.0243835
74389,-0.56503296,-2.0500183,2.0013428
74390,-0.59387207,-2.1018982,1.9215393
74391,-0.52398682,-2.1379089,1.9090271
74392,-0.40252686,-2.2627258,1.8946838
74393,-0.51300049,-2.1272278,1.8482971
74394,-0.41290283,-2.1607971,1.787262
74395,-0.32608032,-2.1986389,1.6830444
74396,-0.2696228,-2.0050049,1.6558838
74397,-0.13168335,-2.1792603,1.6157532
74398,-0.24887085,-2.1934509,1.6419983
74399,0.069885254,-2.2732544,1.54953
74400,-0.12817383,-2.3175049,1.5209961
74401,0.056152344,-2.4084473,1.3615417
74402,0.092926025,-2.3976135,1.4083862
74403,0.1373291,-2.4197388,1.3523865
74404,0.17074585,-2.3957825,1.3616943
74405,0.24291992,-2.2889709,1.3809204
74406,0.25268555,-2.4009705,1.3163757
74407,0.42419434,-2.3454285,1.237793
74408,0.26489258,-2.4809265,1.2260437
74409,0.40481567,-2.4719238,1.0983276
74410,0.48339844,-2.4667358,0.95809937
74411,0.45776367,-2.3184204,0.91217041
74412,0.6652832,-2.4485779,0.91156006
74413,0.7170105,-2.4169922,0.79483032
74414,0.76690674,-2.5004578,0.82366943
74415,0.7774353,-2.336731,0.63796997
74416,0.85891724,-2.2647095,0.51818848
74417,0.98754883,-2.1969604,0.61355591
74418,0.88439941,-2.3231506,0.59341431
74419,1.0481262,-2.2935486,0.57250977
74420,0.99761963,-2.2628784,0.52230835
74421,0.97549438,-2.277832,0.3112793
74422,1.1422729,-2.2077942,0.41870117
74423,1.1097717,-2.2085571,0.37643433
74424,1.0366821,-2.0429993,0.36956787
74425,1.2341309,-2.0782471,0.28717041
74426,1.1380005,-2.2465515,0.10162354
74427,1.0778809,-2.2293091,0.10238648
74428,1.1390686,-1.9906616,0.19104004
74429,1.2115479,-2.0555115,0.19073486
74430,1.2162781,-2.0370483,-0.043945313
74431,1.1453247,-1.7919922,0.019683838
74432,1.156311,-1.8028259,-0.074157715
74433,1.2754822,-1.8321228,-0.25466919
74434,1.2565613,-1.92276,-0.19454956
74435,1.3668823,-1.8582153,-0.28930664
74436,1.3748169,-1.82724,-0.49377441
74437,1.2280273,-1.7504883,-0.31677246
74438,1.2313843,-1.5670776,-0.33981323
74439,1.2799072,-1.7120361,-0.55984497
74440,1.2802124,-1.62323,-0.546875
74441,1.3600159,-1.5689087,-0.63461304
74442,1.3261414,-1.5379334,-0.64971924
74443,1.2516785,-1.3510132,-0.70281982
74444,1.2591553,-1.2425232,-0.68328857
74445,1.3272095,-1.2101746,-0.72280884
74446,1.3063049,-1.0720825,-0.76171875
74447,1.3882446,-1.131897,-0.86868286
74448,1.2109375,-1.0528564,-1.0635376
74449,1.2138367,-1.1468506,-0.91018677
74450,1.2600708,-1.0545349,-0.92483521
74451,1.2567139,-1.0351563,-0.98510742
74452,1.3787842,-0.94924927,-0.95458984
74453,1.2628174,-0.98510742,-0.83847046
74454,1.055603,-0.91552734,-1.0176086
74455,1.1193848,-0.81481934,-1.1791992
74456,1.1105347,-0.67382813,-1.166687
74457,1.2443542,-0.62408447,-1.2684631
74458,1.0482788,-0.57006836,-1.2634277
74459,1.0722351,-0.47454834,-1.3537598
74460,0.98876953,-0.3352356,-1.229248
74461,0.84732056,-0.24017334,-1.2451172
74462,0.85388184,-0.10238648,-1.3653564
74463,0.75210571,-0.19668579,-1.3871765
74464,0.82931519,0.012207031,-1.3444519
74465,0.753479,-0.080718994,-1.5228271
74466,0.7963562,-0.28625488,-1.6275024
74467,0.62454224,-0.31890869,-1.7001343
74468,0.66070557,-0.1663208,-1.5188599
74469,0.69366455,0.31143189,-1.4442444
74470,0.75897217,0.23803711,-1.4080811
74471,0.55053711,0.071716309,-1.2760925
74472,0.62698364,0.27053833,-1.4135742
74473,0.51895142,0.4560852,-1.2956238
74474,0.52474976,0.4776001,-1.3850403
74475,0.49880981,0.50918579,-1.3957214
74476,0.44219971,0.82641602,-1.456604
74477,0.43243408,0.63201904,-1.5362549
74478,0.28488159,0.51818848,-1.497345
74479,0.24307251,0.50308228,-1.4039612
74480,0.19287109,0.887146,-1.4660645
74481,0.016326904,0.74417114,-1.6151428
74482,-0.078277588,0.72906494,-1.4326477
74483,-0.030975342,0.71670532,-1.4317322
74484,-0.060424805,0.84732056,-1.2023926
74485,-0.1991272,0.8656311,-1.2730408
74486,-0.14434815,0.9437561,-1.4413452
74487,-0.1663208,1.0510254,-1.3848877
74488,-0.38162231,1.1029053,-1.3345337
74489,-0.42068481,1.1616516,-1.3670349
74490,-0.47775269,1.3388062,-1.3357544
74491,-0.37475586,1.3157654,-1.1483765
74492,-0.51254272,1.4118958,-1.0548401
74493,-0.52841187,1.2950134,-1.0441589
74494,-0.81466675,1.3311768,-0.88989258
74495,-0.9715271,1.2110901,-0.92391968
74496,-0.85189819,1.3569641,-1.0298157
74497,-0.9060669,1.3764954,-1.1471558
74498,-0.89309692,1.594696,-1.0293579
74499,-1.0346985,1.6415405,-0.88806152
74500,-0.99639893,1.4596558,-0.9147644
74501,-0.89523315,1.5509033,-0.86380005
74502,-1.2876892,1.4352417,-0.69137573
74503,-1.1512756,1.3952637,-0.86456299
74504,-1.3244629,1.4804077,-0.80474853
74505,-1.3220215,1.5925598,-0.65856934
74506,-1.3256836,1.516571,-0.53085327
74507,-1.4758301,1.5907288,-0.45028686
74508,-1.3909912,1.348114,-0.36437988
74509,-1.4932251,1.4402771,-0.39215088
74510,-1.4718628,1.277771,-0.40740967
74511,-1.4764404,1.4718628,-0.2355957
74512,-1.6654968,1.50177,-0.18310547
74513,-1.763916,1.187439,-0.089874268
74514,-1.8136597,1.4154053,-0.23376465
74515,-1.7965698,1.0046387,-0.15289307
74516,-1.7576599,1.0951233,-0.043334961
74517,-1.7379761,1.2084961,-0.017089844
74518,-1.9000244,1.2327576,0.092926025
74519,-1.8870544,1.1865234,0.017089844
74520,-1.9528198,1.2420654,0.14190674
74521,-1.9515991,1.2542725,0.20446777
74522,-2.0143127,1.1529541,0.34683228
74523,-1.9848633,1.2208557,0.2230835
74524,-2.0310974,1.0681152,0.29693603
74525,-2.1226501,1.1514282,0.44021606
74526,-2.1150208,1.0734558,0.33432007
74527,-2.2158813,0.93795776,0.44265747
74528,-2.2331238,0.97167969,0.4284668
74529,-2.1368408,0.93048096,0.74920654
74530,-2.2576904,0.88912964,0.75912476
74531,-2.3379517,0.82397461,0.85571289
74532,-2.5364685,0.66452026,0.72891235
74533,-2.4768066,0.5619812,0.89660644
74534,-2.3141479,0.64331055,0.8114624
74535,-2.3130798,0.68115234,0.9992981
74536,-2.2755432,0.60546875,1.0507202
74537,-2.2949219,0.49194336,1.0510254
74538,-2.2909546,0.33218384,0.96160889
74539,-2.252655,0.34515381,1.0073853
74540,-2.2996521,0.33355713,1.0743713
74541,-2.2918701,0.085449219,1.2638855
74542,-2.3745728,0.28503418,1.137085
74543,-2.2640991,0.2041626,1.4625549
74544,-2.2343445,0.046844482,1.6241455
74545,-2.3188782,0.1739502,1.414032
74546,-2.2705078,0.15304565,1.4137268
74547,-2.2515869,0.67947388,1.1775208
74548,-2.1986389,-0.061645508,1.4979553
74549,-2.2166443,-0.11077881,1.5136719
74550,-2.1105957,-0.069274902,1.6853333
74551,-2.1704102,-0.24093628,1.7041016
74552,-2.2433472,-0.42602539,1.5386963
74553,-2.1697998,-0.46630859,1.7094421
74554,-2.1911621,-0.35247803,1.913147
74555,-2.1398926,-0.69793701,1.7724609
74556,-2.1250916,-0.4498291,1.9387817
74557,-2.1728516,-0.54504394,1.8717957
74558,-2.1406555,-0.96511841,1.6867065
74559,-1.9493103,-0.9046936,1.8040466
74560,-2.1089172,-1.0322571,1.8803406
74561,-1.940155,-0.80963135,1.8217468
74562,-1.9708252,-0.87814331,1.8771362
74563,-1.9084167,-0.91979981,2.0748901
74564,-1.8482971,-1.0925293,2.0777893
74565,-1.8293762,-1.3485718,1.9726563
74566,-1.6532898,-1.7456055,2.0811462
74567,-1.8466187,-1.4900208,2.1151733
74568,-1.8418884,-1.5318298,2.1846008
74569,-1.5415955,-1.3365173,2.2120667
74570,-1.555481,-1.3273621,2.0932007
74571,-1.5611267,-1.3618469,2.0761108
74572,-1.370697,-1.4866638,1.9979858
74573,-1.5525818,-1.7364502,2.0309448
74574,-1.5512085,-1.9093323,2.07901
74575,-1.4222717,-1.7572021,2.2203064
74576,-1.2998962,-1.852417,2.2120667
74577,-1.1985779,-1.7643738,1.9967651
74578,-0.70495606,-2.0352173,1.914978
74579,-1.1904907,-2.197113,1.8907166
74580,-1.1621094,-1.9584656,2.043457
74581,-1.0327148,-1.7405701,2.0666504
74582,-0.85693359,-1.5649414,2.0220947
74583,-0.83587647,-1.912384,2.0324707
74584,-0.81390381,-1.9024658,1.9059753
74585,-0.63659668,-1.9314575,1.9828796
74586,-0.71456909,-2.0425415,2.0141602
74587,-0.63995361,-2.1615601,1.7565918
74588,-0.65368652,-2.102356,1.7907715
74589,-0.32485962,-2.1104431,1.8965149
74590,-0.51055908,-2.2601318,1.7823791
74591,-0.31524658,-2.2891235,1.8482971
74592,-0.31585693,-2.4775696,1.7315674
74593,-0.18798828,-2.2608948,1.7228699
74594,-0.23071289,-2.3722839,1.6481018
74595,-0.090332031,-2.3506165,1.7474365
74596,-0.096740723,-2.4185181,1.5873718
74597,-0.070953369,-2.4278259,1.6029358
74598,-0.051574707,-2.522583,1.5087891
74599,-0.043792725,-2.4606323,1.4523315
74600,0.088500977,-2.4417114,1.4387512
74601,0.20843506,-2.4224854,1.4050293
74602,0.1512146,-2.3902893,1.4894104
74603,0.27236939,-2.3286438,1.3066101
74604,0.39520264,-2.4246216,1.2463379
74605,0.4548645,-2.5270081,1.3691711
74606,0.36560059,-2.3649597,1.144104
74607,0.44464111,-2.6077271,1.0826111
74608,0.58380127,-1.9610596,1.1624146
74609,0.57342529,-2.3657227,1.0253906
74610,0.7522583,-2.7374268,1.0870361
74611,0.78140259,-2.6785278,1.0025024
74612,0.75378418,-2.39151,0.93093872
74613,0.92880249,-2.6715088,0.87280273
74614,0.89202881,-2.5666809,0.64407349
74615,0.80734253,-2.4041748,0.73043823
74616,0.9211731,-2.3779297,0.70159912
74617,0.95962524,-2.2753906,0.66345215
74618,0.95855713,-2.3388672,0.48858643
74619,1.0244751,-2.1560669,0.54382324
74620,0.94940185,-2.0916748,0.5657959
74621,1.0958862,-2.3419189,0.43930054
74622,0.92926025,-2.3658752,0.40145874
74623,1.0557556,-2.3320007,0.34729004
74624,1.0121155,-2.2297668,0.18630981
74625,1.1524963,-2.0184326,0.12878418
74626,1.0682678,-2.0748901,0.072631836
74627,1.1494446,-2.0524597,-0.09552002
74628,1.2484741,-2.0451355,0.06729126
74629,1.418457,-1.9978333,-0.11672974
74630,1.3049316,-2.01828,-0.084075928
74631,1.4207459,-1.9412231,-0.11398315
74632,1.423645,-1.8652344,-0.15899658
74633,1.3566589,-1.7643738,-0.35324097
74634,1.4369202,-1.8281555,-0.42327881
74635,1.4213562,-1.8939209,-0.47729492
74636,1.5002441,-1.8197632,-0.57159424
74637,1.4826965,-1.8527222,-0.62225342
74638,1.3693237,-1.6503906,-0.46356201
74639,1.4927673,-1.7164612,-0.63171387
74640,1.5249634,-1.5234375,-0.68771362
74641,1.4524841,-1.5637207,-0.75759888
74642,1.4916992,-1.4611816,-0.81497192
74643,1.4987183,-1.4866638,-0.87234497
74644,1.3476563,-1.421814,-0.82046509
74645,1.4614868,-1.2895203,-0.98312378
74646,1.3476563,-1.1488342,-0.82519531
74647,1.3595581,-1.0221863,-0.82580566
74648,1.4318848,-1.0751343,-1.0244751
74649,1.3702393,-1.0269165,-0.95657349
74650,1.4485168,-0.93719482,-1.0237122
74651,1.3296509,-0.88760376,-1.0424805
74652,1.2634277,-0.94848633,-1.1091614
74653,1.3200378,-0.79620361,-1.1700439
74654,1.2820435,-0.83297729,-1.153717
74655,1.2475586,-0.78323364,-1.2059021
74656,1.1882019,-0.68939209,-1.267395
74657,1.1572266,-0.47912598,-1.2802124
74658,1.0935974,-0.49209595,-1.2268066
74659,1.0969543,-0.38375855,-1.1985779
74660,1.1270142,-0.35736084,-1.285553
74661,0.98236084,-0.31219482,-1.2590027
74662,1.0044861,-0.21484375,-1.3096619
74663,0.92163086,-0.1524353,-1.2879944
74664,0.82290649,-0.12924194,-1.29776
74665,0.70877075,-0.048370361,-1.3108826
74666,0.74462891,-0.30822754,-1.5600586
74667,0.54718018,-0.15014648,-1.4706421
74668,0.74951172,0.054016113,-1.6438293
74669,0.82336426,0.17425537,-1.5763855
74670,0.5847168,0.15228272,-1.5350342
74671,0.45089722,0.23895264,-1.5582275
74672,0.66680908,0.34545898,-1.5765381
74673,0.51025391,0.44067383,-1.4408875
74674,0.48416138,0.47409058,-1.5753174
74675,0.46813965,0.50537109,-1.3499451
74676,0.36392212,0.54672241,-1.4558411
74677,0.20278931,0.60165405,-1.4526367
74678,0.25024414,0.70022583,-1.3829041
74679,0.17440796,0.48919678,-1.578064
74680,0.12924194,0.75866699,-1.4648438
74681,-0.007629395,1.2588501,-1.3604736
74682,0.066070557,1.5924072,-1.3204956
74683,0.016937256,0.61431885,-1.3499451
74684,-0.13839722,0.87615967,-1.3085938
74685,-0.16418457,0.88043213,-1.3464355
74686,-0.13717651,0.93460083,-1.3180542
74687,-0.26016235,0.98831177,-1.3816834
74688,-0.42633057,0.9815979,-1.2348938
74689,-0.39733887,1.1660767,-1.2301636
74690,-0.41564941,1.2232971,-1.2536621
74691,-0.48568726,1.2030029,-1.2863159
74692,-0.63278198,1.2521362,-1.1499023
74693,-0.61096191,1.2991333,-1.0215759
74694,-0.6161499,1.2837219,-0.97473144
74695,-0.52642822,1.3165283,-1.0549927
74696,-0.85235596,1.2289429,-0.9262085
74697,-0.95748901,1.2744141,-0.75714111
74698,-0.94451904,1.2744141,-0.74050903
74699,-0.81115723,1.3238525,-0.74935913
74700,-0.93673706,1.3261414,-0.71929932
74701,-1.0525513,1.1508179,-0.63476563
74702,-1.1437988,1.2783813,-0.68206787
74703,-1.1816406,1.3571167,-0.59417725
74704,-1.2411499,1.426239,-0.78033447
74705,-1.2193298,1.2438965,-0.66497803
74706,-1.2605286,1.287384,-0.71090698
74707,-1.5139771,1.5167236,-0.49407959
74708,-1.4761353,1.3027954,-0.5506897
74709,-1.4572144,1.4723206,-0.43991089
74710,-1.6201782,1.4569092,-0.287323
74711,-1.512146,1.3130188,-0.24688721
74712,-1.5800476,1.3973999,-0.29296875
74713,-1.5979004,1.3964844,-0.16448975
74714,-1.7453003,1.340332,-0.054321289
74715,-1.9750977,1.231842,-0.11749268
74716,-1.8373108,1.2072754,-0.10559082
74717,-1.9477844,1.2149048,0.000610352
74718,-1.885376,1.3600159,0.10299683
74719,-1.8997192,1.4404297,0.21240234
74720,-1.8215942,1.6221619,0.32043457
74721,-1.7707825,1.1993408,0.34057617
74722,-1.9918823,1.0115051,0.3553772
74723,-1.9485474,0.96801758,0.40237427
74724,-2.1826172,0.86593628,0.34332275
74725,-2.2265625,0.97671509,0.40130615
74726,-2.0582581,0.97183228,0.52978516
74727,-2.1958923,0.94863892,0.53237915
74728,-2.0170593,0.76812744,0.60974121
74729,-2.3466492,0.89294434,0.60211182
74730,-2.0744324,1.2713623,0.73684692
74731,-2.2680664,1.2261963,0.82199097
74732,-2.2207642,1.0101318,0.81420898
74733,-2.1643066,0.84533691,0.91308594
74734,-2.2627258,0.74539185,1.0852051
74735,-2.1871948,0.46936035,1.1488342
74736,-2.3043823,0.46722412,1.1029053
74737,-2.288208,0.24932861,0.93612671
74738,-2.2029114,0.3704834,0.99426269
74739,-2.2872925,0.092010498,1.0757446
74740,-2.2697449,0.32897949,0.962677
74741,-2.1820068,0.21530151,1.3812256
74742,-2.2607422,0.43823242,1.2109375
74743,-2.0263672,0.041809082,1.45401
74744,-2.1159363,-0.18966675,1.2210083
74745,-2.1438599,-0.26290894,1.210022
74746,-2.1603394,-0.39093018,1.4024353
74747,-2.142334,-0.65368652,1.5493774
74748,-2.1316528,-0.013580322,1.4031982
74749,-1.9668579,1.1080933,1.5437317
74750,-2.2625732,1.1303711,1.6235352
74751,-2.1759033,-0.36895752,1.7803955
74752,-2.0324707,-0.34118652,1.6885376
74753,-2.1543884,-0.31768799,1.7697144
74754,-2.0413208,-0.43823242,1.8208313
74755,-2.0379639,-0.5065918,1.8063354
74756,-1.9430542,-0.4750061,1.8579102
74757,-1.9946289,-0.66726685,1.8435669
74758,-1.9393921,-0.78399658,1.8925476
74759,-1.7669678,-0.86303711,1.8617249
74760,-1.8185425,-0.86181641,1.9711304
74761,-1.7515564,-0.90866089,1.8470764
74762,-1.6609192,-0.9425354,1.7536926
74763,-1.7640686,-1.0209656,2.0178223
74764,-1.6273499,-0.98144531,1.9351196
74765,-1.5263367,-1.207428,1.9242859
74766,-1.6065979,-1.2275696,1.870575
74767,-1.6139221,-1.3699341,1.7906189
74768,-1.5788269,-1.35849,1.9264221
74769,-1.2358093,-1.2265015,2.0675659
74770,-1.3322449,-1.3468933,1.867981
74771,-1.4472961,-1.6410828,1.8501282
74772,-1.3861084,-1.4709473,1.819458
74773,-1.3288879,-1.4855957,1.7453003
74774,-1.178894,-1.6455078,1.8902588
74775,-1.2463379,-1.6059875,1.8875122
74776,-1.1381531,-1.7277527,1.8891907
74777,-1.0223389,-1.8309021,2.0288086
74778,-0.99197388,-1.7597961,1.8533325
74779,-0.91674805,-1.8893433,2.0201111
74780,-0.87783813,-1.8057251,2.0219421
74781,-0.94329834,-1.8545532,2.0419312
74782,-0.6829834,-1.8341064,1.9548035
74783,-0.63598633,-1.9656372,1.9500732
74784,-0.68344116,-1.8925476,1.7982483
74785,-0.79223633,-1.9448853,1.9619751
74786,-0.67199707,-1.8270874,1.842041
74787,-0.56304932,-2.1994019,1.6307068
74788,-0.46859741,-2.1485901,1.6531372
74789,-0.51101685,-2.2485352,1.6055298
74790,-0.44952393,-2.2207642,1.5625
74791,-0.3314209,-2.1896362,1.7597961
74792,-0.28015137,-2.0991516,1.7219543
74793,-0.16571045,-2.1852112,1.6448975
74794,-0.084991455,-2.2827148,1.6589355
74795,-0.004730225,-2.245636,1.5574646
74796,-0.064697266,-2.3233032,1.4720154
74797,-0.1121521,-2.3910522,1.6235352
74798,0.087127686,-2.4839783,1.4837646
74799,0.04119873,-2.3138428,1.3368225
74800,0.26596069,-2.2201538,1.257019
74801,0.31723022,-2.1939087,1.2057495
74802,0.33966064,-2.2561646,1.1721802
74803,0.26855469,-2.3544312,1.1631775
74804,0.33859253,-2.1870422,1.1131287
74805,0.50872803,-2.3513794,0.90866089
74806,0.60058594,-2.2814941,0.82458496
74807,0.66589356,-2.23526,0.80581665
74808,0.69107056,-2.3095703,0.90118408
74809,0.54794312,-2.2923279,0.83587647
74810,0.65551758,-2.454834,0.80657959
74811,0.64712524,-2.3243713,0.52001953
74812,0.63018799,-2.3760986,0.62957764
74813,0.75042725,-2.3071289,0.67932129
74814,0.78674316,-2.2691345,0.52658081
74815,0.82870483,-2.2312927,0.60562134
74816,0.83877563,-2.2648621,0.52459717
74817,0.88287353,-2.207489,0.37841797
74818,0.92788696,-2.1980286,0.38726807
74819,0.98327637,-2.1525574,0.32348633
74820,1.0743713,-2.0957947,0.27648926
74821,1.1343384,-2.0901489,0.25894165
74822,1.1593628,-2.0451355,0.23864746
74823,1.2025452,-1.9898987,0.20446777
74824,1.1418152,-2.0172119,0.057983398
74825,1.0275269,-1.9429016,0.098876953
74826,1.0075378,-1.9017029,-0.053863525
74827,1.2237549,-1.7358398,-0.17456055
74828,1.1016846,-1.8008423,-0.12802124
74829,1.1633301,-1.7866516,-0.13061523
74830,1.1656189,-1.8972778,-0.29586792
74831,1.2060547,-1.7082214,-0.16113281
74832,1.2281799,-1.6860962,-0.050964355
74833,1.2155151,-1.6590881,-0.093383789
74834,1.2191772,-1.5023804,-0.46707153
74835,1.3093567,-1.4630127,-0.44158936
74836,1.1016846,-1.5093994,-0.54702759
74837,1.0810852,-1.2976074,-0.57037353
74838,1.1532593,-1.4123535,-0.58349609
74839,1.2005615,-1.2747192,-0.57952881
74840,1.1369324,-1.2454224,-0.4850769
74841,1.2030029,-1.2608337,-0.7850647
74842,1.0325623,-1.2084961,-0.71853638
74843,1.1485291,-1.1427307,-0.78903198
74844,1.09375,-1.0084534,-0.8052063
74845,1.1779785,-0.85891724,-0.87921143
74846,1.2268066,-0.8001709,-0.91110229
74847,1.0990906,-0.63903809,-0.92056274
74848,1.1302185,-0.62591553,-1.0684204
74849,1.2138367,-0.49743652,-1.0665894
74850,1.1036682,-0.6729126,-1.0955811
74851,1.2516785,-0.64407349,-1.0050964
74852,1.1627197,-0.54107666,-1.1505127
74853,0.98861694,-0.5065918,-1.0475159
74854,0.85906982,-0.42175293,-1.1117554
74855,0.88897705,-0.49453735,-1.0792541
74856,0.97625732,-0.26672363,-1.1688232
74857,0.94985962,-0.27145386,-1.4035034
74858,0.7723999,-0.33020019,-1.2724304
74859,0.91934204,-0.31311035,-1.3497925
74860,0.82580566,-0.18676758,-1.302948
74861,0.72174072,-0.17074585,-1.476593
74862,0.69412231,-0.054016113,-1.2413025
74863,0.50521851,-0.06729126,-1.3798523
74864,0.50949097,0.105896,-1.2414551
74865,0.40588379,0.12268066,-1.1759949
74866,0.55007935,0.066833496,-1.2574768
74867,0.44250488,0.11703491,-1.2167358
74868,0.34973144,0.31448364,-1.315918
74869,0.28045654,0.19058228,-1.4524841
74870,0.23208618,0.32958984,-1.2414551
74871,0.20965576,0.32577515,-1.206665
74872,0.26062012,0.3779602,-1.1566162
74873,0.24597168,0.35263061,-1.3319397
74874,0.084686279,0.55648804,-1.3897705
74875,-0.043029785,0.53039551,-1.2667847
74876,-0.021514893,0.74005127,-1.2640381
74877,0.007324219,0.61294556,-1.2591553
74878,0.013427734,0.88302612,-1.3616943
74879,-0.099487305,0.68084717,-1.2208557
74880,-0.12695313,0.87554932,-1.2515259
74881,-0.33782959,0.92773438,-1.1471558
74882,-0.27236939,1.3627625,-1.0047913
74883,-0.38833618,0.8895874,-1.1244202
74884,-0.37460327,0.98587036,-1.1804199
74885,-0.60852051,0.93658447,-1.0046387
74886,-0.68099976,1.2071228,-0.96466065
74887,-0.75683594,1.0166931,-0.97961426
74888,-0.63476563,1.206665,-1.1987305
74889,-0.60256958,1.2695313,-1.2060547
74890,-0.68191528,1.235199,-1.0079956
74891,-0.75073242,1.1433411,-0.97366333
74892,-0.85220337,1.033783,-0.80993652
74893,-0.80001831,1.1538696,-0.88806152
74894,-0.89431763,1.0955811,-0.71121216
74895,-0.96694946,1.272583,-0.81954956
74896,-1.0197449,1.312561,-0.70770264
74897,-1.0887146,1.3380432,-0.66619873
74898,-1.0610962,1.1880493,-0.64529419
74899,-0.99960327,1.2010193,-0.58181763
74900,-1.2112427,1.061554,-0.51422119
74901,-1.2348938,1.2348938,-0.36865234
74902,-1.2536621,1.162262,-0.44631958
74903,-1.28479,1.232605,-0.37536621
74904,-1.3705444,1.2588501,-0.27832031
74905,-1.7541504,1.1009216,-0.20843506
74906,-1.5342712,1.2786865,-0.17456055
74907,-1.6622925,1.2405396,-0.065307617
74908,-1.6802979,1.2112427,-0.020141602
74909,-1.6819763,1.1242676,-0.094909668
74910,-1.6087341,1.1477661,-0.14099121
74911,-1.6017151,1.0787964,-0.043334961
74912,-1.6699219,1.0031128,0.1234436
74913,-1.7692566,1.0211182,0.3036499
74914,-1.7709351,1.1914063,0.19638062
74915,-1.6027832,1.1225891,0.24963379
74916,-1.8876648,0.96511841,0.31402588
74917,-1.8299866,1.0342407,0.28137207
74918,-1.9906616,1.0968018,0.43395996
74919,-1.7910767,0.96130371,0.4725647
74920,-1.7657471,0.96557617,0.5090332
74921,-1.9070435,1.0798645,0.60073853
74922,-1.9197083,0.88195801,0.54260254
74923,-2.0606995,0.96374512,0.60928345
74924,-2.1772766,0.82717896,0.57128906
74925,-2.1902466,0.75912476,0.63980103
74926,-2.0454407,0.82305908,0.72235107
74927,-1.9958496,0.86151123,0.59997559
74928,-1.9668579,0.82046509,0.72967529
74929,-2.1890259,0.72128296,0.67047119
74930,-2.071991,0.48431397,0.70083618
74931,-1.9425964,0.68618774,0.82397461
74932,-1.9953918,0.54199219,0.91567993
74933,-2.084198,0.56182861,1.0272217
74934,-2.0986938,0.40740967,1.1204529
74935,-2.1229553,0.35797119,1.0099792
74936,-2.0793152,0.30822754,1.036377
74937,-2.0661926,0.2243042,1.0971069
74938,-1.9528198,0.068359375,1.2609863
74939,-1.9160461,0.16357422,1.2013245
74940,-1.8960571,0.03692627,1.1895752
74941,-1.9343567,-0.033111572,1.4411926
74942,-1.8383789,-0.037841797,1.6114807
74943,-1.9599915,-0.17700195,1.3868713
74944,-1.8289185,-0.1473999,1.4266968
74945,-1.9036865,-0.31524658,1.5405273
74946,-1.8511963,-0.3288269,1.6705322
74947,-1.8083191,-0.44555664,1.4929199
74948,-1.8927002,-0.49026489,1.7767334
74949,-1.8473816,-0.57052612,1.5376282
74950,-1.9050598,-0.65322876,1.6162109
74951,-1.8655396,-0.55145264,1.8234253
74952,-1.6386414,-0.4737854,1.7224121
74953,-1.8171692,-0.61126709,1.697998
74954,-1.6531372,-0.62438965,1.7733765
74955,-1.6685486,-0.82962036,1.6938782
74956,-1.7698669,-0.80566406,1.8083191
74957,-1.6917419,-0.87310791,1.8017578
74958,-1.7210388,-1.0192871,1.7652893
74959,-1.7373657,-1.0406494,1.8006897
74960,-1.65802,-1.0968018,2.0341492
74961,-1.6142273,-1.1662292,1.7800903
74962,-1.5083313,-1.2771606,1.7861938
74963,-1.3731384,-1.3938904,1.9610596
74964,-1.5808105,-1.5194702,1.9274902
74965,-1.4732361,-1.4221191,1.8901062
74966,-1.4274597,-1.4616394,1.8356323
74967,-1.353302,-1.3275146,1.8936157
74968,-1.1628723,-1.5788269,1.8264771
74969,-1.1276245,-1.4556885,1.9316101
74970,-1.1161804,-1.4651489,1.9129944
74971,-1.2582397,-1.62323,1.8563843
74972,-1.1209106,-1.700592,1.786499
74973,-1.0287476,-1.8235779,1.678772
74974,-0.93933106,-1.7922974,1.8371582
74975,-0.83206177,-1.804657,1.8019104
74976,-0.88897705,-1.8075562,1.7988586
74977,-0.73989868,-1.7700195,1.7956543
74978,-0.58319092,-1.950531,1.7463684
74979,-0.58868408,-1.8499756,1.7776489
74980,-0.62973022,-1.895752,1.7570496
74981,-0.49072266,-1.9694519,1.6275024
74982,-0.46417236,-1.9529724,1.5853882
74983,-0.47698975,-2.1687317,1.5617371
74984,-0.33905029,-2.0820618,1.4984131
74985,-0.23712158,-2.1246338,1.5620422
74986,-0.29418945,-2.1763611,1.410675
74987,-0.18661499,-2.1852112,1.4808655
74988,-0.23666382,-2.3065186,1.449585
74989,-0.15869141,-2.1092224,1.3101196
74990,-0.050201416,-2.3127747,1.3482666
74991,0.028686523,-2.1469116,1.2918091
74992,-0.000457764,-2.1981812,1.3734436
74993,0.068511963,-2.2866821,1.2438965
74994,0.049591064,-2.3200989,1.4346313
74995,0.093536377,-2.2497559,1.3684082
74996,0.12054443,-2.3265076,1.2149048
74997,0.30807495,-2.1800232,1.1665344
74998,0.15548706,-2.303009,1.1369324
74999,0.35827637,-2.2871399,1.0482788
75000,0.29098511,-2.2328186,1.0745239
75001,0.48675537,-2.1557617,0.99395752
75002,0.42556763,-2.1279907,0.97290039
75003,0.69213867,-2.1000671,0.90118408
75004,0.6086731,-2.2236633,0.81680298
75005,0.753479,-2.1673584,0.7901001
75006,0.59967041,-2.1334839,0.72570801
75007,0.62896728,-2.1702576,0.85083008
75008,0.68313599,-2.1972656,0.60958862
75009,0.73013306,-2.1813965,0.40420532
75010,0.74935913,-2.1540833,0.42175293
75011,0.77194214,-2.1669006,0.64468384
75012,0.91552734,-2.2698975,0.37445068
75013,0.8555603,-1.8675232,0.41412353
75014,0.8795166,-1.7955017,0.32119751
75015,1.025238,-1.894989,0.25985718
75016,1.0951233,-1.9403076,0.10559082
75017,1.0256958,-1.9676209,0.17318726
75018,0.99914551,-1.9586182,-0.00869751
75019,1.1352539,-1.8954468,0.031280518
75020,1.1331177,-1.8675232,0.10559082
75021,1.1026001,-1.8251038,-0.029907227
75022,1.1793518,-1.7636108,-0.022888184
75023,1.2469482,-1.7645264,-0.087738037
75024,1.2089539,-1.7939758,0.012512207
75025,1.1914063,-1.9064331,-0.2822876
75026,1.0809326,-1.6044617,-0.31784058
75027,1.1022949,-1.459198,-0.38146973
75028,1.138916,-1.5109253,-0.63751221
75029,1.0757446,-1.4332581,-0.43258667
75030,1.0510254,-1.522522,-0.51605225
75031,1.0665894,-1.4048767,-0.47943115
75032,1.0946655,-1.4343262,-0.51269531
75033,0.85708618,-1.4024353,-0.52764893
75034,1.1083984,-1.315155,-0.63903809
75035,1.25,-1.1058044,-0.66162109
75036,1.0397339,-1.1306763,-0.58166504
75037,1.1102295,-1.0348511,-0.66421509
75038,0.95748901,-1.1427307,-0.56518555
75039,0.97579956,-1.0798645,-0.69824219
75040,1.129303,-0.97244263,-0.831604
75041,1.083374,-0.87585449,-0.87677002
75042,1.0803223,-0.76477051,-0.88592529
75043,1.083374,-0.74508667,-0.94345093
75044,1.0743713,-0.69122315,-0.98236084
75045,0.96191406,-0.61340332,-0.91674805
75046,1.0522461,-0.65933228,-1.0760498
75047,0.9060669,-0.46936035,-1.1314392
75048,0.97015381,-0.43121338,-1.0636902
75049,0.81939697,-0.16784668,-1.1660767
75050,0.73287964,-0.25680542,-1.25
75051,0.70343018,-0.39108276,-1.2072754
75052,0.81817627,-0.27404785,-1.2136841
75053,0.77606201,-0.21118164,-1.136322
75054,0.72967529,-0.095825195,-1.2846375
75055,0.69290161,0.14099121,-1.3279724
75056,0.72601318,0.10055542,-1.3226318
75057,0.40618897,-0.44616699,-1.5829468
75058,0.46905518,0.043487549,-1.3549805
75059,0.50048828,0.004272461,-1.3162231
75060,0.44525147,0.22781372,-1.2809753
75061,0.31539917,0.22201538,-1.463623
75062,0.40603638,0.30487061,-1.3987732
75063,0.33340454,0.50323486,-1.2185669
75064,0.19454956,0.36315918,-1.2898254
75065,0.21697998,0.50292969,-1.3490295
75066,0.17700195,0.55603027,-1.2994385
75067,0.16342163,0.5909729,-1.3247681
75068,0.13336182,0.50598144,-1.3781738
75069,0.059356689,0.47164917,-1.1730957
75070,0.015411377,0.43701172,-1.0830688
75071,-0.001983643,0.51574707,-1.2030029
75072,-0.036315918,0.6867981,-1.2226868
75073,-0.19699097,0.76538086,-1.1210632
75074,-0.17852783,0.8744812,-1.0533142
75075,-0.20721435,0.90332031,-1.0942078
75076,-0.22857666,1.0073853,-1.1979675
75077,-0.38787842,1.0751343,-1.0713196
75078,-0.1725769,1.1474609,-1.0044861
75079,-0.5065918,1.035614,-0.99395752
75080,-0.67855835,1.0253906,-1.081543
75081,-0.51330566,1.0571289,-1.0264587
75082,-0.59082031,1.0926819,-0.80001831
75083,-0.63201904,1.2216187,-0.87371826
75084,-0.6980896,1.0726929,-0.88378906
75085,-0.80780029,1.2860107,-0.9765625
75086,-0.89935303,1.4198303,-0.86669922
75087,-0.84579468,1.3867188,-0.78659058
75088,-0.84716797,1.3360596,-0.70770264
75089,-1.0682678,1.1878967,-0.54290772
75090,-1.239624,1.14151,-0.45455933
75091,-1.0575867,1.3087463,-0.52474976
75092,-1.0917664,1.2928772,-0.48019409
75093,-1.1434937,1.3511658,-0.41870117
75094,-1.2918091,1.434021,-0.440979
75095,-1.2625122,1.18927,-0.47698975
75096,-1.293335,1.1636353,-0.48492432
75097,-1.3908386,1.1550903,-0.4725647
75098,-1.4321899,1.194458,-0.41442871
75099,-1.5310669,1.2269592,-0.27328491
75100,-1.5533447,1.1450195,-0.23590088
75101,-1.4300537,1.1691284,-0.27236939
75102,-1.7601013,0.76950073,-0.38208008
75103,-1.625824,1.0443115,-0.13641357
75104,-1.6017151,1.1245728,-0.13931274
75105,-1.6438293,1.1531067,-0.059051514
75106,-1.6053772,1.177063,0.026092529
75107,-1.5884399,1.1956787,0.14450073
75108,-1.7472839,1.0783386,0.14892578
75109,-1.7518616,1.0055542,0.29724121
75110,-1.7892456,1.0461426,0.22506714
75111,-1.8493652,0.96511841,0.40039063
75112,-1.8829346,1.028595,0.34805298
75113,-1.8966675,0.92697144,0.50170898
75114,-1.8884277,0.82763672,0.4246521
75115,-1.9059753,0.93856812,0.66070557
75116,-1.9775391,0.85876465,0.66253662
75117,-2.0515442,0.95092773,0.68344116
75118,-2.0199585,0.74203491,0.703125
75119,-2.1304321,0.83526611,0.69091797
75120,-2.2087097,0.77285767,0.73913574
75121,-2.1496582,0.93490601,0.90270996
75122,-2.1260071,0.86242676,0.96679688
75123,-2.1389771,0.47973633,0.83511353
75124,-2.0889282,0.64254761,1.0316467
75125,-1.9920349,0.65917969,0.93688965
75126,-2.1859741,0.62744141,0.96618652
75127,-2.2720337,0.41717529,0.89538574
75128,-2.2912598,0.23468018,1.0920715
75129,-2.0669556,0.1751709,1.2557983
75130,-2.2059631,0.27404785,1.3392639
75131,-2.2241211,0.18844605,1.3735962
75132,-2.1595764,0.079956055,1.3716125
75133,-2.2042847,-0.03692627,1.3256836
75134,-2.1588135,-0.062713623,1.3470459
75135,-2.1510315,-0.051269531,1.4552307
75136,-2.0713806,-0.21957398,1.612854
75137,-1.9424438,-0.12405395,1.7207336
75138,-1.9682312,-0.24749756,1.5553284
75139,-1.8714905,-0.30761719,1.5649414
75140,-2.0330811,-0.26229858,1.6548157
75141,-1.8988037,-0.39901733,1.5731812
75142,-2.1665955,-0.46203613,1.5594482
75143,-1.8733215,-0.38482666,1.774292
75144,-1.900177,-0.4258728,1.9703674
75145,-1.9284058,-0.59646606,1.847229
75146,-1.7501831,-0.60043335,1.7810059
75147,-1.8389893,-0.72082519,1.7755127
75148,-1.7759705,-0.63842773,1.8725586
75149,-1.8702698,-0.88073731,1.9366455
75150,-1.7185974,-0.93109131,1.8670654
75151,-1.7155457,-0.98358154,1.9342041
75152,-1.7889404,-1.0005188,2.03125
75153,-1.5843201,-1.0894775,1.973877
75154,-1.6854858,-1.0302734,2.0324707
75155,-1.5090942,-1.1962891,1.99646
75156,-1.6503906,-1.1192322,2.0205688
75157,-1.668396,-1.3554382,1.9726563
75158,-1.5496826,-1.4569092,2.0420837
75159,-1.5130615,-1.5339661,1.8780518
75160,-1.512146,-1.6386414,1.9696045
75161,-1.3856506,-1.8223572,1.8464661
75162,-1.146698,-1.6395569,1.7637634
75163,-1.3305664,-1.7642212,1.9250488
75164,-1.1761475,-1.7945862,2.0529175
75165,-1.1094666,-1.88797,1.9802856
75166,-1.1029053,-1.8878174,1.8928528
75167,-1.0452271,-1.7939758,2.019043
75168,-0.91003418,-1.6485596,2.024231
75169,-1.0119629,-1.7630005,1.9038391
75170,-0.91278076,-1.8399048,1.9015503
75171,-0.92071533,-1.8215942,1.9787598
75172,-0.79315185,-1.8217468,1.9177246
75173,-0.71685791,-1.8182373,1.8829346
75174,-0.73181152,-1.854248,1.8864441
75175,-0.64529419,-2.1653748,1.8968201
75176,-0.41488647,-2.0780945,1.7489624
75177,-0.49987793,-2.1717834,1.7137146
75178,-0.38772583,-2.2593689,1.6105652
75179,-0.40557861,-1.9973755,1.7242432
75180,-0.47988892,-2.1310425,1.6653442
75181,-0.21118164,-1.9215393,1.7729187
75182,-0.24795532,-2.0622253,1.736908
75183,-0.077514648,-2.2253418,1.6578674
75184,-0.058135986,-2.3782349,1.6531372
75185,-0.075378418,-2.2460938,1.5817261
75186,0.039215088,-2.3010254,1.5534973
75187,0.087432861,-2.3828125,1.5309143
75188,0.12161255,-2.2451782,1.4640808
75189,0.11108398,-2.3101807,1.2789917
75190,0.28930664,-2.3609924,1.3731384
75191,0.38818359,-2.2683716,1.3616943
75192,0.3755188,-2.4987793,1.0958862
75193,0.33386231,-2.4264526,1.038208
75194,0.34851074,-2.4795532,1.0253906
75195,0.48461914,-2.40448,0.97167969
75196,0.50552368,-2.33078,0.96282959
75197,0.54763794,-2.2563171,1.0157776
75198,0.60333252,-2.3330688,0.85418701
75199,0.62759399,-2.2619629,0.73654175
75200,0.73104858,-2.2338867,0.72631836
75201,0.7774353,-2.1775818,0.57449341
75202,0.59997559,-2.3062134,0.73028565
75203,0.81741333,-2.2315979,0.51513672
75204,0.63415527,-2.2871399,0.43426514
75205,0.73699951,-2.3654175,0.43624878
75206,0.91629028,-2.199707,0.44525147
75207,0.96481323,-2.2257996,0.39077759
75208,0.97259522,-2.1829224,0.073394775
75209,1.0140991,-2.0347595,0.3086853
75210,0.89065552,-2.0684814,0.21194458
75211,1.0540771,-2.2596741,0.13870239
75212,1.0916138,-2.0574951,0.083007813
75213,1.0658264,-2.1092224,0.16235352
75214,1.088562,-1.8710327,0.074920654
75215,1.09375,-1.9259644,0.027160645
75216,1.2281799,-1.8421936,-0.20111084
75217,1.3441467,-1.8138123,-0.20431519
75218,1.1886597,-1.7567444,-0.29510498
75219,1.346283,-1.7263794,-0.29296875
75220,1.1483765,-1.8171692,-0.42541504
75221,1.3664246,-1.5577698,-0.29052734
75222,1.2266541,-1.5927124,-0.52856445
75223,1.282959,-1.6645813,-0.42251587
75224,1.2898254,-1.7041016,-0.35186768
75225,1.3790894,-1.5757751,-0.39627075
75226,1.1877441,-1.4797974,-0.56396484
75227,1.2289429,-1.2710571,-0.5921936
75228,1.1590576,-1.3568115,-0.79177856
75229,1.1317444,-1.2432861,-0.71563721
75230,1.2063599,-1.1856079,-0.74203491
75231,1.2716675,-1.2084961,-0.87142944
75232,1.1235046,-1.2461853,-0.83465576
75233,1.2187195,-1.2527466,-0.8972168
75234,1.048584,-0.97991943,-0.95031738
75235,1.1175537,-0.92422485,-0.91720581
75236,1.1433411,-0.94543457,-0.8795166
75237,1.1531067,-0.85647583,-0.85205078
75238,1.1099243,-0.70648193,-0.9928894
75239,1.1338806,-0.62225342,-1.053772
75240,1.2060547,-0.64941406,-1.1534119
75241,1.1727905,-0.44403076,-1.1759949
75242,1.1784363,-0.43945313,-1.1454773
75243,1.1242676,-0.35980225,-1.1494446
75244,0.90621948,-0.3805542,-1.081543
75245,0.90621948,-0.10818481,-1.0935974
75246,0.93338013,-0.15563965,-1.217041
75247,0.93292236,-0.22277832,-1.3365173
75248,0.95520019,-0.17776489,-1.370697
75249,0.82519531,-0.27481079,-1.3546753
75250,0.86120606,-0.012969971,-1.3166809
75251,0.77087402,-0.023345947,-1.4344788
75252,0.86593628,-0.097351074,-1.587677
75253,0.68634033,0.059204102,-1.5701294
75254,0.63354492,0.16143799,-1.3317871
75255,0.66131592,0.39154053,-1.4178467
75256,0.38879394,0.30822754,-1.3554382
75257,0.4460144,0.30044556,-1.3882446
75258,0.4208374,0.40130615,-1.262207
75259,0.41015625,0.45013428,-1.3116455
75260,0.43426514,0.45562744,-1.3710022
75261,0.40969849,0.47912598,-1.257019
75262,0.28717041,0.52444458,-1.3726807
75263,0.32104492,0.66390991,-1.3763428
75264,0.25161743,0.70892334,-1.1961365
75265,0.24719238,0.77133179,-1.4041138
75266,0.001220703,0.7220459,-1.2915039
75267,0.00213623,0.68115234,-1.5110779
75268,-0.1260376,0.76477051,-1.4042664
75269,-0.19226074,0.85784912,-1.2788391
75270,-0.17211914,0.70968628,-1.3502502
75271,-0.2722168,0.8392334,-1.1245728
75272,-0.28244019,1.0469055,-1.1320496
75273,-0.23468018,0.90438843,-1.3520813
75274,-0.36804199,1.0961914,-1.1663818
75275,-0.26519775,1.309967,-1.1715698
75276,-0.34072876,1.4836121,-1.1112976
75277,-0.57174683,1.4543152,-1.0684204
75278,-0.6199646,1.2232971,-1.1590576
75279,-0.78323364,1.2045288,-1.2168884
75280,-0.76583862,1.1135864,-1.0540771
75281,-0.68939209,1.1579895,-0.9928894
75282,-0.85876465,1.3336182,-1.0562134
75283,-0.87966919,1.2702942,-0.76065063
75284,-1.0639954,1.5342712,-0.82443237
75285,-1.0716248,1.2559509,-0.80184937
75286,-1.2635803,1.3076782,-0.51589966
75287,-1.1264038,1.2176514,-0.56030273
75288,-1.0803223,1.3198853,-0.48034668
75289,-1.3005066,1.3217163,-0.66299438
75290,-1.2521362,1.4042664,-0.43731689
75291,-1.5045166,1.4076233,-0.5557251
75292,-1.4347839,1.5318298,-0.31890869
75293,-1.5148926,1.4459229,-0.30685425
75294,-1.5313721,1.4350891,-0.29464722
75295,-1.5341187,1.4047241,-0.22796631
75296,-1.5873718,1.3430786,-0.15914917
75297,-1.6719055,1.3641357,-0.25115967
75298,-1.8240356,0.9185791,-0.29632568
75299,-1.9068909,1.1050415,-0.049133301
75300,-1.8556213,1.1752319,0.098724365
75301,-1.7926025,1.1787415,0.14419556
75302,-1.8261719,1.2738037,0.15075684
75303,-1.9132996,1.3069153,0.19989014
75304,-1.9200134,1.265564,0.26382446
75305,-1.8792725,1.2594604,0.30944824
75306,-1.8989563,1.1120605,0.287323
75307,-1.8634033,1.0801697,0.31829834
75308,-2.003479,0.98754883,0.31082153
75309,-1.9010925,0.93994141,0.49163818
75310,-2.0465088,1.020813,0.55130005
75311,-2.1110535,0.88256836,0.59082031
75312,-2.0858765,0.93521118,0.58166504
75313,-2.0976257,1.0290527,0.6288147
75314,-2.1226501,0.71884155,0.71914673
75315,-2.1081543,0.75454712,0.72280884
75316,-1.932373,0.7862854,0.87905884
75317,-2.1435547,0.73379517,0.89126587
75318,-2.2717285,0.71166992,0.92086792
75319,-2.0672607,0.80490112,0.98602295
75320,-2.2573853,0.61523438,1.083374
75321,-2.230835,0.52993774,1.0546875
75322,-2.2608948,0.41519165,1.2023926
75323,-2.131958,0.53024292,1.2969971
75324,-2.3272705,0.33340454,1.1322021
75325,-2.3435974,0.15518188,1.1837769
75326,-2.1995544,0.20080566,1.1288452
75327,-2.0800781,0.15838623,1.4215088
75328,-2.1531677,0.12527466,1.3476563
75329,-2.0718384,0.020751953,1.413269
75330,-2.2148132,0.014801025,1.5487671
75331,-2.2943115,-0.086975098,1.4823914
75332,-2.2901917,-0.22354126,1.2724304
75333,-2.0359802,-0.44845581,1.35849
75334,-2.1340942,-0.24642944,1.6644287
75335,-2.1586609,-0.11947632,1.7068481
75336,-2.0916748,-0.31051636,1.7012024
75337,-2.1325684,-0.41885376,1.5211487
75338,-1.9973755,-0.44708252,1.7837524
75339,-2.1492004,-0.56686401,1.9210815
75340,-1.9030762,-0.42297363,1.5812683
75341,-1.9256592,-0.7371521,1.6835022
75342,-2.101593,-0.70068359,1.7443848
75343,-1.9656372,-0.78781128,1.9641113
75344,-1.8191528,-0.89401245,2.0220947
75345,-1.8464661,-0.97183228,1.9920349
75346,-1.711731,-0.89324951,2.0718384
75347,-1.9186401,-1.0743713,1.9172668
75348,-1.7344666,-1.078186,1.9398499
75349,-1.7556763,-1.048584,2.0632935
75350,-1.7277527,-1.3116455,1.97052
75351,-1.5951538,-1.3330078,1.9104004
75352,-1.6819763,-1.4875793,1.9973755
75353,-1.7082214,-1.550293,1.9970703
75354,-1.6036987,-1.5426636,1.963501
75355,-1.4532471,-1.2593079,2.1417236
75356,-1.5879822,-1.2284851,1.8586731
75357,-1.4257813,-1.2748718,2.0761108
75358,-1.3778687,-1.1473084,2.0596313
75359,-1.1129761,-1.5101624,1.973877
75360,-1.3357544,-1.6346741,2.0915222
75361,-1.234436,-1.8901062,1.9683838
75362,-1.1581421,-2.0532227,2.1095276
75363,-0.94909668,-2.011261,1.9796753
75364,-1.0852051,-2.1549988,1.8951416
75365,-1.0012817,-1.9485474,1.9740295
75366,-1.0284424,-1.8824768,1.9064331
75367,-0.86212158,-1.7965698,1.867218
75368,-0.78521728,-1.9468689,2.0240784
75369,-0.69763184,-2.1749878,1.8339539
75370,-0.64605713,-2.2032166,1.7016602
75371,-0.53359985,-2.3338318,1.8174744
75372,-0.4788208,-2.2671509,1.76651
75373,-0.54580688,-2.3466492,1.8632507
75374,-0.41152954,-2.3294067,1.6970825
75375,-0.43563843,-2.6795959,1.6993713
75376,-0.21392822,-2.4850464,1.6213989
75377,-0.056762695,-2.3646545,1.6517639
75378,-0.15762329,-2.3771667,1.6888428
75379,-0.24276733,-2.2697449,1.6833496
75380,-0.14968872,-2.2872925,1.6021729
75381,-0.038909912,-2.2550964,1.5782166
75382,0.077514648,-2.3175049,1.5322876
75383,0.060424805,-2.4775696,1.4753723
75384,0.13626099,-2.4784851,1.484375
75385,0.25909424,-2.5787354,1.3957214
75386,0.31616211,-2.6313782,1.37146
75387,0.45593262,-2.4809265,1.1817932
75388,0.57693481,-2.461853,1.1920166
75389,0.41137695,-2.4963379,1.1935425
75390,0.46020508,-2.4417114,1.0894775
75391,0.58029175,-2.5585938,0.9916687
75392,0.55633545,-2.4397278,0.74310303
75393,0.68267822,-2.5839233,0.81710815
75394,0.73471069,-2.580719,0.77819824
75395,0.78414917,-2.6153564,0.69946289
75396,0.8908081,-2.5714111,0.65811157
75397,0.8265686,-2.696991,0.60852051
75398,0.85220337,-2.5418091,0.5015564
75399,0.8253479,-2.3184204,0.47683716
75400,1.0900879,-2.4055481,0.65231323
75401,1.0632324,-2.219696,0.4737854
75402,0.9147644,-2.0550537,0.46722412
75403,0.88027954,-2.1682739,0.34698486
75404,1.0044861,-2.0584106,0.44937134
75405,0.96038818,-2.2317505,0.33035278
75406,1.0958862,-2.1560669,0.26351929
75407,1.1911011,-2.0751953,0.1322937
75408,1.2240601,-1.9573975,0.10467529
75409,1.2786865,-2.1166992,-0.038757324
75410,1.3005066,-1.9908142,-0.1071167
75411,1.4651489,-2.0910645,-0.090026855
75412,1.2966919,-1.9909668,-0.085906982
75413,1.3894653,-2.1464539,-0.16601563
75414,1.4105225,-1.9284058,-0.059051514
75415,1.4454651,-1.8055725,-0.18371582
75416,1.5036011,-1.7651367,-0.19897461
75417,1.4099121,-1.7648315,-0.3276062
75418,1.396637,-1.8286133,-0.40237427
75419,1.4605713,-1.6064453,-0.3388977
75420,1.4900208,-1.7056274,-0.58258057
75421,1.4572144,-1.5531921,-0.60195923
75422,1.4277649,-1.5072632,-0.60180664
75423,1.3388062,-1.4822388,-0.59768677
75424,1.3809204,-1.532135,-0.63842773
75425,1.3026428,-1.4903259,-0.58807373
75426,1.2889099,-1.1898804,-0.65246582
75427,1.3052368,-1.1395264,-0.82336426
75428,1.4491272,-1.0377502,-0.78186035
75429,1.3275146,-0.89385986,-0.74874878
75430,1.3946533,-0.97061157,-0.92163086
75431,1.3537598,-1.1058044,-0.93383789
75432,1.3246155,-0.87341309,-0.91339111
75433,1.2695313,-0.64758301,-1.0493469
75434,1.3299561,-0.55541992,-0.99716187
75435,1.3447571,-0.59432983,-1.0897827
75436,1.2133789,-0.62911987,-1.0935974
75437,1.2304688,-0.56747437,-1.1218262
75438,1.3244629,-0.43716431,-1.1633301
75439,1.0571289,-0.45684814,-1.0224915
75440,1.0832214,-0.41748047,-1.1630249
75441,1.1528015,-0.34362793,-1.1785889
75442,0.97961426,-0.25268555,-1.182251
75443,1.0496521,-0.26000977,-1.2771606
75444,1.0623169,-0.20828247,-1.4508057
75445,1.040802,-0.041351318,-1.3272095
75446,0.80718994,0.006408691,-1.4500427
75447,0.93002319,-0.034484863,-1.4216614
75448,0.86380005,-0.084533691,-1.4672852
75449,0.77453613,-0.24734497,-1.5367126
75450,0.58959961,0.092010498,-1.5419006
75451,0.55267334,0.11764526,-1.4897156
75452,0.47836304,0.07522583,-1.2539673
75453,0.59082031,0.028076172,-1.4396667
75454,0.52825928,0.2142334,-1.424408
75455,0.46691894,-0.10574341,-1.4115906
75456,0.54046631,0.33630371,-1.5493774
75457,0.25497436,0.29693603,-1.5625
75458,0.31112671,0.32287598,-1.5382385
75459,0.27374268,0.34255981,-1.5501404
75460,0.37017822,0.61218262,-1.4056396
75461,0.11505127,0.89981079,-1.3619995
75462,-0.031738281,0.72113037,-1.4523315
75463,0.096893311,0.84182739,-1.5826416
75464,-0.10940552,0.82290649,-1.4868164
75465,-0.069274902,0.90438843,-1.3534546
75466,-0.11291504,0.86868286,-1.4439392
75467,-0.16235352,1.1170959,-1.4715576
75468,-0.22750855,1.1541748,-1.3970947
75469,-0.25665283,1.1428833,-1.4147949
75470,-0.30456543,1.1628723,-1.3546753
75471,-0.28717041,1.1706543,-1.224823
75472,-0.47897339,1.1361694,-1.1895752
75473,-0.50323486,1.2341309,-1.1509705
75474,-0.71029663,1.3156128,-0.88867188
75475,-0.58578491,1.4009094,-0.92926025
75476,-0.8013916,1.3108826,-1.1161804
75477,-0.79940796,1.1843872,-1.0583496
75478,-0.76385498,1.2802124,-1.0522461
75479,-0.73669434,1.3601685,-0.90637207
75480,-0.87722778,1.3630676,-0.8505249
75481,-0.85601807,1.5596008,-0.84747315
75482,-1.0145569,1.5286255,-0.70907593
75483,-1.0951233,1.572876,-0.8253479
75484,-1.15448,1.5127563,-0.90423584
75485,-1.2077332,1.4007568,-0.70556641
75486,-1.3363647,1.492157,-0.64086914
75487,-1.4526367,1.3671875,-0.49072266
75488,-1.3725281,1.3519287,-0.61218262
75489,-1.4723206,1.4448547,-0.39001465
75490,-1.5156555,1.5818787,-0.35522461
75491,-1.5592957,1.3848877,-0.33721924
75492,-1.5708923,1.4526367,-0.32440186
75493,-1.778717,1.5344238,-0.27786255
75494,-1.6064453,1.5687561,-0.19836426
75495,-1.8493652,1.3378906,-0.21118164
75496,-1.7184448,1.3557434,-0.063476563
75497,-1.7868042,1.3160706,-0.17547607
75498,-1.7626953,1.2609863,-0.027923584
75499,-1.8759155,1.2840271,0.070800781
75500,-1.925354,1.2431335,0.014953613
75501,-1.8728638,1.3262939,0.15670776
75502,-2.0423889,1.2399292,0.35217285
75503,-1.9969177,1.086731,0.24230957
75504,-2.0629883,1.1621094,0.51757813
75505,-2.0043945,1.2150574,0.36468506
75506,-2.1179199,1.2159729,0.45410156
75507,-2.1966553,1.1627197,0.32058716
75508,-2.2781372,0.95916748,0.47805786
75509,-2.1296692,1.0379028,0.51452637
75510,-2.1757507,1.0002136,0.52246094
75511,-2.2331238,0.98754883,0.73104858
75512,-2.2213745,0.86975098,0.6640625
75513,-2.3460388,0.94421387,0.77941894
75514,-2.1702576,0.86471558,0.83526611
75515,-2.1368408,0.83099365,0.84732056
75516,-2.247467,0.60012817,0.859375
75517,-2.348175,0.64163208,0.94436646
75518,-2.4505615,0.69458008,0.94360352
75519,-2.2860718,0.64056397,1.1123657
75520,-2.3880005,0.40863037,1.1940002
75521,-2.4429321,0.48599243,1.1779785
75522,-2.3075867,0.28182983,1.1865234
75523,-2.4211121,0.37078857,1.1029053
75524,-2.3031616,0.21682739,1.2867737
75525,-2.399292,0.23040772,1.4480591
75526,-2.3594666,0.33752441,1.4602661
75527,-2.3188782,0.04699707,1.3606262
75528,-2.2062683,0.31417847,1.4543152
75529,-2.1166992,0.043487549,1.4697266
75530,-2.2024536,-0.048370361,1.4605713
75531,-2.142334,-0.1763916,1.3890076
75532,-2.2523499,-0.59188843,1.6590881
75533,-2.2076416,-0.36224365,1.7166138
75534,-2.2329712,-0.45532227,1.6218567
75535,-2.199707,-0.31646728,1.4978027
75536,-2.1090698,-0.55770874,1.7018127
75537,-2.0146179,-0.66848755,1.2832642
75538,-2.1430969,-0.58135986,1.6844177
75539,-2.0385742,-0.60073853,1.6253662
75540,-2.0118713,-0.69656372,2.1148682
75541,-1.8582153,-0.67138672,1.9018555
75542,-1.90979,-0.76141357,1.9470215
75543,-1.8896484,-1.0160828,1.9790649
75544,-1.7575073,-0.92773438,2.0277405
75545,-1.8647766,-1.0227966,1.8663025
75546,-1.8951416,-1.1120605,1.8847656
75547,-1.7607117,-1.0211182,2.0904541
75548,-1.8719482,-1.0818481,2.1096802
75549,-1.7935181,-1.065979,2.2021484
75550,-1.703186,-1.2911987,2.2532654
75551,-1.7027283,-1.5530396,2.1957397
75552,-1.4985657,-1.5606689,2.3118591
75553,-1.4442444,-1.5045166,2.2039795
75554,-1.4321899,-1.5270996,2.0501709
75555,-1.4727783,-1.5504456,2.1595764
75556,-1.4286804,-1.6021729,2.1151733
75557,-1.2901306,-1.6423035,2.2419739
75558,-1.3812256,-1.7445374,2.1339417
75559,-1.259613,-1.7074585,2.1624756
75560,-1.3169861,-1.8205261,1.8888855
75561,-1.1424255,-1.8322754,2.0198059
75562,-1.1364746,-2.0910645,1.9902039
75563,-0.92773438,-2.1112061,2.1957397
75564,-0.87341309,-2.1525574,1.958313
75565,-0.86791992,-1.9696045,2.0300293
75566,-0.76141357,-1.9364929,1.9975281
75567,-0.69290161,-2.03125,1.9665527
75568,-0.70297241,-2.1101379,1.8884277
75569,-0.57907104,-2.0655823,1.9595337
75570,-0.60882568,-2.0031738,1.9494629
75571,-0.39108276,-1.99646,1.9316101
75572,-0.38818359,-2.1412659,1.6952515
75573,-0.29373169,-2.175293,1.6928101
75574,-0.2684021,-2.3326111,1.7041016
75575,-0.40115356,-2.407074,1.8112183
75576,-0.20126343,-2.4087524,1.7407227
75577,-0.10726929,-2.2610474,1.6461182
75578,-0.17211914,-2.1818542,1.6888428
75579,0.037536621,-2.2740173,1.4302063
75580,-0.014801025,-2.3413086,1.5359497
75581,0.17730713,-2.3710632,1.4750671
75582,0.1184082,-2.565918,1.4483643
75583,0.25207519,-2.5065613,1.5116882
75584,0.37841797,-2.4131775,1.264801
75585,0.24917603,-2.4465942,1.3549805
75586,0.44326782,-2.4621582,1.3748169
75587,0.29586792,-2.3167419,1.2579346
75588,0.47042847,-2.4212646,1.1303711
75589,0.47637939,-2.4266052,1.1961365
75590,0.54885864,-2.467804,1.2252808
75591,0.6489563,-2.7001953,0.9576416
75592,0.61279297,-2.5958252,0.91308594
75593,0.66772461,-2.3019409,0.99212647
75594,0.70739746,-2.4511719,0.84457397
75595,0.74249268,-2.2163391,0.87188721
75596,0.68786621,-2.3403931,0.73669434
75597,0.82107544,-2.3796082,0.61050415
75598,0.88943481,-2.2572327,0.46600342
75599,0.78613281,-2.3950195,0.58944702
75600,0.9513855,-2.3170471,0.37475586
75601,0.85205078,-2.4069214,0.53894043
75602,0.92803955,-2.1308899,0.39672852
75603,0.93154907,-2.0536804,0.32470703
75604,1.1062622,-2.1281433,0.086212158
75605,1.2135315,-2.1151733,0.1600647
75606,1.2020874,-2.2224426,0.12451172
75607,1.2913513,-2.0405579,0.14892578
75608,1.1726379,-2.0335388,0.065765381
75609,1.2321472,-2.1205139,0.070953369
75610,1.2423706,-2.0285034,0.009918213
75611,1.2663269,-1.9786072,-0.015106201
75612,1.321106,-1.9021606,-0.14968872
75613,1.3232422,-1.8946838,-0.079803467
75614,1.2825012,-1.8736267,-0.14953613
75615,1.2905884,-1.7703247,-0.18661499
75616,1.4535522,-1.6574097,-0.29037476
75617,1.4338684,-1.6555786,-0.33813477
75618,1.4178467,-1.627655,-0.43365478
75619,1.3015747,-1.6293335,-0.35873413
75620,1.26297,-1.6261291,-0.34637451
75621,1.1999512,-1.5975952,-0.54244995
75622,1.3128662,-1.4880371,-0.56762695
75623,1.3858032,-1.3973999,-0.58258057
75624,1.3256836,-1.3221741,-0.84442139
75625,1.4335632,-1.2391663,-0.75241089
75626,1.2884521,-1.2098694,-1.0684204
75627,1.3276672,-1.0385132,-0.86898804
75628,1.2783813,-0.94116211,-0.89950562
75629,1.3400269,-0.98373413,-0.91751099
75630,1.3121033,-0.98678589,-0.93597412
75631,1.2341309,-0.87478638,-0.95901489
75632,1.242218,-0.7258606,-1.0258484
75633,1.0673523,-0.65307617,-0.97351074
75634,1.0830688,-0.56838989,-1.1245728
75635,1.0932922,-0.43533325,-1.0125732
75636,1.2385559,-0.30654907,-1.1099243
75637,1.1018372,-0.29479981,-1.1837769
75638,1.0995483,-0.34973144,-1.23703
75639,0.9451294,-0.47271728,-1.0906982
75640,0.95245361,-0.37124634,-1.2936401
75641,1.0951233,-0.27984619,-1.3824463
75642,1.060791,-0.1940918,-1.3768005
75643,0.89569092,-0.34164429,-1.3482666
75644,0.92895508,-0.086364746,-1.4764404
75645,0.81756592,-0.31799316,-1.4497375
75646,0.72647095,-0.25146484,-1.4733887
75647,0.81558228,-0.028991699,-1.4196777
75648,0.71807861,0.17211914,-1.4219666
75649,0.45547485,-0.074920654,-1.3749695
75650,0.61141968,0.14526367,-1.4091492
75651,0.46539307,0.17562866,-1.2786865
75652,0.59326172,0.25634766,-1.4378357
75653,0.55541992,0.23986816,-1.3479614
75654,0.56716919,0.49728394,-1.4054871
75655,0.35461426,0.5090332,-1.3180542
75656,0.36880493,0.57189941,-1.4949036
75657,0.17120361,0.52658081,-1.4086914
75658,0.34210205,0.61523438,-1.4434814
75659,0.25634766,0.54550171,-1.4868164
75660,0.070343018,0.66650391,-1.3755798
75661,0.18463135,0.94467163,-1.3830566
75662,0.079956055,1.0122681,-1.4355469
75663,-0.005493164,1.0041809,-1.46698
75664,0.10101318,0.99197388,-1.3285828
75665,-0.071563721,0.8757019,-1.3339233
75666,-0.066375732,1.0316467,-1.3006592
75667,-0.16265869,0.80169678,-1.5126038
75668,-0.30731201,0.99273682,-1.2573242
75669,-0.37063599,0.91156006,-1.2179565
75670,-0.42297363,0.93383789,-1.2084961
75671,-0.61584473,0.99060059,-1.089325
75672,-0.58197022,0.95428467,-1.0812378
75673,-0.59341431,1.0624695,-1.0899353
75674,-0.58929443,1.2677002,-1.0848999
75675,-0.71792603,1.3725281,-1.0845947
75676,-0.57220459,1.2268066,-0.80749512
75677,-0.73516846,1.2583923,-0.96115112
75678,-0.92727661,1.3687134,-0.81542969
75679,-0.87341309,1.2457275,-0.97564697
75680,-0.84075928,1.302948,-0.94818115
75681,-0.7913208,1.3948059,-0.85357666
75682,-1.0412598,1.4465332,-0.69076538
75683,-1.0804749,1.2034607,-0.69961548
75684,-1.2261963,1.1381531,-0.72341919
75685,-1.1930847,1.2251282,-0.63049316
75686,-1.289978,1.3232422,-0.55877685
75687,-1.2730408,1.3198853,-0.43823242
75688,-1.418457,1.2843323,-0.33432007
75689,-1.4472961,1.3786316,-0.34866333
75690,-1.4657593,1.2812805,-0.24139404
75691,-1.7553711,1.212616,-0.34713745
75692,-1.6073608,1.2908936,-0.20568848
75693,-1.5983582,1.2524414,-0.24230957
75694,-1.6177368,1.2710571,-0.13244629
75695,-1.6920471,1.2771606,0.012817383
75696,-1.6265869,1.2660217,-0.07522583
75697,-1.6970825,1.138916,0.058898926
75698,-1.9052124,1.0910034,0.11306763
75699,-1.8807983,1.3845825,-0.063476563
75700,-1.807251,1.2557983,0.35308838
75701,-1.7674255,1.1106873,0.21408081
75702,-1.8696594,1.0310364,0.24963379
75703,-1.8096924,0.92193603,0.2645874
75704,-1.9856262,1.121521,0.25390625
75705,-1.8437195,1.1898804,0.43746948
75706,-1.7941284,1.0319519,0.53710938
75707,-1.9218445,1.0562134,0.53665161
75708,-2.0639038,0.87203979,0.63980103
75709,-1.9036865,0.95321655,0.58242798
75710,-2.1870422,0.73532104,0.68222046
75711,-2.0561218,0.62591553,0.71899414
75712,-2.0245361,0.6211853,0.88973999
75713,-2.0318604,0.60546875,0.74127197
75714,-2.0071411,0.66329956,0.89035034
75715,-2.0225525,0.65078735,0.98251343
75716,-2.0680237,0.63308716,1.0910034
75717,-2.2419739,0.43212891,1.0928345
75718,-2.1665955,0.45455933,1.1256409
75719,-2.1646118,0.4776001,1.0647583
75720,-2.0779419,0.38330078,1.1624146
75721,-2.1842957,0.44128418,1.1083984
75722,-2.2964478,0.42877197,1.204834
75723,-2.2587585,0.18478394,1.3897705
75724,-2.1702576,-0.26489258,1.3793945
75725,-2.3399353,-0.099945068,1.3745117
75726,-2.0851135,-0.047912598,1.3414001
75727,-2.1199036,-0.034790039,1.4595032
75728,-1.9647217,-0.14205933,1.5327454
75729,-2.1380615,-0.15136719,1.4076233
75730,-2.0620728,-0.094909668,1.7102051
75731,-2.1105957,-0.077514648,1.71875
75732,-2.0391846,-0.35842895,1.2086487
75733,-1.9883728,-0.39321899,1.559906
75734,-1.968689,-0.52047729,1.7501831
75735,-1.809082,-0.67962647,1.5168762
75736,-2.0422363,-0.49423218,1.6444397
75737,-1.9111633,-0.57495117,1.6145325
75738,-1.8783569,-0.58807373,1.8118286
75739,-1.784668,-0.61508179,1.8334961
75740,-1.9569397,-0.72387695,1.9270325
75741,-1.877594,-0.91781616,1.8211365
75742,-1.7260742,-1.0766602,1.8127441
75743,-1.8060303,-1.1581421,1.7935181
75744,-1.7037964,-1.1485291,1.8035889
75745,-1.6665649,-1.1343384,1.7773438
75746,-1.6557312,-0.96130371,1.9532776
75747,-1.6880798,-1.0559082,1.9203186
75748,-1.6539001,-1.3449097,1.847229
75749,-1.5228271,-1.285553,1.6932678
75750,-1.4891052,-1.3253784,1.8890381
75751,-1.542511,-1.5596008,1.8791199
75752,-1.4257813,-1.3157654,1.7729187
75753,-1.4801025,-1.5171814,1.8731689
75754,-1.267395,-1.4961243,1.7926025
75755,-1.3224792,-1.5107727,1.7851257
75756,-1.2277222,-1.6615295,1.9450378
75757,-1.3484192,-1.6064453,2.086792
75758,-1.2225342,-1.6278076,1.9755554
75759,-1.1175537,-1.6760254,1.9593811
75760,-1.0409546,-1.7060852,1.910553
75761,-1.031189,-1.8858337,2.0278931
75762,-0.74615478,-1.7379761,1.8031311
75763,-0.76171875,-1.8832397,1.8070984
75764,-0.7421875,-1.953125,1.9865417
75765,-0.68344116,-2.1543884,1.8177795
75766,-0.54260254,-2.0237732,1.9482422
75767,-0.496521,-2.0292664,1.8161011
75768,-0.59051514,-2.0407104,1.9552612
75769,-0.49667358,-1.9471741,1.693573
75770,-0.31295776,-2.0396423,1.7857361
75771,-0.27801514,-2.0637512,1.9244385
75772,-0.40756226,-2.1173096,1.7877197
75773,-0.34393311,-2.2483826,1.8713379
75774,-0.19699097,-2.1635437,1.6584778
75775,-0.077972412,-2.1485901,1.5660095
75776,-0.051422119,-2.2027588,1.4379883
75777,-0.069122314,-2.1076965,1.3970947
75778,0.076599121,-2.1255493,1.3768005
75779,0.076293945,-2.2570801,1.403656
75780,0.1373291,-2.2669983,1.3352966
75781,0.047149658,-2.2332764,1.2203979
75782,0.27770996,-2.2833252,1.1157227
75783,0.28564453,-2.3007202,1.0824585
75784,0.15686035,-2.3719788,1.212616
75785,0.30517578,-2.1917725,1.1097717
75786,0.26641846,-2.3458862,0.92330933
75787,0.32623291,-2.3313904,1.0241699
75788,0.39047241,-2.0593262,0.90423584
75789,0.44006348,-2.0492554,0.90698242
75790,0.58929443,-1.9900513,0.87310791
75791,0.61157227,-2.1133423,0.87112427
75792,0.57601929,-2.1208191,0.9564209
75793,0.71502685,-1.9998169,0.85250854
75794,0.6300354,-2.3126221,0.68603516
75795,0.77728272,-2.41745,0.55175781
75796,0.86471558,-2.2613525,0.5871582
75797,0.76980591,-2.1650696,0.56823731
75798,0.86486816,-2.2647095,0.57601929
75799,0.85678101,-2.0437622,0.52337647
75800,0.91125488,-2.1438599,0.48461914
75801,0.96450806,-2.1287537,0.44189453
75802,1.0168457,-2.1020508,0.41519165
75803,1.1018372,-2.1229553,0.042419434
75804,0.96099853,-1.9337463,0.19790649
75805,1.0438538,-1.9470215,0.003356934
75806,1.0635376,-1.9665527,0.018310547
75807,1.0812378,-2.1224976,-0.003662109
75808,1.1566162,-2.096405,-0.088195801
75809,1.2355041,-2.0080566,-0.20065308
75810,1.1968994,-1.8469238,-0.12451172
75811,1.0580444,-1.8145752,-0.18188477
75812,1.1756897,-1.7819214,-0.28747559
75813,1.1791992,-1.6722107,-0.19775391
75814,1.0908508,-1.7297363,-0.27526856
75815,1.1430359,-1.6387939,-0.31433106
75816,1.1451721,-1.6696167,-0.2180481
75817,1.0649109,-1.3787842,-0.36468506
75818,1.2890625,-1.3114929,-0.59967041
75819,1.0229492,-1.37146,-0.49926758
75820,1.0961914,-1.1152649,-0.49621582
75821,1.1090088,-1.3276672,-0.61172485
75822,1.1369324,-1.229248,-0.71289063
75823,1.1566162,-1.2911987,-0.66848755
75824,1.184845,-1.1419678,-0.78552246
75825,1.1642456,-1.3061523,-0.88729858
75826,1.1408997,-1.1703491,-0.90148926
75827,1.0231018,-1.1817932,-0.9375
75828,1.098175,-1.0061646,-0.75317383
75829,1.026001,-0.88546753,-0.9060669
75830,1.061554,-0.9060669,-0.88897705
75831,1.0229492,-0.8493042,-0.91491699
75832,0.96237183,-0.70556641,-1.0046387
75833,0.96725464,-0.57769775,-1.015625
75834,0.99609375,-0.52185059,-1.0351563
75835,0.95748901,-0.51437378,-1.071167
75836,1.0205078,-0.35217285,-1.0476685
75837,0.96511841,-0.37689209,-1.2670898
75838,0.97412109,-0.33340454,-1.1808777
75839,0.7888794,-0.25238037,-1.2319946
75840,0.86654663,-0.14404297,-1.1534119
75841,0.88241577,-0.16113281,-1.2135315
75842,0.69015503,-0.031890869,-1.1528015
75843,0.64758301,-0.018920898,-1.1418152
75844,0.62942505,-0.103302,-1.1997986
75845,0.66513062,-0.076446533,-1.244812
75846,0.44403076,-0.18173218,-1.3674927
75847,0.37368774,-0.2142334,-1.2841797
75848,0.56762695,0.128479,-1.348877
75849,0.48797607,0.35308838,-1.4387512
75850,0.53710938,0.38513184,-1.3198853
75851,0.35110474,0.38467407,-1.3058472
75852,0.39108276,0.37109375,-1.2091064
75853,0.2432251,0.36407471,-1.1557007
75854,0.078735352,0.41717529,-1.0429382
75855,0.15884399,0.36987305,-1.3146973
75856,0.065917969,0.26977539,-1.0780334
75857,0.021057129,0.18478394,-1.3082886
75858,0.02746582,0.59890747,-1.1593628
75859,-0.077667236,0.70343018,-1.2088013
75860,-0.086212158,0.82580566,-1.0871887
75861,-0.086975098,0.78796387,-1.1755371
75862,-0.17440796,0.7925415,-1.1982727
75863,-0.22384644,0.82946777,-1.0803223
75864,-0.39398193,0.92834473,-1.0112
75865,-0.27450561,0.88302612,-0.94924927
75866,-0.32012939,0.88821411,-1.0296631
75867,-0.39794922,0.87768555,-0.9689331
75868,-0.56732178,1.0180664,-1.0920715
75869,-0.61019897,0.95031738,-1.0180664
75870,-0.59936523,0.95291138,-0.95855713
75871,-0.56671143,1.0714722,-1.0229492
75872,-0.7498169,1.1975098,-1.0679626
75873,-0.7913208,1.1705017,-0.91110229
75874,-0.71350098,1.171875,-1.0391235
75875,-0.94680786,1.1430359,-0.84106445
75876,-0.93719482,1.1720276,-0.90454102
75877,-0.94055176,1.0847473,-0.76187134
75878,-1.0188293,1.2199402,-0.8052063
75879,-1.1381531,1.269989,-0.83786011
75880,-1.1941528,1.151123,-0.54702759
75881,-1.222229,1.161499,-0.53024292
75882,-1.3221741,1.1871338,-0.44540405
75883,-1.3339233,1.0018921,-0.44219971
75884,-1.3871765,1.0050964,-0.31661987
75885,-1.2600708,1.1175537,-0.33508301
75886,-1.5005493,1.0754395,-0.10848999
75887,-1.6610718,0.69747925,-0.48095703
75888,-1.6600037,0.86578369,-0.16677856
75889,-1.4941406,0.99304199,-0.16876221
75890,-1.4523315,1.1483765,0.028991699
75891,-1.6729736,1.0649109,0.039978027
75892,-1.6299438,1.1192322,0.086669922
75893,-1.6305542,1.0830688,0.11917114
75894,-1.5890503,1.1225891,0.1914978
75895,-1.730957,1.1347961,0.28457642
75896,-1.7749023,1.0824585,0.19760132
75897,-1.809082,0.94192505,0.17105103
75898,-2.0220947,1.0848999,0.25024414
75899,-2.1177673,0.9727478,0.37216186
75900,-2.1147156,0.92575073,0.32989502
75901,-1.8135071,0.98846435,0.49499512
75902,-1.953125,0.93994141,0.39413452
75903,-1.8510437,0.98403931,0.54443359
75904,-1.8963623,0.80932617,0.6173706
75905,-2.0394897,0.85281372,0.66192627
75906,-2.0608521,0.95336914,0.64697266
75907,-1.9534302,0.8531189,0.71121216
75908,-2.0878601,0.71716309,0.84838867
75909,-2.1350098,0.67352295,0.79559326
75910,-1.914978,0.40924072,0.70724487
75911,-2.0561218,0.68176269,0.73638916
75912,-2.141571,0.7270813,0.90301514
75913,-2.1073914,0.62530518,0.81665039
75914,-2.0632935,0.49194336,0.88989258
75915,-2.1827698,0.51422119,1.0469055
75916,-2.1707153,0.29846191,1.2036133
75917,-2.0259094,0.23956299,1.1169434
75918,-2.0523071,0.15075684,1.084137
75919,-1.960907,0.2722168,1.1865234
75920,-2.1090698,0.30715942,1.1314392
75921,-1.9960022,0.34347534,1.3104248
75922,-1.8167114,-0.37521362,1.2109375
75923,-1.9519043,-0.22277832,1.3684082
75924,-2.0954895,-0.075378418,1.305542
75925,-1.9395447,-0.095825195,1.6867065
75926,-1.9720459,-0.18707275,1.6494751
75927,-2.1282959,-0.24902344,1.4387512
75928,-2.0127869,-0.2180481,1.6046143
75929,-1.8598938,-0.29434204,1.6445923
75930,-1.7529297,-0.27526856,1.7153931
75931,-1.7431641,-0.36026001,1.5316772
75932,-1.8815613,-0.54595947,1.8823242
75933,-1.8702698,-0.63064575,1.7411804
75934,-1.7156982,-0.72372437,1.4732361
75935,-1.6465759,-0.60501099,1.3818359
75936,-1.756897,-0.7043457,1.6181946
75937,-1.7878723,-0.71243286,1.7407227
75938,-1.7559814,-0.78826904,1.7852783
75939,-1.6880798,-0.87127685,1.8209839
75940,-1.6996765,-1.0427856,1.8591309
75941,-1.6055298,-1.1309814,1.8745422
75942,-1.5597534,-1.2106323,1.9508362
75943,-1.4761353,-1.1755371,1.8670654
75944,-1.4299011,-1.0649109,1.8118286
75945,-1.4575195,-1.1361694,2.0332336
75946,-1.6098022,-1.1380005,1.8151855
75947,-1.5309143,-1.3064575,1.8121338
75948,-1.4831543,-1.4042664,1.9386291
75949,-1.3438416,-1.3349915,1.8531799
75950,-1.2562561,-1.516571,1.8817139
75951,-1.2644959,-1.6130066,1.7958069
75952,-1.2658691,-1.7089844,1.8829346
75953,-1.1820984,-1.645813,1.9229126
75954,-1.0322571,-1.7123413,1.8231201
75955,-0.94482422,-1.598053,1.7533875
75956,-1.0198975,-1.6833496,1.8218994
75957,-0.74249268,-1.6345215,1.8696594
75958,-0.83480835,-1.709137,1.7811584
75959,-0.62347412,-1.7962646,1.864624
75960,-0.57022095,-1.7486572,1.8321228
75961,-0.46432495,-1.9219971,1.8109131
75962,-0.4838562,-1.8934631,1.8133545
75963,-0.36254883,-2.150116,1.7939758
75964,-0.37307739,-2.124939,1.6810608
75965,-0.25253296,-2.0779419,1.648407
75966,-0.2482605,-1.9117737,1.6178894
75967,-0.30212402,-2.0051575,1.640625
75968,-0.32714844,-1.9827271,1.4167786
75969,-0.24490356,-2.048645,1.6049194
75970,-0.15106201,-2.3397827,1.3911438
75971,-0.30670166,-2.2616577,1.4103699
75972,0.03326416,-2.2888184,1.5150452
75973,0.019989014,-2.4290466,1.3171387
75974,0.081787109,-2.2480774,1.3200378
75975,-0.007324219,-2.0343018,1.4016724
75976,0.11047363,-2.0697021,1.1927795
75977,0.26794434,-2.1253967,1.2786865
75978,0.19226074,-2.1755981,1.1196899
75979,0.30395508,-2.171936,1.0942078
75980,0.29937744,-2.1833801,0.95947266
75981,0.47775269,-2.2070313,1.0003662
75982,0.45272827,-2.2518921,0.85754394
75983,0.46432495,-2.4104309,0.83648682
75984,0.60592651,-2.2589111,0.89660644
75985,0.60256958,-2.162323,0.81970215
75986,0.57647705,-2.2183228,0.5531311
75987,0.58898926,-2.1852112,0.79467773
75988,0.72448731,-2.334137,0.73699951
75989,0.69961548,-2.2944641,0.57769775
75990,0.86807251,-2.0695496,0.53741455
75991,0.8631897,-2.1037292,0.52658081
75992,0.87036133,-2.0600891,0.52307129
75993,0.95932007,-2.0799255,0.33401489
75994,0.97930908,-2.0829773,0.35888672
75995,1.0084534,-2.0495605,0.29403686
75996,0.93276978,-2.1043396,0.17333984
75997,0.91018677,-2.0101929,0.084533691
75998,0.95031738,-1.8910217,0.085144043
75999,0.95870972,-1.9129944,-0.032043457
76000,1.0191345,-1.8823242,-0.099182129
76001,1.0305786,-1.8330383,-0.022888184
76002,1.0018921,-1.6725159,0.031433105
76003,1.1309814,-1.86203,-0.066070557
76004,1.0462952,-1.71875,-0.10848999
76005,1.1711121,-1.6921997,-0.052185059
76006,1.0455322,-1.5036011,-0.069122314
76007,1.2355041,-1.6319275,-0.19073486
76008,1.1004639,-1.7753601,-0.36178589
76009,1.1061096,-1.5628052,-0.41793823
76010,1.1967468,-1.6110229,-0.44967651
76011,1.3116455,-1.4274597,-0.44326782
76012,1.0362244,-1.456604,-0.45196533
76013,1.0205078,-1.3626099,-0.46234131
76014,1.1102295,-1.2014771,-0.47103882
76015,1.0806274,-1.2811279,-0.47134399
76016,1.0882568,-1.1277771,-0.63674927
76017,1.1030579,-1.131897,-0.64727783
76018,1.1793518,-1.0412598,-0.61889648
76019,1.1491394,-1.0345459,-0.77880859
76020,1.0635376,-0.95581055,-0.63049316
76021,1.1212158,-0.81008911,-0.73181152
76022,1.1860657,-0.78613281,-0.89828491
76023,1.1914063,-0.81787109,-0.85922241
76024,1.1050415,-0.76293945,-0.87158203
76025,1.1065674,-0.71273804,-0.88775635
76026,1.0527039,-0.64270019,-0.94665527
76027,1.038208,-0.56869507,-1.0847473
76028,0.84884644,-0.56686401,-1.0420227
76029,0.81604004,-0.34942627,-1.0980225
76030,0.78552246,-0.50720215,-1.1578369
76031,0.85281372,-0.3036499,-1.2252808
76032,0.85586548,-0.25543213,-1.206665
76033,0.83938599,-0.32012939,-1.2335205
76034,0.86013794,-0.22216797,-1.1984253
76035,0.81695557,-0.2645874,-1.1203003
76036,0.75393677,-0.16799927,-1.0922241
76037,0.70495606,-0.058898926,-1.1859131
76038,0.67260742,0.012969971,-1.1244202
76039,0.15213013,-0.23040772,-1.3427734
76040,0.26062012,-0.33905029,-1.3574219
76041,0.27175903,-0.234375,-1.4678955
76042,0.16586304,-0.19683838,-1.3896179
76043,0.28076172,0.099487305,-1.4700317
76044,0.42114258,0.15640259,-1.3323975
76045,0.25741577,0.26321411,-1.3005066
76046,0.39520264,0.35202026,-1.2886047
76047,0.1361084,0.34454346,-1.3061523
76048,0.27587891,0.52642822,-1.2110901
76049,0.10360718,0.53375244,-1.1206055
76050,0.048828125,0.76065063,-1.199646
76051,-0.069885254,0.79589844,-1.3145447
76052,-0.044250488,0.82855225,-1.2620544
76053,-0.00213623,0.8581543,-1.0513306
76054,-0.092468262,0.88592529,-1.1773682
76055,-0.16052246,0.81939697,-1.1029053
76056,-0.15060425,0.80566406,-1.2550354
76057,-0.31494141,0.93582153,-1.2211609
76058,-0.40878296,0.87402344,-1.1956787
76059,-0.43441772,0.85830688,-1.2358093
76060,-0.67062378,0.89904785,-1.2234497
76061,-0.76980591,0.88699341,-1.2284851
76062,-0.65795898,1.1499023,-1.0308838
76063,-0.73196411,1.1886597,-1.0559082
76064,-0.78552246,1.2159729,-0.93383789
76065,-0.90133667,1.1520386,-0.77453613
76066,-0.86227417,1.186676,-0.96450806
76067,-0.99792481,1.3285828,-0.8215332
76068,-0.91659546,1.1880493,-0.73608398
76069,-1.0644531,1.3493347,-0.59112549
76070,-1.0484314,1.1694336,-0.64331055
76071,-1.1283875,1.2304688,-0.59494019
76072,-1.0253906,1.2973022,-0.59127808
76073,-1.096344,1.295166,-0.48248291
76074,-1.104126,1.182251,-0.54367065
76075,-1.2072754,1.108551,-0.39138794
76076,-1.2854004,1.1798096,-0.54519653
76077,-1.2051392,1.2611389,-0.29251099
76078,-1.2216187,1.2167358,-0.28549194
76079,-1.3633728,1.2005615,-0.40893555
76080,-1.4726257,1.2094116,-0.27832031
76081,-1.4517212,1.2313843,-0.12695313
76082,-1.4573669,1.3591003,-0.18356323
76083,-1.6500854,1.1610413,-0.38772583
76084,-1.6404724,1.0687256,-0.184021
76085,-1.7076111,1.2005615,-0.04776001
76086,-1.7089844,1.1672974,0.11749268
76087,-1.6491699,1.1410522,0.044250488
76088,-1.6770935,1.2327576,0.10147095
76089,-1.6854858,1.1108398,0.15579224
76090,-1.7897034,1.0113525,0.24932861
76091,-1.862793,1.1306763,0.39535522
76092,-1.8663025,0.98800659,0.45211792
76093,-1.7970276,0.97808838,0.42648315
76094,-1.776123,1.0681152,0.38635254
76095,-1.6830444,1.0969543,0.52215576
76096,-1.9120789,0.93017578,0.40847778
76097,-1.8013,0.83648682,0.4826355
76098,-2.0240784,0.86212158,0.62606812
76099,-1.8621826,0.9173584,0.47958374
76100,-1.9308472,0.88653565,0.65628052
76101,-1.9195557,0.76507568,0.67947388
76102,-1.9839478,0.58807373,0.68939209
76103,-2.0559692,0.55541992,0.85220337
76104,-1.8479919,0.53527832,0.88043213
76105,-2.0085144,0.37948608,0.83175659
76106,-2.0649719,0.35720825,1.1125183
76107,-2.1635437,0.40664673,1.2217712
76108,-2.0988464,0.43273926,1.2809753
76109,-2.0593262,0.34011841,1.2553406
76110,-2.2166443,0.39367676,1.1543274
76111,-2.1659851,0.25344849,1.1465454
76112,-1.9917297,0.24581909,1.229248
76113,-2.0648193,0.33813477,1.3342285
76114,-2.0152283,0.084228516,1.2882996
76115,-2.1008301,0.30105591,1.3967896
76116,-2.0004272,0.064239502,1.3923645
76117,-2.0455933,-0.21148682,1.3850403
76118,-1.9618225,-0.36209106,1.2910461
76119,-1.8710327,-0.16052246,1.5145874
76120,-2.0150757,-0.26046753,1.451416
76121,-1.7910767,-0.58822632,1.6253662
76122,-1.9497681,-0.43243408,1.7506409
76123,-1.9256592,-0.3086853,1.6169739
76124,-1.9035339,-0.3742981,1.6937256
76125,-1.9540405,-0.52490234,1.7398071
76126,-1.8475342,-0.61767578,1.6622925
76127,-1.7990112,-0.7220459,1.7642212
76128,-1.7790222,-0.68023682,1.7840576
76129,-1.8041992,-0.8454895,1.7756653
76130,-1.7219543,-1.2030029,1.6781616
76131,-1.7379761,-1.0676575,1.8786621
76132,-1.8463135,-1.0697937,1.8934631
76133,-1.7845154,-1.1367798,1.505127
76134,-1.8214416,-1.1300659,1.8786621
76135,-1.7407227,-1.1506653,1.9061279
76136,-1.6604614,-1.3101196,1.831665
76137,-1.6000366,-1.4753723,1.9302368
76138,-1.4579773,-1.4286804,1.8838501
76139,-1.40625,-1.5167236,1.8893433
76140,-1.3600159,-1.3998413,1.8597412
76141,-1.2953186,-1.3423157,1.9490051
76142,-1.3017273,-1.3890076,1.914978
76143,-1.2809753,-1.4593506,1.9444275
76144,-1.0623169,-1.4532471,1.9941711
76145,-1.3519287,-1.7199707,2.0361328
76146,-1.060791,-1.6462708,1.8034363
76147,-1.1906433,-1.5911865,1.7889404
76148,-1.1178589,-1.630249,1.9778442
76149,-0.96282959,-1.7955017,1.8261719
76150,-0.97381592,-1.8559265,1.9206238
76151,-0.81985474,-1.806488,1.8716431
76152,-0.84335327,-1.7393494,1.907959
76153,-0.72555542,-1.8106079,1.8591309
76154,-0.65811157,-1.8650818,1.8482971
76155,-0.59127808,-1.8780518,1.927948
76156,-0.62591553,-1.9924927,1.907196
76157,-0.56808472,-1.9665527,1.8307495
76158,-0.43579102,-2.0214844,1.6082764
76159,-0.51879883,-2.1318054,1.6853333
76160,-0.41107178,-2.1264648,1.6798401
76161,-0.34164429,-2.3236084,1.5341187
76162,-0.23452759,-2.3068237,1.5701294
76163,-0.1751709,-2.2996521,1.5950012
76164,-0.15106201,-2.3301697,1.5890503
76165,-0.26031494,-2.1644592,1.6384888
76166,-0.15869141,-2.3313904,1.6242981
76167,-0.081634521,-2.2798157,1.6026306
76168,0.082092285,-2.4055481,1.5118408
76169,0.0730896,-2.4822998,1.4257813
76170,0.15350342,-2.3095703,1.381073
76171,0.33981323,-2.4389648,1.1364746
76172,0.20507813,-2.4291992,1.2715149
76173,0.40863037,-2.2676086,1.1871338
76174,0.32974243,-2.2674561,1.146698
76175,0.37414551,-2.247467,1.0887146
76176,0.37322998,-2.2068787,0.90652466
76177,0.44891357,-2.255249,0.91033935
76178,0.5456543,-2.2386169,0.93994141
76179,0.60241699,-2.2041321,0.91995239
76180,0.63903809,-2.2413635,0.86212158
76181,0.75012207,-2.2766113,0.72814941
76182,0.70617676,-2.3371887,0.87051392
76183,0.70770264,-2.3208618,0.77926636
76184,0.75149536,-2.2845459,0.70068359
76185,0.83450317,-2.3553467,0.51116943
76186,0.82702637,-2.2099304,0.57189941
76187,0.88027954,-2.5045776,0.60287476
76188,0.83999634,-2.1980286,0.46203613
76189,0.90087891,-2.1679688,0.54504394
76190,0.95474243,-2.1853638,0.43304443
76191,1.0536194,-2.2390747,0.23605347
76192,1.027832,-2.1411133,0.038757324
76193,1.1734009,-2.0332336,0.11566162
76194,1.1827087,-1.9293213,0.096740723
76195,1.0179138,-1.9577026,0.066833496
76196,1.2744141,-1.8983459,0.020599365
76197,1.1871338,-2.0275879,-0.068206787
76198,1.1972046,-1.937561,0.065765381
76199,1.1703491,-1.8592834,-0.28869629
76200,1.1082459,-1.7567444,-0.21316528
76201,1.2750244,-1.6326904,-0.10894775
76202,1.1633301,-1.6992188,-0.28137207
76203,1.0383606,-1.5936279,-0.45516968
76204,1.1386108,-1.6235352,-0.37445068
76205,1.1962891,-1.4451599,-0.47439575
76206,1.2689209,-1.4898682,-0.69641113
76207,1.2481689,-1.4393616,-0.72677612
76208,1.3085938,-1.3371277,-0.65109253
76209,1.2417603,-1.4457703,-0.48095703
76210,1.2696838,-1.4068604,-0.72998047
76211,1.2402344,-1.3464355,-0.78598022
76212,1.2782288,-1.2353516,-0.86517334
76213,1.2487793,-1.124115,-0.91262817
76214,1.2402344,-1.0461426,-0.68756103
76215,1.2016296,-1.0879517,-0.88043213
76216,1.1047363,-0.85235596,-0.8241272
76217,1.1979675,-0.78521728,-0.91278076
76218,1.1677551,-0.68450928,-1.0095215
76219,1.0946655,-0.62530518,-0.94787598
76220,1.1390686,-0.62805176,-1.1955261
76221,1.0852051,-0.64575195,-1.0379028
76222,0.912323,-0.63095093,-1.0009766
76223,1.0342407,-0.51696777,-1.1590576
76224,0.95306397,-0.5456543,-1.2480164
76225,0.93688965,-0.50811768,-1.1581421
76226,0.887146,-0.2746582,-1.1711121
76227,0.84075928,-0.44158936,-1.2667847
76228,0.84777832,-0.32669067,-1.3079834
76229,0.79559326,-0.21011353,-1.1909485
76230,0.86578369,-0.13671875,-1.3208008
76231,0.7460022,-0.11123657,-1.2167358
76232,0.74493408,0.000915527,-1.3163757
76233,0.20217895,-0.4814148,-1.4862061
76234,0.40740967,-0.3503418,-1.52771
76235,0.61569214,0.026092529,-1.4562988
76236,0.48583984,0.19561768,-1.4213562
76237,0.55725098,0.23361206,-1.5115356
76238,0.38162231,0.24734497,-1.4181519
76239,0.40985107,0.3163147,-1.5072632
76240,0.38986206,0.40664673,-1.5231323
76241,0.37597656,0.36254883,-1.5138245
76242,0.37414551,0.58273315,-1.5481567
76243,0.3352356,0.63064575,-1.4958191
76244,0.23376465,0.7258606,-1.448822
76245,0.18844605,0.61386108,-1.343689
76246,0.071563721,0.74707031,-1.4085388
76247,0.090484619,0.74676514,-1.2741089
76248,-0.083312988,0.7888794,-1.3383484
76249,-0.093078613,0.89431763,-1.5008545
76250,-0.078277588,0.87249756,-1.4179993
76251,-0.064697266,0.96282959,-1.4370728
76252,-0.078887939,1.0623169,-1.2423706
76253,-0.25497436,1.0383606,-1.3256836
76254,-0.20462036,0.97442627,-1.1993408
76255,-0.37200928,1.071167,-1.1360168
76256,-0.4876709,1.0266113,-1.0968018
76257,-0.46066284,0.98007202,-1.1068726
76258,-0.53222656,1.138916,-1.0040283
76259,-0.63842773,1.1164856,-1.096344
76260,-0.54199219,1.2260437,-1.0018921
76261,-0.63415527,1.2466431,-0.92330933
76262,-0.73318481,1.2541199,-0.96817017
76263,-0.84396362,1.3200378,-0.94482422
76264,-0.84060669,1.305542,-0.93978882
76265,-0.9777832,1.2548828,-1.0404968
76266,-1.0578918,1.2826538,-0.97076416
76267,-1.0580444,1.2852478,-0.82122803
76268,-1.0870361,1.3278198,-0.63949585
76269,-1.1543274,1.267395,-0.76812744
76270,-1.3264465,1.2939453,-0.61309815
76271,-1.2792969,1.2519836,-0.41412353
76272,-1.3642883,1.1924744,-0.50094604
76273,-1.3516235,1.3092041,-0.49041748
76274,-1.4312744,1.2753296,-0.2935791
76275,-1.5122986,1.3293457,-0.34011841
76276,-1.5405273,1.3653564,-0.32409668
76277,-1.529541,1.2503052,-0.30181885
76278,-1.6275024,1.340332,-0.30181885
76279,-1.6152954,1.4393616,-0.18997192
76280,-1.8026733,1.3165283,-0.14770508
76281,-1.7245483,1.4633179,-0.14053345
76282,-1.71875,1.4916992,0.11657715
76283,-1.8392944,1.5805054,0.18829346
76284,-1.927948,1.3110352,0.22720337
76285,-1.8000793,1.2985229,0.1651001
76286,-1.7828369,1.2734985,0.18554688
76287,-1.973877,1.3476563,0.30273438
76288,-2.07901,1.1531067,0.28869629
76289,-1.9483948,1.322937,0.44815064
76290,-1.9148254,1.0699463,0.59082031
76291,-1.9616699,1.1172485,0.53024292
76292,-2.089386,1.1003113,0.57632446
76293,-2.1058655,1.0656738,0.58929443
76294,-2.2143555,0.98236084,0.78018188
76295,-2.1044922,0.95947266,0.63644409
76296,-2.194519,0.90423584,0.64941406
76297,-2.1366882,0.95199585,0.79589844
76298,-2.1913147,0.78109741,0.753479
76299,-2.2735596,0.65917969,0.81787109
76300,-2.3962402,0.56518555,0.72967529
76301,-2.1781921,0.65704346,0.96801758
76302,-2.2055054,0.5696106,1.0688782
76303,-2.27005,0.48721314,1.2487793
76304,-2.1824646,0.48980713,1.3427734
76305,-2.2480774,0.40283203,1.4263916
76306,-2.0864868,0.39581299,1.3311768
76307,-2.2459412,0.081787109,1.2374878
76308,-2.3112488,0.16983032,1.3916016
76309,-2.1252441,0.11901856,1.3824463
76310,-2.1200562,0.042419434,1.4733887
76311,-2.1864319,0.047149658,1.5797424
76312,-2.2503662,-0.028076172,1.4810181
76313,-2.1289063,-0.002441406,1.5310669
76314,-2.182312,-0.088806152,1.6574097
76315,-2.1409607,-0.33721924,1.6011047
76316,-2.1008301,-0.42602539,1.5740967
76317,-2.0678711,-0.53192139,1.6438293
76318,-1.9633484,-0.59127808,1.618042
76319,-2.0635986,-0.8442688,1.7541504
76320,-2.1102905,-0.59143066,1.7596436
76321,-2.0455933,-0.4675293,1.8045044
76322,-1.9465637,-0.59692383,1.867981
76323,-2.015686,-0.56793213,1.8521118
76324,-1.9403076,-0.49331665,1.8565369
76325,-1.8389893,-0.69366455,2.000885
76326,-1.9062805,-0.89294434,1.9831848
76327,-1.8531799,-1.0047913,1.7434692
76328,-1.8663025,-0.95794678,1.847229
76329,-1.8629456,-1.0546875,2.0910645
76330,-1.8345642,-1.0636902,1.9265747
76331,-1.9326782,-0.98632813,1.7103577
76332,-1.8235779,-1.1315918,1.7248535
76333,-1.6690063,-1.2402344,2.119751
76334,-1.5527344,-1.411438,2.0568848
76335,-1.6369629,-1.4953613,2.1609497
76336,-1.4498901,-1.4355469,2.1136475
76337,-1.4433289,-1.4266968,2.1257019
76338,-1.2953186,-1.4581299,2.0605469
76339,-1.3092041,-1.6619873,1.9618225
76340,-1.4041138,-1.5921021,1.9021606
76341,-1.1212158,-1.6323853,1.985321
76342,-1.2211609,-1.6636658,1.9570923
76343,-1.2452698,-1.678772,2.0883179
76344,-1.2579346,-1.7681885,2.0613098
76345,-1.1573791,-1.8965149,1.7973328
76346,-1.1457825,-1.9163513,2.1047974
76347,-1.0774231,-2.0187378,1.9604492
76348,-0.89385986,-1.9476318,1.8734741
76349,-0.91781616,-1.9436646,1.8103027
76350,-0.71243286,-1.9491577,1.8702698
76351,-0.73852539,-2.0361328,1.8347168
76352,-0.55755615,-2.2068787,1.8731689
76353,-0.48614502,-2.2854614,1.8173218
76354,-0.44570923,-2.1270752,1.9213867
76355,-0.49621582,-2.2833252,1.8118286
76356,-0.30380249,-2.2668457,1.980896
76357,-0.32821655,-2.2647095,1.7445374
76358,-0.40115356,-2.4079895,1.81427
76359,-0.2507019,-2.3170471,1.6529846
76360,-0.09475708,-2.3348999,1.5948486
76361,-0.090026855,-2.4053955,1.4257813
76362,0.0,-2.1408081,1.5281677
76363,-0.128479,-2.3945618,1.5530396
76364,-0.11611939,-2.3432922,1.4332581
76365,0.010375977,-2.2767639,1.401062
76366,0.032196045,-2.5027466,1.4198303
76367,0.041809082,-2.5137329,1.2077332
76368,0.34683228,-2.4388123,1.3812256
76369,0.36102295,-2.3904419,1.3088989
76370,0.35888672,-2.3797607,1.4685059
76371,0.39672852,-2.1885681,1.282196
76372,0.51101685,-2.3828125,1.1022949
76373,0.51086426,-2.1835327,1.071167
76374,0.49362183,-2.2206116,1.0510254
76375,0.5128479,-2.2254944,0.98770142
76376,0.57617188,-2.3774719,0.83816528
76377,0.85296631,-2.318573,0.81939697
76378,0.71426392,-2.4009705,0.75073242
76379,0.86578369,-2.3243713,0.54946899
76380,1.0101318,-2.2631836,0.65444946
76381,1.0139465,-2.3381042,0.55389404
76382,0.91415405,-2.2784424,0.49606323
76383,1.0934448,-2.1464539,0.38986206
76384,0.89126587,-2.2355652,0.50598144
76385,1.053772,-2.2782898,0.4586792
76386,1.0243225,-2.3953247,0.33966064
76387,1.1608887,-2.2442627,0.14892578
76388,1.1976624,-2.1539307,0.24673462
76389,1.1495972,-2.1554565,0.17807007
76390,1.275177,-2.1220398,-0.1272583
76391,1.2419128,-1.9836426,0.013885498
76392,1.2411499,-2.1742249,-0.084228516
76393,1.2611389,-2.1194458,-0.15289307
76394,1.2260437,-1.8458557,-0.18554688
76395,1.3478088,-1.9332886,-0.082092285
76396,1.3496399,-1.842041,-0.20751953
76397,1.338501,-1.7573547,-0.43792725
76398,1.2942505,-1.8911743,-0.38803101
76399,1.4328003,-1.762085,-0.38787842
76400,1.2457275,-1.8215942,-0.29312134
76401,1.2963867,-1.5658569,-0.50857544
76402,1.4465332,-1.5472412,-0.59677124
76403,1.3027954,-1.394043,-0.49957275
76404,1.2359619,-1.439209,-0.48980713
76405,1.1897278,-1.5562439,-0.66604614
76406,1.1987305,-1.5867615,-0.65216065
76407,1.2997437,-1.5188599,-0.71807861
76408,1.2701416,-1.2646484,-0.93444824
76409,1.3204956,-1.1437988,-0.82092285
76410,1.3034058,-1.1170959,-0.87387085
76411,1.3601685,-1.0194397,-0.95458984
76412,1.3769531,-0.98388672,-0.99563599
76413,1.3322449,-1.0235596,-0.96435547
76414,1.2858582,-0.82138062,-1.100769
76415,1.239624,-0.80947876,-1.1024475
76416,1.2330627,-0.69381714,-1.1206055
76417,1.2399292,-0.93154907,-1.1573791
76418,1.1357117,-0.57556152,-1.0646057
76419,1.1930847,-0.68328857,-1.1186218
76420,1.1701965,-0.44464111,-1.1627197
76421,1.2191772,-0.70037842,-1.3502502
76422,1.0820007,-0.44219971,-1.4273071
76423,0.99273682,-0.44723511,-1.3192749
76424,1.0244751,-0.49575806,-1.2390137
76425,0.97412109,-0.18234253,-1.322937
76426,0.95367432,-0.15625,-1.3722229
76427,1.0566711,-0.061950684,-1.4520264
76428,1.0194397,-0.10467529,-1.44104
76429,0.7611084,-0.024414063,-1.4002991
76430,0.7824707,0.15625,-1.381073
76431,0.7371521,-0.074157715,-1.6378784
76432,0.5770874,-0.019989014,-1.4933777
76433,0.55633545,0.04196167,-1.446991
76434,0.72265625,0.34408569,-1.5029907
76435,0.62561035,0.35827637,-1.5812683
76436,0.58181763,0.30914307,-1.5351868
76437,0.51025391,0.44128418,-1.5014648
76438,0.44036865,0.49743652,-1.4233398
76439,0.39886475,0.47927856,-1.362915
76440,0.43182373,0.50567627,-1.4041138
76441,0.19546509,0.39810181,-1.3963318
76442,0.21453857,0.38619995,-1.4901733
76443,0.13092041,0.36468506,-1.2861633
76444,0.24414063,0.54092407,-1.4585876
76445,0.062713623,0.69396973,-1.3796997
76446,-0.24658203,0.79559326,-1.3146973
76447,-0.14129639,0.82580566,-1.2968445
76448,-0.016326904,0.8354187,-1.210022
76449,-0.17150879,1.0195923,-1.2623596
76450,-0.19302368,1.1430359,-1.2129211
76451,-0.23178101,0.99838257,-1.1517334
76452,-0.34362793,1.0668945,-1.2283325
76453,-0.28701782,1.1412048,-1.3020325
76454,-0.53466797,0.98098755,-1.21521
76455,-0.45822144,1.0116577,-1.2271118
76456,-0.63842773,1.1410522,-1.1453247
76457,-0.70892334,1.2145996,-0.93856812
76458,-0.60806274,1.4001465,-0.96237183
76459,-0.85662842,1.4216614,-0.94497681
76460,-0.84716797,1.2817383,-1.0432434
76461,-0.7875061,1.2341309,-1.0580444
76462,-0.92636108,1.3174438,-0.75622559
76463,-0.965271,1.3337708,-0.72082519
76464,-1.211853,1.3687134,-0.84167481
76465,-1.0902405,1.5357971,-0.59844971
76466,-1.1933899,1.6090393,-0.7585144
76467,-1.3737488,1.4422607,-0.68481445
76468,-1.3777161,1.3183594,-0.67672729
76469,-1.4805603,1.315918,-0.49911499
76470,-1.4831543,1.4154053,-0.5545044
76471,-1.3816834,1.4619446,-0.52551269
76472,-1.441803,1.2956238,-0.521698
76473,-1.4746094,1.4712524,-0.48034668
76474,-1.6552734,1.4144897,-0.24810791
76475,-1.5574646,1.4170837,-0.35827637
76476,-1.7044067,1.5884399,-0.1638794
76477,-1.5510559,1.5505981,-0.097351074
76478,-1.7324829,1.4523315,-0.10910034
76479,-1.5856934,1.5110779,0.004882813
76480,-1.7144775,1.3412476,-0.020141602
76481,-1.8061829,1.2905884,0.056915283
76482,-1.8275452,1.3034058,0.069122314
76483,-1.832428,1.3000488,0.09552002
76484,-1.9326782,1.3792419,0.14312744
76485,-1.9525146,1.2715149,0.24032593
76486,-2.0965576,1.1621094,0.44189453
76487,-2.0397949,1.1540222,0.47729492
76488,-2.1434021,1.0931396,0.53161621
76489,-2.2137451,1.1148071,0.54458618
76490,-2.1910095,1.0166931,0.60684204
76491,-2.1868896,1.0261536,0.58029175
76492,-2.1760559,0.93017578,0.62393188
76493,-2.2869873,0.93200684,0.75805664
76494,-2.2943115,0.86044312,0.80108643
76495,-2.253418,0.75119019,0.71655273
76496,-2.3455811,0.69213867,1.0255432
76497,-2.3834229,0.71472168,1.0368347
76498,-2.2935486,0.65216065,1.0501099
76499,-2.2640991,0.68710327,1.0142517
76500,-2.4378967,0.55480957,1.1956787
76501,-2.2416687,0.5368042,1.0780334
76502,-2.2096252,0.51345825,1.2313843
76503,-2.3913574,0.44082642,1.2908936
76504,-2.1479797,0.49942017,1.3058472
76505,-2.3461914,0.45593262,1.3557434
76506,-2.2201538,0.23971558,1.3301086
76507,-2.2642517,0.40359497,1.466217
76508,-2.2232056,0.3237915,1.4904785
76509,-2.2227478,-0.011444092,1.4598084
76510,-2.1977234,-0.011444092,1.4500427
76511,-2.1238708,-0.10040283,1.463623
76512,-2.0928955,-0.12435913,1.5249634
76513,-2.0794678,-0.13549805,1.6427612
76514,-2.2642517,-0.37567139,1.7373657
76515,-2.1026611,-0.32791138,1.7318726
76516,-2.1603394,-0.29785156,1.8856812
76517,-2.1528625,-0.40557861,1.7601013
76518,-2.1258545,-0.88363647,1.6401672
76519,-1.9419861,-0.59051514,1.7285156
76520,-2.0098877,-0.6842041,1.8572998
76521,-1.9729614,-0.70892334,1.7427063
76522,-1.8731689,-0.50689697,1.6777039
76523,-1.920166,-0.74737549,1.9004822
76524,-2.0002747,-0.71685791,1.892395
76525,-2.0275879,-1.0055542,2.0993042
76526,-1.8783569,-0.95336914,1.907196
76527,-1.7790222,-1.0253906,1.9108582
76528,-1.6819763,-1.2588501,2.0149231
76529,-1.8162537,-1.0717773,2.0097351
76530,-1.8296814,-1.133728,1.7662048
76531,-1.7712402,-1.1506653,2.3042297
76532,-1.5412903,-1.1669922,2.0072937
76533,-1.5840149,-1.2834167,2.0922852
76534,-1.6349792,-1.5031433,1.8890381
76535,-1.4208984,-1.5391541,2.1008301
76536,-1.3595581,-1.6107178,2.1151733
76537,-1.3476563,-1.6018677,2.0565796
76538,-1.3298035,-1.8548584,1.9790649
76539,-1.2728882,-1.6555786,1.9471741
76540,-1.2084961,-1.565094,2.0939636
76541,-1.2716675,-1.7727661,1.9952393
76542,-1.1335754,-1.6275024,1.9816589
76543,-1.1122131,-1.7408752,2.2090149
76544,-0.86425781,-1.7190552,2.127533
76545,-0.93673706,-1.869812,2.114563
76546,-0.9425354,-1.8113709,1.9944763
76547,-0.85525513,-1.8823242,2.1246338
76548,-0.68969727,-2.0089722,2.0925903
76549,-0.70861816,-2.0549011,2.0407104
76550,-0.61859131,-2.2065735,1.8392944
76551,-0.5770874,-2.1270752,1.7524719
76552,-0.42831421,-2.1188354,1.8287659
76553,-0.6161499,-2.1234131,1.6662598
76554,-0.27099609,-2.2174072,1.651001
76555,-0.30166626,-2.1743774,1.8182373
76556,-0.37307739,-2.1887207,1.6937256
76557,-0.15853882,-2.3098755,1.620636
76558,-0.12237549,-2.2669983,1.6352844
76559,-0.12390137,-2.2909546,1.7062378
76560,-0.030059814,-2.4414063,1.7022705
76561,0.053710938,-2.2802734,1.5342712
76562,0.13473511,-2.4237061,1.4102173
76563,0.02746582,-2.3674011,1.4491272
76564,0.19683838,-2.437439,1.4230347
76565,0.10299683,-2.4578857,1.3479614
76566,0.26397705,-2.4407959,1.2921143
76567,0.12893677,-2.5071716,1.2986755
76568,0.31219482,-2.5045776,1.1230469
76569,0.27557373,-2.5050354,1.0995483
76570,0.38009644,-2.4351501,1.0493469
76571,0.45120239,-2.5030518,1.0165405
76572,0.6803894,-2.5424194,0.93078613
76573,0.5065918,-2.3118591,0.84716797
76574,0.5607605,-2.3179626,0.91979981
76575,0.63583374,-2.2062683,0.93673706
76576,0.74630737,-2.2164917,0.71929932
76577,0.64865112,-2.3016357,0.81375122
76578,0.98007202,-2.2299194,0.64056397
76579,0.81130981,-2.3358154,0.69030762
76580,1.0018921,-2.4145508,0.57678223
76581,1.0299683,-2.2639465,0.44830322
76582,0.97229004,-2.2172546,0.41412353
76583,0.97488403,-2.2102356,0.43624878
76584,1.0787964,-2.1565247,0.41381836
76585,0.99487305,-2.1989441,0.32867432
76586,1.0046387,-2.2198486,0.29632568
76587,1.14151,-2.2645569,0.095977783
76588,1.1691284,-2.1826172,0.022277832
76589,1.1418152,-1.8507385,0.11352539
76590,1.0820007,-1.9303894,0.097808838
76591,1.1758423,-1.8269348,-0.012817383
76592,1.197052,-1.9700623,-0.003509521
76593,1.1694336,-1.973114,-0.067138672
76594,1.2710571,-1.8611145,0.016174316
76595,1.1845398,-1.8786621,-0.069885254
76596,1.2580872,-1.6954041,-0.32608032
76597,1.3574219,-1.6807556,-0.27587891
76598,1.373291,-1.6145325,-0.34851074
76599,1.4582825,-1.6976929,-0.44677734
76600,1.3482666,-1.675415,-0.60745239
76601,1.3096619,-1.6213989,-0.46508789
76602,1.2631226,-1.5213013,-0.51269531
76603,1.2611389,-1.295166,-0.51239014
76604,1.3772583,-1.4768982,-0.7510376
76605,1.3751221,-1.2573242,-0.70266724
76606,1.3803101,-1.1936951,-0.74859619
76607,1.4126587,-1.2498474,-0.76095581
76608,1.5100098,-1.2814331,-0.82748413
76609,1.1953735,-1.3066101,-0.85723877
76610,1.1964416,-1.0864258,-0.80917358
76611,1.3824463,-1.0273743,-0.84213257
76612,1.191864,-1.0762024,-0.85144043
76613,1.2884521,-0.96176147,-1.038208
76614,0.90698242,-0.80612183,-0.98205566
76615,1.1073303,-0.82321167,-1.1825562
76616,0.93521118,-0.80718994,-1.0638428
76617,0.93719482,-0.72784424,-0.95794678
76618,1.0266113,-0.41305542,-0.95443726
76619,1.0891724,-0.54534912,-1.0723877
76620,0.98144531,-0.42999268,-1.2591553
76621,0.87081909,-0.5581665,-1.1447144
76622,0.89645386,-0.35461426,-1.2590027
76623,0.86273193,-0.28045654,-1.3113403
76624,0.82702637,0.014343262,-1.2113953
76625,0.73684692,-0.087127686,-1.4189148
76626,0.54519653,-0.11932373,-1.2361145
76627,0.72265625,-0.064086914,-1.3215637
76628,0.73242188,-0.19622803,-1.39328
76629,0.51010132,-0.40023804,-1.4259338
76630,0.41046143,0.12313843,-1.5690613
76631,0.62957764,0.18386841,-1.4431763
76632,0.46966553,0.37826538,-1.4482117
76633,0.54412842,0.48538208,-1.4472961
76634,0.37902832,0.34957886,-1.4489746
76635,0.44418335,0.38421631,-1.3909912
76636,0.32440186,0.46722412,-1.4199829
76637,0.24658203,0.40924072,-1.5390015
76638,0.26626587,0.62927246,-1.4277649
76639,0.23223877,0.44509888,-1.4627075
76640,0.13015747,0.66314697,-1.5611267
76641,0.15670776,0.73669434,-1.5689087
76642,0.074462891,0.79177856,-1.5512085
76643,0.039978027,0.78033447,-1.2823486
76644,0.029296875,0.81375122,-1.446228
76645,-0.10421753,1.0255432,-1.3780212
76646,-0.20751953,1.0655212,-1.3639832
76647,-0.3024292,0.9072876,-1.3098145
76648,-0.28274536,1.0850525,-1.0472107
76649,-0.32150269,1.0980225,-1.1112976
76650,-0.39016724,1.1010742,-1.1558533
76651,-0.41992188,1.0427856,-1.191864
76652,-0.46676636,1.0180664,-1.1457825
76653,-0.57220459,1.0888672,-1.1477661
76654,-0.54641724,1.1933899,-1.0752869
76655,-0.60928345,1.2741089,-1.1468506
76656,-0.52978516,1.2698364,-0.94955444
76657,-0.7182312,1.1726379,-1.0272217
76658,-0.76080322,1.3644409,-1.0081482
76659,-0.9487915,1.3262939,-1.0025024
76660,-0.87768555,1.2882996,-0.87036133
76661,-0.97961426,1.164856,-0.81512451
76662,-1.0969543,1.3250732,-0.79116821
76663,-1.1791992,1.3449097,-0.6703186
76664,-1.2615967,1.2802124,-0.63613892
76665,-1.3331604,1.2745666,-0.62744141
76666,-1.1836243,1.229248,-0.38513184
76667,-1.2425232,1.2678528,-0.64605713
76668,-1.3824463,1.4459229,-0.69076538
76669,-1.3575745,1.4282227,-0.4725647
76670,-1.3285828,1.3977051,-0.52612305
76671,-1.4839172,1.3563538,-0.3604126
76672,-1.4903259,1.2915039,-0.52902222
76673,-1.6314697,1.3742065,-0.26672363
76674,-1.6542053,1.3026428,-0.15060425
76675,-1.70578,1.2940979,-0.064086914
76676,-1.6706848,1.3000488,-0.026092529
76677,-1.6125488,1.3114929,0.005340576
76678,-1.6841125,1.4051819,0.032196045
76679,-1.7346191,1.4398193,0.06942749
76680,-1.8751526,1.368866,0.006256104
76681,-1.7190552,1.3446045,0.18234253
76682,-1.8370056,1.1471558,0.30258179
76683,-1.7724609,1.1462402,0.31692505
76684,-1.9889832,1.050415,0.40283203
76685,-2.0054626,1.0954285,0.43548584
76686,-1.9454956,1.0694885,0.37536621
76687,-2.0272827,0.93505859,0.50186157
76688,-1.892395,1.0418701,0.55603027
76689,-2.0037842,1.0154724,0.55541992
76690,-2.0573425,0.90789795,0.54138184
76691,-2.0724487,0.88470459,0.71929932
76692,-1.9970703,0.90423584,0.7333374
76693,-2.0523071,0.96725464,0.6300354
76694,-1.9927979,0.77346802,0.82443237
76695,-2.0640564,0.82168579,0.84136963
76696,-2.038269,0.60791016,0.89233398
76697,-2.0715332,0.63995361,0.86395264
76698,-2.1534729,0.59265137,0.80383301
76699,-2.2401428,0.52734375,0.97198486
76700,-1.9464111,0.56777954,1.0821533
76701,-2.2065735,0.32043457,1.1547852
76702,-2.0744324,0.088500977,1.0876465
76703,-2.2506714,0.045928955,1.0946655
76704,-2.2731018,-0.024414063,1.1483765
76705,-2.3069763,0.14129639,1.2095642
76706,-2.1601868,0.094451904,1.302948
76707,-2.1936035,0.11108398,1.2628174
76708,-2.1226501,0.07598877,1.5180969
76709,-2.0986938,0.14801025,1.481781
76710,-2.0495605,0.008087158,1.4370728
76711,-2.0516968,-0.088348389,1.5597534
76712,-2.046051,-0.32577515,1.6767883
76713,-2.0936584,-0.31555176,1.7956543
76714,-1.9924927,-0.26245117,1.6296387
76715,-2.0596313,-0.4598999,1.7144775
76716,-2.0909119,-0.92498779,1.6134644
76717,-1.9363403,-0.57052612,1.5950012
76718,-1.9927979,-0.49804688,1.870575
76719,-1.9120789,-0.74920654,1.786499
76720,-1.8391418,-0.72479248,1.7486572
76721,-1.9281006,-0.72463989,1.7515564
76722,-1.7932129,-1.003418,1.8844604
76723,-1.6899109,-0.90576172,1.8295288
76724,-1.8225098,-0.96405029,1.7678833
76725,-1.6690063,-1.0829163,1.8946838
76726,-1.71875,-1.114502,1.990509
76727,-1.7709351,-1.1654663,1.8586731
76728,-1.5882874,-1.104126,1.5324402
76729,-1.6119385,-1.0418701,1.8275452
76730,-1.6625977,-1.2313843,1.859436
76731,-1.4741516,-1.2585449,1.8965149
76732,-1.3668823,-1.2753296,2.0324707
76733,-1.4102173,-1.295166,2.0178223
76734,-1.600647,-1.5332031,2.0751953
76735,-1.3265991,-1.656189,1.9882202
76736,-1.388092,-1.7088318,2.0089722
76737,-1.282959,-1.7422485,1.8203735
76738,-1.1981201,-1.5792847,2.081604
76739,-1.1645508,-1.5266418,2.1749878
76740,-0.92178345,-1.8164063,2.0162964
76741,-1.0214233,-1.7160034,1.9335938
76742,-0.86853027,-1.9021606,1.933136
76743,-0.90988159,-1.7498779,2.038269
76744,-0.8531189,-1.9239807,1.9245911
76745,-0.69763184,-1.8199158,1.9236755
76746,-0.74127197,-1.9953918,1.8093872
76747,-0.62393188,-2.1246338,1.7851257
76748,-0.48919678,-2.0924377,1.8533325
76749,-0.57067871,-2.2068787,1.7749023
76750,-0.36437988,-2.1217346,1.7860413
76751,-0.40863037,-1.9210815,1.8026733
76752,-0.27130127,-1.9854736,1.7250061
76753,-0.32562256,-2.2323608,1.6415405
76754,-0.35751343,-2.1463013,1.6856384
76755,-0.19195557,-2.2119141,1.7971802
76756,-0.14038086,-2.2557068,1.6531372
76757,-0.15457153,-2.3457336,1.5562439
76758,-0.17745972,-2.191925,1.4653015
76759,-0.13549805,-2.0669556,1.438446
76760,-0.034332275,-2.0469666,1.4334106
76761,0.010681152,-2.1170044,1.415863
76762,0.084838867,-2.1542358,1.3305664
76763,0.12207031,-2.252655,1.1961365
76764,0.15029907,-2.2512817,1.1685181
76765,0.23529053,-2.2851563,1.2185669
76766,0.15029907,-2.323761,1.0314941
76767,0.34317017,-2.3643494,1.2922668
76768,0.23681641,-2.3501587,1.1972046
76769,0.45578003,-2.4331665,1.1347961
76770,0.62637329,-2.3472595,1.0217285
76771,0.51635742,-2.3149109,0.90301514
76772,0.71289063,-2.303772,0.87768555
76773,0.59585571,-2.46521,0.78536987
76774,0.61721802,-2.5363159,0.73989868
76775,0.79269409,-2.4085999,0.68969727
76776,0.69961548,-2.467041,0.65139771
76777,0.71792603,-2.1447754,0.59463501
76778,0.92285156,-2.1392822,0.67214966
76779,0.87417603,-2.0259094,0.54580688
76780,0.85296631,-2.1028137,0.45104981
76781,0.87371826,-2.1578979,0.61355591
76782,0.90484619,-2.0831299,0.40512085
76783,0.94558716,-2.0629883,0.40588379
76784,0.93948364,-2.1061707,0.38482666
76785,0.93917847,-2.0347595,0.32958984
76786,0.9487915,-1.9645691,0.21682739
76787,1.0243225,-2.1578979,0.26596069
76788,1.0345459,-2.1440125,0.17608643
76789,1.0653687,-2.1487427,0.065155029
76790,1.1251831,-1.9677734,0.035400391
76791,1.0935974,-2.0188904,-0.12084961
76792,1.1592102,-1.8850708,0.13870239
76793,1.1599731,-1.897583,0.021820068
76794,1.2820435,-1.8441772,-0.19760132
76795,1.2136841,-1.7785645,-0.22216797
76796,1.1250305,-1.7106628,-0.23895264
76797,1.2197876,-1.6041565,-0.40588379
76798,1.214447,-1.5974426,-0.54229736
76799,1.1314392,-1.3908386,-0.48751831
76800,1.1859131,-1.2583923,-0.41519165
76801,1.2329102,-1.3562012,-0.65200806
76802,1.2062073,-1.3349915,-0.57479858
76803,1.1196899,-1.3108826,-0.64926147
76804,1.2272644,-1.3534546,-0.82122803
76805,1.2020874,-1.1436462,-0.831604
76806,1.1882019,-1.2167358,-0.79574585
76807,1.1476135,-1.1724854,-0.80993652
76808,1.2966919,-0.99945068,-0.79269409
76809,1.0684204,-1.018219,-0.99182129
76810,1.2174988,-0.96969604,-1.036377
76811,1.2705994,-1.0752869,-0.98449707
76812,1.0662842,-0.89096069,-0.94940185
76813,1.0508728,-0.78063965,-0.93826294
76814,1.1462402,-0.85784912,-0.9526062
76815,1.0554504,-0.5859375,-0.94589233
76816,1.0598755,-0.75210571,-1.0527039
76817,0.86959839,-0.50918579,-1.053009
76818,1.1201477,-0.59570313,-1.2287903
76819,0.87493897,-0.35369873,-1.1447144
76820,0.89019775,-0.36437988,-1.2063599
76821,0.9324646,-0.41183472,-1.2091064
76822,0.78781128,-0.2835083,-1.2646484
76823,0.81741333,0.000762939,-1.2277222
76824,0.76660156,0.018920898,-1.2571716
76825,0.80947876,0.047912598,-1.3114929
76826,0.62530518,0.001983643,-1.2487793
76827,0.55435181,-0.036010742,-1.320343
76828,0.58364868,-0.049133301,-1.2667847
76829,0.58105469,0.02243042,-1.1061096
76830,0.4347229,0.060577393,-1.2141418
76831,0.52261353,0.27130127,-1.3058472
76832,0.47546387,0.22460938,-1.2969971
76833,0.27206421,0.39459228,-1.3322449
76834,0.27236939,0.60699463,-1.2252808
76835,0.19927978,0.40527344,-1.2243652
76836,0.28091431,0.55236816,-1.4227295
76837,0.24002075,0.5557251,-1.1831665
76838,0.039672852,0.55679321,-1.2809753
76839,0.054779053,0.46112061,-1.2153625
76840,0.08682251,0.52139282,-1.2890625
76841,0.050811768,0.58074951,-1.2297058
76842,-0.002746582,0.67779541,-1.1654663
76843,-0.1725769,0.85998535,-1.0913086
76844,-0.20767212,0.78582764,-1.2272644
76845,-0.12527466,0.88272095,-1.2445068
76846,-0.25466919,1.0488892,-1.1981201
76847,-0.2255249,1.1331177,-1.1637878
76848,-0.38528442,1.0569763,-1.1207581
76849,-0.4423523,1.0299683,-1.1947632
76850,-0.54107666,1.0766602,-1.134491
76851,-0.51559448,1.1430359,-0.98083496
76852,-0.47164917,0.95016479,-1.0983276
76853,-0.54916382,1.0388184,-0.96084595
76854,-0.6539917,1.0058594,-0.93505859
76855,-0.81848144,1.2077332,-0.79101563
76856,-0.60668945,0.94619751,-0.8366394
76857,-0.93078613,1.0754395,-0.59844971
76858,-0.87158203,1.0653687,-0.58502197
76859,-1.0113525,1.0803223,-0.69107056
76860,-1.0745239,1.1616516,-0.70251465
76861,-1.1375427,1.0835266,-0.58685303
76862,-1.134491,1.2355041,-0.54885864
76863,-1.2945557,1.1212158,-0.50506592
76864,-1.2609863,1.1740112,-0.51055908
76865,-1.2854004,1.0687256,-0.51147461
76866,-1.2095642,1.2210083,-0.44799805
76867,-1.3562012,1.3839722,-0.29220581
76868,-1.3879395,1.1114502,-0.39901733
76869,-1.4430237,0.90270996,-0.4234314
76870,-1.423645,1.0003662,-0.19958496
76871,-1.4541626,1.0943604,-0.12252808
76872,-1.4596558,1.0298157,-0.055847168
76873,-1.5501404,1.2939453,0.085754395
76874,-1.554718,1.1509705,0.13137817
76875,-1.6021729,1.0368347,0.042266846
76876,-1.6638184,1.1105347,0.1651001
76877,-1.6804504,1.1357117,0.23193359
76878,-1.7088318,1.1523438,0.32913208
76879,-1.7460632,1.0879517,0.32119751
76880,-1.8478394,1.086731,0.48156738
76881,-1.9006348,1.1210632,0.47073364
76882,-1.9424438,0.99090576,0.43869019
76883,-1.9381714,1.114502,0.48660278
76884,-1.9285584,0.9753418,0.52642822
76885,-1.9132996,0.94528198,0.49438477
76886,-1.9670105,1.0133362,0.57678223
76887,-1.9096375,0.85113525,0.55328369
76888,-1.9158936,0.84655762,0.64422607
76889,-1.9300842,0.64788818,0.65628052
76890,-1.9004822,0.70343018,0.76538086
76891,-1.8385315,0.63720703,0.87402344
76892,-2.0368958,0.55343628,1.0568237
76893,-2.0925903,0.69335938,1.0580444
76894,-1.9477844,0.56991577,0.99197388
76895,-2.0724487,0.54916382,0.96923828
76896,-2.0878601,0.37948608,0.84716797
76897,-1.9943237,0.30014038,0.965271
76898,-1.8287659,0.09552002,1.025238
76899,-2.0765686,0.36560059,1.1994934
76900,-2.0721436,0.25695801,1.1882019
76901,-1.9406128,0.20446777,1.1154175
76902,-1.9085693,-0.008850098,1.1399841
76903,-2.0782471,-0.097808838,1.230011
76904,-1.9607544,-0.17166138,1.3362122
76905,-2.0280457,-0.10009766,1.4492798
76906,-1.942749,-0.079193115,1.421051
76907,-1.9535828,-0.14404297,1.5411377
76908,-1.9120789,-0.36193848,1.4706421
76909,-1.8569946,-0.34179688,1.4611816
76910,-1.8130493,-0.48080444,1.4710999
76911,-1.9210815,-0.36941528,1.3928223
76912,-1.8174744,-0.19195557,1.6110229
76913,-1.7648315,-0.75073242,1.7648315
76914,-1.8676758,-0.80978394,1.8763733
76915,-1.7698669,-0.91217041,1.8083191
76916,-1.9076538,-0.87036133,1.7877197
76917,-1.7245483,-1.0501099,1.6886902
76918,-1.6827393,-0.93017578,1.7179871
76919,-1.778717,-0.85739136,1.8901062
76920,-1.6184998,-0.90652466,1.9622803
76921,-1.7289734,-0.97976685,1.8435669
76922,-1.6490173,-1.0083008,1.7900085
76923,-1.68396,-1.1105347,1.7507935
76924,-1.5940857,-1.1264038,2.0153809
76925,-1.5805054,-1.0902405,1.9810486
76926,-1.4503479,-1.232605,1.6430664
76927,-1.4224243,-1.1994934,1.8240356
76928,-1.4019775,-1.2191772,1.8945313
76929,-1.2590027,-1.4497375,1.7874146
76930,-1.1801147,-1.3728333,1.8647766
76931,-1.184082,-1.4370728,1.7884827
76932,-1.2097168,-1.5109253,1.7120361
76933,-1.1312866,-1.5856934,1.892395
76934,-1.0365295,-1.5206909,1.7826843
76935,-0.90316772,-1.5452576,1.8254089
76936,-0.99822998,-1.6654968,1.7880249
76937,-0.88745117,-1.6473389,1.7536926
76938,-0.79589844,-1.8179321,1.7541504
76939,-0.67367554,-1.7102051,1.8186951
76940,-0.68847656,-1.9316101,1.7521667
76941,-0.56457519,-1.8894959,1.7419434
76942,-0.69290161,-1.7807007,1.6203308
76943,-0.61813354,-1.7073059,1.736145
76944,-0.61325073,-1.8849182,1.7036438
76945,-0.56762695,-1.856842,1.565094
76946,-0.39001465,-2.07901,1.4079285
76947,-0.3263855,-2.0632935,1.335907
76948,-0.42953491,-2.1130371,1.4120483
76949,-0.40008545,-2.068634,1.4619446
76950,-0.32974243,-2.0875549,1.6642761
76951,-0.18554688,-2.0271301,1.4892578
76952,-0.11322022,-2.023468,1.4794922
76953,-0.10528565,-2.0658875,1.439209
76954,-0.047302246,-2.1228027,1.4562988
76955,-0.11474609,-2.208252,1.395874
76956,-0.015106201,-2.2311401,1.545105
76957,0.080413818,-2.2201538,1.2518311
76958,0.18676758,-2.1813965,1.3371277
76959,0.18035889,-2.1461487,1.0884094
76960,0.25314331,-2.1134949,1.1427307
76961,0.32440186,-2.0362854,1.0040283
76962,0.38299561,-2.2184753,0.98968506
76963,0.34301758,-2.1559143,0.88165283
76964,0.46676636,-2.2840881,0.81436157
76965,0.55053711,-2.184906,0.76965332
76966,0.55480957,-2.3950195,0.76049805
76967,0.57144165,-2.3641968,0.70281982
76968,0.66452026,-2.2775269,0.68023682
76969,0.64971924,-2.2845459,0.67886353
76970,0.72021484,-2.0832825,0.62896728
76971,0.82427978,-2.0823669,0.47729492
76972,0.82092285,-1.9650269,0.3755188
76973,0.8354187,-1.9798279,0.58364868
76974,0.88134766,-2.1162415,0.3817749
76975,0.94146728,-1.8466187,0.4208374
76976,1.031189,-1.8977356,0.34347534
76977,0.84487915,-1.8707275,0.33355713
76978,0.90118408,-1.758728,0.1864624
76979,0.85235596,-1.729126,0.12588501
76980,0.85784912,-1.7326355,0.21026611
76981,0.89019775,-1.8481445,0.011444092
76982,0.98022461,-1.8507385,0.04486084
76983,0.96435547,-1.82724,-0.011138916
76984,1.0617065,-1.8040466,-0.12969971
76985,1.09375,-1.7675781,-0.18066406
76986,1.0707092,-1.7050171,-0.1876831
76987,1.0762024,-1.6293335,-0.26550293
76988,1.1244202,-1.6036987,-0.26260376
76989,1.1497498,-1.5704346,-0.3994751
76990,1.131897,-1.5126038,-0.22827148
76991,1.1534119,-1.3238525,-0.38879394
76992,1.166687,-1.2680054,-0.42358398
76993,1.1947632,-1.3323975,-0.44052124
76994,1.2283325,-1.4315796,-0.35980225
76995,1.2280273,-1.3543701,-0.51239014
76996,1.1308289,-1.328125,-0.51437378
76997,1.2715149,-1.4167786,-0.63232422
76998,0.99075317,-1.1122131,-0.5355835
76999,1.1630249,-0.97015381,-0.73806763
77000,1.0404968,-0.91186523,-0.90377808
77001,0.94070435,-0.86730957,-0.71258545
77002,0.85021973,-0.8782959,-0.73348999
77003,0.90209961,-0.73150635,-0.86334228
77004,1.0029602,-0.68267822,-0.85693359
77005,1.0139465,-0.56777954,-0.98983765
77006,0.94665527,-0.44494629,-0.96237183
77007,0.95825195,-0.38711548,-1.1553955
77008,1.1030579,-0.37277222,-1.0084534
77009,0.97763062,-0.38818359,-1.1013794
77010,0.86349487,-0.38146973,-1.2400818
77011,1.0166931,-0.39169311,-1.0848999
77012,0.78781128,-0.44876099,-1.2042236
77013,0.88577271,-0.33477783,-1.1210632
77014,0.7194519,-0.27770996,-1.1943054
77015,0.82397461,-0.15304565,-1.2095642
77016,0.75759888,-0.054321289,-1.2203979
77017,0.62896728,-0.069274902,-1.2565613
77018,0.70220947,-0.092163086,-1.2229919
77019,0.75286865,-0.051269531,-1.2635803
77020,0.54641724,0.13504028,-1.1253357
77021,0.58319092,-0.002441406,-1.2754822
77022,0.49682617,0.20874023,-1.3497925
77023,0.39108276,0.10498047,-1.3223267
77024,0.39474487,0.24505615,-1.2864685
77025,0.32241821,0.15563965,-1.229248
77026,0.39596558,0.39459228,-1.1700439
77027,0.3137207,0.29296875,-1.2776184
77028,0.19424438,0.38131714,-1.1068726
77029,0.23803711,0.47637939,-1.2226868
77030,0.2015686,0.52398682,-1.1764526
77031,0.30914307,0.42510986,-1.255188
77032,0.061950684,0.66360474,-1.2463379
77033,0.030212402,0.63659668,-1.2695313
77034,-0.12496948,0.88943481,-1.1489868
77035,-0.17272949,0.6703186,-1.0754395
77036,-0.15655518,0.89523315,-1.1054993
77037,-0.18463135,0.86883545,-1.1820984
77038,-0.19775391,0.7975769,-1.068573
77039,-0.44799805,0.80734253,-1.0298157
77040,-0.41656494,1.0452271,-1.1010742
77041,-0.25344849,0.92285156,-0.96862793
77042,-0.50857544,0.9085083,-1.1221313
77043,-0.43014526,0.93063354,-1.0168457
77044,-0.57861328,1.04599,-1.0484314
77045,-0.58990478,1.1682129,-0.82229614
77046,-0.73791504,1.3430786,-0.78384399
77047,-0.58944702,1.1653137,-0.75622559
77048,-0.80810547,1.3500977,-0.92712402
77049,-0.83450317,1.1410522,-0.84228516
77050,-0.99411011,1.1495972,-0.87188721
77051,-0.93383789,1.0879517,-0.80963135
77052,-0.83465576,1.159668,-0.67947388
77053,-0.9513855,1.15448,-0.68618774
77054,-1.0049438,1.398468,-0.64498901
77055,-1.1868286,1.4820862,-0.62774658
77056,-1.3186646,1.3696289,-0.51101685
77057,-1.337738,1.34552,-0.60791016
77058,-1.3146973,1.182251,-0.57601929
77059,-1.3085938,1.1611938,-0.30197144
77060,-1.3339233,1.3005066,-0.34805298
77061,-1.5228271,1.3102722,-0.25573731
77062,-1.4204407,1.2295532,-0.037994385
77063,-1.5432739,1.2481689,-0.039520264
77064,-1.6020203,1.2565613,-0.10498047
77065,-1.6766357,0.92712402,-0.34484863
77066,-1.648407,1.2863159,-0.045928955
77067,-1.6743469,1.2504578,0.040740967
77068,-1.6299438,1.212616,0.061798096
77069,-1.8128967,1.1651611,0.14404297
77070,-1.8284607,1.0513306,0.15167236
77071,-1.9273376,1.0115051,0.20645142
77072,-1.8351746,1.0977173,0.18508911
77073,-1.8540955,1.1761475,0.26000977
77074,-1.8357849,0.95458984,0.30639648
77075,-1.8955994,1.0140991,0.38452148
77076,-1.8927002,0.86456299,0.58624268
77077,-1.9087219,0.85464478,0.54611206
77078,-1.9197083,0.87234497,0.56350708
77079,-1.9268799,0.75531006,0.7862854
77080,-1.9117737,0.80947876,0.7069397
77081,-2.0872498,0.76843262,0.7913208
77082,-2.1073914,0.74783325,0.74737549
77083,-2.0722961,0.73867798,0.77697754
77084,-2.0349121,0.66589356,0.77774048
77085,-2.0294189,0.57159424,0.91171265
77086,-2.2584534,0.52093506,1.0998535
77087,-2.1520996,0.46051025,1.0243225
77088,-2.0684814,0.5140686,1.0527039
77089,-2.1058655,0.4284668,1.0110474
77090,-2.0806885,0.45547485,1.2037659
77091,-2.1295166,0.38040161,1.1149597
77092,-2.0892334,0.22354126,1.1410522
77093,-2.0899963,0.24780273,1.2359619
77094,-2.0637512,0.19104004,1.2615967
77095,-2.1235657,0.24414063,1.2962341
77096,-2.197876,0.026702881,1.3571167
77097,-1.9869995,0.08895874,1.3354492
77098,-1.8563843,-0.10498047,1.3449097
77099,-2.0555115,-0.30609131,1.5235901
77100,-1.8731689,-0.017852783,1.1894226
77101,-1.9804382,-0.15426636,1.5538025
77102,-2.0175171,-0.33721924,1.3171387
77103,-1.9802856,-0.29663086,1.519928
77104,-1.8791199,-0.26535034,1.7604065
77105,-1.8106079,-0.40985107,1.8858337
77106,-1.864624,-0.57022095,1.6470337
77107,-1.8856812,-0.74798584,1.558075
77108,-1.9485474,-0.9703064,1.7504883
77109,-1.8159485,-0.90255737,1.6191101
77110,-1.849823,-0.68725586,1.7826843
77111,-1.8054199,-0.74935913,1.4976501
77112,-1.7988586,-0.97885132,1.8629456
77113,-1.6958618,-1.0403442,1.7514038
77114,-1.7625427,-0.95794678,1.9020081
77115,-1.5957642,-1.211853,1.9691467
77116,-1.5914917,-1.1491394,1.9573975
77117,-1.509552,-1.1611938,1.8991089
77118,-1.5090942,-1.2127686,1.8545532
77119,-1.5066528,-1.0385132,1.9935608
77120,-1.4195251,-1.2078857,1.8353271
77121,-1.2754822,-1.2417603,1.8508911
77122,-1.3121033,-1.5008545,1.8214416
77123,-1.25,-1.6772461,1.8115234
77124,-1.3298035,-1.4901733,1.8083191
77125,-1.2223816,-1.5438843,1.872406
77126,-1.1726379,-1.5617371,1.9813538
77127,-0.93505859,-1.5812683,1.8855286
77128,-1.0508728,-1.6889954,1.887207
77129,-1.0307312,-1.6981506,1.774292
77130,-1.0235596,-1.6464233,1.8218994
77131,-1.0253906,-1.6906738,1.9386291
77132,-0.91781616,-1.688385,1.9308472
77133,-0.8732605,-1.7221069,1.9509888
77134,-0.71136475,-1.9657898,1.925354
77135,-0.56686401,-1.9436646,1.8588257
77136,-0.58624268,-2.0010376,1.7333984
77137,-0.44326782,-2.0050049,1.8040466
77138,-0.5545044,-2.1101379,1.8310547
77139,-0.49987793,-2.1548462,1.829071
77140,-0.41473389,-2.1879578,1.8496704
77141,-0.34118652,-2.1522522,1.7922974
77142,-0.26031494,-2.0410156,1.7572021
77143,-0.22994995,-2.1580505,1.7353821
77144,-0.12664795,-2.2543335,1.6963196
77145,-0.10864258,-2.1556091,1.6099548
77146,-0.084381104,-2.3078918,1.5168762
77147,-0.046386719,-2.3350525,1.5249634
77148,-0.023956299,-2.2521973,1.524353
77149,0.053405762,-2.2802734,1.3696289
77150,0.08895874,-2.2996521,1.1837769
77151,0.11917114,-2.3706055,1.2060547
77152,0.15029907,-2.3951721,1.2666321
77153,0.23666382,-2.4951172,1.2487793
77154,0.28686523,-2.4157715,1.2242126
77155,0.36621094,-2.3780823,1.2123108
77156,0.39260864,-2.3196411,1.1392212
77157,0.46951294,-2.3019409,1.0731506
77158,0.50170898,-2.2662354,1.0467529
77159,0.58532715,-2.2157288,0.95169067
77160,0.60852051,-2.1789551,0.89126587
77161,0.66467285,-2.1618652,0.83099365
77162,0.67825317,-2.1368408,0.83251953
77163,0.77163696,-2.2573853,0.66345215
77164,0.84716797,-2.1224976,0.74645996
77165,0.78063965,-2.1585083,0.64407349
77166,0.97900391,-2.1818542,0.54626465
77167,0.9463501,-2.1427917,0.54595947
77168,1.0171509,-2.1829224,0.47561645
77169,1.0090637,-2.1733093,0.41259766
77170,0.99075317,-2.2245789,0.32287598
77171,0.88165283,-2.1478271,0.37063599
77172,0.99395752,-1.9642639,0.2470398
77173,1.0577393,-1.9035339,0.29144287
77174,1.1558533,-1.9291687,0.089263916
77175,1.0647583,-1.9462585,-0.071868896
77176,1.1660767,-2.2186279,0.02822876
77177,1.2257385,-2.0207214,-0.011138916
77178,1.3537598,-1.920166,-0.068969727
77179,1.3328552,-1.9674683,0.029144287
77180,1.3378906,-1.8838501,-0.22064209
77181,1.2298584,-1.7871094,-0.19729614
77182,1.2667847,-1.7961121,-0.24871826
77183,1.3905334,-1.764679,-0.31158447
77184,1.383667,-1.7297363,-0.32287598
77185,1.4251709,-1.5336609,-0.33294678
77186,1.3497925,-1.497345,-0.39321899
77187,1.4051819,-1.4562988,-0.52856445
77188,1.3912964,-1.4720154,-0.52780151
77189,1.2393188,-1.5182495,-0.57571411
77190,1.2992859,-1.4221191,-0.74584961
77191,1.14151,-1.4201355,-0.78735352
77192,1.269989,-1.3198853,-0.80490112
77193,1.2922668,-1.2200928,-0.7888794
77194,1.1233521,-1.2043762,-0.72631836
77195,1.2193298,-1.1148071,-0.8265686
77196,1.2289429,-1.1439514,-0.88760376
77197,1.1665344,-1.2449646,-0.96618652
77198,1.1669922,-1.1053467,-1.0272217
77199,1.1271667,-1.0308838,-0.98220825
77200,1.0903931,-0.9664917,-0.96633911
77201,1.0816956,-0.84030151,-1.0169983
77202,1.0464478,-0.76675415,-1.1228943
77203,1.086731,-0.67138672,-1.0844421
77204,1.058197,-0.71136475,-0.99822998
77205,0.96786499,-0.48706055,-1.0192871
77206,0.94863892,-0.59677124,-0.99212647
77207,1.0678101,-0.41885376,-1.1343384
77208,0.9046936,-0.39382935,-1.1013794
77209,0.94985962,-0.262146,-1.313324
77210,0.97503662,-0.23956299,-1.3128662
77211,0.72479248,-0.29251099,-1.2782288
77212,0.7913208,-0.16265869,-1.4324951
77213,0.72357178,0.018920898,-1.3642883
77214,0.51025391,-0.34484863,-1.5385437
77215,0.52062988,-0.17669678,-1.592865
77216,0.58303833,0.097045898,-1.5953064
77217,0.64453125,0.105896,-1.4363098
77218,0.54443359,0.27908325,-1.5606689
77219,0.49285889,0.29052734,-1.3134766
77220,0.52139282,0.28427124,-1.4350891
77221,0.41519165,0.53634644,-1.4768982
77222,0.34606934,0.60058594,-1.3549805
77223,0.22369385,0.70343018,-1.4135742
77224,0.24215698,0.59570313,-1.5708923
77225,0.12008667,0.58242798,-1.4515686
77226,0.10238648,0.62194824,-1.3027954
77227,0.25238037,0.84716797,-1.3607788
77228,0.10513306,0.83267212,-1.5533447
77229,-0.14480591,0.74264526,-1.2879944
77230,0.00869751,0.77850342,-1.3311768
77231,-0.05645752,0.86853027,-1.2741089
77232,-0.28182983,0.9375,-1.3586426
77233,-0.19577026,0.88287353,-1.2582397
77234,-0.19714356,0.83496094,-1.3363647
77235,-0.31982422,1.1239624,-1.2597656
77236,-0.41732788,1.0603333,-1.0803223
77237,-0.37414551,1.0479736,-1.2985229
77238,-0.43212891,1.1645508,-1.1465454
77239,-0.69747925,1.2127686,-1.1430359
77240,-0.54199219,1.1274719,-1.1151123
77241,-0.78033447,1.1196899,-1.1068726
77242,-0.59448242,1.2199402,-1.0740662
77243,-0.72341919,1.3594055,-1.1712646
77244,-0.62576294,1.3095093,-0.90988159
77245,-0.88943481,1.2359619,-0.79193115
77246,-0.90332031,1.4305115,-0.84579468
77247,-1.0466003,1.4660645,-0.75454712
77248,-0.99838257,1.3604736,-0.64834595
77249,-1.0810852,1.1849976,-0.7421875
77250,-1.2188721,1.2736511,-0.71243286
77251,-1.2519836,1.3690186,-0.57891846
77252,-1.2992859,1.3768005,-0.58639526
77253,-1.2991333,1.3777161,-0.53222656
77254,-1.3708496,1.3331604,-0.4776001
77255,-1.423645,1.2921143,-0.34057617
77256,-1.4263916,1.2139893,-0.51864624
77257,-1.5763855,1.3583374,-0.35522461
77258,-1.5292358,1.4848328,-0.16418457
77259,-1.5710449,1.211853,-0.051269531
77260,-1.6061401,1.0929871,-0.1725769
77261,-1.6661072,0.97167969,-0.16815185
77262,-1.7111206,1.1117554,-0.063781738
77263,-1.8191528,1.1785889,-0.051269531
77264,-1.8476868,1.18927,0.024871826
77265,-1.8222046,1.16745,0.10742188
77266,-1.9044495,1.098938,0.36437988
77267,-1.9732666,1.3919067,0.31204224
77268,-2.0321655,1.2509155,0.30883789
77269,-1.9561768,1.1911011,0.33813477
77270,-1.9885254,1.1500549,0.44891357
77271,-2.0533752,1.1915588,0.53741455
77272,-2.0744324,1.1260986,0.50216675
77273,-2.1838379,1.1950684,0.5947876
77274,-2.0863342,1.1529541,0.54519653
77275,-2.0730591,1.1689758,0.6137085
77276,-2.0863342,1.0508728,0.69702148
77277,-2.2140503,1.0435486,0.67092896
77278,-2.2496033,0.85327148,0.75332642
77279,-2.2967529,0.96389771,0.77163696
77280,-2.1432495,0.8631897,0.71990967
77281,-2.3361206,0.70877075,0.8883667
77282,-2.2166443,0.59539795,0.84671021
77283,-2.3292542,0.75500488,1.0168457
77284,-2.2203064,0.56045532,1.1094666
77285,-2.2796631,0.63903809,1.1833191
77286,-2.2276306,0.44662476,1.2841797
77287,-2.3043823,0.50994873,1.3174438
77288,-2.2859192,0.50964356,1.3442993
77289,-2.2425842,0.21087647,1.2664795
77290,-2.2958374,0.3565979,1.3877869
77291,-2.2171021,0.18432617,1.4758301
77292,-2.2447205,0.21057129,1.3316345
77293,-2.0822144,0.21820068,1.4352417
77294,-2.0829773,-0.071716309,1.5014648
77295,-2.1589661,0.019073486,1.5718079
77296,-1.937561,-0.046844482,1.557312
77297,-2.046051,-0.27877808,1.5304565
77298,-2.0524597,-0.31661987,1.5882874
77299,-2.2438049,-0.51101685,1.6172791
77300,-2.1730042,-0.53283691,1.6398621
77301,-2.1847534,-0.51223755,1.812439
77302,-2.117157,-0.64727783,1.640625
77303,-2.0970154,-0.6628418,1.9508362
77304,-1.8878174,-0.81390381,1.7895508
77305,-1.9369507,-0.74508667,1.7919922
77306,-1.9961548,-1.0766602,1.8107605
77307,-2.0483398,-0.67596435,1.8963623
77308,-1.9822693,-0.41885376,1.9789124
77309,-1.8838501,-0.84945679,1.7712402
77310,-1.9073486,-0.96618652,2.1005249
77311,-1.7198181,-1.3175964,2.0863342
77312,-1.7927551,-1.0025024,2.0610046
77313,-1.6741943,-1.1650085,2.149353
77314,-1.7054749,-1.1462402,2.1537781
77315,-1.67099,-1.0333252,1.887207
77316,-1.7137146,-1.3215637,1.8789673
77317,-1.598053,-1.1947632,1.9943237
77318,-1.5071106,-1.3064575,2.0259094
77319,-1.461792,-1.5888977,1.8356323
77320,-1.3447571,-1.5412903,2.0675659
77321,-1.3677979,-1.6246033,2.1214294
77322,-1.2510681,-1.6221619,1.8310547
77323,-1.1769104,-1.6311646,2.0695496
77324,-1.1080933,-1.8383789,1.9567871
77325,-1.1975098,-1.9070435,1.8455505
77326,-1.0603333,-1.8618774,2.0285034
77327,-0.96755981,-1.7973328,2.0623779
77328,-0.94085693,-1.9256592,2.1089172
77329,-0.89569092,-2.0089722,2.0230103
77330,-0.72463989,-2.0343018,2.0254517
77331,-0.66436768,-2.0848083,1.9464111
77332,-0.63964844,-2.0652771,1.9206238
77333,-0.6060791,-2.1157837,1.9470215
77334,-0.55221558,-2.1336365,1.8730164
77335,-0.41534424,-2.1836853,1.8762207
77336,-0.3717041,-2.2627258,1.6479492
77337,-0.38604736,-2.2822571,1.6821289
77338,-0.41778564,-2.2544861,1.8403625
77339,-0.37185669,-2.1966553,1.7810059
77340,-0.33416748,-2.2155762,1.7713928
77341,-0.20645142,-2.3526001,1.8013
77342,-0.14297485,-2.2653198,1.7170715
77343,-0.098724365,-2.355957,1.7396545
77344,-0.09185791,-2.375946,1.7274475
77345,-0.072479248,-2.3313904,1.6149902
77346,-0.00579834,-2.3722839,1.5875244
77347,0.18096924,-2.3414612,1.3513184
77348,0.21728516,-2.2944641,1.2817383
77349,0.21774292,-2.2547913,1.4068604
77350,0.29510498,-2.2966003,1.3522339
77351,0.38330078,-2.4136353,1.2419128
77352,0.41900635,-2.3963928,1.1317444
77353,0.53894043,-2.5289917,1.118927
77354,0.55633545,-2.40448,0.95352173
77355,0.4776001,-2.250061,1.1010742
77356,0.54885864,-2.4427795,1.1077881
77357,0.67596435,-2.2846985,0.95947266
77358,0.79498291,-2.3149109,0.90042114
77359,0.65551758,-2.3933411,0.72677612
77360,0.87539673,-2.2557068,0.77194214
77361,0.90591431,-2.2601318,0.65948486
77362,1.0536194,-2.4617004,0.57312012
77363,0.887146,-2.2492981,0.56564331
77364,0.90957642,-2.3764038,0.62744141
77365,0.88302612,-2.3234558,0.546875
77366,0.98144531,-2.2727966,0.41824341
77367,1.0475159,-2.2291565,0.25848389
77368,1.0081482,-2.182312,0.33905029
77369,1.1166382,-2.1298218,0.3225708
77370,1.2487793,-2.1522522,0.25482178
77371,1.1026001,-2.0402527,0.25726318
77372,1.2368774,-2.1287537,0.21057129
77373,1.1222839,-2.1208191,0.18188477
77374,1.1276245,-1.9403076,0.1272583
77375,1.3386536,-1.7857361,0.020904541
77376,1.2783813,-1.9764709,-0.045013428
77377,1.2071228,-2.0687866,-0.25848389
77378,1.1334229,-1.8461609,-0.077819824
77379,1.3401794,-1.8243408,-0.24291992
77380,1.2739563,-1.8659973,-0.37521362
77381,1.179657,-1.776886,-0.44250488
77382,1.3600159,-1.6488647,-0.41061401
77383,1.4041138,-1.6157532,-0.46478272
77384,1.3934326,-1.6189575,-0.60150147
77385,1.2982178,-1.5525818,-0.57403565
77386,1.3304138,-1.4523315,-0.753479
77387,1.2916565,-1.37146,-0.61172485
77388,1.3272095,-1.4599609,-0.77072144
77389,1.2408447,-1.1485291,-0.71731567
77390,1.2979126,-1.350708,-0.67840576
77391,1.2330627,-1.3008118,-0.78063965
77392,1.2330627,-1.2008667,-0.87036133
77393,1.3128662,-1.0575867,-0.92712402
77394,1.1607361,-1.0644531,-0.88684082
77395,1.2094116,-0.95108032,-0.93063354
77396,1.1573791,-0.84579468,-0.95046997
77397,1.098938,-0.79101563,-1.1820984
77398,1.0806274,-0.82458496,-1.1999512
77399,1.1047363,-0.62637329,-1.3093567
77400,1.2380981,-0.52688599,-1.1584473
77401,1.1651611,-0.57128906,-1.0897827
77402,1.0430908,-0.5456543,-1.2504578
77403,1.1329651,-0.3616333,-1.2219238
77404,1.1154175,-0.21942139,-1.2637329
77405,0.91659546,-0.19638062,-1.3891602
77406,0.97869873,-0.12954712,-1.4047241
77407,0.90591431,-0.083465576,-1.3926697
77408,0.88775635,-0.16281128,-1.4585876
77409,0.79620361,-0.089111328,-1.3537598
77410,0.82046509,0.057373047,-1.3769531
77411,0.82366943,0.1725769,-1.5179443
77412,0.7258606,0.006713867,-1.6169739
77413,0.67977905,0.14282227,-1.631012
77414,0.60714722,0.1550293,-1.4607239
77415,0.60882568,0.30090332,-1.3499451
77416,0.7144165,0.28640747,-1.3955688
77417,0.57479858,0.24902344,-1.472168
77418,0.39550781,0.47607422,-1.4096069
77419,0.42984009,0.46829224,-1.5200806
77420,0.21148682,0.52597046,-1.4735413
77421,0.21560669,0.72418213,-1.3719177
77422,0.27450561,0.64346313,-1.3179016
77423,0.22247315,0.7069397,-1.3023376
77424,0.14587402,0.84091187,-1.3761902
77425,-0.1651001,0.82000732,-1.394043
77426,-0.092773438,0.59829712,-1.4341736
77427,-0.067138672,0.56594849,-1.4152527
77428,-0.083465576,0.83129883,-1.2533569
77429,-0.15594482,0.75942993,-1.2863159
77430,-0.17425537,0.94741821,-1.3510132
77431,-0.10864258,0.74020386,-1.2866211
77432,-0.38848877,0.94329834,-1.0296631
77433,-0.3225708,1.3237,-1.04599
77434,-0.46356201,1.2287903,-1.1230469
77435,-0.55908203,1.2451172,-1.2017822
77436,-0.4095459,1.1872864,-1.1378479
77437,-0.5947876,1.3632202,-1.0748291
77438,-0.54626465,1.2477112,-1.0398865
77439,-0.69503784,1.2623596,-1.1608887
77440,-0.83999634,1.2542725,-1.0562134
77441,-0.98144531,1.3409424,-0.84854126
77442,-0.88577271,1.2930298,-1.0198975
77443,-1.0189819,1.3020325,-0.79193115
77444,-0.95626831,1.5042114,-0.73760986
77445,-1.0998535,1.3763428,-0.59677124
77446,-1.2088013,1.4013672,-0.5670166
77447,-1.2586975,1.3400269,-0.5847168
77448,-1.3340759,1.4117432,-0.51696777
77449,-1.3331604,1.448822,-0.5418396
77450,-1.3781738,1.4703369,-0.40832519
77451,-1.3250732,1.3804626,-0.57220459
77452,-1.4660645,1.4599609,-0.44494629
77453,-1.516571,1.2930298,-0.37628174
77454,-1.5258789,1.3510132,-0.51437378
77455,-1.4916992,1.2705994,-0.34957886
77456,-1.5039063,1.3626099,-0.35293579
77457,-1.6358948,1.3433838,-0.20843506
77458,-1.6833496,1.2368774,-0.066986084
77459,-1.6023254,1.1103821,-0.003662109
77460,-1.7599487,1.0926819,0.081176758
77461,-1.7037964,1.0324097,-0.030059814
77462,-1.8464661,1.2548828,-0.092163086
77463,-1.8237305,1.2062073,0.1008606
77464,-1.9482422,1.2431335,0.2746582
77465,-1.7932129,1.1952209,0.24871826
77466,-1.9415283,1.1553955,0.24124145
77467,-1.912384,1.197052,0.41381836
77468,-2.1170044,1.0572815,0.54168701
77469,-2.1427917,1.1639404,0.63796997
77470,-2.0640564,1.1714172,0.56793213
77471,-2.0507813,1.1360168,0.67092896
77472,-2.1014404,0.94436646,0.61294556
77473,-2.1459961,0.92132568,0.65841675
77474,-2.0823669,0.95367432,0.71517944
77475,-2.2753906,0.92971802,0.84259033
77476,-2.306366,0.84960938,0.95214844
77477,-2.1665955,0.86807251,0.93048096
77478,-2.4250793,0.74127197,1.0586548
77479,-2.3574829,0.8430481,1.0244751
77480,-2.2793579,0.6640625,1.0409546
77481,-2.2175598,0.62988281,1.1402893
77482,-2.2425842,0.57540894,1.1468506
77483,-2.3464966,0.54672241,1.3438416
77484,-2.3506165,0.59661865,1.268158
77485,-2.2941589,0.28839111,1.1723328
77486,-2.303772,0.27404785,1.1456299
77487,-2.3083496,0.1763916,1.3851929
77488,-2.2628784,0.18707275,1.5063477
77489,-2.2119141,0.2041626,1.4775085
77490,-2.2331238,-0.007324219,1.5490723
77491,-2.243042,-0.15808106,1.5499878
77492,-2.0664978,-0.22705078,1.4331055
77493,-2.2921753,-0.060424805,1.6078186
77494,-2.2302246,-0.22018433,1.6371155
77495,-2.3527527,-0.18005371,1.7408752
77496,-2.0901489,-0.27099609,1.7095947
77497,-2.2439575,-0.48171997,1.7669678
77498,-2.2451782,-0.56640625,1.7840576
77499,-2.2096252,-0.6401062,1.7388916
77500,-1.9523621,-0.52688599,1.6931152
77501,-1.9689941,-0.70983887,1.8716431
77502,-2.0526123,-0.8140564,2.0159912
77503,-1.8026733,-0.82321167,1.8395996
77504,-2.0335388,-0.8366394,1.9403076
77505,-1.7657471,-0.78048706,1.9070435
77506,-1.7852783,-0.85693359,2.1269226
77507,-1.7811584,-0.79528809,2.0504761
77508,-1.7576599,-1.2039185,1.9078064
77509,-1.6583252,-1.3371277,2.0172119
77510,-1.6470337,-1.3220215,1.8580627
77511,-1.6468811,-1.4115906,2.1484375
77512,-1.5386963,-1.3142395,2.2772217
77513,-1.7008972,-1.3754272,2.0111084
77514,-1.4981079,-1.2423706,2.122345
77515,-1.5226746,-1.2484741,2.1479797
77516,-1.6018677,-1.4256287,2.0979309
77517,-1.3414001,-1.5563965,1.8612671
77518,-1.2976074,-1.5292358,1.9702148
77519,-1.3694763,-1.6291809,2.1296692
77520,-1.2997437,-1.8103027,2.0567322
77521,-0.98388672,-1.7607117,1.9160461
77522,-1.2036133,-2.0298767,1.9009399
77523,-1.0371399,-1.975708,1.8933105
77524,-1.0145569,-1.8070984,2.0817566
77525,-0.90133667,-1.8832397,2.1136475
77526,-0.9147644,-1.8891907,2.0812988
77527,-0.96176147,-1.8972778,1.9842529
77528,-0.7194519,-1.9628906,1.946106
77529,-0.65750122,-1.9888306,2.0709229
77530,-0.60592651,-2.0675659,1.9345093
77531,-0.60119629,-1.934967,1.9055176
77532,-0.4107666,-1.9737244,1.8760681
77533,-0.49468994,-1.9511414,1.8244934
77534,-0.41122436,-2.2039795,1.8399048
77535,-0.49057007,-2.2848511,1.6816711
77536,-0.34881592,-2.3077393,1.6067505
77537,-0.20675659,-2.1676636,1.6101074
77538,-0.28900147,-2.2529602,1.7303467
77539,-0.12176514,-2.2187805,1.4874268
77540,-0.19515991,-2.2409058,1.6143799
77541,-0.065612793,-2.4325562,1.552124
77542,0.034332275,-2.5849915,1.6529846
77543,0.19470215,-2.4990845,1.5328979
77544,0.095062256,-2.3880005,1.5447998
77545,0.26779175,-2.3667908,1.496582
77546,0.20874023,-2.3954773,1.5060425
77547,0.31997681,-2.3384094,1.4482117
77548,0.33737183,-2.2665405,1.3360596
77549,0.50842285,-2.3858643,1.1862183
77550,0.43045044,-2.505188,1.0205078
77551,0.59082031,-2.6113892,1.1102295
77552,0.61828613,-2.5964355,1.0699463
77553,0.63568115,-2.644043,1.026001
77554,0.76904297,-2.5663757,0.89675903
77555,0.74234009,-2.6457214,0.78079224
77556,0.7901001,-2.6335144,0.73379517
77557,0.70220947,-2.5941467,0.74890137
77558,0.89263916,-2.4603271,0.63552856
77559,0.84472656,-2.4639893,0.78781128
77560,0.93811035,-2.2898865,0.54977417
77561,0.94360352,-2.2471619,0.51803589
77562,1.0037231,-2.232666,0.40939331
77563,1.0092163,-2.2589111,0.50582886
77564,0.99990845,-2.4259949,0.48583984
77565,1.1206055,-2.151947,0.44876099
77566,1.0183716,-2.2163391,0.27954102
77567,1.2106323,-2.1118164,0.27770996
77568,1.1914063,-2.1279907,0.09765625
77569,1.2591553,-2.0680237,0.11489868
77570,1.2388611,-2.1058655,0.14663696
77571,1.2968445,-2.1542358,0.10299683
77572,1.1813354,-2.0542908,-0.13504028
77573,1.2226868,-2.0001221,-0.097351074
77574,1.2059021,-2.0291138,-0.11138916
77575,1.2875366,-2.157135,-0.13961792
77576,1.3761902,-1.9662476,-0.21240234
77577,1.3258362,-1.8218994,-0.20050049
77578,1.3464355,-1.9111633,-0.30166626
77579,1.3299561,-1.6766357,-0.47531128
77580,1.3468933,-1.6981506,-0.62744141
77581,1.5255737,-1.5286255,-0.49926758
77582,1.3897705,-1.5800476,-0.55786133
77583,1.519928,-1.5899658,-0.57495117
77584,1.3415527,-1.5472412,-0.56213379
77585,1.3038635,-1.5884399,-0.58654785
77586,1.3710022,-1.4892578,-0.76339722
77587,1.394043,-1.1882019,-0.81359863
77588,1.2634277,-1.0389709,-0.79788208
77589,1.5156555,-1.1038208,-0.88043213
77590,1.423645,-1.0093689,-0.84060669
77591,1.3586426,-1.0235596,-0.84625244
77592,1.2918091,-1.0032654,-0.79544067
77593,1.2597656,-0.97076416,-0.85769653
77594,1.2457275,-0.93933106,-0.98968506
77595,1.1791992,-0.75195313,-1.0844421
77596,1.2171936,-0.74523926,-1.0906982
77597,1.2306213,-0.71578979,-1.0661316
77598,1.1372375,-0.60150147,-1.1227417
77599,1.2522888,-0.52139282,-1.1851501
77600,1.0113525,-0.50186157,-1.166687
77601,1.1062622,-0.53863525,-1.0847473
77602,0.9967041,-0.51849365,-1.1279297
77603,0.93017578,-0.37002564,-1.2213135
77604,0.94573975,-0.23147583,-1.2373352
77605,0.83129883,-0.16815185,-1.3978577
77606,0.81848144,-0.26412964,-1.2461853
77607,0.8126831,-0.15533447,-1.4610291
77608,0.77575684,-0.097351074,-1.3162231
77609,0.75485229,0.098571777,-1.2658691
77610,0.64956665,-0.094299316,-1.4234924
77611,0.76049805,0.23986816,-1.4544678
77612,0.59310913,0.15090942,-1.6748047
77613,0.6640625,0.32485962,-1.4065552
77614,0.58044434,0.18112183,-1.5696716
77615,0.65109253,0.30456543,-1.5338135
77616,0.40618897,0.23910523,-1.3757324
77617,0.4951477,0.30471802,-1.3679504
77618,0.38208008,0.44296265,-1.4501953
77619,0.28411865,0.49194336,-1.4501953
77620,0.16204834,0.48614502,-1.5776062
77621,0.23498535,0.597229,-1.4865112
77622,0.019226074,0.55282593,-1.5550232
77623,0.14404297,0.77056885,-1.5319824
77624,0.096740723,0.85113525,-1.3531494
77625,0.000152588,0.84487915,-1.3916016
77626,-0.091552734,0.94421387,-1.4605713
77627,-0.28594971,0.93887329,-1.2834167
77628,-0.29006958,0.86044312,-1.3009644
77629,-0.19485474,0.93353272,-1.3098145
77630,-0.43701172,0.9513855,-1.2249756
77631,-0.43762207,1.1186218,-1.1894226
77632,-0.42053223,1.0548401,-1.0902405
77633,-0.45822144,1.1923218,-1.1312866
77634,-0.47286987,1.2763977,-1.0586548
77635,-0.56091309,1.4009094,-1.0256958
77636,-0.59753418,1.1865234,-1.1296082
77637,-0.73471069,1.0618591,-1.1129761
77638,-0.79406738,1.1807251,-0.965271
77639,-0.78323364,1.2078857,-1.0494995
77640,-0.93704224,1.3233948,-0.91094971
77641,-0.85784912,1.2602234,-0.98724365
77642,-0.99624634,1.3388062,-0.91888428
77643,-1.0461426,1.3298035,-0.75378418
77644,-1.1129761,1.321106,-0.7472229
77645,-1.1004639,1.2753296,-0.79238892
77646,-1.1367798,1.2211609,-0.60745239
77647,-1.18927,1.2527466,-0.64178467
77648,-1.2413025,1.3665771,-0.5871582
77649,-1.300354,1.3867188,-0.56518555
77650,-1.3995361,1.360321,-0.46066284
77651,-1.446228,1.3760376,-0.33248901
77652,-1.4663696,1.4138794,-0.35934448
77653,-1.5791321,1.5283203,-0.8442688
77654,-1.5844727,1.6181946,-0.4234314
77655,-1.7655945,1.4337158,-0.55114746
77656,-1.7388916,1.5499878,-0.39276123
77657,-1.6870117,1.5602112,-0.36468506
77658,-1.8276978,1.4370728,-0.14007568
77659,-1.749115,1.4033508,0.16204834
77660,-1.7224121,1.3725281,0.13381958
77661,-1.84021,1.4706421,0.18859863
77662,-1.8580627,1.2521362,0.12771606
77663,-1.8708801,1.4041138,0.21224976
77664,-2.0132446,1.1975098,0.2796936
77665,-2.0773315,1.2181091,0.2998352
77666,-2.0541382,1.1505127,0.33432007
77667,-2.1160889,1.0209656,0.47271728
77668,-2.0811462,1.204834,0.32028198
77669,-2.1273804,1.1552429,0.5305481
77670,-2.1055603,1.1181641,0.68023682
77671,-2.0530701,0.90621948,0.56716919
77672,-2.0115662,1.0021973,0.55908203
77673,-2.0437622,0.93292236,0.64254761
77674,-2.1751404,0.90133667,0.76782227
77675,-2.1139526,0.81939697,0.83007813
77676,-2.0120239,0.81115723,0.79055786
77677,-2.1116638,0.75897217,0.76080322
77678,-2.0591736,0.59402466,0.88012695
77679,-2.0967102,0.68450928,0.82977295
77680,-2.1266174,0.58807373,0.93078613
77681,-2.2261047,0.66040039,1.1445618
77682,-2.1173096,0.43029785,1.1491394
77683,-2.1549988,0.47744751,1.2417603
77684,-2.203064,0.48828125,1.2139893
77685,-2.0315552,0.36117554,1.3122559
77686,-2.2373962,0.26901245,1.3294983
77687,-2.1937561,0.26184082,1.4172363
77688,-2.3545837,0.15899658,1.464386
77689,-2.197876,-0.084533691,1.3279724
77690,-2.2026062,-0.10894775,1.4581299
77691,-2.1279907,-0.10498047,1.5158081
77692,-2.1859741,-0.23651123,1.6363525
77693,-2.4020386,-0.14221191,1.6390991
77694,-2.0898438,-0.15625,1.7379761
77695,-2.0828247,-0.39276123,1.5766907
77696,-2.1917725,-0.20828247,1.7843628
77697,-1.9462585,-0.44799805,1.7555237
77698,-2.0281982,-0.60302734,1.7863464
77699,-2.1646118,-0.57647705,1.8734741
77700,-2.084198,-0.64941406,1.8580627
77701,-2.0294189,-0.67199707,1.8260193
77702,-2.0082092,-0.65002441,1.8357849
77703,-1.9743347,-0.99349976,1.8746948
77704,-1.8028259,-0.95748901,1.8237305
77705,-1.8791199,-0.74996948,1.9465637
77706,-1.9468689,-0.95825195,2.0700073
77707,-1.7723084,-1.2908936,1.9282532
77708,-1.7585754,-1.1853027,1.960144
77709,-1.5670776,-1.1526489,1.8089294
77710,-1.6960144,-1.3032532,1.7564392
77711,-1.4825439,-1.3716125,1.8078613
77712,-1.539917,-1.3983154,1.7367554
77713,-1.4816284,-1.3735962,1.9970703
77714,-1.4775085,-1.4564514,1.6395569
77715,-1.4805603,-1.5385437,1.5287781
77716,-1.2631226,-1.5629578,1.973877
77717,-1.3037109,-1.4157104,1.8444824
77718,-1.2261963,-1.5579224,2.0330811
77719,-1.0700989,-1.5022278,2.1502686
77720,-0.99578857,-1.6473389,1.4805603
77721,-0.98815918,-1.6455078,1.5722656
77722,-0.97106934,-1.6619873,1.9671631
77723,-0.97244263,-1.8595886,1.6600037
77724,-0.96740723,-2.0059204,1.4118958
77725,-0.94970703,-1.8835449,1.6604614
77726,-0.75744629,-1.8945313,1.7315674
77727,-0.884552,-2.1499634,1.8525696
77728,-0.61126709,-2.2093201,1.8411255
77729,-0.63583374,-2.0817566,2.0318604
77730,-0.64071655,-1.9555664,1.7382813
77731,-0.61416626,-2.0028687,1.8292236
77732,-0.45761108,-2.0870972,1.8128967
77733,-0.35675049,-2.2531128,1.8043518
77734,-0.26428223,-2.2036743,1.8371582
77735,-0.30441284,-2.2418213,1.7149353
77736,-0.35614014,-2.3347473,1.6531372
77737,-0.26245117,-2.1308899,1.655426
77738,-0.19851685,-2.1600342,1.5768433
77739,-0.1322937,-2.1455383,1.5879822
77740,-0.002441406,-2.2019958,1.4710999
77741,-0.1184082,-2.1992493,1.3833618
77742,-0.059204102,-2.3988342,1.4349365
77743,0.006408691,-2.3646545,1.3870239
77744,0.095214844,-2.3782349,1.1813354
77745,0.17944336,-2.4681091,1.2269592
77746,0.17700195,-2.386322,1.275177
77747,0.13259888,-2.3608398,1.3265991
77748,0.3642273,-2.4227905,1.1764526
77749,0.29632568,-2.2900391,1.2889099
77750,0.54122925,-2.1691895,1.04599
77751,0.61660767,-2.1087646,1.015625
77752,0.43930054,-2.1992493,0.79895019
77753,0.63034058,-2.1565247,0.81207275
77754,0.56274414,-2.2264099,0.92285156
77755,0.72357178,-2.2821045,0.79574585
77756,0.66070557,-2.3257446,0.74951172
77757,0.69259644,-2.3497009,0.85571289
77758,0.74920654,-2.3855591,0.54016113
77759,0.87036133,-2.2439575,0.71670532
77760,0.86044312,-2.2869873,0.51498413
77761,0.93231201,-2.0152283,0.45822144
77762,1.0003662,-2.1858215,0.47027588
77763,1.0073853,-2.0596313,0.59692383
77764,0.93185425,-2.1983337,0.36346436
77765,1.0357666,-2.0423889,0.28518677
77766,0.96374512,-1.9691467,0.33035278
77767,1.1090088,-1.9148254,0.19332886
77768,1.1004639,-1.9459534,0.10864258
77769,1.1628723,-1.9335938,0.008392334
77770,1.2359619,-1.9662476,-0.14831543
77771,1.1701965,-1.9865417,-0.10940552
77772,1.0551453,-1.895752,-0.084838867
77773,1.0977173,-1.8545532,-0.13824463
77774,1.1810303,-1.7997742,-0.21270752
77775,1.1833191,-1.5727234,-0.21316528
77776,1.1180115,-1.5711975,-0.15136719
77777,1.1480713,-1.5368652,-0.17120361
77778,1.1408997,-1.4883423,-0.21606445
77779,1.1367798,-1.4312744,-0.3062439
77780,1.1636353,-1.4245605,-0.45791626
77781,1.1676025,-1.4033508,-0.46539307
77782,1.2179565,-1.3653564,-0.46569824
77783,1.1569214,-1.2683105,-0.50857544
77784,1.2231445,-1.1308289,-0.55740356
77785,1.3458252,-1.2979126,-0.69122315
77786,1.2142944,-1.2356567,-0.57189941
77787,1.1169434,-1.1019897,-0.68328857
77788,1.0609436,-1.1340332,-0.7824707
77789,1.051178,-1.1605835,-0.91751099
77790,1.1611938,-0.91049194,-1.1106873
77791,0.94085693,-0.88073731,-0.86013794
77792,1.0107422,-0.86593628,-0.8972168
77793,0.88516235,-0.78460693,-1.0224915
77794,0.99731445,-0.58898926,-0.94085693
77795,1.0202026,-0.38223267,-0.96954346
77796,0.99411011,-0.33782959,-1.0643005
77797,1.0560608,-0.34515381,-1.0762024
77798,1.0189819,-0.37261963,-1.0844421
77799,1.0906982,-0.3427124,-1.1170959
77800,0.92025757,-0.30639648,-1.0888672
77801,0.86837769,-0.23345947,-1.0891724
77802,0.85662842,-0.29830933,-1.2658691
77803,0.86151123,-0.19790649,-1.2945557
77804,0.83786011,-0.10437012,-1.3082886
77805,0.71899414,-0.19363403,-1.3314819
77806,0.77392578,-0.065002441,-1.2385559
77807,0.75714111,0.061645508,-1.2609863
77808,0.61172485,0.13595581,-1.8615723
77809,0.58258057,0.13183594,-1.5170288
77810,0.53100586,0.12832642,-1.4456177
77811,0.32272339,0.13763428,-1.2124634
77812,0.45898438,0.12084961,-1.5200806
77813,0.29663086,0.2986145,-1.2973022
77814,0.28182983,0.37689209,-1.4227295
77815,0.2015686,0.41107178,-1.2704468
77816,0.27099609,0.39596558,-1.2791443
77817,0.22064209,0.42282105,-1.1572266
77818,0.028381348,0.43502808,-1.2530518
77819,0.070037842,0.59341431,-1.2905884
77820,-0.09185791,0.72372437,-1.1734009
77821,-0.15045166,0.67367554,-1.1993408
77822,0.040435791,0.81207275,-1.4900208
77823,-0.072479248,0.92849731,-1.2611389
77824,-0.16098023,0.75531006,-1.2130737
77825,-0.19592285,0.92010498,-1.2599182
77826,-0.26016235,0.90667725,-1.3963318
77827,-0.24475098,0.89248657,-1.1138916
77828,-0.33432007,0.71090698,-1.3465881
77829,-0.2835083,0.7963562,-0.97213745
77830,-0.51834106,0.86135864,-1.0565186
77831,-0.53405762,1.1755371,-1.174469
77832,-0.51177978,1.0754395,-1.0818481
77833,-0.47714233,1.2527466,-1.0638428
77834,-0.5569458,1.2942505,-0.98754883
77835,-0.71899414,1.131134,-0.75988769
77836,-0.70953369,0.9664917,-0.79528809
77837,-0.70388794,1.0906982,-0.89035034
77838,-0.94894409,1.1503601,-0.73562622
77839,-0.98739624,0.96115112,-0.76202393
77840,-0.88775635,1.2133789,-0.81588745
77841,-0.93154907,1.3334656,-0.76156616
77842,-1.0671997,1.2954712,-0.51635742
77843,-1.0801697,1.1860657,-0.58013916
77844,-1.1682129,1.1903381,-0.63293457
77845,-1.1888123,1.1618042,-0.52520752
77846,-1.2121582,1.1647034,-0.47683716
77847,-1.3084412,1.2687683,-0.34484863
77848,-1.33255,1.1203003,-0.51574707
77849,-1.4303589,1.0681152,-1.378479
77850,-1.5162659,0.85281372,-0.36361694
77851,-1.5995789,1.0748291,-0.13687134
77852,-1.5434265,1.0481262,-0.092926025
77853,-1.5472412,1.0253906,-0.10787964
77854,-1.5579224,1.0987854,-0.14007568
77855,-1.603241,1.033783,0.018768311
77856,-1.6598511,1.0826111,0.060882568
77857,-1.6464233,1.0400391,0.18005371
77858,-1.6928101,1.0522461,0.10971069
77859,-1.7866516,0.93139648,0.39886475
77860,-1.7405701,0.9538269,0.24871826
77861,-1.8392944,0.93032837,0.34439087
77862,-1.6944885,0.98052978,0.23742676
77863,-1.6188049,1.0157776,0.40237427
77864,-1.9210815,0.87554932,0.39398193
77865,-1.9223022,0.90820313,0.49942017
77866,-1.9642639,0.98312378,0.56655884
77867,-1.8852234,0.69168091,0.49865723
77868,-1.8313599,0.79467773,0.5090332
77869,-1.9766235,0.80261231,0.44952393
77870,-1.9958496,0.70709228,0.6652832
77871,-1.942749,0.78399658,0.69396973
77872,-1.9485474,0.59997559,0.70343018
77873,-1.9018555,0.54840088,0.887146
77874,-2.1127319,0.52459717,1.0612488
77875,-1.9398499,0.54702759,0.97625732
77876,-2.0751953,0.52993774,1.0336304
77877,-2.0545959,0.42541504,0.99304199
77878,-2.1810913,0.26580811,0.95535278
77879,-2.088623,0.24841309,1.0041809
77880,-2.0655823,0.17364502,1.0653687
77881,-2.076416,0.10803223,1.2487793
77882,-1.8972778,0.20904541,1.2261963
77883,-2.097168,0.20202637,1.2341309
77884,-2.0883179,0.15914917,1.2590027
77885,-1.973877,0.05355835,1.1827087
77886,-1.9439697,0.064239502,1.3549805
77887,-2.099762,-0.036621094,1.5084839
77888,-2.01828,-0.21118164,1.4860535
77889,-1.9537354,-0.25192261,1.5405273
77890,-1.9528198,-0.25787353,1.6241455
77891,-1.8426514,-0.28106689,1.4833069
77892,-1.8795776,-0.44494629,1.7512512
77893,-2.0777893,-0.52642822,1.6790771
77894,-1.9732666,-0.62561035,1.6879272
77895,-1.8179321,-0.63217163,1.6589355
77896,-1.852417,-0.6954956,1.6691589
77897,-1.8136597,-0.65002441,1.8563843
77898,-1.7756653,-0.92300415,1.7816162
77899,-1.6886902,-0.81359863,1.7327881
77900,-1.6534424,-0.74554443,1.7974854
77901,-1.7121887,-1.0774231,1.8157959
77902,-1.6763306,-1.288147,1.7987061
77903,-1.7295837,-1.1462402,1.685791
77904,-1.6731262,-1.0777283,1.8756104
77905,-1.4743042,-1.1888123,1.9877625
77906,-1.4428711,-1.3276672,1.9721985
77907,-1.4212036,-1.1289978,1.7778015
77908,-1.3667297,-1.2364197,1.8798828
77909,-1.4546204,-1.3708496,1.8572998
77910,-1.2545776,-1.3243103,1.8583679
77911,-1.5060425,-1.4918518,1.9216919
77912,-1.4631653,-1.5802002,2.0378113
77913,-1.3182068,-1.6009521,1.9189453
77914,-1.0656738,-1.6156006,1.8652344
77915,-1.081543,-1.7097473,1.776886
77916,-0.91308594,-1.6201782,2.2486877
77917,-0.83724976,-1.6004944,1.9265747
77918,-0.87463379,-1.8475342,1.8571472
77919,-0.9286499,-1.8173218,1.9268799
77920,-0.78063965,-1.8215942,1.8222046
77921,-0.78094482,-1.9108582,1.884613
77922,-0.66223144,-1.9247437,1.7401123
77923,-0.60394287,-1.9046021,1.6616821
77924,-0.4032898,-1.8809509,1.7344666
77925,-0.61660767,-2.1138,1.6046143
77926,-0.56259155,-2.0628357,1.62323
77927,-0.37521362,-2.0739746,1.5974426
77928,-0.46936035,-2.0178223,1.6873169
77929,-0.22949219,-1.9732666,1.6525269
77930,-0.31234741,-2.1365356,1.5553284
77931,-0.1499939,-2.1298218,1.529541
77932,-0.15365601,-2.1635437,1.5203857
77933,-0.13549805,-2.1800232,1.5679932
77934,-0.077819824,-2.1006775,1.6218567
77935,0.11657715,-2.1800232,1.5379334
77936,0.059967041,-2.1176147,1.3415527
77937,0.081634521,-2.2116089,1.335907
77938,0.012207031,-2.1099854,1.3989258
77939,0.15029907,-2.2773743,1.2464905
77940,0.19714356,-2.339325,1.3595581
77941,0.262146,-2.434082,1.0614014
77942,0.48217773,-2.207489,1.0568237
77943,0.262146,-2.2703552,1.1608887
77944,0.45822144,-2.1961975,0.97839356
77945,0.53115845,-2.2589111,1.0528564
77946,0.55084228,-2.1943665,0.96115112
77947,0.43121338,-2.2676086,0.90316772
77948,0.55435181,-2.1923828,0.85586548
77949,0.53451538,-2.1765137,0.81466675
77950,0.63430786,-2.2088623,0.69519043
77951,0.58486938,-2.0428467,0.69015503
77952,0.70358276,-2.1867371,0.55252075
77953,0.75744629,-2.1714783,0.62469482
77954,0.80795288,-2.1147156,0.46463013
77955,0.77346802,-2.0257568,0.3352356
77956,0.82092285,-2.0207214,0.28259277
77957,0.89065552,-2.0170593,0.28778076
77958,1.0031128,-2.0178223,0.3527832
77959,0.97991943,-1.9850159,0.29968262
77960,0.96817017,-1.9595337,0.22659302
77961,0.9954834,-1.9009399,0.19989014
77962,0.9967041,-1.791687,0.13412476
77963,1.0652161,-1.7532349,0.071716309
77964,1.0327148,-1.7500305,-0.036621094
77965,1.0186768,-1.7303467,-0.22705078
77966,1.0948181,-1.7333984,-0.20843506
77967,1.1555481,-1.8405151,-0.27908325
77968,1.0449219,-1.8545532,-0.23391724
77969,1.2036133,-1.7982483,-0.35888672
77970,1.2811279,-1.5342712,-0.2885437
77971,1.2091064,-1.5692139,-0.30853272
77972,1.2353516,-1.5751648,-0.40740967
77973,1.3208008,-1.4016724,-0.4296875
77974,1.3562012,-1.5301514,-0.41900635
77975,1.307373,-1.3589478,-0.493927
77976,1.2503052,-1.295166,-0.51651001
77977,1.1685181,-1.3549805,-0.64941406
77978,1.1956787,-1.2181091,-0.59173584
77979,1.10672,-1.2625122,-0.63537598
77980,1.1767578,-1.105957,-0.76126099
77981,1.0714722,-0.97579956,-0.73348999
77982,1.2413025,-1.005249,-0.806427
77983,1.1225891,-0.90301514,-0.79391479
77984,1.1512756,-0.96389771,-0.90408325
77985,1.1221313,-0.8782959,-0.86547852
77986,1.1300659,-0.83938599,-0.95031738
77987,1.0336304,-0.80154419,-0.93795776
77988,0.92315674,-0.7182312,-1.0897827
77989,0.80108643,-0.67504883,-1.0076904
77990,0.89324951,-0.52093506,-1.063385
77991,0.85037231,-0.52154541,-1.0594177
77992,0.83465576,-0.38421631,-1.295166
77993,0.90957642,-0.29815674,-1.1251831
77994,0.86257935,-0.22796631,-1.0827637
77995,0.97518921,-0.21377563,-1.2039185
77996,0.75866699,-0.2331543,-1.206665
77997,0.68496704,-0.051116943,-1.1956787
77998,0.72967529,-0.048980713,-1.2799072
77999,0.64987183,-0.060882568,-1.3027954
78000,0.73425293,0.095977783,-1.9184875
78001,0.49331665,-0.19775391,-2.1546936
78002,0.47821045,0.034942627,-2.2669983
78003,0.45410156,0.11825561,-1.2771606
78004,0.4776001,0.28121948,-1.7391968
78005,0.49743652,0.27313232,-1.0577393
78006,0.36743164,0.20278931,-1.0995483
78007,0.41870117,0.25024414,-1.2884521
78008,0.34301758,0.30670166,-1.3825989
78009,0.25238037,0.4850769,-1.2498474
78010,0.22125244,0.53787231,-1.5524292
78011,0.17715454,0.57662964,-1.3482666
78012,0.079345703,0.63476563,-1.4915466
78013,0.039978027,0.60546875,-1.4476013
78014,0.24414063,0.75958252,-1.3037109
78015,0.082397461,0.75622559,-1.3031006
78016,-0.002593994,0.58166504,-1.3510132
78017,-0.15060425,0.66345215,-1.164856
78018,-0.234375,0.70083618,-1.2590027
78019,-0.22964478,0.78262329,-1.247406
78020,-0.17608643,0.86898804,-1.1299133
78021,-0.32577515,0.79940796,-1.1256409
78022,-0.53329468,0.92773438,-1.0494995
78023,-0.49301147,1.0906982,-0.90148926
78024,-0.56137085,1.2532043,-1.0348511
78025,-0.63674927,1.1190796,-1.005249
78026,-0.69717407,1.1405945,-0.91339111
78027,-0.90362549,1.0418701,-0.86181641
78028,-0.77575684,1.0762024,-0.85449219
78029,-0.92758179,1.0668945,-0.77789307
78030,-0.99777222,0.98587036,-0.86151123
78031,-0.97976685,1.1738586,-0.78338623
78032,-1.0662842,1.4067078,-0.67352295
78033,-1.1810303,1.2257385,-0.56869507
78034,-1.1987305,1.4341736,-0.54107666
78035,-1.1982727,1.1927795,-0.54504394
78036,-1.2524414,1.1778259,-0.54031372
78037,-1.1114502,1.0012817,-0.36193848
78038,-1.2789917,1.1413574,-0.31646728
78039,-1.2434387,1.3973999,-0.43609619
78040,-1.4196777,1.2701416,-0.3666687
78041,-1.342926,1.2850952,-0.34469605
78042,-1.4523315,1.2837219,-0.46447754
78043,-1.3337708,1.2554932,-0.27694702
78044,-1.4660645,1.2512207,-0.37750244
78045,-1.5516663,1.2692261,-0.47836304
78046,-1.8165588,1.0194397,-0.36697388
78047,-1.6117859,1.1405945,-0.17150879
78048,-1.6113281,1.318512,-0.070953369
78049,-1.6705322,1.2561035,0.060424805
78050,-1.6630554,1.2213135,0.071411133
78051,-1.7350769,1.1401367,0.19287109
78052,-1.7900085,1.2129211,0.19775391
78053,-1.8649292,1.0348511,0.37002564
78054,-1.860199,1.0256958,0.31509399
78055,-1.910553,1.1068726,0.35293579
78056,-1.9775391,1.0047913,0.48721314
78057,-1.8974304,0.97381592,0.47317505
78058,-2.0306396,0.99624634,0.64407349
78059,-1.9288635,1.0461426,0.60882568
78060,-2.0675659,0.92315674,0.64498901
78061,-2.0855713,0.89828491,0.7434082
78062,-2.1185303,0.91003418,0.80596924
78063,-1.960907,0.85723877,0.71899414
78064,-2.0407104,0.81375122,0.74462891
78065,-2.0132446,0.70892334,0.86807251
78066,-2.203064,0.63995361,0.97579956
78067,-2.2160339,0.71380615,0.98358154
78068,-2.1447754,0.66802978,0.8946228
78069,-2.1043396,0.64346313,0.88439941
78070,-2.2839355,0.50354004,0.90957642
78071,-2.1537781,0.44952393,0.9703064
78072,-2.2348022,0.41519165,0.99014282
78073,-2.1530151,0.18951416,1.1160278
78074,-1.9961548,0.080566406,1.1807251
78075,-2.1678162,0.1864624,1.2129211
78076,-2.1247864,0.15853882,1.2348938
78077,-2.0892334,0.16235352,1.3000488
78078,-2.1923828,0.18951416,1.5339661
78079,-2.1636963,0.006256104,1.4505005
78080,-1.9458008,-0.12191773,1.4045715
78081,-2.0814514,-0.11749268,1.5931702
78082,-2.0050049,-0.29586792,1.499176
78083,-2.0910645,-0.2420044,1.4498901
78084,-2.0465088,-0.3793335,1.5641785
78085,-1.960907,-0.31311035,1.6740417
78086,-2.0083618,-0.48629761,1.7433166
78087,-2.0417786,-0.4284668,1.730957
78088,-1.9046021,-0.39306641,1.8161011
78089,-1.9166565,-0.58914185,1.7123413
78090,-1.8852234,-0.62545776,1.7745972
78091,-1.7871094,-0.67092896,2.0095825
78092,-1.8534851,-0.884552,2.0932007
78093,-1.7236328,-0.8833313,1.9714355
78094,-1.8791199,-1.0221863,1.9058228
78095,-1.7770386,-0.86715698,1.9075012
78096,-1.8179321,-0.98129272,2.1205139
78097,-1.7654419,-1.0658264,2.0770264
78098,-1.6891479,-1.1355591,1.9412231
78099,-1.6513062,-1.0116577,1.8972778
78100,-1.6362,-1.2155151,2.0507813
78101,-1.5426636,-1.3320923,1.8725586
78102,-1.449585,-1.5458679,1.9023132
78103,-1.4865112,-1.7752075,2.1636963
78104,-1.4259338,-1.8591309,2.1936035
78105,-1.1958313,-1.5158081,2.0925903
78106,-1.252594,-1.5060425,2.1080017
78107,-1.2063599,-1.5483093,1.9647217
78108,-1.1627197,-1.7617798,1.9006348
78109,-1.1528015,-1.5441895,1.7977905
78110,-0.90530396,-2.1447754,1.7419434
78111,-1.0310364,-2.0132446,1.9914246
78112,-0.9513855,-1.9821167,1.9485474
78113,-0.82595825,-1.9062805,1.8766785
78114,-0.74935913,-1.8273926,1.8531799
78115,-0.7371521,-1.8386841,1.842804
78116,-0.76263428,-1.9429016,1.9067383
78117,-0.60180664,-1.9250488,1.9499207
78118,-0.63766479,-1.9508362,1.8835449
78119,-0.6199646,-2.0153809,1.8238831
78120,-0.46707153,-2.0095825,1.6719055
78121,-0.59875488,-1.9137573,1.8048096
78122,-0.3515625,-2.0706177,1.7683411
78123,-0.42816162,-2.23526,1.6764832
78124,-0.34378052,-2.2390747,1.7324829
78125,-0.31341553,-2.321167,1.4447021
78126,-0.1689148,-2.1072388,1.3847351
78127,-0.13504028,-2.1772766,1.5603638
78128,-0.079650879,-2.2721863,1.5774536
78129,0.023193359,-2.3936462,1.5991211
78130,-0.005187988,-2.3851013,1.3870239
78131,0.20050049,-2.4847412,1.4201355
78132,0.16326904,-2.5642395,1.3528442
78133,0.21194458,-2.5057983,1.4044189
78134,0.22354126,-2.4221802,1.3543701
78135,0.23101807,-2.2431946,1.2884521
78136,0.27069092,-2.1922302,1.2365723
78137,0.34805298,-2.1572876,1.156311
78138,0.3994751,-2.2654724,1.0920715
78139,0.62362671,-2.4136353,1.0858154
78140,0.58670044,-2.3399353,0.9022522
78141,0.66574097,-2.2949219,0.88638306
78142,0.74325562,-2.4134827,0.78216553
78143,0.75714111,-2.484436,0.69488525
78144,0.75836182,-2.5395203,0.62316894
78145,0.71899414,-2.4761963,0.66497803
78146,0.81115723,-2.3329163,0.64300537
78147,0.84777832,-2.3809814,0.60577393
78148,0.8366394,-2.1929932,0.58898926
78149,0.98770142,-2.1987915,0.55755615
78150,0.96862793,-2.2962952,0.42572022
78151,1.0237122,-2.2744751,0.42190552
78152,1.0336304,-2.1884155,0.31784058
78153,1.0618591,-2.1807861,0.3503418
78154,1.040802,-2.1725464,0.17471313
78155,1.0482788,-2.0687866,0.23513794
78156,1.063385,-2.0523071,0.20889282
78157,1.1274719,-2.0880127,0.12115479
78158,1.2217712,-2.0411682,0.019226074
78159,1.2454224,-2.016449,-0.013122559
78160,1.315155,-1.9258118,-0.12741089
78161,1.2889099,-1.8753052,-0.11566162
78162,1.1749268,-1.9058228,-0.11322022
78163,1.4057922,-1.8045044,-0.11474609
78164,1.2579346,-1.8244934,-0.20751953
78165,1.2869263,-1.7672729,-0.28488159
78166,1.3583374,-1.9174194,-0.45410156
78167,1.2615967,-1.6087341,-0.29296875
78168,1.2176514,-1.6090393,-0.56060791
78169,1.4349365,-1.4187622,-0.42816162
78170,1.2467957,-1.6226196,-0.57571411
78171,1.3320923,-1.2301636,-0.62835693
78172,1.2147522,-1.3745117,-0.65216065
78173,1.4628601,-1.1743164,-0.69702148
78174,1.2594604,-1.1030579,-0.68054199
78175,1.2931824,-1.1888123,-0.71029663
78176,1.1621094,-1.0400391,-0.78521728
78177,1.3853455,-1.1218262,-0.82199097
78178,1.2365723,-0.99075317,-0.95199585
78179,1.2863159,-0.89385986,-1.0165405
78180,1.0603333,-0.85128784,-1.0464478
78181,1.1027527,-0.6678772,-1.0571289
78182,1.020813,-0.55984497,-1.0050964
78183,1.0983276,-0.45593262,-0.99212647
78184,1.1801147,-0.37658691,-1.1291504
78185,1.1550903,-0.47027588,-1.0174561
78186,1.1665344,-0.36560059,-1.0766602
78187,1.1398315,-0.4548645,-1.0681152
78188,1.0861206,-0.54473877,-1.1611938
78189,1.0702515,-0.43777466,-1.1851501
78190,0.97961426,-0.31906128,-1.1351013
78191,0.87860107,-0.36987305,-1.2954712
78192,0.97625732,-0.28823853,-1.3259888
78193,0.98846435,-0.10620117,-1.0704041
78194,0.9526062,-0.1159668,-1.3163757
78195,0.76385498,-0.053100586,-1.1587524
78196,0.79620361,-0.028533936,-1.6098022
78197,0.60180664,-0.030212402,-1.4422607
78198,0.64849853,-0.077056885,-1.5771484
78199,0.71716309,0.20339966,-1.477356
78200,0.56518555,0.20645142,-1.6249084
78201,0.58074951,0.47470093,-1.5542603
78202,0.56137085,0.28015137,-1.6139221
78203,0.46829224,0.35507202,-1.6038513
78204,0.28961182,0.53527832,-1.3551331
78205,0.1574707,0.46920776,-1.3070679
78206,0.38269043,0.68908691,-1.5032959
78207,0.17440796,0.55511475,-1.388855
78208,-0.055084229,0.67962647,-1.5063477
78209,-0.052947998,0.80749512,-1.2902832
78210,0.034484863,0.85998535,-1.3124084
78211,-0.08605957,1.1863709,-1.2265015
78212,-0.000762939,1.14151,-1.1985779
78213,-0.09475708,1.0903931,-1.3818359
78214,-0.14831543,1.0667419,-1.3594055
78215,-0.25177002,1.0037231,-1.34552
78216,-0.31219482,1.1663818,-1.3372803
78217,-0.35324097,1.1663818,-1.3542175
78218,-0.46386719,1.0121155,-1.1630249
78219,-0.46722412,0.93658447,-0.74356079
78220,-0.5960083,0.98327637,-1.0174561
78221,-0.49530029,1.1308289,-1.0699463
78222,-0.599823,1.2831116,-1.0940552
78223,-0.80780029,1.1598206,-0.94543457
78224,-0.79895019,1.4100647,-1.0144043
78225,-0.86593628,1.2376404,-0.99227905
78226,-0.85418701,1.2571716,-0.74356079
78227,-0.97930908,1.2287903,-1.010437
78228,-1.0113525,1.2188721,-0.72387695
78229,-0.98968506,1.1642456,-0.90423584
78230,-1.1212158,1.3226318,-0.76629639
78231,-1.1198425,1.4425659,-0.79055786
78232,-1.2854004,1.2814331,-0.50537109
78233,-1.2135315,1.418457,-0.47012329
78234,-1.395874,1.2388611,-0.47729492
78235,-1.3772583,1.2893677,-0.52947998
78236,-1.4297485,1.0249329,-0.37322998
78237,-1.5643311,1.360321,-0.1713562
78238,-1.5481567,1.3858032,-0.24337769
78239,-1.4376831,1.4875793,-0.095825195
78240,-1.6525269,1.3905334,-0.13580322
78241,-1.5760803,1.414032,-0.37139893
78242,-1.8144226,1.3562012,-0.10421753
78243,-1.7146301,1.4698791,-0.057983398
78244,-1.8260193,1.443634,0.001831055
78245,-1.8414307,1.3873291,0.14205933
78246,-1.9381714,1.3696289,0.24597168
78247,-1.7976379,1.3063049,0.10192871
78248,-1.8496704,1.211853,0.14648438
78249,-1.809082,1.2272644,0.26245117
78250,-1.8908691,1.1157227,0.36178589
78251,-1.8473816,1.1378479,0.33416748
78252,-2.0864868,1.0446167,0.50949097
78253,-2.0632935,1.0852051,0.52246094
78254,-1.9897461,1.072998,0.47119141
78255,-2.0433044,1.0400391,0.52017212
78256,-2.0639038,0.91247559,0.52856445
78257,-2.1014404,0.99517822,0.5696106
78258,-2.2068787,0.95611572,0.72357178
78259,-2.1212769,0.9614563,0.6690979
78260,-2.0687866,0.94238281,0.6602478
78261,-2.2207642,0.87615967,0.80825806
78262,-2.1336365,0.79803467,0.77392578
78263,-2.155304,0.73577881,0.8102417
78264,-2.141571,0.69793701,0.89645386
78265,-2.2412109,0.72143555,1.0681152
78266,-2.1461487,0.60882568,1.0345459
78267,-2.1685791,0.53695679,1.1579895
78268,-2.1217346,0.46569824,1.2849426
78269,-2.2914124,0.43380737,1.3594055
78270,-2.1835327,0.34393311,1.2841797
78271,-2.1975708,0.16174316,1.3070679
78272,-2.1725464,0.13946533,1.3735962
78273,-2.1777344,0.15686035,1.3612366
78274,-2.2398376,0.21667481,1.5106201
78275,-2.1607971,0.024719238,1.5658569
78276,-2.0565796,-0.057678223,1.5293884
78277,-2.1694946,-0.26519775,1.4854431
78278,-2.0677185,-0.37216186,1.590271
78279,-2.0341492,-0.20843506,1.6152954
78280,-2.2431946,-0.37200928,1.8060303
78281,-2.1537781,-0.2633667,1.6804504
78282,-2.0513916,-0.49194336,1.7597961
78283,-1.9100952,-0.39550781,1.7913818
78284,-1.9685364,-0.39215088,1.776123
78285,-1.8737793,-0.50598144,1.6807556
78286,-1.8414307,-0.60180664,1.5530396
78287,-1.8592834,-0.47561645,1.5040588
78288,-1.960144,-0.6942749,1.5753174
78289,-1.9880676,-0.80841065,1.6094971
78290,-1.8539429,-0.93261719,1.7189026
78291,-1.8728638,-1.05896,1.3908386
78292,-1.7349243,-0.97961426,1.8470764
78293,-1.6990662,-0.92330933,1.8463135
78294,-1.7164612,-1.0656738,1.6998291
78295,-1.6459656,-1.1534119,1.847229
78296,-1.5200806,-1.1128235,1.9343567
78297,-1.6148376,-1.290741,1.7140198
78298,-1.4291382,-1.3858032,1.8478394
78299,-1.4167786,-1.5260315,1.9023132
78300,-1.4465332,-1.3186646,1.9158936
78301,-1.3363647,-1.8716431,1.8989563
78302,-1.4453125,-2.051239,1.9346619
78303,-1.388092,-1.652832,2.053833
78304,-1.2695313,-1.4971924,2.1987915
78305,-1.0995483,-1.506958,2.0825195
78306,-1.0150146,-1.6439819,2.0069885
78307,-1.0610962,-1.8484497,1.7584229
78308,-1.1203003,-2.0037842,1.8682861
78309,-0.83404541,-1.9868469,2.0521545
78310,-0.675354,-1.963501,1.9815063
78311,-0.70114136,-1.9737244,2.0074463
78312,-0.75164795,-1.9122314,1.8849182
78313,-0.63934326,-2.038269,1.8952942
78314,-0.56289673,-1.9995117,1.894989
78315,-0.58456421,-2.0645142,1.8666077
78316,-0.56015015,-2.0756531,1.8173218
78317,-0.41625977,-2.046814,1.8621826
78318,-0.31234741,-2.1420288,1.7758179
78319,-0.32287598,-2.1495056,1.8902588
78320,-0.27786255,-2.3216248,1.6738892
78321,-0.3086853,-2.2253418,1.829071
78322,-0.26916504,-2.338562,1.8527222
78323,-0.088500977,-2.4551392,1.6371155
78324,-0.000152588,-2.2390747,1.5576172
78325,-0.043487549,-2.2555542,1.5803528
78326,-0.00289917,-2.2619629,1.5061951
78327,0.052947998,-2.4822998,1.5402222
78328,0.14831543,-2.3931885,1.3835144
78329,0.2104187,-2.5598145,1.4311218
78330,0.24658203,-2.4278259,1.3084412
78331,0.41473389,-2.5164795,1.0920715
78332,0.4069519,-2.3425293,0.99609375
78333,0.31814575,-2.4375916,1.0649109
78334,0.5128479,-2.3086548,0.99975586
78335,0.62774658,-2.4775696,1.0839844
78336,0.57189941,-2.3739624,1.3061523
78337,0.77011108,-2.3013306,0.93139648
78338,0.47195435,-2.3692322,0.91125488
78339,0.72891235,-2.2984314,0.79833984
78340,0.703125,-2.3257446,0.79986572
78341,0.66574097,-2.2654724,0.78063965
78342,0.83358765,-2.3139954,0.70358276
78343,0.89645386,-2.3765564,0.58929443
78344,0.97213745,-2.220459,0.52932739
78345,0.94696045,-2.250061,0.52749634
78346,1.0192871,-2.1751404,0.39260864
78347,0.96191406,-2.3022461,0.39657593
78348,1.0002136,-2.1881104,0.26489258
78349,1.0577393,-2.130127,0.15090942
78350,1.1105347,-2.0614624,0.0730896
78351,1.1883545,-2.0620728,0.1625061
78352,1.2005615,-2.0852661,0.14160156
78353,1.2385559,-2.1116638,0.001983643
78354,1.288147,-1.9975281,-0.3036499
78355,1.3348389,-1.8695068,-0.4598999
78356,1.374054,-1.9450378,-0.20690918
78357,1.2960815,-1.8713379,-0.24963379
78358,1.2252808,-1.8249512,-0.3062439
78359,1.254425,-1.612854,-0.34576416
78360,1.2345886,-1.8238831,-0.37277222
78361,1.4793396,-1.6889954,-0.54962158
78362,1.3583374,-1.6929626,-0.84854126
78363,1.3479614,-1.7308044,-0.85784912
78364,1.2373352,-1.5420532,-0.81298828
78365,1.3729858,-1.5040588,-0.87493897
78366,1.3520813,-1.4338684,-0.84320068
78367,1.3313293,-1.5011597,-0.75592041
78368,1.3427734,-1.5022278,-0.66146851
78369,1.2792969,-1.4093018,-0.75317383
78370,1.3026428,-1.003418,-0.46188355
78371,1.16745,-0.91201782,-0.66101074
78372,1.2831116,-1.023407,-0.76812744
78373,1.2199402,-1.1004639,-0.94665527
78374,1.1529541,-1.0888672,-1.0592651
78375,1.4216614,-0.9715271,-0.99655151
78376,1.2458801,-0.88668823,-1.0594177
78377,1.2011719,-0.9437561,-0.91323853
78378,1.2519836,-0.88500977,-1.1538696
78379,1.2663269,-0.69824219,-1.0266113
78380,1.1187744,-0.51330566,-1.0693359
78381,1.0067749,-0.65460205,-0.97244263
78382,1.0707092,-0.66726685,-1.3536072
78383,1.0269165,-0.4486084,-1.2545776
78384,1.0479736,-0.46615601,-1.5432739
78385,0.9513855,-0.31646728,-1.3034058
78386,0.91064453,-0.14419556,-1.3684082
78387,0.89065552,-0.17868042,-1.3430786
78388,0.89859009,-0.22872925,-1.4054871
78389,0.84442139,-0.019683838,-1.3833618
78390,0.78308106,-0.11474609,-1.4169312
78391,0.83389282,0.07598877,-1.3226318
78392,0.65917969,0.11657715,-1.9966125
78393,0.68878174,0.1248169,-1.4237976
78394,0.66101074,0.009002686,-1.469574
78395,0.62927246,0.15274048,-1.6777039
78396,0.56488037,0.3704834,-1.7701721
78397,0.5921936,0.42938232,-1.477356
78398,0.56350708,0.60592651,-1.8275452
78399,0.4977417,0.57373047,-1.5231323
78400,0.37689209,0.64331055,-1.5185547
78401,0.35110474,0.5947876,-1.5568542
78402,0.27389526,0.78567505,-1.4868164
78403,0.11581421,0.66452026,-1.4584351
78404,0.13504028,0.72311401,-1.2953186
78405,0.15289307,0.6993103,-1.5193176
78406,0.072174072,0.71258545,-1.2854004
78407,0.23773193,0.52246094,-1.4331055
78408,-0.10925293,0.83282471,-1.5838623
78409,-0.051269531,0.88867188,-1.4463806
78410,-0.26000977,1.0005188,-1.4585876
78411,-0.2645874,0.99884033,-1.524353
78412,-0.28320313,1.2409973,-1.3241577
78413,-0.28747559,1.1123657,-1.7999268
78414,-0.58990478,1.2940979,-1.5818787
78415,-0.60379028,1.1480713,-1.0714722
78416,-0.7484436,1.2158203,-1.1427307
78417,-0.73776245,1.1499023,-1.1708069
78418,-0.6401062,1.23703,-1.1898804
78419,-0.75759888,1.1503601,-1.1592102
78420,-0.81253052,1.2692261,-1.0507202
78421,-0.85449219,1.2846375,-1.1727905
78422,-0.98800659,1.4376831,-1.0771179
78423,-0.97106934,1.4358521,-0.99609375
78424,-1.0955811,1.5077209,-1.0108948
78425,-0.98175049,1.4208984,-0.93719482
78426,-1.1688232,1.4480591,-0.87295532
78427,-1.1709595,1.4294434,-0.77819824
78428,-1.2287903,1.5046692,-0.75271606
78429,-1.2014771,1.5161133,-0.68588257
78430,-1.2350464,1.4506531,-0.68176269
78431,-1.3101196,1.4683533,-0.82397461
78432,-1.3717651,1.4169312,-0.756073
78433,-1.4564514,1.4447021,-0.5708313
78434,-1.4433289,1.4068604,-0.68008423
78435,-1.4421082,1.3772583,-0.5607605
78436,-1.4935303,1.4183044,-0.45043945
78437,-1.5209961,1.3694763,-0.31906128
78438,-1.4668274,1.3775635,-0.340271
78439,-1.9100952,1.0699463,-0.40435791
78440,-1.8855286,1.3012695,-0.2571106
78441,-1.7216492,1.3235474,-0.1763916
78442,-1.8122864,1.2597656,-0.18112183
78443,-1.8312073,1.3809204,0.01449585
78444,-1.856842,1.3534546,0.099487305
78445,-1.8939209,1.3417053,0.082244873
78446,-1.9070435,1.3186646,0.13366699
78447,-1.9538879,1.2953186,0.22064209
78448,-2.0025635,1.2721252,0.17456055
78449,-2.1096802,1.1610413,0.30731201
78450,-2.1351624,1.0775757,0.40161133
78451,-2.1533203,1.051178,0.52017212
78452,-2.1298218,1.1535645,0.59432983
78453,-2.1470642,1.1402893,0.45043945
78454,-2.1382141,1.1030579,0.6942749
78455,-2.2245789,1.1682129,0.75119019
78456,-2.0306396,0.96160889,0.55877685
78457,-2.220459,0.82199097,1.0169983
78458,-2.2401428,0.93704224,0.97610474
78459,-2.2886658,0.80184937,0.96450806
78460,-2.2535706,0.81390381,0.84594727
78461,-2.2843933,0.75531006,0.54977417
78462,-2.3387146,0.80841065,0.74737549
78463,-2.348175,0.675354,0.27923584
78464,-2.2401428,0.57128906,0.53192139
78465,-2.3989868,0.50704956,0.57128906
78466,-2.1853638,0.51330566,0.68603516
78467,-2.2601318,0.45593262,1.1631775
78468,-2.2749329,0.24597168,0.84182739
78469,-2.1862793,0.22979736,1.0534668
78470,-2.3068237,0.17776489,1.4064026
78471,-2.2686768,0.01159668,1.3948059
78472,-2.3834229,0.037841797,1.368866
78473,-2.3907471,0.046081543,1.2654114
78474,-2.2625732,-0.087585449,1.2637329
78475,-2.1578979,-0.034637451,1.5612793
78476,-2.2943115,-0.21347046,1.3777161
78477,-2.0327759,-0.21911621,1.4852905
78478,-2.1636963,-0.26748657,1.0644531
78479,-2.0411682,-0.3276062,1.431427
78480,-2.1565247,-0.33401489,1.1978149
78481,-2.1110535,-0.58776856,1.3117981
78482,-1.9883728,-0.61676025,1.6030884
78483,-1.930542,-0.76690674,1.8353271
78484,-1.9755554,-0.67901611,1.9082642
78485,-2.0820618,-0.66574097,1.7506409
78486,-1.9111633,-0.677948,2.0372009
78487,-1.7366028,-0.79605103,2.1447754
78488,-1.8118286,-0.94238281,1.6131592
78489,-1.9204712,-1.0844421,1.8876648
78490,-1.7207336,-0.98098755,1.5562439
78491,-1.7999268,-1.1026001,1.6940308
78492,-1.6264343,-1.1653137,2.2781372
78493,-1.6781616,-1.1248779,2.0837402
78494,-1.6429138,-1.0986328,1.3473511
78495,-1.5405273,-1.4665222,1.9831848
78496,-1.4961243,-1.4369202,1.3851929
78497,-1.5093994,-1.6844177,1.6772461
78498,-1.4952087,-1.5959167,1.4187622
78499,-1.4738464,-1.5307617,1.4045715
78500,-1.4628601,-1.9332886,1.2393188
78501,-1.3961792,-1.7939758,1.8037415
78502,-1.254425,-1.756897,1.4050293
78503,-1.1349487,-1.8237305,1.6282654
78504,-1.114502,-1.8130493,1.8812561
78505,-1.0523987,-1.546936,2.0259094
78506,-1.0652161,-1.7614746,1.9999695
78507,-0.98205566,-1.8479919,2.0153809
78508,-0.80657959,-1.8609619,2.0571899
78509,-0.92636108,-1.8266296,2.1032715
78510,-0.91110229,-2.0649719,2.0385742
78511,-0.7611084,-1.953125,1.9088745
78512,-0.64620972,-2.1044922,1.8960571
78513,-0.6161499,-2.1911621,1.8145752
78514,-0.61721802,-2.1612549,1.8682861
78515,-0.48904419,-2.1907043,1.6896057
78516,-0.55984497,-2.1080017,1.8151855
78517,-0.4838562,-2.0866394,1.7979431
78518,-0.3678894,-2.2799683,1.8528748
78519,-0.35369873,-2.3054504,1.6722107
78520,-0.11489868,-2.454071,1.7437744
78521,-0.15350342,-2.3890686,1.6609192
78522,-0.12802124,-2.4345398,1.6598511
78523,0.059661865,-2.3490906,1.572876
78524,0.073547363,-2.3805237,1.569519
78525,0.044555664,-2.3838806,1.6430664
78526,0.14587402,-2.5262451,1.52771
78527,0.23864746,-2.5094604,1.5071106
78528,0.21896362,-2.5073242,1.4596558
78529,0.29907227,-2.6268005,1.381073
78530,0.30700684,-2.5401306,1.2814331
78531,0.28594971,-2.6852417,1.105957
78532,0.32333374,-2.5488281,1.1070251
78533,0.47119141,-2.5762939,0.86242676
78534,0.45837402,-2.6596069,0.67474365
78535,0.5116272,-2.4368286,0.82061768
78536,0.67199707,-2.4884033,0.70556641
78537,0.60836792,-2.3751831,0.46569824
78538,0.79055786,-2.3506165,0.49362183
78539,0.67993164,-2.4414063,0.45898438
78540,0.87768555,-2.4391174,0.4385376
78541,0.91110229,-2.3817444,0.29388428
78542,0.89157104,-2.532196,0.54794312
78543,0.77209473,-2.3400879,0.62820435
78544,0.93719482,-2.2697449,0.42510986
78545,0.92224121,-2.1821594,0.27099609
78546,0.98312378,-2.2906494,0.34179688
78547,1.0736084,-2.2427368,0.34179688
78548,1.133728,-2.2277832,0.28945923
78549,1.0939026,-2.1882629,0.26580811
78550,1.1932373,-2.1896362,0.20599365
78551,1.23703,-2.1070862,0.18096924
78552,1.2628174,-2.0939636,0.14556885
78553,1.2924194,-1.8913269,0.024261475
78554,1.277771,-2.0233154,-0.068817139
78555,1.4047241,-2.006073,-0.25573731
78556,1.4750671,-2.0223999,-0.2142334
78557,1.4201355,-1.9369507,-0.24917603
78558,1.4358521,-1.8574524,-0.20370483
78559,1.3774109,-1.8681335,-0.20568848
78560,1.4147949,-1.7906189,-0.23300171
78561,1.4682007,-1.8069458,-0.2835083
78562,1.3995361,-1.9470215,-0.096893311
78563,1.4385986,-1.6494751,-0.30166626
78564,1.3494873,-1.7089844,-0.71136475
78565,1.282196,-1.5762329,-0.63842773
78566,1.3842773,-1.6918945,-0.64208984
78567,1.4465332,-1.534729,-1.1999512
78568,1.2805176,-1.1904907,-0.78399658
78569,1.3839722,-1.3380432,-0.89385986
78570,1.3961792,-1.0806274,-1.0116577
78571,1.3908386,-1.0736084,-0.92788696
78572,1.4038086,-1.1140442,-1.0202026
78573,1.4526367,-1.1450195,-1.0385132
78574,1.4494324,-1.0508728,-1.0441589
78575,1.300354,-1.0124207,-1.0516357
78576,1.3528442,-0.91979981,-1.190033
78577,1.2380981,-0.86257935,-1.1801147
78578,1.2905884,-0.89172363,-1.1639404
78579,1.2142944,-0.79879761,-1.2641907
78580,1.2272644,-0.68344116,-1.2033081
78581,1.0473633,-0.53009033,-1.1776733
78582,1.1366272,-0.62103272,-1.2586975
78583,1.171875,-0.47012329,-1.2423706
78584,1.100769,-0.42327881,-1.3725281
78585,1.1338806,-0.34561157,-1.2625122
78586,1.131897,-0.2267456,-1.3490295
78587,0.91018677,-0.21392822,-1.5013123
78588,0.87417603,-0.18753052,-1.3800049
78589,0.90103149,-0.043487549,-1.385498
78590,0.78475952,-0.056152344,-1.2770081
78591,0.69946289,-0.091552734,-1.3298035
78592,0.70037842,0.040283203,-1.5066528
78593,0.57037353,-0.15869141,-1.2309265
78594,0.74264526,0.02746582,-1.3676453
78595,0.71166992,0.015411377,-1.4372253
78596,0.68328857,0.35095215,-1.5110779
78597,0.40817261,0.33248901,-1.50177
78598,0.49163818,0.39291382,-1.5432739
78599,0.35125732,0.4649353,-1.5042114
78600,0.37658691,0.54153442,-1.4620972
78601,0.26596069,0.70404053,-1.396637
78602,0.23849487,0.77667236,-1.8634033
78603,0.21316528,0.63659668,-1.350708
78604,0.014953613,0.8164978,-1.4317322
78605,-0.16525269,0.7901001,-1.3967896
78606,-0.1940918,0.67749023,-1.2658691
78607,0.061645508,0.78460693,-1.3146973
78608,-0.32775879,0.8795166,-1.2185669
78609,-0.13748169,0.82122803,-1.4431763
78610,-0.14190674,0.98083496,-1.1177063
78611,-0.17623901,1.1416626,-1.2628174
78612,-0.25604248,0.99853516,-1.2820435
78613,-0.35446167,1.0675049,-1.0031128
78614,-0.41610718,1.1315918,-1.0803223
78615,-0.26824951,1.0691834,-1.0641479
78616,-0.47515869,1.1170959,-1.2028503
78617,-0.52719116,1.0421753,-1.0539246
78618,-0.65124512,1.0874939,-0.90576172
78619,-0.53115845,1.2164307,-0.90927124
78620,-0.84030151,1.197052,-0.85266113
78621,-0.7699585,1.2393188,-0.95016479
78622,-0.89523315,1.210022,-0.82443237
78623,-0.91629028,1.2188721,-0.99639893
78624,-0.90133667,1.2078857,-0.83251953
78625,-1.0748291,0.95291138,-0.76782227
78626,-1.0113525,1.2875366,-0.84381103
78627,-1.0099792,1.4172363,-0.78475952
78628,-1.1180115,1.4805603,-0.57373047
78629,-1.2380981,1.4561462,-0.55328369
78630,-1.3204956,1.4457703,-0.51696777
78631,-1.3552856,1.415863,-0.50537109
78632,-1.4634705,1.3639832,-0.443573
78633,-1.4912415,1.5055847,-0.37414551
78634,-1.489563,1.443634,-0.86624146
78635,-1.4825439,1.2153625,-0.41000366
78636,-1.558075,1.2503052,-0.21820068
78637,-1.6033936,1.2680054,-0.26504517
78638,-1.6819763,1.2257385,-0.10284424
78639,-1.7684937,1.3516235,-0.010528564
78640,-1.6769409,1.3557434,0.006408691
78641,-1.8362427,1.4411926,-0.049133301
78642,-1.794281,1.2916565,0.2734375
78643,-1.739502,1.2069702,0.12756348
78644,-1.8057251,1.2615967,0.047302246
78645,-1.8699646,1.1437988,0.059204102
78646,-2.0605469,1.1004639,0.33752441
78647,-1.927948,1.0551453,0.19470215
78648,-1.8814087,1.1050415,0.41870117
78649,-1.9230652,1.125946,0.36697388
78650,-2.0397949,1.051178,0.34881592
78651,-1.8893433,0.91598511,0.43792725
78652,-1.9406128,0.93307495,0.61447144
78653,-2.0036316,0.88226318,0.50384522
78654,-1.9917297,0.82855225,0.76477051
78655,-1.9296265,0.88684082,0.68222046
78656,-2.0561218,0.77026367,0.54626465
78657,-2.0684814,0.68222046,0.7736206
78658,-2.1876526,0.70587158,0.92407227
78659,-1.9877625,0.69976807,1.0549927
78660,-2.2041321,0.66345215,1.0559082
78661,-2.1125793,0.58700562,1.0462952
78662,-2.1392822,0.32409668,1.0572815
78663,-2.1917725,0.46539307,1.1810303
78664,-2.199707,0.4133606,0.84518433
78665,-2.0983887,0.30532837,1.2504578
78666,-2.1833801,0.44418335,0.80917358
78667,-2.134552,0.26123047,0.93933106
78668,-2.0796204,0.38009644,0.88394165
78669,-2.1401978,0.24383545,0.88348389
78670,-2.1899414,0.17364502,1.1735535
78671,-2.0365906,0.14526367,1.4364624
78672,-2.0046997,0.090942383,1.5164185
78673,-2.1002197,-0.030975342,1.4640808
78674,-2.0933533,-0.22827148,1.6101074
78675,-2.0770264,-0.065917969,1.5608215
78676,-1.9766235,-0.2571106,1.5966797
78677,-1.9866943,-0.09552002,1.5629578
78678,-1.9454956,-0.30426025,1.6732788
78679,-1.9665527,-0.27206421,1.5072632
78680,-1.9084167,-0.43655395,1.7385864
78681,-1.8971252,-0.36254883,2.0269775
78682,-1.8527222,-0.68817139,1.910553
78683,-1.9050598,-0.53604126,1.7193604
78684,-1.8243408,-0.50521851,2.0776367
78685,-1.7121887,-0.58227539,1.7475891
78686,-1.905365,-0.55892944,1.6949463
78687,-2.0188904,-0.91842651,1.7874146
78688,-1.7562866,-0.91766357,1.8374634
78689,-1.6764832,-1.0542297,1.7474365
78690,-1.5707397,-1.0816956,1.8701172
78691,-1.4233398,-1.1680603,1.7407227
78692,-1.6226196,-1.2840271,1.860199
78693,-1.5370178,-1.1087036,1.9612122
78694,-1.3420105,-1.035614,1.9345093
78695,-1.4002991,-1.3378906,1.4624023
78696,-1.3195801,-1.3742065,1.7088318
78697,-1.3223267,-1.3157654,1.391449
78698,-1.3140869,-1.7163086,1.6111755
78699,-1.3839722,-1.6648865,1.3224792
78700,-1.3699341,-1.6871643,1.5255737
78701,-1.2759399,-1.7228699,1.6944885
78702,-1.0409546,-1.7622375,1.7402649
78703,-0.99822998,-1.5892029,1.8777466
78704,-0.90621948,-1.6049194,2.1148682
78705,-0.85449219,-1.7848206,1.920166
78706,-0.8354187,-1.8424988,1.7793274
78707,-0.85418701,-1.8022156,1.8023682
78708,-0.81420898,-1.6882324,1.8936157
78709,-0.79055786,-1.7492676,1.9436646
78710,-0.57525635,-1.8580627,1.7625427
78711,-0.57571411,-2.0825195,1.7887878
78712,-0.56335449,-2.0425415,1.940918
78713,-0.50521851,-2.1757507,1.7956543
78714,-0.40023804,-2.1665955,2.0117188
78715,-0.33081055,-2.2215271,1.7510986
78716,-0.26153564,-2.0280457,1.716156
78717,-0.15060425,-1.9969177,1.6444397
78718,-0.2507019,-2.0787048,1.4135742
78719,-0.1826477,-2.1585083,1.5248108
78720,-0.11138916,-2.376709,1.4907837
78721,-0.093231201,-2.3303223,1.4880371
78722,-0.068054199,-2.3646545,1.4413452
78723,-0.1248169,-2.3222351,1.3665771
78724,0.10025024,-2.2039795,1.2677002
78725,0.0831604,-2.1000671,1.2646484
78726,0.23483276,-2.0327759,1.2237549
78727,0.30136108,-2.0976257,1.2002563
78728,0.27496338,-2.208252,1.1837769
78729,0.36071777,-2.252655,1.1572266
78730,0.31448364,-2.2964478,1.1422729
78731,0.38467407,-2.2857666,1.0163879
78732,0.56274414,-2.2140503,1.133728
78733,0.51269531,-2.3948669,0.93399048
78734,0.47180176,-2.411499,0.98144531
78735,0.63522339,-2.4491882,0.70159912
78736,0.42419434,-2.2831726,0.84106445
78737,0.52978516,-2.2540283,0.98266602
78738,0.75714111,-2.2647095,0.73516846
78739,0.72082519,-2.306366,0.58135986
78740,0.753479,-2.3443604,0.37811279
78741,0.69396973,-2.1951294,0.43457031
78742,0.88943481,-2.3696899,0.31555176
78743,0.88317871,-2.2546387,0.42449951
78744,0.92269897,-2.2015381,0.39306641
78745,0.82305908,-2.041626,0.29464722
78746,0.97671509,-2.0898438,0.29190064
78747,0.91964722,-1.993866,0.053253174
78748,1.0630798,-2.1046448,0.039520264
78749,1.1106873,-2.0602417,0.034790039
78750,1.162262,-1.9807434,0.043487549
78751,1.0365295,-1.7707825,-0.03036499
78752,1.0560608,-1.6603088,-0.10696411
78753,1.1819458,-1.7430115,-0.16876221
78754,1.2049866,-1.9187927,-0.2571106
78755,1.2046814,-1.7797852,-0.31066894
78756,1.2626648,-1.6870117,-0.20141602
78757,1.138916,-1.54953,-0.28457642
78758,1.2179565,-1.4576721,-0.32592773
78759,1.1357117,-1.3375854,-0.37460327
78760,1.1346436,-1.3500977,-0.26428223
78761,1.1381531,-1.4762878,-0.32623291
78762,1.156311,-1.3829041,-0.39596558
78763,1.1483765,-1.2646484,-0.44769287
78764,1.1627197,-1.3581848,-0.52398682
78765,1.1529541,-1.3487244,-0.61080933
78766,1.1112976,-1.4054871,-0.61218262
78767,1.1749268,-1.2139893,-0.6564331
78768,1.0835266,-1.0197449,-0.92712402
78769,1.1004639,-0.99456787,-0.59631348
78770,1.1808777,-0.83984375,-0.69442749
78771,1.125946,-0.79086304,-0.81787109
78772,1.1517334,-0.81680298,-0.8795166
78773,1.1608887,-0.81970215,-0.80749512
78774,0.98617554,-0.87341309,-0.86227417
78775,1.1221313,-0.65063477,-0.9375
78776,1.0691834,-0.60043335,-1.12854
78777,0.99090576,-0.64758301,-1.0704041
78778,1.0693359,-0.4876709,-1.0708618
78779,0.91308594,-0.53100586,-1.1366272
78780,1.0058594,-0.63949585,-1.1523438
78781,0.98022461,-0.4675293,-1.1143494
78782,0.86227417,-0.34561157,-1.2742615
78783,0.8895874,-0.34561157,-1.1425781
78784,0.86074829,-0.29602051,-1.2286377
78785,0.72723389,-0.36804199,-1.1413574
78786,0.72052002,-0.32409668,-1.0531616
78787,0.75378418,-0.015869141,-1.2161255
78788,0.56304932,-0.10681152,-1.1721802
78789,0.64270019,0.099945068,-1.2875366
78790,0.54534912,-0.049438477,-1.4370728
78791,0.49285889,0.072937012,-1.2635803
78792,0.59997559,0.090026855,-1.1764526
78793,0.53482056,0.362854,-1.2342834
78794,0.443573,0.4800415,-1.3752747
78795,0.2645874,0.44494629,-1.3726807
78796,0.20950317,0.27832031,-1.2446594
78797,0.18218994,0.36468506,-1.2879944
78798,0.005950928,0.12145996,-1.4378357
78799,-0.008239746,0.5368042,-1.5005493
78800,0.068969727,0.54824829,-1.2580872
78801,0.032806396,0.72219849,-1.1743164
78802,-0.10681152,0.86593628,-1.541748
78803,-0.11047363,0.90148926,-1.3095093
78804,0.021057129,0.75378418,-1.1430359
78805,-0.25238037,0.76141357,-1.1383057
78806,-0.19790649,0.72113037,-1.2780762
78807,-0.47210693,0.85800171,-1.1663818
78808,-0.39459228,0.92773438,-1.2493896
78809,-0.39627075,0.97061157,-1.0643005
78810,-0.46890259,0.9336853,-1.0113525
78811,-0.418396,1.0113525,-1.1157227
78812,-0.58792114,1.2208557,-1.0661316
78813,-0.66818237,1.1654663,-0.98068237
78814,-0.66452026,1.1488342,-1.0394287
78815,-0.68603516,1.0824585,-0.93673706
78816,-0.72616577,0.94421387,-0.81619263
78817,-0.73425293,1.0617065,-0.87768555
78818,-0.89294434,1.0646057,-0.76629639
78819,-0.93170166,1.1061096,-0.69900513
78820,-0.92269897,1.1602783,-0.64025879
78821,-0.97198486,1.3131714,-0.7194519
78822,-1.0116577,1.137085,-0.57647705
78823,-1.1190796,1.2339783,-0.54611206
78824,-1.1286926,1.2866211,-0.63583374
78825,-1.2188721,1.2692261,-0.77102661
78826,-1.060791,1.2535095,-0.56823731
78827,-1.2945557,1.1871338,-0.58578491
78828,-1.2825012,0.97900391,-0.3817749
78829,-1.3156128,1.1373901,-0.43914795
78830,-1.4151001,0.7888794,-0.95504761
78831,-1.502533,0.76797485,-0.45043945
78832,-1.572113,0.70922852,-0.19927978
78833,-1.5837097,0.88272095,-0.17059326
78834,-1.4483643,1.174469,-0.11474609
78835,-1.5808105,1.0505676,0.06652832
78836,-1.6790771,1.1560059,-0.007781982
78837,-1.6954041,1.1801147,0.10635376
78838,-1.5606689,1.1294556,0.209198
78839,-1.6963196,1.1393738,0.22415161
78840,-1.7042541,1.1341858,0.24414063
78841,-1.7024231,1.1729431,0.26824951
78842,-1.8165588,1.0424805,0.24353027
78843,-1.7626953,1.0351563,0.24734497
78844,-1.8138123,1.0861206,0.28442383
78845,-1.8363953,1.0411072,0.36376953
78846,-1.8658447,1.1030579,0.47866821
78847,-1.9975281,1.0070801,0.66207886
78848,-1.8940735,0.94543457,0.54855347
78849,-1.966095,0.86425781,0.61950684
78850,-2.0944214,0.92041016,0.80825806
78851,-2.0109558,0.77911377,0.70892334
78852,-2.0954895,0.70587158,0.77560425
78853,-2.0851135,0.86456299,0.79650879
78854,-1.9345093,0.75653076,0.6362915
78855,-2.1257019,0.63995361,0.87753296
78856,-2.0343018,0.54382324,0.61889648
78857,-2.1109009,0.56365967,0.63140869
78858,-2.0808411,0.3427124,0.74066162
78859,-1.966095,0.55130005,1.1471558
78860,-2.1476746,0.48156738,0.95611572
78861,-1.965332,0.41748047,1.1882019
78862,-2.0933533,0.36270142,1.1125183
78863,-2.1873474,0.12832642,1.1083984
78864,-2.1166992,0.087127686,1.2081909
78865,-2.0640564,0.02532959,1.2567139
78866,-2.1287537,-0.09475708,1.2748718
78867,-2.0993042,0.040740967,1.2042236
78868,-1.9009399,-0.13244629,1.2072754
78869,-1.8737793,-0.12939453,1.4292908
78870,-1.8682861,-0.25299072,1.1898804
78871,-2.0994568,-0.418396,1.4505005
78872,-1.8878174,-0.43670654,1.2817383
78873,-2.0210266,-0.44937134,1.2988281
78874,-1.7797852,-0.51483154,1.5750122
78875,-1.7922974,-0.43273926,1.4299011
78876,-1.7376709,-0.53497315,1.4263916
78877,-1.8630981,-0.56640625,1.6830444
78878,-1.714325,-0.6867981,1.5316772
78879,-1.7199707,-0.64254761,1.7956543
78880,-1.7021179,-0.89355469,1.787262
78881,-1.8215942,-0.7913208,1.4880371
78882,-1.663208,-0.82489014,1.7654419
78883,-1.6325378,-0.88867188,1.8946838
78884,-1.5707397,-0.90789795,1.7546082
78885,-1.6819763,-1.0272217,1.8235779
78886,-1.5245056,-1.3000488,1.6711426
78887,-1.5008545,-1.3526916,1.3356018
78888,-1.4851379,-1.5527344,1.678772
78889,-1.4944458,-1.5789795,2.0944214
78890,-1.2960815,-1.3812256,1.6870117
78891,-1.4434814,-1.4459229,1.6027832
78892,-1.33255,-1.5007019,1.9685364
78893,-1.2780762,-1.5515137,1.6439819
78894,-1.2597656,-1.6708374,1.7672729
78895,-1.2994385,-1.6809082,1.7933655
78896,-1.1923218,-1.5652466,1.8461609
78897,-1.0600281,-1.8904114,1.4523315
78898,-0.87860107,-1.7346191,1.9171143
78899,-0.89019775,-2.2302246,1.7256165
78900,-0.86181641,-2.0187378,1.5167236
78901,-0.81604004,-1.9404602,1.6557312
78902,-0.6678772,-1.940918,1.6642761
78903,-0.67184448,-1.9258118,1.7028809
78904,-0.61248779,-2.0263672,1.6444397
78905,-0.418396,-1.9488525,1.7941284
78906,-0.36132813,-1.9720459,1.6973877
78907,-0.3604126,-1.862793,1.6859436
78908,-0.31982422,-1.8832397,1.6491699
78909,-0.24917603,-1.9619751,1.6091919
78910,-0.21652222,-1.945343,1.6030884
78911,-0.21835327,-1.9937134,1.6003418
78912,-0.26763916,-2.1968079,1.6282654
78913,-0.24047852,-2.1818542,1.5722656
78914,-0.23681641,-2.2229004,1.443634
78915,-0.11169434,-2.2306824,1.5100098
78916,-0.071105957,-2.1391296,1.4379883
78917,0.05645752,-2.3239136,1.4842224
78918,0.06149292,-2.244873,1.3374329
78919,0.1159668,-2.2651672,1.2649536
78920,0.14556885,-2.3704529,1.2265015
78921,0.26397705,-2.3483276,1.1878967
78922,0.20278931,-2.3417664,1.2016296
78923,0.29968262,-2.3086548,1.0987854
78924,0.47302246,-2.1563721,1.1288452
78925,0.4296875,-2.1463013,0.91506958
78926,0.42663574,-2.2261047,0.84030151
78927,0.32318115,-1.9697571,0.85998535
78928,0.44143677,-1.947937,0.83511353
78929,0.50201416,-2.0141602,0.60012817
78930,0.75531006,-2.0835876,0.73348999
78931,0.65979004,-2.2399902,0.74966431
78932,0.64987183,-2.2218323,0.68908691
78933,0.69595337,-2.1697998,0.6602478
78934,0.82626343,-2.2045898,0.54519653
78935,0.67245483,-2.093811,0.45959473
78936,0.72113037,-2.1391296,0.58410644
78937,0.89355469,-2.1577454,0.36590576
78938,0.90820313,-2.1757507,0.41152954
78939,0.92636108,-1.8571472,0.31646728
78940,0.8895874,-1.8069458,0.26367188
78941,0.81069946,-1.9386291,0.28427124
78942,1.0209656,-2.0697021,-0.024719238
78943,0.98968506,-1.9013977,-0.003051758
78944,1.1489868,-1.8469238,-0.046539307
78945,1.2120056,-1.7234802,-0.030670166
78946,1.1312866,-1.7468262,-0.16357422
78947,0.9828186,-1.784668,-0.25772095
78948,1.0681152,-1.546936,-0.086975098
78949,1.0943604,-1.5766907,-0.23620606
78950,1.1602783,-1.6217041,-0.12786865
78951,1.1904907,-1.6351318,-0.23345947
78952,1.1393738,-1.6169739,-0.22277832
78953,1.1077881,-1.4242554,-0.33859253
78954,1.2789917,-1.4666748,-0.31906128
78955,1.3493347,-1.4442444,-0.40557861
78956,1.1784363,-1.4503479,-0.52810669
78957,1.1328125,-1.4988709,-0.38131714
78958,1.1843872,-1.3528442,-0.50582886
78959,1.1349487,-1.2564087,-0.54107666
78960,1.0974121,-1.2310791,-0.7484436
78961,1.2159729,-1.050415,-0.74798584
78962,1.1984253,-1.0151672,-0.72448731
78963,1.3323975,-1.0678101,-0.86364746
78964,1.1228943,-1.1317444,-0.78323364
78965,1.1523438,-1.1412048,-1.0302734
78966,1.1430359,-0.90896606,-1.1294556
78967,1.1006165,-0.80917358,-1.0456848
78968,1.0733032,-0.66757202,-1.0784912
78969,0.98266602,-0.62545776,-0.91766357
78970,1.0639954,-0.53833008,-1.0882568
78971,0.9451294,-0.51849365,-1.0392761
78972,0.93399048,-0.52490234,-1.2240601
78973,0.97793579,-0.40512085,-1.1233521
78974,0.86853027,-0.30014038,-1.1231995
78975,0.80230713,-0.24627685,-1.3751221
78976,0.83816528,-0.24658203,-1.1865234
78977,0.84991455,-0.12969971,-1.3365173
78978,0.80200195,-0.10635376,-1.2530518
78979,0.67459106,-0.074462891,-1.1439514
78980,0.74005127,0.17532349,-1.1842346
78981,0.61462402,0.022125244,-1.3619995
78982,0.46600342,-0.19332886,-1.2252808
78983,0.45104981,-0.28900147,-1.1828613
78984,0.49026489,-0.059814453,-1.2080383
78985,0.44189453,0.20904541,-1.2791443
78986,0.54656982,0.31112671,-1.29776
78987,0.42861939,0.25192261,-1.3774109
78988,0.48126221,0.4675293,-1.3647461
78989,0.34439087,0.34820557,-1.3517761
78990,0.30975342,0.34378052,-1.1679077
78991,0.31158447,0.48355103,-1.3226318
78992,0.2482605,0.56945801,-1.3417053
78993,0.19012451,0.75210571,-1.401825
78994,0.035247803,0.66192627,-1.3171387
78995,0.2041626,0.67886353,-1.0928345
78996,0.013275146,0.64849853,-1.1433411
78997,-0.12649536,0.84564209,-1.2258911
78998,-0.082092285,0.62820435,-1.2185669
78999,-0.22705078,0.65368652,-1.09375
79000,-0.38391113,0.80947876,-1.1831665
79001,-0.31204224,0.74798584,-1.1499023
79002,-0.30914307,1.0133362,-1.0957336
79003,-0.59143066,0.98190308,-1.1270142
79004,-0.50003052,0.84899902,-1.0118103
79005,-0.5480957,1.0272217,-1.1312866
79006,-0.45349121,0.91751099,-1.0733032
79007,-0.58990478,0.97412109,-0.95336914
79008,-0.64300537,1.0694885,-0.88134766
79009,-0.68908691,1.1357117,-0.75820923
79010,-0.76934815,1.219635,-0.75439453
79011,-0.67092896,1.2841797,-0.77911377
79012,-0.75561523,1.2091064,-0.67840576
79013,-0.88592529,1.2591553,-0.69259644
79014,-0.8682251,1.2704468,-0.72372437
79015,-1.0778809,1.262207,-0.69030762
79016,-1.2188721,1.2643433,-0.67077637
79017,-1.121521,1.3369751,-0.58517456
79018,-1.1572266,1.3687134,-0.51773071
79019,-1.2750244,1.6297913,-0.66070557
79020,-1.3653564,1.368866,-0.76522827
79021,-1.3687134,1.2562561,-0.5116272
79022,-1.34552,1.2713623,-0.44662476
79023,-1.4424133,1.2359619,-0.31280518
79024,-1.3253784,1.3012695,-0.24353027
79025,-1.3967896,1.2268066,-0.18081665
79026,-1.4968872,0.98464966,-0.063476563
79027,-1.6030884,0.57235718,-0.20370483
79028,-1.6317749,1.0470581,-0.32714844
79029,-1.6436768,1.1105347,-0.021514893
79030,-1.5431213,0.95352173,-0.020294189
79031,-1.6374207,1.1288452,0.049438477
79032,-1.7463684,1.1701965,0.064086914
79033,-1.7301941,1.1442566,0.12359619
79034,-1.7686462,1.270752,0.27679443
79035,-1.6859436,1.0578918,0.29785156
79036,-1.8432617,0.8972168,0.31997681
79037,-1.9760132,0.95001221,0.40618897
79038,-1.9386291,0.99853516,0.47241211
79039,-1.9136047,0.83084106,0.34851074
79040,-1.8972778,0.91140747,0.59204102
79041,-1.9468689,0.9576416,0.44784546
79042,-2.0202637,0.91918945,0.67077637
79043,-2.1412659,0.78979492,0.74783325
79044,-2.0355225,0.71563721,0.61706543
79045,-2.2108459,0.55801392,0.8164978
79046,-2.1835327,0.69061279,0.70449829
79047,-2.1871948,0.64453125,0.69717407
79048,-2.2729492,0.62866211,0.77331543
79049,-2.1420288,0.43884277,0.95993042
79050,-2.2007751,0.50979614,1.0240173
79051,-2.1316528,0.31448364,1.2095642
79052,-2.1342468,0.35736084,1.1737061
79053,-2.0410156,0.48843384,1.293335
79054,-2.192688,0.29693603,1.0853577
79055,-2.1707153,0.28839111,1.3104248
79056,-2.1054077,0.13549805,1.2504578
79057,-2.1551514,0.085754395,1.3754272
79058,-2.1577454,0.12939453,1.4825439
79059,-2.184906,0.19958496,1.545105
79060,-2.0951843,0.031890869,1.2301636
79061,-2.159729,-0.13183594,1.1364746
79062,-2.0623779,-0.017547607,1.4099121
79063,-1.9946289,-0.15472412,1.3313293
79064,-2.0996094,-0.18112183,1.2283325
79065,-1.9953918,-0.16220093,1.5960693
79066,-2.0489502,-0.32104492,1.709137
79067,-1.9927979,-0.36361694,1.5962219
79068,-1.9906616,-0.25390625,1.5376282
79069,-2.0956421,-0.5935669,1.574707
79070,-1.966095,-0.67153931,1.7175293
79071,-1.8606567,-0.6022644,1.7027283
79072,-1.8577576,-0.84396362,1.8505859
79073,-1.9073486,-0.98083496,1.8054199
79074,-1.8119812,-0.95932007,1.8753052
79075,-1.8252563,-0.91979981,1.9169617
79076,-1.8005371,-0.92651367,1.8408203
79077,-1.7608643,-0.87173462,1.8969727
79078,-1.7294312,-0.85678101,1.7462158
79079,-1.7605591,-1.2211609,1.6809082
79080,-1.7607117,-1.3543701,1.9482422
79081,-1.3867188,-1.2788391,1.847229
79082,-1.6223145,-1.1457825,1.8382263
79083,-1.7599487,-1.3066101,1.869812
79084,-1.5589905,-1.3760376,1.8405151
79085,-1.3439941,-1.4881897,1.9041443
79086,-1.3142395,-1.3754272,1.9528198
79087,-1.1540222,-1.4857483,1.9442749
79088,-1.1141968,-1.6656494,1.7807007
79089,-1.1138916,-1.6033936,1.8444824
79090,-1.1053467,-1.6491699,1.9567871
79091,-1.0525513,-1.7893982,2.0448303
79092,-0.94100952,-1.8156433,1.9778442
79093,-1.0153198,-1.7121887,1.8733215
79094,-0.80200195,-1.7201233,1.7907715
79095,-1.0049438,-1.7585754,1.8840027
79096,-0.91827393,-1.6105652,1.9424438
79097,-0.60791016,-1.7408752,1.8930054
79098,-0.74737549,-1.8406677,1.7654419
79099,-0.68649292,-1.9741821,1.7285156
79100,-0.67611694,-1.9528198,1.6470337
79101,-0.64468384,-2.052002,1.9235229
79102,-0.48828125,-2.3002625,1.7245483
79103,-0.55175781,-2.2303772,1.7411804
79104,-0.41122436,-2.3297119,1.572876
79105,-0.35003662,-2.2290039,1.6699219
79106,-0.28060913,-2.2079468,1.7033386
79107,-0.18737793,-2.2306824,1.7436218
79108,-0.17456055,-2.2377014,1.7263794
79109,-0.085754395,-2.2953796,1.6279602
79110,0.00213623,-2.3130798,1.5216064
79111,0.048828125,-2.4075317,1.4430237
79112,0.1020813,-2.3948669,1.4422607
79113,0.19561768,-2.3809814,1.5026855
79114,0.15090942,-2.3196411,1.4265442
79115,0.15808106,-2.2265625,1.2240601
79116,0.14694214,-2.2068787,0.98114014
79117,0.32623291,-2.2479248,1.1549377
79118,0.42266846,-2.2680664,1.1462402
79119,0.48843384,-2.3118591,1.1393738
79120,0.55343628,-2.3930359,1.1206055
79121,0.4296875,-2.5192261,0.97915649
79122,0.47271728,-2.4694824,0.92636108
79123,0.71960449,-2.27005,0.95886231
79124,0.69488525,-2.3326111,0.93902588
79125,0.69122315,-2.3266602,0.70861816
79126,0.6489563,-2.1286011,0.74310303
79127,0.59509277,-2.2851563,0.68847656
79128,0.71899414,-2.131958,0.55755615
79129,0.77087402,-2.273407,0.54733276
79130,0.81665039,-2.2944641,0.46386719
79131,0.76217651,-2.3146057,0.49758911
79132,0.92224121,-2.2108459,0.25100708
79133,0.97793579,-2.1488953,0.19836426
79134,0.99014282,-2.0584106,0.19073486
79135,1.003418,-1.9889832,0.22201538
79136,1.1230469,-2.1298218,0.24612427
79137,1.0005188,-2.1505737,0.15319824
79138,1.222229,-2.0787048,0.090179443
79139,1.3122559,-1.9598389,0.095214844
79140,1.3116455,-1.9845581,-0.026397705
79141,1.3052368,-1.8406677,-0.091094971
79142,1.2425232,-1.8656921,-0.16571045
79143,1.3642883,-1.884613,-0.262146
79144,1.3005066,-1.7929077,-0.36621094
79145,1.3833618,-1.7715454,-0.3894043
79146,1.3093567,-1.7861938,-0.30441284
79147,1.3346863,-1.7630005,-0.3036499
79148,1.2466431,-1.6488647,-0.34347534
79149,1.3366699,-1.7353821,-0.31295776
79150,1.3258362,-1.6705322,-0.44265747
79151,1.3130188,-1.5161133,-0.6564331
79152,1.2911987,-1.4080811,-0.51742554
79153,1.2306213,-1.2788391,-0.80795288
79154,1.2339783,-1.1294556,-0.72601318
79155,1.2239075,-1.1373901,-0.76156616
79156,1.2112427,-1.1936951,-0.62957764
79157,1.1825562,-1.1650085,-0.79879761
79158,1.3635254,-1.3748169,-0.9425354
79159,1.3102722,-1.0899353,-0.90560913
79160,1.1851501,-1.1186218,-1.1485291
79161,1.139679,-0.82519531,-0.98220825
79162,1.1819458,-1.0623169,-0.80383301
79163,1.2025452,-0.85189819,-0.97900391
79164,1.1228943,-0.81192017,-1.1196899
79165,1.206665,-0.63354492,-1.3227844
79166,0.97305298,-0.61401367,-1.0420227
79167,1.0617065,-0.47073364,-1.1547852
79168,1.0263062,-0.51208496,-1.3041687
79169,0.97518921,-0.44036865,-1.157074
79170,1.0836792,-0.32165527,-1.1080933
79171,0.88684082,-0.22857666,-1.2405396
79172,0.9362793,-0.20172119,-1.2612915
79173,0.97579956,-0.17669678,-1.1358643
79174,0.82321167,-0.131073,-1.3786316
79175,0.83557129,-0.0730896,-1.4006042
79176,0.87219238,-0.034484863,-1.2976074
79177,0.70861816,-0.75836182,-1.5396118
79178,0.59707642,-0.67367554,-1.5800476
79179,0.62026978,-0.10192871,-1.5344238
79180,0.61050415,0.023193359,-1.4364624
79181,0.41564941,0.22735596,-1.4529419
79182,0.44845581,0.31463623,-1.579895
79183,0.45074463,0.31417847,-1.4822388
79184,0.42999268,0.37902832,-1.5406799
79185,0.39764404,0.46295166,-1.4700317
79186,0.32302856,0.52459717,-1.3792419
79187,0.29678345,0.60516357,-1.2512207
79188,0.18173218,0.39825439,-1.3999939
79189,0.14312744,0.57220459,-1.3525391
79190,0.10986328,0.72036743,-1.4433289
79191,0.14251709,0.72265625,-1.383667
79192,0.017700195,0.77896118,-1.4154053
79193,-0.076141357,0.51712036,-1.2606812
79194,-0.27435303,0.74890137,-1.4993286
79195,-0.1890564,0.85540772,-1.1734009
79196,-0.13000488,0.95123291,-1.3084412
79197,-0.23620606,0.89035034,-1.1978149
79198,-0.39047241,1.0173035,-1.1076355
79199,-0.37719727,0.91064453,-1.0571289
79200,-0.53039551,1.0400391,-1.144104
79201,-0.44372559,1.1152649,-1.0800171
79202,-0.46844482,1.1999512,-1.0942078
79203,-0.60256958,1.257782,-1.0255432
79204,-0.61065674,1.2339783,-1.1611938
79205,-0.66467285,1.3546753,-0.95306397
79206,-0.67459106,1.2255859,-1.0643005
79207,-0.85083008,1.1062622,-0.99761963
79208,-1.003418,1.1911011,-0.79421997
79209,-0.84472656,1.2617493,-0.84899902
79210,-0.98815918,1.2464905,-0.74325562
79211,-1.1181641,1.3790894,-0.68176269
79212,-1.1737061,1.4758301,-0.57922363
79213,-1.2200928,1.3343811,-0.62316894
79214,-1.2060547,1.3438416,-0.64208984
79215,-1.3876343,1.3951111,-0.50827026
79216,-1.3978577,1.3172913,-0.284729
79217,-1.4181519,1.4071655,-0.25878906
79218,-1.545105,1.3330078,-0.32394409
79219,-1.7285156,1.3163757,-0.28961182
79220,-1.5794373,1.1495972,-0.30517578
79221,-1.6819763,1.2388611,-0.23895264
79222,-1.6293335,1.293335,-0.18554688
79223,-1.7556763,0.34500122,-0.33737183
79224,-1.7402649,1.0261536,-0.09552002
79225,-1.6938782,1.212616,-0.084838867
79226,-1.7523193,1.3893127,-0.11810303
79227,-1.7619324,1.3594055,-0.036315918
79228,-1.7910767,1.4089966,0.30029297
79229,-1.8614197,1.2680054,0.15762329
79230,-2.0463562,1.2561035,0.24841309
79231,-2.0643616,1.0025024,0.10620117
79232,-1.978302,0.98266602,0.32684326
79233,-2.0214844,1.030426,0.43579102
79234,-1.9862366,1.1077881,0.40618897
79235,-2.0274353,0.89019775,0.46829224
79236,-2.1438599,0.93841553,0.62698364
79237,-2.1766663,0.80276489,0.87127685
79238,-2.2105408,0.79208374,0.74142456
79239,-2.0117188,0.8757019,0.82778931
79240,-2.212677,0.79895019,0.73669434
79241,-2.150116,0.85662842,0.85662842
79242,-2.1934509,0.70831299,0.83190918
79243,-2.1615601,0.74005127,0.92697144
79244,-2.1377563,0.64147949,0.92407227
79245,-2.1560669,0.71304321,1.162262
79246,-2.2154236,0.60760498,0.88241577
79247,-2.1427917,0.55328369,0.9967041
79248,-2.1737671,0.42068481,1.0534668
79249,-2.2317505,0.47927856,1.2364197
79250,-2.1786499,0.390625,1.0961914
79251,-2.2431946,0.42129517,1.2759399
79252,-2.2932434,0.24169922,1.2547302
79253,-2.2943115,0.17074585,1.2513733
79254,-2.1195984,0.20690918,1.3577271
79255,-2.3271179,0.074157715,1.5013123
79256,-2.2619629,-0.035705566,1.5258789
79257,-2.1499634,-0.11413574,1.4862061
79258,-2.0472717,-0.31494141,1.59729
79259,-2.0996094,-0.39260864,1.4761353
79260,-1.971283,-0.27374268,1.6511536
79261,-2.0559692,-0.41717529,1.5896606
79262,-2.1025085,-0.43395996,1.7985535
79263,-1.9790649,-0.4258728,1.6918945
79264,-2.0529175,-0.47210693,1.8409729
79265,-2.0687866,-0.50262451,1.7311096
79266,-1.8444824,-0.50537109,1.8263245
79267,-1.8373108,-0.60791016,1.6333008
79268,-1.9657898,-0.63171387,1.6859436
79269,-1.8438721,-0.73196411,1.7822266
79270,-1.6555786,-1.0267639,1.6465759
79271,-1.7216492,-1.0395813,1.918335
79272,-1.6119385,-1.0079956,1.8457031
79273,-1.8223572,-1.0441589,2.1569824
79274,-1.5028381,-1.0736084,1.9537354
79275,-1.7279053,-1.0861206,1.8493652
79276,-1.6523743,-1.2471008,1.8823242
79277,-1.7230225,-1.2101746,1.9996643
79278,-1.5393066,-1.4208984,1.9511414
79279,-1.5316772,-1.3851929,2.104187
79280,-1.4097595,-1.2550354,1.9338989
79281,-1.3717651,-1.4532471,1.8719482
79282,-1.3500977,-1.2486267,1.7460632
79283,-1.2957764,-1.4358521,1.9226074
79284,-1.3143921,-1.395874,2.0706177
79285,-1.2229919,-1.5470886,1.9641113
79286,-1.1524963,-1.7002869,1.8533325
79287,-1.1723328,-1.803894,1.8457031
79288,-1.108551,-1.8484497,1.9778442
79289,-1.0679626,-1.862793,2.0532227
79290,-0.92559815,-1.8969727,1.9622803
79291,-0.86242676,-2.0462036,1.9281006
79292,-0.76019287,-1.892395,1.9084167
79293,-0.74523926,-1.9647217,1.8458557
79294,-0.6892395,-1.9172668,1.9410706
79295,-0.48339844,-1.9081116,1.9586182
79296,-0.52307129,-2.1177673,1.8087769
79297,-0.54214478,-2.1366882,1.7663574
79298,-0.52047729,-2.1498108,1.8275452
79299,-0.34683228,-2.1411133,1.708374
79300,-0.45822144,-2.2628784,1.8717957
79301,-0.30075073,-2.3419189,1.7848206
79302,-0.23574829,-2.3748779,1.8170166
79303,-0.00579834,-2.3286438,1.6998291
79304,-0.097198486,-2.3327637,1.608429
79305,0.072937012,-2.2711182,1.6638184
79306,0.032043457,-2.364502,1.4425659
79307,0.15563965,-2.353363,1.5332031
79308,0.18310547,-2.3803711,1.4291382
79309,0.24215698,-2.5311279,1.3879395
79310,0.24780273,-2.4890137,1.4155579
79311,0.34423828,-2.6281738,1.3298035
79312,0.30776978,-2.5498962,1.3153076
79313,0.32119751,-2.3820496,1.2565613
79314,0.41992188,-2.3762512,1.1938477
79315,0.46173096,-2.3448181,1.1187744
79316,0.44265747,-2.3986816,1.1611938
79317,0.48477173,-2.4024963,0.96313477
79318,0.57556152,-2.4313354,0.88439941
79319,0.62713623,-2.4067688,0.81680298
79320,0.69503784,-2.428894,0.73028565
79321,0.78964233,-2.4035645,0.71304321
79322,0.79116821,-2.3173523,0.67779541
79323,0.89981079,-2.4307251,0.67382813
79324,0.97381592,-2.3869324,0.62591553
79325,1.0427856,-2.2911072,0.61355591
79326,0.95870972,-2.277832,0.45669556
79327,0.97854614,-2.2401428,0.54138184
79328,0.91796875,-2.2219849,0.54138184
79329,1.0206604,-2.2116089,0.25222778
79330,1.2043762,-2.2802734,0.2041626
79331,1.1669922,-2.3547363,0.2671814
79332,1.1061096,-2.06604,0.045318604
79333,1.1709595,-2.0539856,0.22354126
79334,1.2971497,-2.0326233,0.12298584
79335,1.2535095,-2.1121216,0.090332031
79336,1.2226868,-2.1749878,0.015258789
79337,1.2524414,-2.1681213,-0.17837524
79338,1.2773132,-2.1516418,-0.25085449
79339,1.1761475,-1.8553162,-0.35888672
79340,1.2554932,-1.8217468,-0.21240234
79341,1.355896,-1.8418884,-0.28152466
79342,1.3188171,-1.8156433,-0.29495239
79343,1.3887024,-1.7959595,-0.32852173
79344,1.2356567,-1.7710876,-0.45822144
79345,1.300354,-1.7593384,-0.27374268
79346,1.3110352,-1.5422058,-0.36621094
79347,1.3356018,-1.5055847,-0.39596558
79348,1.3414001,-1.4633179,-0.4032898
79349,1.3887024,-1.5737915,-0.76080322
79350,1.3983154,-1.5412903,-0.7182312
79351,1.4451599,-1.4637756,-0.66497803
79352,1.3427734,-1.3461304,-0.79559326
79353,1.3279724,-1.235199,-0.90637207
79354,1.2802124,-1.1564636,-0.92910767
79355,1.305542,-1.0644531,-0.88378906
79356,1.4334106,-0.9664917,-1.0791016
79357,1.3369751,-0.94329834,-1.0041809
79358,1.2307739,-0.90820313,-1.0395813
79359,1.3824463,-0.79681397,-0.99121094
79360,1.1489868,-0.65292358,-1.2034607
79361,1.2246704,-0.675354,-1.1349487
79362,1.1474609,-0.59265137,-1.2652588
79363,1.0824585,-0.64147949,-1.2036133
79364,1.105957,-0.36499023,-1.0186768
79365,0.98526001,-0.47149658,-1.1959839
79366,1.0852051,-0.50750732,-1.2780762
79367,1.0331726,-0.43869019,-1.138916
79368,0.90576172,-0.41366577,-1.2541199
79369,0.87921143,-0.35797119,-1.2156677
79370,0.98266602,-0.29876709,-1.3995361
79371,0.89813232,0.47927856,-1.5672302
79372,0.98342896,-0.077362061,-1.4086914
79373,0.81939697,-0.14968872,-1.7358398
79374,0.85739136,-0.38696289,-1.5994263
79375,0.61767578,-0.41885376,-1.1624146
79376,0.66040039,-0.16647339,-1.3789368
79377,0.66360474,0.011901855,-1.3386536
79378,0.60058594,0.37567139,-1.3674927
79379,0.62332153,0.45684814,-1.3739014
79380,0.5015564,0.17318726,-1.4872742
79381,0.4170227,0.50308228,-1.3549805
79382,0.45394897,0.44464111,-1.5332031
79383,0.48416138,0.61553955,-1.4888
79384,0.28060913,0.59570313,-1.4535522
79385,0.30471802,0.65750122,-1.4909363
79386,0.38040161,0.72235107,-1.388092
79387,0.10375977,0.8442688,-1.4031982
79388,0.026855469,0.8392334,-1.4271545
79389,0.0440979,0.89416504,-1.3835144
79390,0.012969971,1.0145569,-1.3023376
79391,-0.22964478,0.96740723,-1.1680603
79392,-0.15365601,1.0244751,-1.3388062
79393,-0.19622803,1.0818481,-1.1663818
79394,-0.21942139,1.0610962,-1.4181519
79395,-0.36636353,1.2606812,-1.3972473
79396,-0.36209106,1.3153076,-1.1508179
79397,-0.42770386,1.7550659,-1.322937
79398,-0.48828125,2.1672058,-1.2406921
79399,-0.61218262,2.4105835,-1.4694214
79400,-0.61584473,2.0628357,-0.99227905
79401,-0.69778442,1.4309692,-0.98571777
79402,-0.81298828,2.024231,-1.0115051
79403,-0.73654175,1.5969849,-0.91842651
79404,-0.87097168,2.2027588,-0.86456299
79405,-0.88180542,1.6271973,-0.91003418
79406,-1.0560608,2.253418,-0.87493897
79407,-1.1334229,2.7957153,-0.76278687
79408,-1.1628723,2.9194641,-0.71243286
79409,-1.2550354,2.6959229,-0.78109741
79410,-1.2858582,2.5900269,-0.78720093
79411,-1.2432861,1.8103027,-0.7522583
79412,-1.3618469,1.599884,-0.72601318
79413,-1.318512,1.4442444,-0.52474976
79414,-1.4900208,1.4346313,-0.30761719
79415,-1.4945984,1.5202332,-0.43106079
79416,-1.5582275,1.4624023,-0.43609619
79417,-1.4674377,1.3967896,-0.46096802
79418,-1.5112305,1.3839722,-0.17990112
79419,-1.5783691,1.0961914,-0.24963379
79420,-1.6348267,1.340332,-0.21636963
79421,-1.6023254,1.4257813,-0.053405762
79422,-1.5820313,1.3633728,-0.070495605
79423,-1.6946411,1.4265442,0.027618408
79424,-1.8502808,1.2670898,0.097503662
79425,-1.9158936,1.25,0.1524353
79426,-1.9009399,1.3934326,0.15930176
79427,-1.9689941,1.3269043,0.27206421
79428,-1.9499207,1.2483215,0.19744873
79429,-1.9828796,1.1914063,0.25558472
79430,-2.0063782,1.156311,0.61309815
79431,-2.0309448,1.1128235,0.41000366
79432,-2.1554565,1.0574341,0.53375244
79433,-2.1476746,1.0717773,0.54138184
79434,-2.1801758,0.97503662,0.67443848
79435,-2.0866394,0.97259522,0.54504394
79436,-2.2567749,0.95077515,0.61843872
79437,-2.0550537,0.88226318,0.77194214
79438,-2.2821045,0.90209961,0.99472046
79439,-2.2869873,0.83007813,1.0656738
79440,-2.2990417,0.70373535,0.85083008
79441,-2.3103333,0.70739746,0.85266113
79442,-2.2827148,0.64056397,0.98480225
79443,-2.208252,0.6729126,1.0717773
79444,-2.3547363,0.64743042,1.0206604
79445,-2.339325,0.64865112,1.1683655
79446,-2.3126221,0.53955078,1.1520386
79447,-2.2261047,0.47210693,1.1805725
79448,-2.2926331,0.42800903,1.3049316
79449,-2.2810364,0.33172607,1.0710144
79450,-2.2155762,0.43136597,1.186676
79451,-2.1791077,0.41275024,1.3037109
79452,-2.2816467,0.262146,1.2330627
79453,-2.2579956,0.33874512,1.426239
79454,-2.1903992,0.21270752,1.5283203
79455,-2.2044373,0.16677856,1.6374207
79456,-2.3049927,-0.085754395,1.5414429
79457,-2.260437,-0.1651001,1.5956116
79458,-1.9198608,-0.24612427,1.603241
79459,-2.1247864,-0.36819458,1.5748596
79460,-2.0730591,-0.3894043,1.6950989
79461,-1.9322205,-0.41183472,1.6212463
79462,-2.1633911,-0.51513672,1.8357849
79463,-2.0556641,-0.70709228,1.7770386
79464,-2.1040344,-0.76950073,1.8971252
79465,-2.041626,-1.031189,1.8385315
79466,-2.0285034,-1.1270142,1.9369507
79467,-2.0455933,-1.1146545,2.1476746
79468,-1.9551086,-0.99029541,2.0429993
79469,-1.885376,-1.1174011,1.9291687
79470,-1.8273926,-1.5332031,1.9247437
79471,-1.7453003,-1.6079712,1.8971252
79472,-1.6818237,-1.2239075,1.7500305
79473,-1.8334961,-1.1767578,1.9403076
79474,-1.5910339,-1.348877,2.0256042
79475,-1.7007446,-1.4144897,2.1110535
79476,-1.716156,-1.4556885,2.0343018
79477,-1.4457703,-1.3137817,2.0144653
79478,-1.4350891,-1.6427612,2.2807312
79479,-1.5031433,-1.7514038,2.1537781
79480,-1.5551758,-1.6030884,2.1192932
79481,-1.3963318,-1.5834045,2.0095825
79482,-1.2419128,-1.6362,2.0074463
79483,-1.3169861,-1.6847229,2.2055054
79484,-1.1723328,-1.6038513,2.1723938
79485,-1.1177063,-1.7590332,2.2579956
79486,-1.0824585,-1.6848755,2.0474243
79487,-1.0621643,-1.7456055,1.9192505
79488,-0.92163086,-1.7556763,2.0375061
79489,-0.86196899,-1.9680786,2.015686
79490,-0.83877563,-1.9425964,2.0024109
79491,-0.89172363,-2.0231628,1.9160461
79492,-0.82870483,-1.9740295,1.9364929
79493,-0.7484436,-2.1755981,2.0135498
79494,-0.57662964,-2.2171021,1.9621277
79495,-0.61645508,-2.0977783,1.9721985
79496,-0.51940918,-1.9786072,2.0385742
79497,-0.51300049,-1.8692017,1.7427063
79498,-0.3527832,-2.3200989,1.7935181
79499,-0.40649414,-2.3173523,1.9474792
79500,-0.23254395,-2.4440002,1.7562866
79501,-0.33676147,-2.3216248,1.70578
79502,-0.21286011,-2.4229431,1.6970825
79503,-0.039825439,-2.5085449,1.5864563
79504,-0.11962891,-2.3690796,1.651001
79505,0.056152344,-2.3522949,1.5211487
79506,-0.077056885,-2.5257874,1.5046692
79507,0.029449463,-2.5106812,1.3349915
79508,0.074768066,-2.6306152,1.3238525
79509,0.24032593,-2.5961304,1.2818909
79510,0.29556274,-2.6530457,1.3349915
79511,0.29052734,-2.4035645,1.3739014
79512,0.37841797,-2.205658,1.2991333
79513,0.43060303,-1.7799377,1.0972595
79514,0.46783447,-2.4230957,1.1462402
79515,0.48278809,-2.5491333,1.1184692
79516,0.63400269,-2.2839355,0.98480225
79517,0.68756103,-2.1855164,0.87142944
79518,0.70861816,-2.1894836,0.96710205
79519,0.89096069,-2.1556091,0.93292236
79520,0.77514648,-2.2770691,0.86364746
79521,0.69915772,-1.1856079,0.652771
79522,0.82702637,-1.1747742,0.78048706
79523,0.84640503,-2.0491028,0.61553955
79524,1.0173035,-2.5505066,0.55801392
79525,0.81420898,-2.6383972,0.48187256
79526,0.93353272,-2.5170898,0.54046631
79527,0.9487915,-2.6435852,0.41107178
79528,1.0095215,-2.5241089,0.55267334
79529,1.0816956,-2.4255371,0.36468506
79530,0.99960327,-2.7326965,0.38787842
79531,1.2438965,-2.5424194,0.30670166
79532,1.1714172,-2.4446106,0.18539429
79533,1.2159729,-2.5848389,0.14816284
79534,1.0348511,-2.4847412,0.020904541
79535,1.1868286,-2.3748779,-0.046539307
79536,1.1291504,-2.6170349,0.051422119
79537,1.3313293,-2.2453308,0.001220703
79538,1.2297058,-2.0852661,0.04989624
79539,1.2390137,-2.1488953,-0.12084961
79540,1.1428833,-2.3210144,-0.30929565
79541,1.2362671,-1.9480896,-0.33599853
79542,1.3145447,-2.0393372,-0.42831421
79543,1.2831116,-2.0826721,-0.496521
79544,1.2347412,-1.915741,-0.5065918
79545,1.2481689,-1.6815186,-0.72738647
79546,1.2823486,-1.197052,-0.62545776
79547,1.2565613,-0.90560913,-0.66070557
79548,1.2609863,-0.72631836,-0.77224731
79549,1.3002014,-1.1938477,-0.78323364
79550,1.3647461,-1.3693237,-0.84579468
79551,1.317749,-1.2385559,-0.89797974
79552,1.2892151,-1.2634277,-0.83602905
79553,1.2756348,-1.2054443,-1.006012
79554,1.252594,-1.2739563,-0.97564697
79555,1.325531,-1.1210632,-1.0331726
79556,1.293335,-1.0742188,-1.0987854
79557,1.3290405,-1.0021973,-1.1489868
79558,1.2957764,-0.9147644,-1.1172485
79559,1.2628174,-0.84747315,-1.1578369
79560,1.1779785,-0.59967041,-1.2173462
79561,1.1053467,0.097351074,-1.1180115
79562,1.0775757,0.12969971,-1.0847473
79563,1.0371399,-0.58227539,-1.3090515
79564,0.99365234,-0.58746338,-1.2573242
79565,0.97991943,-0.50979614,-1.2701416
79566,0.92407227,-0.67962647,-1.2280273
79567,0.93032837,-0.43060303,-1.3537598
79568,0.98632813,-0.34729004,-1.3363647
79569,0.96298218,-0.23254395,-1.3630676
79570,0.89141846,-0.14022827,-1.2484741
79571,0.85281372,-0.090179443,-1.3275146
79572,0.69641113,-0.48736572,-1.2973022
79573,0.69458008,-0.23483276,-1.4227295
79574,0.54885864,-0.35095215,-1.6726685
79575,0.63552856,-0.11154175,-1.4292908
79576,0.70480347,0.064544678,-1.3867188
79577,0.68969727,0.10147095,-1.471405
79578,0.56945801,0.16113281,-1.2666321
79579,0.45822144,0.2784729,-1.399231
79580,0.49133301,0.62805176,-1.3671875
79581,0.42953491,1.907959,-1.355896
79582,0.41549683,1.8588257,-1.3294983
79583,0.30090332,0.53359985,-1.4385986
79584,0.27908325,0.79284668,-1.3566589
79585,0.21697998,2.0245361,-1.4160156
79586,0.15274048,0.70373535,-1.4286804
79587,0.10162354,0.62393188,-1.4916992
79588,0.073242188,0.64407349,-1.4457703
79589,-0.030517578,0.69030762,-1.3989258
79590,-0.051269531,0.53115845,-1.2001038
79591,-0.089263916,0.70297241,-1.4019775
79592,-0.31570435,0.7585144,-1.302948
79593,-0.37078857,1.1021423,-1.3607788
79594,-0.23788452,0.95657349,-1.1741638
79595,-0.33477783,0.95336914,-1.1833191
79596,-0.57128906,1.0949707,-1.3122559
79597,-0.43365478,0.98114014,-1.2077332
79598,-0.49316406,0.84854126,-1.1463928
79599,-0.60943603,1.0256958,-1.0661316
79600,-0.57312012,1.0127258,-1.0906982
79601,-0.62789917,1.2997437,-0.92575073
79602,-0.67932129,1.2472534,-1.0424805
79603,-0.88134766,1.1526489,-0.84762573
79604,-0.87234497,1.133728,-0.76278687
79605,-0.97671509,1.121521,-0.64147949
79606,-0.99349976,1.1691284,-0.75454712
79607,-0.98052978,1.0707092,-0.48461914
79608,-1.0461426,1.1914063,-0.72921753
79609,-1.1973572,1.232605,-0.57846069
79610,-1.2480164,1.1367798,-0.62408447
79611,-1.2426758,1.1361694,-0.6413269
79612,-1.4784241,1.1608887,-0.43670654
79613,-1.3386536,1.1862183,-0.61935425
79614,-1.4822388,1.2799072,-0.49804688
79615,-1.4231873,2.3931885,-0.39031982
79616,-1.4842224,1.5194702,-0.44281006
79617,-1.5617371,0.88378906,-0.47317505
79618,-1.6633606,0.99121094,-0.30197144
79619,-1.5402222,1.1114502,-0.15380859
79620,-1.5122986,1.1129761,-0.087890625
79621,-1.5690613,1.1048889,-0.15457153
79622,-1.6242981,1.2834167,0.07019043
79623,-1.7539978,1.1407471,-0.049743652
79624,-1.839447,1.164093,0.18112183
79625,-1.8395996,1.0191345,0.1109314
79626,-1.8179321,1.1558533,0.10986328
79627,-1.8704224,0.96847534,0.075378418
79628,-1.9346619,0.95520019,0.46890259
79629,-1.9593811,1.0218811,0.25939941
79630,-1.9639587,0.88302612,0.58288574
79631,-2.041626,0.89019775,0.48110962
79632,-1.9500732,0.92773438,0.59646606
79633,-2.016449,0.58807373,0.58654785
79634,-2.2116089,0.62850952,0.68054199
79635,-2.1853638,0.84579468,0.70678711
79636,-2.0916748,0.56137085,0.63293457
79637,-2.0355225,0.70114136,0.81893921
79638,-2.0864868,0.41412353,0.86471558
79639,-2.2569275,0.19607544,0.95031738
79640,-2.1485901,0.28442383,0.7975769
79641,-2.1884155,0.23666382,0.92346191
79642,-2.2311401,0.29113769,1.2509155
79643,-2.1414185,0.092468262,1.0266113
79644,-2.0959473,0.28442383,1.0649109
79645,-2.0619202,0.11367798,1.1853027
79646,-2.157135,0.31677246,1.1601257
79647,-2.2203064,0.02532959,1.4147949
79648,-2.0932007,0.11444092,1.2454224
79649,-2.2897339,0.07598877,1.3275146
79650,-2.1264648,-0.061035156,1.416626
79651,-2.0979309,-0.16479492,1.4923096
79652,-2.1795654,-0.30776978,1.6322327
79653,-2.2348022,-0.46646118,1.343689
79654,-2.0213318,-0.078277588,1.5274048
79655,-2.220459,-0.80688477,1.5786743
79656,-2.0454407,-0.76629639,1.5298462
79657,-2.084198,-0.94406128,1.6879272
79658,-2.053833,-0.79086304,1.5046692
79659,-1.9972229,-0.67962647,1.7024231
79660,-1.9917297,-1.0662842,1.7910767
79661,-2.0516968,-0.84060669,2.0219421
79662,-1.9406128,-1.2651062,1.9052124
79663,-2.0367432,-1.0595703,1.8257141
79664,-1.7825317,-0.95489502,1.9062805
79665,-1.9009399,-0.67932129,2.0834351
79666,-1.9067383,-1.292572,1.9142151
79667,-1.7401123,-1.1662292,1.9374084
79668,-1.8603516,-1.4129639,1.8392944
79669,-1.6880798,-1.3885498,1.8795776
79670,-1.7431641,-1.653595,1.8066406
79671,-1.7741394,-1.4256287,1.9674683
79672,-1.5948486,-1.39328,1.8733215
79673,-1.6003418,-1.3478088,1.8408203
79674,-1.4849854,-1.6148376,1.9699097
79675,-1.4318848,-2.0307922,1.832428
79676,-1.3774109,-2.0597839,1.7758179
79677,-1.3829041,-1.9770813,2.0007324
79678,-1.3189697,-2.0014954,1.9746399
79679,-1.2626648,-2.0561218,2.0097351
79680,-1.3078308,-2.0639038,1.8862915
79681,-1.1721802,-1.938324,1.9084167
79682,-1.295166,-1.7428589,1.9018555
79683,-1.1096191,-1.6934204,1.9268799
79684,-1.1203003,-1.7289734,1.9364929
79685,-0.96878052,-1.7169189,1.8652344
79686,-0.95031738,-1.8804932,1.8321228
79687,-0.95443726,-1.9166565,1.7602539
79688,-0.75469971,-2.0141602,1.8629456
79689,-0.70510864,-1.9143677,1.9064331
79690,-0.63293457,-1.9770813,2.0036316
79691,-0.64086914,-2.096405,1.7416382
79692,-0.55084228,-2.096405,1.729126
79693,-0.5871582,-2.2186279,1.3717651
79694,-0.50872803,-2.2305298,1.7102051
79695,-0.41519165,-2.227478,1.7274475
79696,-0.40740967,-2.1131897,1.6461182
79697,-0.38101196,-2.0793152,1.565094
79698,-0.34423828,-2.2369385,1.676178
79699,-0.26412964,-2.2743225,1.4828491
79700,-0.17791748,-2.240448,1.499176
79701,-0.19561768,-2.3364258,1.6503906
79702,0.026702881,-2.2994995,1.348114
79703,-0.032806396,-2.2291565,1.3839722
79704,-0.050964355,-2.2325134,1.4509583
79705,0.065917969,-2.1862793,1.4651489
79706,0.13305664,-2.1893311,1.4282227
79707,0.2116394,-2.2424316,1.3372803
79708,0.28503418,-2.3005676,1.2115479
79709,0.20904541,-2.3080444,1.1126709
79710,0.3477478,-2.5622559,1.116333
79711,0.40740967,-2.6368713,1.0336304
79712,0.43823242,-2.5700378,0.94741821
79713,0.46432495,-2.6127625,0.8303833
79714,0.49133301,-2.4931335,0.79910278
79715,0.47775269,-2.7438354,0.77651978
79716,0.58792114,-2.9693604,0.78186035
79717,0.59936523,-2.6690674,0.79833984
79718,0.70037842,-2.4108887,0.59020996
79719,0.65551758,-2.2616577,0.68161011
79720,0.72158813,-2.2737122,0.40740967
79721,0.78689575,-2.3031616,0.57357788
79722,0.78933716,-2.2976685,0.63720703
79723,0.93505859,-2.2717285,0.52551269
79724,0.96984863,-2.2280884,0.55511475
79725,0.859375,-2.0339966,0.42984009
79726,0.88760376,-2.0355225,0.38787842
79727,1.0536194,-2.0880127,0.34332275
79728,0.99594116,-2.0791626,0.2722168
79729,0.88912964,-2.1331787,0.24490356
79730,0.89752197,-2.0397949,-0.098876953
79731,1.0345459,-2.1481323,0.078735352
79732,1.0189819,-1.985321,0.004882813
79733,1.2023926,-1.8270874,-0.0730896
79734,1.1827087,-1.7478943,-0.069885254
79735,1.0784912,-1.6824341,-0.079650879
79736,1.0598755,-1.7692566,-0.18188477
79737,1.1566162,-1.829834,-0.25924683
79738,1.2088013,-1.4906311,-0.31036377
79739,1.2243652,-1.5939331,-0.38635254
79740,1.2902832,-1.7749023,-0.46508789
79741,1.2693787,-1.47995,-0.37658691
79742,1.2245178,-1.5675354,-0.3503418
79743,1.192627,-1.5209961,-0.42861939
79744,1.2313843,-1.5101624,-0.60165405
79745,1.2110901,-1.656189,-0.55404663
79746,1.3256836,-1.4619446,-0.61340332
79747,1.2702942,-1.3439941,-0.54260254
79748,1.1721802,0.2607727,-0.60348511
79749,1.1955261,-1.0362244,-0.88165283
79750,1.2028503,-0.81161499,-0.71365356
79751,1.1819458,-0.83831787,-0.756073
79752,1.1810303,-0.85525513,-0.78109741
79753,1.158905,-0.89630127,-0.76324463
79754,1.1358643,-0.8442688,-0.76004028
79755,1.1552429,-0.82702637,-0.84640503
79756,1.1027527,-0.77392578,-0.91430664
79757,1.0388184,-0.81298828,-1.0652161
79758,0.94421387,-0.70907593,-1.0490417
79759,0.92071533,-0.71243286,-1.2791443
79760,0.962677,-0.64376831,-1.2239075
79761,1.0275269,-0.52734375,-1.1024475
79762,1.0281372,-0.45120239,-1.194458
79763,0.90209961,-0.42236328,-1.0827637
79764,1.0270691,-0.28762817,-1.0890198
79765,0.79895019,-0.23712158,-1.0121155
79766,0.72479248,-0.28579712,-1.0852051
79767,0.80749512,-0.18386841,-1.2063599
79768,0.69503784,-0.045928955,-1.1843872
79769,0.67153931,-0.035705566,-1.3269043
79770,0.68389893,-0.27053833,-1.0548401
79771,0.44906616,0.01159668,-1.6026306
79772,0.46188355,-0.084838867,-1.4830017
79773,0.52856445,-0.067596436,-1.340332
79774,0.54336548,0.19165039,-1.2835693
79775,0.48477173,0.062713623,-1.2104797
79776,0.34545898,0.24291992,-1.0845947
79777,0.43640137,0.30059814,-1.2145996
79778,0.37231445,0.32287598,-1.1447144
79779,0.2130127,0.30609131,-1.1306763
79780,0.17242432,0.32150269,-1.2640381
79781,0.15487671,0.49087524,-1.2097168
79782,0.008544922,0.55099487,-1.1550903
79783,0.063934326,0.67626953,-1.1505127
79784,-0.00793457,0.55618286,-1.1486816
79785,0.004119873,0.72860718,-1.2808228
79786,-0.086212158,0.54977417,-1.2133789
79787,-0.22918701,0.61660767,-1.1201477
79788,-0.18310547,0.60394287,-1.2063599
79789,-0.10162354,0.80505371,-1.1206055
79790,-0.40557861,0.95123291,-1.0588074
79791,-0.32928467,0.75180054,-1.206665
79792,-0.37475586,1.0180664,-1.1602783
79793,-0.55603027,1.1853027,-0.88134766
79794,-0.59188843,0.96725464,-0.98587036
79795,-0.5809021,1.0354614,-0.8140564
79796,-0.64758301,1.0047913,-1.0032654
79797,-0.82992554,0.93048096,-0.88470459
79798,-0.80429077,1.0354614,-1.0554504
79799,-0.66162109,1.1604309,-0.97793579
79800,-0.78964233,1.1225891,-0.85021973
79801,-0.89874268,1.3911438,-0.8013916
79802,-0.85464478,1.234436,-0.81222534
79803,-1.0064697,1.0453796,-0.73303223
79804,-1.0871887,1.0922241,-0.82717896
79805,-1.0336304,1.1643982,-0.6716919
79806,-1.2768555,1.0871887,-0.46569824
79807,-1.1064148,1.3006592,-0.32104492
79808,-1.1883545,1.1650085,-0.44876099
79809,-1.2683105,1.1531067,-0.28076172
79810,-1.3601685,1.0810852,-0.20324707
79811,-1.2986755,1.1030579,-0.21667481
79812,-1.2980652,0.93765259,-0.10284424
79813,-1.4160156,1.089325,-0.36453247
79814,-1.3645935,2.2444153,-0.17791748
79815,-1.4347839,1.1843872,-0.15197754
79816,-1.5139771,1.1193848,-0.012817383
79817,-1.5835571,1.1386108,-0.032958984
79818,-1.6300964,1.0536194,0.14404297
79819,-1.697998,1.0134888,0.20278931
79820,-1.7298889,1.0951233,0.1663208
79821,-1.7878723,1.0455322,0.26779175
79822,-1.7503357,1.118927,0.22903442
79823,-1.7591858,1.0980225,0.33493042
79824,-1.7678833,1.1070251,0.24993897
79825,-1.879425,1.0690308,0.14938355
79826,-1.9143677,1.0308838,0.37261963
79827,-1.8049622,0.93292236,0.43289185
79828,-1.9569397,0.97167969,0.42480469
79829,-2.039032,0.96908569,0.64498901
79830,-1.9555664,0.94909668,0.52734375
79831,-2.0404053,0.88409424,0.70022583
79832,-1.9352722,0.74295044,0.70465088
79833,-2.1122742,0.93566894,0.65353394
79834,-2.1252441,0.67001343,0.81634522
79835,-2.0500183,0.90835571,0.8114624
79836,-1.9497681,0.75149536,0.9866333
79837,-2.069397,0.546875,1.1550903
79838,-1.9413757,0.63034058,1.0826111
79839,-1.9589233,0.66574097,1.1042786
79840,-1.9444275,0.52276611,0.68359375
79841,-1.9825745,0.27282715,0.90179443
79842,-2.0223999,0.54748535,1.1758423
79843,-2.1130371,0.15960693,1.3937378
79844,-2.0092773,0.059967041,1.2527466
79845,-2.0166016,-0.015258789,1.2042236
79846,-2.0230103,-0.19866943,0.96481323
79847,-2.0617676,0.19622803,1.2347412
79848,-1.9471741,-0.54870606,1.3290405
79849,-2.0114136,-0.08392334,1.3983154
79850,-2.0219421,-0.17272949,1.4579773
79851,-2.0401001,-0.10620117,1.519165
79852,-2.1580505,-0.28762817,1.2664795
79853,-1.8449402,-0.33355713,1.5156555
79854,-1.7662048,-0.46691894,1.2890625
79855,-1.8736267,-0.5960083,1.6308594
79856,-1.9421387,-0.59249878,1.625061
79857,-1.9082642,-0.79940796,1.8057251
79858,-1.7810059,-0.64849853,1.7555237
79859,-1.8743896,-0.81619263,1.7700195
79860,-1.7959595,-0.96969604,1.8182373
79861,-1.620636,-0.94955444,1.6474915
79862,-1.7849731,-0.97106934,1.7985535
79863,-1.7372131,-0.86074829,1.7349243
79864,-1.5913391,-0.85723877,1.3912964
79865,-1.5266418,-0.91552734,1.6470337
79866,-1.708374,-1.0824585,1.8096924
79867,-1.5426636,-1.0905457,1.84021
79868,-1.3879395,-1.4505005,2.0605469
79869,-1.590271,-1.2812805,1.8981934
79870,-1.5428162,-1.3639832,1.7150879
79871,-1.4102173,-1.3140869,1.856842
79872,-1.3751221,-1.0272217,2.0011902
79873,-1.3986206,-1.4907837,1.9161987
79874,-1.2254334,-1.4398193,1.8377686
79875,-1.2431335,-1.7355347,1.6943359
79876,-1.2356567,-2.0120239,1.7442322
79877,-1.3253784,-2.2355652,1.5464783
79878,-0.99472046,-1.6960144,1.7773438
79879,-0.99014282,-1.9203186,1.6387939
79880,-0.84365845,-1.8696594,1.8717957
79881,-0.91812134,-1.8707275,1.9128418
79882,-0.92529297,-1.8817139,1.7092896
79883,-0.77133179,-1.8746948,1.7138672
79884,-0.7069397,-1.8461609,1.6915894
79885,-0.59936523,-1.8821716,1.8003845
79886,-0.50231934,-1.8600464,1.7422485
79887,-0.52841187,-1.90979,1.5838623
79888,-0.46539307,-2.0025635,1.5853882
79889,-0.38070679,-1.9456482,1.6902161
79890,-0.38818359,-2.1374512,1.6629028
79891,-0.30380249,-2.1513367,1.583252
79892,-0.27755737,-2.1353149,1.6938782
79893,-0.14450073,-2.1635437,1.638031
79894,-0.12207031,-2.1244812,1.595459
79895,-0.14953613,-2.0709229,1.5820313
79896,-0.015563965,-2.0404053,1.4828491
79897,0.099334717,-2.076416,1.4302063
79898,-0.010070801,-2.1295166,1.4117432
79899,-0.048065186,-2.3028564,1.3468933
79900,-0.027313232,-2.4409485,1.3282776
79901,0.066223145,-2.4356079,1.105957
79902,0.037994385,-2.4049377,1.2008667
79903,0.10574341,-2.4293518,1.1291504
79904,0.34103394,-2.2294617,1.0289001
79905,0.38787842,-2.256012,0.99975586
79906,0.4800415,-2.1907043,1.0876465
79907,0.36987305,-2.0814514,1.1129761
79908,0.52566528,-2.1755981,0.92102051
79909,0.58288574,-2.2225952,0.99945068
79910,0.62011719,-2.2122192,0.91201782
79911,0.68771362,-2.2036743,0.80352783
79912,0.55038452,-2.1128845,0.72341919
79913,0.55206299,-2.1807861,0.67657471
79914,0.74737549,-2.1643066,0.54077148
79915,0.8052063,-2.1516418,0.52734375
79916,0.78643799,-2.4142456,0.60546875
79917,0.79940796,-2.3628235,0.39672852
79918,0.81817627,-2.2433472,0.52993774
79919,0.95169067,-2.3779297,0.3288269
79920,0.87463379,-2.1179199,0.29296875
79921,0.86730957,-1.9992065,0.19897461
79922,0.92773438,-2.1609497,0.22567749
79923,1.0565186,-1.9769287,0.17868042
79924,0.92163086,-2.0861816,0.046844482
79925,1.1575317,-1.9871521,0.17044067
79926,1.058197,-1.930542,0.11383057
79927,1.0586548,-1.7288208,0.019226074
79928,1.0983276,-1.7204285,-0.05355835
79929,1.1384583,-1.8139648,-0.095672607
79930,1.1210632,-1.8634033,0.067901611
79931,1.1206055,-1.8539429,-0.095367432
79932,1.3221741,-1.8257141,-0.37216186
79933,1.1210632,-1.7828369,-0.39672852
79934,1.0432434,-1.680603,-0.33966064
79935,1.2005615,-1.6041565,-0.40496826
79936,1.2228394,-1.5574646,-0.42831421
79937,1.1032104,-1.6001892,-0.50689697
79938,1.1048889,-1.7710876,-0.39657593
79939,1.1198425,-1.5348816,-0.54931641
79940,1.1323547,-1.4816284,-0.51116943
79941,1.230011,-1.2254334,-0.6010437
79942,1.1889648,-1.0870361,-0.81314087
79943,1.1598206,-1.1123657,-0.7232666
79944,1.1143494,-1.1512756,-0.85372925
79945,1.0566711,-1.2207031,-0.77697754
79946,1.1088562,-0.8052063,-0.87844849
79947,1.1782837,-0.8505249,-0.79177856
79948,1.2283325,-0.7888794,-0.92208862
79949,1.0562134,-0.75836182,-0.87097168
79950,1.0876465,-0.68969727,-0.94787598
79951,1.1024475,-0.66268921,-1.1250305
79952,0.89309692,-0.69458008,-0.99441528
79953,0.97076416,-0.72677612,-1.1860657
79954,0.84106445,-0.44586182,-1.1495972
79955,0.91629028,-0.53283691,-1.0166931
79956,0.89126587,-0.6237793,-1.1471558
79957,0.82351685,-0.54031372,-1.4752197
79958,0.78704834,-0.37506103,-1.4027405
79959,0.89569092,-0.18676758,-1.1987305
79960,0.81329346,-0.1739502,-1.1460876
79961,0.63323975,-0.026855469,-1.3415527
79962,0.7144165,-0.023956299,-1.2113953
79963,0.63598633,-0.23498535,-1.4395142
79964,0.57952881,-0.15151978,-1.4590454
79965,0.52001953,-0.28991699,-1.5629578
79966,0.50415039,0.002288818,-1.29776
79967,0.55847168,0.31646728,-1.2617493
79968,0.49835205,0.35736084,-1.2902832
79969,0.54382324,0.38345337,-1.3180542
79970,0.47164917,0.2935791,-1.2667847
79971,0.36026001,0.32104492,-1.2376404
79972,0.18615723,0.57373047,-1.2690735
79973,0.15563965,0.44631958,-1.3012695
79974,0.09765625,0.51086426,-1.2388611
79975,-0.12786865,0.53619385,-1.3723755
79976,-0.054473877,0.47424316,-1.2609863
79977,-0.072021484,0.53283691,-1.3186646
79978,0.0050354,0.67886353,-1.1764526
79979,-0.047302246,0.66604614,-1.1811829
79980,-0.16799927,0.81115723,-1.2605286
79981,-0.18218994,0.87051392,-1.1999512
79982,-0.15075684,0.86212158,-1.000061
79983,-0.30517578,0.88500977,-0.97869873
79984,-0.4838562,0.86715698,-0.95062256
79985,-0.36071777,0.9451294,-1.0400391
79986,-0.49682617,0.93948364,-0.97366333
79987,-0.51727295,1.0241699,-1.0528564
79988,-0.54153442,1.0835266,-1.0188293
79989,-0.62225342,1.0379028,-1.0076904
79990,-0.70846558,1.0850525,-1.0324097
79991,-0.66299438,1.2294006,-0.91339111
79992,-0.88607788,1.2261963,-0.89050293
79993,-0.77514648,1.2915039,-0.78018188
79994,-0.88546753,1.2811279,-0.90423584
79995,-0.85266113,1.1517334,-0.68450928
79996,-1.0612488,0.88928223,-0.89279175
79997,-1.1709595,1.0583496,-0.55297852
79998,-0.94970703,1.2391663,-0.50613403
79999,-1.1256409,1.2808228,-0.56884766
80000,-1.2043762,1.2580872,-0.32440186
80001,-1.4157104,1.1164856,-0.36895752
80002,-1.2687683,1.0920715,-0.32287598
80003,-1.4080811,1.1637878,-0.47073364
80004,-1.3278198,1.1807251,-0.26397705
80005,-1.5156555,0.98373413,-0.2494812
80006,-1.4079285,1.0968018,-0.27954102
80007,-1.4915466,1.0546875,-0.22705078
80008,-2.0074463,0.87799072,-0.43380737
80009,-1.6334534,0.97137451,-0.12451172
80010,-1.5817261,1.0136414,-0.09262085
80011,-1.7521667,0.94177246,0.05279541
80012,-1.6836548,0.98815918,0.061950684
80013,-1.5895081,1.1206055,0.11444092
80014,-1.6485596,1.0150146,0.1826477
80015,-1.7521667,1.1564636,0.28823853
80016,-1.8147278,0.88562012,0.20828247
80017,-1.7686462,0.84609985,0.31646728
80018,-1.9096375,1.0194397,0.20370483
80019,-1.791687,0.80627441,0.36193848
80020,-1.8847656,0.86761475,0.42861939
80021,-1.8386841,0.97259522,0.2381897
80022,-1.9952393,0.9135437,0.47241211
80023,-2.0480347,0.46020508,0.20751953
80024,-1.990509,0.88012695,0.53192139
80025,-1.9877625,0.92971802,0.65872192
80026,-2.0613098,0.62301636,0.76477051
80027,-1.986084,0.52764893,0.66741943
80028,-2.0500183,0.61340332,0.67138672
80029,-1.9784546,0.61813354,0.79833984
80030,-2.0262146,0.84197998,0.96008301
80031,-2.1034241,0.48400879,0.99746704
80032,-2.0481873,0.71792603,0.9753418
80033,-2.0913696,0.24765015,1.2518311
80034,-2.06604,0.49072266,1.0980225
80035,-2.0127869,0.090332031,1.0830688
80036,-2.0697021,-0.20614624,1.1720276
80037,-1.9787598,0.030059814,1.0292053
80038,-2.1315002,0.092773438,1.3104248
80039,-2.043457,-0.072021484,1.50177
80040,-1.9873047,0.10894775,1.3252258
80041,-2.1282959,0.20996094,1.3977051
80042,-1.990509,0.079345703,1.3519287
80043,-1.8644714,-0.11489868,1.2733459
80044,-1.9564819,-0.33248901,1.5382385
80045,-1.9224548,-0.4447937,1.3363647
80046,-2.0043945,-0.8126831,1.6007996
80047,-2.0532227,-0.68695068,1.6061401
80048,-1.9714355,-0.25238037,1.6348267
80049,-1.9760132,-0.62011719,1.5846252
80050,-2.0106506,-0.7409668,1.547699
80051,-1.8809509,-0.73776245,1.6677856
80052,-1.9026184,-0.88546753,1.7750549
80053,-1.8489075,-0.92285156,1.6679382
80054,-1.7590332,-0.87234497,1.8676758
80055,-1.7025757,-0.728302,1.7282104
80056,-1.5585327,-0.70968628,1.9152832
80057,-1.5914917,-0.84777832,1.9885254
80058,-1.676178,-0.86273193,1.9398499
80059,-1.703949,-0.97747803,1.9726563
80060,-1.6213989,-1.2651062,1.93573
80061,-1.5722656,-1.5745544,1.9747925
80062,-1.4788818,-1.1901855,1.8603516
80063,-1.5283203,-1.2966919,2.0617676
80064,-1.4675903,-1.2739563,2.0602417
80065,-1.5187073,-1.3381958,1.9215393
80066,-1.3265991,-1.4292908,2.0053101
80067,-1.4155579,-1.7721558,1.7704773
80068,-1.1199951,-1.8907166,1.7901611
80069,-1.1853027,-1.9793701,1.633606
80070,-1.0340881,-1.9438171,1.6114807
80071,-1.2716675,-1.9226074,1.8946838
80072,-0.97320557,-1.8457031,1.8464661
80073,-0.95214844,-1.7779541,1.6688538
80074,-0.84716797,-1.8292236,1.8884277
80075,-0.91583252,-1.7208862,1.8353271
80076,-0.88592529,-1.6986084,1.9061279
80077,-0.9387207,-1.9232178,1.9058228
80078,-0.88653565,-2.1252441,1.8515015
80079,-0.78979492,-2.0469666,1.8908691
80080,-0.70739746,-1.9995117,1.8377686
80081,-0.62652588,-2.093811,1.8867493
80082,-0.58013916,-2.1347046,1.9369507
80083,-0.5279541,-2.0594788,1.7919922
80084,-0.42114258,-2.1847534,1.7803955
80085,-0.36071777,-2.2157288,1.7611694
80086,-0.31784058,-2.1809387,1.6928101
80087,-0.3288269,-2.1734619,1.4981079
80088,-0.12863159,-2.1310425,1.5097046
80089,-0.13336182,-2.1582031,1.4746094
80090,-0.13763428,-2.146759,1.4698791
80091,-0.09552002,-2.2599792,1.5499878
80092,-0.03326416,-2.3873901,1.4308166
80093,-0.008239746,-2.3539734,1.4472961
80094,0.07598877,-2.3625183,1.3609314
80095,0.087890625,-2.2817993,1.3256836
80096,0.15945435,-2.2955322,1.2826538
80097,0.27893066,-2.2549438,1.1897278
80098,0.39337158,-2.2123718,1.2887573
80099,0.36926269,-2.4121094,1.2353516
80100,0.42221069,-2.4453735,1.1358643
80101,0.4423523,-2.3609924,1.1802673
80102,0.4649353,-2.4551392,1.0021973
80103,0.53710938,-2.2808838,0.99777222
80104,0.48614502,-2.4182129,0.91979981
80105,0.57769775,-2.2505188,0.90484619
80106,0.74813843,-2.2937012,0.62988281
80107,0.81924438,-2.2550964,0.62927246
80108,0.76751709,-2.2575378,0.54031372
80109,0.74966431,-2.2119141,0.59539795
80110,0.83709717,-2.1655273,0.64819336
80111,0.85296631,-2.1342468,0.63232422
80112,0.78460693,-2.1792603,0.55175781
80113,0.87615967,-2.1728516,0.29052734
80114,0.92651367,-2.1885681,0.34866333
80115,0.99319458,-1.9831848,0.36346436
80116,0.98907471,-2.0054626,0.23681641
80117,0.91567993,-2.0170593,0.28366089
80118,1.0095215,-1.9651794,0.18554688
80119,1.0276794,-1.8640137,0.29510498
80120,0.9513855,-2.0465088,0.22369385
80121,1.0568237,-1.7962646,0.1826477
80122,1.0403442,-1.8693542,-0.000457764
80123,1.1813354,-1.9474792,0.087890625
80124,1.1001587,-1.9248962,-0.15411377
80125,1.15448,-1.8063354,-0.13549805
80126,1.2159729,-1.8426514,-0.23635864
80127,1.2280273,-1.756897,-0.39611816
80128,1.267395,-1.6467285,-0.37185669
80129,1.1791992,-1.4872742,-0.28594971
80130,1.3215637,-1.481781,-0.39581299
80131,1.3247681,-1.6467285,-0.28808594
80132,1.2471008,-1.5324402,-0.3314209
80133,1.2150574,-1.3870239,-0.47637939
80134,1.2788391,-1.4004517,-0.58990478
80135,1.1920166,-1.2612915,-0.64727783
80136,1.1810303,-1.2539673,-0.69946289
80137,1.1756897,-1.2005615,-0.75790405
80138,1.2588501,-1.2461853,-0.8706665
80139,1.1434937,-1.1701965,-0.93200684
80140,1.2472534,-0.86395264,-0.95275879
80141,1.1323547,-1.1233521,-0.90667725
80142,1.0797119,-0.99594116,-0.93307495
80143,1.1830139,-1.3342285,-0.95001221
80144,1.0418701,-1.1698914,-1.0533142
80145,1.1256409,-0.026245117,-0.9614563
80146,1.1404419,-0.97412109,-1.1634827
80147,1.1547852,-0.79376221,-1.0775757
80148,1.063385,-0.75073242,-1.101532
80149,1.0450745,-0.62850952,-1.073761
80150,1.0667419,-0.50354004,-0.92498779
80151,0.94696045,-0.43930054,-1.1010742
80152,1.0006714,-0.2142334,-1.1631775
80153,1.0993958,-0.2305603,-1.0083008
80154,0.98312378,-0.27694702,-1.2623596
80155,0.94726563,-0.3388977,-1.4828491
80156,0.83450317,-0.27282715,-1.5615845
80157,0.912323,-0.058135986,-1.1845398
80158,0.77896118,0.069122314,-1.3937378
80159,0.45959473,-0.048370361,-1.4855957
80160,0.5897522,-0.01159668,-1.4051819
80161,0.49438477,0.33203125,-1.6044617
80162,0.71090698,0.24597168,-1.3563538
80163,0.47958374,0.15594482,-1.4077759
80164,0.41656494,0.45776367,-1.224823
80165,0.39611816,0.52261353,-1.287384
80166,0.27404785,0.55984497,-1.3746643
80167,0.50750732,0.52764893,-1.3539124
80168,0.21987915,0.47302246,-1.3439941
80169,0.37750244,0.6652832,-1.3430786
80170,0.22918701,0.63034058,-1.3233948
80171,0.2053833,0.68939209,-1.3087463
80172,0.064086914,0.63232422,-1.3076782
80173,0.055084229,0.68511963,-1.3145447
80174,-0.01449585,0.79589844,-1.3896179
80175,-0.043792725,0.80688477,-1.3226318
80176,-0.068359375,0.88287353,-1.3409424
80177,-0.17044067,0.93811035,-1.2831116
80178,-0.11108398,0.99304199,-1.3146973
80179,-0.41610718,0.91247559,-1.3372803
80180,-0.45272827,1.1175537,-1.1688232
80181,-0.54000854,1.1083984,-1.1605835
80182,-0.4498291,1.1230469,-1.1766052
80183,-0.43075561,1.2805176,-1.1146545
80184,-0.58410644,1.2768555,-1.0520935
80185,-0.5078125,1.2225342,-1.0592651
80186,-0.67123413,1.1958313,-1.0144043
80187,-0.8102417,1.1531067,-0.85403442
80188,-0.887146,1.2243652,-0.93887329
80189,-0.78903198,1.2417603,-0.89248657
80190,-0.96511841,1.2187195,-0.81130981
80191,-1.0466003,1.1721802,-0.84274292
80192,-1.1419678,1.2251282,-0.76538086
80193,-1.0168457,1.3693237,-0.73104858
80194,-1.0826111,1.3586426,-0.66711426
80195,-1.2387085,1.4282227,-0.63812256
80196,-1.1769104,1.3143921,-0.69015503
80197,-1.3948059,1.4428711,-0.6729126
80198,-1.3136291,1.4451599,-0.41625977
80199,-1.3101196,1.4619446,-0.51681519
80200,-1.348114,1.3581848,-0.3263855
80201,-1.5049744,1.4257813,-0.27053833
80202,-1.6203308,1.3288879,-0.24856567
80203,-1.5187073,1.3063049,-0.053710938
80204,-2.3757935,0.97503662,-0.27374268
80205,-1.7909241,0.95031738,-0.22186279
80206,-1.8003845,0.91827393,-0.006713867
80207,-1.7010498,1.1231995,0.11032105
80208,-1.824646,0.99136353,0.042877197
80209,-1.9589233,0.95474243,0.31326294
80210,-1.8614197,0.80688477,0.19348145
80211,-2.0091248,2.247467,0.40557861
80212,-1.9384766,1.1787415,0.23681641
80213,-2.0846558,1.159668,0.27114868
80214,-2.071228,1.0945129,0.27938843
80215,-1.9491577,1.1099243,0.36376953
80216,-1.9319153,1.1151123,0.37567139
80217,-2.1420288,1.0591125,0.46554565
80218,-2.0439148,0.99349976,0.5480957
80219,-2.0695496,0.93276978,0.65658569
80220,-2.2036743,0.9777832,0.72998047
80221,-2.1577454,0.85906982,0.64865112
80222,-2.1656799,0.76370239,0.62988281
80223,-2.2058105,0.79971313,1.124115
80224,-2.2018433,0.60394287,0.92575073
80225,-2.1141052,0.62042236,1.0041809
80226,-2.0422363,0.66604614,1.0076904
80227,-2.2039795,0.58837891,0.95474243
80228,-2.2625732,0.40084839,0.91308594
80229,-2.2624207,0.31188965,1.174469
80230,-2.3280334,0.42160034,0.99426269
80231,-2.3254395,0.47561645,1.0780334
80232,-2.2729492,0.47607422,1.3131714
80233,-2.3147583,0.26733398,1.355896
80234,-2.3329163,0.076599121,1.4303589
80235,-2.1974182,0.003356934,1.3316345
80236,-2.2276306,0.033874512,1.2617493
80237,-2.2583008,-0.17120361,1.4193726
80238,-2.1154785,-0.0730896,1.6467285
80239,-2.2325134,-0.20782471,1.5283203
80240,-2.2027588,-0.22918701,1.4976501
80241,-2.1040344,-0.21286011,1.4997864
80242,-2.0925903,-0.24398804,1.7146301
80243,-2.1800232,-0.25878906,1.5962219
80244,-2.0062256,-0.39810181,1.7504883
80245,-2.1075439,-0.46218872,1.799469
80246,-2.0516968,-0.41305542,1.7889404
80247,-2.0825195,-0.62957764,1.7532349
80248,-2.1411133,-0.60272217,1.8838501
80249,-1.9802856,-0.79284668,1.8907166
80250,-2.0993042,-0.91522217,1.8164063
80251,-1.9223022,-0.86257935,1.987915
80252,-1.8319702,-0.83267212,1.9338989
80253,-1.856842,-0.8152771,1.8843079
80254,-1.7741394,-0.99502563,1.942749
80255,-1.6896057,-0.90362549,1.9868469
80256,-1.7771912,-1.1378479,2.0982361
80257,-1.6189575,-1.3108826,2.0152283
80258,-1.7462158,-1.3768005,2.0843506
80259,-1.7845154,-1.3105774,2.026825
80260,-1.4141846,-1.4111328,2.0555115
80261,-1.5287781,-1.3775635,2.2059631
80262,-1.5057373,-1.2969971,2.1539307
80263,-1.4096069,-1.3414001,2.0515442
80264,-1.1930847,-1.4031982,2.142334
80265,-1.3494873,-1.5087891,2.146759
80266,-1.2260437,-1.5835571,1.9203186
80267,-1.0903931,-1.5254211,2.1337891
80268,-1.2185669,-1.8847656,2.0135498
80269,-1.089325,-1.8730164,1.5666199
80270,-1.1500549,-2.1121216,1.9424438
80271,-1.113739,-1.9847107,1.8539429
80272,-0.9060669,-1.8717957,1.8536377
80273,-1.0217285,-1.8161011,1.8612671
80274,-0.7585144,-1.9708252,2.1150208
80275,-0.67077637,-2.0883179,1.97052
80276,-0.74035644,-2.0610046,1.789093
80277,-0.61782837,-2.1310425,1.7451477
80278,-0.54901123,-2.2702026,1.7700195
80279,-0.61187744,-2.1801758,1.9493103
80280,-0.46096802,-2.3280334,1.7327881
80281,-0.39428711,-2.2676086,1.6810608
80282,-0.2456665,-2.2303772,1.8359375
80283,-0.27374268,-2.3628235,2.0219421
80284,-0.22705078,-2.2467041,1.7684937
80285,-0.10437012,-2.1722412,1.6268921
80286,-0.10162354,-2.3930359,1.5766907
80287,-0.070800781,-2.2558594,1.4355469
80288,-0.025634766,-2.3857117,1.2464905
80289,-0.051879883,-2.5067139,1.5849304
80290,0.051727295,-2.4925232,1.5632629
80291,0.091400146,-2.4168396,1.4509583
80292,0.14953613,-2.3425293,1.3577271
80293,0.19821167,-2.2355652,1.2965393
80294,0.32043457,-2.276001,1.2019348
80295,0.40649414,-2.2113037,1.2168884
80296,0.48782349,-2.2964478,1.1538696
80297,0.49102783,-2.3597717,1.1309814
80298,0.51849365,-2.4411011,1.0437012
80299,0.47454834,-2.5683594,1.1654663
80300,0.61447144,-2.4234009,1.0585022
80301,0.77407837,-2.4552917,0.96389771
80302,0.8253479,-2.4932861,0.87677002
80303,0.80505371,-2.4700928,0.77133179
80304,0.76293945,-2.2865295,0.70907593
80305,0.7824707,-2.381897,0.67459106
80306,0.82733154,-2.2607422,0.73883057
80307,0.95214844,-2.2990417,0.59814453
80308,0.93688965,-2.4731445,0.59448242
80309,1.0110474,-2.4324036,0.42266846
80310,1.096344,-2.3100281,0.55419922
80311,1.035614,-2.3471069,0.32226563
80312,1.1619568,-2.2659302,0.36651611
80313,1.1575317,-2.3600769,0.27130127
80314,1.1180115,-2.2476196,0.14541626
80315,1.0533142,-2.2125244,0.048370361
80316,1.2792969,-2.0428467,-0.15930176
80317,1.388855,-1.9747925,-0.041656494
80318,1.330719,-2.118988,-0.17120361
80319,1.2364197,-2.0545959,-0.00289917
80320,1.2715149,-2.0497131,-0.18722534
80321,1.5116882,-1.8989563,-0.12695313
80322,1.37146,-1.8540955,-0.093688965
80323,1.2687683,-1.9813538,-0.2406311
80324,1.194458,-1.9412231,-0.20233154
80325,1.2663269,-1.7959595,-0.35583496
80326,1.3703918,-1.723938,-0.56991577
80327,1.3821411,-1.7997742,-0.57907104
80328,1.436615,-1.7132568,-0.70510864
80329,1.4486694,-1.608429,-0.60424805
80330,1.3061523,-1.5127563,-0.58761597
80331,1.2947083,-1.3856506,-0.65719604
80332,1.2913513,-1.4985657,-0.67276001
80333,1.4466858,-1.3316345,-0.83450317
80334,1.4178467,-1.3287354,-0.79803467
80335,1.4115906,-1.1930847,-0.85189819
80336,1.1515808,-1.1616516,-0.80673218
80337,1.2124634,-1.0717773,-1.0038757
80338,1.4300537,-1.3261414,-0.90682983
80339,1.2882996,-1.0046387,-0.90072632
80340,1.3919067,-1.1247253,-1.0856628
80341,1.2385559,-1.0083008,-1.0063171
80342,1.2213135,-0.82229614,-1.2565613
80343,1.3127136,-0.15411377,-1.0888672
80344,1.1697388,-0.58273315,-1.1724854
80345,1.0993958,-0.66925049,-1.1706543
80346,1.1665344,-0.58258057,-1.2280273
80347,1.1532593,-0.61431885,-1.2918091
80348,1.0424805,-0.51132202,-1.2770081
80349,1.0618591,-0.40710449,-1.2799072
80350,1.0702515,-0.25634766,-1.4013672
80351,1.0040283,-0.2935791,-1.3825989
80352,0.92086792,-0.21499634,-1.328125
80353,0.962677,-0.12313843,-1.4782715
80354,0.83129883,-0.13153076,-1.4077759
80355,0.88684082,-0.083618164,-1.5060425
80356,0.86807251,0.031738281,-1.340332
80357,0.6791687,0.077819824,-1.5899658
80358,0.62011719,0.036773682,-1.4533997
80359,0.73348999,0.38208008,-1.5647888
80360,0.51574707,0.20263672,-1.3069153
80361,0.52337647,0.31463623,-1.5576172
80362,0.51696777,0.32653809,-1.4437866
80363,0.48843384,0.39123535,-1.4544678
80364,0.47592163,0.43823242,-1.5049744
80365,0.43884277,0.38269043,-1.4105225
80366,0.46691894,0.43991089,-1.4456177
80367,0.34301758,0.5947876,-1.3745117
80368,0.1071167,0.69656372,-1.4474487
80369,0.075378418,0.67428589,-1.4894104
80370,0.13275147,0.79879761,-1.4273071
80371,0.050964355,0.80718994,-1.4936829
80372,0.036773682,0.87646484,-1.2393188
80373,-0.12817383,0.66162109,-1.2849426
80374,-0.068969727,0.89584351,-1.2666321
80375,-0.01449585,0.76461792,-1.3063049
80376,-0.37536621,0.85632324,-1.3160706
80377,-0.22506714,0.88623047,-1.2820435
80378,-0.27267456,1.1450195,-1.3848877
80379,-0.43411255,1.1276245,-1.1798096
80380,-0.54779053,1.2202454,-1.096344
80381,-0.52688599,1.3560486,-1.3142395
80382,-0.60363769,1.4907837,-1.1264038
80383,-0.6628418,1.4065552,-1.0046387
80384,-0.72509766,1.4143372,-1.1592102
80385,-0.78613281,1.2249756,-0.9928894
80386,-1.0336304,1.2823486,-0.98495483
80387,-1.1421204,1.4056396,-0.82397461
80388,-1.0768127,1.3751221,-0.7409668
80389,-1.1828613,1.4932251,-0.65155029
80390,-1.1642456,1.5666199,-0.81253052
80391,-1.209259,1.4575195,-0.59127808
80392,-1.2918091,1.4161682,-0.61126709
80393,-1.3510132,1.3504028,-0.55496216
80394,-1.3214111,1.3261414,-0.57601929
80395,-1.3250732,1.3113403,-0.40756226
80396,-1.317749,1.3198853,-0.57601929
80397,-1.338501,1.4401245,-0.46340942
80398,-1.4920044,1.2994385,-0.42694092
80399,-1.6152954,1.4448547,-0.33676147
80400,-1.6339111,1.3482666,-0.35797119
80401,-1.8701172,1.5505981,-0.44296265
80402,-1.9750977,1.2258911,-0.32562256
80403,-1.7747498,1.3421631,-0.1184082
80404,-1.8229675,1.2854004,-0.082397461
80405,-1.8566895,1.4118958,0.024108887
80406,-1.8399048,1.335144,-0.004119873
80407,-1.8008423,1.1009216,0.18661499
80408,-1.7871094,1.1352539,0.24414063
80409,-1.9999695,1.34552,0.15411377
80410,-2.0332336,1.1758423,0.30212402
80411,-1.9673157,1.1927795,0.31463623
80412,-2.0506287,1.146698,0.28915405
80413,-2.1725464,1.0403442,0.53741455
80414,-2.0927429,1.2739563,0.60836792
80415,-1.9854736,1.2321472,0.52368164
80416,-1.9940186,1.1700439,0.46127319
80417,-2.0692444,1.0978699,0.64651489
80418,-2.1640015,0.96008301,0.63552856
80419,-2.3016357,1.0668945,0.677948
80420,-2.0822144,0.93795776,0.71990967
80421,-2.0875549,0.92437744,0.94787598
80422,-2.1383667,0.79345703,0.98068237
80423,-2.1946716,0.76629639,1.0011291
80424,-2.2650146,0.73913574,1.0173035
80425,-2.2387695,0.64254761,1.0845947
80426,-2.2381592,0.59844971,1.1022949
80427,-2.2575378,0.45379639,1.0038757
80428,-2.2666931,0.31295776,1.3247681
80429,-2.1896362,0.54138184,1.1857605
80430,-2.1868896,0.40939331,1.1901855
80431,-2.1031189,0.41168213,1.3435364
80432,-2.2595215,0.20935059,1.3858032
80433,-2.2636414,0.21179199,1.4503479
80434,-2.2131348,0.1222229,1.443634
80435,-2.2285461,0.11947632,1.4268494
80436,-2.1646118,-0.22109985,1.4352417
80437,-2.0439148,-0.25665283,1.5498352
80438,-2.1699524,-0.21560669,1.5242004
80439,-1.9924927,-0.30303955,1.5608215
80440,-2.1229553,-0.36529541,1.5843201
80441,-1.9468689,-0.32440186,1.6403198
80442,-1.9487,-0.32226563,1.703186
80443,-1.9613647,-0.34866333,1.8132019
80444,-1.967926,-0.35858154,1.8507385
80445,-1.8418884,-0.44723511,2.0277405
80446,-1.8783569,-0.54122925,1.9726563
80447,-1.9483948,-0.66101074,2.024231
80448,-1.8156433,-0.77346802,2.0420837
80449,-2.0088196,-0.73547363,2.0962524
80450,-1.9000244,-0.86669922,1.892395
80451,-1.7590332,-0.8279419,2.0428467
80452,-1.7004395,-0.89935303,1.8045044
80453,-1.7211914,-0.83770752,1.9198608
80454,-1.7623901,-1.0284424,1.9754028
80455,-1.672821,-1.1743164,1.9940186
80456,-1.5296936,-1.3270569,2.1115112
80457,-1.6244507,-1.486969,2.2415161
80458,-1.5489197,-1.5849304,2.0904541
80459,-1.3557434,-1.6523743,2.1337891
80460,-1.472168,-1.6049194,2.192688
80461,-1.3320923,-1.6177368,1.9979858
80462,-1.3467407,-1.5538025,2.0135498
80463,-1.3494873,-1.6415405,1.9998169
80464,-1.3557434,-1.7614746,2.0527649
80465,-1.194458,-1.7871094,2.0649719
80466,-1.1390686,-1.7880249,1.9801331
80467,-1.0929871,-1.8623352,1.9064331
80468,-1.0668945,-1.7883301,2.0825195
80469,-0.89508057,-1.9502258,2.0806885
80470,-0.97290039,-1.9186401,2.0753479
80471,-0.75500488,-1.9973755,1.9787598
80472,-0.84091187,-1.8415833,2.0504761
80473,-0.69061279,-1.9908142,2.0915222
80474,-0.6350708,-2.2317505,1.9856262
80475,-0.53573608,-2.0372009,1.9165039
80476,-0.4649353,-2.0297241,1.8782043
80477,-0.45394897,-1.9694519,1.8502808
80478,-0.36895752,-2.052002,1.8019104
80479,-0.3036499,-2.1403503,1.7642212
80480,-0.36727905,-2.2848511,1.7718506
80481,-0.28701782,-2.4058533,1.5248108
80482,-0.33981323,-2.3390198,1.6796875
80483,-0.21560669,-2.1925354,1.5808105
80484,-0.16265869,-2.2555542,1.6732788
80485,-0.003051758,-2.4423218,1.5135193
80486,0.023956299,-2.4507141,1.3293457
80487,0.087585449,-2.4415588,1.6113281
80488,0.084686279,-2.432251,1.4393616
80489,0.20828247,-2.4894714,1.5385437
80490,0.25009155,-2.4578857,1.2953186
80491,0.46020508,-2.4130249,1.3847351
80492,0.44677734,-2.4343872,1.350708
80493,0.42053223,-2.3405457,1.2277222
80494,0.5140686,-2.3226929,1.1660767
80495,0.546875,-2.3269653,1.1676025
80496,0.63308716,-2.3387146,1.0722351
80497,0.59524536,-2.3265076,0.95932007
80498,0.6489563,-2.3582458,0.91903687
80499,0.677948,-2.4636841,1.0317993
80500,0.67947388,-2.3126221,0.83312988
80501,0.71640015,-2.3373413,0.8505249
80502,0.74874878,-2.2599792,0.89309692
80503,0.84152222,-2.1832275,0.70846558
80504,0.82473755,-2.2511292,0.69046021
80505,0.89508057,-2.3112488,0.6690979
80506,0.86105347,-2.1998596,0.45791626
80507,0.95672607,-2.301178,0.61080933
80508,0.84716797,-2.1447754,0.47973633
80509,1.1070251,-2.094574,0.30960083
80510,0.95169067,-2.109375,0.19348145
80511,0.99685669,-2.0030212,0.095977783
80512,1.1027527,-2.0599365,0.094604492
80513,1.023407,-2.0629883,0.10879517
80514,1.0420227,-1.9715881,0.071411133
80515,1.0479736,-1.9943237,0.07232666
80516,1.2646484,-1.8435669,-0.020599365
80517,1.1839294,-1.9017029,-0.025939941
80518,1.061554,-1.8844604,-0.14587402
80519,1.2684631,-1.8809509,-0.13031006
80520,1.2023926,-1.8229675,-0.22003174
80521,1.4308166,-1.8392944,-0.2746582
80522,1.2487793,-1.7532349,-0.30929565
80523,1.2397766,-1.8215942,-0.43029785
80524,1.2924194,-1.5965271,-0.46234131
80525,1.2440491,-1.5458679,-0.60943603
80526,1.1654663,-1.5960693,-0.49133301
80527,1.3235474,-1.4187622,-0.46890259
80528,1.451416,-1.4169312,-0.5355835
80529,1.2193298,-1.2632751,-0.68756103
80530,1.2774658,-1.3000488,-0.73425293
80531,1.401062,-1.3298035,-0.83328247
80532,1.2921143,-1.184082,-0.90118408
80533,1.2794495,-1.245575,-0.78216553
80534,1.3027954,-1.16745,-0.82855225
80535,1.1698914,-1.0928345,-0.7963562
80536,1.1791992,-0.96054077,-0.96054077
80537,1.1398315,-1.040802,-0.87677002
80538,1.1308289,-0.71090698,-0.86090088
80539,1.096344,-0.8392334,-0.92468262
80540,1.1581421,-0.79772949,-0.99456787
80541,1.1817932,-0.63827515,-1.0400391
80542,1.184082,-0.62011719,-1.0377502
80543,1.1439514,-0.52520752,-1.2794495
80544,1.0798645,-0.49453735,-1.2878418
80545,1.0334778,-0.48324585,-1.3179016
80546,0.98083496,-0.41427612,-1.3835144
80547,0.95245361,-0.30960083,-1.3691711
80548,0.90072632,-0.25100708,-1.3922119
80549,0.92468262,-0.16815185,-1.461792
80550,0.8644104,-0.081787109,-1.4089966
80551,0.89447022,-0.030517578,-1.355896
80552,0.80673218,-0.088348389,-1.3223267
80553,0.79391479,-0.02532959,-1.2739563
80554,0.46157837,-0.30105591,-1.4920044
80555,0.49255371,0.001983643,-1.4016724
80556,0.34606934,0.25222778,-1.4700317
80557,0.65429688,0.36514282,-1.4183044
80558,0.51971435,0.38787842,-1.461792
80559,0.41992188,0.27786255,-1.3088989
80560,0.52032471,0.26245117,-1.4920044
80561,0.51010132,0.48110962,-1.2936401
80562,0.29754639,0.53787231,-1.4541626
80563,0.23086548,0.6829834,-1.3684082
80564,0.36895752,0.51940918,-1.3276672
80565,0.02532959,0.58105469,-1.2869263
80566,0.22949219,0.58990478,-1.4099121
80567,0.18707275,0.73974609,-1.3786316
80568,0.010223389,0.80688477,-1.4593506
80569,0.031280518,0.77514648,-1.4529419
80570,-0.2507019,0.87402344,-1.4814758
80571,-0.19378662,0.94909668,-1.3723755
80572,-0.11383057,0.97198486,-1.394043
80573,-0.15075684,1.1688232,-1.2435913
80574,-0.47103882,1.0273743,-1.2127686
80575,-0.39535522,1.2490845,-1.1288452
80576,-0.29769897,0.90820313,-1.1579895
80577,-0.650177,0.93826294,-1.0620117
80578,-0.65490723,1.0876465,-0.94116211
80579,-0.62423706,1.1799622,-0.97335815
80580,-0.62713623,1.1734009,-0.82687378
80581,-0.73654175,1.3775635,-0.90713501
80582,-0.84075928,1.2472534,-0.82138062
80583,-0.84472656,1.1968994,-0.91537476
80584,-0.80703735,1.2466431,-0.78292847
80585,-0.82855225,1.2321472,-0.76416016
80586,-0.77758789,1.2161255,-0.82397461
80587,-0.8354187,1.2945557,-0.89477539
80588,-1.0012817,1.4311218,-0.88973999
80589,-1.0256958,1.4259338,-0.7875061
80590,-1.0516357,1.3822937,-0.75790405
80591,-1.1653137,1.3751221,-0.64865112
80592,-1.2667847,1.1817932,-0.64849853
80593,-1.3334656,1.2815857,-0.49942017
80594,-1.3508606,1.3491821,-0.4876709
80595,-1.3644409,1.2890625,-0.23193359
80596,-1.438446,1.2731934,-0.25878906
80597,-1.4700317,1.2228394,-0.49407959
80598,-1.4700317,1.2348938,-0.35873413
80599,-1.5197754,1.2850952,-0.29907227
80600,-1.630249,1.3858032,-0.18081665
80601,-1.652832,1.3580322,0.001068115
80602,-1.6873169,1.2280273,0.065765381
80603,-1.7938232,1.1659241,0.05859375
80604,-1.794281,1.2159729,0.047912598
80605,-1.9837952,1.1134338,-0.024414063
80606,-1.9087219,1.2205505,0.070800781
80607,-1.9213867,1.1604309,0.15014648
80608,-1.8634033,1.2231445,0.22705078
80609,-1.9413757,1.178894,0.21026611
80610,-1.9766235,1.1566162,0.31677246
80611,-1.9734192,0.9967041,0.28518677
80612,-2.0100403,1.085968,0.34164429
80613,-2.0436096,1.0604858,0.58624268
80614,-1.9146729,0.97122192,0.43121338
80615,-2.0239258,0.83129883,0.47042847
80616,-2.0379639,0.90576172,0.5140686
80617,-2.0870972,0.9211731,0.65734863
80618,-2.1286011,0.78277588,0.64285278
80619,-2.1473694,0.75897217,0.74050903
80620,-2.0083618,0.79177856,0.85220337
80621,-2.149353,0.66223144,0.85708618
80622,-2.0140076,0.61767578,0.987854
80623,-2.1827698,0.56335449,1.1239624
80624,-2.253418,0.46920776,0.9866333
80625,-2.2105408,0.62316894,0.87554932
80626,-2.137146,0.38619995,0.98388672
80627,-2.2460938,0.42770386,1.0586548
80628,-2.1653748,0.28030395,1.1485291
80629,-2.1960449,0.26550293,1.4291382
80630,-2.1492004,0.042419434,1.2425232
80631,-2.2175598,0.11367798,1.4163208
80632,-2.2218323,0.24917603,1.4779663
80633,-2.2036743,0.004577637,1.5557861
80634,-2.1911621,-0.033416748,1.4526367
80635,-2.1435547,-0.11184692,1.5325928
80636,-2.09198,-0.40771484,1.472168
80637,-2.0751953,-0.19882202,1.6236877
80638,-2.230835,-0.28396606,1.6064453
80639,-2.2201538,-0.36743164,1.8104553
80640,-2.2097778,-0.418396,1.6577148
80641,-2.2732544,-0.5632019,1.6236877
80642,-2.0071411,-0.62469482,1.7370605
80643,-2.1104431,-0.68099976,1.7604065
80644,-1.9558716,-0.53939819,1.8659973
80645,-2.0217896,-0.70144653,1.8395996
80646,-2.1549988,-0.66711426,1.9372559
80647,-2.0294189,-0.90667725,1.8814087
80648,-1.9041443,-0.97839356,2.1127319
80649,-1.9941711,-1.0446167,1.8952942
80650,-1.9432068,-0.99014282,1.8725586
80651,-1.7514038,-0.74325562,2.0098877
80652,-1.8351746,-0.95870972,2.0089722
80653,-1.7372131,-1.0618591,1.8328857
80654,-1.764679,-1.25,1.9200134
80655,-1.6882324,-1.4431763,1.9979858
80656,-1.5594482,-1.5765381,1.8798828
80657,-1.5106201,-1.5846252,1.8280029
80658,-1.1520386,-1.3619995,1.9245911
80659,-1.257782,-1.3497925,1.9030762
80660,-1.3594055,-1.524353,1.8870544
80661,-1.2779236,-1.6281128,1.7030334
80662,-1.2652588,-1.6604614,1.9238281
80663,-1.1540222,-1.5342712,2.1122742
80664,-1.1643982,-1.5908813,2.0751953
80665,-1.1238098,-1.7724609,1.9485474
80666,-1.0389709,-1.6629028,1.9773865
80667,-0.84152222,-1.7707825,1.9366455
80668,-1.0089111,-1.8742371,2.0294189
80669,-0.82824707,-1.8963623,1.8922424
80670,-0.82885742,-1.8777466,2.0605469
80671,-0.85464478,-2.0327759,1.9784546
80672,-0.76950073,-2.0629883,1.9752502
80673,-0.63354492,-2.069397,1.7732239
80674,-0.66726685,-2.0619202,1.8261719
80675,-0.63735962,-2.0207214,1.9467163
80676,-0.53039551,-2.0736694,1.8571472
80677,-0.51834106,-2.1481323,1.8762207
80678,-0.42144775,-2.1578979,1.676178
80679,-0.1802063,-2.2137451,1.6421509
80680,-0.30548096,-2.1679688,1.6777039
80681,-0.044403076,-2.1676636,1.5815735
80682,-0.23361206,-2.1749878,1.6264343
80683,-0.17745972,-2.2064209,1.5539551
80684,-0.22491455,-2.2042847,1.4324951
80685,-0.078125,-2.2929382,1.3226318
80686,-0.016937256,-2.3843384,1.3513184
80687,-0.014343262,-2.3278809,1.3894653
80688,0.1133728,-2.3182678,1.4149475
80689,0.060119629,-2.4584961,1.3531494
80690,0.13031006,-2.4046326,1.2503052
80691,0.2822876,-2.3648071,1.2341309
80692,0.41137695,-2.366333,1.2214661
80693,0.24337769,-2.3988342,1.1160278
80694,0.45410156,-2.1963501,1.0168457
80695,0.39337158,-2.2087097,0.99731445
80696,0.65078735,-2.2138977,0.93963623
80697,0.54641724,-2.1687317,0.76797485
80698,0.54473877,-2.2468567,0.75897217
80699,0.69946289,-2.2674561,0.84121704
80700,0.71792603,-2.3503113,0.99884033
80701,0.66040039,-2.1629333,0.63552856
80702,0.65917969,-2.2703552,0.63034058
80703,0.70022583,-2.2291565,0.78475952
80704,0.65109253,-2.321167,0.79025269
80705,0.75622559,-2.1665955,0.65307617
80706,0.66986084,-2.1833801,0.27984619
80707,0.94955444,-2.1664429,0.23239136
80708,0.75683594,-2.2731018,0.29159546
80709,0.85449219,-2.1481323,0.25299072
80710,0.8164978,-2.1125793,0.21911621
80711,1.0609436,-1.9259644,0.17105103
80712,1.186676,-1.9152832,0.034484863
80713,1.0261536,-1.8341064,0.06729126
80714,1.2245178,-1.9558716,0.02456665
80715,1.1575317,-2.0291138,-0.0390625
80716,1.051178,-1.9602966,-0.11779785
80717,0.91278076,-1.8608093,-0.1071167
80718,1.063385,-1.6381836,-0.03112793
80719,1.038208,-1.7848206,-0.043640137
80720,0.92712402,-1.7771912,-0.22827148
80721,1.0540771,-1.7268372,-0.32119751
80722,1.0929871,-1.5087891,-0.26168823
80723,1.1251831,-1.5979004,-0.33599853
80724,1.2445068,-1.3769531,-0.46646118
80725,1.3586426,-1.3626099,-0.57434082
80726,1.3302612,-1.2411499,-0.54611206
80727,1.098938,-1.3130188,-0.65887451
80728,1.1949158,-1.3774109,-0.65383911
80729,1.1392212,-1.230011,-0.65887451
80730,1.1865234,-1.3876343,-0.66680908
80731,1.1175537,-1.3244629,-0.84197998
80732,1.0977173,-1.282959,-0.68969727
80733,0.98175049,-1.2730408,-0.76187134
80734,0.9513855,-1.146698,-0.70159912
80735,0.97747803,-1.038208,-0.97290039
80736,0.95321655,-0.99365234,-0.92025757
80737,1.0940552,-0.91369629,-0.98571777
80738,1.0125732,-0.91201782,-0.96160889
80739,1.0705566,-0.81741333,-1.0195923
80740,1.0783386,-0.67108154,-0.98953247
80741,0.9451294,-0.53283691,-0.99258423
80742,0.82168579,-0.49255371,-0.92971802
80743,0.91583252,-0.41000366,-1.1279297
80744,0.88134766,-0.46264648,-1.2962341
80745,0.91613769,-0.31509399,-1.2696838
80746,0.90423584,-0.21392822,-1.355896
80747,0.88226318,-0.14083862,-1.328125
80748,0.85296631,-0.086517334,-1.2927246
80749,0.8505249,-0.16525269,-1.3452148
80750,0.79360962,-0.096282959,-1.3833618
80751,0.61035156,0.047302246,-1.3092041
80752,0.74401856,-0.14129639,-1.3101196
80753,0.4359436,-0.2381897,-1.6491699
80754,0.27664185,-0.075683594,-1.3761902
80755,0.52078247,0.15136719,-1.1682129
80756,0.34179688,0.21209717,-1.2634277
80757,0.37277222,0.15258789,-1.2916565
80758,0.37445068,0.32394409,-1.2747192
80759,0.4069519,0.41976929,-1.2696838
80760,0.32974243,0.32852173,-1.2490845
80761,0.22232056,0.42007446,-1.1264038
80762,0.42892456,0.35339356,-1.3108826
80763,0.12969971,0.56655884,-1.3621521
80764,0.18447876,0.55725098,-1.1767578
80765,-0.026702881,0.56610107,-1.0430908
80766,-0.12756348,0.67108154,-1.1924744
80767,-0.22384644,0.75454712,-1.0925293
80768,-0.39077759,0.83892822,-1.1933899
80769,-0.1298523,0.97793579,-1.1245728
80770,-0.22994995,0.88897705,-1.1981201
80771,-0.1399231,0.91567993,-1.0325623
80772,-0.26092529,1.0331726,-1.1665344
80773,-0.45761108,1.0334778,-1.0850525
80774,-0.35736084,0.87799072,-1.1003113
80775,-0.38619995,0.90591431,-0.98617554
80776,-0.4548645,1.105957,-0.92193603
80777,-0.51483154,1.0316467,-1.065979
80778,-0.66345215,1.2123108,-1.0919189
80779,-0.60668945,1.1808777,-0.9085083
80780,-0.78613281,1.1445618,-0.75302124
80781,-0.75408935,1.1016846,-0.80184937
80782,-0.87265015,1.1320496,-0.71640015
80783,-1.0191345,1.1221313,-0.71838379
80784,-0.94833374,1.2187195,-0.75241089
80785,-1.0742188,1.2484741,-0.65444946
80786,-0.98876953,1.3235474,-0.61813354
80787,-1.0073853,1.3021851,-0.574646
80788,-1.2538147,1.0876465,-0.5178833
80789,-1.1608887,1.2036133,-0.50872803
80790,-1.2554932,1.0649109,-0.40603638
80791,-1.3546753,1.2330627,-0.35736084
80792,-1.4364624,0.96847534,-0.23010254
80793,-1.5054321,0.8265686,-0.11016846
80794,-1.3334656,1.1257935,-0.17776489
80795,-1.4070129,1.0957336,-0.2722168
80796,-1.3822937,1.1611938,-0.1071167
80797,-1.5324402,1.3119507,-0.027618408
80798,-1.4938354,0.89660644,-0.10375977
80799,-1.5142822,1.0168457,0.13580322
80800,-1.7124939,1.1354065,0.17944336
80801,-1.7390442,0.89813232,0.37399292
80802,-1.6592407,0.92437744,0.13809204
80803,-1.7079163,0.87783813,0.37155151
80804,-1.8257141,0.86181641,0.10498047
80805,-1.8916321,0.79177856,0.30029297
80806,-1.9874573,1.8843079,0.32592773
80807,-1.88797,0.92575073,0.3225708
80808,-1.9035339,0.95779419,0.52261353
80809,-1.8492126,0.80200195,0.37445068
80810,-1.8962097,0.91796875,0.34957886
80811,-2.0204163,0.73638916,0.49667358
80812,-1.9824219,0.84732056,0.48522949
80813,-2.0129395,0.75622559,0.57647705
80814,-2.2286987,0.83511353,0.58776856
80815,-2.131958,1.0095215,0.75378418
80816,-2.1864319,0.66619873,0.69763184
80817,-1.9937134,0.73303223,0.74172974
80818,-1.9927979,0.65551758,0.84686279
80819,-1.9119263,0.43380737,0.87982178
80820,-1.9940186,0.57189941,0.99304199
80821,-2.0588684,0.71746826,0.96572876
80822,-2.2203064,0.50430298,0.99655151
80823,-2.0555115,0.23986816,1.2428284
80824,-2.2412109,0.20141602,0.97229004
80825,-2.1522522,0.14190674,1.2127686
80826,-2.0574951,0.17745972,1.2814331
80827,-2.0265198,0.049591064,1.355896
80828,-2.1269226,-0.010070801,1.1199951
80829,-2.0822144,-0.0440979,1.2796021
80830,-2.3556519,-0.30487061,1.2762451
80831,-2.339325,-0.20248413,1.5036011
80832,-2.0477295,-0.30578613,1.5219116
80833,-1.9430542,-0.30960083,1.4344788
80834,-1.8666077,-0.23071289,1.4924622
80835,-2.0939636,-0.19256592,1.4111328
80836,-1.829071,-0.45761108,1.5063477
80837,-1.6731262,-0.521698,1.4846802
80838,-1.7004395,-0.51055908,1.6812134
80839,-1.8765259,-0.65994263,1.7472839
80840,-1.6593933,-0.52993774,1.6862488
80841,-1.817627,-0.29815674,1.5377808
80842,-1.5200806,-0.62210083,1.6412354
80843,-1.7306519,-0.73410034,1.7411804
80844,-1.6021729,-0.65490723,1.857605
80845,-1.3038635,-0.92773438,1.7584229
80846,-1.8966675,-0.91171265,1.8429565
80847,-1.7817688,-1.047821,1.7707825
80848,-1.6850281,-1.031189,1.7904663
80849,-1.5475464,-1.0571289,1.9081116
80850,-1.64505,-1.055603,1.9085693
80851,-1.9450378,-1.1729431,2.0204163
80852,-1.7170715,-1.2783813,2.0744324
80853,-1.6311646,-1.3577271,1.8981934
80854,-1.2669373,-1.6101074,1.6983032
80855,-1.6836548,-1.2927246,1.4512634
80856,-1.3165283,-1.7002869,1.6253662
80857,-1.2216187,-1.6218567,1.8606567
80858,-1.2467957,-1.7222595,1.693573
80859,-1.2229919,-1.7581177,1.7718506
80860,-1.0061646,-1.4453125,1.6616821
80861,-1.0015869,-1.3182068,1.7805481
80862,-1.0162354,-1.5550232,1.799469
80863,-0.94207764,-1.6171265,1.7198181
80864,-0.81893921,-1.7462158,1.8023682
80865,-0.71182251,-1.7608643,1.8028259
80866,-0.81512451,-1.6918945,1.733551
80867,-0.59417725,-1.965332,1.6133118
80868,-0.75317383,-1.9219971,1.8078613
80869,-0.50643921,-1.9622803,1.633606
80870,-0.49499512,-2.3655701,1.7359924
80871,-0.43014526,-2.1348572,1.5209961
80872,-0.50079346,-2.0317078,1.6345215
80873,-0.37063599,-1.8275452,1.7431641
80874,-0.23178101,-1.9177246,1.6889954
80875,-0.20126343,-2.0458984,1.4685059
80876,-0.181427,-2.2451782,1.4131165
80877,-0.11062622,-2.1343994,1.2562561
80878,-0.093078613,-2.1188354,1.2037659
80879,-0.060882568,-2.0161438,1.4659119
80880,-0.000610352,-2.0951843,1.3018799
80881,0.049285889,-2.0495605,1.2841797
80882,0.22369385,-2.0584106,1.149292
80883,0.090026855,-2.0948792,1.2063599
80884,0.059814453,-2.1365356,1.1727905
80885,0.262146,-2.1951294,1.1685181
80886,0.17150879,-2.1000671,1.0682678
80887,0.16067505,-2.1530151,0.91934204
80888,0.46157837,-2.258606,0.87600708
80889,0.52612305,-2.2555542,0.86532593
80890,0.48217773,-2.250824,0.9866333
80891,0.45700073,-2.2338867,0.7522583
80892,0.51864624,-2.1908569,0.94238281
80893,0.51986694,-2.20047,0.75576782
80894,0.51300049,-2.2817993,0.753479
80895,0.50231934,-2.2698975,0.76522827
80896,0.53497315,-2.2489929,0.62561035
80897,0.61477661,-2.1820068,0.45501709
80898,0.78842163,-1.8540955,0.51635742
80899,0.75881958,-1.7588806,0.38665772
80900,0.75302124,-1.9735718,0.30532837
80901,0.8517456,-1.9773865,0.33905029
80902,0.86013794,-2.0703125,0.29449463
80903,0.85632324,-1.8478394,0.31921387
80904,1.0296631,-1.9290161,0.14007568
80905,0.99334717,-1.8943787,0.20004273
80906,1.0333252,-1.8461609,0.008087158
80907,1.0873413,-1.8066406,0.11398315
80908,1.013031,-1.9021606,-0.1121521
80909,1.1035156,-2.1638489,-0.07598877
80910,1.0980225,-2.1450806,-0.14251709
80911,1.2088013,-1.7205811,-0.26855469
80912,0.97305298,-1.6744995,-0.2935791
80913,1.0714722,-1.7053223,-0.33508301
80914,1.0427856,-1.7379761,-0.42327881
80915,1.1222839,-1.6366577,-0.37536621
80916,1.1245728,-1.5519714,-0.36651611
80917,1.1254883,-1.5110779,-0.35232544
80918,1.1361694,-1.5942383,-0.47851563
80919,1.1068726,-1.3232422,-0.59860229
80920,1.151123,-1.3273621,-0.60531616
80921,0.84686279,-1.3467407,-0.48278809
80922,1.022644,-1.1657715,-0.52902222
80923,0.99746704,-1.2948608,-0.52001953
80924,1.0675049,-1.0733032,-0.56976318
80925,1.1434937,-1.1090088,-0.65673828
80926,1.0113525,-1.1491394,-0.68511963
80927,0.9765625,-0.95397949,-0.6602478
80928,0.92758179,-0.99594116,-0.69137573
80929,0.89813232,-0.89630127,-0.7321167
80930,0.91995239,-0.86227417,-0.82244873
80931,0.96252441,-0.78033447,-0.77545166
80932,0.94299316,-0.78720093,-0.85159302
80933,0.93505859,-0.63705444,-0.91293335
80934,0.84060669,-0.56518555,-1.0360718
80935,0.87814331,-0.41412353,-1.0668945
80936,0.91293335,-0.54870606,-1.1618042
80937,0.91308594,-0.63110352,-1.1515808
80938,0.93643188,1.1459351,-1.1051941
80939,0.8126831,-0.31341553,-1.129303
80940,0.75057983,-0.26931763,-1.0769653
80941,0.74783325,-0.27587891,-1.1695862
80942,0.74737549,-0.18737793,-1.1477661
80943,0.7019043,-0.12832642,-1.0798645
80944,0.75378418,-0.038299561,-1.1151123
80945,0.69366455,0.14694214,-1.3020325
80946,0.58258057,-0.28198242,-1.259613
80947,0.27832031,-0.26107788,-1.333313
80948,0.15777588,0.008850098,-1.5499878
80949,0.46600342,0.19897461,-1.4466858
80950,0.41320801,0.25222778,-1.2922668
80951,0.56182861,0.26794434,-1.1759949
80952,0.31402588,0.42434692,-1.31073
80953,0.21133423,0.4447937,-1.268158
80954,0.30334473,0.50537109,-1.2449646
80955,0.2671814,0.49255371,-1.1917114
80956,0.1713562,0.65368652,-1.1706543
80957,-0.021972656,0.78109741,-1.1213684
80958,0.0440979,0.56304932,-1.0345459
80959,-0.12863159,0.46463013,-1.3439941
80960,-0.025482178,0.59906006,-1.3043213
80961,0.010681152,0.54641724,-1.2553406
80962,-0.20858765,0.71166992,-1.0159302
80963,-0.28808594,0.83175659,-1.1819458
80964,-0.17913818,0.79849243,-1.1198425
80965,-0.34637451,1.0009766,-1.1730957
80966,-0.48492432,1.1192322,-0.97885132
80967,-0.4107666,1.0786438,-0.82443237
80968,-0.52459717,1.1021423,-0.76782227
80969,-0.67825317,1.0412598,-0.85006714
80970,-0.66085815,1.2199402,-0.85678101
80971,-0.74554443,1.0775757,-0.90499878
80972,-0.7611084,1.1535645,-0.87173462
80973,-0.63842773,1.0838318,-0.7913208
80974,-0.79559326,1.1361694,-0.75881958
80975,-0.85647583,1.1807251,-0.7421875
80976,-0.87402344,1.2460327,-0.83572388
80977,-1.0455322,1.2420654,-0.8001709
80978,-1.056366,1.1219788,-0.63827515
80979,-1.1547852,1.0861206,-0.5569458
80980,-1.1769104,1.0926819,-0.46295166
80981,-1.2818909,1.1706543,-0.54412842
80982,-1.2203979,1.2573242,-0.51269531
80983,-1.2365723,1.2701416,-0.45684814
80984,-1.3613892,1.3104248,-0.31433106
80985,-1.3549805,1.2268066,-0.29190064
80986,-1.395874,1.1952209,-0.28564453
80987,-1.4189148,1.1323547,-0.31021118
80988,-1.4576721,1.1689758,-0.27481079
80989,-1.6612244,1.0682678,-0.27862549
80990,-2.0471191,0.65750122,-0.38665772
80991,-1.8516541,0.82580566,-0.2355957
80992,-1.5406799,0.73059082,-0.098876953
80993,-1.6178894,0.9753418,0.22766113
80994,-1.6444397,0.9854126,0.13687134
80995,-1.7869568,1.0850525,0.10879517
80996,-1.7698669,1.0426331,0.18478394
80997,-1.7979431,1.1880493,0.36636353
80998,-1.7677307,1.1479187,0.22735596
80999,-1.7948914,1.0180664,0.44937134
81000,-1.8811035,1.1268616,0.60394287
81001,-1.8995666,0.92422485,0.33340454
81002,-1.9714355,0.95474243,0.46890259
81003,-1.9944763,0.85144043,0.59967041
81004,-1.9139099,2.3706055,0.48980713
81005,-1.9764709,0.72021484,0.54626465
81006,-1.9125366,0.72952271,0.62530518
81007,-2.1310425,0.67077637,0.60012817
81008,-1.9425964,0.72875977,0.59844971
81009,-1.9862366,0.59616089,0.72143555
81010,-2.1028137,0.58380127,0.81466675
81011,-1.9621277,0.60379028,0.99884033
81012,-1.8519592,0.62744141,0.8984375
81013,-2.1044922,0.32287598,1.0418701
81014,-1.9924927,0.30273438,1.1703491
81015,-2.1640015,0.5166626,1.257019
81016,-2.0272827,0.41107178,1.3642883
81017,-2.0314026,0.075073242,1.1233521
81018,-2.0257568,0.35858154,1.0987854
81019,-1.8199158,0.24291992,1.2664795
81020,-2.0559692,0.20111084,1.3865662
81021,-2.1615601,0.087585449,1.3647461
81022,-1.9076538,0.019989014,1.3818359
81023,-2.1875,-0.1298523,1.2831116
81024,-1.9767761,-0.006561279,1.4222717
81025,-2.1139526,-0.042572021,1.3294983
81026,-1.9070435,-0.21606445,1.464386
81027,-1.7250061,-0.27511597,1.6120911
81028,-2.0635986,-0.44830322,1.5405273
81029,-2.0195007,-0.40466309,1.5794373
81030,-1.8536377,-0.4258728,1.4645386
81031,-1.9050598,-0.53619385,1.5626526
81032,-1.8557739,-0.6161499,1.5907288
81033,-1.9967651,-0.54092407,1.5260315
81034,-1.938324,-0.57113647,1.8554688
81035,-1.8676758,-0.86349487,1.7773438
81036,-1.7240906,-0.89202881,1.7025757
81037,-1.947937,-0.8795166,1.8789673
81038,-1.835022,-1.1708069,1.6967773
81039,-1.8515015,-1.0977173,1.7095947
81040,-1.8087769,-1.0350037,1.8547058
81041,-1.6900635,-0.95825195,1.9332886
81042,-1.7498779,-1.3853455,1.7552185
81043,-1.7697144,-1.4086914,1.7800903
81044,-1.5098572,-1.4361572,1.8731689
81045,-1.4221191,-1.2409973,1.9451904
81046,-1.5901184,-1.5621948,2.0536804
81047,-1.4854431,-1.4552307,2.0549011
81048,-1.3674927,-1.6506958,2.0039368
81049,-1.5553284,-1.6162109,1.9242859
81050,-1.1904907,-1.5049744,1.8859863
81051,-1.1196899,-1.6795349,1.6856384
81052,-1.2358093,-1.7662048,1.8331909
81053,-1.0115051,-1.6722107,1.93573
81054,-1.0786438,-1.8650818,1.8318176
81055,-0.496521,-1.7695618,1.82724
81056,-0.85342407,-1.8484497,1.7675781
81057,-0.9664917,-1.8745422,1.803894
81058,-0.87356567,-1.9412231,1.809082
81059,-0.65917969,-1.8444824,1.7189026
81060,-0.76782227,-1.9223022,1.8637085
81061,-0.73272705,-1.9351196,1.8682861
81062,-0.6954956,-1.8927002,1.728363
81063,-0.67199707,-1.9456482,1.7228699
81064,-0.54458618,-1.9087219,1.6186523
81065,-0.32531738,-2.0510864,1.7755127
81066,-0.45761108,-1.9787598,1.6020203
81067,-0.30715942,-2.2299194,1.7779541
81068,-0.22689819,-2.272644,1.7660522
81069,-0.26199341,-2.4415588,1.6113281
81070,-0.24337769,-2.290802,1.7260742
81071,-0.27313232,-2.2239685,1.5753174
81072,-0.10971069,-2.2874451,1.4424133
81073,-0.012512207,-2.265625,1.5335083
81074,0.055084229,-2.3640442,1.3772583
81075,0.003967285,-2.3748779,1.4518738
81076,0.15670776,-2.3727417,1.363678
81077,0.16830444,-2.399292,1.2406921
81078,0.19287109,-2.3423767,1.2710571
81079,0.31005859,-2.3153687,1.2934875
81080,0.43807983,-2.3779297,1.2156677
81081,0.48324585,-2.3924255,1.1950684
81082,0.53115845,-2.3898315,0.96054077
81083,0.49179077,-2.4507141,1.1686707
81084,0.56335449,-2.2813416,1.111145
81085,0.57785034,-2.376709,0.87799072
81086,0.65658569,-2.3677063,0.87997437
81087,0.65078735,-2.4015808,0.72921753
81088,0.67260742,-2.3187256,0.67764282
81089,0.67901611,-2.2801208,0.75164795
81090,0.78491211,-2.3402405,0.73852539
81091,0.77636719,-2.2628784,0.65628052
81092,0.92773438,-2.1881104,0.55023193
81093,0.92254639,-2.1536255,0.58258057
81094,0.89233398,-2.1008301,0.58792114
81095,0.93093872,-2.1562195,0.40496826
81096,0.92269897,-2.1292114,0.38360596
81097,1.013031,-1.993103,0.39306641
81098,0.95321655,-2.0384216,0.3477478
81099,1.0720825,-2.1568298,0.20614624
81100,1.1262512,-2.077179,0.17822266
81101,1.0743713,-2.0103455,0.13977051
81102,1.1471558,-1.8525696,0.059051514
81103,1.1218262,-1.8769836,0.050964355
81104,1.1659241,-1.8318176,0.026397705
81105,1.2503052,-1.995697,-0.06439209
81106,1.192627,-1.8540955,-0.15075684
81107,1.1360168,-1.8917847,-0.18188477
81108,1.2741089,-1.7163086,-0.32775879
81109,1.2716675,-1.7749023,-0.31295776
81110,1.2413025,-1.7990112,-0.27374268
81111,1.3172913,-1.7547607,-0.46691894
81112,1.378479,-1.5837097,-0.51086426
81113,1.1816406,-1.5664673,-0.59509277
81114,1.138916,-1.4886475,-0.56289673
81115,1.1650085,-1.4187622,-0.52703857
81116,1.1579895,-1.2210083,-0.52902222
81117,1.2643433,-1.3975525,-0.68389893
81118,1.2243652,-1.3113403,-0.703125
81119,1.2072754,-1.2533569,-0.83465576
81120,1.0621643,-1.2011719,-0.78643799
81121,1.1199951,-1.1349487,-0.92376709
81122,1.1288452,-0.94482422,-0.86654663
81123,1.0372925,-0.77880859,-0.90545654
81124,1.1306763,-0.81054688,-0.92071533
81125,1.0647583,-0.69519043,-1.1204529
81126,1.0470581,-0.80505371,-0.91064453
81127,1.1000061,-0.83526611,-1.1343384
81128,1.1123657,-0.72921753,-0.98602295
81129,1.0746765,-0.73379517,-1.1329651
81130,1.1126709,-0.60943603,-1.1064148
81131,1.0588074,-0.51177978,-1.3008118
81132,1.1470032,-0.42007446,-1.3375854
81133,0.94528198,-0.46691894,-1.1759949
81134,1.003418,-0.46463013,-1.427002
81135,1.0754395,-0.33920288,-1.320343
81136,0.84365845,1.4041138,-1.4620972
81137,0.70007324,-0.031433105,-1.2960815
81138,0.75988769,-0.14709473,-1.3623047
81139,0.42190552,-0.51452637,-1.4015198
81140,0.79071045,-0.13427734,-1.340332
81141,0.78048706,0.19775391,-1.3378906
81142,0.6980896,0.28381348,-1.3670349
81143,0.62698364,0.23773193,-1.5194702
81144,0.58639526,0.27648926,-1.547699
81145,0.56015015,0.20462036,-1.3995361
81146,0.41992188,0.42114258,-1.456604
81147,0.35842895,0.25558472,-1.449585
81148,0.35171509,0.47607422,-1.2741089
81149,0.48019409,0.32180786,-1.4259338
81150,0.16845703,0.49575806,-1.3583374
81151,0.11199951,0.76187134,-1.3050842
81152,0.072174072,0.89401245,-1.3557434
81153,0.015716553,0.83129883,-1.3406372
81154,0.038452148,0.96588135,-1.4480591
81155,0.061035156,0.87707519,-1.2257385
81156,-0.057678223,0.84030151,-1.3294983
81157,-0.19256592,0.83068848,-1.1302185
81158,-0.16281128,0.92681885,-1.2962341
81159,-0.23040772,0.86135864,-1.1672974
81160,-0.26596069,1.0195923,-1.2846375
81161,-0.28930664,1.0734558,-1.3287354
81162,-0.34591675,1.0931396,-1.2240601
81163,-0.3263855,1.1340332,-1.3072205
81164,-0.52108765,1.1102295,-1.2014771
81165,-0.60745239,1.2661743,-1.1338806
81166,-0.6829834,1.35849,-1.2576294
81167,-0.60058594,1.2321472,-1.0348511
81168,-0.74203491,1.2599182,-1.0934448
81169,-0.80261231,1.3046265,-1.1148071
81170,-0.84335327,1.1105347,-0.97061157
81171,-0.95825195,1.2750244,-0.81756592
81172,-1.0507202,1.3487244,-0.74478149
81173,-1.1376953,1.3804626,-0.78948975
81174,-1.131134,1.3970947,-0.60424805
81175,-1.2982178,1.2860107,-0.50170898
81176,-1.2385559,1.1987305,-0.66482544
81177,-1.4370728,1.2922668,-0.58044434
81178,-1.4047241,1.4672852,-0.53497315
81179,-1.5324402,1.28479,-0.40176392
81180,-1.39328,1.4440918,-0.40985107
81181,-1.5640259,1.3195801,-0.42633057
81182,-1.4691162,1.2606812,-0.44052124
81183,-1.5246582,1.3934326,-0.30532837
81184,-1.4440918,1.5353394,-0.44128418
81185,-1.7036438,1.3624573,-0.15716553
81186,-2.1481323,1.0517883,-0.28457642
81187,-1.6520691,1.2969971,-0.083465576
81188,-1.902771,1.2094116,0.050964355
81189,-1.9023132,1.338501,0.039367676
81190,-1.8579102,1.398468,0.026245117
81191,-1.8650818,1.4007568,0.10375977
81192,-1.8824768,1.4059448,0.18615723
81193,-1.9059753,1.368103,0.15075684
81194,-1.8843079,1.3577271,0.29296875
81195,-2.0256042,1.2081909,0.44967651
81196,-1.9223022,1.1503601,0.47241211
81197,-2.1020508,1.0295105,0.35995483
81198,-2.0541382,0.97457886,0.63491821
81199,-1.9786072,1.1030579,0.43640137
81200,-1.9923401,1.0562134,0.61691284
81201,-2.0610046,0.76263428,0.62805176
81202,-2.074585,1.2564087,0.63980103
81203,-2.0500183,1.0829163,0.62759399
81204,-2.1080017,0.9576416,0.72998047
81205,-1.9816589,0.87356567,0.63644409
81206,-2.0092773,0.73394775,0.74020386
81207,-2.2271729,0.67977905,0.93948364
81208,-2.1696472,0.69747925,0.67993164
81209,-2.0399475,0.56945801,1.0879517
81210,-2.2160339,0.64956665,1.2036133
81211,-2.2180176,0.57739258,1.3467407
81212,-2.3506165,0.44906616,1.337738
81213,-2.1231079,0.45684814,1.0639954
81214,-2.1247864,0.41030884,1.2690735
81215,-2.3486328,0.2822876,1.3876343
81216,-2.2463989,0.34667969,1.3412476
81217,-2.2143555,0.17654419,1.4498901
81218,-2.1450806,0.11871338,1.434021
81219,-2.1096802,-0.094909668,1.3990784
81220,-2.3204041,-0.13397217,1.5583801
81221,-2.2360229,-0.26489258,1.5177917
81222,-2.3170471,-0.36010742,1.607666
81223,-2.2442627,-0.47821045,1.6804504
81224,-2.1096802,-0.46310425,1.6073608
81225,-2.3538208,-0.63720703,1.6142273
81226,-2.2705078,-0.53222656,1.6604614
81227,-1.8647766,-0.5871582,1.6970825
81228,-1.9807434,-0.51239014,1.8060303
81229,-1.8260193,-0.61035156,1.8304443
81230,-1.8304443,-0.67855835,1.8618774
81231,-1.8736267,-0.70083618,1.8873596
81232,-1.9540405,-0.89385986,1.9546509
81233,-1.9436646,-1.0839844,1.9126892
81234,-1.7982483,-0.85388184,1.9831848
81235,-1.8859863,-0.72570801,1.9082642
81236,-2.1052551,-0.86410522,2.0455933
81237,-1.7300415,-0.89324951,1.9921875
81238,-1.741333,-1.3400269,1.5896606
81239,-1.9262695,-1.0534668,2.0639038
81240,-1.660614,-1.4866638,1.7893982
81241,-1.5715027,-1.3357544,2.0858765
81242,-1.4880371,-1.512146,2.0629883
81243,-1.5071106,-1.4952087,2.1318054
81244,-1.4749146,-1.5248108,2.1228027
81245,-1.3423157,-1.5185547,2.2987366
81246,-1.4486694,-1.5782166,1.966095
81247,-1.2583923,-1.678772,2.0358276
81248,-1.4349365,-1.5672302,2.0729065
81249,-1.2683105,-1.5513611,2.0509338
81250,-1.2329102,-1.8733215,2.0922852
81251,-1.0231018,-1.5541077,2.1025085
81252,-1.2242126,-1.9802856,2.0108032
81253,-0.74432373,-2.1870422,1.8286133
81254,-1.013031,-2.0220947,1.872406
81255,-0.78811646,-1.9038391,1.9882202
81256,-0.91537476,-1.9250488,2.049408
81257,-0.79803467,-2.0474243,1.9987488
81258,-0.66772461,-2.0355225,1.9667053
81259,-0.71578979,-2.0584106,1.9432068
81260,-0.55648804,-2.013855,1.7962646
81261,-0.50689697,-1.9833374,1.7652893
81262,-0.40771484,-1.98349,1.7333984
81263,-0.35949707,-2.097168,1.6714478
81264,-0.34667969,-2.2746277,1.6040039
81265,-0.30944824,-2.3480225,1.7059326
81266,-0.24749756,-2.4137878,1.7056274
81267,-0.19989014,-2.3429871,1.585083
81268,-0.13061523,-2.4041748,1.6090393
81269,-0.038146973,-2.3060608,1.5905762
81270,-0.026245117,-2.3129272,1.5507507
81271,0.076599121,-2.4382019,1.5658569
81272,0.090179443,-2.5115967,1.5672302
81273,0.13153076,-2.5015259,1.4277649
81274,0.19500732,-2.4958801,1.4083862
81275,0.21484375,-2.4926758,1.3539124
81276,0.24627685,-2.3899841,1.3464355
81277,0.2607727,-2.3098755,1.3508606
81278,0.36880493,-2.1746826,1.1836243
81279,0.4536438,-2.12677,0.93276978
81280,0.49804688,-2.1510315,1.0533142
81281,0.52276611,-2.1936035,1.0440063
81282,0.5947876,-2.303772,0.91964722
81283,0.65155029,-2.3419189,0.91079712
81284,0.6539917,-2.3693848,0.90423584
81285,0.66177368,-2.3266602,0.72143555
81286,0.7472229,-2.3336792,0.68023682
81287,0.81176758,-2.2541809,0.56030273
81288,0.8682251,-2.1859741,0.66894531
81289,0.88302612,-2.2914124,0.56793213
81290,1.0171509,-2.1818542,0.48904419
81291,0.81787109,-2.2488403,0.4536438
81292,0.92285156,-2.1932983,0.27404785
81293,1.1149597,-2.1012878,0.44143677
81294,1.0177612,-2.043457,0.16189575
81295,1.1799622,-2.1472168,0.39306641
81296,1.1639404,-2.0571899,0.11474609
81297,1.2405396,-2.0903015,0.13275147
81298,1.1828613,-2.1469116,0.12924194
81299,1.1769104,-2.1360779,0.15899658
81300,1.2747192,-1.9540405,0.008392334
81301,1.3235474,-1.8914795,-0.055389404
81302,1.3262939,-1.8296814,-0.11199951
81303,1.3882446,-1.7376709,-0.20568848
81304,1.2345886,-1.7520142,-0.25192261
81305,1.320343,-1.7861938,-0.3326416
81306,1.3673401,-1.7784119,-0.29632568
81307,1.3864136,-1.7799377,-0.39123535
81308,1.3252258,-1.5574646,-0.28640747
81309,1.3343811,-1.5585327,-0.33752441
81310,1.3114929,-1.5994263,-0.51513672
81311,1.2695313,-1.5097046,-0.65155029
81312,1.2837219,-1.473999,-0.53222656
81313,1.2402344,-1.3508606,-0.63278198
81314,1.2643433,-1.3223267,-0.74462891
81315,1.1231995,-1.1499023,-0.7585144
81316,1.1895752,-1.0075378,-0.72799683
81317,1.091156,-1.1502075,-0.74035644
81318,1.1941528,-0.93841553,-0.82733154
81319,1.2211609,-1.013031,-0.99319458
81320,1.2025452,-0.92559815,-1.0038757
81321,0.76858521,-0.86853027,-1.0437012
81322,1.2504578,-0.8190918,-0.95901489
81323,1.1685181,-0.59127808,-1.164093
81324,1.111145,-0.69076538,-1.137085
81325,1.1328125,-0.6237793,-1.1878967
81326,1.1160278,-0.6413269,-1.1859131
81327,1.0990906,-0.55587769,-1.2548828
81328,1.2329102,-0.41656494,-1.3594055
81329,1.1146545,-0.41992188,-1.2982178
81330,1.162262,-0.39703369,-1.2518311
81331,0.84457397,-0.37384033,-1.2896729
81332,0.90942383,-0.1461792,-1.3409424
81333,0.94619751,-0.26763916,-1.427002
81334,0.8555603,-0.14541626,-1.5457153
81335,0.8996582,0.040130615,-1.3381958
81336,0.85296631,-0.067138672,-1.2831116
81337,0.6350708,-0.34698486,-1.5771484
81338,0.66864014,-0.23620606,-1.3710022
81339,0.48645019,-0.14892578,-1.4151001
81340,0.63415527,0.1876831,-1.3668823
81341,0.51681519,0.29022217,-1.3601685
81342,0.48553467,0.29846191,-1.3528442
81343,0.41763306,0.30960083,-1.340332
81344,0.38742065,0.36300659,-1.259613
81345,0.32409668,0.5065918,-1.3581848
81346,0.31188965,0.46859741,-1.4022827
81347,0.32592773,0.52124023,-1.4718628
81348,0.1612854,0.58746338,-1.3964844
81349,0.19577026,0.63308716,-1.3446045
81350,0.1638794,0.56762695,-1.3803101
81351,0.063934326,0.76690674,-1.3226318
81352,0.07522583,0.80780029,-1.3934326
81353,0.092468262,1.1146545,-1.3418579
81354,-0.051269531,0.98709106,-1.3905334
81355,-0.011291504,0.90515137,-1.2528992
81356,-0.071868896,0.99136353,-1.1099243
81357,-0.25848389,1.1073303,-1.1209106
81358,-0.25817871,1.161499,-1.0920715
81359,-0.37567139,1.0578918,-1.0424805
81360,-0.39993286,1.1010742,-1.1741638
81361,-0.51452637,1.030426,-1.0313416
81362,-0.56610107,1.1360168,-1.0169983
81363,-0.69381714,1.2702942,-1.0847473
81364,-0.64193726,1.2063599,-0.91110229
81365,-0.67993164,1.3635254,-1.1376953
81366,-0.76522827,1.3684082,-0.95672607
81367,-1.0038757,1.2371826,-0.98846435
81368,-0.98526001,1.3314819,-0.88745117
81369,-1.0697937,1.3421631,-0.80062866
81370,-0.92819214,1.3397217,-0.89797974
81371,-0.95596313,1.4538574,-0.78414917
81372,-1.2168884,1.4503479,-0.66833496
81373,-1.1439514,1.5312195,-0.67901611
81374,-1.164093,1.4053345,-0.68832397
81375,-1.2413025,1.2713623,-0.43014526
81376,-1.2171936,1.2362671,-0.37948608
81377,-1.5289307,1.1381531,-0.4208374
81378,-1.3206482,1.3323975,-0.41412353
81379,-1.4886475,1.3392639,-0.17608643
81380,-1.5008545,1.3420105,-0.17761231
81381,-1.6261291,1.4550781,-0.25848389
81382,-1.9389343,1.3331604,-0.57815552
81383,-1.8551636,1.1791992,-0.19851685
81384,-1.6711426,1.1616516,-0.014190674
81385,-1.5686035,1.3113403,-0.01739502
81386,-1.8135071,1.3583374,0.19470215
81387,-1.8386841,1.5197754,0.16937256
81388,-2.0077515,1.2901306,0.1008606
81389,-1.7214966,1.2127686,0.22140503
81390,-1.7323303,1.2800598,0.30807495
81391,-1.9752502,1.3925171,0.39535522
81392,-1.9154358,1.1761475,0.39901733
81393,-2.0059204,1.1474609,0.46875
81394,-1.9538879,0.98464966,0.40649414
81395,-2.0950317,1.0292053,0.63339233
81396,-2.1083069,0.91949463,0.45471191
81397,-2.2402954,1.0321045,0.45303345
81398,-2.1533203,0.93933106,0.51361084
81399,-2.2163391,0.47225952,0.59829712
81400,-2.1101379,0.85205078,0.63430786
81401,-2.1298218,0.81787109,0.95474243
81402,-2.2171021,0.77056885,0.81695557
81403,-2.2932434,0.66223144,0.94665527
81404,-2.2674561,0.71044922,1.0430908
81405,-2.3786926,0.58624268,1.007843
81406,-2.2001648,0.74554443,1.3240051
81407,-2.3103333,0.65551758,1.2654114
81408,-2.3309326,0.59661865,1.2486267
81409,-2.1315002,0.41564941,1.2460327
81410,-2.131958,0.29220581,1.3317871
81411,-2.3661804,0.49316406,1.1459351
81412,-2.2714233,0.32287598,1.2721252
81413,-2.1505737,0.39855957,1.2837219
81414,-2.1530151,0.17333984,1.3511658
81415,-2.0570374,0.076751709,1.3905334
81416,-2.1766663,0.007171631,1.4820862
81417,-2.0683289,-0.10437012,1.4112854
81418,-2.2293091,-0.12359619,1.5550232
81419,-2.1881104,-0.19897461,1.716156
81420,-1.9836426,-0.51895142,1.5455627
81421,-2.109375,-0.2835083,1.6375732
81422,-1.8983459,-0.29602051,1.7807007
81423,-1.9961548,-0.40771484,1.8426514
81424,-2.0246887,-0.48065186,1.8530273
81425,-2.0379639,-0.43838501,1.774292
81426,-1.985321,-0.62850952,1.7852783
81427,-1.8611145,-0.66375732,1.8074036
81428,-1.8591309,-0.59860229,2.0149231
81429,-1.7550659,-0.67596435,2.0196533
81430,-1.9265747,-0.88226318,1.9029236
81431,-1.8647766,-0.82290649,2.0046997
81432,-1.8695068,-0.88088989,1.9775391
81433,-1.8258667,-1.0009766,1.9598389
81434,-1.7915344,-1.4389038,1.7138672
81435,-1.9073486,-1.2724304,1.9303894
81436,-1.8214416,-1.1283875,2.0213318
81437,-1.7645264,-1.3917541,1.8214416
81438,-1.6947937,-1.3063049,1.9528198
81439,-1.6513062,-1.6545105,1.9735718
81440,-1.6853333,-1.5711975,2.0309448
81441,-1.4724731,-1.6929626,2.2003174
81442,-1.3972473,-1.6589355,1.9972229
81443,-1.4079285,-1.6845703,2.1574402
81444,-1.2583923,-1.5184021,1.9885254
81445,-1.2561035,-1.6696167,2.0632935
81446,-1.3272095,-1.7370605,2.0341492
81447,-1.0797119,-1.7433166,1.9630432
81448,-1.088562,-1.7886353,2.1591187
81449,-0.97717285,-1.6957092,2.191925
81450,-0.93917847,-1.9125366,1.9952393
81451,-0.87661743,-1.8437195,1.962738
81452,-0.77072144,-1.7861938,1.8986511
81453,-0.87387085,-1.8890381,1.9125366
81454,-0.77514648,-1.9473267,1.8292236
81455,-0.67321777,-2.0471191,1.882019
81456,-0.60089111,-2.0617676,1.8183899
81457,-0.54336548,-2.1313477,1.967926
81458,-0.55770874,-2.0747375,1.8264771
81459,-0.47286987,-2.0762634,1.7420959
81460,-0.34423828,-2.104187,1.7604065
81461,-0.28488159,-2.0922852,1.8106079
81462,-0.2835083,-2.2053528,1.5911865
81463,-0.2355957,-2.3031616,1.6619873
81464,-0.17181397,-2.3661804,1.5460205
81465,-0.053863525,-2.4700928,1.5841675
81466,0.034484863,-2.4057007,1.5541077
81467,0.05859375,-2.2966003,1.5905762
81468,0.17486572,-2.3583984,1.4990234
81469,0.20477295,-2.4603271,1.4596558
81470,0.33828735,-2.482605,1.3363647
81471,0.32211304,-2.4581909,1.3166809
81472,0.3918457,-2.5666809,1.2521362
81473,0.40344238,-2.5415039,1.184082
81474,0.43960571,-2.5064087,1.1262512
81475,0.40618897,-2.4490356,1.1701965
81476,0.51940918,-2.5099182,1.0791016
81477,0.54077148,-2.5495911,1.1076355
81478,0.5783081,-2.4507141,1.0548401
81479,0.60546875,-2.2891235,1.0920715
81480,0.6451416,-2.2506714,1.0107422
81481,0.74020386,-2.2332764,0.92483521
81482,0.75317383,-2.2113037,0.93093872
81483,0.859375,-2.2628784,0.77270508
81484,0.91552734,-2.2467041,0.69992065
81485,0.94802856,-2.2872925,0.61294556
81486,0.99960327,-2.3478699,0.62026978
81487,1.0198975,-2.3280334,0.62164307
81488,1.0354614,-2.2190857,0.52108765
81489,1.0766602,-2.2257996,0.52825928
81490,0.98449707,-2.2509766,0.36743164
81491,1.0292053,-2.0329285,0.34057617
81492,1.0510254,-2.0744324,0.17196655
81493,1.0025024,-2.0300293,0.20172119
81494,1.0902405,-1.9767761,0.34744263
81495,1.2713623,-2.0243835,0.13763428
81496,1.2524414,-2.0410156,0.20095825
81497,1.2413025,-1.8289185,0.11032105
81498,1.2936401,-1.8363953,0.045928955
81499,1.0964966,-2.0181274,-0.009765625
81500,1.2193298,-1.9267273,-0.21087647
81501,1.3407898,-1.9335938,-0.22521973
81502,1.3244629,-1.8069458,-0.31982422
81503,1.2579346,-1.7015076,-0.52978516
81504,1.394043,-1.6940308,-0.52307129
81505,1.3131714,-1.7016602,-0.46112061
81506,1.325531,-1.7651367,-0.49880981
81507,1.2728882,-1.6093445,-0.57449341
81508,1.2802124,-1.550293,-0.52841187
81509,1.3348389,-1.3922119,-0.58502197
81510,1.3949585,-1.4241028,-0.53939819
81511,1.3801575,-1.178894,-0.7182312
81512,1.3510132,-1.3348389,-0.74066162
81513,1.3076782,-1.337738,-0.83816528
81514,1.3400269,-1.4227295,-0.80474853
81515,1.2255859,-1.3557434,-0.87127685
81516,1.1297607,-1.1877441,-0.86868286
81517,1.2409973,-1.2715149,-0.92590332
81518,1.0101318,-1.4353943,-0.96252441
81519,0.92559815,-1.031189,-1.0656738
81520,1.0154724,-1.0058594,-1.0412598
81521,1.3404846,-0.88088989,-0.99609375
81522,1.2557983,-0.78674316,-0.96542358
81523,1.2364197,-0.74172974,-1.2799072
81524,1.2113953,-0.75592041,-1.1378479
81525,1.1857605,-0.52978516,-1.2466431
81526,1.1706543,-0.46356201,-1.1839294
81527,1.0177612,-0.41900635,-1.2467957
81528,0.97351074,-0.40054321,-1.3313293
81529,0.8517456,-0.29571533,-1.2336731
81530,0.84365845,-0.12359619,-1.1659241
81531,0.80688477,-0.14709473,-1.2539673
81532,0.80291748,-0.16479492,-1.3095093
81533,0.76263428,-0.044250488,-1.3815308
81534,0.78689575,-0.030822754,-1.4038086
81535,0.5329895,-0.3868103,-1.8458557
81536,0.519104,-0.51361084,-1.9107056
81537,0.50949097,-0.64208984,-1.6015625
81538,0.48675537,0.091094971,-1.5275574
81539,0.49819946,0.12023926,-1.6123962
81540,0.62149048,0.31280518,-1.3879395
81541,0.52749634,0.3276062,-1.4030457
81542,0.40161133,0.4107666,-1.3786316
81543,0.33737183,0.21270752,-1.4373779
81544,0.25085449,0.13244629,-1.4935303
81545,0.28625488,0.54824829,-1.6499329
81546,0.25924683,0.68252563,-1.4581299
81547,0.25924683,0.73272705,-1.3798523
81548,0.16357422,0.54855347,-1.3970947
81549,0.012054443,0.5871582,-1.4538574
81550,0.051422119,0.79483032,-1.4726257
81551,0.088653564,0.85296631,-1.439209
81552,-0.007629395,0.80810547,-1.1599731
81553,-0.11398315,0.87280273,-1.2426758
81554,-0.2734375,1.08078,-1.3378906
81555,-0.33782959,1.1764526,-1.2405396
81556,-0.40374756,1.0978699,-1.2643433
81557,-0.49758911,1.2557983,-1.1677551
81558,-0.59951782,1.1569214,-1.1335754
81559,-0.48278809,1.1582947,-1.0292053
81560,-0.53695679,1.2367249,-1.134491
81561,-0.65338135,1.2232971,-1.1270142
81562,-0.66131592,1.242981,-0.99838257
81563,-0.73638916,1.2646484,-0.98632813
81564,-0.81680298,1.2832642,-0.81375122
81565,-0.80169678,1.328125,-0.9085083
81566,-0.73318481,1.3259888,-0.85327148
81567,-0.87081909,1.1616516,-0.84976196
81568,-0.89355469,1.2744141,-0.74630737
81569,-1.0357666,1.2399292,-0.75759888
81570,-1.0997009,1.418457,-0.7270813
81571,-1.1817932,1.5254211,-0.84075928
81572,-1.2141418,1.5318298,-0.74691772
81573,-1.3523865,1.4378357,-0.69122315
81574,-1.3922119,1.4094543,-0.50140381
81575,-1.3375854,1.4347839,-0.49224853
81576,-1.3735962,1.3986206,-0.60928345
81577,-1.6375732,1.3433838,-0.46600342
81578,-1.4862061,1.3568115,-0.34011841
81579,-1.5074158,1.2878418,-0.54367065
81580,-1.5127563,1.2402344,-0.21453857
81581,-1.603241,1.2568665,-0.34851074
81582,-1.6934204,1.2194824,-0.17501831
81583,-1.7198181,1.2176514,-0.25314331
81584,-1.8360901,1.1245728,-0.1512146
81585,-1.8034363,1.3179016,-0.15701294
81586,-1.9009399,1.1260986,-0.057525635
81587,-1.882019,1.1349487,0.13549805
81588,-1.9018555,1.2271118,0.25436401
81589,-1.8231201,1.1340332,0.2973938
81590,-2.0054626,1.14151,0.35217285
81591,-2.0475769,1.0430908,0.47485352
81592,-2.0376587,1.0357666,0.39016724
81593,-1.978302,1.0336304,0.30044556
81594,-1.9674683,0.89935303,0.5027771
81595,-2.0513916,1.0717773,0.39337158
81596,-2.0483398,0.86090088,0.46966553
81597,-1.9929504,0.859375,0.63354492
81598,-2.0622253,0.71838379,0.59158325
81599,-2.1156311,1.3746643,0.66848755
81600,-2.104187,0.79833984,0.90637207
81601,-1.9552612,0.78140259,0.79040527
81602,-2.0462036,0.76904297,0.9362793
81603,-2.0700073,0.62225342,0.97854614
81604,-1.9950867,0.60516357,1.1883545
81605,-2.1670532,0.56549072,0.75531006
81606,-2.1627808,0.39123535,0.98571777
81607,-1.986084,0.38299561,1.0267639
81608,-2.1569824,0.42144775,1.1781311
81609,-2.3551941,0.23132324,1.209259
81610,-2.1166992,0.30380249,1.1895752
81611,-2.2782898,0.44067383,1.1567688
81612,-2.1592712,0.26885986,1.0935974
81613,-2.1124268,0.20065308,1.1747742
81614,-2.2019958,0.20355225,1.342926
81615,-2.1556091,0.057983398,1.3375854
81616,-2.1456909,-0.02243042,1.4782715
81617,-2.0394897,-0.012969971,1.4794922
81618,-2.0767212,-0.020446777,1.547699
81619,-1.8490601,-0.16571045,1.5818787
81620,-2.0692444,-0.30990601,1.5313721
81621,-2.1357727,-0.19317627,1.4823914
81622,-2.0124817,-0.27038574,1.7170715
81623,-2.0500183,-0.44754028,1.6755676
81624,-2.0372009,-0.55023193,1.7701721
81625,-2.0579529,-0.73242188,1.698761
81626,-2.0237732,-0.71166992,1.8128967
81627,-1.8989563,-0.6729126,1.8751526
81628,-1.8133545,-0.55526733,1.8972778
81629,-1.9421387,-0.85510254,1.9158936
81630,-1.787262,-0.78903198,1.8028259
81631,-1.9779968,-1.0099792,2.0220947
81632,-1.7356873,-1.1187744,1.8836975
81633,-1.7893982,-1.0395813,1.9657898
81634,-1.7527771,-1.1212158,1.8841553
81635,-1.7709351,-1.0662842,1.8226624
81636,-1.519165,-1.0098267,1.9122314
81637,-1.5397644,-1.2081909,1.9042969
81638,-1.4810181,-1.2626648,1.9882202
81639,-1.4842224,-1.3705444,1.836853
81640,-1.3757324,-1.4505005,2.0649719
81641,-1.2695313,-1.3775635,2.0429993
81642,-1.2307739,-1.5570068,2.0851135
81643,-1.3363647,-1.6099548,2.013092
81644,-1.1953735,-1.6691589,2.0558167
81645,-1.1334229,-1.5304565,2.0797729
81646,-1.2480164,-1.619873,1.887207
81647,-1.1212158,-1.6998291,2.0178223
81648,-0.94665527,-1.6976929,1.9418335
81649,-0.98922729,-1.6798401,1.9894409
81650,-1.0063171,-1.7578125,2.0227051
81651,-0.92529297,-1.7703247,1.8988037
81652,-0.73181152,-1.7918396,1.8057251
81653,-0.76965332,-2.0611572,1.8099976
81654,-0.62591553,-2.0343018,1.8215942
81655,-0.49072266,-2.1456909,1.8197632
81656,-0.47943115,-2.1884155,1.8780518
81657,-0.51040649,-2.1182251,1.5789795
81658,-0.42236328,-1.9285584,1.6238403
81659,-0.40557861,-1.9725037,1.6500854
81660,-0.36087036,-2.0915222,1.5588379
81661,-0.31951904,-2.3674011,1.5904236
81662,-0.24230957,-2.2860718,1.6871643
81663,-0.20553589,-2.318573,1.602478
81664,-0.20004273,-2.4780273,1.607666
81665,-0.14389038,-2.3860168,1.5565491
81666,-0.11322022,-2.1908569,1.6204834
81667,-0.087890625,-2.0362854,1.4588928
81668,-0.017089844,-2.0625305,1.4506531
81669,0.004119873,-2.124939,1.2181091
81670,0.039672852,-2.1453857,1.2986755
81671,0.15533447,-2.338562,1.3034058
81672,0.15380859,-2.3558044,1.2759399
81673,0.26199341,-2.2819519,1.2011719
81674,0.34851074,-2.3422241,1.0173035
81675,0.32546997,-2.2839355,1.0626221
81676,0.28839111,-2.3657227,0.83251953
81677,0.44754028,-2.2407532,0.91934204
81678,0.50994873,-2.2232056,0.79925537
81679,0.53100586,-2.3167419,0.84899902
81680,0.63171387,-2.3509216,0.69885254
81681,0.59494019,-2.3014832,0.62591553
81682,0.64575195,-2.3017883,0.7081604
81683,0.71350098,-2.2033691,0.70205688
81684,0.73028565,-2.1749878,0.74539185
81685,0.82717896,-2.2294617,0.60424805
81686,0.99426269,-2.1394348,0.50643921
81687,0.76553345,-2.2898865,0.40786743
81688,0.83618164,-2.3724365,0.3237915
81689,0.99533081,-2.104187,0.35705566
81690,0.95718384,-2.2488403,0.21408081
81691,0.86181641,-2.0751953,0.24612427
81692,1.0389709,-2.1166992,0.22109985
81693,1.0133362,-1.9837952,0.17166138
81694,1.0070801,-2.0779419,0.084075928
81695,0.90164185,-1.9308472,0.12268066
81696,1.0627747,-1.8460083,0.057983398
81697,1.1369324,-1.8421936,0.002441406
81698,1.1103821,-1.761322,0.022125244
81699,1.0702515,-1.6246033,-0.07522583
81700,1.0523987,-1.8200684,-0.16723633
81701,0.96557617,-1.6523743,-0.32943726
81702,1.0736084,-1.7175293,-0.3036499
81703,0.96588135,-1.6319275,-0.31051636
81704,1.0780334,-1.5968323,-0.33081055
81705,1.1094666,-1.5844727,-0.33294678
81706,1.1170959,-1.4962769,-0.52520752
81707,1.1323547,-1.6181946,-0.53390503
81708,1.1491394,-1.5066528,-0.61447144
81709,1.2350464,-1.4071655,-0.49682617
81710,0.93460083,-1.3378906,-0.42480469
81711,1.1465454,-1.25,-0.62255859
81712,1.0902405,-1.1376953,-0.597229
81713,1.0420227,-1.2263489,-0.79467773
81714,1.05896,-1.1328125,-0.89599609
81715,0.97549438,-1.0891724,-0.87387085
81716,1.0314941,-0.89447022,-0.94299316
81717,1.0719299,-0.95275879,-0.90057373
81718,1.1582947,-0.83877563,-1.0519409
81719,1.227417,-1.0441589,-1.0466003
81720,1.1230469,-0.81039429,-1.1738586
81721,1.1816406,-0.82763672,-1.2112427
81722,1.0089111,-0.77697754,-1.1001587
81723,1.0076904,-0.78903198,-1.1738586
81724,1.0385132,-0.54138184,-1.1712646
81725,0.94726563,-0.38818359,-1.1262512
81726,0.91384888,-0.54000854,-1.0925293
81727,0.78811646,-0.3364563,-1.2982178
81728,0.74798584,-0.29724121,-1.0664368
81729,0.85128784,-0.43579102,-1.0676575
81730,0.72860718,-0.33279419,-1.1566162
81731,0.78491211,0.93765259,-1.1010742
81732,0.71868897,0.067138672,-1.2310791
81733,0.47714233,-0.27511597,-1.3839722
81734,0.16433716,-0.74661255,-1.1517334
81735,0.11489868,-0.25680542,-1.5524292
81736,0.14602661,-0.12573242,-1.3549805
81737,0.45547485,0.20263672,-1.3508606
81738,0.40130615,0.22338867,-1.3690186
81739,0.30349731,0.39031982,-1.3238525
81740,0.38406372,0.34057617,-1.1764526
81741,0.33203125,0.31997681,-1.2908936
81742,0.23864746,0.49072266,-1.5563965
81743,0.15716553,0.5178833,-1.3720703
81744,0.29602051,0.49499512,-1.3494873
81745,0.19668579,0.61325073,-1.2806702
81746,-0.092773438,0.67687988,-1.4730835
81747,-0.090026855,0.57312012,-1.2355041
81748,-0.080566406,0.7723999,-1.1526489
81749,-0.11520386,0.51330566,-1.2834167
81750,-0.25375366,0.69519043,-1.1895752
81751,-0.2835083,0.64727783,-1.1880493
81752,-0.38818359,0.79483032,-1.1709595
81753,-0.40634155,0.96252441,-0.99899292
81754,-0.47042847,0.89859009,-1.0389709
81755,-0.36315918,1.0565186,-1.0772705
81756,-0.39291382,0.92010498,-0.84442139
81757,-0.62927246,1.1306763,-0.87188721
81758,-0.48324585,1.1125183,-0.84823608
81759,-0.64849853,1.116333,-0.81512451
81760,-0.6477356,1.033783,-0.80718994
81761,-0.70281982,1.0848999,-0.90133667
81762,-0.78674316,1.2518311,-0.86120606
81763,-0.78552246,1.309967,-0.83480835
81764,-0.83908081,1.2257385,-0.7673645
81765,-0.99716187,1.0873413,-0.71548462
81766,-0.91339111,0.99365234,-0.83343506
81767,-0.95748901,0.94100952,-0.82305908
81768,-1.0610962,1.0096741,-0.75500488
81769,-1.2316895,1.2628174,-0.59371948
81770,-1.0380554,1.1352539,-0.34515381
81771,-1.1572266,1.1109924,-0.42526245
81772,-1.1401367,1.1347961,-0.26229858
81773,-1.2530518,1.1593628,-0.24276733
81774,-1.2730408,1.1680603,-0.22827148
81775,-1.6505432,1.0993958,-0.29312134
81776,-1.4978027,1.1264038,-0.2734375
81777,-1.4038086,1.0148621,-0.23254395
81778,-1.5170288,1.003418,-0.14221191
81779,-1.5684509,1.0874939,-0.15060425
81780,-1.6818237,0.99029541,0.011138916
81781,-1.6963196,0.95947266,0.075531006
81782,-1.7791748,1.0273743,0.051116943
81783,-1.7393494,1.1434937,0.11520386
81784,-1.7608643,0.92254639,0.20217895
81785,-1.7362976,1.0049438,0.12390137
81786,-1.754303,0.97244263,0.22323608
81787,-1.7677307,0.92346191,0.34912109
81788,-1.7045593,0.8241272,0.39840698
81789,-1.6986084,0.82260132,0.29052734
81790,-1.6986084,0.77819824,0.44570923
81791,-1.8392944,0.90209961,0.54733276
81792,-1.9186401,0.83251953,0.62942505
81793,-1.8577576,0.88500977,0.61798096
81794,-1.819458,0.86242676,0.62683106
81795,-1.8844604,0.77270508,0.75057983
81796,-1.8847656,0.50109863,0.75988769
81797,-1.9937134,1.8293762,0.8757019
81798,-2.011261,0.61279297,0.75927734
81799,-1.9839478,0.6628418,0.95733643
81800,-1.991272,0.77163696,1.031189
81801,-2.0549011,0.54992676,0.99014282
81802,-1.9485474,0.3175354,0.93032837
81803,-2.0635986,0.58395386,1.0449219
81804,-1.9981384,0.32928467,1.0058594
81805,-2.0262146,0.24673462,1.1276245
81806,-2.0750427,0.29113769,1.1291504
81807,-1.9351196,0.30792236,1.1430359
81808,-1.8559265,0.23681641,1.1938477
81809,-2.0858765,0.02456665,1.1152649
81810,-1.9374084,0.10253906,1.0643005
81811,-2.0732117,0.06652832,1.388092
81812,-1.971283,-0.10162354,1.3896179
81813,-1.9520569,-0.029449463,1.6009521
81814,-2.1688843,-0.16876221,1.5896606
81815,-1.7919922,-0.25421143,1.598053
81816,-1.9277954,-0.38009644,1.5470886
81817,-1.937561,-0.23925781,1.6174316
81818,-1.7906189,-0.38574219,1.5353394
81819,-1.8725586,-0.46661377,1.685791
81820,-1.7736816,-0.51269531,1.5655518
81821,-1.8855286,-0.50720215,1.6288757
81822,-1.7903137,-0.57159424,1.7782593
81823,-1.5826416,-0.76766968,1.6940308
81824,-1.602478,-1.109314,1.7141724
81825,-1.7050171,-1.0049438,1.6600037
81826,-1.7259216,-0.91796875,1.6403198
81827,-1.7889404,-1.0420227,1.7971802
81828,-1.8147278,-0.87432861,1.8275452
81829,-1.7166138,-1.2033081,1.7752075
81830,-1.789093,-1.3943481,1.7126465
81831,-1.7961121,-1.2808228,1.8557739
81832,-1.5481567,-1.1958313,1.6036987
81833,-1.651001,-1.1540222,1.8347168
81834,-1.5299988,-1.3679504,1.6999817
81835,-1.4329529,-1.4839172,1.7797852
81836,-1.4137268,-1.4639282,1.8029785
81837,-1.3082886,-1.5144348,1.7788696
81838,-1.1528015,-1.4971924,1.71875
81839,-1.2008667,-1.554718,1.7648315
81840,-1.0671997,-1.6249084,1.8954468
81841,-1.0948181,-1.7468262,1.7436218
81842,-1.0864258,-1.6889954,1.7791748
81843,-0.91751099,-1.7041016,1.9374084
81844,-0.76217651,-1.6539001,1.8266296
81845,-0.75805664,-1.6381836,1.7950439
81846,-0.61706543,-1.7320251,1.7127991
81847,-0.68084717,-1.8315125,1.6395569
81848,-0.79711914,-1.6741943,1.5571594
81849,-0.67108154,-1.7738342,1.6702271
81850,-0.57617188,-1.7292786,1.6375732
81851,-0.5065918,-1.7723084,1.7950439
81852,-0.52856445,-1.8319702,1.7358398
81853,-0.46081543,-1.9042969,1.7019653
81854,-0.47973633,-2.0489502,1.7532349
81855,-0.44067383,-2.0069885,1.6409302
81856,-0.32592773,-2.099762,1.4978027
81857,-0.32913208,-2.0690918,1.6018677
81858,-0.26016235,-1.9136047,1.6017151
81859,-0.21728516,-2.035675,1.6233826
81860,-0.17440796,-1.9918823,1.5237427
81861,-0.15075684,-2.1092224,1.5994263
81862,-0.046386719,-2.2731018,1.4077759
81863,0.007781982,-2.2189331,1.3308716
81864,0.034179688,-2.2709656,1.1204529
81865,-0.0390625,-2.2724915,1.1535645
81866,0.18753052,-2.1672058,1.0748291
81867,0.35751343,-2.3684692,1.0520935
81868,0.16357422,-2.1112061,1.1758423
81869,0.34912109,-2.3022461,1.027832
81870,0.27084351,-2.1356201,1.1187744
81871,0.4045105,-2.0324707,1.0418701
81872,0.55419922,-2.1173096,1.0063171
81873,0.44891357,-2.1209717,1.015625
81874,0.46234131,-2.1569824,0.80230713
81875,0.56533813,-2.0437622,0.77651978
81876,0.50964356,-2.0799255,0.48583984
81877,0.7484436,-2.2828674,0.47058106
81878,0.68145752,-2.0309448,0.54473877
81879,0.75637817,-2.164917,0.4788208
81880,0.74249268,-1.9477844,0.56350708
81881,0.75912476,-2.0806885,0.38421631
81882,0.76126099,-2.0359802,0.35736084
81883,0.88623047,-1.7230225,0.2746582
81884,0.89782715,-1.9662476,0.21270752
81885,1.1691284,-2.011261,0.18707275
81886,0.94329834,-2.0121765,0.078582764
81887,0.78308106,-2.0774841,0.12283325
81888,1.0009766,-1.8321228,0.20233154
81889,0.86959839,-1.8157959,0.063476563
81890,1.0951233,-1.7752075,0.15625
81891,1.0690308,-1.8447876,0.16021728
81892,1.0699463,-1.6595459,0.056610107
81893,1.0586548,-1.7030334,-0.18157959
81894,1.1943054,-1.5821838,-0.093688965
81895,1.1073303,-1.5794373,-0.27099609
81896,1.12854,-1.509552,-0.27694702
81897,1.3774109,-1.449585,-0.36453247
81898,1.2298584,-1.3696289,-0.39123535
81899,1.1195374,-1.4767456,-0.43869019
81900,1.1750793,-1.5586853,-0.42419434
81901,1.3388062,-1.4732361,-0.31768799
81902,1.116333,-1.3615417,-0.45043945
81903,1.2187195,-1.3330078,-0.59432983
81904,1.2120056,-1.1598206,-0.73242188
81905,1.2947083,-1.2133789,-0.67810059
81906,1.1216736,-1.1087036,-0.63598633
81907,1.1323547,-1.0136414,-0.75592041
81908,0.96588135,-0.94543457,-0.86090088
81909,1.0632324,-0.85266113,-0.75546265
81910,0.99319458,-0.77301025,-0.85617065
81911,1.0362244,-0.85845947,-0.91491699
81912,1.0653687,-0.81390381,-0.8505249
81913,1.0006714,-0.80596924,-0.84854126
81914,0.965271,-0.65444946,-0.98876953
81915,1.0102844,-0.80978394,-0.94772339
81916,0.85601807,-0.51025391,-1.0046387
81917,0.86456299,-0.57235718,-0.99884033
81918,0.8126831,-0.52047729,-1.0191345
81919,0.91888428,-0.29998779,-0.99853516
81920,0.89141846,-0.52185059,-1.0211182
81921,0.83404541,-0.22445679,-1.1798096
81922,0.74356079,-0.15441895,-1.2011719
81923,0.72723389,-0.034484863,-1.0888672
81924,0.67367554,-0.093078613,-1.2184143
81925,0.66375732,-0.17532349,-1.1862183
81926,0.62393188,-0.089263916,-1.1175537
81927,0.67871094,-0.15838623,-1.1634827
81928,0.57037353,-0.48553467,-1.4620972
81929,0.4359436,1.1495972,-1.4323425
81930,0.47897339,-0.003967285,-1.4006042
81931,0.41473389,0.27130127,-1.4001465
81932,0.34881592,0.2923584,-1.3200378
81933,0.30029297,0.31005859,-1.3522339
81934,0.31082153,0.38513184,-1.1999512
81935,0.26733398,0.42022705,-1.3319397
81936,0.16174316,0.33630371,-1.2982178
81937,0.26611328,0.32104492,-1.4215088
81938,0.24932861,0.38208008,-1.2348938
81939,0.14175415,0.49194336,-1.15448
81940,-0.029907227,0.7345581,-1.1590576
81941,-0.062713623,0.59188843,-1.1997986
81942,-0.040740967,0.75653076,-1.2927246
81943,-0.092163086,0.86044312,-1.206665
81944,-0.056610107,0.92575073,-1.0661316
81945,-0.30990601,0.90148926,-1.1413574
81946,-0.20233154,0.93719482,-1.1465454
81947,-0.34194946,0.99075317,-1.031189
81948,-0.32958984,0.97244263,-1.0749817
81949,-0.34988403,0.9437561,-0.93765259
81950,-0.63583374,1.0189819,-1.0159302
81951,-0.59768677,1.0517883,-1.1018372
81952,-0.61233521,0.98754883,-1.0197449
81953,-0.67672729,1.0267639,-1.0437012
81954,-0.80261231,1.1117554,-0.91812134
81955,-0.73043823,1.151886,-0.87265015
81956,-0.79833984,1.0345459,-0.82672119
81957,-0.98831177,1.0046387,-0.72448731
81958,-0.93109131,0.99853516,-0.64376831
81959,-0.85678101,1.1032104,-0.79330444
81960,-0.99456787,1.2550354,-0.64193726
81961,-1.0235596,1.2416077,-0.4258728
81962,-1.1576843,1.1834717,-0.45013428
81963,-1.2890625,1.29776,-0.44616699
81964,-1.1700439,1.2652588,-0.40802002
81965,-1.3667297,1.1625671,-0.39520264
81966,-1.2364197,1.156311,-0.39901733
81967,-1.3058472,1.2379456,-0.40023804
81968,-1.3188171,1.1860657,-0.38726807
81969,-1.4680481,1.1593628,-0.31036377
81970,-1.4361572,1.1955261,-0.25299072
81971,-1.6560364,0.90164185,-0.35888672
81972,-1.6471863,1.3414001,-0.09475708
81973,-1.5350342,1.2617493,-0.12939453
81974,-1.6642761,1.217041,0.10421753
81975,-1.812439,1.1776733,0.11306763
81976,-1.5979004,1.1477661,0.085906982
81977,-1.8682861,1.0874939,0.021972656
81978,-1.875,1.0150146,0.23254395
81979,-1.7973328,1.1630249,0.29937744
81980,-1.7976379,0.97732544,0.30578613
81981,-1.8486023,1.1102295,0.36071777
81982,-1.6995239,0.99700928,0.37811279
81983,-1.9206238,0.8670044,0.43273926
81984,-1.9927979,0.81085205,0.47241211
81985,-1.8643188,0.71395874,0.51071167
81986,-2.1633911,0.79116821,0.63659668
81987,-2.0571899,0.80947876,0.59951782
81988,-1.9735718,0.7472229,0.72311401
81989,-2.1374512,0.65734863,0.83389282
81990,-2.0393372,0.44433594,0.78079224
81991,-2.1878052,0.41381836,0.74859619
81992,-2.0944214,0.51422119,0.82580566
81993,-2.1264648,0.52688599,0.75927734
81994,-2.0690918,0.34820557,0.72387695
81995,-2.063446,0.71380615,0.81130981
81996,-2.0832825,0.25665283,0.89172363
81997,-2.0671082,0.38192749,0.95611572
81998,-2.1392822,0.17379761,1.0035706
81999,-2.1409607,0.22094727,1.0479736
82000,-2.1539307,0.16555786,1.1526489
82001,-2.1450806,0.10925293,1.0121155
82002,-2.0936584,0.18203735,1.2374878
82003,-2.0054626,0.08682251,1.1628723
82004,-2.1536255,-0.039367676,1.4201355
82005,-2.0840454,-0.12924194,1.4953613
82006,-2.0599365,-0.10055542,1.5124512
82007,-1.8685913,-0.1524353,1.4068604
82008,-1.9746399,-0.12359619,1.5588379
82009,-1.9944763,-0.29083252,1.5548706
82010,-1.9288635,-0.19958496,1.651001
82011,-1.9044495,-0.22857666,1.6212463
82012,-1.9232178,-0.38024902,1.5196228
82013,-1.7118835,-0.56213379,1.5460205
82014,-1.855011,-0.63613892,1.6685486
82015,-1.6096497,-0.84472656,1.6401672
82016,-1.7059326,-0.50231934,1.7034912
82017,-1.9271851,-0.62744141,1.7797852
82018,-1.7831421,-0.71533203,1.7791748
82019,-1.8754578,-0.77835083,1.8373108
82020,-1.6645813,-0.92010498,1.8939209
82021,-1.6711426,-0.94345093,1.9180298
82022,-1.6439819,-1.0884094,1.7793274
82023,-1.6804504,-1.3378906,1.8057251
82024,-1.7866516,-1.184082,1.9352722
82025,-1.5971375,-1.2928772,2.0355225
82026,-1.4750671,-1.3812256,1.7822266
82027,-1.5510559,-1.2860107,1.9482422
82028,-1.410675,-1.4604187,1.9621277
82029,-1.3279724,-1.5690613,1.7590332
82030,-1.2203979,-1.5847778,1.7532349
82031,-1.2315369,-1.4964294,1.8251038
82032,-1.2893677,-1.6775513,1.7802429
82033,-1.2800598,-1.6401672,1.65802
82034,-0.86914063,-1.8940735,1.7701721
82035,-1.1439514,-1.8753052,1.9337463
82036,-1.270752,-1.7300415,1.847229
82037,-1.3076782,-1.5791321,1.8218994
82038,-1.013031,-1.5673828,1.9024658
82039,-1.0264587,-1.7851257,1.990509
82040,-0.84762573,-1.967926,1.8017578
82041,-0.70800781,-1.7973328,1.9535828
82042,-0.78201294,-1.98349,1.8379211
82043,-0.66818237,-2.0988464,1.7349243
82044,-0.43182373,-2.0178223,1.8054199
82045,-0.64147949,-2.114563,1.7767334
82046,-0.50048828,-2.0773315,1.6932678
82047,-0.43792725,-2.094574,1.685791
82048,-0.43136597,-2.0703125,1.7059326
82049,-0.31936645,-2.1281433,1.6578674
82050,-0.26550293,-2.1383667,1.5815735
82051,-0.22125244,-2.2503662,1.5104675
82052,-0.14556885,-2.2589111,1.5823364
82053,-0.14129639,-2.4172974,1.5887451
82054,0.030822754,-2.4465942,1.4582825
82055,0.045471191,-2.298584,1.4033508
82056,0.051879883,-2.2827148,1.4224243
82057,0.10131836,-2.2540283,1.3331604
82058,0.17547607,-2.2950745,1.3735962
82059,0.23635864,-2.3580933,1.2512207
82060,0.32363892,-2.6437378,1.211853
82061,0.34362793,-2.3703003,1.1531067
82062,0.20080566,-2.4964905,1.138916
82063,0.45257568,-2.4720764,1.0240173
82064,0.43319702,-2.414093,0.94177246
82065,0.4284668,-2.2737122,0.91705322
82066,0.55343628,-2.4130249,0.86181641
82067,0.57861328,-2.1366882,0.91781616
82068,0.81222534,-2.1604919,0.76019287
82069,0.57739258,-1.9926453,0.72280884
82070,0.72021484,-1.8988037,0.67047119
82071,0.64147949,-2.1421814,0.56518555
82072,0.92163086,-2.1783447,0.61065674
82073,0.81375122,-2.1751404,0.58746338
82074,0.87463379,-2.2717285,0.52093506
82075,0.82687378,-2.0750427,0.48797607
82076,0.57632446,-2.2257996,0.35217285
82077,0.8670044,-2.2612,0.38421631
82078,1.0343933,-2.1563721,0.20507813
82079,0.94619751,-2.1614075,0.20721435
82080,0.96572876,-2.1762085,0.13565063
82081,1.0255432,-2.0948792,0.22827148
82082,1.0752869,-2.1022034,0.12527466
82083,1.2567139,-2.0605469,-0.048370361
82084,1.1651611,-1.918335,-0.004119873
82085,1.2200928,-1.8197632,-0.13793945
82086,1.2098694,-1.8553162,-0.27160644
82087,1.1697388,-1.763916,-0.18295288
82088,1.2507629,-1.8336487,-0.26672363
82089,1.3343811,-1.8177795,-0.31982422
82090,1.1842346,-1.8174744,-0.26275635
82091,1.2469482,-1.6833496,-0.28289795
82092,1.2550354,-1.7338562,-0.43884277
82093,1.1726379,-1.6532898,-0.36407471
82094,1.2149048,-1.6427612,-0.34057617
82095,1.2043762,-1.4256287,-0.40802002
82096,1.3261414,-1.4642334,-0.59020996
82097,1.3883972,-1.4414978,-0.65246582
82098,1.3897705,-1.234436,-0.65795898
82099,1.2261963,-1.2976074,-0.65093994
82100,1.2442017,-1.005249,-0.57815552
82101,1.2738037,-1.0977173,-0.66146851
82102,1.1000061,-1.1340332,-0.90942383
82103,1.0736084,-1.1422729,-0.8013916
82104,1.1488342,-1.1592102,-0.83282471
82105,1.0536194,-1.1091614,-0.83404541
82106,1.020813,-1.0221863,-0.9425354
82107,1.1167908,-0.92193603,-0.97717285
82108,1.0359192,-0.84075928,-0.90026856
82109,1.0510254,-0.756073,-1.0183716
82110,1.1354065,-0.64071655,-1.0357666
82111,1.1482239,-0.61630249,-1.026001
82112,0.98846435,-0.62271118,-1.053772
82113,1.0012817,-0.38879394,-1.210022
82114,0.88119507,-0.28686523,-1.2034607
82115,0.88684082,-0.39245606,-1.3127136
82116,0.96191406,-0.40527344,-1.1965942
82117,1.0020447,-0.28015137,-1.2017822
82118,0.80566406,-0.32165527,-1.2402344
82119,0.80810547,-0.24353027,-1.2408447
82120,0.88989258,-0.11795044,-1.3926697
82121,0.75424194,0.048370361,-1.3484192
82122,0.36926269,-0.16571045,-1.3322449
82123,0.62286377,-0.25619507,-1.4271545
82124,0.62988281,0.042419434,-1.2249756
82125,0.60638428,0.073394775,-1.4179993
82126,0.63049316,0.1373291,-1.2358093
82127,0.59616089,0.3553772,-1.3342285
82128,0.49743652,0.5154419,-1.282196
82129,0.46936035,0.53237915,-1.3735962
82130,0.26702881,0.52459717,-1.3952637
82131,0.17150879,0.50979614,-1.340332
82132,0.31021118,0.57006836,-1.428833
82133,0.35140991,0.63674927,-1.3137817
82134,0.34912109,0.70129394,-1.3162231
82135,0.13519287,0.5140686,-1.4523315
82136,0.078125,0.71624756,-1.2452698
82137,0.050964355,0.78430176,-1.4750671
82138,-0.030670166,0.88424683,-1.300354
82139,-0.086517334,0.90881348,-1.2091064
82140,-0.26611328,1.1325073,-1.2219238
82141,-0.24185181,0.96801758,-1.1665344
82142,-0.20782471,1.0868835,-1.1203003
82143,-0.29556274,1.2287903,-1.1575317
82144,-0.39123535,1.2138367,-1.1206055
82145,-0.55221558,1.1883545,-0.98587036
82146,-0.50964356,1.1352539,-0.97366333
82147,-0.64788818,1.1935425,-0.88409424
82148,-0.65994263,1.111145,-0.80230713
82149,-0.63964844,1.217804,-0.94421387
82150,-0.70449829,1.3021851,-0.97106934
82151,-0.85678101,1.3456726,-0.81954956
82152,-0.9274292,1.4387512,-0.81329346
82153,-1.0610962,1.3427734,-0.69091797
82154,-0.90301514,1.255188,-0.72647095
82155,-1.1437988,1.383667,-0.67703247
82156,-0.95626831,1.3546753,-0.70205688
82157,-1.138916,1.3014221,-0.68145752
82158,-1.3806152,1.3412476,-0.54519653
82159,-1.1260986,1.4523315,-0.51132202
82160,-1.3270569,1.5444946,-0.47332764
82161,-1.375885,1.47995,-0.39855957
82162,-1.4424133,1.2738037,-0.34332275
82163,-1.4929199,1.2405396,-0.23666382
82164,-1.4923096,1.2503052,-0.16113281
82165,-1.5065002,1.2355041,-0.22613525
82166,-1.5635681,1.0891724,-0.1260376
82167,-1.7800903,0.94818115,-0.077514648
82168,-1.6618347,1.1753845,-0.18966675
82169,-1.7546082,1.1691284,-0.023193359
82170,-1.6751099,1.2014771,0.056762695
82171,-1.7407227,1.2771606,0.10787964
82172,-1.9206238,1.0385132,0.23162842
82173,-1.7854309,1.2202454,0.25772095
82174,-1.9616699,1.0090637,0.34637451
82175,-1.8656921,1.1282349,0.38925171
82176,-1.9419861,1.0281372,0.34744263
82177,-1.8406677,0.98129272,0.48873901
82178,-1.8984985,0.9677124,0.48706055
82179,-2.0040894,1.0025024,0.47485352
82180,-2.0237732,0.94848633,0.4107666
82181,-2.0353699,0.99945068,0.48965454
82182,-2.0593262,0.8757019,0.43273926
82183,-1.920929,0.85144043,0.64178467
82184,-2.179718,0.65734863,0.63476563
82185,-2.1124268,0.69335938,0.66726685
82186,-2.1299744,0.7723999,0.56106567
82187,-2.2305298,0.66360474,0.86044312
82188,-2.1969604,0.59570313,0.71624756
82189,-2.2787476,0.48858643,1.0691834
82190,-2.1818542,0.57723999,1.0961914
82191,-2.1672058,0.33416748,1.0449219
82192,-2.0491028,0.23880005,1.129303
82193,-2.2512817,0.28945923,1.1575317
82194,-2.10495,0.091705322,1.0952759
82195,-2.1774292,0.28869629,1.2031555
82196,-2.1835327,0.14572144,1.197052
82197,-2.275238,0.10620117,1.2301636
82198,-2.2589111,0.25466919,1.3342285
82199,-2.1243286,0.014190674,1.4407349
82200,-1.8908691,0.015716553,1.3928223
82201,-2.1588135,-0.13809204,1.3708496
82202,-2.0222473,-0.023193359,1.4907837
82203,-1.9877625,-0.28961182,1.320343
82204,-2.1034241,-0.16479492,1.4143372
82205,-2.0944214,-0.11825561,1.519165
82206,-2.0336914,-0.31524658,1.5068054
82207,-1.9293213,-0.2281189,1.6690063
82208,-1.9369507,-0.50964356,1.5596008
82209,-1.8638611,-0.48721314,1.7272949
82210,-1.8901062,-0.51086426,1.5914917
82211,-1.8490601,-0.83435059,1.7127991
82212,-1.8331909,-0.94802856,1.7817688
82213,-1.7628479,-0.8140564,1.9140625
82214,-1.9075012,-0.82260132,1.8521118
82215,-1.8190002,-0.75378418,1.7999268
82216,-1.778717,-0.88973999,1.8803406
82217,-1.71875,-1.031189,1.9998169
82218,-1.6918945,-1.0475159,1.9958496
82219,-1.505127,-1.0017395,2.0143127
82220,-1.5788269,-1.3467407,1.9523621
82221,-1.587677,-1.4157104,1.9706726
82222,-1.4059448,-1.2998962,2.0413208
82223,-1.6311646,-1.3980103,2.0381165
82224,-1.8003845,-1.3876343,2.0709229
82225,-1.2258911,-1.6418457,2.076416
82226,-1.2142944,-1.4222717,2.1173096
82227,-1.3812256,-1.6467285,1.9036865
82228,-1.2825012,-1.6923523,1.8586731
82229,-1.1125183,-1.8882751,1.8986511
82230,-1.3140869,-1.7631531,1.829834
82231,-1.0105896,-1.8249512,2.1058655
82232,-1.076355,-1.8928528,1.8762207
82233,-1.0806274,-1.9116211,1.764679
82234,-1.0897827,-1.8371582,2.0254517
82235,-0.9274292,-1.8313599,1.8278503
82236,-0.7699585,-1.829071,1.8963623
82237,-0.56274414,-1.9395447,1.9230652
82238,-0.64910889,-2.1244812,1.8806458
82239,-0.61462402,-2.1469116,1.7466736
82240,-0.5065918,-2.130127,1.8336487
82241,-0.55831909,-2.1911621,1.7602539
82242,-0.49804688,-2.2190857,1.960144
82243,-0.54824829,-2.3095703,1.7495728
82244,-0.38284302,-2.2866821,1.8061829
82245,-0.31585693,-2.2468567,1.6995239
82246,-0.60897827,-2.1598816,1.73172
82247,-0.45028686,-2.1813965,1.7907715
82248,-0.31082153,-2.0579529,1.6473389
82249,-0.1852417,-2.2494507,1.6793823
82250,0.075073242,-2.2009277,1.4608765
82251,-0.21972656,-2.3725891,1.3751221
82252,-0.084533691,-2.2668457,1.3919067
82253,0.020294189,-2.2821045,1.3461304
82254,0.046539307,-2.0724487,1.3504028
82255,0.13809204,-2.1008301,1.2825012
82256,0.22079468,-2.1351624,1.1634827
82257,0.27893066,-2.1080017,1.2103271
82258,0.32684326,-2.2306824,1.2507629
82259,0.43670654,-2.2364807,1.1914063
82260,0.46463013,-2.3783875,1.133728
82261,0.53726196,-2.3068237,1.0586548
82262,0.62896728,-2.3690796,0.95123291
82263,0.7170105,-2.3695374,0.92285156
82264,0.77484131,-2.376709,0.88989258
82265,0.82000732,-2.3857117,0.83511353
82266,0.8013916,-2.3248291,0.80337524
82267,0.78567505,-2.2242737,0.74752808
82268,0.70724487,-2.4932861,0.76293945
82269,0.84716797,-2.4812317,0.58242798
82270,0.89782715,-2.3817444,0.46676636
82271,0.85922241,-2.2683716,0.4850769
82272,0.91262817,-2.2213745,0.36697388
82273,1.0754395,-2.0657349,0.43609619
82274,1.0758972,-2.1061707,0.55297852
82275,1.0940552,-2.0617676,0.21087647
82276,1.0852051,-1.9555664,0.24795532
82277,1.1938477,-2.0149231,0.12084961
82278,1.1128235,-2.0046997,-0.007324219
82279,1.0180664,-1.9581604,-0.033569336
82280,1.146698,-1.9534302,0.10482788
82281,1.1157227,-1.9052124,0.026245117
82282,1.260376,-1.8940735,0.0
82283,1.2208557,-1.9743347,-0.013275146
82284,1.3571167,-1.8344116,-0.094909668
82285,1.2892151,-1.8426514,-0.11642456
82286,1.2922668,-1.7471313,-0.20019531
82287,1.2466431,-1.6719055,-0.23696899
82288,1.2329102,-1.6873169,-0.31066894
82289,1.2232971,-1.5966797,-0.362854
82290,1.2364197,-1.5483093,-0.46142578
82291,1.1531067,-1.5194702,-0.53985596
82292,1.2286377,-1.3543701,-0.54626465
82293,1.2713623,-1.2875366,-0.55755615
82294,1.1401367,-1.265564,-0.47683716
82295,1.1521912,-1.1727905,-0.59234619
82296,1.2684631,-1.3021851,-0.58959961
82297,1.2590027,-1.321106,-0.78765869
82298,1.3037109,-1.1529541,-0.84594727
82299,1.0470581,-1.0614014,-0.9841919
82300,1.2036133,-0.94207764,-0.90209961
82301,1.174469,-0.92880249,-1.0652161
82302,1.1256409,-0.90255737,-0.92376709
82303,1.1558533,-0.95886231,-1.0604858
82304,1.1880493,-0.74172974,-1.0585022
82305,1.1024475,-0.63842773,-1.1238098
82306,1.2026978,-0.52490234,-1.2969971
82307,1.1940002,-0.60928345,-1.0397339
82308,1.0668945,-0.43792725,-1.1610413
82309,0.97976685,-0.36590576,-1.0777283
82310,1.0018921,-0.39840698,-1.2496948
82311,0.99349976,-0.19470215,-1.1289978
82312,0.83984375,-0.18478394,-1.1947632
82313,0.79544067,0.039978027,-1.1709595
82314,1.0099792,0.027313232,-1.3041687
82315,0.74279785,-0.14083862,-1.2490845
82316,0.77911377,-0.12329102,-1.3592529
82317,0.77392578,0.015869141,-1.2695313
82318,0.74066162,-0.12649536,-1.3957214
82319,0.46600342,-0.019683838,-1.5884399
82320,0.58395386,0.028686523,-1.5000916
82321,0.62179565,0.03692627,-1.4300537
82322,0.61096191,0.1071167,-1.582489
82323,0.48416138,0.27664185,-1.6816711
82324,0.43212891,0.27160644,-1.4770508
82325,0.3414917,0.39245606,-1.6081238
82326,0.45150757,1.2225342,-1.386261
82327,0.2998352,0.69534302,-1.2846375
82328,0.38208008,0.68725586,-1.3508606
82329,0.34088135,0.72998047,-1.4483643
82330,0.23590088,0.78353882,-1.3986206
82331,0.19165039,0.7119751,-1.3232422
82332,0.083007813,0.75698853,-1.2164307
82333,-0.034484863,0.81924438,-1.3021851
82334,-0.13046265,0.76828003,-1.2437439
82335,-0.059509277,0.74645996,-1.2117004
82336,-0.1411438,0.81588745,-1.2808228
82337,-0.17944336,0.89141846,-1.2081909
82338,-0.24719238,0.93322754,-1.136322
82339,-0.36849976,1.0813904,-1.2356567
82340,-0.43869019,1.022644,-1.1784363
82341,-0.52825928,1.2362671,-1.0710144
82342,-0.50125122,1.2089539,-1.1729431
82343,-0.72448731,1.1454773,-1.101532
82344,-0.63430786,1.1419678,-1.2039185
82345,-1.0058594,1.1935425,-1.1694336
82346,-0.76019287,1.2796021,-1.0447693
82347,-0.75027466,1.1979675,-0.8682251
82348,-0.78796387,1.3052368,-0.90438843
82349,-1.0437012,1.3839722,-0.86517334
82350,-1.1306763,1.3392639,-0.84472656
82351,-1.2010193,1.4962769,-0.88073731
82352,-1.206665,1.5126038,-0.65719604
82353,-1.1247253,1.2838745,-0.47454834
82354,-1.2054443,1.3285828,-0.63140869
82355,-1.2593079,1.3217163,-0.49591064
82356,-1.1123657,1.3827515,-0.53619385
82357,-1.3539124,1.5045166,-0.56350708
82358,-1.3795471,1.3856506,-0.37506103
82359,-1.2849426,1.4266968,-0.40084839
82360,-1.4584351,1.4207459,-0.39306641
82361,-1.570282,1.3034058,-0.30700684
82362,-1.6516113,1.3824463,-0.45654297
82363,-1.5768433,1.3064575,-0.28274536
82364,-1.5383911,0.98632813,-0.234375
82365,-1.698761,1.1994934,-0.11062622
82366,-1.7298889,1.1706543,0.076904297
82367,-1.696167,1.1549377,0.051269531
82368,-1.835022,1.3555908,0.053863525
82369,-1.8951416,1.2644959,0.06652832
82370,-1.8574524,1.1694336,0.15686035
82371,-1.9371033,1.0986328,0.14068603
82372,-2.0121765,1.2086487,0.17608643
82373,-1.9796753,1.164093,0.31600952
82374,-2.0187378,1.2091064,0.32852173
82375,-2.164917,1.0140991,0.51269531
82376,-2.1774292,1.1584473,0.56228638
82377,-2.1176147,1.0508728,0.58609009
82378,-2.3704529,0.9362793,0.64605713
82379,-2.2180176,0.94680786,0.73516846
82380,-2.1687317,0.89401245,0.67611694
82381,-2.384491,0.97091675,0.69473267
82382,-2.2605896,0.82550049,0.7862854
82383,-2.2039795,0.65826416,0.9992981
82384,-2.2813416,0.61279297,0.85723877
82385,-2.3892212,0.54275513,0.74829102
82386,-2.1522522,0.55557251,0.97747803
82387,-2.3466492,0.37155151,1.2025452
82388,-2.2836304,0.50476074,1.2348938
82389,-2.1641541,0.46173096,1.1180115
82390,-2.116394,0.31311035,1.2001038
82391,-2.1757507,0.10009766,1.1595154
82392,-2.1087646,1.5957642,1.2109375
82393,-2.1456909,0.39596558,1.3090515
82394,-2.1815491,0.15670776,1.3127136
82395,-2.177887,0.13076782,1.2858582
82396,-2.1939087,0.097198486,1.4430237
82397,-2.2520447,0.11047363,1.5087891
82398,-2.167511,-0.14251709,1.5284729
82399,-2.127533,-0.12176514,1.4974976
82400,-2.0677185,-0.092773438,1.5406799
82401,-1.9099426,0.071258545,1.7234802
82402,-1.9909668,-0.19485474,1.6572571
82403,-2.0767212,-0.2494812,1.7012024
82404,-2.2302246,-0.44616699,1.6638184
82405,-1.6513062,-0.44433594,1.7120361
82406,-2.0765686,-0.69717407,1.7396545
82407,-2.0011902,-0.67092896,1.6786194
82408,-1.9714355,-0.61584473,1.907959
82409,-1.9198608,-0.9463501,2.0178223
82410,-2.0118713,-0.88577271,2.019043
82411,-1.9264221,-0.97091675,2.0877075
82412,-1.8328857,-1.1433411,1.9451904
82413,-1.8789673,-0.9765625,1.9721985
82414,-2.0295715,-1.0997009,1.889801
82415,-1.9845581,-1.4929199,1.9288635
82416,-1.7410278,-1.4283752,1.8469238
82417,-1.8521118,-1.3699341,2.1046448
82418,-1.7485046,-1.4680481,2.0674133
82419,-1.599884,-1.6105652,2.0613098
82420,-1.5470886,-1.4663696,2.0678711
82421,-1.6065979,-1.4147949,2.1748352
82422,-1.5441895,-1.2879944,2.2389221
82423,-1.308136,-1.3061523,2.3098755
82424,-1.3896179,-1.4884949,2.1333313
82425,-1.4483643,-1.4126587,2.1206665
82426,-1.2799072,-1.5365601,2.1630859
82427,-1.2712097,-1.7791748,2.0031738
82428,-1.2974548,-1.8365479,2.0314026
82429,-1.1242676,-1.9496155,1.895752
82430,-1.0899353,-1.819458,1.8907166
82431,-1.1360168,-1.7955017,2.0935059
82432,-0.9072876,-1.8162537,2.1522522
82433,-0.96633911,-1.8405151,2.0220947
82434,-0.88073731,-1.7941284,1.9900513
82435,-0.63430786,-1.8891907,2.0121765
82436,-0.68557739,-1.9134521,1.8421936
82437,-0.63369751,-1.8536377,1.9049072
82438,-0.67123413,-2.102356,1.9052124
82439,-0.60424805,-2.0407104,1.8299866
82440,-0.46203613,-2.1128845,1.6059875
82441,-0.33081055,-2.3376465,1.5151978
82442,-0.29586792,-2.2769165,1.5829468
82443,-0.22918701,-2.1737671,1.4590454
82444,-0.26657105,-2.3074341,1.5667725
82445,-0.22079468,-2.1995544,1.723938
82446,-0.21362305,-2.3046875,1.6143799
82447,0.080871582,-2.2451782,1.5583801
82448,-0.016174316,-2.3017883,1.5710449
82449,0.020446777,-2.4354553,1.6262817
82450,0.1600647,-2.4331665,1.4764404
82451,0.12802124,-2.3158264,1.6081238
82452,0.19958496,-2.4014282,1.3275146
82453,0.3137207,-2.3040771,1.217804
82454,0.36651611,-2.3368835,1.1366272
82455,0.25360107,-2.3876953,1.1749268
82456,0.45471191,-2.4449158,1.2243652
82457,0.37750244,-2.5926208,1.2301636
82458,0.60974121,-2.4397278,1.2301636
82459,0.3515625,-2.5094604,1.0499573
82460,0.49835205,-2.3954773,0.96405029
82461,0.64483643,-2.4737549,0.97763062
82462,0.86791992,-2.351532,0.95825195
82463,0.76446533,-2.4842834,0.99899292
82464,0.65338135,-2.4645996,0.70739746
82465,0.87646484,-2.4101257,0.69580078
82466,0.99807739,-2.149353,0.67871094
82467,0.68328857,-2.2941589,0.54595947
82468,0.89767456,-2.4067688,0.61691284
82469,0.91766357,-2.2694397,0.46691894
82470,0.94848633,-2.2769165,0.41046143
82471,1.0725403,-2.2200012,0.45257568
82472,1.0992432,-2.2520447,0.33065796
82473,1.2554932,-2.1582031,0.30075073
82474,1.1531067,-2.0343018,0.39031982
82475,1.2600708,-2.0787048,0.23742676
82476,1.2638855,-2.0335388,0.22720337
82477,1.2574768,-2.134552,0.17028809
82478,1.272583,-2.1057129,0.072631836
82479,1.2800598,-2.0031738,-0.15930176
82480,1.2792969,-1.8592834,-0.10620117
82481,1.4294434,-1.8650818,-0.32455444
82482,1.3935852,-1.7456055,-0.38848877
82483,1.3192749,-1.751709,-0.32089233
82484,1.3345337,-1.7958069,-0.29388428
82485,1.4358521,-1.7457581,-0.23788452
82486,1.4646912,-1.7373657,-0.37689209
82487,1.4477539,-1.6792297,-0.46218872
82488,1.3262939,-1.6618347,-0.48858643
82489,1.4569092,-1.5649414,-0.5519104
82490,1.3851929,-1.6654968,-0.61813354
82491,1.275177,-1.6677856,-0.53894043
82492,1.2783813,-1.5586853,-0.59814453
82493,1.2684631,-1.4152527,-0.8694458
82494,1.2414551,-1.2617493,-0.75866699
82495,1.2322998,-1.1650085,-0.82199097
82496,1.2634277,-0.95535278,-0.76202393
82497,1.2477112,-0.79788208,-0.83831787
82498,1.3827515,-0.80444336,-1.0264587
82499,1.2832642,-0.8392334,-1.0197449
82500,1.2338257,-0.88150024,-1.1289978
82501,1.267395,-0.89569092,-1.1218262
82502,1.2261963,-0.78048706,-1.229248
82503,1.2452698,-0.79711914,-1.2007141
82504,1.2080383,-0.74035644,-1.1131287
82505,1.1593628,-0.68588257,-1.138916
82506,1.1175537,-0.53466797,-1.3327026
82507,1.0980225,-0.5758667,-1.1633301
82508,1.1151123,-0.46234131,-1.1560059
82509,1.0671997,-0.29296875,-1.265564
82510,1.0125732,-0.24002075,-1.4126587
82511,0.94924927,-0.17654419,-1.3308716
82512,1.0591125,-0.18035889,-1.4030457
82513,1.0466003,-0.17196655,-1.5391541
82514,0.98220825,-0.056152344,-1.5707397
82515,0.97183228,-0.054016113,-1.496582
82516,0.65490723,-0.28152466,-1.5631104
82517,0.51223755,-0.16967773,-1.6575623
82518,0.67565918,0.047912598,-1.3604736
82519,0.75958252,0.12741089,-1.4543152
82520,0.83221435,0.20339966,-1.3772583
82521,0.52551269,0.47225952,-1.4694214
82522,0.47271728,0.085144043,-1.4860535
82523,0.46524048,0.43182373,-1.5496826
82524,0.55236816,1.8725586,-1.4057922
82525,0.46020508,0.48629761,-1.2799072
82526,0.1713562,0.49179077,-1.3186646
82527,0.20339966,0.73516846,-1.5525818
82528,0.11901856,0.85632324,-1.3774109
82529,0.24627685,0.85388184,-1.5136719
82530,0.28839111,0.76660156,-1.4741516
82531,0.075836182,0.78811646,-1.5315247
82532,0.062866211,0.67276001,-1.4653015
82533,-0.081787109,0.78460693,-1.3723755
82534,-0.091247559,0.77926636,-1.3626099
82535,-0.059814453,0.7572937,-1.3360596
82536,-0.16464233,0.80505371,-1.181488
82537,-0.33554077,0.94543457,-1.4299011
82538,-0.35049439,0.91598511,-1.1076355
82539,-0.47439575,1.0198975,-1.0704041
82540,-0.59326172,1.234436,-1.0383606
82541,-0.52474976,1.1262512,-1.0346985
82542,-0.66970825,1.0948181,-1.0740662
82543,-0.70755005,1.1779785,-1.1943054
82544,-0.69366455,1.2011719,-1.0377502
82545,-0.86120606,1.244812,-0.97976685
82546,-0.79345703,1.2399292,-0.99563599
82547,-0.83007813,1.2695313,-0.9324646
82548,-0.95230103,1.3583374,-0.9487915
82549,-0.9803772,1.3592529,-0.88653565
82550,-1.1019897,1.37146,-0.87127685
82551,-0.93765259,1.4328003,-0.84838867
82552,-1.0954285,1.3674927,-0.86425781
82553,-1.1636353,1.4945984,-0.64636231
82554,-1.1717224,1.2791443,-0.68130493
82555,-1.2709045,1.3278198,-0.65567017
82556,-1.3447571,1.4852905,-0.54840088
82557,-1.322937,1.4633179,-0.4814148
82558,-1.4266968,1.4788818,-0.43579102
82559,-1.5037537,1.5345764,-0.33340454
82560,-1.7433166,1.0414124,-0.69854736
82561,-1.5716553,1.1036682,-0.43045044
82562,-1.5432739,1.4355469,-0.30975342
82563,-1.6052246,1.2849426,-0.23040772
82564,-1.6850281,1.3531494,-0.10421753
82565,-1.739502,1.3745117,-0.074462891
82566,-1.6249084,1.2057495,-0.038452148
82567,-1.7218018,1.2020874,-0.043487549
82568,-1.8603516,1.1250305,0.025482178
82569,-1.7355347,1.1791992,0.028076172
82570,-1.7210388,1.114502,0.13000488
82571,-1.9010925,1.1230469,0.25283814
82572,-2.0314026,0.93521118,0.3225708
82573,-1.9877625,1.0527039,0.30319214
82574,-2.0445251,1.0298157,0.42236328
82575,-1.9332886,1.0328674,0.46463013
82576,-1.9676209,0.97991943,0.47073364
82577,-2.1014404,0.91918945,0.60363769
82578,-2.1232605,0.87219238,0.54534912
82579,-2.157135,0.89614868,0.64376831
82580,-2.1385193,0.88638306,0.55999756
82581,-2.1520996,0.60958862,0.599823
82582,-2.1182251,0.67520142,0.67626953
82583,-2.1887207,0.69381714,0.79879761
82584,-2.2039795,0.73776245,0.7321167
82585,-2.1794128,0.64880371,0.86395264
82586,-2.0718384,0.56304932,0.82107544
82587,-2.183075,0.519104,1.1096191
82588,-2.3175049,0.35110474,1.2380981
82589,-2.0967102,0.35644531,1.2969971
82590,-2.102356,0.65231323,1.1824036
82591,-2.1955872,0.37597656,1.2017822
82592,-2.1902466,0.44204712,1.2902832
82593,-2.1931458,0.36926269,1.4996338
82594,-2.2897339,0.13198853,1.4025879
82595,-2.0532227,0.20446777,1.4678955
82596,-2.1925354,-0.049133301,1.2844849
82597,-2.1516418,-0.062103271,1.3165283
82598,-2.1841431,-0.12802124,1.5501404
82599,-2.1366882,-0.17272949,1.678772
82600,-2.0489502,-0.1461792,1.6363525
82601,-2.0654297,-0.32119751,1.5640259
82602,-1.9729614,-0.35720825,1.5412903
82603,-1.9692993,-0.32913208,1.6467285
82604,-1.885376,-0.43457031,1.5579224
82605,-1.8977356,-0.46875,1.6954041
82606,-1.9242859,-0.59844971,1.7497253
82607,-2.0484924,-0.63903809,1.7012024
82608,-1.7106628,-0.62408447,1.7321777
82609,-1.9250488,-0.72479248,1.7788696
82610,-1.9050598,-0.8013916,1.8118286
82611,-1.8911743,-0.94787598,1.8731689
82612,-1.8867493,-0.97763062,1.7132568
82613,-1.6279602,-0.99304199,1.8035889
82614,-1.7402649,-0.81604004,1.9410706
82615,-1.565094,-1.0699463,1.9577026
82616,-1.5646362,-1.1613464,1.8353271
82617,-1.5240479,-1.288147,1.7602539
82618,-1.6145325,-1.2573242,1.714325
82619,-1.4306641,-1.2498474,1.809082
82620,-1.4105225,-1.2458801,1.6264343
82621,-1.3598633,-1.2597656,1.958313
82622,-1.2844849,-1.4102173,2.0176697
82623,-1.2774658,-1.2562561,1.9668579
82624,-1.5405273,-1.6844177,1.730957
82625,-1.391449,-1.703186,1.8725586
82626,-1.0916138,-1.5670776,1.9767761
82627,-1.1132813,-1.8951416,1.806488
82628,-1.0673523,-1.8165588,1.9487
82629,-1.0606384,-1.8566895,1.9161987
82630,-0.9815979,-1.8768311,1.9561768
82631,-0.8215332,-1.9720459,1.9470215
82632,-0.82855225,-1.9792175,1.9177246
82633,-0.72738647,-2.0469666,1.9119263
82634,-0.70465088,-1.9801331,1.9779968
82635,-0.76202393,-1.7950439,1.9522095
82636,-0.50094604,-1.9573975,1.9865417
82637,-0.49209595,-1.9647217,1.9512939
82638,-0.48431397,-2.0639038,1.889801
82639,-0.4107666,-2.1234131,1.7338562
82640,-0.36010742,-2.2286987,1.913147
82641,-0.34240723,-2.1287537,1.7950439
82642,-0.33996582,-2.1099854,1.5866089
82643,-0.21209717,-2.1694946,1.5805054
82644,-0.14846802,-2.2171021,1.5446472
82645,-0.093994141,-2.1632385,1.3859558
82646,-0.034790039,-2.3313904,1.3902283
82647,-0.057678223,-2.3973083,1.5005493
82648,-0.001220703,-2.3371887,1.3574219
82649,0.12191773,-2.3266602,1.3043213
82650,0.14083862,-2.3283386,1.4097595
82651,0.19638062,-2.3165894,1.3861084
82652,0.19546509,-2.2286987,1.3223267
82653,0.19317627,-2.1897888,1.2411499
82654,0.22262573,-2.2674561,1.2120056
82655,0.28045654,-2.3257446,1.1694336
82656,0.32333374,-2.3054504,0.9815979
82657,0.47637939,-2.2496033,1.030426
82658,0.52505493,-2.3033142,1.0385132
82659,0.56182861,-2.3457336,1.0571289
82660,0.70266724,-1.8484497,0.91415405
82661,0.66955566,-2.2814941,0.72540283
82662,0.77270508,-2.3143005,0.70892334
82663,0.68008423,-2.2244263,0.66009522
82664,0.69137573,-2.1427917,0.69168091
82665,0.75485229,-2.2117615,0.61904907
82666,0.86212158,-2.3699951,0.45043945
82667,0.76339722,-2.3764038,0.53253174
82668,1.0527039,-2.1774292,0.38269043
82669,1.1129761,-2.0669556,0.50720215
82670,0.97732544,-2.0774841,0.38345337
82671,0.99792481,-2.170105,0.50415039
82672,1.0112,-2.129364,0.33020019
82673,1.0446167,-2.1209717,0.41275024
82674,1.0430908,-2.0243835,0.25024414
82675,1.0823059,-1.9046021,0.10055542
82676,1.0502625,-1.9393921,-0.024414063
82677,1.2390137,-1.8534851,-0.042572021
82678,1.0823059,-1.8757629,0.056915283
82679,1.1190796,-1.7784119,-0.051574707
82680,1.2518311,-1.7640686,-0.1083374
82681,1.0462952,-1.6998291,-0.15914917
82682,1.2394714,-1.6436768,-0.19424438
82683,1.1949158,-1.5899658,-0.19393921
82684,1.1486816,-1.6003418,-0.099487305
82685,1.1764526,-1.6174316,-0.33462524
82686,1.1251831,-1.6578674,-0.57769775
82687,1.217804,-1.4758301,-0.59494019
82688,1.1390686,-1.4245605,-0.43029785
82689,1.1419678,-1.277771,-0.47943115
82690,1.2054443,-1.292572,-0.45928955
82691,1.2182617,-1.3249207,-0.79147339
82692,1.1601257,-1.2557983,-0.76873779
82693,1.1978149,-1.2734985,-0.73898315
82694,1.1141968,-1.0760498,-0.9173584
82695,1.1930847,-1.1083984,-0.72433472
82696,1.2315369,-1.08078,-0.7359314
82697,1.2271118,-0.91323853,-0.93139648
82698,1.174469,-0.6968689,-0.97473144
82699,1.1004639,-0.58883667,-0.92208862
82700,1.2408447,-0.64910889,-0.99365234
82701,1.0108948,-0.58319092,-0.93185425
82702,1.1161804,-0.60424805,-0.83847046
82703,1.0452271,-0.59295654,-0.92758179
82704,0.91888428,-0.64941406,-1.0765076
82705,0.88256836,-0.43823242,-1.05896
82706,0.97732544,-0.50811768,-1.0205078
82707,0.95001221,-0.38742065,-1.0691834
82708,0.98068237,-0.24780273,-1.1462402
82709,0.77178955,-0.28244019,-1.2155151
82710,0.89614868,-0.31066894,-1.2950134
82711,0.89035034,-0.41503906,-1.264801
82712,0.71304321,-0.21774292,-1.2557983
82713,0.69580078,-0.057678223,-1.265564
82714,0.62591553,0.011291504,-1.3265991
82715,0.21881103,-0.24108887,-1.5361023
82716,0.62026978,-0.3314209,-1.3719177
82717,0.33416748,-0.13412476,-1.4971924
82718,0.31463623,0.22491455,-1.1450195
82719,0.35354614,0.29602051,-1.1309814
82720,0.45959473,0.17730713,-1.2393188
82721,0.30059814,0.019683838,-1.1479187
82722,0.26916504,0.46646118,-1.2669373
82723,0.21865845,0.43914795,-1.4024353
82724,0.21911621,0.31768799,-1.2380981
82725,-0.005340576,0.55496216,-1.1628723
82726,0.044555664,0.46722412,-1.2301636
82727,-0.058746338,0.70587158,-1.1532593
82728,-0.034179688,0.63812256,-1.1369324
82729,-0.12817383,0.90194702,-1.0922241
82730,-0.17700195,0.90179443,-1.2083435
82731,-0.19073486,0.84197998,-1.10672
82732,-0.27938843,0.9451294,-1.0984802
82733,-0.23223877,0.8694458,-1.1210632
82734,-0.33203125,0.75439453,-1.0848999
82735,-0.55801392,0.80764771,-1.0964966
82736,-0.51422119,0.80841065,-1.1775208
82737,-0.54611206,0.90927124,-1.1373901
82738,-0.61096191,1.0018921,-1.033783
82739,-0.50552368,1.2017822,-1.0015869
82740,-0.64697266,1.2490845,-0.98403931
82741,-0.84182739,1.3145447,-0.95291138
82742,-0.78735352,1.1413574,-0.88256836
82743,-0.85021973,1.0662842,-0.85922241
82744,-0.89157104,1.0270691,-0.81420898
82745,-0.90530396,1.2664795,-0.64697266
82746,-0.9765625,1.3696289,-0.57601929
82747,-0.95657349,1.3183594,-0.70953369
82748,-1.0021973,1.2866211,-0.60241699
82749,-1.1228943,1.373291,-0.50613403
82750,-1.0559082,1.1398315,-0.55496216
82751,-1.0491943,1.1793518,-0.45959473
82752,-1.2750244,1.2709045,-0.5001831
82753,-1.2098694,1.2133789,-0.47271728
82754,-1.2942505,1.0940552,-0.40969849
82755,-1.3180542,1.2069702,-0.4574585
82756,-1.4665222,0.9135437,-0.496521
82757,-1.4442444,1.1297607,-0.32333374
82758,-1.5356445,1.0762024,-0.10940552
82759,-1.4419556,1.1022949,-0.11108398
82760,-1.5164185,1.0314941,-0.094451904
82761,-1.5240479,1.0423279,-0.1260376
82762,-1.7436218,1.0792541,0.073547363
82763,-1.698761,1.1087036,0.093841553
82764,-1.7271423,1.1175537,0.027160645
82765,-1.7060852,1.0023499,0.14251709
82766,-1.7588806,1.0862732,0.24261475
82767,-1.7953491,1.0426331,0.31677246
82768,-1.7666626,1.0339355,0.3125
82769,-1.8569946,0.84915161,0.46508789
82770,-2.011261,0.89233398,0.35705566
82771,-1.9180298,1.063385,0.41091919
82772,-1.7689514,0.9614563,0.43899536
82773,-1.8206787,0.66650391,0.47241211
82774,-1.7886353,0.70068359,0.52246094
82775,-2.1716309,0.80673218,0.41412353
82776,-2.1154785,0.71838379,0.74645996
82777,-2.053833,0.81390381,0.72021484
82778,-2.0814514,0.73486328,0.50979614
82779,-2.1202087,0.62194824,0.81863403
82780,-2.194519,0.57571411,0.64285278
82781,-2.0996094,0.51086426,0.90240478
82782,-2.0401001,0.52154541,0.88668823
82783,-1.9848633,0.32348633,0.90011597
82784,-1.897583,0.35842895,1.2037659
82785,-2.1170044,0.31143189,1.0993958
82786,-2.1325684,0.29083252,1.2199402
82787,-2.0979309,0.22354126,1.0977173
82788,-2.0907593,0.01159668,1.2802124
82789,-2.0317078,0.15640259,1.2353516
82790,-1.8850708,0.12527466,1.3368225
82791,-1.8635559,0.085449219,1.3121033
82792,-2.0727539,0.064239502,1.4002991
82793,-2.0185852,-0.16998291,1.255188
82794,-2.0935059,-0.056152344,1.3720703
82795,-2.0649719,-0.14480591,1.4553833
82796,-1.9543457,-0.20141602,1.4550781
82797,-1.8716431,-0.24520874,1.3534546
82798,-1.9636536,-0.30197144,1.4556885
82799,-1.8699646,-0.56945801,1.4564514
82800,-2.0184326,-0.75241089,1.5722656
82801,-1.9413757,-0.76171875,1.6247559
82802,-1.9049072,-0.50628662,1.9140625
82803,-1.7602539,-0.7019043,1.9085693
82804,-1.7510986,-0.70358276,1.685791
82805,-1.8009949,-0.87249756,1.7295837
82806,-1.6835022,-0.92605591,1.7321777
82807,-1.6500854,-1.0267639,1.6804504
82808,-1.612854,-0.97076416,1.6545105
82809,-1.5792847,-0.87554932,1.7156982
82810,-1.5460205,-0.9324646,1.9984436
82811,-1.5209961,-1.0754395,1.8461609
82812,-1.5713501,-0.99731445,2.1253967
82813,-1.5161133,-1.1140442,1.9308472
82814,-1.4398193,-1.2535095,1.9593811
82815,-1.3586426,-1.3493347,1.8841553
82816,-1.2322998,-1.3554382,1.7227173
82817,-1.2617493,-1.3705444,1.7355347
82818,-1.2138367,-1.3514709,1.8075562
82819,-1.1332703,-1.4489746,1.9062805
82820,-1.2565613,-1.6381836,1.8255615
82821,-1.118927,-1.542511,1.7817688
82822,-1.0317993,-1.524353,1.7205811
82823,-1.0984802,-1.2283325,1.804657
82824,-0.94848633,-1.5579224,1.8460083
82825,-0.94665527,-1.6699219,1.8840027
82826,-0.93444824,-1.771698,1.8054199
82827,-0.93093872,-1.7564392,1.9816589
82828,-0.74737549,-1.8536377,1.6503906
82829,-0.80810547,-1.8231201,1.7001343
82830,-0.61096191,-2.0002747,1.6925049
82831,-0.61935425,-2.0930481,1.6812134
82832,-0.54504394,-2.0982361,1.7422485
82833,-0.59112549,-1.9329834,1.5853882
82834,-0.52429199,-1.894989,1.6436768
82835,-0.35995483,-1.9842529,1.6796875
82836,-0.41122436,-1.9223022,1.6430664
82837,-0.37078857,-2.0773315,1.6166687
82838,-0.25421143,-2.1806335,1.595459
82839,-0.30303955,-2.1209717,1.474762
82840,-0.25207519,-2.1162415,1.4405823
82841,-0.23635864,-2.0037842,1.4680481
82842,-0.11993408,-2.0199585,1.5592957
82843,-0.032501221,-1.9978333,1.4198303
82844,-0.029602051,-2.0645142,1.2863159
82845,0.041046143,-2.1076965,1.3606262
82846,0.19821167,-2.1875,1.340332
82847,0.26275635,-2.4046326,1.2620544
82848,0.29937744,-2.339325,1.3012695
82849,0.25604248,-2.1977234,1.1711121
82850,0.29083252,-2.2702026,1.171875
82851,0.29815674,-2.2337341,0.94787598
82852,0.35293579,-2.2520447,0.99609375
82853,0.37414551,-2.1081543,0.962677
82854,0.4309082,-2.144928,0.92437744
82855,0.43655395,-2.2116089,0.86532593
82856,0.57952881,-2.2740173,0.76431274
82857,0.61157227,-2.1725464,0.71090698
82858,0.51177978,-2.0753479,0.756073
82859,0.70480347,-2.17453,0.71563721
82860,0.69671631,-2.1917725,0.58120728
82861,0.7498169,-2.0285034,0.56610107
82862,0.91583252,-1.9351196,0.5078125
82863,0.96389771,-1.8717957,0.443573
82864,0.94467163,-1.9584656,0.46951294
82865,0.86013794,-1.8817139,0.38391113
82866,0.84686279,-1.8878174,0.35263061
82867,1.1036682,-1.9232178,0.25299072
82868,0.91903687,-2.0144653,0.38665772
82869,0.98190308,-2.0028687,0.14144898
82870,0.91552734,-1.8534851,0.21514893
82871,1.0087585,-2.0278931,-0.055236816
82872,0.92971802,-2.0120239,-0.18447876
82873,1.0342407,-1.8649292,-0.23254395
82874,1.0803223,-1.7912292,-0.19989014
82875,1.177063,-1.7449951,-0.16799927
82876,1.0968018,-1.6488647,-0.082092285
82877,0.94314575,-1.6453552,-0.20446777
82878,1.098938,-1.5974426,-0.2243042
82879,0.98724365,-1.7591858,-0.12207031
82880,1.0926819,-1.8080139,-0.34332275
82881,1.245575,-1.5795898,-0.46707153
82882,1.1453247,-1.4266968,-0.59539795
82883,1.1413574,-1.3047791,-0.57723999
82884,1.1390686,-1.5252686,-0.58242798
82885,1.1349487,-1.4102173,-0.66040039
82886,1.098938,-1.1782837,-0.60272217
82887,1.1947632,-1.2316895,-0.65261841
82888,1.0256958,-1.2261963,-0.68939209
82889,1.0516357,-1.1660767,-0.69595337
82890,1.1044312,-1.1465454,-0.84503174
82891,1.0461426,-1.1213684,-0.74951172
82892,1.0552979,-0.86273193,-0.83847046
82893,1.2106323,-0.92102051,-0.9765625
82894,1.1621094,-0.78475952,-0.98175049
82895,0.96878052,-0.72265625,-1.0140991
82896,1.0348511,-0.64758301,-0.98236084
82897,0.98571777,-0.59967041,-0.93643188
82898,1.048584,-0.55358887,-0.91522217
82899,0.86486816,-0.42129517,-0.89782715
82900,0.87310791,-0.41290283,-0.8934021
82901,1.0250854,-0.287323,-1.061554
82902,0.91003418,-0.29830933,-1.2339783
82903,0.80917358,-0.27206421,-1.1705017
82904,0.66314697,-0.33874512,-1.1962891
82905,0.75805664,-0.20706177,-1.2359619
82906,0.72265625,-0.12542725,-1.2030029
82907,0.65490723,-0.10559082,-1.1828613
82908,0.58639526,-0.001068115,-1.2944031
82909,0.5229187,-0.52658081,-1.3101196
82910,0.39047241,-0.46722412,-1.3595581
82911,0.57739258,-0.096130371,-1.5861511
82912,0.56915283,-0.25360107,-1.3156128
82913,0.55526733,0.23269653,-1.1381531
82914,0.5380249,0.35339356,-1.257019
82915,0.50094604,0.24124145,-1.3473511
82916,0.31646728,0.16433716,-1.2779236
82917,0.24475098,0.67321777,-1.2550354
82918,0.21682739,0.69564819,-1.2786865
82919,0.15899658,0.47821045,-1.2770081
82920,0.089874268,0.43624878,-1.2310791
82921,0.037841797,0.49072266,-1.4874268
82922,-0.048065186,1.3050842,-1.3334656
82923,-0.12695313,0.67886353,-1.1502075
82924,-0.075073242,0.69458008,-0.98144531
82925,-0.23986816,0.69473267,-1.2385559
82926,-0.18096924,0.80474853,-1.2864685
82927,-0.2684021,0.94558716,-1.1276245
82928,-0.39276123,1.000061,-1.0232544
82929,-0.49377441,0.98007202,-0.92681885
82930,-0.46463013,1.1022949,-1.0134888
82931,-0.4675293,1.1013794,-1.0186768
82932,-0.33874512,1.126709,-0.96969604
82933,-0.66268921,1.007843,-0.87646484
82934,-0.62240601,1.1375427,-0.80276489
82935,-0.71533203,1.0450745,-0.77209473
82936,-0.70144653,1.0438538,-0.91537476
82937,-0.77651978,1.1090088,-0.76507568
82938,-0.77819824,1.1323547,-0.86471558
82939,-0.86975098,1.1016846,-0.71334839
82940,-1.0009766,1.1210632,-0.70083618
82941,-1.0084534,1.0345459,-0.69259644
82942,-0.97824097,1.1709595,-0.67108154
82943,-0.95657349,1.2219238,-0.59631348
82944,-1.071167,1.2051392,-0.49530029
82945,-1.149292,1.2870789,-0.43334961
82946,-1.1253357,1.2202454,-0.48461914
82947,-1.1865234,1.1428833,-0.49682617
82948,-1.2882996,1.1979675,-0.51330566
82949,-1.3491821,1.0787964,-0.16433716
82950,-1.3827515,1.031189,-0.10375977
82951,-1.3252258,1.0205078,-0.23468018
82952,-1.4398193,0.86196899,-0.33294678
82953,-1.592865,0.96374512,-0.14526367
82954,-1.4447021,1.0334778,-0.081176758
82955,-1.5968323,0.95962524,-0.12084961
82956,-1.416626,0.9387207,-0.021820068
82957,-1.6096497,1.0580444,-0.13534546
82958,-1.4877319,1.138916,0.12939453
82959,-1.6799927,1.2338257,0.13061523
82960,-1.5559387,1.0058594,0.28244019
82961,-1.8241882,0.88058472,0.31921387
82962,-1.782074,0.8543396,0.26870728
82963,-1.9506836,0.81634522,0.38253784
82964,-1.8821716,0.92514038,0.39138794
82965,-1.9261169,0.77011108,0.4725647
82966,-2.0605469,0.84640503,0.54351807
82967,-1.9075012,0.63552856,0.56930542
82968,-2.0066833,0.72189331,0.70571899
82969,-1.920929,0.79101563,0.61447144
82970,-1.8856812,0.67855835,0.71914673
82971,-1.7669678,0.6678772,0.74752808
82972,-1.8978882,0.75134277,0.58792114
82973,-2.1586609,0.63171387,0.86364746
82974,-2.0808411,0.7850647,0.88562012
82975,-2.0587158,0.39382935,1.0437012
82976,-2.0237732,0.48614502,1.0202026
82977,-2.0759583,0.88699341,1.0455322
82978,-2.0085144,0.54077148,1.0105896
82979,-2.064209,0.56793213,0.97686768
82980,-2.0092773,0.42572022,1.1727905
82981,-1.975708,0.14877319,1.1099243
82982,-1.920166,0.093078613,1.1636353
82983,-1.98349,0.061950684,1.257782
82984,-1.9683838,-0.018157959,1.262207
82985,-1.980896,-0.070648193,1.4227295
82986,-1.8988037,-0.2331543,1.3891602
82987,-1.9958496,-0.23208618,0.91140747
82988,-2.0046997,-0.14251709,1.3400269
82989,-1.9844055,0.89309692,1.4169312
82990,-1.9984436,1.0853577,1.5512085
82991,-2.0309448,-0.48049927,1.4515686
82992,-1.990509,-0.33676147,1.6194153
82993,-1.9059753,-0.42327881,1.6871643
82994,-1.8717957,-0.58517456,1.5353394
82995,-1.8371582,-0.63674927,1.680603
82996,-1.9049072,-0.65353394,1.6833496
82997,-1.835022,-0.70877075,1.8740845
82998,-1.9624329,-0.87921143,1.9067383
82999,-1.5815735,-0.91384888,1.7424011
83000,-1.7225647,-0.91522217,1.8553162
83001,-1.8539429,-0.98709106,1.9064331
83002,-1.6688538,-0.91796875,1.9256592
83003,-1.7193604,-0.96954346,1.8740845
83004,-1.6101074,-1.0830688,1.8951416
83005,-1.5115356,-1.1979675,1.7050171
83006,-1.6963196,-1.2805176,1.8782043
83007,-1.6307068,-1.3131714,1.9807434
83008,-1.6069031,-1.1999512,2.0335388
83009,-1.4692688,-1.2043762,2.1142578
83010,-1.4920044,-1.3163757,2.0068359
83011,-1.280365,-1.282959,1.8418884
83012,-1.3215637,-1.4549255,1.7596436
83013,-1.4315796,-1.6818237,1.758728
83014,-1.1412048,-1.4581299,1.8762207
83015,-1.2298584,-1.5208435,1.812439
83016,-1.2962341,-1.774292,1.5844727
83017,-1.1819458,-2.0330811,1.6427612
83018,-1.111145,-1.9317627,1.6210938
83019,-0.92376709,-1.8656921,1.7384338
83020,-0.84213257,-1.7495728,1.7909241
83021,-0.83679199,-1.6720581,1.8423462
83022,-0.84487915,-1.5527344,1.8833923
83023,-0.68222046,-1.7825317,1.6171265
83024,-0.62149048,-1.8682861,1.7001343
83025,-0.75271606,-1.9378662,1.5827942
83026,-0.62774658,-2.0172119,1.7007446
83027,-0.54107666,-1.9784546,1.8395996
83028,-0.58807373,-1.9177246,1.6630554
83029,-0.33050537,-2.0036316,1.6889954
83030,-0.42419434,-1.9056702,1.8618774
83031,-0.41595459,-2.1040344,1.6461182
83032,-0.29159546,-1.9963074,1.6641235
83033,-0.29159546,-1.8656921,1.6885376
83034,-0.19897461,-1.7100525,1.3800049
83035,-0.25756836,-2.0675659,1.3417053
83036,-0.16036987,-2.1743774,1.3960266
83037,-0.002441406,-1.723938,1.4141846
83038,0.038299561,-2.0692444,1.2495422
83039,-0.010375977,-1.8191528,1.0441589
83040,0.18630981,-2.1229553,1.1535645
83041,0.27023315,-2.0584106,1.1499023
83042,0.14877319,-2.130127,1.0043335
83043,0.39260864,-2.2323608,1.1691284
83044,0.3894043,-2.331543,1.1383057
83045,0.32546997,-2.3429871,0.98800659
83046,0.53222656,-2.3243713,1.006012
83047,0.49850464,-2.3599243,0.89111328
83048,0.58425903,-2.3269653,0.88775635
83049,0.53588867,-2.5080872,0.75637817
83050,0.64758301,-2.3124695,0.7699585
83051,0.71548462,-2.3002625,0.76828003
83052,0.79589844,-2.2581482,0.60394287
83053,0.87158203,-2.2573853,0.36056519
83054,0.68984985,-2.3304749,0.41107178
83055,0.80764771,-2.2219849,0.42282105
83056,0.81665039,-2.0713806,0.41412353
83057,0.75393677,-2.0797729,0.44036865
83058,0.97259522,-2.0030212,0.24734497
83059,0.92163086,-2.059021,0.18234253
83060,1.1231995,-1.9291687,0.27099609
83061,1.0821533,-2.03125,0.13473511
83062,1.0150146,-2.0497131,0.10162354
83063,0.90179443,-2.0515442,0.16708374
83064,1.0769653,-2.0645142,0.006103516
83065,1.0856628,-2.0127869,-0.083770752
83066,1.1444092,-2.0968628,-0.066375732
83067,1.1140442,-2.0567322,-0.080413818
83068,0.99792481,-2.0201111,-0.16845703
83069,1.0655212,-1.8373108,-0.15487671
83070,1.0134888,-1.776886,-0.24139404
83071,1.1851501,-1.6316223,-0.29647827
83072,1.2443542,-1.6604614,-0.31173706
83073,1.2831116,-1.6189575,-0.29571533
83074,1.2609863,-1.4997864,-0.26687622
83075,1.3652039,-1.4387512,-0.32546997
83076,1.2812805,-1.3850403,-0.47698975
83077,1.3056946,-1.4862061,-0.50476074
83078,1.2442017,-1.3093567,-0.50247192
83079,1.1088562,-1.3540649,-0.62149048
83080,1.0829163,-1.2872314,-0.64086914
83081,1.2841797,-1.1071777,-0.62072754
83082,1.0856628,-1.1096191,-0.64865112
83083,1.1320496,-1.1457825,-0.75073242
83084,1.1715698,-0.99639893,-0.83984375
83085,1.1398315,-1.0235596,-0.91644287
83086,1.0949707,-0.84075928,-0.98098755
83087,1.0879517,-0.68634033,-0.99792481
83088,1.1238098,-0.67504883,-1.0250854
83089,1.1437988,-0.75210571,-1.0298157
83090,1.068573,-0.67565918,-1.0473633
83091,0.95336914,-0.60363769,-1.0597229
83092,1.0169983,-0.57373047,-1.0604858
83093,0.95016479,-0.57067871,-1.1016846
83094,0.92163086,-0.56900024,-1.0592651
83095,1.0061646,-0.59188843,-1.1968994
83096,0.86975098,-0.25573731,-1.1431885
83097,0.87219238,-0.36712647,-1.1424255
83098,0.92086792,-0.25466919,-1.3052368
83099,0.75485229,0.008544922,-1.1961365
83100,0.8265686,-0.043640137,-1.3825989
83101,0.6678772,-0.034790039,-1.1723328
83102,0.85723877,-0.1411438,-1.2573242
83103,0.39138794,-0.32440186,-1.4291382
83104,0.39428711,-0.14312744,-1.3470459
83105,0.54229736,0.15701294,-1.5454102
83106,0.36010742,0.181427,-1.3128662
83107,0.68954468,0.21377563,-1.2417603
83108,0.50247192,0.27587891,-1.3861084
83109,0.56335449,0.41229248,-1.2762451
83110,0.38482666,0.37902832,-1.3670349
83111,0.28533936,0.53604126,-1.4611816
83112,0.32180786,0.52993774,-1.3243103
83113,0.17120361,0.5821228,-1.2780762
83114,0.18112183,0.56015015,-1.3543701
83115,0.10269165,0.48919678,-1.229248
83116,-0.028991699,0.76812744,-1.2991333
83117,-0.061950684,0.70571899,-1.3217163
83118,-0.15380859,0.82290649,-1.2904358
83119,-0.18783569,0.59387207,-1.3586426
83120,-0.26062012,0.22399902,-1.1180115
83121,-0.18615723,0.64483643,-1.1962891
83122,-0.38909912,0.85830688,-1.1605835
83123,-0.30670166,0.90652466,-1.2722778
83124,-0.26260376,0.82275391,-1.1793518
83125,-0.43640137,0.87905884,-1.0391235
83126,-0.53268433,0.97610474,-1.1903381
83127,-0.65368652,1.1024475,-1.0220337
83128,-0.63079834,1.1871338,-1.1022949
83129,-0.625,1.2159729,-1.0499573
83130,-0.73822022,1.3374329,-0.93582153
83131,-0.69915772,1.159668,-0.9841919
83132,-0.75942993,1.2036133,-0.85342407
83133,-0.95199585,1.2042236,-0.74813843
83134,-0.85845947,1.2295532,-0.78277588
83135,-0.87402344,1.375885,-0.67840576
83136,-0.82641602,1.4445496,-0.67077637
83137,-1.0498047,1.1791992,-0.66436768
83138,-1.2567139,1.2945557,-0.44158936
83139,-1.1628723,1.3806152,-0.48095703
83140,-1.2106323,1.3093567,-0.53253174
83141,-1.2947083,1.2426758,-0.45150757
83142,-1.3717651,1.3114929,-0.47546387
83143,-1.418457,1.3735962,-0.28442383
83144,-1.5684509,1.4077759,-0.37811279
83145,-1.4259338,1.270752,-0.38330078
83146,-1.6114807,1.3032532,-0.30883789
83147,-1.4903259,1.4405823,-0.17929077
83148,-1.5335083,1.289978,-0.12908935
83149,-1.7401123,1.2794495,-0.002441406
83150,-1.7640686,1.2155151,0.058288574
83151,-1.7137146,1.2217712,-0.01083374
83152,-1.751709,1.18927,0.046691895
83153,-1.8133545,1.2442017,0.13320923
83154,-1.7544556,1.1860657,0.19851685
83155,-1.7591858,1.1332703,0.28747559
83156,-1.7326355,1.1904907,0.34362793
83157,-1.8551636,1.0571289,0.22247315
83158,-1.8429565,1.0365295,0.40252686
83159,-2.0159912,1.0441589,0.40817261
83160,-2.028656,1.0089111,0.52215576
83161,-1.8405151,1.0728455,0.54748535
83162,-1.9741821,0.97045898,0.59112549
83163,-1.990509,0.83023071,0.60379028
83164,-2.1311951,0.76950073,0.70877075
83165,-2.2027588,0.71060181,0.67443848
83166,-2.099762,0.6867981,0.76202393
83167,-2.0666504,0.6640625,0.75531006
83168,-2.0462036,0.70083618,0.88241577
83169,-2.038269,0.71990967,0.96405029
83170,-2.1075439,0.62652588,1.0009766
83171,-2.1421814,0.3944397,0.98876953
83172,-2.2706604,0.41015625,1.3394165
83173,-2.1598816,0.60897827,1.2261963
83174,-2.20047,0.42526245,1.5211487
83175,-2.2689819,0.26565552,1.3705444
83176,-1.9168091,0.27252197,1.1462402
83177,-2.0983887,0.14953613,1.3665771
83178,-2.1598816,0.16647339,1.3021851
83179,-1.98349,0.13504028,1.3612366
83180,-2.1255493,0.13000488,1.4311218
83181,-2.0433044,0.053100586,1.350708
83182,-2.0835876,-0.021972656,1.2524414
83183,-2.0330811,-0.26306152,1.4358521
83184,-2.0930481,-0.38375855,1.4108276
83185,-1.9058228,-0.43899536,1.441803
83186,-2.0230103,-0.58822632,1.0766602
83187,-2.1385193,-0.61767578,1.4099121
83188,-2.0510864,-0.57373047,1.5338135
83189,-1.9523621,-0.58319092,1.5170288
83190,-1.910553,-0.56594849,1.5248108
83191,-1.998291,-0.55908203,1.769104
83192,-1.9035339,-0.53970337,1.8876648
83193,-1.8118286,-0.5960083,1.7521667
83194,-1.9404602,-0.86349487,1.750946
83195,-1.8016052,-0.73471069,1.9093323
83196,-1.7112732,-0.78903198,1.940918
83197,-1.7828369,-0.95870972,1.9630432
83198,-1.8962097,-1.0397339,1.8440247
83199,-1.7156982,-1.14151,1.5844727
83200,-1.7166138,-1.1546326,1.5898132
83201,-1.7852783,-1.2585449,1.9122314
83202,-1.7070007,-1.3871765,1.736145
83203,-1.5678406,-1.3615417,1.9581604
83204,-1.6149902,-1.3012695,1.9216919
83205,-1.4916992,-1.4228821,2.1037292
83206,-1.4851379,-1.5299988,2.0155334
83207,-1.4801025,-1.5039063,2.0329285
83208,-1.3452148,-1.3510132,2.0739746
83209,-1.4263916,-1.5855408,1.8661499
83210,-1.2129211,-1.8406677,1.7355347
83211,-1.4459229,-1.7596436,1.9018555
83212,-1.1907959,-1.7074585,1.9746399
83213,-1.1631775,-1.8058777,1.8557739
83214,-0.80718994,-1.8499756,1.854248
83215,-0.86914063,-1.8463135,1.9258118
83216,-0.74279785,-1.8093872,2.0053101
83217,-0.62316894,-1.9242859,2.0011902
83218,-0.74996948,-1.8577576,2.0359802
83219,-0.68099976,-2.0191956,1.864624
83220,-0.65246582,-2.0205688,2.0379639
83221,-0.53466797,-2.12677,1.9233704
83222,-0.60501099,-2.0710754,1.8664551
83223,-0.41091919,-2.09198,1.8341064
83224,-0.37445068,-2.2544861,1.8209839
83225,-0.3503418,-2.2631836,1.7311096
83226,-0.36315918,-2.3506165,1.7024231
83227,-0.42404175,-2.3962402,1.6445923
83228,-0.24841309,-2.351532,1.4868164
83229,-0.19378662,-2.2886658,1.5368652
83230,-0.23605347,-2.46521,1.4378357
83231,-0.015411377,-2.407074,1.4990234
83232,0.016937256,-2.2827148,1.3650513
83233,-0.12054443,-2.285614,1.3095093
83234,0.064239502,-2.3114014,1.427002
83235,0.28305054,-2.4234009,1.3476563
83236,0.30441284,-2.5282288,1.295166
83237,0.14465332,-2.477417,1.2808228
83238,0.19195557,-2.4528503,1.3179016
83239,0.40924072,-2.5346375,1.1164856
83240,0.4598999,-2.3970032,0.93154907
83241,0.49972534,-2.2273254,1.0630798
83242,0.63247681,-2.2848511,1.1064148
83243,0.65338135,-2.3130798,0.80108643
83244,0.6413269,-2.1705627,0.88195801
83245,0.82458496,-2.2099304,0.86914063
83246,0.62805176,-2.338562,0.8442688
83247,0.75012207,-2.3823547,0.73059082
83248,0.84136963,-2.3602295,0.70373535
83249,0.95947266,-2.2383118,0.64117432
83250,0.90637207,-2.1284485,0.52734375
83251,1.0362244,-2.144165,0.39550781
83252,0.95062256,-2.0631409,0.34835815
83253,1.0206604,-2.1730042,0.36392212
83254,0.97946167,-2.1884155,0.50094604
83255,1.0334778,-2.1136475,0.38299561
83256,0.97122192,-2.2125244,0.40466309
83257,1.0835266,-1.907959,0.26382446
83258,1.2330627,-1.8951416,0.16815185
83259,0.95596313,-1.9754028,0.22338867
83260,1.1157227,-2.0751953,0.013427734
83261,0.98144531,-2.1485901,-0.014343262
83262,1.2121582,-2.1807861,-0.01663208
83263,1.2561035,-1.947937,-0.13381958
83264,1.2164307,-2.0063782,-0.10101318
83265,1.1125183,-1.8161011,-0.18661499
83266,1.2385559,-1.9245911,-0.14328003
83267,1.2953186,-1.7630005,-0.15350342
83268,1.3179016,-1.7304993,-0.2684021
83269,1.1488342,-1.7189026,-0.38589478
83270,1.2548828,-1.5284729,-0.44021606
83271,1.3195801,-1.4396667,-0.50857544
83272,1.2849426,-1.4196777,-0.53970337
83273,1.4578247,-1.4813232,-0.72769165
83274,1.2109375,-1.4440918,-0.6564331
83275,1.4533997,-1.5229797,-0.6211853
83276,1.2605286,-1.2319946,-0.61279297
83277,1.4198303,-1.1450195,-0.77438354
83278,1.4582825,-1.0594177,-0.8782959
83279,1.3531494,-0.97137451,-0.82992554
83280,1.2506104,-1.0647583,-0.80978394
83281,1.2236023,-1.002655,-0.83679199
83282,1.2477112,-0.84793091,-0.86532593
83283,1.1872864,-1.0050964,-1.0566711
83284,1.1476135,-0.81573486,-1.1355591
83285,1.1787415,-0.74188232,-1.1755371
83286,1.0279846,-0.64804077,-1.2686157
83287,1.1245728,-0.5809021,-1.151123
83288,1.0047913,-0.58898926,-1.1897278
83289,1.0864258,-0.47973633,-1.2826538
83290,0.95901489,-0.40496826,-1.3565063
83291,1.23703,-0.70037842,-1.3371277
83292,0.9286499,-0.48187256,-1.2602234
83293,1.0824585,-0.28457642,-1.230011
83294,0.83801269,-0.22079468,-1.338501
83295,0.81481934,-0.184021,-1.2565613
83296,0.88012695,-0.23361206,-1.3963318
83297,0.83801269,-0.13366699,-1.2313843
83298,0.91751099,-0.01159668,-1.31073
83299,0.60150147,-0.21728516,-1.4880371
83300,0.58288574,-0.32028198,-1.5666199
83301,0.45471191,-0.028381348,-1.3900757
83302,0.73547363,0.29479981,-1.461792
83303,0.67077637,0.37368774,-1.5870666
83304,0.43457031,0.57861328,-1.4628601
83305,0.61523438,0.41992188,-1.3989258
83306,0.45425415,0.65979004,-1.5339661
83307,0.49194336,0.42861939,-1.5483093
83308,0.37277222,0.43518066,-1.3679504
83309,0.21606445,0.5960083,-1.418457
83310,0.20828247,0.65750122,-1.4639282
83311,0.056915283,0.71899414,-1.5150452
83312,0.14068603,0.7673645,-1.3536072
83313,0.049591064,0.79421997,-1.4289856
83314,0.19058228,0.94161987,-1.3621521
83315,-0.031433105,1.0726929,-1.4860535
83316,-0.15960693,1.1047363,-1.3511658
83317,-0.17120361,1.2475586,-1.4123535
83318,-0.12176514,1.159668,-1.537323
83319,-0.2722168,1.1433411,-1.3265991
83320,-0.365448,1.2142944,-1.2945557
83321,-0.34698486,1.0519409,-1.1940002
83322,-0.47485352,1.1679077,-1.2687683
83323,-0.68115234,1.0585022,-1.1723328
83324,-0.58959961,1.2112427,-1.0377502
83325,-0.64071655,1.2208557,-1.0986328
83326,-0.82366943,1.2445068,-1.0534668
83327,-0.7321167,1.3598633,-1.0784912
83328,-0.76599121,1.3796997,-1.0325623
83329,-0.83969116,1.3360596,-0.87493897
83330,-0.94177246,1.3156128,-0.93902588
83331,-0.89035034,1.3560486,-0.89050293
83332,-0.89614868,1.4027405,-0.86807251
83333,-0.99090576,1.3883972,-0.89538574
83334,-0.965271,1.6549683,-0.74432373
83335,-1.131134,1.6589355,-0.81817627
83336,-1.0888672,1.6345215,-0.60699463
83337,-1.2454224,1.3461304,-0.6149292
83338,-1.231842,1.3568115,-0.56625366
83339,-1.4474487,1.3745117,-0.51773071
83340,-1.2557983,1.4399719,-0.37002564
83341,-1.4880371,1.5167236,-0.36819458
83342,-1.5353394,1.4430237,-0.1763916
83343,-1.4585876,1.3536072,-0.21987915
83344,-1.5760803,1.3641357,-0.24993897
83345,-1.6902161,1.137085,-0.43334961
83346,-1.6589355,1.4401245,-0.24398804
83347,-1.8437195,1.4428711,-0.18493652
83348,-1.8618774,1.4419556,0.00213623
83349,-1.7744446,1.4068604,0.077514648
83350,-1.7425537,1.2324524,0.17486572
83351,-1.8948364,1.2683105,0.055999756
83352,-1.9207764,1.2509155,0.2444458
83353,-1.9979858,1.2194824,0.27999878
83354,-2.0256042,1.1767578,0.35308838
83355,-2.0458984,1.1328125,0.36560059
83356,-2.1376038,0.97686768,0.39718628
83357,-2.0553589,1.0946655,0.62515259
83358,-2.1069336,1.1480713,0.58303833
83359,-2.1783447,1.1759949,0.62469482
83360,-2.2261047,0.99685669,0.81390381
83361,-2.3376465,1.0310364,0.76080322
83362,-2.2827148,0.859375,0.79849243
83363,-2.1711731,0.85830688,0.71090698
83364,-2.364502,0.70129394,0.78384399
83365,-2.2869873,0.80062866,0.76507568
83366,-2.2454834,0.83908081,0.81512451
83367,-2.2813416,0.81848144,1.0891724
83368,-2.3002625,0.7220459,1.1112976
83369,-2.2332764,0.54168701,0.94848633
83370,-2.3626709,0.30593872,1.0620117
83371,-2.3077393,0.35400391,1.1450195
83372,-2.2050476,0.34362793,1.1221313
83373,-2.2566223,0.24780273,1.192627
83374,-2.1989441,0.26748657,1.2565613
83375,-2.3509216,0.025939941,1.2780762
83376,-2.2218323,0.029602051,1.1486816
83377,-2.300415,-0.079040527,1.2617493
83378,-2.2624207,-0.21713257,1.3510132
83379,-2.3118591,-0.29724121,1.3046265
83380,-2.2962952,-0.080871582,1.2927246
83381,-2.2091675,-0.24108887,1.529541
83382,-2.1713257,-0.49758911,1.5748596
83383,-2.0939636,-0.27374268,1.8231201
83384,-2.1362305,-0.38452148,1.5672302
83385,-2.0729065,-0.37338257,1.615448
83386,-2.097168,-0.30990601,1.9833374
83387,-1.9168091,-0.48339844,1.8548584
83388,-1.9937134,-0.87158203,1.7947388
83389,-2.1430969,-0.85739136,1.9549561
83390,-2.0135498,-0.88043213,1.7990112
83391,-1.9230652,-0.81604004,2.1118164
83392,-2.0117188,-0.86593628,2.0999146
83393,-1.9726563,-0.97564697,1.7758179
83394,-1.9091797,-1.0269165,1.9761658
83395,-1.6842651,-1.164093,2.0661926
83396,-1.8566895,-1.0658264,2.131958
83397,-1.8223572,-1.2695313,2.1740723
83398,-1.5203857,-1.3832092,2.1020508
83399,-1.5681458,-1.0821533,2.028656
83400,-1.7520142,-1.1810303,1.9874573
83401,-1.6014099,-1.2445068,2.0153809
83402,-1.5153503,-1.5066528,2.0547485
83403,-1.5454102,-1.5782166,1.9866943
83404,-1.4602661,-1.6195679,2.0797729
83405,-1.3069153,-1.8859863,2.0785522
83406,-1.3432312,-1.6496277,2.1185303
83407,-1.4019775,-1.7753601,2.0094299
83408,-1.23703,-1.9332886,1.9041443
83409,-1.2078857,-1.7112732,1.9844055
83410,-1.1737061,-2.0071411,1.7451477
83411,-0.98388672,-1.7951965,2.0378113
83412,-1.0691834,-1.8347168,2.0005798
83413,-0.95504761,-1.9342041,2.0709229
83414,-0.93261719,-1.9396973,2.0205688
83415,-0.67810059,-1.9900513,2.0278931
83416,-0.79086304,-1.9641113,1.9122314
83417,-0.75195313,-2.0700073,1.9377136
83418,-0.57891846,-2.1022034,2.0011902
83419,-0.65307617,-2.0956421,2.0219421
83420,-0.54351807,-2.233429,2.0248413
83421,-0.42755127,-2.159729,1.8490601
83422,-0.46981811,-2.0892334,1.8954468
83423,-0.22232056,-2.0533752,1.914978
83424,-0.35873413,-2.2802734,1.7497253
83425,-0.28549194,-2.2320557,1.7944336
83426,-0.18600464,-2.277832,1.7260742
83427,-0.14129639,-2.4092102,1.7396545
83428,-0.076751709,-2.4308777,1.5249634
83429,-0.10986328,-2.3135376,1.5161133
83430,0.098571777,-2.1928406,1.6065979
83431,0.041503906,-2.2105408,1.5948486
83432,0.16479492,-2.4008179,1.3752747
83433,0.2973938,-2.4281311,1.4315796
83434,0.21209717,-2.408905,1.408844
83435,0.26397705,-2.4291992,1.3265991
83436,0.31097412,-2.5616455,1.295166
83437,0.37963867,-2.5471497,1.3238525
83438,0.48049927,-2.4583435,1.050415
83439,0.58135986,-2.4395752,1.2483215
83440,0.58776856,-2.5152588,1.1332703
83441,0.62652588,-2.4223328,0.90789795
83442,0.60714722,-2.4009705,0.8505249
83443,0.71807861,-2.2251892,0.86074829
83444,0.72418213,-2.091217,0.79727173
83445,0.73135376,-2.219696,0.67230225
83446,0.70129394,-2.0713806,0.67718506
83447,0.79879761,-2.3313904,0.72631836
83448,0.87814331,-2.3649597,0.55541992
83449,0.94055176,-2.2750854,0.47119141
83450,0.90652466,-2.3397827,0.39276123
83451,0.95214844,-2.2732544,0.35552978
83452,0.99563599,-2.1932983,0.32943726
83453,1.0571289,-2.2077942,0.29113769
83454,1.0694885,-2.1717834,0.36178589
83455,1.0804749,-2.1888733,0.24337769
83456,1.0902405,-2.3553467,0.21011353
83457,1.0321045,-2.1482849,0.23834228
83458,1.1662292,-2.0420837,0.08895874
83459,1.1187744,-1.855011,0.054321289
83460,1.1526489,-1.854248,-0.038146973
83461,1.1907959,-1.8476868,-0.11901856
83462,1.2043762,-1.867981,-0.14709473
83463,1.2614441,-1.8226624,-0.16693115
83464,1.4099121,-1.8347168,-0.26199341
83465,1.3290405,-1.7340088,-0.39978027
83466,1.4097595,-1.6856384,-0.29586792
83467,1.4033508,-1.6357422,-0.36651611
83468,1.4318848,-1.7427063,-0.3868103
83469,1.5162659,-1.6738892,-0.44342041
83470,1.3247681,-1.7550659,-0.52108765
83471,1.3627625,-1.6648865,-0.76004028
83472,1.3768005,-1.5200806,-0.78170776
83473,1.3897705,-1.4381409,-0.7359314
83474,1.3551331,-1.4309692,-0.71685791
83475,1.3786316,-1.3200378,-0.85235596
83476,1.3064575,-1.3641357,-0.83343506
83477,1.2745666,-1.2969971,-0.91003418
83478,1.2773132,-1.3140869,-0.91842651
83479,1.2219238,-1.1505127,-0.91293335
83480,1.1994934,-1.1805725,-0.92712402
83481,1.1500549,-1.0041809,-0.9487915
83482,1.1791992,-0.8833313,-1.0675049
83483,1.0821533,-0.82473755,-1.1875916
83484,1.2704468,-0.7258606,-1.0638428
83485,1.0043335,-0.79986572,-1.0931396
83486,1.1146545,-0.82366943,-1.2573242
83487,1.1013794,-0.55282593,-1.2835693
83488,0.95718384,-0.49728394,-1.1592102
83489,1.1294556,-0.33233643,-1.2255859
83490,1.0005188,-0.22918701,-1.1784363
83491,1.0742188,-0.30212402,-1.2815857
83492,1.0836792,-0.23010254,-1.3708496
83493,0.95306397,-0.10162354,-1.489563
83494,0.89447022,0.021972656,-1.4282227
83495,0.94116211,0.052947998,-1.3606262
83496,0.7901001,-0.082092285,-1.4794922
83497,0.80627441,-0.045776367,-1.5280151
83498,0.74356079,0.013122559,-1.3951111
83499,0.59646606,0.10574341,-1.3470459
83500,0.82351685,0.072784424,-1.4161682
83501,0.63812256,0.34332275,-1.259613
83502,0.52474976,0.45562744,-1.4120483
83503,0.43014526,0.55175781,-1.4025879
83504,0.45181274,0.38314819,-1.4794922
83505,0.41091919,0.61004639,-1.4665222
83506,0.39840698,0.54016113,-1.40625
83507,0.37200928,0.57067871,-1.3870239
83508,0.30731201,0.49865723,-1.2924194
83509,0.30105591,0.53970337,-1.5284729
83510,0.14373779,0.5557251,-1.3473511
83511,0.041503906,0.77911377,-1.3082886
83512,0.052947998,0.6993103,-1.2338257
83513,0.060119629,0.81497192,-1.2567139
83514,-0.25299072,0.80688477,-1.282196
83515,-0.12176514,0.90026856,-1.2094116
83516,-0.19195557,0.86990356,-1.4964294
83517,-0.15258789,1.0649109,-1.3449097
83518,-0.28213501,1.217041,-1.1982727
83519,-0.39230347,1.0925293,-1.1920166
83520,-0.4927063,1.2915039,-1.232605
83521,-0.42861939,1.1071777,-1.2156677
83522,-0.61813354,1.2014771,-1.1749268
83523,-0.53878784,1.1494446,-1.0998535
83524,-0.58837891,1.1804199,-1.03302
83525,-0.65795898,1.2631226,-1.0098267
83526,-0.80184937,1.3128662,-0.9375
83527,-0.7925415,1.3137817,-1.0087585
83528,-0.77789307,1.2677002,-0.92773438
83529,-0.79208374,1.0890198,-0.87020874
83530,-1.0180664,1.257782,-0.63705444
83531,-1.0061646,1.4215088,-0.81588745
83532,-1.0113525,1.2507629,-0.75302124
83533,-1.2538147,1.320343,-0.62225342
83534,-1.1427307,1.4245605,-0.53512573
83535,-1.2078857,1.2858582,-0.48171997
83536,-1.2007141,1.3002014,-0.51956177
83537,-1.3874817,1.2635803,-0.5519104
83538,-1.4852905,1.3168335,-0.48065186
83539,-1.4770508,1.282959,-0.42358398
83540,-1.6018677,1.2957764,-0.47073364
83541,-1.5127563,0.96862793,-0.3012085
83542,-1.6287231,1.1320496,-0.15960693
83543,-1.4970398,1.3008118,-0.2281189
83544,-1.7912292,1.1894226,-0.065002441
83545,-1.7556763,1.295166,-0.078277588
83546,-1.8215942,1.2831116,0.068969727
83547,-1.8588257,1.3575745,0.12908935
83548,-1.7599487,1.3478088,0.1071167
83549,-1.9750977,1.268158,0.20889282
83550,-1.8516541,1.366272,0.20172119
83551,-2.0294189,1.5420532,0.21865845
83552,-2.0091248,1.2234497,0.24429321
83553,-2.1217346,1.1358643,0.42282105
83554,-2.0555115,1.084137,0.40298462
83555,-2.0237732,1.1817932,0.45761108
83556,-1.9874573,1.1195374,0.46295166
83557,-2.2344971,1.0287476,0.59112549
83558,-2.1908569,0.98968506,0.53161621
83559,-2.146759,0.8972168,0.64270019
83560,-2.1481323,0.75668335,0.64208984
83561,-2.1205139,0.67581177,0.65765381
83562,-2.2354126,0.64453125,0.74462891
83563,-2.4160767,0.66711426,0.77407837
83564,-2.315979,0.63812256,0.75042725
83565,-2.3748779,0.63568115,0.93826294
83566,-2.3098755,0.59509277,0.93536377
83567,-2.2033691,0.68954468,1.0548401
83568,-2.5309753,0.36300659,1.0168457
83569,-2.1899414,0.4560852,1.1759949
83570,-2.3136902,0.45181274,1.2617493
83571,-2.2259521,0.20782471,1.187439
83572,-2.1411133,0.31661987,1.2898254
83573,-2.0803833,0.23284912,1.4028931
83574,-2.2299194,0.12405395,1.3290405
83575,-2.3214722,0.21972656,1.4622498
83576,-2.3199463,0.16723633,1.6546631
83577,-2.297821,-0.04196167,1.6296387
83578,-2.1907043,0.061950684,1.5740967
83579,-2.1395874,-0.073852539,1.3468933
83580,-2.1270752,-0.25375366,1.4759827
83581,-2.0970154,-0.27999878,1.7919922
83582,-1.9487,-0.38635254,1.4607239
83583,-2.1318054,-0.337677,1.6752625
83584,-2.1595764,-0.38497925,1.8006897
83585,-1.819458,-0.78063965,1.6964722
83586,-1.8228149,-0.7333374,1.6818237
83587,-1.9805908,-0.67077637,1.7141724
83588,-1.932373,-0.70907593,1.6281128
83589,-1.9851685,-0.56503296,1.6897583
83590,-1.8782043,-0.67932129,1.8630981
83591,-1.7883301,-0.79071045,1.8025208
83592,-1.7900085,-0.88043213,1.8331909
83593,-1.6600037,-0.95535278,1.8804932
83594,-1.6181946,-0.98693848,1.9642639
83595,-1.8023682,-1.1549377,1.9508362
83596,-1.6915894,-1.0295105,1.8547058
83597,-1.5658569,-0.99182129,1.8269348
83598,-1.6125488,-1.0041809,1.806488
83599,-1.5496826,-1.192627,1.7442322
83600,-1.4994812,-1.2161255,2.0184326
83601,-1.4952087,-1.2945557,2.121582
83602,-1.5509033,-1.7056274,1.9894409
83603,-1.4962769,-1.6827393,1.9258118
83604,-1.3317871,-1.7141724,2.0233154
83605,-1.3439941,-1.7599487,2.0263672
83606,-1.1924744,-1.9104004,1.9059753
83607,-1.2117004,-1.6455078,2.0796204
83608,-1.2785339,-1.6412354,2.0562744
83609,-1.0496521,-1.7686462,2.0065308
83610,-0.91751099,-1.5939331,2.1890259
83611,-0.90393066,-1.8778992,1.9711304
83612,-0.84503174,-1.5539551,2.0024109
83613,-0.84732056,-1.711731,1.9593811
83614,-0.69702148,-1.8461609,1.960144
83615,-0.68786621,-2.0303345,1.9328308
83616,-0.66879272,-2.1534729,1.9508362
83617,-0.63034058,-2.0707703,1.9096375
83618,-0.61813354,-2.2387695,1.7218018
83619,-0.62240601,-2.0326233,1.7408752
83620,-0.39459228,-2.2203064,1.7201233
83621,-0.42663574,-2.1786499,1.5830994
83622,-0.41305542,-2.2834778,1.7250061
83623,-0.36895752,-2.4084473,1.5359497
83624,-0.19256592,-2.3475647,1.578064
83625,-0.22827148,-2.4717712,1.5298462
83626,-0.084991455,-2.2447205,1.5209961
83627,-0.027923584,-2.265625,1.4581299
83628,-0.057678223,-2.3583984,1.3749695
83629,0.10314941,-2.3033142,1.3893127
83630,0.12542725,-2.3582458,1.3427734
83631,0.23986816,-2.3516846,1.3165283
83632,0.40939331,-2.2885132,1.3117981
83633,0.22338867,-2.2325134,0.99609375
83634,0.3678894,-2.1821594,1.0464478
83635,0.31570435,-2.4473572,0.93307495
83636,0.63903809,-2.3205566,1.0693359
83637,0.51116943,-2.3031616,1.0453796
83638,0.62561035,-2.6148987,0.88104248
83639,0.65795898,-2.4020386,1.0830688
83640,0.63568115,-2.3908997,0.97290039
83641,0.56259155,-2.3629761,0.89111328
83642,0.79421997,-2.2377014,0.84838867
83643,0.78186035,-2.2383118,0.73867798
83644,0.80596924,-2.2998047,0.78826904
83645,0.89782715,-2.3937988,0.7498169
83646,0.89981079,-2.3786926,0.60821533
83647,0.94451904,-2.1505737,0.62911987
83648,0.88317871,-2.1614075,0.54336548
83649,0.9211731,-2.2105408,0.37124634
83650,0.94848633,-2.1450806,0.51513672
83651,0.98922729,-2.286377,0.37002564
83652,1.0168457,-2.1685791,0.32821655
83653,1.0313416,-2.0866394,0.19348145
83654,1.0534668,-2.0864868,0.068817139
83655,1.0960388,-1.9544983,0.14572144
83656,1.1328125,-1.9921875,0.11810303
83657,1.1543274,-1.9396973,-0.089874268
83658,1.1923218,-1.9017029,-0.092468262
83659,1.0681152,-2.116394,-0.13916016
83660,1.3330078,-1.832428,-0.15548706
83661,1.2748718,-1.8669128,-0.25665283
83662,1.3935852,-1.7398071,-0.22796631
83663,1.1656189,-1.835022,-0.35430908
83664,1.2457275,-1.8548584,-0.48522949
83665,1.2113953,-1.7915344,-0.44082642
83666,1.2510681,-1.7208862,-0.44189453
83667,1.270752,-1.4958191,-0.45089722
83668,1.3009644,-1.3362122,-0.62179565
83669,1.4344788,-1.2763977,-0.56152344
83670,1.2834167,-1.3804626,-0.72616577
83671,1.1418152,-1.4672852,-0.59616089
83672,1.2698364,-1.3493347,-0.73852539
83673,1.0986328,-1.1573791,-0.7220459
83674,1.1654663,-1.2576294,-0.68649292
83675,1.1654663,-1.166687,-0.76950073
83676,1.1763,-1.20224,-0.81878662
83677,1.0481262,-1.227417,-0.88989258
83678,1.0650635,-1.2313843,-0.84167481
83679,1.1793518,-1.1270142,-0.97137451
83680,1.0218811,-1.0513306,-1.0009766
83681,1.1239624,-0.89202881,-0.93200684
83682,1.1880493,-0.70053101,-1.0618591
83683,1.2019348,-0.6539917,-1.1178589
83684,1.1734009,-0.63430786,-1.1444092
83685,0.98815918,-0.47286987,-1.1291504
83686,1.1180115,-0.40740967,-1.1793518
83687,0.91751099,-0.36865234,-1.2109375
83688,0.80108643,-0.51681519,-1.1282349
83689,0.90667725,-0.47592163,-1.2265015
83690,0.90515137,-0.44158936,-1.2634277
83691,0.78018188,-0.20217895,-1.2036133
83692,0.83297729,-0.12863159,-1.2600708
83693,0.79177856,0.037231445,-1.3934326
83694,0.84243774,0.037994385,-1.2898254
83695,0.71594238,0.00579834,-1.1662292
83696,0.32424927,-0.37338257,-1.3548279
83697,0.34576416,-0.26245117,-1.5367126
83698,0.57144165,-0.10726929,-1.3414001
83699,0.50354004,0.054931641,-1.3391113
83700,0.44876099,0.21057129,-1.2303162
83701,0.56213379,0.18249512,-1.4051819
83702,0.42160034,0.37490845,-1.4073181
83703,0.41625977,0.50582886,-1.2561035
83704,0.43182373,0.46173096,-1.322937
83705,0.3364563,0.4385376,-1.2960815
83706,0.17913818,0.43243408,-1.4772034
83707,0.12039185,0.3388977,-1.3980103
83708,0.20767212,0.44631958,-1.3369751
83709,-0.01953125,0.19592285,-1.3890076
83710,-0.14526367,0.62576294,-1.3938904
83711,-0.34484863,0.60394287,-1.5242004
83712,-0.15960693,0.85235596,-1.2991333
83713,-0.092163086,0.99472046,-1.1851501
83714,-0.22842407,1.2165833,-1.3014221
83715,-0.26702881,1.1480713,-1.1705017
83716,-0.28503418,1.0501099,-1.0850525
83717,-0.33447266,1.083374,-1.030426
83718,-0.53939819,0.96130371,-0.90896606
83719,-0.63613892,0.95428467,-0.91781616
83720,-0.58517456,0.92224121,-0.9602356
83721,-0.60882568,1.1505127,-1.1413574
83722,-0.79574585,1.3014221,-1.0272217
83723,-0.80322266,1.1380005,-0.9841919
83724,-0.80596924,1.2728882,-0.89401245
83725,-0.80459595,1.2313843,-0.88867188
83726,-0.77804565,1.1863709,-0.85021973
83727,-0.91369629,0.96954346,-0.80749512
83728,-1.0568237,1.2773132,-0.79223633
83729,-1.068573,1.0174561,-0.78475952
83730,-1.1181641,1.2231445,-0.68008423
83731,-1.1538696,1.3134766,-0.81787109
83732,-1.2521362,1.3104248,-0.54473877
83733,-1.1747742,1.1889648,-0.60028076
83734,-1.3563538,1.1383057,-0.38497925
83735,-1.3017273,1.2182617,-0.40008545
83736,-1.3146973,1.2817383,-0.27862549
83737,-1.3835144,1.0739136,-0.36926269
83738,-1.5727234,0.90942383,-0.49255371
83739,-1.5008545,1.0803223,-0.4006958
83740,-1.5962219,1.26297,-0.2684021
83741,-1.4916992,1.0858154,-0.26306152
83742,-1.5283203,1.2364197,-0.15182495
83743,-1.7285156,1.0063171,-0.11047363
83744,-1.6375732,1.0610962,0.059204102
83745,-1.6345215,1.1262512,0.18783569
83746,-1.6195679,1.0826111,0.31829834
83747,-1.7234802,1.1193848,0.27648926
83748,-1.8772888,1.0682678,0.33813477
83749,-1.8466187,1.1412048,0.19317627
83750,-1.839447,1.1630249,0.27099609
83751,-1.9314575,1.0418701,0.26611328
83752,-1.8717957,1.1083984,0.40725708
83753,-1.9194031,1.081543,0.46905518
83754,-2.0822144,0.98434448,0.63812256
83755,-1.9473267,0.80841065,0.51010132
83756,-1.8847656,0.83740234,0.69961548
83757,-1.9631958,0.82962036,0.78735352
83758,-2.0445251,0.95855713,0.73272705
83759,-1.927948,0.91567993,0.73272705
83760,-1.9415283,0.75561523,0.78033447
83761,-2.0385742,0.69869995,0.73623657
83762,-2.0295715,0.74066162,0.69763184
83763,-2.0269775,0.6173706,0.88485718
83764,-2.1412659,0.47943115,0.80230713
83765,-1.9546509,0.54473877,0.97854614
83766,-2.1774292,0.41259766,0.91506958
83767,-2.1591187,0.24291992,1.1888123
83768,-2.0437622,0.26885986,1.0891724
83769,-1.9500732,0.49407959,1.1830139
83770,-2.0625305,0.39123535,1.1875916
83771,-1.9258118,0.06652832,1.2164307
83772,-2.0437622,0.092468262,1.2704468
83773,-1.9386291,0.10696411,1.270752
83774,-2.0941162,-0.011291504,1.2527466
83775,-2.0593262,0.088806152,1.4152527
83776,-1.9367981,-0.088043213,1.1857605
83777,-1.9509888,-0.36468506,1.2814331
83778,-2.0402527,-0.34469605,1.7774963
83779,-2.0213318,-0.23773193,1.5563965
83780,-1.9219971,-0.20492554,1.2915039
83781,-1.9755554,-0.27648926,1.4807129
83782,-1.9018555,-0.34301758,1.5956116
83783,-1.8693542,-0.43365478,1.7247009
83784,-1.9488525,-0.45227051,1.7402649
83785,-1.9866943,-0.62988281,1.802063
83786,-1.7602539,-0.60241699,1.7669678
83787,-1.781311,-0.85998535,1.7810059
83788,-1.6459656,-0.73913574,1.7782593
83789,-1.7883301,-0.86456299,1.8261719
83790,-1.5698242,-0.9425354,1.8608093
83791,-1.6743469,-1.0928345,1.7720032
83792,-1.5447998,-0.97900391,2.0051575
83793,-1.6702271,-1.1334229,2.097168
83794,-1.5278625,-0.9413147,2.0347595
83795,-1.4535522,-1.0577393,2.003479
83796,-1.5527344,-1.0626221,1.9868469
83797,-1.516571,-1.4091492,1.9564819
83798,-1.3671875,-1.4434814,1.9447327
83799,-1.5023804,-1.6142273,1.7593384
83800,-1.3600159,-1.8084717,1.6531372
83801,-1.219635,-1.6534424,1.8302917
83802,-1.2353516,-1.8621826,1.7088318
83803,-1.035614,-1.6828918,1.7927551
83804,-1.136322,-1.6685486,1.6928101
83805,-1.028595,-1.5405273,1.9320679
83806,-1.043396,-1.4784241,1.8843079
83807,-0.97137451,-1.5660095,1.882019
83808,-0.80474853,-1.7993164,1.8838501
83809,-0.81497192,-1.8850708,1.8586731
83810,-0.73974609,-1.726532,1.7733765
83811,-0.73684692,-1.8211365,1.8025208
83812,-0.67062378,-1.8284607,1.7745972
83813,-0.63903809,-2.0141602,1.756897
83814,-0.5847168,-2.0576477,1.8840027
83815,-0.57250977,-2.0672607,1.8927002
83816,-0.43914795,-2.0541382,1.8536377
83817,-0.53268433,-2.0429993,1.7987061
83818,-0.35644531,-2.10495,1.6506958
83819,-0.25756836,-2.0132446,1.7312622
83820,-0.20935059,-2.2697449,1.4225769
83821,-0.35354614,-2.3292542,1.676178
83822,-0.16448975,-2.3545837,1.4518738
83823,-0.051269531,-2.2143555,1.61026
83824,0.032196045,-2.1936035,1.4102173
83825,0.010375977,-2.1156311,1.318512
83826,0.058288574,-2.1409607,1.4204407
83827,0.033569336,-2.1069336,1.4178467
83828,0.083007813,-2.1580505,1.410675
83829,0.13381958,-2.1530151,1.346283
83830,0.16601563,-2.293396,1.1730957
83831,0.37445068,-2.3983765,1.1541748
83832,0.33569336,-2.3983765,1.1132813
83833,0.40832519,-2.4438477,0.98815918
83834,0.4486084,-2.4172974,0.97763062
83835,0.5657959,-2.3425293,0.78903198
83836,0.4524231,-2.2132874,0.809021
83837,0.4951477,-2.2143555,0.80291748
83838,0.56732178,-2.359314,0.73242188
83839,0.6489563,-2.2973633,0.64270019
83840,0.77545166,-2.2529602,0.69030762
83841,0.76721191,-2.1794128,0.63980103
83842,0.78979492,-2.0440674,0.5279541
83843,0.77880859,-2.0399475,0.45959473
83844,0.81329346,-2.0173645,0.5329895
83845,0.84289551,-1.9810486,0.47637939
83846,0.74951172,-2.0941162,0.39962769
83847,0.91445923,-2.0057678,0.2507019
83848,0.95596313,-2.0101929,0.29907227
83849,0.91094971,-1.9392395,0.25802612
83850,0.909729,-1.8612671,0.24307251
83851,1.0217285,-1.8006897,0.09552002
83852,1.0975647,-1.8563843,-0.008239746
83853,1.0905457,-1.8687439,0.001068115
83854,1.1164856,-1.8911743,0.0340271
83855,1.0676575,-1.7828369,-0.16448975
83856,1.0861206,-1.7762756,-0.058898926
83857,1.1050415,-1.7585754,-0.10696411
83858,1.0673523,-1.7428589,-0.17181397
83859,1.1178589,-1.5930176,-0.22918701
83860,1.1534119,-1.6041565,-0.26489258
83861,1.1227417,-1.6590881,-0.37597656
83862,1.265564,-1.6622925,-0.33905029
83863,1.1688232,-1.424408,-0.41030884
83864,1.1592102,-1.35849,-0.49240112
83865,1.0668945,-1.4097595,-0.52764893
83866,0.99395752,-1.3891602,-0.45532227
83867,1.2017822,-1.3745117,-0.56671143
83868,1.1566162,-1.2106323,-0.65414429
83869,1.1546326,-1.0568237,-0.63018799
83870,0.96801758,-0.95397949,-0.63796997
83871,0.87509155,-0.9538269,-0.69244385
83872,0.98846435,-0.91430664,-0.72860718
83873,0.84060669,-0.91079712,-0.61431885
83874,0.85540772,-0.85266113,-0.9286499
83875,0.88256836,-0.86914063,-0.74615478
83876,0.99700928,-0.93811035,-0.98220825
83877,1.0266113,-0.69000244,-0.94787598
83878,0.98937988,-0.64605713,-1.0618591
83879,1.108551,-0.50735474,-0.89096069
83880,1.0154724,-0.49163818,-0.92437744
83881,1.0482788,-0.37887573,-0.91659546
83882,0.68176269,-0.34667969,-0.99197388
83883,0.89370728,-0.27984619,-1.1584473
83884,0.82290649,-0.24307251,-1.2527466
83885,0.6350708,-0.3225708,-1.2452698
83886,0.71350098,-0.24414063,-1.1695862
83887,0.83145142,-0.13076782,-1.2532043
83888,0.64300537,-0.06072998,-1.3104248
83889,0.89614868,0.078277588,-1.3157654
83890,0.61309815,0.043945313,-1.2472534
83891,0.44921875,-0.23925781,-1.4187622
83892,0.49163818,-0.1625061,-1.1668396
83893,0.47561645,-0.028381348,-1.2536621
83894,0.45425415,0.077819824,-1.2480164
83895,0.43823242,0.2281189,-1.2545776
83896,0.35568237,0.3288269,-1.1767578
83897,0.24276733,0.53359985,-1.1473084
83898,0.32104492,0.43823242,-1.217804
83899,0.24887085,0.4309082,-1.3183594
83900,0.36392212,0.5821228,-1.1973572
83901,0.037841797,0.63430786,-1.194458
83902,-0.006408691,0.6564331,-1.1242676
83903,0.1071167,0.72509766,-1.1302185
83904,-0.035095215,0.55389404,-1.1763
83905,-0.10696411,0.50445557,-1.0586548
83906,-0.23071289,0.66390991,-1.0618591
83907,-0.28564453,0.77438354,-0.99853516
83908,-0.39611816,0.82855225,-0.90209961
83909,-0.22186279,0.84533691,-1.0421753
83910,-0.3805542,0.87844849,-1.0466003
83911,-0.36743164,0.96954346,-1.025238
83912,-0.51147461,0.98205566,-0.97229004
83913,-0.59371948,1.0681152,-1.1798096
83914,-0.58639526,1.1044312,-0.98648071
83915,-0.66894531,0.97457886,-1.0057068
83916,-0.58883667,0.87402344,-1.0455322
83917,-0.72418213,1.0464478,-1.0745239
83918,-0.77850342,1.0368347,-0.97610474
83919,-0.89630127,1.126709,-0.6993103
83920,-0.86608887,1.0188293,-0.81329346
83921,-0.9777832,1.3026428,-0.6401062
83922,-1.0874939,1.1279297,-0.64788818
83923,-1.0943604,1.3046265,-0.55114746
83924,-1.1102295,1.1283875,-0.45776367
83925,-1.0932922,1.0533142,-0.59631348
83926,-1.1529541,0.96481323,-0.52963257
83927,-1.1894226,1.151886,-0.42663574
83928,-1.1975098,1.2973022,-0.42755127
83929,-1.2498474,1.2297058,-0.31845093
83930,-1.2394714,1.2844849,-0.30319214
83931,-1.3415527,1.3221741,-0.22155762
83932,-1.4544678,1.3259888,-0.1965332
83933,-1.4849854,1.1932373,-0.074768066
83934,-1.6929626,0.87219238,-0.16479492
83935,-1.558075,0.99884033,0.018463135
83936,-1.6612244,1.12854,0.068817139
83937,-1.6729736,1.2554932,0.061950684
83938,-1.697998,1.1091614,0.074615479
83939,-1.5596008,1.0993958,0.1675415
83940,-1.77948,1.0739136,0.22613525
83941,-1.7932129,0.91979981,0.25100708
83942,-1.6210938,1.0041809,0.24627685
83943,-1.652832,1.015625,0.28686523
83944,-1.7260742,0.95947266,0.11077881
83945,-1.627655,0.98876953,0.31204224
83946,-1.8476868,0.91308594,0.49026489
83947,-1.7756653,0.89920044,0.4876709
83948,-1.756134,0.78170776,0.56854248
83949,-1.8200684,0.6338501,0.56823731
83950,-1.9473267,0.70343018,0.54458618
83951,-2.0039368,0.82061768,0.6741333
83952,-1.8310547,0.63766479,0.80841065
83953,-1.8946838,0.54672241,0.89385986
83954,-1.8453979,0.64834595,0.69458008
83955,-1.938324,0.54702759,0.74890137
83956,-2.1618652,0.47073364,0.87310791
83957,-2.1298218,0.51345825,0.63415527
83958,-1.9145203,0.57250977,0.79895019
83959,-1.9483948,0.38864136,0.99731445
83960,-2.0889282,0.35110474,1.1428833
83961,-2.0535278,0.2722168,1.1291504
83962,-2.1578979,0.15640259,1.1781311
83963,-2.1257019,0.26626587,1.2997437
83964,-2.0716858,0.017700195,1.234436
83965,-2.0491028,0.077819824,1.3977051
83966,-2.0443726,0.19821167,1.3996887
83967,-2.0115662,-0.35461426,1.3754272
83968,-1.9522095,-0.051422119,1.4369202
83969,-1.9906616,-0.049438477,1.2950134
83970,-1.9058228,-0.21865845,1.4508057
83971,-1.9056702,-0.23773193,1.524353
83972,-1.900177,-0.30990601,1.5785217
83973,-1.9064331,-0.30303955,1.4741516
83974,-1.8167114,-0.29083252,1.5792847
83975,-1.8054199,-0.42312622,1.4395142
83976,-1.8412781,-0.47042847,1.5264893
83977,-1.725769,-0.50567627,1.59729
83978,-1.8051147,-0.5796814,1.6143799
83979,-1.7280579,-0.71044922,1.4508057
83980,-1.7498779,-0.84472656,1.7468262
83981,-1.8362427,-0.97488403,1.9934082
83982,-1.741333,-0.81176758,1.8899536
83983,-1.6612244,-0.85876465,1.8403625
83984,-1.6319275,-0.96847534,1.758728
83985,-1.706543,-0.91171265,1.8029785
83986,-1.5586853,-1.1087036,1.7718506
83987,-1.4619446,-1.1529541,1.8984985
83988,-1.468811,-1.3024902,1.7857361
83989,-1.3928223,-1.4071655,1.8426514
83990,-1.3092041,-1.3195801,1.9128418
83991,-1.342926,-1.325531,1.9639587
83992,-1.3677979,-1.4233398,1.7675781
83993,-1.1810303,-1.385498,1.9116211
83994,-1.2464905,-1.4794922,1.7556763
83995,-1.2020874,-1.7707825,1.7803955
83996,-1.0562134,-1.6146851,1.859436
83997,-1.1994934,-1.6563416,1.8226624
83998,-1.1227417,-1.7172241,1.8856812
83999,-1.126709,-1.8157959,1.7195129
84000,-0.93154907,-1.7454529,1.880188
84001,-1.0881042,-1.9024658,1.8988037
84002,-0.92956543,-1.8313599,1.8188477
84003,-0.74264526,-1.7939758,2.0343018
84004,-0.78460693,-1.7564392,1.8981934
84005,-0.7434082,-1.9488525,1.9770813
84006,-0.68832397,-1.8914795,1.7025757
84007,-0.49163818,-1.9265747,1.6203308
84008,-0.5847168,-1.9049072,1.6734314
84009,-0.57266235,-1.7713928,1.7378235
84010,-0.41488647,-1.9741821,1.5724182
84011,-0.30502319,-2.1975708,1.6682434
84012,-0.34713745,-2.1643066,1.6131592
84013,-0.23574829,-2.1356201,1.491394
84014,-0.12573242,-2.1740723,1.4968872
84015,-0.18890381,-2.1589661,1.4146423
84016,-0.081787109,-2.1063232,1.4112854
84017,0.075378418,-2.1722412,1.2979126
84018,0.10620117,-2.2538757,1.3214111
84019,0.076293945,-2.2669983,1.240387
84020,0.13626099,-2.3297119,1.2548828
84021,0.19317627,-2.5004578,1.2466431
84022,0.071411133,-2.210083,1.3540649
84023,0.24078369,-2.2891235,1.1535645
84024,0.28366089,-2.2845459,1.1076355
84025,0.35446167,-2.3019409,1.104126
84026,0.34210205,-2.1006775,1.1000061
84027,0.37811279,-2.2564697,0.81665039
84028,0.62408447,-2.2172546,0.81848144
84029,0.56533813,-2.283783,0.9437561
84030,0.61386108,-2.2157288,0.88043213
84031,0.6552124,-2.1308899,0.97259522
84032,0.72525024,-2.3506165,0.75561523
84033,0.72341919,-2.2816467,0.66345215
84034,0.50201416,-2.2845459,0.59463501
84035,0.74432373,-2.1772766,0.5947876
84036,0.86380005,-2.0626831,0.61096191
84037,0.91430664,-2.0469666,0.50476074
84038,0.81985474,-1.9670105,0.43762207
84039,0.87280273,-1.9535828,0.33950806
84040,0.75164795,-2.1069336,0.33309936
84041,0.9298706,-2.049408,0.11795044
84042,0.96450806,-2.1369934,0.39901733
84043,0.89828491,-1.9644165,0.13763428
84044,1.0324097,-1.9340515,0.067596436
84045,1.1125183,-1.9932556,0.16799927
84046,1.1108398,-1.8849182,-0.026550293
84047,1.003418,-1.8847656,0.037841797
84048,0.93933106,-1.9100952,-0.045776367
84049,1.0795593,-1.8469238,-0.16113281
84050,0.94985962,-1.7706299,-0.26641846
84051,1.1512756,-1.5957642,-0.33020019
84052,1.1523438,-1.6146851,-0.33447266
84053,1.2330627,-1.6149902,-0.3817749
84054,1.1727905,-1.6532898,-0.38787842
84055,1.1224365,-1.6331482,-0.36254883
84056,1.166687,-1.4450073,-0.41976929
84057,1.0905457,-1.41922,-0.42327881
84058,1.2229919,-1.3562012,-0.46875
84059,1.0975647,-1.4154053,-0.54595947
84060,1.2115479,-1.3639832,-0.68588257
84061,1.2353516,-1.2928772,-0.7119751
84062,1.098175,-1.2216187,-0.74188232
84063,1.1386108,-1.0839844,-0.79483032
84064,1.2640381,-0.90454102,-0.82000732
84065,1.100769,-1.0244751,-0.72143555
84066,1.1907959,-0.91995239,-0.80673218
84067,1.0227966,-0.94787598,-0.88790894
84068,0.92834473,-0.80886841,-0.99395752
84069,1.0214233,-0.85281372,-0.87966919
84070,1.0183716,-0.66162109,-0.94421387
84071,1.0003662,-0.78857422,-0.97290039
84072,1.0411072,-0.68267822,-1.1282349
84073,1.0388184,-0.66955566,-1.1669922
84074,1.1572266,-0.45776367,-1.0444641
84075,1.0003662,-0.46020508,-0.99563599
84076,0.95520019,-0.57098389,-1.1413574
84077,0.98327637,-0.42419434,-1.1842346
84078,0.77484131,-0.365448,-1.1424255
84079,0.8241272,-0.2331543,-1.237793
84080,0.73745728,0.00213623,-1.2573242
84081,0.68481445,-0.1361084,-1.1463928
84082,0.83007813,-0.003051758,-1.3653564
84083,0.63735962,-0.055999756,-1.2728882
84084,0.70495606,-0.13214111,-1.4341736
84085,0.51879883,-0.34088135,-1.4970398
84086,0.63034058,-0.037994385,-1.4259338
84087,0.63476563,0.28137207,-1.285553
84088,0.58776856,0.44021606,-1.2582397
84089,0.54122925,0.49621582,-1.1872864
84090,0.31616211,0.54244995,-1.3626099
84091,0.41320801,0.42251587,-1.3323975
84092,0.31967163,0.49285889,-1.4059448
84093,0.19989014,0.52062988,-1.3128662
84094,0.4170227,0.4284668,-1.3368225
84095,0.41397095,0.53955078,-1.4219666
84096,0.21835327,0.64865112,-1.3230896
84097,0.085144043,0.68740845,-1.2518311
84098,-0.00793457,0.82199097,-1.1294556
84099,-0.018463135,0.76461792,-1.2998962
84100,-0.09765625,0.78079224,-1.230011
84101,-0.077056885,0.87844849,-1.2106323
84102,-0.1512146,0.88226318,-1.217041
84103,-0.1512146,0.90377808,-1.2153625
84104,-0.12786865,0.97686768,-1.2683105
84105,-0.29144287,0.95092773,-1.2895203
84106,-0.3388977,0.89126587,-1.2094116
84107,-0.42251587,1.023407,-1.1071777
84108,-0.38299561,1.0516357,-1.1332703
84109,-0.57525635,1.1219788,-1.1425781
84110,-0.6173706,1.1842346,-1.1245728
84111,-0.70587158,1.2388611,-1.065979
84112,-0.74111938,1.295929,-1.0655212
84113,-0.89004517,1.268158,-0.82015991
84114,-0.8392334,1.3702393,-0.74676514
84115,-0.94482422,1.1706543,-0.6652832
84116,-0.92971802,1.1701965,-0.86517334
84117,-0.98510742,1.2213135,-0.6880188
84118,-1.0650635,1.2797546,-0.65673828
84119,-1.1143494,1.282959,-0.55709839
84120,-1.1920166,1.3648987,-0.52261353
84121,-1.3134766,1.343689,-0.55526733
84122,-1.3122559,1.3314819,-0.54153442
84123,-1.4100647,1.3002014,-0.46142578
84124,-1.3803101,1.3366699,-0.47851563
84125,-1.3903809,1.395874,-0.44067383
84126,-1.4303589,1.3711548,-0.38528442
84127,-1.4701843,1.3088989,-0.34576416
84128,-1.5272522,1.2380981,-0.13641357
84129,-1.6343689,1.2876892,-0.049591064
84130,-1.7463684,1.0063171,-0.15914917
84131,-1.8489075,1.1502075,0.084838867
84132,-1.6690063,1.2702942,-0.038757324
84133,-1.8725586,1.3867188,0.026092529
84134,-1.7802429,1.2635803,0.17547607
84135,-1.8513489,1.2011719,0.20584106
84136,-1.920166,1.2989807,0.26977539
84137,-1.9816589,1.1386108,0.15075684
84138,-2.0307922,1.1633301,0.38375855
84139,-1.9900513,1.1730957,0.42007446
84140,-2.0214844,1.0946655,0.42831421
84141,-2.0591736,1.1116028,0.26565552
84142,-2.0170593,0.91552734,0.57540894
84143,-2.1743774,0.89752197,0.63446045
84144,-2.0861816,0.90087891,0.6539917
84145,-2.0942688,0.98693848,0.72113037
84146,-2.0532227,0.91491699,0.63415527
84147,-1.9993591,0.9602356,0.69107056
84148,-2.1940613,0.87661743,0.89065552
84149,-2.2799683,0.80810547,0.96725464
84150,-2.2184753,0.73013306,0.83282471
84151,-2.2589111,0.65734863,0.81451416
84152,-2.2148132,0.52856445,0.95809937
84153,-2.1742249,0.64224243,1.0906982
84154,-2.2363281,0.59020996,0.9387207
84155,-2.2387695,0.3755188,1.0066223
84156,-2.2114563,0.44921875,1.0331726
84157,-2.1910095,0.23971558,1.0943604
84158,-2.2912598,0.13519287,1.4595032
84159,-2.3493958,0.023498535,1.4120483
84160,-2.2521973,0.057525635,1.2626648
84161,-2.1453857,0.006866455,1.245575
84162,-2.2257996,0.004577637,1.3632202
84163,-2.1664429,0.061340332,1.4926147
84164,-2.1853638,-0.29602051,1.5042114
84165,-2.1685791,-0.49987793,1.5527344
84166,-2.2369385,-0.20004273,1.5420532
84167,-2.1395874,-0.13504028,1.7611694
84168,-1.9888306,-0.2420044,1.7044067
84169,-1.9633484,-0.34317017,1.7414856
84170,-1.99646,-0.41641235,1.6567993
84171,-1.988678,-0.45410156,1.9262695
84172,-2.041626,-0.5279541,1.7889404
84173,-1.9250488,-0.76629639,1.6404724
84174,-1.9256592,-0.58319092,1.6790771
84175,-2.0585632,-0.64331055,1.940918
84176,-2.0626831,-0.70388794,1.9096375
84177,-1.9940186,-0.87402344,1.7662048
84178,-1.6670227,-0.89309692,1.7881775
84179,-1.7549133,-0.98770142,1.9689941
84180,-1.7938232,-1.1949158,1.8666077
84181,-1.7372131,-0.98968506,1.8400574
84182,-1.6233826,-0.99029541,2.0133972
84183,-1.7507935,-1.0906982,2.0278931
84184,-1.6743469,-1.0813904,2.1359253
84185,-1.6627502,-1.3134766,2.1025085
84186,-1.5159607,-1.6453552,1.9270325
84187,-1.5966797,-1.6098022,1.973114
84188,-1.4660645,-1.630249,2.0843506
84189,-1.257782,-1.5489197,1.9665527
84190,-1.1210632,-1.5689087,2.0619202
84191,-1.2130737,-1.5672302,1.9706726
84192,-1.1058044,-1.5393066,1.867981
84193,-1.1933899,-1.8057251,1.7227173
84194,-1.1262512,-1.8608093,1.9874573
84195,-1.0740662,-1.7605591,1.81427
84196,-0.96191406,-1.8478394,2.0074463
84197,-1.0748291,-1.8992615,2.0874023
84198,-1.0246277,-2.0054626,1.9734192
84199,-0.85479736,-2.0127869,1.8450928
84200,-0.76339722,-2.0906067,1.7500305
84201,-0.70770264,-2.0777893,1.75354
84202,-0.71136475,-1.9413757,1.7581177
84203,-0.68908691,-1.9296265,1.8444824
84204,-0.5960083,-2.1118164,1.7997742
84205,-0.40237427,-2.1299744,1.6249084
84206,-0.43685913,-2.1324158,1.7424011
84207,-0.32440186,-2.1580505,1.7356873
84208,-0.26977539,-2.0762634,1.6992188
84209,-0.1802063,-2.3178101,1.6902161
84210,-0.2532959,-2.41745,1.7025757
84211,-0.075683594,-2.4313354,1.6593933
84212,-0.15029907,-2.3995972,1.6036987
84213,0.012359619,-2.3034668,1.7477417
84214,0.0440979,-2.3266602,1.4837646
84215,0.1399231,-2.3757935,1.5078735
84216,0.30181885,-2.3751831,1.4231873
84217,0.17944336,-2.4142456,1.3716125
84218,0.31570435,-2.4462891,1.2266541
84219,0.26748657,-2.5675964,1.287384
84220,0.42388916,-2.5198364,1.3024902
84221,0.43167114,-2.5753784,1.0421753
84222,0.50979614,-2.431488,1.0870361
84223,0.43289185,-2.5646973,0.99456787
84224,0.55892944,-2.5285339,0.90820313
84225,0.62744141,-2.2544861,0.84396362
84226,0.71990967,-2.3536682,0.80627441
84227,0.79666138,-2.4752808,0.81726074
84228,0.78430176,-2.3165894,0.88409424
84229,0.84518433,-2.4119568,0.81848144
84230,0.70419312,-2.4226379,0.67489624
84231,0.87783813,-2.5852966,0.57403565
84232,1.2322998,-2.3355103,0.53222656
84233,0.86380005,-2.2065735,0.61355591
84234,0.9715271,-2.3336792,0.52825928
84235,1.0591125,-2.2976685,0.49102783
84236,1.1605835,-2.3196411,0.28411865
84237,0.9841919,-2.3506165,0.26367188
84238,1.0566711,-2.2671509,0.26611328
84239,1.1361694,-2.12677,0.15197754
84240,1.1721802,-2.1707153,0.09475708
84241,1.2062073,-2.1411133,0.19561768
84242,1.2304688,-2.0568848,0.061187744
84243,1.2548828,-1.9787598,0.065155029
84244,1.2342834,-1.8760681,-0.034484863
84245,1.1282349,-1.8225098,-0.066223145
84246,1.0977173,-1.9683838,-0.098876953
84247,1.1932373,-1.8487549,-0.1965332
84248,1.1935425,-1.900177,-0.32211304
84249,1.2994385,-1.803894,-0.28457642
84250,1.4071655,-1.7236328,-0.2835083
84251,1.505127,-1.6384888,-0.38879394
84252,1.3996887,-1.5953064,-0.30258179
84253,1.4646912,-1.6850281,-0.41641235
84254,1.4041138,-1.5888977,-0.59906006
84255,1.3043213,-1.5661621,-0.55847168
84256,1.4138794,-1.4752197,-0.62332153
84257,1.1933899,-1.4442444,-0.62637329
84258,1.2379456,-1.3195801,-0.71594238
84259,1.3302612,-1.3249207,-0.81054688
84260,1.3407898,-1.2857056,-0.78903198
84261,1.2411499,-1.1790466,-0.81665039
84262,1.1047363,-1.2452698,-0.92529297
84263,1.3349915,-1.1065674,-0.9526062
84264,1.2219238,-1.1225891,-0.86914063
84265,1.3076782,-1.0054016,-0.93032837
84266,1.2696838,-0.84945679,-0.95550537
84267,1.2542725,-0.73501587,-1.0430908
84268,1.2202454,-0.64086914,-1.1207581
84269,1.1135864,-0.5329895,-1.1578369
84270,1.194458,-0.53543091,-1.2391663
84271,1.1785889,-0.48095703,-1.1442566
84272,0.97137451,-0.39474487,-1.1155701
84273,0.94238281,-0.52093506,-1.1204529
84274,1.0545349,-0.49591064,-1.3362122
84275,1.1680603,-0.28137207,-1.2930298
84276,1.0307312,-0.12542725,-1.2654114
84277,1.0456848,-0.11199951,-1.4602661
84278,1.1630249,0.009002686,-1.5003967
84279,1.0998535,0.073394775,-1.5216064
84280,0.9815979,0.12329102,-1.5704346
84281,0.45227051,-0.10299683,-1.6371155
84282,0.57220459,-0.23956299,-1.4962769
84283,0.65567017,0.1322937,-1.4956665
84284,0.63796997,0.28564453,-1.4624023
84285,0.36514282,0.36956787,-1.3227844
84286,0.58059692,0.39077759,-1.3438416
84287,0.51895142,0.40771484,-1.4982605
84288,0.36712647,0.4737854,-1.5240479
84289,0.54733276,0.55023193,-1.3845825
84290,0.32485962,0.6842041,-1.4959717
84291,0.25299072,0.69030762,-1.3711548
84292,0.23101807,0.62713623,-1.4471436
84293,0.11352539,0.78475952,-1.4526367
84294,0.1423645,0.90179443,-1.3357544
84295,-0.048217773,0.86425781,-1.408844
84296,0.030975342,0.97503662,-1.4068604
84297,-0.048370361,0.84472656,-1.3415527
84298,-0.087280273,0.96694946,-1.2841797
84299,-0.23864746,1.1865234,-1.1399841
84300,-0.34561157,1.2573242,-1.237793
84301,-0.31433106,1.1880493,-1.1956787
84302,-0.56747437,1.2077332,-0.99182129
84303,-0.61584473,1.3690186,-1.0827637
84304,-0.56472778,1.2530518,-0.98922729
84305,-0.48614502,1.2667847,-1.214447
84306,-0.58700562,1.2704468,-1.277771
84307,-0.71456909,1.4691162,-1.0223389
84308,-0.72052002,1.2998962,-1.0968018
84309,-0.83587647,1.4198303,-1.1657715
84310,-0.81893921,1.3867188,-1.0418701
84311,-0.86349487,1.4389038,-0.99182129
84312,-0.8921814,1.348877,-0.89706421
84313,-0.94970703,1.3687134,-0.9185791
84314,-1.197052,1.3301086,-0.75988769
84315,-1.1811829,1.4657593,-0.72906494
84316,-0.99517822,1.6027832,-0.75286865
84317,-1.2294006,1.6085815,-0.65170288
84318,-1.2045288,1.5272522,-0.55175781
84319,-1.282196,1.3673401,-0.5154419
84320,-1.3711548,1.4068604,-0.32196045
84321,-1.346283,1.4155579,-0.39199829
84322,-1.4019775,1.4027405,-0.32455444
84323,-1.4404297,1.4009094,-0.29525757
84324,-1.5403748,1.3464355,-0.29922485
84325,-1.6464233,1.3829041,-0.16540527
84326,-1.6905212,1.0003662,-0.45898438
84327,-1.852417,1.309967,-0.22872925
84328,-1.7460632,1.3336182,-0.074768066
84329,-1.7909241,1.1700439,-0.055236816
84330,-1.920166,1.2231445,0.091247559
84331,-1.9003296,1.1897278,0.00869751
84332,-1.9750977,1.2611389,0.13290405
84333,-2.0074463,1.3388062,0.20507813
84334,-1.9256592,1.3830566,0.10665894
84335,-2.0597839,1.3764954,0.29403686
84336,-2.0495605,1.1538696,0.31661987
84337,-2.0407104,1.2423706,0.38543701
84338,-2.0756531,1.2466431,0.45089722
84339,-2.1839905,1.0612488,0.66162109
84340,-2.2329712,1.1235046,0.65795898
84341,-2.1644592,1.0137939,0.63735962
84342,-2.1376038,1.0017395,0.73364258
84343,-2.1263123,0.88912964,0.66345215
84344,-2.1382141,0.80001831,0.80657959
84345,-2.1975708,0.79498291,0.88562012
84346,-2.1463013,0.60852051,0.7875061
84347,-2.2322083,0.72021484,0.92163086
84348,-2.1636963,0.63293457,0.99151611
84349,-2.0968628,0.67947388,0.89782715
84350,-2.2538757,0.58181763,0.9602356
84351,-2.1554565,0.54718018,1.0072327
84352,-2.1694946,0.43609619,1.0780334
84353,-2.1815491,0.42160034,1.2619019
84354,-2.2750854,0.35400391,1.2356567
84355,-2.1270752,0.26657105,1.29776
84356,-2.2505188,0.089416504,1.1891174
84357,-2.1704102,0.11352539,1.3070679
84358,-2.1372986,-0.0340271,1.4306641
84359,-2.1989441,-0.050048828,1.6421509
84360,-2.043457,-0.15472412,1.5623474
84361,-2.1116638,0.097808838,1.6688538
84362,-2.0664978,-0.12496948,1.6308594
84363,-2.0889282,-0.48370361,1.572876
84364,-2.0843506,-0.64071655,1.625061
84365,-2.1929932,-0.46279907,1.6203308
84366,-1.9638062,-0.57022095,1.8984985
84367,-2.1058655,-0.40298462,1.7828369
84368,-2.0187378,-0.41305542,1.7120361
84369,-2.1414185,-0.49606323,1.7858887
84370,-2.0553589,-0.63034058,1.6229248
84371,-1.9981384,-0.76187134,1.6436768
84372,-1.9688416,-0.65368652,1.496582
84373,-1.8180847,-0.66925049,1.8807983
84374,-1.9010925,-0.72784424,2.0426941
84375,-1.8200684,-0.81161499,1.7550659
84376,-1.7959595,-1.0447693,1.8237305
84377,-1.6499329,-1.0650635,1.9445801
84378,-1.8525696,-1.1422729,2.1255493
84379,-1.8199158,-1.2670898,2.0425415
84380,-1.7939758,-1.2149048,2.0767212
84381,-1.5960693,-1.1961365,2.0529175
84382,-1.6043091,-1.3452148,1.7913818
84383,-1.6304016,-1.4633179,1.7938232
84384,-1.5153503,-1.5623474,1.9717407
84385,-1.3542175,-1.6204834,1.8952942
84386,-1.2994385,-1.6526794,2.0437622
84387,-1.2742615,-1.6104126,2.0530701
84388,-1.2095642,-1.6960144,2.0597839
84389,-1.3453674,-1.7875671,2.0088196
84390,-1.178894,-1.9111633,1.8603516
84391,-1.1846924,-1.7294312,1.9720459
84392,-1.2182617,-1.8696594,1.9752502
84393,-1.0211182,-1.8019104,2.0266724
84394,-0.95016479,-1.7147827,1.9325256
84395,-0.92590332,-1.8652344,1.9972229
84396,-0.84686279,-1.9320679,1.8321228
84397,-0.71121216,-2.0028687,1.8501282
84398,-0.57189941,-1.8824768,1.9390869
84399,-0.64605713,-1.9767761,1.9659424
84400,-0.65292358,-2.1466064,1.8025208
84401,-0.70465088,-2.2383118,1.9248962
84402,-0.58761597,-2.2776794,1.8606567
84403,-0.47668457,-2.2914124,1.7785645
84404,-0.33233643,-2.1029663,1.605835
84405,-0.31295776,-2.1481323,1.6470337
84406,-0.28106689,-2.1670532,1.7298889
84407,-0.1651001,-2.3097229,1.582489
84408,-0.23132324,-2.1548462,1.6996765
84409,-0.061950684,-2.442627,1.5441895
84410,0.072937012,-2.3451233,1.4590454
84411,0.10498047,-2.4459839,1.5884399
84412,0.1348877,-2.288208,1.4080811
84413,0.11810303,-2.3413086,1.4334106
84414,0.18432617,-2.3052979,1.4764404
84415,0.27801514,-2.3609924,1.4025879
84416,0.27740478,-2.4780273,1.2561035
84417,0.3388977,-2.4461365,1.2393188
84418,0.44433594,-2.5946045,1.1099243
84419,0.5329895,-2.3980713,1.1018372
84420,0.53863525,-2.3770142,1.0243225
84421,0.57052612,-2.3728943,1.0502625
84422,0.5480957,-2.4197388,0.99487305
84423,0.64315796,-2.4482727,0.91201782
84424,0.65307617,-2.3985291,0.85006714
84425,0.63995361,-2.3545837,0.82214356
84426,0.65429688,-2.2540283,0.7333374
84427,0.72235107,-2.33078,0.61920166
84428,0.75942993,-2.2122192,0.64270019
84429,0.79055786,-2.2697449,0.64117432
84430,0.88592529,-2.3390198,0.53619385
84431,0.85449219,-2.0753479,0.53329468
84432,0.92514038,-2.2419739,0.46264648
84433,0.95413208,-2.1496582,0.4335022
84434,0.99884033,-2.1388245,0.34667969
84435,1.0942078,-2.1479797,0.22460938
84436,1.1245728,-2.1990967,0.28717041
84437,1.204834,-2.1081543,0.25161743
84438,1.1845398,-2.1742249,0.13549805
84439,1.1636353,-1.9995117,0.010070801
84440,1.2324524,-1.837616,0.11932373
84441,1.2316895,-1.862793,-0.05279541
84442,1.2496948,-1.9166565,-0.3894043
84443,1.1753845,-1.867218,-0.1940918
84444,1.2431335,-1.8319702,-0.31921387
84445,1.4276123,-1.7276001,-0.3125
84446,1.3386536,-1.7219543,-0.46356201
84447,1.4559937,-1.6317749,-0.31494141
84448,1.3104248,-1.6172791,-0.43624878
84449,1.3635254,-1.6970825,-0.2607727
84450,1.4794922,-1.6229248,-0.55282593
84451,1.3911438,-1.525116,-0.65048218
84452,1.212616,-1.4300537,-0.66482544
84453,1.2561035,-1.254425,-0.72448731
84454,1.2677002,-1.2728882,-0.72433472
84455,1.2506104,-1.1764526,-0.79742432
84456,1.2097168,-1.3023376,-0.71411133
84457,1.2002563,-1.2084961,-0.74523926
84458,1.1476135,-1.0643005,-0.8694458
84459,1.0548401,-1.2561035,-0.88058472
84460,1.1172485,-1.0971069,-1.0325623
84461,1.3279724,-1.0545349,-0.90637207
84462,1.3175964,-1.0519409,-1.0089111
84463,1.2492371,-0.99884033,-1.0813904
84464,1.2127686,-0.92681885,-1.1425781
84465,1.138916,-0.67260742,-1.1471558
84466,1.1206055,-0.61981201,-1.1239624
84467,1.1308289,-0.52719116,-1.1564636
84468,1.0693359,-0.43655395,-1.086731
84469,1.0443115,-0.48645019,-1.2367249
84470,0.98022461,-0.3237915,-1.260376
84471,1.0507202,-0.35018921,-1.3919067
84472,1.098938,-0.29785156,-1.302948
84473,0.92468262,-0.25146484,-1.4926147
84474,1.089325,-0.096740723,-1.3851929
84475,0.94360352,-0.082244873,-1.4405823
84476,0.8694458,-0.10696411,-1.5864563
84477,0.90637207,0.019378662,-1.5460205
84478,0.66467285,-0.02243042,-1.5821838
84479,0.79437256,0.009307861,-1.3076782
84480,0.77102661,0.10574341,-1.3282776
84481,0.76461792,0.30197144,-1.3450623
84482,0.58792114,0.30670166,-1.4237976
84483,0.47790527,0.43212891,-1.481781
84484,0.55114746,0.40298462,-1.5266418
84485,0.5090332,0.46157837,-1.4535522
84486,0.39550781,0.52810669,-1.4797974
84487,0.3427124,0.57876587,-1.4073181
84488,0.16921997,0.5506897,-1.2345886
84489,0.17196655,0.60516357,-1.338501
84490,0.1751709,0.66116333,-1.4842224
84491,0.068817139,0.76660156,-1.4326477
84492,0.037994385,0.65231323,-1.4045715
84493,-0.049743652,0.89050293,-1.416626
84494,-0.034790039,0.8126831,-1.2275696
84495,-0.16967773,0.98846435,-1.3595581
84496,-0.21484375,0.65353394,-1.21521
84497,-0.17196655,1.2101746,-1.3169861
84498,-0.28930664,1.2515259,-1.3560486
84499,-0.1713562,1.1761475,-1.116333
84500,-0.23590088,1.1373901,-1.1923218
84501,-0.36453247,1.1819458,-1.0777283
84502,-0.46615601,1.1178589,-1.0583496
84503,-0.47286987,1.0575867,-1.0739136
84504,-0.53833008,1.1721802,-1.0931396
84505,-0.63293457,1.3131714,-1.0827637
84506,-0.73944092,1.3404846,-1.0127258
84507,-0.70220947,1.2864685,-0.91247559
84508,-0.74432373,1.3641357,-0.85693359
84509,-0.89248657,1.5213013,-0.64666748
84510,-0.98129272,1.3201904,-0.92895508
84511,-1.0105896,1.4234924,-0.68572998
84512,-1.0824585,1.3227844,-0.67779541
84513,-1.0734558,1.3847351,-0.61462402
84514,-1.2332153,1.4657593,-0.61889648
84515,-1.3848877,1.3723755,-0.58349609
84516,-1.2915039,1.4035034,-0.60913086
84517,-1.413269,1.4126587,-0.73471069
84518,-1.5029907,1.3063049,-0.4776001
84519,-1.4732361,1.4349365,-0.4234314
84520,-1.4859009,1.6372681,-0.31356811
84521,-1.4958191,1.3893127,-0.35186768
84522,-1.6506958,1.3630676,-0.25146484
84523,-1.7553711,1.3064575,-0.20721435
84524,-1.7826843,1.282196,-0.26672363
84525,-1.6746521,1.2496948,-0.15396118
84526,-1.6418457,1.2641907,-0.066223145
84527,-1.7555237,1.0612488,-0.038452148
84528,-1.9549561,1.1618042,0.20355225
84529,-1.8084717,1.2921143,0.11535645
84530,-2.0007324,1.1669922,0.2079773
84531,-2.0016479,1.1499023,0.1651001
84532,-1.9322205,1.2298584,0.37689209
84533,-1.9052124,1.1135864,0.50689697
84534,-2.0413208,1.0713196,0.26855469
84535,-1.9058228,1.0766602,0.38284302
84536,-1.9082642,1.1009216,0.46325684
84537,-2.0274353,1.0585022,0.5456543
84538,-1.998291,1.0090637,0.52978516
84539,-2.0423889,0.95458984,0.53512573
84540,-2.0239258,0.67947388,0.62133789
84541,-2.0507813,0.86486816,0.69137573
84542,-2.0744324,0.76950073,0.71807861
84543,-2.1612549,0.83389282,0.84533691
84544,-2.2535706,0.76507568,0.76248169
84545,-2.2120667,0.5783081,0.91674805
84546,-2.2763062,0.71029663,0.96191406
84547,-2.2470093,0.82366943,1.0578918
84548,-2.1850586,0.6350708,1.0653687
84549,-2.1734619,0.52581787,1.0935974
84550,-2.3999023,0.40222168,1.3232422
84551,-2.2732544,0.38131714,1.3674927
84552,-2.2621155,0.40496826,1.302948
84553,-2.1775818,0.32974243,1.3334656
84554,-2.3945618,0.32730103,1.2863159
84555,-2.3744202,0.2772522,1.5036011
84556,-2.2218323,0.19638062,1.5338135
84557,-2.4119568,-0.12145996,1.6612244
84558,-2.2857666,-0.12008667,1.4904785
84559,-2.2958374,-0.047912598,1.5722656
84560,-2.1427917,-0.24169922,1.4044189
84561,-2.2973633,-0.30548096,1.5562439
84562,-2.0405579,-0.40039063,1.6812134
84563,-1.9865417,-0.23925781,1.640625
84564,-2.0700073,-0.29769897,1.7971802
84565,-2.086792,-0.45776367,1.7236328
84566,-1.9177246,-0.74157715,1.6430664
84567,-2.0323181,-0.6628418,1.5519714
84568,-2.2203064,-0.69747925,1.8180847
84569,-1.9113159,-0.65917969,1.7730713
84570,-1.9418335,-0.5619812,1.5898132
84571,-1.8295288,-0.68847656,1.7678833
84572,-1.9477844,-0.68008423,2.06604
84573,-1.8212891,-0.86273193,1.4953613
84574,-1.8840027,-1.0507202,1.5020752
84575,-1.8818665,-1.04599,1.9645691
84576,-1.8309021,-1.1923218,1.8933105
84577,-1.6134644,-1.058197,2.0042419
84578,-1.7198181,-1.1425781,2.0967102
84579,-1.5170288,-1.1491394,1.9343567
84580,-1.5487671,-1.133728,1.9210815
84581,-1.5634155,-1.2034607,2.0294189
84582,-1.4587402,-1.4709473,1.9046021
84583,-1.4308166,-1.4984131,2.2976685
84584,-1.4903259,-1.6673279,2.1289063
84585,-1.5679932,-1.7643738,2.0225525
84586,-1.2583923,-1.7950439,1.8916321
84587,-1.1547852,-1.9047546,1.9487
84588,-1.2863159,-1.9178772,1.9355774
84589,-1.0183716,-1.7507935,2.1096802
84590,-1.1750793,-1.700592,2.1972656
84591,-1.056366,-1.8788147,2.046051
84592,-0.92437744,-1.8983459,2.0558167
84593,-0.92926025,-1.920929,1.9682312
84594,-0.89660644,-1.8516541,2.0756531
84595,-0.82122803,-1.9102478,1.9210815
84596,-0.84243774,-1.9468689,1.9744873
84597,-0.61386108,-2.0309448,1.8281555
84598,-0.60714722,-2.1743774,1.7497253
84599,-0.55435181,-2.159729,1.8225098
84600,-0.56396484,-2.0503235,1.8357849
84601,-0.53436279,-2.2470093,1.877594
84602,-0.3125,-2.1679688,1.7572021
84603,-0.24871826,-2.1540833,1.9810486
84604,-0.26016235,-2.0411682,1.8322754
84605,-0.30227661,-2.3823547,1.7724609
84606,-0.21194458,-2.3710632,1.5809631
84607,-0.095367432,-2.2883606,1.5150452
84608,-0.075378418,-2.3554993,1.5318298
84609,-0.077209473,-2.212677,1.4736938
84610,-0.08026123,-2.1209717,1.5136719
84611,0.050811768,-2.1746826,1.2898254
84612,0.21240234,-2.4124146,1.315918
84613,0.16540527,-2.3240662,1.2628174
84614,0.23834228,-2.456665,1.2504578
84615,0.34286499,-2.5152588,1.2515259
84616,0.38879394,-2.6225281,1.159668
84617,0.32608032,-2.5598145,1.2080383
84618,0.41824341,-2.4371338,1.1022949
84619,0.38619995,-2.4391174,1.0795593
84620,0.51971435,-2.4212646,1.0432434
84621,0.64178467,-2.40448,0.95214844
84622,0.71914673,-2.323761,0.81207275
84623,0.66650391,-2.3094177,0.86196899
84624,0.68511963,-2.4951172,0.75302124
84625,0.76126099,-2.495575,0.78369141
84626,0.79956055,-2.4505615,0.72433472
84627,0.82199097,-2.5210571,0.68695068
84628,0.87799072,-2.645874,0.47851563
84629,0.93933106,-2.4035645,0.51330566
84630,0.96618652,-2.2776794,0.50262451
84631,0.98007202,-2.4237061,0.48278809
84632,0.96191406,-2.2167969,0.52886963
84633,0.90438843,-2.3503113,0.3918457
84634,1.0812378,-2.1170044,0.26382446
84635,1.1233521,-2.0324707,0.17059326
84636,1.0934448,-2.0744324,0.20874023
84637,1.0676575,-1.9665527,0.10696411
84638,1.1022949,-1.9444275,0.032958984
84639,1.2133789,-2.0101929,-0.23162842
84640,1.2319946,-1.9165039,-0.23010254
84641,1.1077881,-1.9111633,-0.013275146
84642,1.2649536,-1.7301941,-0.15914917
84643,1.1932373,-1.7398071,-0.21514893
84644,1.2948608,-1.6844177,-0.20553589
84645,1.2309265,-1.7553711,-0.25741577
84646,1.2768555,-1.6236877,-0.36087036
84647,1.3032532,-1.6233826,-0.37445068
84648,1.2988281,-1.5757751,-0.40725708
84649,1.2802124,-1.5470886,-0.39047241
84650,1.2664795,-1.5222168,-0.41931152
84651,1.2425232,-1.4845276,-0.44189453
84652,1.2561035,-1.446228,-0.50323486
84653,1.3583374,-1.3897705,-0.68557739
84654,1.3856506,-1.2646484,-0.82489014
84655,1.2635803,-1.2564087,-0.92926025
84656,1.330719,-1.2498474,-0.75286865
84657,1.373291,-1.2683105,-0.96466065
84658,1.285553,-1.0565186,-0.85342407
84659,1.1746216,-0.98220825,-0.82366943
84660,1.2687683,-1.0958862,-0.96328735
84661,1.2295532,-0.98358154,-0.99258423
84662,1.1952209,-0.88287353,-1.0119629
84663,1.0568237,-0.85083008,-0.99838257
84664,1.0597229,-0.66635132,-0.95550537
84665,1.2034607,-0.74081421,-0.98617554
84666,1.1959839,-0.69824219,-1.2103271
84667,1.075592,-0.53817749,-1.2644959
84668,1.2606812,-0.42129517,-1.1968994
84669,1.1053467,-0.43212891,-1.2663269
84670,1.0656738,-0.47607422,-1.2287903
84671,1.0684204,-0.31555176,-1.2554932
84672,0.87921143,-0.27038574,-1.2908936
84673,0.84793091,-0.14129639,-1.4251709
84674,0.73852539,-0.10116577,-1.3998413
84675,0.76629639,0.13046265,-1.2251282
84676,0.92300415,0.0,-1.2023926
84677,0.79223633,-0.001831055,-1.2677002
84678,0.65673828,-0.39733887,-1.3623047
84679,0.66589356,-0.079193115,-1.4027405
84680,0.52932739,0.17105103,-1.2875366
84681,0.76354981,0.29678345,-1.3677979
84682,0.5430603,0.32836914,-1.3973999
84683,0.42541504,0.2923584,-1.4054871
84684,0.34118652,0.42388916,-1.4102173
84685,0.33493042,0.58425903,-1.2843323
84686,0.10772705,0.62850952,-1.4196777
84687,0.11978149,0.4951477,-1.3256836
84688,0.21514893,0.59875488,-1.3102722
84689,0.022277832,0.71975708,-1.3415527
84690,0.087432861,0.61553955,-1.3372803
84691,0.067901611,0.55496216,-1.3421631
84692,-0.063018799,0.82397461,-1.2521362
84693,-0.057678223,0.75927734,-1.418457
84694,-0.13580322,0.77819824,-1.4674377
84695,-0.25024414,0.72265625,-1.2480164
84696,-0.34423828,0.88623047,-1.1199951
84697,-0.26367188,1.0444641,-1.1131287
84698,-0.42724609,1.072998,-1.1605835
84699,-0.45852661,1.1331177,-1.177063
84700,-0.3944397,0.99151611,-1.0217285
84701,-0.52886963,1.0093689,-1.0488892
84702,-0.55175781,1.0137939,-1.1499023
84703,-0.69396973,1.1512756,-1.0133362
84704,-0.71594238,0.94406128,-0.92102051
84705,-0.61569214,1.1354065,-1.2127686
84706,-0.7421875,1.1895752,-1.1257935
84707,-0.76599121,1.2393188,-1.0037231
84708,-0.83251953,1.2010193,-0.86166382
84709,-0.91430664,1.043396,-0.70281982
84710,-0.99746704,1.0426331,-0.68984985
84711,-1.0508728,1.3040161,-0.59997559
84712,-1.1161804,1.2249756,-0.57739258
84713,-1.0844421,1.1079407,-0.55236816
84714,-0.9954834,1.2640381,-0.33233643
84715,-1.2817383,1.2608337,-0.37963867
84716,-1.335144,1.3684082,-0.41122436
84717,-1.3504028,1.3262939,-0.42022705
84718,-1.4108276,1.3336182,-0.42709351
84719,-1.5893555,1.2496948,-0.5430603
84720,-1.5139771,1.1938477,-0.41259766
84721,-1.5368652,1.2443542,-0.23376465
84722,-1.5393066,1.2710571,-0.12252808
84723,-1.5873718,1.2588501,-0.18157959
84724,-1.5763855,1.2365723,-0.08605957
84725,-1.650238,1.2284851,-0.020751953
84726,-1.6702271,1.2797546,0.049591064
84727,-1.6438293,1.2892151,0.031738281
84728,-1.7567444,1.1239624,0.19851685
84729,-1.6963196,1.2197876,0.16448975
84730,-1.7605591,1.1309814,0.35522461
84731,-1.865387,1.3258362,0.3213501
84732,-1.8699646,1.0585022,0.32226563
84733,-1.8489075,1.131134,0.32424927
84734,-1.9537354,0.94421387,0.53833008
84735,-2.0397949,0.97839356,0.40100098
84736,-2.0465088,1.0015869,0.55618286
84737,-1.9612122,0.93719482,0.55969238
84738,-2.0353699,0.80291748,0.59997559
84739,-2.1183777,0.77423096,0.59814453
84740,-2.0011902,0.75744629,0.74264526
84741,-2.0843506,0.54122925,0.87112427
84742,-2.1112061,0.5758667,0.84976196
84743,-2.137146,0.67886353,0.81512451
84744,-2.0547485,0.72143555,0.68237305
84745,-2.0562744,0.49530029,0.81771851
84746,-2.0915222,0.39016724,0.96313477
84747,-2.1191406,0.31921387,1.0749817
84748,-2.0837402,0.29159546,1.0481262
84749,-2.0561218,0.42434692,1.1193848
84750,-2.0210266,0.26733398,1.0617065
84751,-2.1255493,0.28442383,1.1372375
84752,-2.1928406,0.057373047,1.3941956
84753,-2.0875549,-0.042114258,1.360321
84754,-2.0739746,0.081329346,1.3627625
84755,-2.1194458,0.13870239,1.4376831
84756,-1.9439697,-0.083007813,1.5350342
84757,-2.1435547,-0.14434815,1.4671326
84758,-2.0977783,0.012664795,1.4547729
84759,-1.978302,-0.04486084,1.5524292
84760,-1.9718933,-0.72509766,1.5765381
84761,-1.9590759,-0.2684021,1.4930725
84762,-1.9865417,-0.26138306,1.6287231
84763,-1.9265747,-0.2633667,1.7054749
84764,-1.9458008,-0.3994751,1.6400146
84765,-1.9004822,-0.5267334,1.5995789
84766,-1.819458,-0.5696106,1.7169189
84767,-1.783905,-0.73486328,1.7614746
84768,-1.803894,-0.69610596,1.7019653
84769,-1.7837524,-0.68023682,1.7181396
84770,-1.6551209,-0.81634522,1.8588257
84771,-1.8118286,-0.93780518,2.0158386
84772,-1.6218567,-1.0249329,1.3012695
84773,-1.6094971,-1.174469,1.6995239
84774,-1.6383362,-0.97610474,1.9654846
84775,-1.6897583,-1.0227966,1.9061279
84776,-1.5719604,-1.1845398,1.7976379
84777,-1.3439941,-1.0046387,1.9610596
84778,-1.6033936,-1.1790466,1.7758179
84779,-1.4376831,-1.4703369,1.6784668
84780,-1.4109802,-1.4836121,1.6835022
84781,-1.3746643,-1.5460205,1.7134094
84782,-1.2162781,-1.4471436,1.943512
84783,-1.1839294,-1.4389038,1.8295288
84784,-1.0656738,-1.4398193,1.8444824
84785,-1.1154175,-1.5643311,1.7420959
84786,-0.93292236,-1.5019226,1.7796326
84787,-1.0739136,-1.5856934,1.6543579
84788,-0.91186523,-1.6174316,1.7808533
84789,-0.85678101,-1.6148376,1.7823791
84790,-0.72875977,-1.7301941,1.7402649
84791,-0.87921143,-1.706543,1.79245
84792,-0.74462891,-1.8408203,1.7199707
84793,-0.68115234,-1.7341614,1.7884827
84794,-0.52902222,-1.7268372,1.8014526
84795,-0.51528931,-1.8223572,1.7901611
84796,-0.58685303,-2.0098877,1.7753601
84797,-0.51635742,-2.1127319,1.6955566
84798,-0.40710449,-2.1704102,1.6729736
84799,-0.37139893,-2.0278931,1.6798401
84800,-0.30853272,-2.1333313,1.7126465
84801,-0.2734375,-2.1777344,1.5539551
84802,-0.29678345,-2.1328735,1.5422058
84803,-0.26702881,-2.2000122,1.418457
84804,-0.1689148,-2.2076416,1.3998413
84805,-0.16937256,-2.2517395,1.4315796
84806,-0.006561279,-2.2924805,1.3999939
84807,0.07019043,-2.2982788,1.424408
84808,0.009765625,-2.1559143,1.4093018
84809,0.09552002,-2.2824097,1.1749268
84810,0.22003174,-2.0544434,1.1907959
84811,0.37567139,-2.0573425,1.2548828
84812,0.39245606,-2.1699524,1.3293457
84813,0.4560852,-2.1357727,1.0377502
84814,0.45104981,-2.1583557,0.99777222
84815,0.41412353,-2.046814,1.0061646
84816,0.33355713,-2.2909546,0.89767456
84817,0.47973633,-2.1022034,0.93383789
84818,0.44631958,-2.2497559,0.86761475
84819,0.59326172,-2.3526001,0.7611084
84820,0.6716919,-2.2529602,0.71029663
84821,0.70220947,-2.0993042,0.72463989
84822,0.6803894,-1.9656372,0.60058594
84823,0.68023682,-1.9447327,0.5178833
84824,0.8052063,-2.0150757,0.56289673
84825,0.89996338,-2.0111084,0.40924072
84826,0.79177856,-2.0272827,0.46035767
84827,0.8757019,-2.1450806,0.3805542
84828,0.81100464,-2.0840454,0.29785156
84829,0.8454895,-1.8429565,0.21255493
84830,0.9526062,-1.776123,0.27694702
84831,0.92041016,-1.8745422,0.11932373
84832,0.91629028,-1.9842529,0.10879517
84833,0.93933106,-2.1026611,0.058288574
84834,0.89599609,-2.0603943,0.11550903
84835,1.0301209,-1.7886353,-0.016784668
84836,0.92697144,-1.7988586,-0.047302246
84837,1.1097717,-1.8339539,-0.17211914
84838,1.1135864,-1.7105103,-0.23178101
84839,1.0713196,-1.6793823,-0.27832031
84840,1.2294006,-1.6300964,-0.23025513
84841,1.0572815,-1.572876,-0.13946533
84842,1.0787964,-1.5100098,-0.19256592
84843,1.1254883,-1.5475464,-0.2331543
84844,1.1650085,-1.4738464,-0.38040161
84845,1.2194824,-1.4479065,-0.45440674
84846,1.2167358,-1.3822937,-0.47698975
84847,1.0923767,-1.3963318,-0.46142578
84848,1.1019897,-1.3049316,-0.39367676
84849,0.92056274,-1.1968994,-0.56869507
84850,1.0369873,-1.0881042,-0.6590271
84851,1.0542297,-1.0728455,-0.58059692
84852,1.2825012,-1.0058594,-0.70358276
84853,1.0443115,-0.97198486,-0.72921753
84854,0.98190308,-0.60302734,-0.76812744
84855,1.1807251,-0.65582275,-0.8706665
84856,1.0017395,-0.66238403,-0.831604
84857,1.0316467,-0.70053101,-0.85098267
84858,0.94238281,-0.64086914,-0.8430481
84859,1.0516357,-0.56335449,-0.95077515
84860,0.97106934,-0.55847168,-1.1001587
84861,0.89630127,-0.50445557,-1.0432434
84862,0.82733154,-0.43289185,-1.0256958
84863,0.91262817,-0.54046631,-0.95596313
84864,0.87524414,-0.37521362,-1.0742188
84865,0.75363159,-0.38543701,-1.047821
84866,0.83251953,-0.24765015,-1.3246155
84867,0.71105957,-0.25558472,-1.1987305
84868,0.80276489,-0.18783569,-1.2779236
84869,0.74356079,-0.22628784,-1.277771
84870,0.75363159,-0.01449585,-1.1869812
84871,0.58105469,0.10116577,-1.1376953
84872,0.72952271,0.068817139,-1.0920715
84873,0.52383423,0.26138306,-1.040802
84874,0.2015686,-0.093383789,-1.2011719
84875,0.52261353,-0.20645142,-1.2342834
84876,0.28015137,0.004882813,-1.4103699
84877,0.30975342,0.15762329,-1.1927795
84878,0.19638062,0.10726929,-1.3493347
84879,0.33248901,0.06942749,-1.3087463
84880,0.29876709,0.39871216,-1.234436
84881,0.15380859,0.41717529,-1.0794067
84882,-0.016784668,0.57510376,-1.1653137
84883,0.087280273,0.54382324,-1.2033081
84884,-0.012054443,0.64575195,-1.0655212
84885,-0.066375732,0.6388855,-1.1706543
84886,-0.071868896,0.80490112,-1.1380005
84887,-0.20431519,0.73883057,-1.0150146
84888,-0.29525757,0.82748413,-1.086731
84889,-0.31204224,0.95077515,-1.025238
84890,-0.17684937,0.9173584,-1.1029053
84891,-0.23147583,0.89019775,-1.0165405
84892,-0.3805542,0.83587647,-1.12854
84893,-0.39138794,0.6968689,-1.0887146
84894,-0.37277222,1.0702515,-1.0614014
84895,-0.56823731,1.0440063,-1.0362244
84896,-0.51193237,1.1772156,-0.97442627
84897,-0.62194824,1.1914063,-0.95001221
84898,-0.73287964,1.0975647,-0.88562012
84899,-0.7824707,1.2245178,-0.70083618
84900,-0.77468872,0.98831177,-0.88470459
84901,-0.88470459,1.0400391,-0.71105957
84902,-0.89050293,1.0583496,-0.67199707
84903,-0.91613769,1.1726379,-0.64834595
84904,-1.0520935,1.043396,-0.87142944
84905,-1.0064697,1.2232971,-0.67977905
84906,-1.0314941,1.161499,-0.4498291
84907,-1.1210632,1.0873413,-0.57235718
84908,-1.2158203,0.9928894,-0.40924072
84909,-1.209259,1.0351563,-0.39031982
84910,-1.2371826,0.97610474,-0.49423218
84911,-1.3735962,1.0882568,-0.38299561
84912,-1.410675,1.0375977,-0.27587891
84913,-1.5274048,1.0873413,-0.2456665
84914,-1.5182495,1.1181641,-0.089569092
84915,-1.6459656,1.0760498,-0.30029297
84916,-1.6786194,1.178894,-0.026702881
84917,-1.5763855,1.2814331,-0.032653809
84918,-1.5667725,1.2664795,-0.16662598
84919,-1.6369629,1.2210083,-0.056610107
84920,-1.5965271,1.0743713,0.15960693
84921,-1.6166687,0.93521118,0.067596436
84922,-1.5899658,1.0635376,0.1675415
84923,-1.6593933,1.0697937,0.18569946
84924,-1.9021606,1.1235046,0.35247803
84925,-1.9862366,1.022644,0.29251099
84926,-1.9035339,0.99822998,0.25604248
84927,-1.7614746,1.0003662,0.48400879
84928,-1.9613647,1.0386658,0.53634644
84929,-1.8797302,0.75073242,0.47729492
84930,-2.0458984,0.89660644,0.61004639
84931,-2.0169067,0.98953247,0.68939209
84932,-2.081604,0.74508667,0.66207886
84933,-2.0089722,0.7623291,0.6703186
84934,-2.0587158,0.6211853,0.85968018
84935,-2.0126343,0.6741333,0.73486328
84936,-1.9796753,0.58685303,0.7800293
84937,-1.97052,0.58700562,0.73654175
84938,-1.9647217,0.51269531,0.72769165
84939,-2.019043,0.41259766,0.84350586
84940,-2.0709229,0.33538818,0.97000122
84941,-2.056427,0.1864624,0.87371826
84942,-2.194519,0.25115967,0.94970703
84943,-1.9828796,0.22949219,1.3818359
84944,-2.064209,0.35736084,1.2741089
84945,-2.0796204,0.23986816,1.2454224
84946,-1.9906616,-0.016937256,1.1425781
84947,-1.9158936,0.084075928,1.3131714
84948,-2.0988464,0.033416748,1.3883972
84949,-1.9775391,-0.088195801,1.5460205
84950,-2.0762634,-0.20019531,1.5579224
84951,-2.093811,-0.27755737,1.4865112
84952,-2.1128845,-0.36987305,1.305542
84953,-2.0355225,-0.083312988,1.4248657
84954,-1.9067383,-0.39306641,1.391449
84955,-2.0146179,-0.60028076,1.602478
84956,-1.8037415,-0.23330688,1.3987732
84957,-1.7793274,-0.56396484,1.6755676
84958,-1.8804932,-0.59112549,1.6937256
84959,-1.877594,-0.73989868,1.6226196
84960,-1.817627,-0.49407959,1.696167
84961,-1.9021606,-0.71685791,1.7274475
84962,-1.6455078,-0.77331543,1.7124939
84963,-1.7236328,-0.78445435,1.7669678
84964,-1.7311096,-0.887146,1.7790222
84965,-1.6662598,-1.0108948,1.8896484
84966,-1.6543579,-0.85784912,1.8395996
84967,-1.4915466,-0.91629028,1.8763733
84968,-1.4135742,-1.0649109,2.0280457
84969,-1.388855,-1.1497498,1.7138672
84970,-1.3925171,-1.2194824,1.6862488
84971,-1.3853455,-1.4608765,1.9728088
84972,-1.5257263,-1.4686584,2.1138
84973,-1.4744568,-1.4019775,1.9122314
84974,-1.2684631,-1.308136,2.000885
84975,-1.3464355,-1.4758301,1.9471741
84976,-1.1791992,-1.4329529,1.9360352
84977,-1.1499023,-1.5914917,2.0065308
84978,-1.050415,-1.5426636,1.8640137
84979,-1.1392212,-1.6203308,1.9502258
84980,-1.1294556,-1.761322,1.8240356
84981,-0.90042114,-1.7144775,1.6992188
84982,-0.77056885,-1.9490051,1.7591858
84983,-0.89675903,-1.8579102,1.6964722
84984,-0.74279785,-1.8656921,1.8659973
84985,-0.78796387,-1.7449951,1.9326782
84986,-0.72357178,-1.8954468,1.7640686
84987,-0.65353394,-1.918335,1.643219
84988,-0.47485352,-1.9555664,1.8019104
84989,-0.48095703,-1.9786072,1.6439819
84990,-0.31860352,-1.9317627,1.769104
84991,-0.32394409,-2.0137024,1.7628479
84992,-0.34255981,-2.2250366,1.5414429
84993,-0.43655395,-2.2154236,1.61026
84994,-0.34362793,-2.1195984,1.7396545
84995,-0.16021728,-2.4124146,1.5710449
84996,-0.1322937,-2.2564697,1.6317749
84997,-0.096588135,-2.1578979,1.5560913
84998,-0.11474609,-2.1472168,1.4758301
84999,-0.083007813,-2.1560669,1.4518738
85000,0.007171631,-2.2998047,1.5214539
85001,0.16830444,-2.233429,1.3104248
85002,0.20523071,-2.3127747,1.2408447
85003,0.15930176,-2.29599,1.2467957
85004,0.17807007,-2.2369385,1.2515259
85005,0.32989502,-2.2502136,1.1691284
85006,0.40985107,-2.2399902,1.1366272
85007,0.46600342,-2.2085571,1.0865784
85008,0.44555664,-2.205658,0.98571777
85009,0.59158325,-2.1409607,0.99502563
85010,0.41046143,-2.2273254,0.81695557
85011,0.6867981,-2.4304199,0.75653076
85012,0.46707153,-2.2409058,0.88851929
85013,0.55343628,-2.1542358,0.76171875
85014,0.55007935,-2.3100281,0.85906982
85015,0.62652588,-2.2114563,0.58700562
85016,0.59570313,-2.0639038,0.67932129
85017,0.67352295,-2.0249939,0.74447632
85018,0.76599121,-2.1617126,0.47927856
85019,0.87005615,-2.056427,0.48858643
85020,0.88775635,-2.1809387,0.33691406
85021,0.82092285,-2.144165,0.32363892
85022,0.96252441,-2.0936584,0.22598267
85023,0.95855713,-2.0620728,0.26794434
85024,1.0121155,-2.051239,0.13153076
85025,1.0290527,-2.1835327,0.071258545
85026,1.0845947,-2.0504761,0.29129028
85027,1.1074829,-1.9636536,0.06729126
85028,1.0668945,-2.0002747,0.040283203
85029,1.2364197,-1.9343567,-0.18554688
85030,1.1608887,-1.8429565,-0.093994141
85031,1.0577393,-1.8449402,-0.23681641
85032,1.190033,-1.8331909,-0.3364563
85033,1.1558533,-1.6558838,-0.33447266
85034,1.2966919,-1.7993164,-0.30853272
85035,1.0644531,-1.7979431,-0.36712647
85036,1.1691284,-1.6494751,-0.42785644
85037,1.0453796,-1.4163208,-0.49591064
85038,1.257019,-1.4445496,-0.28457642
85039,1.1486816,-1.4048767,-0.46875
85040,1.0444641,-1.3577271,-0.57067871
85041,1.0473633,-1.3975525,-0.66772461
85042,1.1538696,-1.2651062,-0.81756592
85043,1.0449219,-1.1665344,-0.59051514
85044,1.242218,-1.1828613,-0.77911377
85045,1.1231995,-1.1058044,-0.79833984
85046,1.1068726,-1.0975647,-0.83816528
85047,0.95214844,-1.0453796,-0.82565308
85048,1.0839844,-0.99914551,-0.87219238
85049,0.9387207,-0.94482422,-0.95718384
85050,0.99533081,-0.7321167,-0.89477539
85051,1.0075378,-0.82901001,-1.0461426
85052,1.033783,-0.66848755,-1.0786438
85053,1.0505676,-0.69610596,-1.0673523
85054,1.056366,-0.66070557,-0.94970703
85055,0.88897705,-0.50292969,-1.2059021
85056,1.0145569,-0.40481567,-1.0630798
85057,1.010437,-0.27648926,-1.0018921
85058,0.90637207,-0.27252197,-1.0758972
85059,0.93200684,-0.36804199,-1.0498047
85060,0.98800659,-0.30441284,-1.1257935
85061,0.98907471,-0.17791748,-1.2702942
85062,0.79238892,-0.21759033,-1.2792969
85063,0.8013916,-0.0831604,-1.3194275
85064,0.61889648,0.005645752,-1.292572
85065,0.58181763,-0.19256592,-1.3772583
85066,0.54016113,-0.30960083,-1.5457153
85067,0.4989624,-0.3074646,-1.5016174
85068,0.45318603,-0.092468262,-1.3977051
85069,0.5480957,0.21057129,-1.5919495
85070,0.59844971,0.42190552,-1.6278076
85071,0.46142578,0.47607422,-1.4700317
85072,0.30883789,0.46630859,-1.4515686
85073,0.36621094,0.47836304,-1.3650513
85074,0.13458252,0.42022705,-1.3020325
85075,0.25421143,0.38635254,-1.3751221
85076,0.26046753,0.63812256,-1.3990784
85077,0.036621094,0.70343018,-1.5092468
85078,0.018310547,0.53787231,-1.3302612
85079,-0.045166016,0.61203003,-1.1524963
85080,0.026550293,0.70831299,-1.2545776
85081,-0.17288208,0.80764771,-1.2954712
85082,-0.16296387,0.84060669,-1.2254334
85083,-0.17822266,0.90698242,-1.313324
85084,-0.39520264,0.81390381,-1.1999512
85085,-0.3263855,0.91583252,-1.2234497
85086,-0.34729004,1.0624695,-1.1514282
85087,-0.36849976,0.99609375,-1.2750244
85088,-0.55175781,1.0391235,-1.1450195
85089,-0.55374146,1.1772156,-1.0891724
85090,-0.66329956,0.99975586,-1.0990906
85091,-0.51071167,1.0455322,-1.1047363
85092,-0.73257446,1.3478088,-1.1584473
85093,-0.79971313,1.2237549,-1.0154724
85094,-0.71731567,1.2316895,-0.92453003
85095,-0.78552246,1.3012695,-0.93276978
85096,-0.9564209,1.3394165,-0.8656311
85097,-1.0523987,1.3088989,-0.83679199
85098,-0.88226318,1.2010193,-0.87936401
85099,-1.1158752,1.3476563,-0.81008911
85100,-1.2197876,1.3520813,-0.66360474
85101,-1.3050842,1.3142395,-0.60745239
85102,-1.2942505,1.5112305,-0.59829712
85103,-1.341095,1.4228821,-0.7800293
85104,-1.4134216,1.4393616,-0.37826538
85105,-1.3287354,1.4608765,-0.34423828
85106,-1.3783264,1.3465881,-0.31234741
85107,-1.5286255,1.3098145,-0.30441284
85108,-1.4614868,1.3868713,-0.34713745
85109,-1.5632629,1.3896179,-0.2835083
85110,-1.4874268,1.2513733,-0.22369385
85111,-1.5805054,1.1724854,-0.10101318
85112,-1.5585327,1.2420654,-0.1008606
85113,-1.8873596,1.1657715,-0.074615479
85114,-1.8478394,1.3163757,-0.051727295
85115,-1.887207,1.1254883,0.07019043
85116,-1.8692017,1.2185669,0.19851685
85117,-1.9300842,1.0142517,0.25085449
85118,-1.8348694,1.1032104,0.17761231
85119,-1.8057251,0.99578857,0.17471313
85120,-1.8545532,1.2402344,0.34759522
85121,-1.9474792,0.93307495,0.40039063
85122,-2.0433044,0.95504761,0.3894043
85123,-2.0742798,1.0525513,0.51528931
85124,-1.9610596,1.0272217,0.52825928
85125,-1.9847107,0.93414307,0.65093994
85126,-2.0283508,0.79544067,0.61096191
85127,-2.0896912,0.85861206,0.75286865
85128,-2.1783447,0.81253052,0.7925415
85129,-2.157135,0.74234009,0.78491211
85130,-2.1868896,0.62744141,0.84609985
85131,-2.0393372,0.63064575,0.86578369
85132,-2.2123718,0.65307617,0.87478638
85133,-2.2921753,0.76889038,1.0218811
85134,-2.3049927,0.63415527,0.90591431
85135,-2.2477722,0.50994873,1.026001
85136,-2.2561646,0.32684326,0.93551636
85137,-2.2210693,0.49011231,1.237793
85138,-2.3641968,0.38269043,1.3726807
85139,-2.427063,0.24581909,1.4518738
85140,-2.2613525,0.21850586,1.5957642
85141,-2.2386169,0.1461792,1.3427734
85142,-2.4052429,0.099639893,1.328125
85143,-2.2267151,-0.028686523,1.5563965
85144,-2.091217,-0.08102417,1.6531372
85145,-2.2579956,-0.13778687,1.4857483
85146,-1.9529724,-0.1159668,1.590271
85147,-2.205658,-0.10116577,1.5936279
85148,-1.9161987,-0.15090942,1.6781616
85149,-2.0626831,-0.23895264,1.6882324
85150,-2.0152283,-0.31204224,1.8334961
85151,-2.0553589,-0.30593872,1.8785095
85152,-1.9824219,-0.46783447,1.875
85153,-1.9030762,-0.55404663,1.8130493
85154,-2.0149231,-0.39047241,1.8423462
85155,-1.9824219,-0.55084228,1.7657471
85156,-1.8643188,-1.2875366,1.8032837
85157,-1.7877197,-0.80566406,1.7512512
85158,-1.9514465,-0.76705933,1.9813538
85159,-1.7684937,-0.85098267,1.9204712
85160,-1.6902161,-0.83145142,2.0631409
85161,-1.7471313,-1.1230469,1.7758179
85162,-1.7420959,-1.0804749,1.8734741
85163,-1.6711426,-1.2849426,2.0903015
85164,-1.7068481,-1.2690735,1.5643311
85165,-1.6992188,-1.0150146,1.832428
85166,-1.5185547,-1.3192749,2.280426
85167,-1.5750122,-1.3809204,2.134552
85168,-1.6271973,-1.4123535,1.6265869
85169,-1.3694763,-1.4582825,1.9119263
85170,-1.3194275,-1.5963745,1.9444275
85171,-1.386261,-1.7004395,1.9728088
85172,-1.3543701,-1.5724182,2.0207214
85173,-1.2440491,-1.6390991,1.9541931
85174,-1.2770081,-1.7074585,2.0227051
85175,-1.1581421,-1.8670654,1.9140625
85176,-1.0006714,-1.8710327,1.7950439
85177,-1.2548828,-1.9909668,1.918335
85178,-1.0769653,-1.7857361,2.0549011
85179,-0.94863892,-1.7823791,2.0254517
85180,-0.82962036,-2.0608521,1.865387
85181,-0.74050903,-1.9683838,1.9650269
85182,-0.69732666,-1.942749,1.8836975
85183,-0.77682495,-1.7773438,1.9000244
85184,-0.56777954,-2.016449,1.7889404
85185,-0.65719604,-2.1340942,1.7755127
85186,-0.5506897,-2.0246887,1.8925476
85187,-0.44281006,-2.1806335,1.8795776
85188,-0.41015625,-2.220459,1.7433166
85189,-0.33508301,-2.2143555,1.6790771
85190,-0.26397705,-2.1838379,1.5963745
85191,-0.23468018,-2.2125244,1.714325
85192,-0.31112671,-2.2148132,1.7372131
85193,-0.17242432,-2.2853088,1.6375732
85194,-0.06652832,-2.2587585,1.6163635
85195,0.003509521,-2.4197388,1.5644836
85196,-0.045471191,-2.240448,1.4459229
85197,0.091552734,-2.1444702,1.4593506
85198,0.045623779,-2.1472168,1.4385986
85199,0.10391235,-2.3091125,1.3298035
85200,0.18310547,-2.3483276,1.268158
85201,0.13626099,-2.4113464,1.0687256
85202,0.30731201,-2.5393677,1.0623169
85203,0.26229858,-2.3381042,1.2084961
85204,0.38345337,-2.431488,1.08078
85205,0.6993103,-2.5088501,1.0058594
85206,0.79696655,-2.5195313,0.91003418
85207,0.54580688,-2.3335266,0.96466065
85208,0.54016113,-2.2547913,0.95703125
85209,0.73501587,-2.263031,0.8480835
85210,0.85906982,-2.2036743,0.77728272
85211,0.572052,-2.1911621,0.78643799
85212,0.8972168,-2.2016907,0.60348511
85213,0.94421387,-2.3085022,0.48339844
85214,0.96160889,-2.2555542,0.51849365
85215,0.97671509,-2.3205566,0.41351318
85216,1.0014343,-2.2497559,0.34454346
85217,1.0577393,-2.0271301,0.38345337
85218,1.0694885,-1.9749451,0.22094727
85219,0.98587036,-1.9366455,0.12283325
85220,1.0974121,-2.1690369,0.17837524
85221,1.1894226,-2.0092773,-0.01663208
85222,1.1750793,-2.0639038,-0.057830811
85223,1.0723877,-2.2010803,0.006866455
85224,1.1883545,-1.8988037,0.08972168
85225,1.1880493,-1.6964722,0.027618408
85226,1.3642883,-1.9047546,-0.068969727
85227,1.227417,-1.9277954,-0.050048828
85228,1.3336182,-1.8521118,-0.045013428
85229,1.2754822,-1.9160461,-0.20950317
85230,1.2084961,-1.6279602,-0.19332886
85231,1.2849426,-1.7132568,-0.45104981
85232,1.2483215,-1.525116,-0.3793335
85233,1.2435913,-1.7021179,-0.32196045
85234,1.3179016,-1.6421509,-0.64682007
85235,1.3117981,-1.5446472,-0.65383911
85236,1.3696289,-1.3873291,-0.58227539
85237,1.3336182,-1.3308716,-0.40588379
85238,1.3829041,-1.2469482,-0.61645508
85239,1.2832642,-1.368866,-0.74523926
85240,1.3047791,-1.2922668,-0.74081421
85241,1.270752,-1.289978,-0.92468262
85242,1.1982727,-1.2322998,-0.80459595
85243,1.1727905,-1.169281,-0.90423584
85244,1.1225891,-0.87783813,-0.86486816
85245,1.1804199,-0.97045898,-0.93841553
85246,1.2231445,-0.90866089,-0.93811035
85247,1.1425781,-0.92544556,-1.1572266
85248,1.0456848,-0.63781738,-1.0641479
85249,1.2112427,-0.68695068,-1.1395264
85250,1.1479187,-0.73440552,-1.2435913
85251,1.1528015,-0.55755615,-1.2042236
85252,1.1352539,-0.48995972,-1.1700439
85253,1.0501099,-0.50521851,-1.2683105
85254,1.0864258,-0.37353516,-1.3961792
85255,1.1759949,-0.22583008,-1.2753296
85256,1.0449219,-0.22857666,-1.3183594
85257,0.87799072,-0.17166138,-1.2684631
85258,0.83999634,-0.17150879,-1.4306641
85259,0.89065552,-0.13031006,-1.3069153
85260,0.62683106,-0.19012451,-1.3406372
85261,0.78704834,0.051116943,-1.3450623
85262,0.79162598,0.14221191,-1.438446
85263,0.73883057,0.05859375,-1.348114
85264,0.59936523,0.13916016,-1.4559937
85265,0.5770874,0.25665283,-1.3421631
85266,0.62576294,0.23727417,-1.3909912
85267,0.57510376,0.28533936,-1.4350891
85268,0.42037964,0.38650513,-1.5278625
85269,0.29724121,0.58059692,-1.3024902
85270,0.38024902,0.48294067,-1.3401794
85271,0.15380859,0.41992188,-1.318512
85272,0.25817871,0.63461304,-1.3336182
85273,0.1663208,0.79742432,-1.3304138
85274,0.13122559,0.76858521,-1.4071655
85275,0.15762329,0.69213867,-1.3800049
85276,0.10528565,0.72937012,-1.3591003
85277,0.12756348,0.53527832,-1.3508606
85278,-0.047912598,0.66299438,-1.3586426
85279,-0.055847168,0.71548462,-1.3978577
85280,-0.26489258,0.82214356,-1.2185669
85281,-0.35766602,0.86273193,-1.0986328
85282,-0.32714844,0.97000122,-1.2042236
85283,-0.31692505,1.0176086,-1.227417
85284,-0.36437988,1.1901855,-1.2187195
85285,-0.42785644,1.2599182,-1.2246704
85286,-0.49682617,1.348877,-1.1973572
85287,-0.55709839,1.3972473,-1.1123657
85288,-0.63598633,1.2518311,-1.1131287
85289,-0.67184448,1.2261963,-1.2017822
85290,-0.71609497,1.2161255,-1.1906433
85291,-0.82901001,1.2489319,-1.0266113
85292,-0.89111328,1.3214111,-1.0099792
85293,-0.93353272,1.3442993,-0.97045898
85294,-1.0383606,1.3569641,-0.69793701
85295,-1.0565186,1.374054,-0.78536987
85296,-1.2561035,1.2878418,-0.68389893
85297,-1.2046814,1.2174988,-0.73638916
85298,-1.2052917,1.2905884,-0.56716919
85299,-1.3400269,1.3548279,-0.53894043
85300,-1.2339783,1.4489746,-0.56045532
85301,-1.2738037,1.4413452,-0.43807983
85302,-1.3432312,1.4685059,-0.23071289
85303,-1.39328,1.4273071,-0.32043457
85304,-1.5733337,1.3372803,-0.2255249
85305,-1.5365601,1.1555481,-0.31646728
85306,-1.6767883,1.2414551,-0.15548706
85307,-1.6072083,1.337738,-0.17807007
85308,-1.7886353,0.99960327,-0.30899048
85309,-1.8083191,1.231842,-0.1159668
85310,-1.6789246,1.2864685,0.03036499
85311,-1.8667603,1.2364197,0.14190674
85312,-1.8563843,1.374054,0.11474609
85313,-1.8455505,1.4126587,0.13549805
85314,-1.8811035,1.3867188,0.20767212
85315,-2.026825,1.2866211,0.35079956
85316,-1.9651794,1.1846924,0.23513794
85317,-1.9824219,1.2666321,0.23956299
85318,-1.9795227,1.2413025,0.28381348
85319,-2.0091248,1.2037659,0.38574219
85320,-2.0852661,1.0035706,0.57739258
85321,-2.1116638,1.0760498,0.56304932
85322,-2.2389221,0.96115112,0.66375732
85323,-2.1290588,0.88256836,0.62820435
85324,-2.2055054,0.90408325,0.65872192
85325,-2.1444702,0.74966431,0.75958252
85326,-2.0979309,0.81634522,0.92712402
85327,-2.22229,0.9841919,1.0299683
85328,-2.1949768,0.76370239,1.051178
85329,-2.3175049,0.55877685,1.0131836
85330,-2.2941589,0.59783935,1.0583496
85331,-2.3901367,0.48248291,1.1859131
85332,-2.3394775,0.44372559,1.1428833
85333,-2.2172546,0.47119141,1.0549927
85334,-2.1499634,0.53665161,1.3101196
85335,-2.2853088,0.21102905,1.4367676
85336,-2.2116089,0.26641846,1.2664795
85337,-2.310791,0.16967773,1.4295959
85338,-2.3561096,0.093994141,1.3951111
85339,-2.2502136,0.089263916,1.491394
85340,-2.2476196,-0.002746582,1.4271545
85341,-2.1379089,0.059356689,1.4610291
85342,-2.2839355,-0.1449585,1.530304
85343,-2.1453857,-0.092468262,1.6493225
85344,-2.1336365,-0.24353027,1.3891602
85345,-2.0433044,-0.2532959,1.5817261
85346,-1.9862366,-0.287323,1.7451477
85347,-1.8692017,-0.31951904,1.802063
85348,-1.9813538,-0.38391113,1.8544006
85349,-2.0635986,-0.43823242,1.9210815
85350,-2.0611572,-0.546875,1.7253113
85351,-1.9885254,-0.80459595,1.6644287
85352,-2.0413208,-0.72448731,1.8182373
85353,-2.1099854,-0.93093872,1.7358398
85354,-1.9862366,-0.89279175,1.8823242
85355,-1.8914795,-1.3471985,1.9462585
85356,-1.8449402,-1.1251831,1.9995117
85357,-1.8496704,-0.92086792,2.0410156
85358,-1.7500305,-1.1634827,2.1534729
85359,-1.6577148,-1.1219788,2.0387268
85360,-1.7559814,-1.0646057,1.9665527
85361,-1.8423462,-1.2986755,2.0355225
85362,-1.6719055,-1.3272095,1.6249084
85363,-1.5771484,-1.3661194,1.8276978
85364,-1.5086365,-1.5406799,1.8002319
85365,-1.5988159,-1.3334656,1.9429016
85366,-1.4479065,-1.3174438,1.4160156
85367,-1.4404297,-1.4945984,1.62323
85368,-1.3053894,-1.6468811,2.1220398
85369,-1.2176514,-1.5731812,2.089386
85370,-1.2524414,-1.5380859,2.053833
85371,-1.1985779,-1.7048645,2.0788574
85372,-0.93811035,-1.8101501,1.8487549
85373,-1.2091064,-1.8640137,2.0257568
85374,-1.0453796,-2.0213318,1.9515991
85375,-0.96252441,-1.950531,2.1221924
85376,-1.0232544,-1.9772339,2.048645
85377,-0.83679199,-1.8463135,2.0443726
85378,-0.70053101,-1.9400024,2.0878601
85379,-0.66207886,-2.1699524,1.8812561
85380,-0.74111938,-2.0713806,1.9818115
85381,-0.65917969,-1.990509,2.0773315
85382,-0.49530029,-1.9918823,1.8911743
85383,-0.34423828,-2.0266724,1.8678284
85384,-0.40374756,-2.301178,1.7250061
85385,-0.29785156,-2.4461365,1.6493225
85386,-0.24581909,-2.3629761,1.5937805
85387,-0.19973755,-2.374115,1.6638184
85388,-0.15441895,-2.3150635,1.6026306
85389,-0.089111328,-2.3974609,1.628418
85390,-0.01449585,-2.3135376,1.6114807
85391,0.049285889,-2.3051453,1.5878296
85392,0.11001587,-2.4632263,1.6270447
85393,0.10925293,-2.4867249,1.4633179
85394,0.131073,-2.5202942,1.5863037
85395,0.22949219,-2.5654602,1.3766479
85396,0.3125,-2.5215149,1.2986755
85397,0.3314209,-2.3968506,1.2498474
85398,0.37841797,-2.3588562,1.1529541
85399,0.44021606,-2.5331116,1.1477661
85400,0.44723511,-2.4360657,1.0316467
85401,0.42755127,-2.3831177,1.1500549
85402,0.55877685,-2.5706482,0.96557617
85403,0.53314209,-2.5317383,0.86639404
85404,0.42129517,-2.4856567,0.90499878
85405,0.78598022,-2.4272156,0.86425781
85406,0.76293945,-2.5921631,0.76721191
85407,0.73547363,-2.4961853,0.71655273
85408,0.84091187,-2.5515747,0.59631348
85409,0.94711304,-2.4972534,0.54931641
85410,0.91583252,-2.3167419,0.63034058
85411,1.0058594,-2.2068787,0.41046143
85412,1.0490417,-2.2494507,0.47409058
85413,0.95947266,-2.2329712,0.41748047
85414,1.1317444,-2.326355,0.27648926
85415,1.1750793,-2.2947693,0.25436401
85416,0.92300415,-2.321167,0.32073975
85417,1.1132813,-2.3391724,0.12161255
85418,1.1758423,-2.2561646,0.2722168
85419,1.2117004,-2.1740723,0.13702393
85420,1.1836243,-2.0365906,0.16784668
85421,1.2113953,-2.0835876,0.13717651
85422,1.3140869,-1.9612122,-0.009155273
85423,1.3287354,-1.9763184,0.052490234
85424,1.3345337,-1.9151306,0.02746582
85425,1.3967896,-1.8652344,-0.11306763
85426,1.4312744,-1.8461609,-0.18173218
85427,1.4912415,-1.8325806,-0.25390625
85428,1.385498,-1.8104553,-0.29083252
85429,1.4137268,-1.819458,-0.42297363
85430,1.3891602,-1.6081238,-0.47775269
85431,1.3406372,-1.5367126,-0.50231934
85432,1.3519287,-1.4459229,-0.6288147
85433,1.3494873,-1.4967346,-0.61187744
85434,1.3092041,-1.4096069,-0.75042725
85435,1.3517761,-1.3670349,-0.7019043
85436,1.350708,-1.4668274,-0.75927734
85437,1.3128662,-1.2313843,-0.7800293
85438,1.1854553,-1.1851501,-0.82092285
85439,1.2774658,-1.0948181,-0.88775635
85440,1.1685181,-1.1279297,-0.8972168
85441,1.20224,-0.97244263,-0.82199097
85442,1.2036133,-0.9777832,-0.96252441
85443,1.1628723,-0.66665649,-0.91506958
85444,1.2007141,-0.86181641,-1.0400391
85445,1.0810852,-0.76339722,-1.1962891
85446,1.1816406,-0.83312988,-1.1787415
85447,1.2231445,-0.77072144,-1.1576843
85448,1.1679077,-0.75866699,-1.1727905
85449,1.2182617,-0.53909302,-1.1720276
85450,1.0461426,-0.5480957,-1.3175964
85451,0.9513855,-0.46020508,-1.1630249
85452,0.94116211,-0.51330566,-1.1412048
85453,0.90408325,-0.34469605,-1.3598633
85454,0.88806152,-0.26702881,-1.2405396
85455,0.95214844,-0.28060913,-1.3842773
85456,0.88928223,-0.10284424,-1.3095093
85457,0.78063965,-0.17059326,-1.3482666
85458,0.859375,-0.093688965,-1.4959717
85459,0.62240601,-0.22506714,-1.5171814
85460,0.61218262,-0.032043457,-1.4962769
85461,0.56152344,0.19317627,-1.5396118
85462,0.5569458,0.22155762,-1.3534546
85463,0.64743042,0.18692017,-1.4758301
85464,0.64605713,0.38192749,-1.552124
85465,0.58303833,0.36636353,-1.4172363
85466,0.47393799,0.50598144,-1.5299988
85467,0.53421021,0.44158936,-1.3923645
85468,0.51559448,0.58898926,-1.5093994
85469,0.27191162,0.56747437,-1.3851929
85470,0.43869019,0.63537598,-1.4764404
85471,0.37322998,0.71289063,-1.4624023
85472,0.19897461,0.74691772,-1.3842773
85473,0.095367432,0.81481934,-1.1912537
85474,-0.13931274,0.62530518,-1.3838196
85475,-0.065460205,0.76538086,-1.4622498
85476,-0.068511963,0.88745117,-1.2597656
85477,-0.19638062,1.1450195,-1.3848877
85478,-0.31173706,0.96374512,-1.3589478
85479,-0.27282715,0.96923828,-1.3192749
85480,-0.33050537,1.0475159,-1.3218689
85481,-0.28396606,1.0324097,-1.2002563
85482,-0.22735596,1.2011719,-1.138916
85483,-0.41397095,1.2283325,-1.2286377
85484,-0.42755127,1.3806152,-1.224823
85485,-0.57907104,1.3916016,-1.0409546
85486,-0.60256958,1.235199,-0.89111328
85487,-0.71182251,1.41922,-0.90393066
85488,-0.81512451,1.2423706,-0.76049805
85489,-0.84381103,1.3224792,-0.86135864
85490,-0.99594116,1.2857056,-0.81283569
85491,-0.96542358,1.5332031,-0.84884644
85492,-0.98907471,1.4640808,-0.93109131
85493,-0.91644287,1.619873,-0.80429077
85494,-1.1528015,1.4508057,-0.74798584
85495,-1.1894226,1.3606262,-0.68145752
85496,-1.2435913,1.338501,-0.70648193
85497,-1.184845,1.4562988,-0.64376831
85498,-1.3243103,1.5333557,-0.4838562
85499,-1.4144897,1.7147827,-0.57479858
85500,-1.4962769,1.5190125,-0.57785034
85501,-1.635437,1.4866638,-0.46005249
85502,-1.5617371,1.5339661,-0.39413452
85503,-1.6662598,1.5736389,-0.22735596
85504,-1.605072,1.3270569,-0.31570435
85505,-1.7329407,1.5718079,-0.29342651
85506,-1.7622375,1.473999,-0.30776978
85507,-1.709137,1.3659668,-0.10360718
85508,-1.758728,1.431427,-0.070800781
85509,-1.8527222,1.317749,-0.036621094
85510,-1.856842,1.2954712,0.091552734
85511,-1.864624,1.3398743,0.050506592
85512,-1.9894409,1.2265015,0.25894165
85513,-1.9345093,1.1462402,0.24383545
85514,-1.8844604,1.1610413,0.17868042
85515,-1.9210815,1.1331177,0.30990601
85516,-1.9506836,1.1175537,0.32669067
85517,-2.0120239,1.1547852,0.36636353
85518,-2.1107483,0.9916687,0.43579102
85519,-2.0812988,0.91033935,0.4737854
85520,-2.1081543,0.98129272,0.55023193
85521,-2.1946716,0.92346191,0.66162109
85522,-2.2673035,0.95825195,0.66650391
85523,-2.3129272,1.0087585,0.7699585
85524,-2.1948242,0.89324951,0.78216553
85525,-2.3144531,0.76034546,0.84518433
85526,-2.3013306,0.8203125,0.79986572
85527,-2.3075867,0.7913208,0.9425354
85528,-2.4494934,0.76416016,0.82733154
85529,-2.3269653,0.7107544,0.96038818
85530,-2.2935486,0.6829834,1.1146545
85531,-2.2537231,0.46951294,1.0551453
85532,-2.2187805,0.46829224,1.2393188
85533,-2.1635437,0.49606323,1.2446594
85534,-2.39151,0.28762817,1.2513733
85535,-2.1714783,0.30532837,1.2765503
85536,-2.2764587,0.2456665,1.4614868
85537,-2.1524048,0.13854981,1.4477539
85538,-2.2601318,-0.075378418,1.427002
85539,-2.1490479,0.21148682,1.5791321
85540,-2.2589111,0.13549805,1.5856934
85541,-2.2427368,-0.058898926,1.6967773
85542,-2.1495056,0.14053345,1.4248657
85543,-2.1469116,-0.12817383,1.5386963
85544,-2.039032,-0.26489258,1.7480469
85545,-2.053833,-0.29815674,1.5568542
85546,-2.1478271,-0.50491333,1.7582703
85547,-2.0817566,-0.68908691,1.7433166
85548,-2.1276855,-0.68283081,1.7498779
85549,-2.1209717,-0.75027466,1.5325928
85550,-2.1182251,-0.597229,1.7138672
85551,-1.913147,-0.53146362,1.7932129
85552,-1.8186951,-1.2677002,2.0458984
85553,-1.7956543,-0.91979981,2.011261
85554,-1.8063354,-1.1143494,2.0866394
85555,-1.9586182,-1.0571289,2.0710754
85556,-1.7918396,-0.87646484,1.9876099
85557,-1.9207764,-1.0217285,1.8988037
85558,-1.8426514,-1.0675049,1.9322205
85559,-1.7749023,-1.1460876,2.1263123
85560,-1.7773438,-1.2054443,2.0605469
85561,-1.7175293,-1.3645935,1.9862366
85562,-1.4804077,-1.46698,1.9914246
85563,-1.4778137,-1.4292908,2.1627808
85564,-1.4816284,-1.472168,2.0133972
85565,-1.4224243,-1.5844727,1.9665527
85566,-1.2936401,-1.4393616,2.0437622
85567,-1.3726807,-1.5357971,2.0896912
85568,-1.3433838,-1.5159607,2.0466614
85569,-1.3349915,-1.5151978,2.0277405
85570,-0.96710205,-1.4471436,2.0716858
85571,-1.1286926,-1.625824,2.0343018
85572,-1.0830688,-1.8260193,2.0278931
85573,-0.97717285,-1.9432068,1.946106
85574,-0.8732605,-1.9445801,2.0405579
85575,-0.8013916,-1.9633484,2.0709229
85576,-0.81542969,-2.0915222,2.020874
85577,-0.74447632,-1.986084,2.0797729
85578,-0.59158325,-1.9717407,1.9677734
85579,-0.68557739,-2.0039368,1.8237305
85580,-0.52383423,-1.9921875,1.9184875
85581,-0.50079346,-2.0309448,1.9668579
85582,-0.5456543,-2.1032715,1.8284607
85583,-0.43289185,-2.1578979,1.7494202
85584,-0.31845093,-2.2245789,1.7652893
85585,-0.42358398,-2.2306824,1.7710876
85586,-0.18066406,-2.2457886,1.7590332
85587,-0.16906738,-2.1878052,1.7630005
85588,-0.16708374,-2.0858765,1.729126
85589,-0.10681152,-2.1838379,1.6964722
85590,-0.091705322,-2.172699,1.5344238
85591,0.0390625,-2.2422791,1.4732361
85592,0.016784668,-2.399292,1.4755249
85593,0.15991211,-2.4118042,1.3858032
85594,0.16052246,-2.4891663,1.3366699
85595,0.21560669,-2.4758911,1.2792969
85596,0.30700684,-2.3916626,1.1630249
85597,0.36682129,-2.4468994,1.1738586
85598,0.32302856,-2.4177551,1.2649536
85599,0.37445068,-2.3040771,1.2208557
85600,0.41687012,-2.2218323,1.1706543
85601,0.44799805,-2.2920227,1.0842896
85602,0.44281006,-2.2692871,0.88180542
85603,0.57937622,-2.4336243,0.82855225
85604,0.60409546,-2.2343445,0.88623047
85605,0.64743042,-2.2494507,0.85998535
85606,0.69519043,-2.2615051,0.69885254
85607,0.77285767,-2.250061,0.79284668
85608,0.7119751,-2.2998047,0.75195313
85609,0.89416504,-2.4139404,0.60516357
85610,0.95123291,-2.3002625,0.5355835
85611,0.75241089,-2.3002625,0.64758301
85612,0.92910767,-2.1772766,0.51879883
85613,0.88790894,-2.1913147,0.48660278
85614,1.0020447,-1.9348145,0.39306641
85615,1.1108398,-2.1481323,0.33340454
85616,1.0258484,-2.0040894,0.33538818
85617,1.033783,-2.0336914,0.25436401
85618,1.0415649,-1.9181824,0.30487061
85619,1.0688782,-1.9233704,0.16189575
85620,1.098938,-1.8395996,0.06942749
85621,1.0794067,-1.7163086,0.060119629
85622,1.0392761,-1.8629456,-0.027160645
85623,1.1048889,-1.854248,-0.096740723
85624,1.2036133,-1.8157959,-0.14190674
85625,1.2686157,-1.6700745,-0.083465576
85626,1.3343811,-1.6046143,-0.10009766
85627,1.2709045,-1.5716553,-0.19668579
85628,1.3075256,-1.592865,-0.27023315
85629,1.2983704,-1.524353,-0.38024902
85630,1.3043213,-1.5220642,-0.49377441
85631,1.3471985,-1.5287781,-0.52124023
85632,1.350708,-1.4466858,-0.52520752
85633,1.3378906,-1.3606262,-0.5140686
85634,1.307373,-1.2620544,-0.59753418
85635,1.3146973,-1.211853,-0.67749023
85636,1.3247681,-1.2039185,-0.8164978
85637,1.4338684,-1.0375977,-0.82855225
85638,1.1811829,-1.1514282,-0.72311401
85639,1.270752,-1.1032104,-0.91613769
85640,1.131897,-0.94909668,-0.87814331
85641,1.1791992,-0.78048706,-0.95977783
85642,1.1878967,-0.69442749,-1.010437
85643,1.2748718,-0.67199707,-1.0159302
85644,1.1894226,-0.62026978,-1.0423279
85645,1.1224365,-0.63522339,-0.9815979
85646,1.05896,-0.48812866,-1.0620117
85647,0.9689331,-0.47729492,-1.0342407
85648,0.89447022,-0.55892944,-1.1462402
85649,0.88562012,-0.35858154,-1.1538696
85650,0.79330444,-0.43075561,-1.1828613
85651,0.89096069,-0.47180176,-1.2411499
85652,0.82000732,-0.37399292,-1.2240601
85653,0.86791992,-0.27374268,-1.2789917
85654,0.80200195,-0.2432251,-1.4128113
85655,0.78262329,-0.19607544,-1.2702942
85656,0.80841065,-0.12329102,-1.275177
85657,0.62759399,-0.11962891,-1.1407471
85658,0.66543579,0.080566406,-1.3122559
85659,0.43640137,-0.079193115,-1.2345886
85660,0.41305542,0.096282959,-1.156311
85661,0.55297852,0.094451904,-1.3363647
85662,0.55541992,0.31982422,-1.3179016
85663,0.46310425,0.33294678,-1.385498
85664,0.39291382,0.37780762,-1.3188171
85665,0.49484253,0.31921387,-1.2109375
85666,0.40008545,0.33157349,-1.1965942
85667,0.34454346,0.43029785,-1.3366699
85668,0.17623901,0.39672852,-1.4315796
85669,-0.052185059,0.58685303,-1.3735962
85670,-0.080566406,0.76324463,-1.391449
85671,0.18081665,0.66375732,-1.2924194
85672,0.10147095,0.81573486,-1.3172913
85673,-0.005187988,0.70281982,-1.3027954
85674,-0.10650635,0.8706665,-1.2049866
85675,-0.077667236,0.8164978,-1.1335754
85676,-0.16326904,0.97961426,-1.0881042
85677,-0.29708862,0.83068848,-1.0858154
85678,-0.18280029,0.91293335,-1.0887146
85679,-0.35049439,1.0816956,-1.0668945
85680,-0.40664673,0.98327637,-1.0037231
85681,-0.44128418,1.0093689,-0.98968506
85682,-0.50460815,1.2133789,-0.9614563
85683,-0.5809021,1.1212158,-1.0432434
85684,-0.48934936,1.2252808,-1.0307312
85685,-0.67184448,1.184082,-1.1094666
85686,-0.71334839,0.89111328,-1.0101318
85687,-0.90270996,1.0305786,-0.85784912
85688,-0.77941894,1.0876465,-0.78018188
85689,-0.94848633,1.2289429,-0.97412109
85690,-0.98922729,1.133728,-0.82778931
85691,-0.94329834,1.2197876,-0.75042725
85692,-1.1956787,1.1547852,-0.57540894
85693,-1.1685181,1.1383057,-0.4347229
85694,-1.2145996,1.206665,-0.43670654
85695,-1.1270142,1.2561035,-0.46096802
85696,-1.2823486,1.1386108,-0.37109375
85697,-1.3314819,1.1737061,-0.42358398
85698,-1.2976074,1.1500549,-0.53146362
85699,-1.2310791,1.2382507,-0.3793335
85700,-1.4935303,0.96191406,-0.54534912
85701,-1.4263916,1.0977173,-0.50338745
85702,-1.3858032,1.0473633,-0.37338257
85703,-1.4167786,1.1697388,-0.18585205
85704,-1.4541626,1.1886597,-0.16433716
85705,-1.668396,1.2518311,-0.074462891
85706,-1.7182922,1.1605835,-0.12451172
85707,-1.6365051,1.0096741,-0.006713867
85708,-1.8341064,1.050415,0.16021728
85709,-1.6873169,1.0884094,0.14129639
85710,-1.6995239,0.94421387,0.099487305
85711,-1.8125916,0.92285156,0.18600464
85712,-1.8728638,1.0194397,0.19561768
85713,-1.9065857,1.0623169,0.32058716
85714,-1.9940186,1.0568237,0.47180176
85715,-1.8351746,1.111145,0.49942017
85716,-1.8183899,1.0748291,0.59448242
85717,-2.0462036,0.9387207,0.49346924
85718,-2.0837402,1.0412598,0.49423218
85719,-1.9885254,0.83190918,0.69122315
85720,-2.0153809,0.73928833,0.65429688
85721,-2.0275879,0.74478149,0.80718994
85722,-2.1279907,0.74310303,0.67581177
85723,-2.0854187,0.60150147,0.831604
85724,-2.1194458,0.58105469,0.8908081
85725,-2.0184326,0.61767578,0.74493408
85726,-2.0010376,0.5847168,0.75378418
85727,-2.1221924,0.53909302,1.0392761
85728,-2.0199585,0.46829224,1.2445068
85729,-2.0144653,0.41198731,1.1016846
85730,-2.1238708,0.31051636,1.0635376
85731,-2.0744324,0.28289795,1.1590576
85732,-2.0707703,0.18554688,1.2805176
85733,-2.1528625,0.15533447,1.3331604
85734,-1.9438171,0.12649536,1.2692261
85735,-2.0870972,0.19760132,1.5167236
85736,-1.9744873,-0.19378662,1.5092468
85737,-2.0588684,-0.27999878,1.3090515
85738,-2.0124817,-0.17211914,1.3252258
85739,-1.9873047,-0.13824463,1.3397217
85740,-2.2651672,-0.19012451,1.4875793
85741,-2.0214844,-0.30563355,1.5994263
85742,-2.0141602,-0.28091431,1.6123962
85743,-2.0980835,-0.44921875,1.4471436
85744,-1.8612671,-0.52032471,1.5731812
85745,-1.8746948,-0.74432373,1.7024231
85746,-1.8948364,-0.84640503,1.5914917
85747,-1.8591309,-1.1454773,1.5786743
85748,-1.8499756,-0.92208862,1.6723633
85749,-1.7713928,-0.72998047,1.8339539
85750,-1.8066406,-0.75866699,1.7224121
85751,-1.7152405,-1.1779785,1.8414307
85752,-1.7726135,-1.1949158,1.9245911
85753,-1.555481,-0.93261719,1.7362976
85754,-1.6287231,-0.80932617,1.8212891
85755,-1.5539551,-0.91873169,1.9487
85756,-1.6070557,-1.051178,1.8005371
85757,-1.61026,-1.0783386,2.0558167
85758,-1.5274048,-1.2600708,1.7971802
85759,-1.4907837,-1.3168335,1.8199158
85760,-1.4103699,-1.2832642,1.8228149
85761,-1.3560486,-1.3470459,1.8080139
85762,-1.4620972,-1.4323425,1.9941711
85763,-1.2693787,-1.4416504,1.6644287
85764,-1.2127686,-1.5814209,1.4706421
85765,-1.1824036,-1.4170837,1.7498779
85766,-1.2918091,-1.3320923,1.9026184
85767,-1.1383057,-1.4186096,1.8070984
85768,-1.1994934,-1.5531921,1.7785645
85769,-1.0299683,-1.5634155,1.9148254
85770,-0.9072876,-1.6767883,1.9296265
85771,-0.94070435,-1.67099,1.8264771
85772,-0.92025757,-1.9029236,1.8435669
85773,-0.70724487,-1.8202209,1.7391968
85774,-0.83129883,-1.9621277,1.9044495
85775,-0.69702148,-1.9847107,1.7922974
85776,-0.61233521,-1.9746399,1.7277527
85777,-0.56335449,-1.9325256,1.7980957
85778,-0.60806274,-2.0152283,1.8476868
85779,-0.56030273,-2.0750427,1.6943359
85780,-0.51757813,-2.1154785,1.6416931
85781,-0.37200928,-2.0628357,1.5252686
85782,-0.3742981,-2.215271,1.441803
85783,-0.28076172,-2.1626282,1.4868164
85784,-0.20385742,-2.1125793,1.52771
85785,-0.19104004,-2.1348572,1.5586853
85786,-0.12039185,-2.2177124,1.4556885
85787,0.048828125,-2.0881653,1.4309692
85788,-0.086364746,-2.2042847,1.2661743
85789,0.10375977,-2.3643494,1.3130188
85790,0.14953613,-2.2679138,1.3008118
85791,0.063781738,-2.3112488,1.3835144
85792,0.10284424,-2.2201538,1.1151123
85793,0.34545898,-2.1128845,1.126709
85794,0.25573731,-2.0433044,1.0827637
85795,0.25344849,-1.9490051,1.0906982
85796,0.42358398,-1.9639587,1.085968
85797,0.45669556,-2.131958,0.86120606
85798,0.54962158,-2.0549011,0.87112427
85799,0.59265137,-2.1600342,0.88165283
85800,0.51116943,-2.0849609,0.78369141
85801,0.58288574,-2.2669983,0.75378418
85802,0.62713623,-2.2216797,0.7144165
85803,0.59692383,-2.0579529,0.68405151
85804,0.67871094,-2.154541,0.65582275
85805,0.81314087,-2.0925903,0.63476563
85806,0.73348999,-2.1162415,0.62423706
85807,0.90942383,-2.0445251,0.53131103
85808,0.8480835,-2.0202637,0.41198731
85809,0.86593628,-1.9584656,0.39749145
85810,0.90530396,-1.9952393,0.34179688
85811,0.92285156,-2.0292664,0.25894165
85812,1.03302,-2.0233154,0.22445679
85813,1.0768127,-1.9909668,0.20599365
85814,1.0668945,-2.0251465,0.16479492
85815,1.0939026,-1.8852234,0.099029541
85816,1.0836792,-1.8652344,0.13565063
85817,1.1352539,-1.8736267,0.085449219
85818,1.1314392,-1.99646,0.002288818
85819,1.133728,-1.9136047,0.016479492
85820,1.113739,-1.8704224,-0.060882568
85821,1.1470032,-1.645813,-0.262146
85822,1.2011719,-1.5895081,-0.33813477
85823,1.2051392,-1.5168762,-0.36926269
85824,1.1930847,-1.5234375,-0.41748047
85825,1.0879517,-1.4601135,-0.32791138
85826,1.089325,-1.647644,-0.23132324
85827,1.1967468,-1.4888,-0.47149658
85828,1.0998535,-1.2068176,-0.43273926
85829,1.1045837,-1.0961914,-0.62347412
85830,1.1352539,-1.1407471,-0.73028565
85831,1.1587524,-1.2062073,-0.72998047
85832,1.0021973,-1.0984802,-0.80291748
85833,1.2451172,-1.0409546,-0.64682007
85834,1.1380005,-1.0591125,-0.56610107
85835,1.2301636,-0.88104248,-0.76797485
85836,1.0147095,-0.83816528,-0.8001709
85837,1.015625,-0.80062866,-0.85266113
85838,1.0211182,-0.87036133,-0.79498291
85839,0.90164185,-0.67504883,-0.88943481
85840,1.0203552,-0.73043823,-0.90667725
85841,0.96801758,-0.72067261,-1.0317993
85842,0.96679688,-0.55969238,-1.0647583
85843,0.90408325,-0.60852051,-1.1949158
85844,0.91659546,-0.50949097,-1.1801147
85845,0.83175659,-0.45166016,-1.0670471
85846,0.79925537,-0.32836914,-1.0527039
85847,0.7699585,-0.33752441,-1.0095215
85848,0.91598511,-0.21911621,-1.0952759
85849,0.81787109,-0.23132324,-1.0345459
85850,0.7913208,-0.2041626,-1.1457825
85851,0.70922852,-0.083770752,-1.1227417
85852,0.77972412,-0.13839722,-1.1630249
85853,0.58853149,-0.059967041,-1.1421204
85854,0.54718018,-0.039978027,-1.2194824
85855,0.33081055,0.09475708,-1.3531494
85856,0.30609131,0.24475098,-1.3269043
85857,0.3616333,0.3137207,-1.2121582
85858,0.50674438,0.34439087,-1.2646484
85859,0.26947022,0.2571106,-1.1877441
85860,0.36560059,0.40542603,-1.2159729
85861,0.3465271,0.41900635,-1.3041687
85862,0.26275635,0.4309082,-1.3761902
85863,0.054321289,0.40588379,-1.4219666
85864,0.17181397,0.37857056,-1.2431335
85865,-0.043334961,0.44830322,-1.1451721
85866,0.000610352,0.48782349,-1.1473084
85867,0.005187988,0.61859131,-1.0678101
85868,-0.068817139,0.53985596,-1.2353516
85869,-0.2331543,0.677948,-1.0821533
85870,-0.20477295,0.72418213,-1.0516357
85871,-0.25665283,0.84503174,-1.2689209
85872,-0.2029419,0.67489624,-1.1088562
85873,-0.33920288,0.92849731,-0.94909668
85874,-0.24215698,0.97549438,-1.0011291
85875,-0.37567139,0.87524414,-1.0205078
85876,-0.55725098,0.77178955,-0.81985474
85877,-0.53878784,0.95077515,-0.92056274
85878,-0.62957764,1.1276245,-0.8921814
85879,-0.75942993,1.0313416,-0.74142456
85880,-0.82382202,1.0270691,-0.59051514
85881,-0.66619873,1.1149597,-0.74783325
85882,-0.71029663,1.1343384,-0.76751709
85883,-0.90805054,1.1621094,-0.74005127
85884,-0.97473144,1.0766602,-0.66650391
85885,-0.92575073,1.3246155,-0.75866699
85886,-1.0531616,1.2007141,-0.62988281
85887,-1.0101318,1.3565063,-0.74905396
85888,-1.2197876,1.5077209,-0.58959961
85889,-1.0929871,1.3368225,-0.51971435
85890,-1.2411499,1.1613464,-0.44967651
85891,-1.2580872,1.1843872,-0.43609619
85892,-1.2689209,1.1741638,-0.47454834
85893,-1.3667297,1.3497925,-0.34469605
85894,-1.2182617,1.1967468,-0.26596069
85895,-1.3887024,1.1853027,-0.67764282
85896,-1.4103699,1.2075806,-0.44448853
85897,-1.5090942,0.91506958,-0.45288086
85898,-1.4472961,1.1026001,-0.41748047
85899,-1.5950012,1.1116028,-0.076293945
85900,-1.521759,1.1450195,0.14251709
85901,-1.6404724,1.3188171,0.20080566
85902,-1.6410828,1.1387634,0.14648438
85903,-1.6702271,1.0224915,0.21911621
85904,-1.7248535,0.99700928,0.26016235
85905,-1.7318726,1.081543,0.19561768
85906,-1.7666626,0.94146728,0.33462524
85907,-1.807251,0.87158203,0.41519165
85908,-1.8748474,1.0035706,0.57571411
85909,-2.0013428,0.84594727,0.53237915
85910,-2.0298767,1.0601807,0.57952881
85911,-2.0251465,0.94680786,0.47668457
85912,-2.0056152,0.99197388,0.62133789
85913,-1.9703674,0.90026856,0.69976807
85914,-1.8663025,0.85708618,0.72174072
85915,-2.1353149,0.72555542,0.83648682
85916,-2.0701599,0.72525024,0.73303223
85917,-1.9696045,0.74615478,0.76934815
85918,-1.9978333,0.6640625,0.73226929
85919,-1.8450928,0.61691284,0.96099853
85920,-2.0239258,0.44021606,0.99853516
85921,-1.9885254,0.53344727,1.1500549
85922,-2.1250916,0.39077759,1.3209534
85923,-2.0674133,0.54458618,1.1711121
85924,-2.1485901,0.32409668,1.162262
85925,-2.0046997,0.36712647,1.0321045
85926,-1.9636536,0.20050049,1.2060547
85927,-2.0137024,0.2420044,1.2875366
85928,-2.1095276,0.020294189,1.3328552
85929,-2.0207214,0.026702881,1.0888672
85930,-1.8943787,-0.046081543,1.3748169
85931,-2.1525574,-0.053710938,1.3005066
85932,-1.9294739,-0.13336182,1.4561462
85933,-1.9406128,-0.22598267,1.4260864
85934,-1.8621826,-0.32577515,1.6081238
85935,-1.9259644,-0.43884277,1.5652466
85936,-1.9721985,-0.29998779,1.6670227
85937,-1.8254089,-0.41427612,1.5142822
85938,-2.2080994,-0.48675537,1.5701294
85939,-1.8911743,-0.48431397,1.5391541
85940,-1.9332886,-0.61035156,1.7234802
85941,-1.7874146,-0.69976807,1.6482544
85942,-1.7590332,-0.67626953,1.6619873
85943,-1.847229,-0.80490112,1.7625427
85944,-1.9740295,-0.75515747,1.812439
85945,-1.7189026,-0.75698853,1.8652344
85946,-1.6659546,-0.96694946,1.7854309
85947,-1.5539551,-1.0345459,1.9337463
85948,-1.6888428,-0.94604492,1.9454956
85949,-1.6537476,-1.1709595,1.9197083
85950,-1.4628601,-1.131897,1.9316101
85951,-1.4916992,-1.0202026,2.0925903
85952,-1.4970398,-1.0221863,1.8209839
85953,-1.3098145,-1.1746216,1.7980957
85954,-1.4775085,-1.2269592,1.7251587
85955,-1.4225769,-1.3220215,1.6778564
85956,-1.3742065,-1.3703918,1.8650818
85957,-1.2948608,-1.5388489,1.965332
85958,-1.1741638,-1.4576721,1.9403076
85959,-1.1424255,-1.5168762,1.8032837
85960,-1.1457825,-1.4929199,1.9546509
85961,-1.0218811,-1.7050171,1.8159485
85962,-0.95855713,-1.6055298,1.4064026
85963,-0.8946228,-1.7146301,1.4984131
85964,-0.8140564,-1.6670227,1.552887
85965,-0.85906982,-1.8399048,1.5618896
85966,-0.72891235,-1.8960571,1.5466309
85967,-0.79895019,-1.9168091,1.6593933
85968,-0.57632446,-2.0401001,1.7352295
85969,-0.55709839,-1.930542,1.6616821
85970,-0.50369263,-2.0483398,1.7167664
85971,-0.48675537,-1.9688416,1.7024231
85972,-0.45593262,-2.013092,1.7364502
85973,-0.38253784,-1.9586182,1.6957092
85974,-0.36437988,-1.9645691,1.6496277
85975,-0.34820557,-2.1110535,1.84021
85976,-0.30014038,-2.0846558,1.7565918
85977,-0.25222778,-2.1714783,1.7628479
85978,-0.14648438,-2.3432922,1.5893555
85979,-0.14984131,-2.2763062,1.5507507
85980,-0.105896,-2.169342,1.5238953
85981,-0.054473877,-2.0297241,1.4627075
85982,0.039215088,-2.1473694,1.3850403
85983,0.13168335,-2.0916748,1.3844299
85984,0.20355225,-2.1264648,1.2583923
85985,0.23269653,-2.1862793,1.242981
85986,0.29998779,-2.2676086,1.2028503
85987,0.42358398,-2.3638916,1.139679
85988,0.41671753,-2.3503113,1.1627197
85989,0.49575806,-2.1968079,1.131134
85990,0.56625366,-2.2689819,0.99121094
85991,0.50598144,-2.3379517,0.95794678
85992,0.58319092,-2.2612,0.95214844
85993,0.45166016,-2.0880127,0.97869873
85994,0.57388306,-2.1337891,0.84014893
85995,0.62286377,-2.0091248,0.74401856
85996,0.74111938,-1.9194031,0.55664063
85997,0.85479736,-1.9900513,0.64758301
85998,0.81375122,-2.0039368,0.60348511
85999,0.68847656,-2.1046448,0.40298462
86000,0.88485718,-2.2569275,0.37765503
86001,0.95947266,-2.2683716,0.45974731
86002,0.87524414,-2.0692444,0.45562744
86003,0.92727661,-2.177124,0.25085449
86004,0.98388672,-2.1800232,0.45089722
86005,1.005249,-1.9949341,0.35919189
86006,1.0687256,-2.0561218,0.16601563
86007,0.987854,-2.0510864,0.20843506
86008,1.1199951,-2.0198059,0.1965332
86009,1.1291504,-1.9367981,0.056152344
86010,1.1776733,-1.7428589,-0.044250488
86011,1.1700439,-1.7079163,-0.043334961
86012,1.1637878,-1.7176819,-0.23284912
86013,1.2191772,-1.789856,-0.35110474
86014,1.2744141,-1.7573547,-0.27236939
86015,1.2651062,-1.7578125,-0.24917603
86016,1.2013245,-1.5933228,-0.29113769
86017,1.1758423,-1.2805176,-0.23620606
86018,1.162262,-1.4149475,-0.25360107
86019,1.2373352,-1.4118958,-0.42449951
86020,1.3247681,-1.4201355,-0.52764893
86021,1.2641907,-1.4878845,-0.51483154
86022,1.1907959,-1.4331055,-0.48156738
86023,1.3954163,-1.2420654,-0.69091797
86024,1.1767578,-1.0610962,-0.59860229
86025,1.267395,-1.1465454,-0.60333252
86026,1.2516785,-1.1280823,-0.73654175
86027,1.209259,-1.2792969,-0.9022522
86028,1.2916565,-1.1248779,-0.8291626
86029,1.2158203,-1.0691834,-1.2390137
86030,1.2399292,-1.0700989,-1.2162781
86031,1.137085,-0.99105835,-1.3087463
86032,1.0855103,-0.99029541,-0.94238281
86033,1.0185242,-1.0102844,-1.0444641
86034,1.1045837,-0.86120606,-1.1508179
86035,1.1474609,-0.72479248,-1.0449219
86036,0.91522217,-0.66421509,-0.99731445
86037,0.8480835,-0.51712036,-0.97259522
86038,0.95367432,-0.68344116,-1.0661316
86039,1.0206604,-0.53970337,-0.88867188
86040,0.98999023,-0.46432495,-1.1517334
86041,1.0742188,-0.30975342,-1.124115
86042,0.81741333,-0.21560669,-1.1535645
86043,0.83282471,-0.25039673,-1.2263489
86044,0.72555542,-0.27832031,-1.1875916
86045,0.6968689,-0.017852783,-1.2162781
86046,0.66772461,-0.013275146,-0.22186279
86047,0.35629272,-0.13885498,-1.3082886
86048,0.28182983,0.022277832,-1.5548706
86049,0.45837402,-0.010681152,-1.5725708
86050,0.50292969,0.10467529,-1.4678955
86051,0.4133606,0.2355957,-1.3528442
86052,0.4649353,0.39352417,-1.5351868
86053,0.38696289,0.4095459,-1.5563965
86054,0.36254883,0.39321899,-1.5170288
86055,0.30670166,0.55023193,-1.4129639
86056,0.28015137,0.57525635,-1.328125
86057,0.2192688,0.63568115,-1.3143921
86058,0.096130371,0.70220947,-1.3323975
86059,0.15472412,0.74142456,-1.292572
86060,-0.034790039,0.74035644,-1.2844849
86061,-0.13809204,0.82107544,-1.5400696
86062,-0.15045166,0.6640625,-1.9511414
86063,-0.22033691,0.84518433,-1.2481689
86064,-0.090789795,0.86181641,-1.2071228
86065,-0.082397461,0.92224121,-1.2997437
86066,-0.2998352,0.87860107,-1.2315369
86067,-0.31646728,0.96542358,-1.4987183
86068,-0.2154541,0.95596313,-1.2705994
86069,-0.39505005,1.1476135,-1.2677002
86070,-0.50552368,1.2297058,-1.1766052
86071,-0.59570313,1.1729431,-1.1500549
86072,-0.50354004,1.1193848,-1.1923218
86073,-0.61706543,1.1282349,-1.1231995
86074,-0.68344116,1.1715698,-1.0690308
86075,-0.7611084,1.1616516,-0.98388672
86076,-0.86853027,1.2368774,-0.96496582
86077,-0.98373413,1.4077759,-0.86517334
86078,-0.83007813,1.3349915,-0.8581543
86079,-0.97213745,1.2867737,-0.89111328
86080,-1.0874939,1.2518311,-0.75698853
86081,-1.1265564,1.239624,-0.52963257
86082,-1.1445618,1.3066101,-0.72189331
86083,-1.2960815,1.2760925,-0.4750061
86084,-1.2954712,1.2582397,-0.54946899
86085,-1.3653564,1.3934326,-0.26123047
86086,-1.426239,1.2016296,-0.52551269
86087,-1.5466309,1.3282776,-0.33096314
86088,-1.46698,1.118927,-0.4045105
86089,-1.6009521,1.1633301,-0.30838013
86090,-1.738739,1.2005615,-0.24230957
86091,-1.5794373,1.2492371,-0.21820068
86092,-1.7193604,1.0040283,-1.116333
86093,-1.910553,0.79360962,-0.18005371
86094,-1.7456055,1.0653687,-0.065612793
86095,-1.8281555,1.1805725,-0.089263916
86096,-1.7803955,1.1671448,0.043945313
86097,-1.7506409,1.1793518,0.10391235
86098,-1.8080139,1.1300659,0.20324707
86099,-1.746521,1.2138367,0.17761231
86100,-1.7538452,1.2338257,0.26626587
86101,-1.8882751,1.2661743,0.30990601
86102,-1.9465637,1.1611938,0.38101196
86103,-2.010498,1.161499,0.39657593
86104,-1.870575,0.85830688,0.34240723
86105,-1.884613,0.83618164,0.44723511
86106,-2.0452881,0.82748413,0.65917969
86107,-1.9415283,0.75378418,0.49423218
86108,-2.0272827,0.87097168,0.59005737
86109,-2.147522,0.81466675,0.72677612
86110,-2.048645,0.80383301,0.79315185
86111,-2.1084595,0.76019287,0.9916687
86112,-2.127533,0.80947876,0.90545654
86113,-2.0782471,0.7182312,0.9803772
86114,-1.975708,0.8279419,0.97015381
86115,-2.1179199,0.62103272,0.98388672
86116,-1.9682312,0.5783081,1.0284424
86117,-2.0036316,0.49102783,1.0339355
86118,-2.1542358,0.36376953,1.1816406
86119,-2.0809937,0.54351807,1.305542
86120,-2.2041321,0.51651001,1.1920166
86121,-2.1495056,0.43884277,1.3322449
86122,-2.119751,0.20751953,1.4193726
86123,-2.1043396,0.27664185,1.3801575
86124,-2.1749878,0.064544678,1.5725708
86125,-2.0068359,0.029907227,1.4508057
86126,-2.0443726,-0.021209717,1.3069153
86127,-1.9831848,-0.10528565,1.4974976
86128,-2.1411133,-0.12695313,1.4888
86129,-2.0349121,-0.19042969,1.506958
86130,-2.0294189,-0.17730713,1.7475891
86131,-2.1258545,-0.2923584,1.8103027
86132,-2.0347595,-0.37155151,1.6960144
86133,-2.1485901,-0.37780762,1.6653442
86134,-1.9773865,-0.50384522,1.75354
86135,-1.9534302,-0.75561523,1.8144226
86136,-1.9903564,-0.64987183,1.6941834
86137,-1.8734741,-0.72036743,2.0062256
86138,-1.6419983,-0.74768066,2.0077515
86139,-1.7738342,-0.77560425,1.86203
86140,-1.7572021,-0.80413818,2.0562744
86141,-1.7280579,-0.94955444,1.8714905
86142,-1.6828918,-0.94177246,1.8481445
86143,-1.7515564,-1.0539246,1.8800354
86144,-1.6491699,-1.4294434,1.9767761
86145,-1.451416,-1.3128662,1.9544983
86146,-1.4909363,-1.2031555,2.0223999
86147,-1.5698242,-1.2686157,2.1594238
86148,-1.4248657,-1.5338135,2.0980835
86149,-1.5301514,-1.4419556,2.0568848
86150,-1.383667,-1.4349365,1.9619751
86151,-1.293335,-1.3748169,2.1347046
86152,-1.4060974,-1.39328,2.1611023
86153,-1.1769104,-1.5768433,1.9767761
86154,-1.2902832,-1.5815735,2.07901
86155,-1.2490845,-1.6255188,2.0806885
86156,-1.1694336,-1.6485596,2.1310425
86157,-1.0119629,-1.7782593,1.9630432
86158,-0.91461182,-1.7198181,1.9335938
86159,-0.89889526,-1.7611694,2.0509338
86160,-0.82717896,-1.8980408,1.9271851
86161,-0.82015991,-1.6384888,1.9714355
86162,-0.68313599,-1.9017029,1.9618225
86163,-0.71029663,-1.9467163,1.9935608
86164,-0.69137573,-2.0108032,1.920166
86165,-0.6312561,-1.8864441,1.9509888
86166,-0.40710449,-1.9296265,1.8554688
86167,-0.44570923,-2.0877075,1.6407776
86168,-0.46646118,-2.1850586,1.725769
86169,-0.34057617,-2.1929932,1.7001343
86170,-0.23757935,-2.1931458,1.6427612
86171,-0.31341553,-2.1676636,1.5910339
86172,-0.33004761,-2.1916199,1.4884949
86173,-0.23406982,-2.1916199,1.6139221
86174,-0.091552734,-2.205658,1.4978027
86175,0.054016113,-2.3019409,1.5805054
86176,0.038757324,-2.3352051,1.5803528
86177,-0.043029785,-2.2158813,1.4529419
86178,0.06439209,-2.4465942,1.3388062
86179,0.21392822,-2.4186707,1.3252258
86180,0.33630371,-2.429657,1.3830566
86181,0.25375366,-2.4201965,1.2942505
86182,0.32684326,-2.421875,1.0945129
86183,0.27877808,-2.4206543,1.0545349
86184,0.36834717,-2.3182678,1.065979
86185,0.43228149,-2.381897,0.9954834
86186,0.50384522,-2.4693298,1.1032104
86187,0.55267334,-2.4992371,0.82550049
86188,0.52139282,-2.2521973,0.83862305
86189,0.57434082,-2.3936462,0.7069397
86190,0.7409668,-2.2991943,0.67489624
86191,0.66574097,-2.313385,0.6842041
86192,0.76507568,-2.2576904,0.66390991
86193,0.78125,-2.2608948,0.53253174
86194,0.74554443,-2.3875427,0.62240601
86195,0.79498291,-2.3103333,0.59158325
86196,0.83496094,-2.1392822,0.53619385
86197,1.0314941,-2.3127747,0.40344238
86198,0.93383789,-2.0671082,0.52490234
86199,1.1753845,-1.9078064,0.36102295
86200,1.0968018,-2.1014404,0.45593262
86201,1.1437988,-2.1151733,0.1473999
86202,1.2164307,-2.2732544,0.21392822
86203,1.0887146,-2.179718,0.043792725
86204,1.1907959,-1.9717407,0.000152588
86205,1.1706543,-1.9062805,0.002288818
86206,1.177063,-1.8945313,0.00213623
86207,1.2069702,-1.8960571,-0.092010498
86208,1.2361145,-1.822052,-0.033874512
86209,1.2214661,-1.764679,-0.01739502
86210,1.1630249,-1.7224121,-0.19241333
86211,1.2609863,-1.7744446,-0.36834717
86212,1.2831116,-1.6577148,-0.24688721
86213,1.252594,-1.6911316,-0.5229187
86214,1.2055969,-1.9970703,-0.51773071
86215,1.1953735,-1.6133118,-0.68481445
86216,1.2904358,-1.5611267,-0.74584961
86217,1.3807678,-1.3934326,-0.67626953
86218,1.3131714,-1.3496399,-0.60043335
86219,1.3578796,-1.2182617,-0.73303223
86220,1.3037109,-1.1442566,-0.74676514
86221,1.2060547,-1.1680603,-0.79589844
86222,1.1836243,-1.1309814,-0.8430481
86223,1.2414551,-1.1300659,-0.92636108
86224,1.1904907,-0.92407227,-0.86044312
86225,1.2055969,-0.97167969,-0.69778442
86226,1.3163757,-0.7649231,-0.95031738
86227,1.1019897,-0.66802978,-0.99990845
86228,1.1167908,-0.78582764,-1.0652161
86229,1.164093,-0.76477051,-1.0946655
86230,1.1593628,-0.70007324,-1.0897827
86231,1.1663818,-0.572052,-1.1239624
86232,1.151886,-0.42419434,-1.1834717
86233,1.0784912,-0.48294067,-1.2956238
86234,1.0176086,-0.30471802,-1.2103271
86235,0.95291138,-0.41549683,-1.3116455
86236,1.056366,-0.3364563,-1.3220215
86237,0.96984863,-0.24047852,-1.4733887
86238,0.87921143,-0.086669922,-1.4871216
86239,0.74172974,-0.13427734,-1.3258362
86240,0.79040527,-0.08392334,-1.3546753
86241,0.74707031,-0.083312988,-1.9241333
86242,0.71548462,-0.020294189,-2.4121094
86243,0.72906494,0.049285889,-2.0439148
86244,0.79544067,0.2897644,-2.0309448
86245,0.61340332,0.24246216,-1.3789368
86246,0.72128296,0.28198242,-1.3009644
86247,0.60546875,0.27770996,-1.4645386
86248,0.46173096,0.48599243,-1.4465332
86249,0.48477173,0.46020508,-1.4048767
86250,0.38299561,0.57861328,-1.438446
86251,0.39276123,0.46203613,-1.5193176
86252,0.15060425,0.64987183,-1.0964966
86253,0.15457153,0.66940308,-1.4720154
86254,0.13061523,0.60119629,-1.131897
86255,0.23345947,0.78903198,-1.4712524
86256,0.073394775,0.85571289,-1.2745666
86257,-0.012664795,0.99838257,-1.2817383
86258,-0.060882568,0.92895508,-1.2911987
86259,0.088043213,0.88973999,-1.318512
86260,-0.22842407,0.91812134,-1.4122009
86261,-0.27008057,0.80978394,-1.337738
86262,-0.33477783,1.0438538,-1.2380981
86263,-0.34133911,0.94833374,-1.1795044
86264,-0.36880493,1.1094666,-1.1387634
86265,-0.36911011,1.0110474,-1.1169434
86266,-0.51116943,1.0197449,-1.1732483
86267,-0.5166626,1.3754272,-1.1032104
86268,-0.64407349,1.4347839,-1.0185242
86269,-0.74920654,1.4459229,-0.92254639
86270,-0.69335938,1.396637,-1.0198975
86271,-0.83053589,1.3079834,-0.94146728
86272,-0.90637207,1.1709595,-1.0232544
86273,-0.95596313,1.3375854,-1.0549927
86274,-1.1425781,1.3052368,-0.73516846
86275,-1.0345459,1.4706421,-0.87158203
86276,-1.0046387,1.4404297,-0.77590942
86277,-1.1938477,1.5492249,-0.80734253
86278,-1.2910461,1.3751221,-0.8430481
86279,-1.259613,1.348877,-0.76889038
86280,-1.3801575,1.2567139,-0.57434082
86281,-1.3717651,1.2562561,-0.52749634
86282,-1.2582397,1.5478516,-0.43258667
86283,-1.3136291,1.4208984,-0.36376953
86284,-1.3635254,1.3943481,-0.32577515
86285,-1.3571167,1.4227295,-0.19104004
86286,-1.4601135,1.4282227,-0.28549194
86287,-1.6471863,1.4057922,-0.19256592
86288,-1.7436218,1.4146423,-0.3074646
86289,-1.7672729,1.4933777,-0.099487305
86290,-1.7024231,1.3043213,-0.14709473
86291,-1.7300415,1.3336182,-0.089416504
86292,-1.7564392,1.2908936,0.13442993
86293,-1.7321777,1.242218,0.2281189
86294,-1.7591858,1.2295532,0.21972656
86295,-1.8078613,1.2896729,0.2142334
86296,-1.8847656,1.3609314,0.28045654
86297,-1.9230652,1.3114929,0.31997681
86298,-1.9960022,1.2619019,0.43014526
86299,-2.141571,1.1943054,0.48522949
86300,-2.1975708,1.1392212,0.56106567
86301,-2.2387695,1.1994934,0.64300537
86302,-2.2146606,1.1593628,0.7585144
86303,-1.9969177,1.0856628,0.72753906
86304,-2.263031,0.85769653,0.89523315
86305,-2.1871948,0.84228516,0.7522583
86306,-2.2575378,0.92193603,0.72631836
86307,-2.3309326,0.96054077,0.89508057
86308,-2.3092651,0.76904297,0.95046997
86309,-2.366333,0.6829834,0.97427368
86310,-2.3034668,0.76263428,1.0256958
86311,-2.3840332,0.60256958,1.1523438
86312,-2.2789001,0.58517456,1.100769
86313,-2.3094177,0.56549072,1.1811829
86314,-2.3678589,0.40863037,1.3113403
86315,-2.315979,0.496521,1.1488342
86316,-2.1582031,0.4800415,1.3301086
86317,-2.1905518,0.25787353,1.3334656
86318,-2.1643066,0.23040772,1.4004517
86319,-2.1226501,0.19500732,1.4477539
86320,-2.1418762,0.10269165,1.476593
86321,-2.2799683,0.11138916,1.5704346
86322,-2.1018982,0.094146729,1.4337158
86323,-1.9830322,-0.18280029,1.529541
86324,-2.2607422,-0.043945313,1.7245483
86325,-2.2976685,-0.17913818,1.7033386
86326,-2.1871948,-0.20690918,1.754303
86327,-2.1775818,-0.13626099,1.8348694
86328,-2.1063232,-0.34729004,1.9828796
86329,-1.9042969,-0.49835205,1.9313049
86330,-2.124176,-0.52627563,1.9924927
86331,-2.0083618,-0.57861328,1.9204712
86332,-2.097168,-0.650177,1.8670654
86333,-2.0039368,-0.56381226,1.8510437
86334,-2.2184753,-0.86120606,1.9161987
86335,-2.1099854,-0.8152771,2.0243835
86336,-1.9395447,-0.9324646,1.9932556
86337,-2.0466614,-1.0264587,2.159729
86338,-1.9764709,-1.075592,2.2134399
86339,-1.6712952,-1.0466003,2.0320129
86340,-1.8225098,-1.1361694,2.0639038
86341,-1.7301941,-1.2045288,2.0889282
86342,-1.6384888,-1.4056396,2.0747375
86343,-1.4878845,-1.4015198,1.9973755
86344,-1.4822388,-1.2640381,1.9447327
86345,-1.5306091,-1.5139771,2.0571899
86346,-1.5908813,-1.1846924,2.0245361
86347,-1.5263367,-1.2414551,1.9648743
86348,-1.335907,-1.2739563,2.1917725
86349,-1.3751221,-1.5249634,2.2642517
86350,-1.2760925,-1.5727234,2.043457
86351,-1.2869263,-1.4907837,1.9897461
86352,-1.1172485,-1.7176819,2.0617676
86353,-1.2167358,-1.9613647,2.0396423
86354,-1.0502625,-2.0341492,2.0791626
86355,-1.0081482,-2.0539856,2.0059204
86356,-0.89828491,-1.9042969,2.0343018
86357,-0.82580566,-1.8484497,1.9793701
86358,-0.78491211,-1.817627,1.7817688
86359,-0.74005127,-1.8840027,1.8005371
86360,-0.71121216,-1.986084,1.9659424
86361,-0.66375732,-2.0602417,1.9293213
86362,-0.60150147,-2.1096802,1.9389343
86363,-0.50247192,-2.1482849,1.9018555
86364,-0.43502808,-2.2111511,1.8746948
86365,-0.36819458,-2.2544861,1.8174744
86366,-0.41351318,-2.40448,1.8440247
86367,-0.31692505,-2.4371338,1.6661072
86368,-0.31768799,-2.3828125,1.7576599
86369,-0.28503418,-2.2689819,1.6055298
86370,-0.13885498,-2.3274231,1.5757751
86371,-0.11993408,-2.4446106,1.7237854
86372,0.033874512,-2.3892212,1.6467285
86373,0.056304932,-2.4996948,1.5344238
86374,0.077819824,-2.5498962,1.5492249
86375,0.25146484,-2.5680542,1.2982178
86376,0.28869629,-2.5221252,1.4402771
86377,0.38757324,-2.535553,1.365509
86378,0.40344238,-2.300415,1.2039185
86379,0.3125,-2.2640991,1.3423157
86380,0.35186768,-2.276001,1.3041687
86381,0.48446655,-2.4125671,1.2477112
86382,0.49026489,-2.4977112,1.1306763
86383,0.58685303,-2.4085999,1.0835266
86384,0.53863525,-2.5387573,1.0621643
86385,0.56671143,-2.4726868,1.1090088
86386,0.66482544,-2.6400757,1.0639954
86387,0.67230225,-2.7435303,0.86303711
86388,0.71304321,-2.5717163,0.81863403
86389,0.79879761,-2.6101685,0.60531616
86390,1.0118103,-2.4028015,0.65338135
86391,1.0638428,-2.3417664,0.61645508
86392,0.89019775,-2.4676514,0.43151856
86393,0.84350586,-2.3829651,0.47027588
86394,0.88745117,-2.2027588,0.53833008
86395,0.95840454,-2.2583008,0.42739868
86396,1.1044312,-2.449646,0.2973938
86397,1.1299133,-2.3677063,0.36697388
86398,1.3635254,-2.4459839,0.1651001
86399,1.1811829,-2.2409058,0.13458252
86400,1.2374878,-2.3173523,0.18554688
86401,1.0205078,-2.162323,0.17471313
86402,1.2059021,-2.063446,0.000762939
86403,1.1587524,-2.1676636,-0.048828125
86404,1.1300659,-2.0747375,-0.13000488
86405,1.2162781,-2.0237732,-0.17654419
86406,1.2063599,-1.9784546,-0.31814575
86407,1.4701843,-1.8795776,-0.28198242
86408,1.4001465,-1.7736816,-0.32363892
86409,1.491394,-1.9287109,-0.43121338
86410,1.3499451,-1.9212341,-0.3817749
86411,1.4633179,-1.7410278,-0.36651611
86412,1.3427734,-1.7329407,-0.43685913
86413,1.4685059,-1.6937256,-0.60180664
86414,1.6455078,-1.4706421,-0.61233521
86415,1.6195679,-1.4407349,-0.69458008
86416,1.40625,-1.3928223,-0.81451416
86417,1.2960815,-1.444397,-0.75592041
86418,1.3632202,-1.295166,-0.70846558
86419,1.464386,-1.3095093,-0.85678101
86420,1.4347839,-1.0653687,-0.95062256
86421,1.4385986,-0.87463379,-1.053772
86422,1.2869263,-0.80566406,-1.0926819
86423,1.2915039,-0.70159912,-1.061554
86424,1.2307739,-0.76004028,-1.0682678
86425,1.2109375,-0.76324463,-1.0307312
86426,1.1193848,-0.64727783,-1.0339355
86427,1.2155151,-0.72891235,-1.1106873
86428,1.1517334,-0.67504883,-1.075592
86429,1.1366272,-0.55953979,-1.1242676
86430,1.1572266,-0.46295166,-1.2016296
86431,1.1384583,-0.64651489,-1.2051392
86432,1.1065674,-0.61630249,-1.182251
86433,1.0906982,-0.50415039,-1.3491821
86434,1.1349487,-0.3894043,-1.3571167
86435,1.0195923,-0.28488159,-1.368866
86436,0.99502563,-0.209198,-1.3801575
86437,0.92697144,-0.31402588,-1.5159607
86438,0.94238281,-0.11260986,-1.5985107
86439,0.91995239,-0.12130737,-1.5457153
86440,0.88989258,0.06729126,-2.2705078
86441,0.75073242,0.050964355,-1.8363953
86442,0.72219849,0.021362305,-1.583252
86443,0.72341919,0.31890869,-1.40625
86444,0.51437378,0.20751953,-1.3813782
86445,0.52398682,0.2494812,-1.2762451
86446,0.52551269,0.44326782,-1.424408
86447,0.64987183,0.59127808,-1.5348816
86448,0.36773682,0.71044922,-1.5332031
86449,0.41671753,0.63323975,-1.5307617
86450,0.40939331,0.50079346,-1.3964844
86451,0.43182373,0.70373535,-1.4323425
86452,0.29251099,0.76095581,-1.5834045
86453,0.13687134,0.76644897,-1.390686
86454,0.11779785,0.73944092,-1.5383911
86455,0.13793945,0.68450928,-1.3830566
86456,0.076599121,0.77713013,-1.4193726
86457,0.02166748,0.66665649,-1.4569092
86458,-0.15426636,0.88256836,-1.4060974
86459,-0.14160156,0.82550049,-1.3208008
86460,-0.17959595,0.90866089,-1.2973022
86461,-0.18066406,1.0269165,-1.2931824
86462,-0.44738769,1.0064697,-1.1335754
86463,-0.57846069,1.3616943,-1.1895752
86464,-0.68908691,1.2002563,-1.2861633
86465,-0.60195923,1.1804199,-1.1199951
86466,-0.59448242,1.2449646,-0.73684692
86467,-0.59692383,1.3027954,-0.8531189
86468,-0.62713623,1.3548279,-0.92254639
86469,-0.82504272,1.2806702,-0.62927246
86470,-0.72769165,1.4294434,-0.63278198
86471,-0.8241272,1.3858032,-0.66345215
86472,-0.90759277,1.4924622,-0.91094971
86473,-1.0205078,1.4271545,-0.93566894
86474,-1.171875,1.5426636,-0.69458008
86475,-1.1538696,1.2153625,-0.90270996
86476,-1.1325073,1.4099121,-0.89599609
86477,-1.1206055,1.4057922,-0.66421509
86478,-1.3166809,1.3995361,-0.69869995
86479,-1.4070129,1.4199829,-0.69213867
86480,-1.4784241,1.64505,-0.4750061
86481,-1.534729,1.5667725,-0.3843689
86482,-1.5618896,1.5795898,-0.34790039
86483,-1.5623474,1.5713501,-0.30181885
86484,-1.6065979,1.5684509,-0.21820068
86485,-1.6017151,1.5301514,-0.44509888
86486,-1.6241455,1.2434387,-0.20324707
86487,-1.7274475,1.4031982,-0.19073486
86488,-1.6226196,1.3647461,-0.062103271
86489,-1.6801453,1.4414978,-0.048065186
86490,-1.7228699,1.5486145,-0.093994141
86491,-1.8641663,1.2281799,-0.018005371
86492,-1.8148804,1.2658691,0.14419556
86493,-1.8244934,1.2379456,0.11413574
86494,-1.8463135,1.3543701,0.23925781
86495,-1.8438721,1.3212585,0.2734375
86496,-1.9978333,1.2350464,0.29632568
86497,-2.0098877,1.3438416,0.44555664
86498,-2.1170044,1.3031006,0.43334961
86499,-2.1160889,1.0365295,0.57540894
86500,-1.9915771,0.99273682,0.45135498
86501,-2.1188354,0.912323,0.59814453
86502,-2.0773315,0.8430481,0.52185059
86503,-2.0625305,0.94818115,0.6300354
86504,-2.0898438,0.95474243,0.64529419
86505,-2.2502136,0.84945679,0.88378906
86506,-2.2523499,0.79727173,0.86151123
86507,-2.3010254,0.81176758,0.95855713
86508,-2.2398376,0.66986084,1.0412598
86509,-2.2134399,0.71228027,1.1743164
86510,-2.2967529,0.62957764,1.1639404
86511,-2.3509216,0.67398071,1.2042236
86512,-2.1914673,0.6477356,1.1273193
86513,-2.2972107,0.45654297,1.1395264
86514,-2.3266602,0.37353516,1.3131714
86515,-2.3809814,0.33569336,1.2646484
86516,-2.3669434,0.27770996,1.4665222
86517,-2.3223877,0.40313721,1.4202881
86518,-2.1495056,0.21789551,1.3772583
86519,-2.3072815,0.052185059,1.4147949
86520,-2.154541,0.11108398,1.4044189
86521,-2.2828674,0.058441162,1.456604
86522,-2.1801758,-0.030975342,1.4979553
86523,-2.2483826,-0.11352539,1.678772
86524,-2.0613098,-0.14297485,1.6253662
86525,-2.0935059,-0.25970459,1.6772461
86526,-2.1391296,-0.28930664,1.7602539
86527,-1.9268799,-0.40267944,1.6864014
86528,-2.0872498,-0.49835205,1.6943359
86529,-1.9869995,-0.50888062,1.7021179
86530,-1.9619751,-0.59829712,1.7901611
86531,-1.8281555,-0.7472229,1.5885925
86532,-2.1859741,-0.71929932,1.6448975
86533,-2.2062683,-0.88317871,1.5643311
86534,-1.9332886,-0.88607788,1.7764282
86535,-1.7164612,-0.8152771,1.6743469
86536,-1.7404175,-0.92849731,1.5844727
86537,-1.8804932,-1.1425781,1.4952087
86538,-1.672821,-1.0360718,1.693573
86539,-1.660614,-1.2168884,1.8354797
86540,-1.8447876,-1.3816834,1.9219971
86541,-1.6723633,-1.4653015,2.053833
86542,-1.7111206,-1.3484192,2.2821045
86543,-1.5530396,-1.2997437,2.2218323
86544,-1.4852905,-1.4355469,2.2160339
86545,-1.4825439,-1.6534424,2.0606995
86546,-1.4819336,-1.3511658,2.0162964
86547,-1.5039063,-1.5272522,1.912384
86548,-1.1753845,-1.5284729,2.1052551
86549,-1.3723755,-1.5812683,1.8855286
86550,-1.2634277,-1.7034912,2.0794678
86551,-1.0406494,-1.7749023,2.1601868
86552,-0.9147644,-1.7381287,2.1104431
86553,-0.91918945,-1.8206787,2.0913696
86554,-0.91598511,-1.9421387,2.162323
86555,-0.80871582,-1.9694519,2.0809937
86556,-0.82229614,-1.9598389,2.023468
86557,-0.74417114,-1.9715881,1.9967651
86558,-0.79711914,-1.9502258,1.9145203
86559,-0.6842041,-1.8772888,1.9390869
86560,-0.73410034,-2.0709229,1.9491577
86561,-0.52871704,-2.1194458,1.8099976
86562,-0.50598144,-2.0791626,1.9088745
86563,-0.43121338,-2.3974609,1.9128418
86564,-0.33538818,-2.24823,1.9776916
86565,-0.3918457,-2.1469116,1.8405151
86566,-0.39291382,-2.2349548,1.6629028
86567,-0.29525757,-2.1612549,1.5144348
86568,-0.077362061,-2.2549438,1.6278076
86569,-0.008544922,-2.2758484,1.580658
86570,-0.17684937,-2.2769165,1.5016174
86571,0.058288574,-2.3194885,1.5144348
86572,0.03036499,-2.3342896,1.3912964
86573,0.1348877,-2.3104858,1.3085938
86574,0.17593384,-2.4311829,1.308136
86575,0.22613525,-2.272644,1.4749146
86576,0.25100708,-2.2491455,1.2739563
86577,0.2734375,-2.4389648,1.2495422
86578,0.2230835,-2.4209595,1.2863159
86579,0.42938232,-2.3880005,1.3166809
86580,0.52444458,-2.3924255,1.184845
86581,0.49407959,-2.4873352,0.99609375
86582,0.45532227,-2.4545288,1.1747742
86583,0.53421021,-2.4385071,1.0139465
86584,0.65124512,-2.4536133,0.96603394
86585,0.65475464,-2.4107361,0.90667725
86586,0.82397461,-2.4325562,0.83984375
86587,0.76904297,-2.4525452,0.84976196
86588,0.85784912,-2.3114014,0.66818237
86589,0.90927124,-2.3855591,0.61706543
86590,0.90377808,-2.199707,0.63308716
86591,0.87646484,-2.293396,0.52749634
86592,0.86547852,-2.3243713,0.43945313
86593,0.92041016,-2.1482849,0.43609619
86594,0.94421387,-2.2996521,0.30670166
86595,0.94955444,-2.2386169,0.13839722
86596,0.91400147,-2.1243286,0.26565552
86597,1.0264587,-2.154541,0.041503906
86598,0.91415405,-2.0465088,0.13244629
86599,0.98724365,-2.0227051,0.17410278
86600,1.2524414,-2.0463562,0.10955811
86601,1.1366272,-1.8502808,-0.036468506
86602,1.1170959,-1.8507385,-0.13168335
86603,1.2901306,-1.7803955,-0.22537231
86604,1.2799072,-1.7913818,-0.51315308
86605,1.1340332,-1.6729736,-0.23086548
86606,1.1358643,-1.8998718,-0.34973144
86607,1.2023926,-1.6976929,-0.50354004
86608,1.3490295,-1.7906189,-0.39642334
86609,1.2644959,-1.6522217,-0.36972046
86610,1.2896729,-1.6522217,-0.38009644
86611,1.2973022,-1.7521667,-0.16342163
86612,1.2878418,-1.5048218,-0.5015564
86613,1.3197327,-1.5000916,-0.43640137
86614,1.3204956,-1.5628052,-0.56518555
86615,1.2930298,-1.4035034,-0.64849853
86616,1.3050842,-1.3764954,-0.79986572
86617,1.3049316,-1.1686707,-0.9147644
86618,1.1784363,-1.1663818,-1.063385
86619,1.0664368,-1.0623169,-0.78704834
86620,1.0191345,-1.1412048,-0.81695557
86621,1.2080383,-0.96206665,-0.91400147
86622,1.1341858,-0.81359863,-0.89431763
86623,1.199646,-0.82427978,-1.0583496
86624,1.116333,-0.97763062,-0.96160889
86625,1.0934448,-0.85067749,-1.0786438
86626,1.1688232,-0.82717896,-1.0253906
86627,1.149292,-0.80123901,-1.063385
86628,1.1773682,-0.79086304,-1.1514282
86629,1.0191345,-0.62850952,-1.3201904
86630,1.0270691,-0.45776367,-1.361084
86631,0.81863403,-0.28945923,-1.2329102
86632,0.89630127,-0.32089233,-1.4254761
86633,0.82351685,-0.2482605,-1.335144
86634,0.81588745,-0.17547607,-1.362915
86635,0.87783813,-0.11169434,-1.6390991
86636,0.92224121,-0.084381104,-1.5605164
86637,0.94055176,-0.043487549,-1.4741516
86638,0.84518433,0.003509521,-1.2467957
86639,0.5847168,0.018463135,-1.7623901
86640,0.64224243,0.00289917,-1.4385986
86641,0.50216675,0.20996094,-1.3175964
86642,0.53878784,0.18249512,-1.4306641
86643,0.45883179,0.3755188,-1.4610291
86644,0.40832519,0.36941528,-1.2356567
86645,0.46447754,0.36895752,-1.3291931
86646,0.38162231,0.49163818,-1.1264038
86647,0.37231445,0.33752441,-1.3174438
86648,0.18447876,0.50552368,-1.3729858
86649,0.002593994,0.50918579,-1.3835144
86650,0.24902344,0.64651489,-1.5792847
86651,0.2079773,0.68496704,-1.2469482
86652,0.025939941,0.5267334,-1.282196
86653,-0.015258789,0.54534912,-1.3560486
86654,0.054321289,0.5809021,-1.391449
86655,-0.18249512,0.69503784,-1.3215637
86656,-0.16860962,0.80596924,-1.1299133
86657,-0.098114014,0.99899292,-1.3668823
86658,-0.26031494,0.95306397,-1.3955688
86659,-0.37857056,1.209259,-1.408844
86660,-0.35995483,1.113739,-1.5182495
86661,-0.4888916,1.0134888,-1.1180115
86662,-0.47775269,1.116333,-1.0948181
86663,-0.59646606,1.2052917,-1.2338257
86664,-0.56274414,1.1206055,-1.2042236
86665,-0.72662353,1.1254883,-1.0565186
86666,-0.67962647,1.2696838,-1.0369873
86667,-0.82244873,1.2173462,-1.035614
86668,-0.80062866,1.2721252,-1.4996338
86669,-0.95703125,1.2454224,-1.0990906
86670,-0.86853027,1.1366272,-1.2147522
86671,-0.93795776,1.1486816,-0.74752808
86672,-0.98190308,1.2046814,-0.70571899
86673,-1.0798645,1.3012695,-0.70022583
86674,-1.0050964,1.4363098,-0.78323364
86675,-1.1933899,1.4022827,-0.72357178
86676,-1.0661316,1.4501953,-0.7119751
86677,-1.2820435,1.2641907,-0.52490234
86678,-1.2802124,1.3223267,-0.63446045
86679,-1.227417,1.350708,-0.32226563
86680,-1.3330078,1.2869263,-0.22155762
86681,-1.4515686,1.2110901,-0.45791626
86682,-1.502533,0.96511841,-0.43991089
86683,-1.4984131,1.1126709,-0.26489258
86684,-1.5055847,1.2567139,-0.26245117
86685,-1.5640259,1.0498047,-0.24154663
86686,-1.6378784,1.2261963,-0.093231201
86687,-1.6351318,1.388855,0.028686523
86688,-1.8600464,1.2635803,0.20233154
86689,-1.837616,1.3830566,-0.003051758
86690,-1.7131042,1.2211609,0.11810303
86691,-1.8756104,1.2213135,0.29830933
86692,-1.8222046,1.1437988,0.23590088
86693,-1.9613647,1.1515808,0.33279419
86694,-1.9776916,1.089325,0.29434204
86695,-1.8701172,1.1264038,0.011291504
86696,-1.9482422,1.0168457,0.11352539
86697,-1.9784546,1.0345459,0.061645508
86698,-2.1020508,0.92910767,0.36010742
86699,-1.9622803,1.022644,0.48965454
86700,-2.1897888,0.83557129,0.42236328
86701,-2.0721436,0.86074829,-0.1159668
86702,-2.0243835,0.9286499,0.008239746
86703,-2.073822,0.7409668,-0.025634766
86704,-2.1673584,0.71166992,0.33279419
86705,-2.1218872,0.63156128,0.40222168
86706,-2.1646118,0.69396973,0.48645019
86707,-2.0462036,0.66101074,0.55740356
86708,-2.1028137,0.63079834,0.62805176
86709,-2.1670532,0.55908203,0.61569214
86710,-2.0095825,0.50247192,0.81634522
86711,-2.0939636,0.34439087,0.81115723
86712,-1.9458008,0.3755188,0.98342896
86713,-2.1781921,0.24795532,1.1950684
86714,-2.1572876,0.17654419,1.3160706
86715,-2.1655273,0.10681152,1.3961792
86716,-2.1354675,0.029449463,1.2573242
86717,-2.0870972,-0.029144287,1.1271667
86718,-2.1200562,0.041656494,1.1447144
86719,-2.0095825,-0.18356323,1.1148071
86720,-2.0671082,-0.1133728,0.81100464
86721,-2.0016479,-0.22857666,0.90148926
86722,-1.9604492,-0.25543213,0.99639893
86723,-1.9778442,-0.31951904,1.3484192
86724,-2.0155334,-0.20248413,1.6088867
86725,-2.0184326,-0.48919678,1.5377808
86726,-2.0330811,-0.49041748,1.6255188
86727,-2.0944214,-0.46936035,1.4492798
86728,-1.8655396,-0.60791016,1.1729431
86729,-1.7617798,-0.67703247,0.97854614
86730,-1.6409302,-0.74935913,1.0112
86731,-1.8525696,-0.72143555,1.1212158
86732,-1.839447,-0.85205078,1.1161804
86733,-1.7366028,-0.92147827,0.97869873
86734,-1.6143799,-1.0105896,1.2133789
86735,-1.7857361,-1.2615967,1.0720825
86736,-1.5979004,-1.2287903,0.94833374
86737,-1.5332031,-1.1358643,1.8188477
86738,-1.6371155,-1.1398315,0.96588135
86739,-1.5963745,-1.4768982,0.80062866
86740,-1.4759827,-1.2284851,1.3835144
86741,-1.4045715,-1.4053345,1.5063477
86742,-1.3137817,-1.4173889,1.524353
86743,-1.3801575,-1.5336609,1.3265991
86744,-1.1712646,-1.5325928,1.4881897
86745,-1.1465454,-1.541748,1.7170715
86746,-1.1131287,-1.7932129,1.7158508
86747,-1.1340332,-1.9721985,1.9778442
86748,-1.0993958,-1.8556213,1.9233704
86749,-1.1343384,-1.6712952,1.9525146
86750,-0.91705322,-1.6566467,1.7784119
86751,-0.89019775,-1.8197632,1.8595886
86752,-0.91415405,-1.8171692,1.9325256
86753,-0.82977295,-1.8067932,1.9555664
86754,-0.83312988,-1.847229,1.736145
86755,-0.78125,-1.8734741,1.8803406
86756,-0.72402954,-1.7793274,1.8333435
86757,-0.44738769,-1.9471741,1.7793274
86758,-0.40832519,-2.0581055,1.6671753
86759,-0.39138794,-2.2691345,1.6537476
86760,-0.49240112,-2.1258545,1.6334534
86761,-0.34912109,-2.1696472,1.5881348
86762,-0.27496338,-2.118988,1.7778015
86763,-0.14633179,-2.1124268,1.632843
86764,-0.2406311,-2.0246887,1.743927
86765,-0.090484619,-2.1800232,1.6204834
86766,-0.15762329,-2.3449707,1.5338135
86767,-0.10620117,-2.303009,1.3993835
86768,-0.20095825,-2.212677,1.3830566
86769,-0.11032105,-2.2576904,1.5800476
86770,-0.067901611,-2.1292114,1.3981628
86771,0.071716309,-2.1746826,1.3095093
86772,-0.019226074,-2.1862793,1.2654114
86773,0.17425537,-2.40448,0.90637207
86774,0.095062256,-2.3069763,1.0386658
86775,0.28030395,-2.2790527,0.8517456
86776,0.28076172,-2.2627258,0.96374512
86777,0.23345947,-2.4040222,0.77178955
86778,0.42648315,-2.2859192,0.85800171
86779,0.49560547,-2.2764587,0.95001221
86780,0.64651489,-2.150116,0.85083008
86781,0.67871094,-2.3246765,0.92468262
86782,0.66650391,-2.276001,0.77880859
86783,0.68496704,-2.3170471,0.57510376
86784,0.66833496,-2.2808838,0.62545776
86785,0.68008423,-2.2065735,0.68893433
86786,0.77545166,-1.9485474,0.58105469
86787,0.87097168,-2.0864868,0.4750061
86788,0.81604004,-1.9172668,0.49331665
86789,0.80169678,-1.8894959,0.45822144
86790,0.96237183,-2.0986938,0.34622192
86791,0.90576172,-2.0347595,0.37368774
86792,0.95306397,-1.9970703,0.29937744
86793,1.0357666,-1.776123,0.025787354
86794,1.0580444,-1.8322754,0.29724121
86795,1.0697937,-1.7672729,0.11871338
86796,1.137085,-1.8640137,0.014190674
86797,1.1613464,-1.9509888,0.079040527
86798,1.1817932,-1.8711853,0.037994385
86799,1.1779785,-1.6812134,-0.034179688
86800,1.1857605,-1.7045593,-0.059814453
86801,1.192627,-1.7068481,-0.094604492
86802,1.2304688,-1.7118835,-0.23834228
86803,1.2667847,-1.633606,-0.29754639
86804,1.2631226,-1.6241455,-0.37750244
86805,1.2110901,-1.6256714,-0.46325684
86806,1.1865234,-1.4682007,-0.53894043
86807,1.1776733,-1.2861633,-0.50918579
86808,1.277771,-1.2988281,-0.44036865
86809,1.1247253,-1.2863159,-0.93338013
86810,1.1047363,-1.3809204,-0.7585144
86811,1.2666321,-1.4733887,-0.8203125
86812,1.1938477,-1.3546753,-0.6022644
86813,1.1317444,-1.0545349,-0.50201416
86814,1.0797119,-1.1468506,-0.70297241
86815,1.0865784,-1.0388184,-0.68466187
86816,1.0655212,-0.87692261,-0.72753906
86817,1.063385,-0.97793579,-0.69015503
86818,1.0543823,-0.84762573,-0.83724976
86819,1.0488892,-0.87646484,-0.94436646
86820,1.0797119,-0.79376221,-0.87402344
86821,0.92453003,-0.69824219,-0.92514038
86822,1.111908,-0.75302124,-1.1096191
86823,0.95581055,-0.56869507,-1.2158203
86824,1.0461426,-0.43334961,-1.081543
86825,0.79193115,-0.46157837,-1.0835266
86826,0.8908081,-0.41046143,-1.1689758
86827,0.90057373,-0.30639648,-1.1627197
86828,0.88195801,-0.31799316,-1.2413025
86829,0.84243774,-0.22994995,-1.2179565
86830,0.84228516,-0.25421143,-1.2135315
86831,0.77545166,-0.12557983,-1.1512756
86832,0.77636719,-0.03036499,-1.1862183
86833,0.81390381,0.03112793,-1.2382507
86834,0.75286865,0.083618164,-1.268158
86835,0.60440063,0.14022827,-1.6487122
86836,0.4560852,-0.17791748,-1.5222168
86837,0.48797607,-0.098266602,-1.4682007
86838,0.47790527,0.19378662,-1.423645
86839,0.43273926,0.44265747,-1.2141418
86840,0.47286987,0.44754028,-1.2210083
86841,0.33279419,0.48110962,-1.4320374
86842,0.41748047,0.40481567,-1.2376404
86843,0.24932861,0.53237915,-1.4537048
86844,0.27740478,0.56045532,-1.6007996
86845,0.27633667,0.63064575,-1.2510681
86846,0.181427,0.6791687,-1.0620117
86847,0.014038086,0.66040039,-1.6381836
86848,-0.041351318,0.65200806,-1.3381958
86849,0.037078857,0.67260742,-1.2574768
86850,-0.20019531,0.67306519,-1.2216187
86851,0.009155273,0.79711914,-1.1419678
86852,-0.26763916,0.80245972,-1.0905457
86853,-0.35263061,1.0415649,-1.0423279
86854,-0.31280518,1.1135864,-0.92224121
86855,-0.50567627,0.91812134,-1.0243225
86856,-0.48965454,1.0896301,-1.0263062
86857,-0.50521851,1.0058594,-1.0133362
86858,-0.57907104,1.0310364,-0.99243164
86859,-0.60638428,1.0284424,-0.94467163
86860,-0.70175171,0.91690063,-0.97702026
86861,-0.70159912,1.0577393,-0.89904785
86862,-0.82839966,1.2646484,-0.93063354
86863,-0.93933106,1.1094666,-0.79147339
86864,-0.88546753,1.3969421,-0.68557739
86865,-0.88012695,1.3722229,-0.75424194
86866,-0.98907471,1.3043213,-0.64605713
86867,-0.98907471,1.1091614,-0.730896
86868,-1.1795044,1.210022,-0.80978394
86869,-1.2316895,1.2788391,-0.67565918
86870,-1.268158,1.3197327,-0.67810059
86871,-1.3150024,1.3259888,-0.71304321
86872,-1.3531494,1.3262939,-0.48965454
86873,-1.4147949,1.3615417,-0.89782715
86874,-1.4292908,1.2652588,-0.28427124
86875,-1.4653015,1.2416077,-0.19760132
86876,-1.4860535,1.199646,-0.20111084
86877,-1.4971924,1.4149475,-0.39001465
86878,-1.5341187,0.98190308,-0.53710938
86879,-1.4579773,1.1270142,-0.032196045
86880,-1.4248657,1.2242126,-0.043640137
86881,-1.5393066,1.174469,0.11062622
86882,-1.6589355,1.144104,0.13931274
86883,-1.6882324,1.1526489,0.06149292
86884,-1.7045593,1.1250305,0.18295288
86885,-1.8583679,1.0731506,0.081481934
86886,-1.7819214,0.98831177,0.2935791
86887,-1.7648315,1.0202026,0.38146973
86888,-1.9526672,1.1557007,0.54244995
86889,-1.9920349,0.98999023,0.50537109
86890,-1.9480896,0.97488403,0.46905518
86891,-2.0280457,0.91110229,0.65551758
86892,-2.0246887,0.94116211,0.61798096
86893,-1.9638062,0.90408325,0.67810059
86894,-1.9894409,0.69122315,0.89111328
86895,-2.0968628,0.82550049,0.62164307
86896,-1.9726563,0.80810547,0.71899414
86897,-2.146759,0.70541382,0.89889526
86898,-2.1185303,0.63171387,0.92803955
86899,-2.0037842,0.69396973,1.0482788
86900,-2.0252991,0.69992065,0.97457886
86901,-2.0431519,0.48233032,0.95413208
86902,-2.1299744,0.65811157,1.0342407
86903,-2.0365906,0.37872314,1.2895203
86904,-2.0536804,0.49331665,1.0995483
86905,-2.2523499,0.37033081,1.3508606
86906,-2.2009277,0.34713745,1.368866
86907,-2.1142578,0.25909424,0.88150024
86908,-1.9786072,0.28289795,0.67428589
86909,-2.035675,0.095825195,0.72113037
86910,-1.9969177,-0.005493164,0.55648804
86911,-2.0304871,0.055236816,0.87646484
86912,-2.0135498,-0.1210022,1.1514282
86913,-1.918335,-0.000610352,0.7498169
86914,-1.9012451,-0.15014648,1.5428162
86915,-1.973114,-0.16265869,1.2489319
86916,-1.897583,-0.24688721,1.5666199
86917,-1.8145752,-0.19348145,1.6847229
86918,-1.7936707,-0.32226563,1.7138672
86919,-2.0358276,-0.44174194,1.6200256
86920,-1.8600464,-0.44830322,1.756897
86921,-1.9306946,-0.54214478,1.8345642
86922,-1.9013977,-0.54122925,1.5519714
86923,-1.9015503,-0.64147949,1.302948
86924,-1.8203735,-0.79040527,1.7002869
86925,-1.6259766,-0.89523315,1.5565491
86926,-1.65802,-0.88317871,1.6618347
86927,-1.7897034,-0.94451904,1.7829895
86928,-1.5869141,-0.75637817,1.8011475
86929,-1.5190125,-1.0710144,1.81427
86930,-1.4730835,-1.1985779,1.8107605
86931,-1.6062927,-1.1489868,2.1656799
86932,-1.5670776,-1.2976074,1.9442749
86933,-1.5878296,-1.3632202,1.854248
86934,-1.3674927,-1.3899231,1.910553
86935,-1.2976074,-1.2908936,1.7233276
86936,-1.3142395,-1.2983704,1.7536926
86937,-1.3356018,-1.4466858,2.0501709
86938,-1.1488342,-1.4509583,1.5667725
86939,-1.1299133,-1.4897156,1.2979126
86940,-1.2261963,-1.4471436,2.0025635
86941,-1.1791992,-1.791687,0.89004517
86942,-1.1065674,-1.6320801,1.0855103
86943,-0.94467163,-1.7375183,1.7965698
86944,-1.0873413,-1.6453552,1.5614319
86945,-1.0662842,-1.7578125,1.6833496
86946,-0.90454102,-1.8031311,1.7138672
86947,-0.80047607,-1.90979,1.6880798
86948,-0.72799683,-1.8238831,1.7948914
86949,-0.76156616,-1.806488,1.8145752
86950,-0.65673828,-1.9578552,1.7376709
86951,-0.52780151,-1.9081116,1.6444397
86952,-0.48782349,-1.9847107,1.6384888
86953,-0.36590576,-2.0603943,1.7068481
86954,-0.34362793,-1.9955444,1.6830444
86955,-0.20843506,-2.1203613,1.5716553
86956,-0.25314331,-2.1072388,1.6593933
86957,-0.18569946,-2.0170593,1.5985107
86958,-0.1423645,-1.9752502,1.5661621
86959,-0.078735352,-2.1166992,1.40625
86960,0.029449463,-2.1038818,1.3418579
86961,-0.031433105,-2.0915222,1.3415527
86962,0.018920898,-2.1888733,1.2969971
86963,0.15289307,-2.1995544,1.3406372
86964,0.13931274,-2.1842957,1.3246155
86965,0.20553589,-2.0939636,1.2733459
86966,0.29266357,-2.0500183,1.2536621
86967,0.3453064,-2.091217,1.2207031
86968,0.45532227,-2.1614075,1.1579895
86969,0.46142578,-2.2067261,1.1509705
86970,0.40527344,-2.2195435,1.0090637
86971,0.47317505,-2.3031616,1.0632324
86972,0.43212891,-2.4819946,1.0107422
86973,0.55831909,-2.2227478,0.96466065
86974,0.70098877,-2.3904419,0.80596924
86975,0.71533203,-2.4465942,0.7963562
86976,0.89599609,-2.2775269,0.73013306
86977,0.73577881,-2.3040771,0.55664063
86978,0.74478149,-2.1304321,0.64483643
86979,0.59173584,-2.1981812,0.5657959
86980,0.831604,-2.2187805,0.47317505
86981,0.89996338,-2.1582031,0.26779175
86982,1.0539246,-2.0422363,0.3453064
86983,0.99884033,-2.1846008,0.23803711
86984,0.87692261,-2.1839905,0.2507019
86985,1.1048889,-2.0811462,0.23239136
86986,1.0224915,-2.2814941,0.076446533
86987,1.0359192,-2.1543884,0.23254395
86988,1.1495972,-2.0953369,-0.054931641
86989,1.1053467,-2.0149231,-0.082397461
86990,1.04599,-1.973877,-0.072937012
86991,1.1123657,-1.940155,-0.21636963
86992,1.0913086,-1.8556213,-0.094451904
86993,1.091156,-1.8345642,-0.13092041
86994,1.1445618,-1.6140747,-0.29266357
86995,1.3433838,-1.8423462,-0.33905029
86996,1.3417053,-1.7536926,-0.418396
86997,1.0874939,-1.6157532,-0.46722412
86998,1.2106323,-1.6043091,-0.61843872
86999,1.212616,-1.6166687,-0.52276611
87000,1.2612915,-1.5708923,-0.64376831
87001,1.2895203,-1.4718628,-0.75256348
87002,1.2916565,-1.308136,-0.75378418
87003,1.1878967,-1.3348389,-0.69366455
87004,1.270752,-1.1897278,-0.76522827
87005,1.2759399,-1.178894,-0.79589844
87006,1.2582397,-1.2390137,-0.68222046
87007,1.3021851,-1.3163757,-0.6652832
87008,1.1567688,-1.1381531,-0.75897217
87009,1.2738037,-1.0069275,-0.79437256
87010,1.1763,-0.79711914,-0.86120606
87011,1.2014771,-0.66879272,-0.85830688
87012,1.1737061,-0.72738647,-0.89950562
87013,1.0534668,-0.81222534,-0.98205566
87014,1.1523438,-0.73516846,-1.053772
87015,1.1817932,-0.66131592,-0.97732544
87016,1.0452271,-0.47485352,-0.95184326
87017,1.0397339,-0.6326294,-0.99441528
87018,1.0362244,-0.62316894,-1.2249756
87019,1.0351563,-0.42373657,-1.1885071
87020,0.87966919,-0.26992798,-1.2564087
87021,0.9602356,-0.25161743,-1.2475586
87022,0.92498779,-0.26321411,-1.2338257
87023,0.82107544,-0.22827148,-1.3078308
87024,0.95291138,-0.062713623,-1.3299561
87025,0.67214966,-0.048828125,-1.4512634
87026,0.66772461,0.059509277,-1.3467407
87027,0.69915772,0.023498535,-1.3623047
87028,0.72296143,-0.024871826,-1.5264893
87029,0.62332153,-0.091705322,-1.4666748
87030,0.50613403,0.22293091,-1.4572144
87031,0.63171387,0.31143189,-1.3793945
87032,0.46081543,0.24841309,-1.4105225
87033,0.30029297,0.26382446,-1.2072754
87034,0.38696289,0.31997681,-1.3398743
87035,0.42709351,0.36331177,-1.4703369
87036,0.38085938,0.45318603,-1.7605591
87037,0.262146,0.51483154,-1.5612793
87038,0.13702393,0.83496094,-1.2472534
87039,0.048522949,0.70007324,-1.0707092
87040,0.131073,0.52185059,-1.1769104
87041,-0.043945313,0.74005127,-1.2242126
87042,0.013427734,0.86669922,-0.87310791
87043,-0.066833496,0.94085693,-1.2483215
87044,-0.20187378,0.86608887,-1.4704895
87045,-0.20141602,0.82717896,-1.1724854
87046,-0.4069519,1.0108948,-1.14151
87047,-0.21224976,0.89950562,-1.1930847
87048,-0.30273438,0.89294434,-0.99884033
87049,-0.41061401,0.87539673,-1.3726807
87050,-0.58410644,1.1050415,-1.2820435
87051,-0.42541504,1.133728,-1.182251
87052,-0.59082031,1.1462402,-1.0386658
87053,-0.68389893,1.3243103,-0.97732544
87054,-0.59173584,1.4038086,-1.0388184
87055,-0.6628418,1.2971497,-0.89950562
87056,-0.78826904,1.1965942,-0.91690063
87057,-0.90042114,1.1535645,-0.89599609
87058,-0.95855713,1.2898254,-0.99639893
87059,-1.0066223,1.1624146,-0.76095581
87060,-1.0154724,1.37146,-0.7649231
87061,-1.1289978,1.3626099,-0.70297241
87062,-1.194458,1.4584351,-0.69061279
87063,-1.0881042,1.3671875,-0.43487549
87064,-1.2646484,1.3601685,-0.54321289
87065,-1.3143921,1.1555481,-0.67825317
87066,-1.4341736,1.2492371,-0.47424316
87067,-1.3865662,1.3668823,-0.64971924
87068,-1.3792419,1.4610291,-0.59387207
87069,-1.5187073,1.3124084,-0.41061401
87070,-1.5480041,1.2876892,-0.43762207
87071,-1.6436768,1.3330078,-0.22155762
87072,-1.6001892,1.3290405,-0.12420654
87073,-1.7564392,0.57235718,-0.24139404
87074,-1.9151306,0.94863892,-0.09185791
87075,-1.8540955,1.3076782,-0.34225464
87076,-1.819458,1.4324951,0.097045898
87077,-1.8995666,1.2513733,0.17166138
87078,-1.8013,1.3119507,0.11810303
87079,-1.7430115,1.308136,0.30487061
87080,-1.9250488,1.1671448,0.1965332
87081,-1.82724,1.1317444,0.31845093
87082,-2.0170593,1.0308838,0.24536133
87083,-1.8440247,1.0774231,0.42800903
87084,-2.0446777,1.0240173,0.39794922
87085,-2.1141052,0.92437744,0.60577393
87086,-2.0042419,1.0150146,0.32669067
87087,-2.0501709,1.0227966,0.50384522
87088,-2.1064758,0.89355469,0.53070068
87089,-2.1661377,0.78857422,0.67993164
87090,-2.1565247,0.76766968,0.76477051
87091,-2.0870972,0.71350098,0.72799683
87092,-2.2441101,0.62896728,0.79711914
87093,-2.2068787,0.74401856,0.94146728
87094,-2.1379089,0.71395874,0.8833313
87095,-2.1951294,0.63354492,0.92834473
87096,-2.2660828,0.56747437,1.0415649
87097,-2.1784973,0.58944702,1.098938
87098,-2.2492981,0.5380249,1.2501526
87099,-2.2639465,0.62530518,1.2269592
87100,-2.2680664,0.41046143,1.3311768
87101,-2.2370911,0.38803101,1.0942078
87102,-2.1421814,0.34240723,1.2983704
87103,-2.2164917,0.21667481,1.3525391
87104,-2.0881653,0.21728516,1.7778015
87105,-2.2219849,0.040588379,1.7218018
87106,-2.1989441,-0.007629395,1.68396
87107,-2.1902466,-0.030059814,1.3967896
87108,-2.1087646,-0.085449219,1.5405273
87109,-2.0619202,-0.13168335,1.4056396
87110,-2.1879578,-0.23040772,1.5878296
87111,-2.1214294,-0.36010742,1.5711975
87112,-1.9335938,-0.40847778,1.2307739
87113,-2.053833,-0.24002075,1.3009644
87114,-1.9221497,-0.22369385,1.5925598
87115,-2.0054626,-0.35446167,1.5930176
87116,-2.0077515,-0.50964356,1.6122437
87117,-1.9845581,-0.44082642,1.8730164
87118,-1.9270325,-0.71777344,1.6004944
87119,-1.9828796,-0.8706665,1.7504883
87120,-1.8762207,-0.82138062,1.8659973
87121,-1.7779541,-0.84564209,1.7277527
87122,-1.7918396,-1.0002136,1.7501831
87123,-1.721344,-0.90576172,1.8629456
87124,-1.7910767,-0.84869385,2.0594788
87125,-1.5106201,-1.0238647,1.6970825
87126,-1.6120911,-1.2908936,1.9062805
87127,-1.8357849,-1.2193298,2.1063232
87128,-1.5768433,-1.35849,2.0307922
87129,-1.4263916,-1.451416,1.8670654
87130,-1.3728333,-1.2753296,1.8518066
87131,-1.2727356,-1.2069702,1.6508484
87132,-1.2808228,-1.4253235,1.7448425
87133,-1.2719727,-1.4993286,1.7599487
87134,-1.2805176,-1.5817261,1.7950439
87135,-1.1270142,-1.6122437,1.9999695
87136,-1.0974121,-1.6938782,2.0275879
87137,-1.0140991,-1.6815186,1.8960571
87138,-1.089325,-1.8566895,1.7797852
87139,-1.0136414,-1.9795227,1.9413757
87140,-1.0002136,-2.3587036,1.9995117
87141,-0.93444824,-2.3776245,1.9467163
87142,-0.85327148,-2.0904541,2.0452881
87143,-0.77301025,-1.9966125,1.8936157
87144,-0.75866699,-1.9596863,1.7764282
87145,-0.49682617,-2.066803,1.9534302
87146,-0.62774658,-2.109375,1.7436218
87147,-0.54870606,-2.250824,1.7733765
87148,-0.43869019,-2.1568298,1.9061279
87149,-0.42327881,-2.3094177,1.789856
87150,-0.365448,-2.2174072,1.7456055
87151,-0.26168823,-2.3329163,1.8771362
87152,-0.19927978,-2.3306274,1.8559265
87153,-0.13656616,-2.2198486,1.7932129
87154,-0.068206787,-2.2494507,1.6734314
87155,-0.095062256,-2.2964478,1.5692139
87156,-0.13519287,-2.1821594,1.512146
87157,0.056915283,-2.3179626,1.5026855
87158,0.063018799,-2.4465942,1.4851379
87159,0.181427,-2.4214172,1.2915039
87160,0.20782471,-2.4676514,1.2579346
87161,0.26260376,-2.538147,1.2631226
87162,0.24291992,-2.5067139,1.2484741
87163,0.45181274,-2.3410034,1.0723877
87164,0.42266846,-2.1990967,1.2124634
87165,0.47027588,-2.3710632,1.0559082
87166,0.43533325,-2.3640442,0.99609375
87167,0.69351196,-2.3794556,1.0792541
87168,0.56182861,-2.3271179,0.94299316
87169,0.68069458,-2.5997925,0.77026367
87170,0.70648193,-2.5157166,0.7901001
87171,0.79620361,-2.4264526,0.88592529
87172,0.96923828,-2.4757385,0.77606201
87173,1.053772,-2.3921204,0.54397583
87174,0.9538269,-2.3466492,0.53222656
87175,0.85784912,-2.1600342,0.49346924
87176,0.97381592,-2.2909546,0.49316406
87177,0.95703125,-2.1862793,0.56304932
87178,1.0192871,-2.2331238,0.46569824
87179,1.0888672,-2.1490479,0.3062439
87180,1.1898804,-2.1203613,0.2835083
87181,1.210022,-2.24823,0.25177002
87182,1.2583923,-2.2128296,0.16113281
87183,1.2712097,-2.3252869,0.27587891
87184,1.3571167,-2.121582,0.31524658
87185,1.2261963,-2.0762634,0.20233154
87186,1.3580322,-2.1151733,0.058746338
87187,1.4160156,-2.0777893,-0.070343018
87188,1.3366699,-2.0095825,-0.13458252
87189,1.3746643,-1.8946838,-0.1852417
87190,1.3789368,-1.9004822,-0.23956299
87191,1.4959717,-1.7739868,-0.26702881
87192,1.2931824,-1.7405701,-0.29754639
87193,1.2101746,-1.8405151,-0.30838013
87194,1.3600159,-1.7460632,-0.36834717
87195,1.4160156,-1.7076111,-0.34179688
87196,1.4401245,-1.6246033,-0.3314209
87197,1.3192749,-1.6351318,-0.37094116
87198,1.3792419,-1.5830994,-0.52764893
87199,1.1688232,-1.4724731,-0.60928345
87200,1.2319946,-1.2057495,-0.84197998
87201,1.2930298,-1.3012695,-0.70602417
87202,1.3980103,-1.2631226,-0.78781128
87203,1.2712097,-1.1445618,-0.93017578
87204,1.3249207,-1.1340332,-0.97351074
87205,1.2860107,-1.1636353,-1.1817932
87206,1.317749,-1.4346313,-0.89187622
87207,1.3291931,-0.96633911,-1.0241699
87208,1.2915039,-0.87936401,-1.0084534
87209,1.3088989,-0.79864502,-1.1631775
87210,1.3046265,-0.65063477,-1.2528992
87211,1.3076782,-0.66818237,-1.2686157
87212,1.3343811,-0.50033569,-1.2741089
87213,1.126709,-0.40786743,-1.2628174
87214,1.1172485,-0.46127319,-1.1790466
87215,1.0127258,-0.39810181,-1.2800598
87216,1.0241699,-0.51208496,-1.2451172
87217,0.91491699,-0.37689209,-1.1625671
87218,1.0113525,-0.25131226,-1.3034058
87219,1.0142517,-0.084838867,-1.3360596
87220,0.98388672,-0.17547607,-1.3363647
87221,0.92468262,0.07019043,-1.4123535
87222,0.79742432,0.30792236,-1.5405273
87223,0.72845459,0.56518555,-1.6165161
87224,0.72479248,0.036773682,-1.5922546
87225,0.62088013,0.27664185,-1.5283203
87226,0.56884766,0.21118164,-1.4691162
87227,0.63110352,0.35675049,-1.539917
87228,0.63400269,0.36911011,-1.3563538
87229,0.50918579,0.45227051,-1.3943481
87230,0.40924072,0.29510498,-1.4694214
87231,0.42541504,0.53497315,-1.439209
87232,0.5329895,0.33477783,-1.3711548
87233,0.32409668,0.26290894,-1.4794922
87234,0.24581909,0.13763428,-1.4398193
87235,0.27160644,0.51391602,-1.1807251
87236,0.18249512,0.45959473,-1.3375854
87237,0.019378662,0.78903198,-1.8023682
87238,-0.042419434,0.87615967,-1.391449
87239,0.016784668,1.008606,-1.4172363
87240,-0.094146729,1.0961914,-1.3911438
87241,-0.053100586,1.0069275,-1.411438
87242,-0.15396118,0.96511841,-1.3970947
87243,-0.23376465,0.88516235,-1.2670898
87244,-0.43304443,1.0696411,-1.2001038
87245,-0.31326294,0.99380493,-1.1123657
87246,-0.34896851,1.0536194,-1.1907959
87247,-0.54473877,1.1206055,-1.2786865
87248,-0.546875,1.335144,-1.2098694
87249,-0.67276001,1.3156128,-1.1169434
87250,-0.62652588,1.3439941,-1.2559509
87251,-0.84197998,1.5342712,-1.0612488
87252,-0.97366333,1.5707397,-0.99105835
87253,-0.93719482,1.5106201,-1.0087585
87254,-0.92193603,1.3128662,-1.1508179
87255,-1.0992432,1.4482117,-0.90545654
87256,-0.95535278,1.4578247,-0.86608887
87257,-1.1328125,1.360321,-0.9487915
87258,-1.0983276,1.4830017,-0.7434082
87259,-1.134491,1.4694214,-0.76004028
87260,-1.1914063,1.4692688,-0.61035156
87261,-1.204071,1.3696289,-0.63201904
87262,-1.3401794,1.2878418,-0.48492432
87263,-1.4634705,1.3111877,-0.46585083
87264,-1.5542603,1.5350342,-0.60974121
87265,-1.5574646,1.5093994,-0.55328369
87266,-1.4555359,1.5167236,-0.41885376
87267,-1.5209961,1.4671326,-0.2897644
87268,-1.5974426,1.4888,-0.24902344
87269,-1.628418,1.474762,-0.30899048
87270,-1.6598511,0.85998535,-0.27587891
87271,-1.7823791,1.2612915,-0.11947632
87272,-1.8902588,1.4471436,0.053710938
87273,-1.9207764,1.4349365,0.028076172
87274,-1.7945862,1.1878967,0.064086914
87275,-1.958313,1.4242554,0.08392334
87276,-2.0571899,1.2094116,0.60806274
87277,-1.8341064,1.2905884,0.25756836
87278,-2.0307922,1.2431335,0.2331543
87279,-2.102356,1.309967,0.41687012
87280,-2.1763611,1.1012268,0.55206299
87281,-1.968689,1.0961914,0.60836792
87282,-2.0262146,1.108551,0.4814148
87283,-2.0980835,1.1138916,0.62042236
87284,-2.2055054,0.92132568,0.48156738
87285,-2.3757935,0.93338013,0.51239014
87286,-2.348938,0.91278076,0.76782227
87287,-2.256012,0.887146,0.69107056
87288,-2.2291565,0.95687866,0.68405151
87289,-2.2134399,0.97930908,0.8493042
87290,-2.3558044,0.83206177,0.71731567
87291,-2.3713684,0.76263428,1.0429382
87292,-2.3420715,0.72540283,1.063385
87293,-2.1362305,0.70449829,1.089325
87294,-2.2364807,0.58425903,1.1141968
87295,-2.3080444,0.75775147,1.2559509
87296,-2.2808838,0.6048584,1.2902832
87297,-2.2834778,0.47454834,1.3298035
87298,-2.1641541,0.58425903,1.2719727
87299,-2.2402954,0.45089722,1.3876343
87300,-2.297821,0.38360596,1.3858032
87301,-2.3590088,0.25848389,1.1877441
87302,-2.3130798,0.27252197,1.3420105
87303,-2.394104,0.1739502,1.1962891
87304,-2.1627808,0.11276245,1.3485718
87305,-2.3017883,-0.083465576,1.6558838
87306,-2.328949,-0.020446777,1.6572571
87307,-2.1644592,-0.25863647,1.7103577
87308,-2.2944641,-0.22277832,1.7434692
87309,-2.1885681,-0.38131714,1.7658997
87310,-2.0181274,-0.31295776,1.7755127
87311,-2.1875,-0.418396,1.7819214
87312,-1.9726563,-0.78674316,1.9064331
87313,-2.171936,-0.54458618,1.8234253
87314,-2.0819092,-0.58883667,2.0062256
87315,-2.0040894,-0.61553955,1.9154358
87316,-1.938324,-0.69992065,1.9335938
87317,-1.9551086,-0.89584351,2.04422
87318,-2.0483398,-1.0017395,2.0159912
87319,-1.8965149,-0.88821411,2.0291138
87320,-2.0344543,-0.86425781,2.0057678
87321,-1.9448853,-1.0197449,2.1870422
87322,-1.8870544,-1.0783386,1.9544983
87323,-1.7304993,-1.1991882,1.9979858
87324,-1.8061829,-1.3343811,1.9902039
87325,-1.7359924,-1.3282776,2.0307922
87326,-1.663208,-1.5237427,1.9940186
87327,-1.5762329,-1.4395142,1.9924927
87328,-1.6104126,-1.3858032,2.0758057
87329,-1.2850952,-1.4401245,2.0848083
87330,-1.459198,-1.4718628,2.2384644
87331,-1.4224243,-1.6218567,1.990509
87332,-1.322937,-1.5379334,1.8585205
87333,-1.184845,-1.6705322,2.0059204
87334,-1.1795044,-1.9697571,1.8293762
87335,-1.0821533,-1.9654846,2.0999146
87336,-1.1247253,-1.6621399,2.1722412
87337,-1.0403442,-1.8748474,1.9778442
87338,-0.81756592,-1.8972778,2.0552063
87339,-0.82839966,-1.8133545,2.069397
87340,-0.82275391,-1.9674683,2.053833
87341,-0.78323364,-2.0358276,2.0143127
87342,-0.70922852,-2.0758057,1.9831848
87343,-0.64331055,-2.0295715,1.9599915
87344,-0.56564331,-2.0056152,1.9541931
87345,-0.48583984,-2.0217896,1.8504334
87346,-0.5418396,-2.1643066,1.8904114
87347,-0.49438477,-2.3098755,1.8804932
87348,-0.44311523,-2.3898315,1.8403625
87349,-0.30990601,-2.4961853,1.7352295
87350,-0.28381348,-2.4568176,1.685791
87351,-0.14160156,-2.4212646,1.6079712
87352,-0.093536377,-2.4938965,1.6346741
87353,-0.18005371,-2.5215149,1.6993713
87354,0.004577637,-2.5834656,1.5213013
87355,-0.004425049,-2.5694275,1.5791321
87356,0.15777588,-2.6210022,1.5315247
87357,0.13656616,-2.6153564,1.5579224
87358,0.12252808,-2.636261,1.3739014
87359,0.27297974,-2.4981689,1.3766479
87360,0.41595459,-2.4755859,1.4080811
87361,0.46829224,-2.4739075,1.1843872
87362,0.46783447,-2.4578857,1.1616516
87363,0.42800903,-2.2909546,1.0821533
87364,0.39749145,-2.4902344,1.2332153
87365,0.55892944,-2.4577332,0.99761963
87366,0.74859619,-2.3731995,0.912323
87367,0.67932129,-2.4380493,0.79971313
87368,0.65505981,-2.6016235,0.90637207
87369,0.74676514,-2.4977112,0.9866333
87370,0.92193603,-2.4490356,1.0275269
87371,0.73806763,-2.3327637,0.78826904
87372,0.79956055,-2.3854065,0.67276001
87373,0.9147644,-2.5041199,0.49240112
87374,0.95336914,-2.1887207,0.46875
87375,0.80093384,-2.2801208,0.50872803
87376,0.87356567,-2.1524048,0.40008545
87377,0.91583252,-2.3309326,0.36605835
87378,0.93856812,-2.3017883,0.35644531
87379,1.1367798,-2.300415,0.064697266
87380,1.0896301,-2.1716309,0.074615479
87381,1.3250732,-2.124176,0.037994385
87382,1.1605835,-2.1525574,-0.12207031
87383,1.2347412,-2.3054504,-0.071563721
87384,1.2434387,-2.1740723,0.10528565
87385,1.3067627,-2.0684814,-0.29479981
87386,1.272583,-2.1134949,-0.2722168
87387,1.4483643,-1.8765259,0.035095215
87388,1.3423157,-2.0326233,-0.076599121
87389,1.272583,-1.9264221,-0.33538818
87390,1.4624023,-1.8774414,-0.42861939
87391,1.3121033,-1.806488,-0.63552856
87392,1.3726807,-1.8054199,-0.50262451
87393,1.4280701,-1.6473389,-0.55892944
87394,1.4146423,-1.5597534,-0.64727783
87395,1.484375,-1.4712524,-0.7144165
87396,1.5026855,-1.5209961,-0.72021484
87397,1.3549805,-1.4289856,-0.70999146
87398,1.5336609,-1.3114929,-0.80459595
87399,1.2915039,-1.3818359,-0.77209473
87400,1.3339233,-1.1837769,-0.78414917
87401,1.3204956,-1.3110352,-0.77438354
87402,1.3586426,-1.2200928,-0.73944092
87403,1.5002441,-1.0253906,-0.78811646
87404,1.3969421,-1.1074829,-0.99411011
87405,1.4526367,-0.83831787,-1.0742188
87406,1.4273071,-0.72006226,-1.2576294
87407,1.2878418,-0.56503296,-1.1019897
87408,1.2435913,-0.60913086,-0.97366333
87409,1.2341309,-0.59967041,-1.0580444
87410,1.1576843,-0.51589966,-1.2112427
87411,1.0319519,-0.41427612,-1.1726379
87412,1.1016846,-0.4826355,-1.2327576
87413,1.1602783,-0.40176392,-1.3568115
87414,1.0687256,-0.30731201,-1.2882996
87415,1.1297607,-0.42068481,-1.4494324
87416,1.1102295,-0.32394409,-1.4312744
87417,0.94024658,-0.28884888,-1.3972473
87418,0.98297119,-0.20202637,-1.2469482
87419,0.92132568,-0.25970459,-1.4099121
87420,0.93856812,-0.23239136,-1.242981
87421,0.78536987,-0.42510986,-1.5914917
87422,0.71609497,-0.86425781,-1.6572571
87423,0.75195313,-0.65505981,-1.5048218
87424,0.65704346,0.29846191,-1.5621948
87425,0.74356079,0.26031494,-1.7167664
87426,0.76644897,0.33950806,-1.5264893
87427,0.66955566,0.2482605,-1.6482544
87428,0.65582275,0.45791626,-1.4509583
87429,0.44815064,0.57373047,-1.4021301
87430,0.47210693,0.53863525,-1.4823914
87431,0.43426514,0.61309815,-1.5722656
87432,0.34225464,0.64819336,-1.620636
87433,0.27877808,0.68969727,-1.6026306
87434,0.2053833,0.71380615,-1.4480591
87435,0.26367188,0.84594727,-1.5480041
87436,0.073699951,0.78842163,-1.5776062
87437,-0.082702637,0.93978882,-1.3139343
87438,0.009918213,0.90744019,-1.2626648
87439,-0.024261475,0.97991943,-1.4183044
87440,-0.004272461,1.0069275,-1.4225769
87441,-0.27832031,1.0612488,-1.2486267
87442,-0.32485962,0.9022522,-1.2367249
87443,-0.31814575,1.04599,-1.1776733
87444,-0.46905518,1.1651611,-1.2683105
87445,-0.5065918,1.09375,-1.0102844
87446,-0.54656982,1.3069153,-1.0769653
87447,-0.70068359,1.2512207,-1.1018372
87448,-0.58197022,1.4224243,-1.1080933
87449,-0.78552246,1.2718201,-1.0101318
87450,-0.72235107,1.1688232,-1.0943604
87451,-0.7711792,1.1941528,-1.1482239
87452,-0.84762573,1.166687,-1.0699463
87453,-1.078949,1.2554932,-0.99533081
87454,-1.2522888,1.4131165,-1.0775757
87455,-1.1160278,1.3806152,-0.93795776
87456,-1.1682129,1.383667,-0.88607788
87457,-1.1061096,1.4678955,-0.70907593
87458,-1.1643982,1.3319397,-0.66101074
87459,-1.2129211,1.395874,-0.60409546
87460,-1.3269043,1.4535522,-0.55267334
87461,-1.3670349,1.4253235,-0.45379639
87462,-1.4044189,1.4755249,-0.42892456
87463,-1.4430237,1.4892578,-0.35095215
87464,-1.474762,1.4813232,-0.32058716
87465,-1.5263367,1.5441895,-0.25299072
87466,-1.647644,1.4735413,-0.2293396
87467,-1.7004395,1.2875366,-0.35980225
87468,-1.6748047,1.4318848,-0.31402588
87469,-1.8966675,1.5827942,-0.33065796
87470,-1.7573547,1.5805054,0.10772705
87471,-1.9067383,1.3864136,-0.004577637
87472,-1.8496704,1.5440369,0.096130371
87473,-1.9416809,1.3275146,-0.028076172
87474,-1.842041,1.3809204,0.17074585
87475,-1.9065857,1.2724304,0.27435303
87476,-1.9068909,1.3232422,0.21087647
87477,-1.9692993,1.2185669,0.29998779
87478,-2.0037842,1.1830139,0.27236939
87479,-1.9789124,0.94451904,0.36560059
87480,-1.9607544,1.0542297,0.57434082
87481,-2.0957947,1.0510254,0.47821045
87482,-2.1080017,0.96405029,0.56671143
87483,-2.0759583,1.0044861,0.67504883
87484,-2.1051025,1.0281372,0.69900513
87485,-2.1064758,0.95520019,0.7572937
87486,-2.1209717,0.99273682,0.81588745
87487,-2.1247864,0.88973999,0.85845947
87488,-2.1220398,0.89523315,0.88531494
87489,-2.1757507,0.859375,0.8354187
87490,-2.155304,0.6451416,0.86273193
87491,-2.2389221,0.70800781,1.0694885
87492,-2.2216797,0.64956665,1.0112
87493,-2.2866821,0.56442261,1.0414124
87494,-2.434082,0.4335022,1.3587952
87495,-2.3635864,0.55267334,1.3067627
87496,-2.3529053,0.32073975,1.3143921
87497,-2.4433899,0.27404785,1.3027954
87498,-2.2587585,0.25497436,1.4117432
87499,-2.2189331,0.16357422,1.5473938
87500,-2.3226929,0.00869751,1.537323
87501,-2.2689819,-0.004882813,1.5841675
87502,-2.2644043,-0.095672607,1.6381836
87503,-2.1891785,-0.096588135,1.7286682
87504,-2.1696472,-0.068359375,1.6809082
87505,-2.2241211,-0.20629883,1.6654968
87506,-2.2363281,-0.27740478,1.6601563
87507,-2.0039368,-0.29296875,1.8066406
87508,-2.0558167,-0.32012939,1.9003296
87509,-1.9638062,-0.38375855,1.7724609
87510,-2.2160339,-0.55831909,1.6946411
87511,-1.8470764,-0.52062988,1.7512512
87512,-2.0870972,-0.6716919,1.7866516
87513,-1.960907,-0.63781738,1.7472839
87514,-1.8580627,-0.884552,1.8135071
87515,-1.8966675,-0.79376221,1.864624
87516,-1.8170166,-0.91873169,1.6751099
87517,-1.774292,-1.0614014,1.9114685
87518,-1.6172791,-1.0920715,1.8652344
87519,-1.6690063,-1.1701965,1.8052673
87520,-1.7315674,-1.2309265,1.7736816
87521,-1.640625,-1.1853027,1.8487549
87522,-1.6880798,-1.1816406,1.9749451
87523,-1.9152832,-1.3240051,1.8701172
87524,-1.6339111,-1.3574219,1.7446899
87525,-1.5319824,-1.418457,1.6799927
87526,-1.5635681,-1.4598084,1.7050171
87527,-1.3699341,-1.5534973,1.9885254
87528,-1.3999939,-1.4065552,2.0622253
87529,-1.3514709,-1.4160156,1.9148254
87530,-1.3423157,-1.4434814,1.9616699
87531,-1.0932922,-1.5530396,1.9711304
87532,-1.1776733,-1.9018555,2.1510315
87533,-0.98587036,-1.9607544,2.06604
87534,-1.0253906,-1.9692993,1.914978
87535,-0.99182129,-1.9073486,1.5466309
87536,-0.9262085,-2.0606995,1.7404175
87537,-0.82305908,-2.0324707,2.0761108
87538,-0.72784424,-2.0629883,1.4837646
87539,-0.68145752,-2.0530701,1.5255737
87540,-0.63415527,-2.0370483,1.9528198
87541,-0.53863525,-1.9975281,1.8141174
87542,-0.45135498,-1.9612122,1.9000244
87543,-0.54260254,-2.0811462,1.8127441
87544,-0.31707764,-2.0970154,1.8589783
87545,-0.45272827,-2.2616577,1.8666077
87546,-0.3024292,-2.3103333,1.6564941
87547,-0.30944824,-2.2000122,1.7958069
87548,-0.29434204,-2.3606873,1.7138672
87549,-0.15075684,-2.3164368,1.6200256
87550,-0.10223389,-2.2251892,1.6856384
87551,-0.049438477,-2.2981262,1.5005493
87552,-0.011444092,-2.2369385,1.6690063
87553,0.083007813,-2.2612,1.6122437
87554,0.16647339,-2.2790527,1.5568542
87555,0.19470215,-2.3986816,1.4242554
87556,0.33050537,-2.2970581,1.4016724
87557,0.15380859,-2.3402405,1.2953186
87558,0.31585693,-2.5178528,1.1912537
87559,0.22689819,-2.3876953,1.1715698
87560,0.40130615,-2.3638916,1.0427856
87561,0.48339844,-2.4093628,1.1154175
87562,0.53115845,-2.3719788,1.0641479
87563,0.45288086,-2.4620056,1.0205078
87564,0.56640625,-2.4264526,0.77438354
87565,0.63232422,-2.4479675,0.7144165
87566,0.675354,-2.5350952,0.47317505
87567,0.86181641,-2.4093628,0.74523926
87568,0.753479,-2.3942566,0.82839966
87569,0.82366943,-2.3379517,0.83618164
87570,0.99746704,-2.2021484,0.73623657
87571,0.86227417,-2.4003601,0.48217773
87572,0.91583252,-2.3321533,0.49560547
87573,0.93856812,-2.3608398,0.40878296
87574,0.97244263,-2.2967529,0.33493042
87575,1.1022949,-2.4360657,0.42190552
87576,1.2103271,-2.2232056,0.38131714
87577,1.2010193,-2.2009277,0.32424927
87578,1.0258484,-2.2819519,0.10116577
87579,1.2088013,-2.1534729,0.19454956
87580,1.1798096,-1.9754028,0.18936157
87581,1.2228394,-2.0318604,0.084075928
87582,1.1381531,-1.8527222,-0.11993408
87583,1.3505554,-1.8847656,-0.25146484
87584,1.330719,-1.7840576,-0.068359375
87585,1.2652588,-1.7929077,-0.19790649
87586,1.2408447,-1.9406128,-0.1499939
87587,1.3729858,-1.9975281,-0.22827148
87588,1.366272,-1.6574097,-0.25863647
87589,1.4489746,-1.5937805,-0.33859253
87590,1.2931824,-1.6299438,-0.26687622
87591,1.2915039,-1.6114807,-0.25726318
87592,1.3737488,-1.4544678,-0.44845581
87593,1.3569641,-1.5795898,-0.61569214
87594,1.3250732,-1.5185547,-0.61080933
87595,1.2205505,-1.396637,-0.62194824
87596,1.4091492,-1.2301636,-0.6187439
87597,1.159668,-1.1349487,-0.7081604
87598,1.1560059,-1.1953735,-0.68481445
87599,1.1474609,-1.1323547,-0.7498169
87600,1.2150574,-1.0855103,-0.91674805
87601,1.1981201,-1.0881042,-0.92651367
87602,1.1012268,-0.86593628,-0.89385986
87603,1.1610413,-0.82580566,-0.85647583
87604,1.1654663,-0.80627441,-1.0203552
87605,1.2528992,-0.72631836,-1.0519409
87606,1.1068726,-0.54016113,-1.0140991
87607,1.1689758,-0.60791016,-1.116333
87608,1.2553406,-0.58746338,-1.2796021
87609,1.0722351,-0.49179077,-1.2712097
87610,1.0211182,-0.57373047,-1.2721252
87611,1.1254883,-0.52932739,-1.2530518
87612,1.0525513,-0.40267944,-1.2466431
87613,1.0095215,-0.28671265,-1.2702942
87614,0.94787598,-0.24459839,-1.2101746
87615,0.92102051,-0.16220093,-1.3056946
87616,0.80673218,-0.28167725,-1.1984253
87617,0.97991943,-0.17501831,-1.2644959
87618,0.71578979,-0.18630981,-1.2800598
87619,0.84182739,-0.62820435,-1.2236023
87620,0.7194519,-0.24093628,-1.3381958
87621,0.62438965,-0.001525879,-1.3815308
87622,0.6111145,-0.20431519,-1.3237
87623,0.47332764,-0.088500977,-1.2792969
87624,0.41473389,-0.2053833,-1.3201904
87625,0.53329468,0.17166138,-1.2832642
87626,0.38024902,0.31295776,-1.3761902
87627,0.46661377,0.46539307,-1.2664795
87628,0.33340454,0.37628174,-1.2258911
87629,0.29220581,0.48034668,-1.3842773
87630,0.23330688,0.28564453,-1.3925171
87631,0.34545898,0.64376831,-1.269989
87632,0.15365601,0.56533813,-1.3746643
87633,0.018768311,0.68008423,-1.2231445
87634,0.022583008,0.70281982,-1.2750244
87635,-0.091705322,0.86456299,-1.2890625
87636,-0.16235352,0.79925537,-1.2069702
87637,-0.23193359,0.97335815,-1.3702393
87638,-0.18753052,0.80963135,-1.2156677
87639,-0.20477295,0.87478638,-1.1045837
87640,-0.47058106,0.99624634,-1.2313843
87641,-0.39230347,1.0461426,-1.3621521
87642,-0.42312622,1.0450745,-1.1987305
87643,-0.42999268,1.2287903,-1.0646057
87644,-0.58288574,1.192627,-1.0800171
87645,-0.5960083,1.3287354,-1.1001587
87646,-0.62469482,2.0718384,-0.87280273
87647,-0.77697754,1.6065979,-1.0293579
87648,-0.85983276,2.1775818,-0.7975769
87649,-0.80337524,1.6644287,-0.93322754
87650,-0.63308716,1.3319397,-0.79162598
87651,-0.79177856,1.3471985,-0.77697754
87652,-0.86578369,1.3128662,-0.93444824
87653,-0.89355469,1.2580872,-0.83068848
87654,-0.96343994,1.3381958,-0.74127197
87655,-1.0461426,1.3473511,-0.71212769
87656,-1.0879517,1.3128662,-0.70587158
87657,-1.1180115,1.3146973,-0.71289063
87658,-1.1820984,1.3470459,-0.72555542
87659,-1.3342285,1.2687683,-0.48233032
87660,-1.3279724,1.222229,-0.38543701
87661,-1.3243103,1.242218,-0.41763306
87662,-1.3841248,0.93704224,-0.59066772
87663,-1.4637756,1.1221313,-0.31204224
87664,-1.5719604,1.2597656,-0.23071289
87665,-1.6532898,1.3626099,-0.23986816
87666,-1.5496826,1.2976074,-0.24414063
87667,-1.6490173,1.1965942,-0.10757446
87668,-1.7164612,1.1915588,-0.26245117
87669,-1.7030334,1.2158203,-0.059356689
87670,-1.6911316,1.1488342,-0.17166138
87671,-1.7010498,1.2579346,-0.013122559
87672,-1.7715454,1.1947632,0.19866943
87673,-1.7448425,1.2313843,0.2381897
87674,-1.9381714,1.083374,0.41427612
87675,-1.9122314,1.1138916,0.36026001
87676,-2.008667,1.0446167,0.35797119
87677,-1.9833374,1.058197,0.46859741
87678,-1.9947815,0.95565796,0.29937744
87679,-2.0809937,0.96343994,0.48828125
87680,-2.2174072,0.86120606,0.65170288
87681,-2.0986938,0.96435547,0.58624268
87682,-1.9999695,0.89508057,0.69259644
87683,-2.2166443,0.9185791,0.84182739
87684,-2.119751,0.71960449,0.76049805
87685,-2.0252991,0.95489502,0.96237183
87686,-2.2233582,0.79162598,0.74066162
87687,-2.1426392,0.62774658,0.9954834
87688,-2.190094,0.61309815,0.94299316
87689,-2.1063232,0.5935669,0.96984863
87690,-2.0306396,0.546875,1.0671997
87691,-2.116394,0.48278809,1.1706543
87692,-2.0449829,0.36148071,1.1535645
87693,-2.0587158,0.25741577,1.1607361
87694,-2.046814,0.22735596,1.1914063
87695,-2.081604,0.16845703,1.2106323
87696,-2.0458984,0.18341065,1.2817383
87697,-2.0727539,0.12191773,1.2548828
87698,-2.0701599,0.037841797,1.2380981
87699,-2.081604,-0.06942749,1.3931274
87700,-2.1420288,-0.20385742,1.5899658
87701,-1.9026184,-0.23757935,1.4575195
87702,-2.0140076,-0.48065186,1.5293884
87703,-1.9644165,-0.33386231,1.5539551
87704,-1.9374084,-0.5581665,1.519928
87705,-2.0269775,-0.71731567,1.6772461
87706,-1.9367981,-0.83496094,1.5682983
87707,-1.9483948,-0.83938599,1.6003418
87708,-1.8981934,-0.75210571,1.6159058
87709,-1.8858337,-0.859375,1.7530823
87710,-1.8515015,-0.98236084,1.9551086
87711,-1.9509888,-0.9576416,1.7526245
87712,-1.8170166,-1.3021851,1.7434692
87713,-1.809845,-1.2197876,1.8875122
87714,-1.6763306,-0.98968506,2.069397
87715,-1.7434692,-1.0554504,1.8515015
87716,-1.7762756,-1.1116028,1.6221619
87717,-1.5689087,-1.1125183,1.9436646
87718,-1.6867065,-1.2437439,1.8740845
87719,-1.655426,-1.3703918,1.8981934
87720,-1.5664673,-1.5144348,1.8681335
87721,-1.4581299,-1.5319824,1.6943359
87722,-1.4045715,-1.3430786,1.990509
87723,-1.40625,-1.4823914,1.885376
87724,-1.3124084,-1.5330505,1.7211914
87725,-1.1804199,-1.4500427,1.940918
87726,-1.2564087,-1.5827942,1.7683411
87727,-1.2670898,-1.6421509,1.7961121
87728,-1.0324097,-1.5966797,1.9244385
87729,-1.0993958,-1.6178894,1.8107605
87730,-0.97229004,-1.8661499,1.9226074
87731,-0.83755493,-1.7268372,1.9363403
87732,-0.78536987,-1.8557739,1.882019
87733,-0.85189819,-1.9503784,1.5576172
87734,-0.81558228,-1.9468689,1.7254639
87735,-0.67108154,-2.1054077,1.7532349
87736,-0.72067261,-2.0193481,1.6314697
87737,-0.73577881,-2.0925903,1.5281677
87738,-0.53100586,-1.9494629,1.6342163
87739,-0.3968811,-2.0115662,1.7855835
87740,-0.50720215,-1.341095,1.6430664
87741,-0.52093506,-1.7446899,1.6552734
87742,-0.4196167,-1.7912292,1.7492676
87743,-0.40924072,-2.0524597,1.701355
87744,-0.33432007,-2.3225403,1.5309143
87745,-0.12435913,-2.4688721,1.5637207
87746,-0.13153076,-2.2857666,1.7863464
87747,-0.10467529,-2.1229553,1.7160034
87748,-0.007171631,-2.3092651,1.4723206
87749,0.000610352,-2.265625,1.4923096
87750,0.086212158,-2.2926331,1.5075684
87751,0.19943237,-2.2547913,1.3082886
87752,0.17868042,-1.7178345,1.3491821
87753,0.10513306,-1.6955566,1.2483215
87754,0.20599365,-1.9340515,1.1387634
87755,0.31005859,-2.3478699,1.0108948
87756,0.48568726,-2.2328186,1.0795593
87757,0.42755127,-2.1588135,1.098938
87758,0.48156738,-2.1508789,0.99487305
87759,0.59249878,-2.0484924,1.1224365
87760,0.58700562,-2.2033691,0.84030151
87761,0.60012817,-2.1298218,0.75439453
87762,0.49301147,-1.9636536,0.8253479
87763,0.71228027,-2.0046997,0.76965332
87764,0.73959351,-2.0150757,0.49346924
87765,0.8505249,-2.1554565,0.5545044
87766,0.76629639,-1.4437866,0.6954956
87767,0.91064453,-1.5678406,0.40588379
87768,0.91323853,-1.829834,0.50598144
87769,0.8833313,-1.9111633,0.46447754
87770,0.8996582,-2.1369934,0.33950806
87771,0.9451294,-2.2593689,0.36407471
87772,0.96679688,-2.144165,0.34057617
87773,0.8303833,-2.3777771,0.19042969
87774,1.0421753,-2.2640991,0.12954712
87775,1.0192871,-2.2897339,0.1751709
87776,0.99563599,-2.2471619,0.1638794
87777,1.1105347,-1.93573,-0.13122559
87778,1.2062073,-2.0516968,-0.10177612
87779,1.0784912,-1.9242859,-0.26062012
87780,1.0980225,-1.9689941,-0.28213501
87781,1.1608887,-2.0518494,-0.21911621
87782,1.2133789,-1.8334961,-0.35766602
87783,1.3484192,-1.73172,-0.24414063
87784,1.1853027,-1.6007996,-0.22003174
87785,1.1933899,-1.6943359,-0.2885437
87786,1.1236572,-1.6040039,-0.42541504
87787,1.0046387,-1.5020752,-0.33157349
87788,1.1529541,-1.0231018,-0.5607605
87789,1.1506653,-1.2432861,-0.51849365
87790,1.217804,-1.325531,-0.70541382
87791,1.2623596,-1.18927,-0.73135376
87792,1.1393738,-1.0691834,-0.51895142
87793,1.0954285,-1.1192322,-0.72982788
87794,1.1323547,-1.005249,-0.71548462
87795,1.1605835,-1.0675049,-0.91964722
87796,1.1827087,-1.0037231,-0.96038818
87797,1.030426,-0.94696045,-0.90652466
87798,1.0949707,-0.86364746,-0.98937988
87799,1.0795593,-0.79086304,-1.027832
87800,1.1120605,-0.71105957,-1.2139893
87801,1.1068726,-0.60150147,-0.98831177
87802,1.0568237,0.14511108,-0.94345093
87803,1.0209656,0.43075561,-1.4675903
87804,1.0354614,-0.38619995,-1.2391663
87805,0.94970703,-0.44662476,-1.2367249
87806,0.98999023,-0.4637146,-1.2333679
87807,0.87844849,-0.42221069,-1.1914063
87808,0.86425781,-0.4347229,-1.2234497
87809,0.82565308,-0.26107788,-1.2573242
87810,0.7888794,-0.30517578,-1.2901306
87811,0.80276489,-0.11047363,-1.321106
87812,0.83984375,-0.024261475,-1.333313
87813,0.77301025,-0.061187744,-1.545105
87814,0.79116821,-0.45440674,-1.3404846
87815,0.61096191,-0.073242188,-1.4367676
87816,0.54855347,-0.083618164,-1.2481689
87817,0.62545776,0.13397217,-1.1869812
87818,0.34332275,0.18890381,-1.0588074
87819,0.46173096,0.27801514,-1.2731934
87820,0.25482178,0.32669067,-1.1207581
87821,0.284729,1.8745422,-1.3499451
87822,0.43121338,1.812439,-1.4465332
87823,0.19302368,1.710968,-1.1779785
87824,0.14343262,0.44189453,-1.2150574
87825,0.13977051,0.45715332,-1.2104797
87826,-0.043640137,0.42602539,-1.1683655
87827,0.039520264,0.49041748,-1.2846375
87828,-0.003509521,0.47927856,-1.3320923
87829,-0.11642456,2.2039795,-1.1947632
87830,-0.063018799,1.5026855,-1.1755371
87831,-0.12573242,1.0614014,-1.2750244
87832,-0.340271,1.0047913,-1.1978149
87833,-0.24368286,0.86975098,-1.0664368
87834,-0.30685425,0.72418213,-1.0482788
87835,-0.39627075,0.72647095,-1.0592651
87836,-0.37399292,0.80230713,-1.0678101
87837,-0.41122436,0.79162598,-0.95336914
87838,-0.51345825,0.57861328,-0.96008301
87839,-0.68695068,0.81802368,-0.90713501
87840,-0.77819824,1.0455322,-1.0949707
87841,-0.599823,1.0375977,-0.87341309
87842,-0.57907104,1.1193848,-0.80978394
87843,-0.8291626,0.55969238,-0.91094971
87844,-0.88882446,0.88516235,-0.77377319
87845,-0.97763062,1.0139465,-0.77972412
87846,-1.0362244,0.95809937,-0.79238892
87847,-0.95901489,0.98358154,-0.59341431
87848,-1.0430908,0.81893921,-0.58639526
87849,-1.0908508,1.1671448,-0.56060791
87850,-1.1773682,1.2239075,-0.47241211
87851,-1.2568665,1.0194397,-0.42144775
87852,-1.3032532,0.96694946,-0.35507202
87853,-1.4021301,1.2742615,-0.28778076
87854,-1.3536072,1.1410522,-0.32287598
87855,-1.414032,1.2194824,-0.3024292
87856,-1.5415955,2.8466797,-0.074005127
87857,-1.522522,1.6778564,-0.24215698
87858,-1.6928101,0.87158203,-0.32287598
87859,-1.6877747,0.97885132,-0.21270752
87860,-1.6546631,1.0829163,0.008239746
87861,-1.628418,1.1065674,0.018005371
87862,-1.7004395,1.1100769,-0.005645752
87863,-1.7202759,0.95458984,0.001220703
87864,-1.8203735,1.2033081,0.20782471
87865,-1.8437195,1.1010742,0.24719238
87866,-1.9573975,1.2060547,0.26184082
87867,-1.887207,1.0540771,0.26397705
87868,-1.8803406,0.84091187,0.519104
87869,-1.920166,0.68588257,0.13168335
87870,-1.8551636,0.79803467,0.37750244
87871,-2.0376587,0.26428223,0.44021606
87872,-2.0227051,0.80261231,0.59112549
87873,-1.8588257,0.8517456,0.62072754
87874,-1.9219971,0.85800171,0.68725586
87875,-2.0913696,0.21560669,0.76751709
87876,-2.1095276,0.28030395,0.77041626
87877,-2.0594788,0.1701355,0.85479736
87878,-2.0722961,-0.15625,0.96633911
87879,-1.9729614,-0.1411438,0.87356567
87880,-1.9920349,0.30059814,0.98175049
87881,-2.016449,0.53634644,1.0351563
87882,-2.1516418,0.2204895,0.88073731
87883,-2.0358276,-0.14129639,1.0281372
87884,-2.0004272,-0.029907227,1.0205078
87885,-1.9607544,-0.17776489,1.0978699
87886,-2.122345,-0.13366699,1.153717
87887,-2.071991,0.030670166,1.3023376
87888,-2.1554565,-0.14892578,1.2496948
87889,-2.1075439,-0.13290405,1.4343262
87890,-2.0024109,-0.057830811,1.428833
87891,-2.1859741,-0.035400391,1.4546204
87892,-2.1235657,-0.14709473,1.5579224
87893,-2.1710205,-0.28381348,1.5641785
87894,-2.0941162,-0.31387329,1.519928
87895,-2.0195007,-0.53543091,1.4659119
87896,-2.0643616,-0.78598022,1.4413452
87897,-1.9488525,-0.93719482,1.6708374
87898,-1.958313,-1.1633301,1.6247559
87899,-1.9555664,-0.82824707,1.8411255
87900,-1.9944763,-0.91537476,1.5536499
87901,-1.8608093,-1.4605713,1.7451477
87902,-1.8814087,-1.3201904,1.7199707
87903,-2.0092773,-1.473999,1.7591858
87904,-1.9282532,-1.2861633,1.8374634
87905,-1.8791199,-1.3420105,1.9441223
87906,-1.7855835,-1.6418457,1.8730164
87907,-1.6983032,-1.7300415,1.7958069
87908,-1.6183472,-1.7875671,1.9166565
87909,-1.6123962,-1.265564,2.0201111
87910,-1.6397095,-1.7318726,1.8243408
87911,-1.6929626,-1.491394,1.943512
87912,-1.5748596,-1.7799377,1.9599915
87913,-1.6227722,-1.4318848,2.0629883
87914,-1.46698,-2.1881104,2.0074463
87915,-1.3861084,-2.0555115,2.0869446
87916,-1.2745666,-2.1713257,2.2290039
87917,-1.3401794,-2.4124146,2.0181274
87918,-1.2153625,-2.4705505,2.0280457
87919,-1.1755371,-2.204895,2.053833
87920,-1.1901855,-2.2589111,2.035675
87921,-1.1912537,-1.9636536,2.1575928
87922,-0.90591431,-2.0425415,2.0375061
87923,-1.0388184,-1.8927002,1.978302
87924,-0.93597412,-1.9665527,1.9537354
87925,-0.99731445,-1.8377686,2.0419312
87926,-0.93139648,-1.9450378,1.7958069
87927,-0.9538269,-1.9389343,1.9837952
87928,-0.72631836,-2.0854187,1.8466187
87929,-0.60791016,-1.98349,1.8263245
87930,-0.61569214,-1.8415833,1.7706299
87931,-0.52932739,-1.973877,1.8765259
87932,-0.63781738,-2.2596741,1.9430542
87933,-0.38009644,-2.2381592,1.7713928
87934,-0.37597656,-2.2943115,1.8838501
87935,-0.45318603,-2.2253418,1.6926575
87936,-0.29418945,-2.2932434,1.4776611
87937,-0.1953125,-2.1382141,1.6860962
87938,-0.20965576,-2.1183777,1.4888
87939,-0.059356689,-2.2966003,1.5782166
87940,0.003967285,-2.2653198,1.7163086
87941,-0.074462891,-2.2517395,1.550293
87942,0.020599365,-2.3200989,1.5458679
87943,0.14007568,-2.3204041,1.5087891
87944,0.22583008,-2.371521,1.4318848
87945,0.20950317,-2.3503113,1.348114
87946,0.30609131,-2.3751831,1.3374329
87947,0.2986145,-2.5428772,1.2419128
87948,0.3944397,-2.4777222,1.1608887
87949,0.47088623,-2.4572754,1.1088562
87950,0.49865723,-2.5598145,1.0090637
87951,0.50628662,-2.5471497,0.9437561
87952,0.44281006,-2.3918152,0.99273682
87953,0.55984497,-2.2966003,0.85525513
87954,0.67443848,-2.3034668,0.81314087
87955,0.72128296,-2.3733521,0.7220459
87956,0.8543396,-2.3501587,0.65429688
87957,0.87615967,-2.3855591,0.64819336
87958,0.85418701,-2.3500061,0.59829712
87959,0.96862793,-2.2071838,0.57861328
87960,0.86456299,-2.2450256,0.56365967
87961,0.84411621,-2.2819519,0.53619385
87962,0.91583252,-2.225647,0.33111572
87963,1.0293579,-2.2523499,0.40512085
87964,0.89675903,-2.3802185,0.35140991
87965,1.0671997,-2.2970581,0.24841309
87966,1.1161804,-2.2117615,0.15579224
87967,1.0247803,-2.0974731,0.16815185
87968,1.1787415,-2.1899414,0.084381104
87969,1.0687256,-2.1206665,0.10879517
87970,1.14151,-1.9091797,-0.017547607
87971,1.25,-1.9108582,-0.024719238
87972,1.2796021,-1.8431091,-0.078887939
87973,1.3034058,-1.8534851,-0.14343262
87974,1.1798096,-1.7576599,-0.19088745
87975,1.1804199,-1.8814087,-0.27603149
87976,1.2452698,-1.6387939,-0.29891968
87977,1.4086914,-1.6825867,-0.24353027
87978,1.2756348,-1.6667175,-0.37475586
87979,1.1724854,-1.6769409,-0.41351318
87980,1.2411499,-1.5777588,-0.52886963
87981,1.4964294,-1.5144348,-0.39749145
87982,1.4477539,-1.5400696,-0.5670166
87983,1.5110779,-1.5090942,-0.53390503
87984,1.4175415,-1.456604,-0.68328857
87985,1.2374878,-1.4268494,-0.76980591
87986,1.3453674,-1.4764404,-0.85128784
87987,1.2367249,-1.28479,-0.70220947
87988,1.3269043,-1.0874939,-0.77468872
87989,1.1703491,-1.3066101,-0.87097168
87990,1.1981201,-0.69961548,-0.99105835
87991,1.2884521,-1.0264587,-1.0142517
87992,1.089325,-0.97290039,-1.043396
87993,1.2457275,-0.94573975,-1.1662292
87994,1.3067627,-0.82443237,-1.1053467
87995,1.1413574,-0.8013916,-1.1126709
87996,1.1579895,-0.90377808,-1.1865234
87997,1.0241699,-0.71517944,-1.210022
87998,1.020813,-0.5154419,-1.2139893
87999,1.061554,-0.50582886,-0.9324646
88000,0.99899292,-0.5039978,-1.3204956
88001,0.96618652,-0.34606934,-1.2010193
88002,0.95275879,-0.24215698,-1.2312317
88003,1.0122681,-0.25527954,-1.2564087
88004,0.88745117,-0.13534546,-1.3766479
88005,0.82138062,-0.2923584,-1.3406372
88006,0.86608887,-0.073852539,-1.3432312
88007,0.92086792,-0.52917481,-1.0400391
88008,0.59539795,-0.43121338,-1.524353
88009,0.59906006,-0.00213623,-1.5136719
88010,0.51803589,0.061035156,-1.4048767
88011,0.56396484,0.23025513,-1.3456726
88012,0.60852051,0.19638062,-1.4131165
88013,0.63842773,0.20202637,-1.3804626
88014,0.47317505,0.34667969,-1.3342285
88015,0.4145813,0.44754028,-1.5864563
88016,0.51483154,0.48126221,-1.3768005
88017,0.40603638,0.57998657,-1.5759277
88018,0.23880005,0.30258179,-1.3757324
88019,0.26306152,0.48294067,-1.4659119
88020,0.10925293,0.43670654,-1.3536072
88021,0.055236816,0.61798096,-1.413269
88022,0.027313232,0.53070068,-1.4044189
88023,-0.082702637,0.85067749,-1.4454651
88024,-0.14556885,0.57479858,-1.3330078
88025,-0.16921997,0.45913696,-1.2471008
88026,-0.3793335,0.93276978,-1.3691711
88027,-0.28137207,0.86227417,-1.4558411
88028,-0.3565979,1.0876465,-1.3552856
88029,-0.3843689,1.2611389,-1.2727356
88030,-0.61904907,1.0539246,-1.1880493
88031,-0.5418396,1.340332,-1.3818359
88032,-0.55053711,1.3841248,-1.2683105
88033,-0.54077148,1.3815308,-1.1647034
88034,-0.73577881,1.3504028,-1.0473633
88035,-0.60043335,1.2121582,-0.93307495
88036,-0.61416626,1.2966919,-1.0188293
88037,-0.81970215,1.2025452,-0.77575684
88038,-0.89584351,1.2547302,-0.92285156
88039,-0.85784912,1.3751221,-1.0783386
88040,-0.88729858,1.4926147,-0.7170105
88041,-1.0397339,1.6069031,-0.84838867
88042,-1.1601257,1.5267944,-0.79315185
88043,-1.2388611,1.3708496,-0.55664063
88044,-1.3389587,1.5071106,-0.83801269
88045,-1.2089539,1.481781,-0.54931641
88046,-1.1582947,1.486969,-0.67245483
88047,-1.3748169,1.4953613,-0.55221558
88048,-1.3977051,1.4819336,-0.39505005
88049,-1.3748169,1.5249634,-0.43395996
88050,-1.6281128,1.5527344,-0.35812378
88051,-1.579895,1.423645,-0.23880005
88052,-1.633606,1.4956665,-0.041809082
88053,-1.6841125,1.4439392,-0.012969971
88054,-1.6873169,1.3392639,-0.12039185
88055,-1.7755127,1.3378906,0.066375732
88056,-1.9842529,2.2058105,0.091094971
88057,-2.0489502,1.3972473,0.10513306
88058,-1.9250488,1.3038635,0.1689148
88059,-1.9882202,1.3525391,0.17105103
88060,-1.9511414,1.3723755,0.1713562
88061,-1.988678,1.3250732,0.27770996
88062,-2.12677,1.2161255,0.39794922
88063,-2.1150208,1.2110901,0.51528931
88064,-2.1705627,1.2518311,0.44082642
88065,-2.0428467,1.3275146,0.52185059
88066,-2.0999146,1.1581421,0.72143555
88067,-2.0625305,1.1483765,0.43212891
88068,-2.1842957,1.116333,0.46142578
88069,-2.1522522,0.93948364,0.7383728
88070,-2.1040344,0.96954346,0.70526123
88071,-2.2436523,0.98571777,0.84625244
88072,-2.2224426,0.83068848,1.0522461
88073,-2.1403503,0.77453613,1.0855103
88074,-2.1287537,0.8404541,0.66223144
88075,-2.1064758,0.73989868,0.90759277
88076,-2.2142029,0.66482544,1.0771179
88077,-2.2053528,0.58639526,1.1976624
88078,-2.2317505,0.45043945,1.0803223
88079,-2.2938538,0.28869629,1.2086487
88080,-2.2683716,0.26763916,1.2341309
88081,-2.383728,0.44265747,1.321106
88082,-2.3939514,0.093231201,1.4079285
88083,-2.1798706,-0.20309448,1.4576721
88084,-2.3205566,-0.34423828,1.4907837
88085,-2.2767639,-0.55511475,1.3885498
88086,-2.3347473,-0.47576904,1.4698791
88087,-2.228241,-0.48278809,1.4387512
88088,-2.1923828,-0.84213257,1.5483093
88089,-2.0758057,-0.21072388,1.6665649
88090,-2.1937561,-0.29113769,1.7086792
88091,-2.1980286,0.077972412,1.6998291
88092,-2.3187256,-0.30609131,1.8493652
88093,-2.1917725,-0.16784668,1.9165039
88094,-2.0855713,-0.30014038,1.9659424
88095,-2.0613098,-0.36361694,1.9607544
88096,-2.0471191,-0.21484375,1.9528198
88097,-1.9992065,-0.56884766,2.0347595
88098,-2.10495,-0.69580078,1.9232178
88099,-1.9644165,-0.74264526,2.071228
88100,-1.9369507,-0.81680298,2.0405579
88101,-1.9564819,-1.1247253,2.2653198
88102,-2.0928955,-0.80093384,1.9940186
88103,-1.7370605,-0.88882446,1.9207764
88104,-1.7749023,-1.0317993,1.6326904
88105,-1.8562317,-1.1839294,1.8156433
88106,-1.8383789,-1.2763977,2.1112061
88107,-1.6807556,-1.3032532,2.22229
88108,-1.6574097,-1.3554382,2.0401001
88109,-1.4599609,-1.2998962,2.0925903
88110,-1.4645386,-1.4938354,2.0956421
88111,-1.4489746,-1.3328552,2.2647095
88112,-1.4697266,-1.3557434,2.5253296
88113,-1.4276123,-1.2945557,2.1395874
88114,-1.5196228,-1.5701294,2.121582
88115,-1.4155579,-1.3458252,2.131958
88116,-1.2782288,-1.7764282,2.1098328
88117,-1.1505127,-1.9902039,2.1006775
88118,-1.0926819,-2.1359253,2.0828247
88119,-1.0375977,-2.5923157,1.9351196
88120,-1.0183716,-2.6158142,2.0805359
88121,-0.9236145,-2.0507813,2.0333862
88122,-0.77804565,-1.9284058,2.1020508
88123,-0.75271606,-1.9297791,2.0109558
88124,-0.6791687,-1.9372559,2.0048523
88125,-0.69519043,-2.0140076,1.9638062
88126,-0.71273804,-2.0040894,1.9821167
88127,-0.60089111,-2.2938538,2.0808411
88128,-0.59997559,-2.2427368,2.0092773
88129,-0.53237915,-2.3486328,1.9343567
88130,-0.43228149,-2.2689819,1.9528198
88131,-0.2305603,-2.3800659,1.9441223
88132,-0.29296875,-2.3603821,1.8914795
88133,-0.20645142,-2.5164795,1.6918945
88134,-0.20721435,-2.3445129,1.7129517
88135,-0.16571045,-2.5753784,1.5965271
88136,0.026397705,-2.5088501,1.7144775
88137,0.041809082,-2.5511169,1.6557312
88138,0.041809082,-2.4333191,1.3742065
88139,0.1133728,-2.6068115,1.4749146
88140,0.22903442,-2.6564026,1.5740967
88141,0.22415161,-2.4528503,1.497345
88142,0.24765015,-2.5872803,1.4950562
88143,0.31280518,-2.3127747,1.3949585
88144,0.30273438,-2.5416565,1.3439941
88145,0.41320801,-2.3751831,1.2820435
88146,0.48858643,-2.5135803,1.1759949
88147,0.58380127,-2.5105286,0.9538269
88148,0.79589844,-2.5909424,1.031189
88149,0.72525024,-2.6237488,0.94406128
88150,0.79833984,-2.6925659,0.82702637
88151,0.8505249,-2.6335144,0.83740234
88152,0.77880859,-2.5804138,1.002655
88153,0.96786499,-2.4633789,0.81680298
88154,0.82305908,-2.5924683,0.79421997
88155,0.98526001,-2.5457764,0.61645508
88156,0.95077515,-2.5186157,0.61538696
88157,0.96679688,-2.5698853,0.61981201
88158,1.0971069,-2.5314331,0.47119141
88159,1.0968018,-2.3780823,0.49987793
88160,1.1408997,-2.2717285,0.16983032
88161,1.1785889,-2.3764038,0.33340454
88162,1.2263489,-2.3921204,0.17318726
88163,1.2605286,-2.3815918,0.28701782
88164,1.321106,-2.4938965,0.049285889
88165,1.388855,-2.2840881,0.15518188
88166,1.4201355,-2.4595642,0.003814697
88167,1.4753723,-2.2436523,-0.11169434
88168,1.421814,-2.2773743,-0.15304565
88169,1.3534546,-2.1867371,-0.10314941
88170,1.4295959,-1.9586182,-0.26245117
88171,1.5049744,-2.003479,-0.37597656
88172,1.3531494,-2.0263672,-0.29754639
88173,1.3371277,-1.806488,-0.57250977
88174,1.338501,-1.9363403,-0.43243408
88175,1.4700317,-1.8611145,-0.3994751
88176,1.3020325,-1.9761658,-0.44815064
88177,1.4271545,-1.7871094,-0.51376343
88178,1.4897156,-1.7375183,-0.51193237
88179,1.4640808,-1.4709473,-0.50811768
88180,1.4205933,-1.3775635,-0.59249878
88181,1.5829468,-1.4659119,-0.83679199
88182,1.3981628,-1.3725281,-0.78369141
88183,1.3945007,-1.3401794,-0.70129394
88184,1.3476563,-1.1935425,-0.8694458
88185,1.2869263,-1.2382507,-0.88531494
88186,1.305542,-0.98297119,-0.92086792
88187,1.2275696,-1.3677979,-1.0987854
88188,1.4482117,-0.94665527,-1.1296082
88189,1.2768555,-0.90408325,-1.1216736
88190,1.2866211,-0.80291748,-1.1636353
88191,1.3153076,-0.7611084,-1.1997986
88192,1.2504578,-0.73532104,-1.1705017
88193,1.1613464,-0.64254761,-1.1730957
88194,1.1701965,-0.57495117,-1.3845825
88195,1.1454773,-0.54840088,-1.3948059
88196,1.1160278,-0.60592651,-1.5042114
88197,1.1439514,-0.41809082,-1.4993286
88198,1.1869812,-0.34408569,-1.5513611
88199,1.1671448,-0.26580811,-1.5499878
88200,1.085968,-0.1763916,-1.6569519
88201,0.98999023,-0.20339966,-1.5507507
88202,0.92590332,-0.09765625,-1.5931702
88203,0.86380005,-0.34484863,-1.4828491
88204,0.78430176,-0.3352356,-1.6281128
88205,0.72387695,-0.39703369,-1.7811584
88206,0.76400757,-0.21316528,-1.6043091
88207,0.78353882,-0.24139404,-1.6120911
88208,0.82778931,0.19302368,-1.5419006
88209,0.7107544,0.19042969,-1.4974976
88210,0.70999146,0.28625488,-1.3294983
88211,0.6993103,0.37719727,-1.2738037
88212,0.44387817,0.33203125,-1.4204407
88213,0.40664673,0.66238403,-1.7607117
88214,0.27374268,0.67565918,-1.5739441
88215,0.34973144,0.76202393,-1.5917969
88216,0.24673462,0.58731079,-1.4776611
88217,0.17913818,0.75408935,-1.5258789
88218,0.078887939,0.89569092,-1.5696716
88219,0.030517578,0.79925537,-1.4208984
88220,0.032501221,0.73745728,-1.46698
88221,-0.073699951,0.76309204,-1.4299011
88222,-0.13473511,0.92071533,-1.3572693
88223,-0.19271851,1.0365295,-1.37146
88224,-0.37002564,0.94894409,-1.3496399
88225,-0.3453064,0.99792481,-1.313324
88226,-0.36453247,0.9854126,-1.3061523
88227,-0.35888672,1.0244751,-1.4323425
88228,-0.43746948,1.0473633,-1.2968445
88229,-0.66848755,1.1877441,-1.2362671
88230,-0.64498901,1.3786316,-1.1906433
88231,-0.68359375,1.4358521,-1.1706543
88232,-0.59432983,1.5362549,-1.156311
88233,-0.65841675,1.3960266,-1.1135864
88234,-0.83984375,1.6116333,-1.0232544
88235,-1.1083984,1.3653564,-1.0905457
88236,-0.90209961,1.4300537,-0.9375
88237,-0.94909668,1.4440918,-0.94070435
88238,-1.2049866,1.3935852,-0.94741821
88239,-1.2008667,1.5246582,-0.99075317
88240,-1.3491821,1.6589355,-0.73028565
88241,-1.3024902,1.5345764,-0.85235596
88242,-1.2792969,1.4350891,-0.55801392
88243,-1.3624573,1.3786316,-0.71411133
88244,-1.4788818,1.3302612,-0.65246582
88245,-1.4193726,1.4518738,-0.53329468
88246,-1.4987183,1.499176,-0.55618286
88247,-1.5568542,1.3641357,-0.50949097
88248,-1.574707,1.4434814,-0.31661987
88249,-1.6001892,1.5429688,-0.3213501
88250,-1.9509888,1.381073,-0.14160156
88251,-1.829834,1.7230225,-0.15701294
88252,-1.9767761,1.3796997,-0.11917114
88253,-1.7518616,1.0131836,-0.02166748
88254,-1.8670654,1.5284729,0.012207031
88255,-1.8244934,1.3900757,0.075683594
88256,-1.9190979,1.4544678,0.054473877
88257,-1.8797302,1.3346863,0.075531006
88258,-1.9587708,1.2481689,0.27496338
88259,-1.9667053,1.2757874,0.28503418
88260,-2.0477295,1.2054443,0.34820557
88261,-1.9750977,1.2266541,0.40786743
88262,-2.1592712,1.1923218,0.48126221
88263,-2.2270203,1.1706543,0.56213379
88264,-2.2396851,1.0456848,0.65536499
88265,-2.3101807,1.0351563,0.67886353
88266,-2.3439026,1.1219788,0.64376831
88267,-2.328186,1.0462952,0.60012817
88268,-2.2599792,1.0670471,0.66360474
88269,-2.2827148,0.94329834,0.80230713
88270,-2.2325134,0.84854126,0.72509766
88271,-2.2268677,0.58853149,0.9324646
88272,-2.351532,1.0917664,0.88424683
88273,-2.3802185,1.0041809,1.072998
88274,-2.4324036,0.54946899,1.2203979
88275,-2.3731995,0.47576904,1.2866211
88276,-2.3388672,0.84533691,1.0966492
88277,-2.2843933,0.35644531,1.3316345
88278,-2.4371338,0.17288208,1.363678
88279,-2.3475647,-0.010528564,1.2776184
88280,-2.3641968,0.29479981,1.2669373
88281,-2.2694397,0.29312134,1.4254761
88282,-2.3327637,0.26611328,1.3310242
88283,-2.2729492,0.31066894,1.4129639
88284,-2.2476196,0.12313843,1.6114807
88285,-2.1473694,-0.041503906,1.6777039
88286,-2.1240234,-0.067749023,1.6110229
88287,-2.2808838,-0.34591675,1.7303467
88288,-2.0405579,-0.14709473,1.7179871
88289,-2.0645142,-0.37506103,1.763916
88290,-2.0475769,-0.61691284,1.7080688
88291,-1.9642639,-0.48858643,1.7980957
88292,-2.1034241,-0.48660278,1.8151855
88293,-1.8966675,-0.4586792,1.675415
88294,-2.0463562,-0.42327881,1.8417358
88295,-1.9329834,-0.63064575,1.9598389
88296,-2.0005798,-0.72479248,1.7831421
88297,-2.0715332,-0.85876465,1.7778015
88298,-2.0495605,-1.0949707,1.9993591
88299,-1.8962097,-1.0098267,2.0275879
88300,-1.9961548,-1.3627625,2.0141602
88301,-1.6941834,-1.1372375,2.0805359
88302,-1.8701172,-1.1433411,2.1794128
88303,-1.9897461,-1.3465881,2.088623
88304,-1.6664124,-1.2539673,2.0787048
88305,-1.6244507,-1.5611267,2.1316528
88306,-1.7445374,-1.7019653,2.071228
88307,-1.675415,-1.8751526,2.1748352
88308,-1.5632629,-1.6880798,1.9210815
88309,-1.545105,-1.7346191,2.0829773
88310,-1.472168,-1.6194153,2.0741272
88311,-1.4338684,-1.721344,2.1066284
88312,-1.3197327,-1.7784119,2.1417236
88313,-1.3122559,-1.9093323,2.2203064
88314,-1.0449219,-2.2238159,2.0892334
88315,-1.1775208,-1.6053772,2.0802307
88316,-1.3273621,-1.9667053,1.9668579
88317,-1.2397766,-1.900177,2.1400452
88318,-0.99517822,-1.9555664,2.0855713
88319,-1.0440063,-2.0440674,2.1061707
88320,-0.93887329,-2.0675659,2.1292114
88321,-0.79284668,-2.0785522,2.0948792
88322,-0.69198608,-2.1789551,1.9732666
88323,-0.46844482,-2.086792,1.9718933
88324,-0.52474976,-2.2393799,1.8539429
88325,-0.43502808,-2.0320129,1.7831421
88326,-0.38909912,-2.1217346,1.8418884
88327,-0.43960571,-2.1289063,1.968689
88328,-0.37506103,-2.3661804,1.9726563
88329,-0.23605347,-2.3193359,1.8618774
88330,-0.21881103,-2.4246216,1.9319153
88331,-0.15075684,-2.4298096,1.5744019
88332,-0.076599121,-2.3997498,1.8276978
88333,-0.00213623,-2.4177551,1.6723633
88334,-0.066223145,-2.3234558,1.7036438
88335,0.10482788,-2.5242615,1.6622925
88336,0.11352539,-2.494812,1.5072632
88337,0.11825561,-2.5492859,1.3557434
88338,0.10681152,-2.62146,1.5036011
88339,0.28442383,-2.6293945,1.5002441
88340,0.34454346,-2.6359558,1.3916016
88341,0.26245117,-2.5143433,1.2890625
88342,0.50186157,-2.4584961,1.3789368
88343,0.574646,-2.4633789,1.1599731
88344,0.62072754,-2.5613403,1.1842346
88345,0.51849365,-2.5483704,1.2309265
88346,0.78186035,-2.5265503,1.000061
88347,0.66894531,-2.4905396,0.98831177
88348,0.84411621,-2.5840759,0.95474243
88349,0.88073731,-2.4859619,0.79223633
88350,0.8265686,-2.5547791,0.88943481
88351,0.83755493,-2.6011658,0.66833496
88352,0.70892334,-2.5598145,0.78308106
88353,0.83282471,-2.6521301,0.57144165
88354,0.97396851,-2.2764587,0.59143066
88355,1.1508179,-2.3336792,0.51422119
88356,1.018219,-2.2763062,0.37185669
88357,1.2226868,-2.2741699,0.39031982
88358,1.0926819,-2.2415161,0.19683838
88359,1.0998535,-2.0895386,0.3678894
88360,1.055603,-2.0341492,0.35720825
88361,1.1398315,-2.0906067,0.35812378
88362,1.2945557,-2.0074463,0.20462036
88363,1.3607788,-2.0983887,0.11962891
88364,1.1366272,-2.0787048,-0.045013428
88365,1.2124634,-2.0623779,-0.21026611
88366,1.1991882,-1.9799805,-0.23971558
88367,1.2799072,-1.8981934,-0.25787353
88368,1.6021729,-2.1403503,-0.31494141
88369,1.2823486,-1.8809509,-0.35064697
88370,1.2796021,-1.8881226,-0.26107788
88371,1.4349365,-1.7602539,-0.37002564
88372,1.5576172,-1.7344666,-0.30853272
88373,1.4007568,-1.6236877,-0.43930054
88374,1.3995361,-1.7106628,-0.43731689
88375,1.3722229,-1.5266418,-0.52368164
88376,1.4273071,-1.5653992,-0.62423706
88377,1.4996338,-1.567688,-0.70114136
88378,1.4128113,-1.4968872,-0.84655762
88379,1.4456177,-1.4680481,-0.69580078
88380,1.5643311,-1.4053345,-0.84472656
88381,1.4134216,-1.232605,-0.76278687
88382,1.3667297,-1.0610962,-1.0336304
88383,1.3832092,-1.0112,-0.99029541
88384,1.2205505,-1.1323547,-1.0505676
88385,1.239624,-0.93536377,-1.0472107
88386,1.0818481,-1.0212708,-1.151123
88387,1.1975098,-0.88363647,-0.96084595
88388,1.2988281,-0.97091675,-1.1834717
88389,1.287384,-0.77789307,-1.1827087
88390,1.21521,-0.50872803,-1.1740112
88391,1.2902832,-0.41107178,-1.1488342
88392,1.1584473,-0.43014526,-1.2446594
88393,1.1489868,-0.44265747,-1.2753296
88394,1.0508728,-0.3944397,-1.295166
88395,1.0960388,-0.38665772,-1.3246155
88396,0.98602295,-0.33584595,-1.3719177
88397,0.94650269,-0.24032593,-1.4930725
88398,0.98205566,-0.13641357,-1.5179443
88399,0.95184326,-0.070037842,-1.5354919
88400,0.91644287,-0.045166016,-1.5950012
88401,0.9664917,-0.15075684,-1.5460205
88402,1.0874939,-0.5581665,-1.1831665
88403,0.76934815,-0.418396,-1.4511108
88404,0.48431397,-0.20065308,-1.5609741
88405,0.62545776,0.11474609,-1.431427
88406,0.63781738,0.3012085,-1.3952637
88407,0.49118042,0.52001953,-1.3368225
88408,0.43533325,0.32150269,-1.4547729
88409,0.49041748,0.48110962,-1.5675354
88410,0.6086731,0.52429199,-1.5280151
88411,0.28991699,0.73059082,-1.5913391
88412,0.36895752,0.56228638,-1.5060425
88413,0.27572632,0.6199646,-1.4828491
88414,0.26565552,0.64483643,-1.6137695
88415,0.16571045,0.75210571,-1.5208435
88416,0.070343018,0.65673828,-1.4305115
88417,0.13305664,0.9576416,-1.4663696
88418,-0.013122559,1.1485291,-1.3816834
88419,-0.046844482,1.1123657,-1.3800049
88420,-0.078887939,1.0409546,-1.3235474
88421,-0.30441284,1.1322021,-1.3195801
88422,-0.21148682,1.1915588,-1.3996887
88423,-0.34317017,1.0797119,-1.2295532
88424,-0.41717529,1.0456848,-1.1938477
88425,-0.34240723,1.0003662,-1.270752
88426,-0.5154419,1.1572266,-1.2361145
88427,-0.5607605,1.2286377,-1.2008667
88428,-0.56655884,1.2115479,-1.1495972
88429,-0.67306519,1.2913513,-1.1981201
88430,-0.66223144,1.1839294,-1.1582947
88431,-0.66925049,1.2353516,-1.0264587
88432,-0.91308594,1.1303711,-1.0542297
88433,-0.88897705,1.2060547,-0.93414307
88434,-1.0195923,1.2387085,-0.87203979
88435,-0.9967041,1.1938477,-0.82595825
88436,-1.1856079,1.2503052,-0.58074951
88437,-1.1494446,1.315155,-0.57632446
88438,-1.158905,1.3995361,-0.63034058
88439,-1.2638855,1.4547729,-0.56457519
88440,-1.3046265,1.3717651,-0.55953979
88441,-1.3291931,1.4595032,-0.56854248
88442,-1.4852905,1.4334106,-0.48980713
88443,-1.2763977,1.4460754,-0.54702759
88444,-1.4253235,1.477356,-0.4951477
88445,-1.4163208,1.3650513,-0.44250488
88446,-1.5159607,1.3769531,-0.48477173
88447,-1.6238403,1.5400696,-0.36804199
88448,-1.6134644,1.4537048,-0.29922485
88449,-1.7062378,1.3766479,-0.085144043
88450,-1.7416382,1.4814758,-0.17974853
88451,-1.6647339,1.3244629,-0.091094971
88452,-1.7240906,1.348877,-0.020446777
88453,-1.8103027,1.321106,0.037841797
88454,-1.8804932,1.2875366,0.004882813
88455,-1.9154358,1.1575317,0.025024414
88456,-1.897583,1.2304688,0.019073486
88457,-1.9204712,1.2361145,0.16494751
88458,-1.9706726,1.2576294,0.15808106
88459,-2.0191956,1.1756897,0.24475098
88460,-2.0602417,1.1550903,0.28625488
88461,-2.0701599,1.0910034,0.39764404
88462,-2.0744324,1.1151123,0.42022705
88463,-2.2029114,1.0351563,0.37582397
88464,-2.1704102,1.0726929,0.50949097
88465,-2.1524048,1.038208,0.59066772
88466,-2.1743774,0.94802856,0.6803894
88467,-2.1824646,0.90698242,0.76370239
88468,-2.2796631,0.69091797,0.89523315
88469,-2.1846008,0.79345703,0.88668823
88470,-2.2344971,0.72479248,1.1140442
88471,-2.3910522,0.71060181,1.2033081
88472,-2.3309326,0.68847656,1.1882019
88473,-2.3075867,0.7119751,1.2626648
88474,-2.2895813,0.55999756,1.1846924
88475,-2.3342896,0.52383423,1.1901855
88476,-2.3060608,0.47393799,1.1485291
88477,-2.2824097,0.42526245,1.3551331
88478,-2.2714233,-0.048828125,1.340332
88479,-2.1780396,0.21224976,1.280365
88480,-2.1922302,0.029296875,1.4649963
88481,-2.2869873,0.11688232,1.2910461
88482,-2.0974731,0.092926025,1.5162659
88483,-2.2283936,-0.048217773,1.5563965
88484,-2.1664429,0.003662109,1.6566467
88485,-2.219696,-0.015258789,1.7282104
88486,-2.0791626,-0.17562866,1.5730286
88487,-2.1057129,-0.45700073,1.6627502
88488,-2.1147156,-0.36224365,1.6778564
88489,-2.0507813,-0.53421021,1.79245
88490,-2.2055054,-0.68634033,1.8128967
88491,-1.9612122,-0.7673645,1.7538452
88492,-1.9726563,-0.85861206,1.9406128
88493,-1.8508911,-0.6048584,1.8624878
88494,-1.8463135,-0.68145752,1.9602966
88495,-2.0753479,-0.98388672,1.8548584
88496,-1.9873047,-1.0165405,1.8092346
88497,-1.9836426,-1.1083984,1.7562866
88498,-1.7990112,-0.87188721,2.0069885
88499,-1.6970825,-0.96862793,2.0797729
88500,-1.5608215,-1.1470032,1.7842102
88501,-1.8330383,-1.0690308,1.9761658
88502,-1.6543579,-0.99685669,1.991272
88503,-1.5516663,-1.1413574,2.0428467
88504,-1.7675781,-1.3853455,1.8423462
88505,-1.5345764,-1.4259338,2.1209717
88506,-1.4630127,-1.394043,1.9216919
88507,-1.5454102,-1.6583252,2.0275879
88508,-1.4706421,-1.3659668,2.1176147
88509,-1.3447571,-1.4579773,2.0068359
88510,-1.4764404,-1.5301514,2.0140076
88511,-1.2518311,-1.7256165,1.8759155
88512,-1.1160278,-1.6453552,2.2773743
88513,-1.2139893,-1.9430542,2.0495605
88514,-1.2208557,-1.6381836,1.8339539
88515,-1.1120605,-1.8161011,2.077179
88516,-0.96862793,-1.8722534,2.0272827
88517,-0.84838867,-2.0721436,2.1894836
88518,-0.81497192,-1.8385315,2.024231
88519,-0.81161499,-1.8434143,2.1029663
88520,-0.9185791,-1.8780518,1.9363403
88521,-0.6980896,-2.0483398,1.8467712
88522,-0.63644409,-2.0632935,1.8348694
88523,-0.66452026,-2.0129395,1.8051147
88524,-0.45791626,-1.9779968,1.7649841
88525,-0.53237915,-2.0677185,1.6474915
88526,-0.30181885,-2.1466064,1.8190002
88527,-0.36468506,-2.2254944,1.6645813
88528,-0.37353516,-2.3698425,1.6870117
88529,-0.21469116,-2.3052979,1.5771484
88530,-0.1550293,-2.4336243,1.7341614
88531,-0.068969727,-2.3020935,1.5974426
88532,-0.001220703,-2.2775269,1.6064453
88533,-0.091705322,-2.2631836,1.5699768
88534,-0.013427734,-2.3953247,1.4196777
88535,0.020446777,-2.3815918,1.3391113
88536,0.076141357,-2.4737549,1.4157104
88537,0.14205933,-2.3603821,1.385498
88538,0.26779175,-2.3706055,1.2117004
88539,0.17272949,-2.2000122,1.3098145
88540,0.35522461,-2.2247314,1.0795593
88541,0.41168213,-2.2442627,1.0546875
88542,0.45532227,-2.1212769,0.95153809
88543,0.5116272,-2.1763611,0.92956543
88544,0.52017212,-2.1086121,0.85601807
88545,0.67199707,-2.0585632,0.82275391
88546,0.69335938,-2.1591187,0.79818726
88547,0.72036743,-2.2224426,0.80093384
88548,0.75927734,-2.1887207,0.73577881
88549,0.7510376,-2.2686768,0.73867798
88550,0.81939697,-2.4012756,0.61889648
88551,0.80276489,-2.3498535,0.66192627
88552,0.97686768,-2.311554,0.43670654
88553,0.94680786,-2.2993469,0.52856445
88554,0.79360962,-2.3223877,0.44525147
88555,0.91979981,-2.1711731,0.33325195
88556,0.95458984,-2.3414612,0.23132324
88557,1.0112,-2.3402405,0.26046753
88558,1.1647034,-2.2128296,0.10238648
88559,1.138916,-2.2013855,0.23086548
88560,1.1671448,-2.2016907,0.048980713
88561,1.0603333,-2.1133423,0.0831604
88562,1.1634827,-2.1565247,0.043792725
88563,1.2825012,-2.1006775,0.014343262
88564,1.3179016,-2.1243286,0.067749023
88565,1.2097168,-2.0475769,-0.066986084
88566,1.2698364,-2.0330811,0.001525879
88567,1.2435913,-1.947937,-0.15274048
88568,1.2754822,-1.7758179,-0.39459228
88569,1.3104248,-1.7939758,-0.30639648
88570,1.2863159,-2.0916748,-0.4560852
88571,1.2182617,-1.8731689,-0.47943115
88572,1.3012695,-1.62323,-0.4699707
88573,1.1166382,-1.5756226,-0.37841797
88574,1.3131714,-1.4105225,-0.48721314
88575,1.2307739,-1.3615417,-0.68572998
88576,1.2892151,-1.2615967,-0.61950684
88577,1.3496399,-1.3583374,-0.73944092
88578,1.2631226,-1.2640381,-0.76568603
88579,1.2481689,-1.2504578,-0.76782227
88580,1.3803101,-1.1405945,-0.74676514
88581,1.047821,-1.1274719,-0.80673218
88582,1.2023926,-1.0118103,-0.8039856
88583,1.1720276,-1.2518311,-0.90042114
88584,1.1784363,-0.89920044,-0.88165283
88585,1.2025452,-0.87509155,-0.99319458
88586,1.0421753,-0.72677612,-1.0247803
88587,1.0380554,-0.59494019,-0.94741821
88588,0.95336914,-0.73791504,-1.1268616
88589,1.125946,-0.58746338,-1.125946
88590,0.88195801,-0.59906006,-1.1001587
88591,0.95275879,-0.56106567,-1.2068176
88592,0.90591431,-0.46096802,-1.15448
88593,1.0072327,-0.49942017,-1.2516785
88594,0.88302612,-0.42327881,-1.171875
88595,1.0159302,-0.35125732,-1.5800476
88596,0.97290039,-0.18783569,-1.4379883
88597,0.93200684,-0.04486084,-1.2374878
88598,0.67504883,-0.12557983,-1.2132263
88599,0.73181152,-0.1171875,-1.3183594
88600,0.19439697,-0.35552978,-1.5423584
88601,-0.36193848,-0.48721314,-1.6436768
88602,0.012512207,-0.37643433,-1.4733887
88603,0.58532715,0.11138916,-1.3117981
88604,0.45959473,0.35385132,-1.3555908
88605,0.45135498,0.31036377,-1.3168335
88606,0.45684814,0.13793945,-1.3578796
88607,0.40710449,0.50643921,-1.3264465
88608,0.30960083,0.41015625,-1.2690735
88609,0.18066406,0.64208984,-1.2548828
88610,0.34439087,0.60638428,-1.3313293
88611,0.15396118,0.4826355,-1.2481689
88612,-0.099182129,0.40237427,-1.3197327
88613,0.047302246,0.57403565,-1.2582397
88614,0.003356934,0.69702148,-1.2646484
88615,-0.060424805,0.66986084,-1.2863159
88616,-0.14007568,0.73074341,-1.1784363
88617,-0.25909424,0.84487915,-1.1424255
88618,-0.16021728,0.77606201,-1.1676025
88619,-0.24047852,0.98999023,-1.2109375
88620,-0.43441772,1.1755371,-1.0041809
88621,-0.43624878,0.97839356,-1.055603
88622,-0.41503906,1.0540771,-1.1834717
88623,-0.39779663,0.96755981,-0.98327637
88624,-0.57647705,0.97320557,-0.86456299
88625,-0.63278198,1.0037231,-0.84350586
88626,-0.67947388,1.0575867,-0.91094971
88627,-0.73471069,1.1500549,-0.98342896
88628,-0.68634033,1.3064575,-1.0678101
88629,-0.86654663,1.2342834,-1.0173035
88630,-1.0968018,1.2672424,-0.94497681
88631,-1.1138916,1.2347412,-0.93566894
88632,-1.0102844,1.2579346,-0.96405029
88633,-1.0420227,1.1308289,-0.83328247
88634,-1.3357544,1.2004089,-0.66513062
88635,-1.2831116,1.3092041,-0.60165405
88636,-1.2480164,1.2304688,-0.57998657
88637,-1.2161255,1.3165283,-0.39367676
88638,-1.4144897,1.1358643,-0.29129028
88639,-1.3659668,1.1206055,-0.39154053
88640,-1.3571167,1.2060547,-0.29830933
88641,-1.5063477,1.076355,-0.095062256
88642,-1.3644409,0.86044312,-0.2255249
88643,-1.6944885,1.0151672,-0.20736694
88644,-1.5498352,1.137085,-0.040588379
88645,-1.6946411,0.9753418,0.039672852
88646,-1.7152405,0.93170166,0.025787354
88647,-1.6793823,1.0113525,0.11520386
88648,-1.7909241,1.0621643,0.16204834
88649,-1.7897034,1.056366,0.12954712
88650,-1.8209839,1.0554504,0.24154663
88651,-1.8540955,0.95703125,0.2230835
88652,-1.8708801,0.9841919,0.1991272
88653,-1.8496704,1.0041809,0.20721435
88654,-1.9419861,0.96939087,0.4447937
88655,-1.9654846,0.93673706,0.39199829
88656,-1.9458008,0.88912964,0.53649902
88657,-1.9569397,0.91445923,0.54824829
88658,-2.0394897,0.90942383,0.59112549
88659,-2.0385742,0.87020874,0.57556152
88660,-2.1057129,0.8517456,0.66223144
88661,-2.0809937,0.65551758,0.58120728
88662,-2.2259521,0.66329956,0.7321167
88663,-2.1031189,0.79528809,0.82275391
88664,-2.2236633,0.5392456,0.7824707
88665,-2.2407532,0.54412842,0.83862305
88666,-2.1829224,0.46554565,0.95016479
88667,-2.0829773,0.67810059,0.80810547
88668,-2.1209717,0.49255371,0.92285156
88669,-2.0077515,0.51513672,1.0464478
88670,-2.1350098,0.48126221,1.1335754
88671,-2.124939,0.2571106,1.1134338
88672,-2.0329285,0.27420044,1.0549927
88673,-2.015686,0.082092285,1.1454773
88674,-2.0967102,0.085144043,1.2158203
88675,-2.0118713,0.057373047,1.1201477
88676,-2.1492004,-0.10253906,1.184082
88677,-2.0098877,-0.1171875,1.229248
88678,-2.0439148,-0.10375977,1.4448547
88679,-2.2024536,-0.077362061,1.4593506
88680,-2.0617676,-0.21743774,1.5444946
88681,-1.9647217,-0.28594971,1.5731812
88682,-1.811676,-0.36804199,1.5821838
88683,-1.905365,-0.53756714,1.5776062
88684,-1.9465637,-0.61477661,1.5400696
88685,-1.8469238,-0.56838989,1.6166687
88686,-1.8101501,-0.61141968,1.6474915
88687,-1.8025208,-0.67703247,1.728363
88688,-1.6886902,-0.7359314,1.8530273
88689,-1.9381714,-1.0362244,1.7622375
88690,-1.7248535,-0.84106445,1.885376
88691,-1.7341614,-0.9475708,1.9654846
88692,-1.723938,-0.77850342,1.7463684
88693,-1.6101074,-0.97305298,1.8789673
88694,-1.5919495,-1.0432434,1.8481445
88695,-1.5187073,-1.1315918,1.7729187
88696,-1.6586304,-1.3887024,1.892395
88697,-1.5513611,-1.1294556,1.8447876
88698,-1.4710999,-1.2271118,1.9241333
88699,-1.4927673,-1.2539673,1.9491577
88700,-1.4126587,-1.3114929,2.0654297
88701,-1.2312317,-1.3650513,2.0082092
88702,-1.2956238,-1.5734863,1.7492676
88703,-1.1566162,-1.4865112,1.8147278
88704,-1.2643433,-1.6856384,1.7453003
88705,-1.2950134,-1.7781067,1.6079712
88706,-1.0618591,-1.8164063,1.7340088
88707,-1.089325,-1.90979,1.8186951
88708,-1.0183716,-1.9674683,1.7932129
88709,-0.89645386,-1.9218445,1.7129517
88710,-0.75576782,-1.7758179,1.6493225
88711,-0.96160889,-1.7941284,1.7253113
88712,-0.76965332,-1.789856,1.8263245
88713,-0.7170105,-1.8264771,1.8701172
88714,-0.59906006,-1.925354,1.6275024
88715,-0.53100586,-2.2195435,1.6415405
88716,-0.58349609,-2.0550537,1.6783142
88717,-0.45578003,-2.1150208,1.8466187
88718,-0.41732788,-2.1832275,1.7759705
88719,-0.35980225,-2.3397827,1.6812134
88720,-0.28289795,-2.4247742,1.7752075
88721,-0.20996094,-2.2685242,1.7126465
88722,-0.18890381,-2.3100281,1.7018127
88723,-0.15808106,-2.3316956,1.6252136
88724,-0.095367432,-2.1508789,1.5254211
88725,-0.063476563,-2.1676636,1.4015198
88726,-0.079956055,-2.2998047,1.2521362
88727,0.11947632,-2.2486877,1.3658142
88728,0.020141602,-2.3635864,1.2763977
88729,0.17166138,-2.2756958,1.3002014
88730,0.20370483,-2.3095703,1.2060547
88731,0.2243042,-2.2302246,1.1193848
88732,0.25238037,-2.2911072,1.1094666
88733,0.37033081,-2.2729492,1.1805725
88734,0.3918457,-2.2825623,1.1750793
88735,0.39916992,-2.3249817,1.0951233
88736,0.41305542,-2.2612,0.86257935
88737,0.52978516,-2.3295593,0.90881348
88738,0.56213379,-2.3933411,0.92010498
88739,0.5557251,-2.4504089,0.80337524
88740,0.6237793,-2.5097656,0.70358276
88741,0.69000244,-2.4739075,0.60592651
88742,0.76934815,-2.4899292,0.61981201
88743,0.67810059,-2.3757935,0.56823731
88744,0.74829102,-2.3461914,0.51330566
88745,0.77392578,-2.2872925,0.54916382
88746,0.97290039,-2.1481323,0.46401978
88747,0.9413147,-2.134552,0.37124634
88748,0.78521728,-2.1624756,0.37322998
88749,1.083374,-2.0794678,0.35430908
88750,0.94619751,-2.1206665,0.34255981
88751,1.0818481,-2.0880127,0.25039673
88752,1.0317993,-1.9715881,0.23483276
88753,1.0197449,-1.855011,0.085144043
88754,1.0624695,-1.8608093,-0.091552734
88755,1.1894226,-1.9116211,-0.055847168
88756,1.2258911,-1.8223572,-0.09765625
88757,1.1543274,-1.7254639,-0.003662109
88758,1.2026978,-1.7964172,-0.097961426
88759,1.1109924,-1.6659546,-0.061187744
88760,1.177063,-1.6026306,-0.24154663
88761,1.2805176,-1.5467834,-0.16876221
88762,1.1303711,-1.5687561,-0.26031494
88763,1.1242676,-1.6740417,-0.33874512
88764,1.0635376,-1.7138672,-0.53604126
88765,1.2310791,-1.5647888,-0.58868408
88766,1.2550354,-1.4749146,-0.50857544
88767,1.2088013,-1.3650513,-0.56640625
88768,1.2988281,-1.3452148,-0.56121826
88769,1.2065125,-1.0934448,-0.51818848
88770,1.1376953,-1.2031555,-0.52886963
88771,1.1697388,-1.1503601,-0.82992554
88772,1.166687,-1.0948181,-0.89004517
88773,1.1381531,-1.100769,-0.75012207
88774,1.1047363,-1.0154724,-0.78491211
88775,1.1541748,-0.8883667,-0.95123291
88776,1.2017822,-0.80886841,-0.87249756
88777,1.0630798,-0.76812744,-0.86410522
88778,1.1734009,-0.6918335,-0.9451294
88779,1.0821533,-0.59875488,-0.97640991
88780,1.0287476,-0.6312561,-1.0740662
88781,1.0189819,-0.82519531,-1.0006714
88782,0.93017578,-0.57891846,-1.1947632
88783,0.95108032,-0.37292481,-1.0215759
88784,1.0855103,-0.3578186,-1.0139465
88785,1.0835266,-0.34332275,-1.0643005
88786,0.99273682,-0.33096314,-1.1741638
88787,1.0118103,-0.28457642,-1.1090088
88788,0.86761475,-0.15609741,-1.1131287
88789,0.75363159,-0.16464233,-1.1091614
88790,0.86914063,-0.050048828,-1.2486267
88791,0.730896,-0.35018921,-1.3670349
88792,0.79269409,-0.13290405,-1.582489
88793,0.34698486,0.009460449,-1.5765381
88794,0.51528931,0.12451172,-1.337738
88795,0.54733276,0.35186768,-1.4157104
88796,0.55679321,0.45593262,-1.4195251
88797,0.59371948,0.41976929,-1.3504028
88798,0.45715332,0.46218872,-1.579895
88799,0.58654785,0.40512085,-1.3972473
88800,0.46188355,0.52322388,-1.3604736
88801,0.31936645,0.52368164,-1.3796997
88802,0.19897461,0.66726685,-1.4344788
88803,0.049743652,0.68969727,-1.4605713
88804,0.14953613,0.77514648,-1.3284302
88805,0.039367676,0.63110352,-1.3835144
88806,-0.074920654,0.84533691,-1.4097595
88807,-0.065155029,0.84533691,-1.2704468
88808,-0.17089844,0.87493897,-1.1590576
88809,-0.26031494,0.95718384,-1.146698
88810,-0.22125244,0.89904785,-1.1552429
88811,-0.33966064,1.073761,-1.1627197
88812,-0.39337158,0.97290039,-1.1465454
88813,-0.43579102,1.1158752,-1.2754822
88814,-0.4951477,0.987854,-1.2255859
88815,-0.47317505,1.1407471,-1.0823059
88816,-0.63644409,1.0580444,-1.104126
88817,-0.66146851,1.1903381,-1.177063
88818,-0.64376831,1.1807251,-0.95397949
88819,-0.75302124,1.3278198,-0.95214844
88820,-0.78735352,1.3134766,-0.83602905
88821,-0.77713013,1.3314819,-0.82260132
88822,-0.79406738,1.2014771,-0.80749512
88823,-1.0452271,1.2136841,-0.80108643
88824,-0.90515137,1.2692261,-0.67871094
88825,-0.94436646,1.295929,-0.7093811
88826,-1.105957,1.5422058,-0.46173096
88827,-1.1857605,1.6239929,-0.40924072
88828,-1.2257385,1.4149475,-0.44708252
88829,-1.3388062,1.4242554,-0.40542603
88830,-1.3037109,1.4892578,-0.4234314
88831,-1.3798523,1.3430786,-0.36132813
88832,-1.572876,1.5052795,-0.36682129
88833,-1.5711975,1.3722229,-0.32241821
88834,-1.5882874,1.1914063,-0.32852173
88835,-1.615448,1.302948,-0.10192871
88836,-1.5925598,1.2902832,-0.13946533
88837,-1.7280579,1.1715698,-0.086975098
88838,-1.8821716,1.3330078,-0.26184082
88839,-1.864624,1.0784912,0.06072998
88840,-1.7051697,1.2832642,0.026245117
88841,-1.8380737,1.2640381,0.12008667
88842,-1.9236755,1.1459351,0.15426636
88843,-1.86203,1.084137,0.077362061
88844,-1.796875,1.0890198,0.13473511
88845,-1.8049622,1.1590576,0.34179688
88846,-1.8666077,1.0972595,0.43792725
88847,-1.9070435,1.0623169,0.38269043
88848,-1.9429016,1.3684082,0.49682617
88849,-2.0228577,1.1410522,0.56671143
88850,-2.0429993,1.1114502,0.50552368
88851,-2.0298767,1.1172485,0.49987793
88852,-1.9850159,1.0281372,0.66864014
88853,-2.1182251,0.88531494,0.56564331
88854,-2.2053528,0.9854126,0.73196411
88855,-2.2753906,0.8744812,0.72540283
88856,-2.2283936,0.80917358,0.80703735
88857,-2.2001648,0.7800293,1.0731506
88858,-2.1980286,0.60928345,0.8972168
88859,-2.3251343,0.54626465,0.7043457
88860,-2.1907043,0.76766968,1.0713196
88861,-2.2702026,0.62484741,1.0803223
88862,-2.2114563,0.47485352,1.3531494
88863,-2.1513367,0.40832519,1.3482666
88864,-2.2015381,0.25436401,1.3830566
88865,-2.17453,0.25650024,1.3000488
88866,-2.2947693,0.27206421,1.3319397
88867,-2.1632385,0.24246216,1.3227844
88868,-2.2416687,0.37841797,1.3952637
88869,-2.2250366,0.028686523,1.4028931
88870,-2.2468567,-0.10574341,1.3513184
88871,-2.1681213,-0.048980713,1.355896
88872,-2.177124,-0.20843506,1.4819336
88873,-2.1105957,-0.32836914,1.4472961
88874,-1.9972229,-0.35614014,1.4752197
88875,-2.0715332,-0.33966064,1.4898682
88876,-2.1362305,-0.47607422,1.6262817
88877,-2.0806885,-0.61889648,1.4776611
88878,-2.0544434,-0.51269531,1.6160584
88879,-2.0381165,-0.57189941,1.5765381
88880,-1.8276978,-0.81481934,1.8133545
88881,-1.8190002,-0.8052063,1.7320251
88882,-1.9833374,-0.95443726,1.9259644
88883,-1.9934082,-0.76965332,1.9061279
88884,-1.9692993,-1.025238,1.9139099
88885,-2.008667,-0.68389893,1.7176819
88886,-1.9752502,-1.050415,1.9447327
88887,-1.9415283,-1.0383606,1.9535828
88888,-1.8014526,-1.2644959,2.0140076
88889,-1.8940735,-1.1779785,2.1420288
88890,-1.9021606,-1.0751343,1.6896057
88891,-1.8167114,-1.3391113,1.8783569
88892,-1.5470886,-1.302948,2.1284485
88893,-1.5420532,-1.275177,1.9422913
88894,-1.4138794,-1.4054871,2.1051025
88895,-1.4903259,-1.5223694,2.124939
88896,-1.2876892,-1.7214966,2.3455811
88897,-1.2966919,-1.7852783,2.0117188
88898,-1.2718201,-1.8392944,1.9766235
88899,-1.2887573,-1.9038391,1.8283081
88900,-1.2026978,-1.9441223,1.8251038
88901,-1.1491394,-1.7842102,1.9496155
88902,-0.94543457,-1.6966248,2.0643616
88903,-1.0510254,-1.8939209,2.0401001
88904,-0.9185791,-1.7445374,2.0629883
88905,-0.82626343,-1.8878174,2.076416
88906,-0.84594727,-2.0837402,1.8997192
88907,-0.8215332,-2.0391846,1.9300842
88908,-0.68511963,-2.131958,2.0068359
88909,-0.62850952,-2.2117615,1.869812
88910,-0.54748535,-2.2280884,1.9577026
88911,-0.4524231,-2.1318054,1.8041992
88912,-0.47821045,-2.202301,1.8539429
88913,-0.41015625,-2.3284912,1.7062378
88914,-0.23483276,-2.2445679,1.6986084
88915,-0.28015137,-2.2453308,1.7654419
88916,-0.2961731,-2.3431396,1.7292786
88917,-0.262146,-2.3820496,1.6424561
88918,-0.19683838,-2.482605,1.6914368
88919,-0.20492554,-2.4601746,1.5354919
88920,-0.049743652,-2.4560547,1.8563843
88921,-0.021820068,-2.4421692,1.6625977
88922,-0.00579834,-2.4113464,1.6157532
88923,0.083465576,-2.3176575,1.5029907
88924,0.10009766,-2.4163818,1.4938354
88925,0.17776489,-2.4368286,1.4212036
88926,0.27038574,-2.5254822,1.3821411
88927,0.31066894,-2.6275635,1.2698364
88928,0.33187866,-2.5187683,1.2886047
88929,0.41885376,-2.4601746,1.1891174
88930,0.52734375,-2.386322,1.0778809
88931,0.64529419,-2.3701477,0.98999023
88932,0.6060791,-2.4572754,1.0748291
88933,0.72967529,-2.4458313,0.83358765
88934,0.67764282,-2.1975708,0.91506958
88935,0.79956055,-2.2285461,0.84381103
88936,0.85693359,-2.3005676,0.76156616
88937,0.89401245,-2.3327637,0.75988769
88938,0.94406128,-2.2799683,0.61065674
88939,0.94268799,-2.3397827,0.50598144
88940,1.098938,-2.3579407,0.5506897
88941,1.0818481,-2.2166443,0.4977417
88942,1.2332153,-2.3381042,0.38208008
88943,1.2400818,-2.4023438,0.41198731
88944,1.1312866,-2.1736145,0.14892578
88945,1.065979,-2.2990417,0.33950806
88946,1.005249,-2.2966003,0.22979736
88947,1.1207581,-2.277832,0.13748169
88948,1.1761475,-2.2033691,0.34820557
88949,1.1706543,-2.2225952,0.090484619
88950,1.1341858,-2.1972656,0.036315918
88951,1.2574768,-2.194519,-0.056762695
88952,1.3542175,-2.1154785,0.006408691
88953,1.2255859,-1.9569397,-0.09552002
88954,1.2704468,-1.8766785,-0.26901245
88955,1.2138367,-1.9580078,-0.36239624
88956,1.2239075,-1.9361877,-0.4649353
88957,1.2019348,-1.8385315,-0.3062439
88958,1.2533569,-1.7715454,-0.59494019
88959,1.3179016,-1.7541504,-0.4057312
88960,1.1700439,-1.6378784,-0.42236328
88961,1.227417,-1.4785767,-0.58227539
88962,1.4678955,-1.6586304,-0.5531311
88963,1.3270569,-1.5116882,-0.61309815
88964,1.34552,-1.4355469,-0.89263916
88965,1.418457,-1.3943481,-0.95001221
88966,1.4511108,-1.2857056,-0.965271
88967,1.3432312,-1.1495972,-0.7850647
88968,1.2947083,-1.0733032,-1.0095215
88969,1.2731934,-0.98312378,-0.9689331
88970,1.2185669,-0.98800659,-0.88439941
88971,1.2672424,-1.0662842,-1.2271118
88972,1.2625122,-0.96923828,-1.1306763
88973,1.2260437,-0.88699341,-1.2571716
88974,1.2342834,-0.72937012,-1.2332153
88975,1.1894226,-0.73272705,-1.3523865
88976,1.0856628,-0.78018188,-1.2030029
88977,1.2696838,-0.61203003,-1.3249207
88978,1.3076782,-0.43487549,-1.2734985
88979,1.0751343,-0.84899902,-1.2007141
88980,1.0159302,-0.45532227,-1.4085388
88981,1.0043335,-0.18630981,-1.381073
88982,0.99609375,-0.3364563,-1.3702393
88983,0.94741821,-0.2835083,-1.4102173
88984,1.000061,-0.16769409,-1.5122986
88985,0.86639404,-0.096435547,-1.5257263
88986,0.93261719,-0.025024414,-1.4517212
88987,0.63781738,-0.18447876,-1.4007568
88988,0.49972534,0.22918701,-1.2284851
88989,0.59692383,0.072174072,-1.566925
88990,0.71731567,0.20828247,-1.5818787
88991,0.74157715,0.18692017,-1.9059753
88992,0.67901611,0.33325195,-1.3800049
88993,0.63858032,0.38528442,-1.3626099
88994,0.43411255,0.58456421,-1.4547729
88995,0.40359497,0.73944092,-1.3775635
88996,0.30395508,0.59417725,-1.5324402
88997,0.29510498,0.57525635,-1.6223145
88998,0.38696289,0.70281982,-1.7294312
88999,0.46569824,0.7131958,-1.6426086
89000,0.25238037,0.80368042,-1.363678
89001,0.206604,0.90026856,-1.4897156
89002,-0.006561279,0.79208374,-1.3619995
89003,-0.001373291,0.86364746,-1.4811707
89004,0.13824463,0.82489014,-1.4958191
89005,-0.10803223,0.99609375,-1.3795471
89006,-0.16647339,0.92193603,-1.45401
89007,-0.29586792,1.1238098,-1.2097168
89008,-0.45654297,1.3798523,-1.2747192
89009,-0.54962158,1.3873291,-1.2364197
89010,-0.43518066,1.3270569,-1.3046265
89011,-0.74630737,1.3290405,-1.3214111
89012,-0.69412231,1.3458252,-1.1781311
89013,-0.77087402,1.3476563,-1.2252808
89014,-0.67687988,1.1901855,-1.2599182
89015,-0.74249268,1.2698364,-1.2123108
89016,-0.84381103,1.3006592,-0.96038818
89017,-0.9614563,1.3746643,-1.0958862
89018,-0.88882446,1.4460754,-1.1051941
89019,-0.95733643,1.8101501,-0.9324646
89020,-1.0061646,1.7721558,-1.0429382
89021,-1.2321472,1.5774536,-0.84823608
89022,-1.1737061,1.4312744,-0.89950562
89023,-1.2516785,1.439209,-0.71472168
89024,-1.1929321,1.4506531,-0.51971435
89025,-1.4100647,1.661377,-0.51147461
89026,-1.45401,1.4323425,-0.44265747
89027,-1.4978027,1.4569092,-0.57403565
89028,-1.3999939,1.3183594,-0.32333374
89029,-1.6023254,1.3043213,-0.27770996
89030,-1.6522217,1.2562561,-0.42510986
89031,-1.7333984,1.2910461,-0.35369873
89032,-1.6130066,1.4131165,-0.28198242
89033,-1.6662598,1.2548828,-0.12329102
89034,-1.9314575,1.1698914,-0.3704834
89035,-1.8487549,1.1907959,-0.16296387
89036,-1.8165588,1.2722778,-0.10925293
89037,-1.9168091,1.1230469,0.17456055
89038,-1.920929,1.1636353,0.057983398
89039,-1.9421387,1.4985657,0.12374878
89040,-2.0829773,1.2814331,-0.004119873
89041,-2.0127869,1.2475586,0.19592285
89042,-1.9374084,1.1854553,0.33508301
89043,-2.150116,1.2641907,0.25299072
89044,-2.2422791,1.3264465,0.44326782
89045,-2.3805237,0.78048706,0.42648315
89046,-2.2569275,1.3114929,0.36560059
89047,-2.5830078,1.0656738,0.49011231
89048,-2.3434448,1.0610962,0.60562134
89049,-2.3146057,0.91949463,0.55770874
89050,-2.4346924,1.0134888,0.70846558
89051,-2.4511719,0.90652466,0.61157227
89052,-2.364502,1.0177612,0.97976685
89053,-2.2381592,0.83984375,0.93521118
89054,-2.4395752,0.83068848,1.0743713
89055,-2.5080872,0.78140259,0.97824097
89056,-2.5886536,0.51193237,0.64743042
89057,-2.645874,0.71563721,1.1431885
89058,-2.664032,0.47485352,1.4257813
89059,-2.7108765,0.49255371,1.280365
89060,-2.545166,0.42633057,1.4562988
89061,-2.7226257,0.38909912,1.3659668
89062,-2.8353882,0.33599853,1.4678955
89063,-2.6519775,0.33584595,1.436615
89064,-2.6438904,0.29693603,1.4796448
89065,-2.484436,0.23254395,1.5359497
89066,-2.4145508,0.234375,1.6098022
89067,-2.3252869,0.16113281,1.703186
89068,-2.3878479,0.070037842,1.5997314
89069,-2.4761963,0.097503662,1.3586426
89070,-2.5476074,-0.21530151,1.6282654
89071,-2.5804138,-0.22506714,1.7514038
89072,-2.3207092,-0.10772705,1.71875
89073,-2.6068115,-0.29022217,1.5164185
89074,-2.4359131,-0.70175171,1.7878723
89075,-2.3434448,-0.66390991,2.0101929
89076,-2.3872375,-0.5267334,1.9158936
89077,-2.4537659,-0.69442749,1.9639587
89078,-2.4772644,-0.75256348,2.06604
89079,-2.0788574,-0.91766357,2.2380066
89080,-1.9799805,-0.79406738,2.1965027
89081,-2.3910522,-0.91598511,2.1138
89082,-2.4595642,-1.0140991,2.1078491
89083,-2.2291565,-1.3087463,2.0478821
89084,-2.2224426,-1.2962341,2.1929932
89085,-2.0410156,-1.4723206,2.0729065
89086,-1.7430115,-0.98312378,2.2024536
89087,-1.8916321,-1.1717224,2.2396851
89088,-1.7141724,-1.2261963,2.2201538
89089,-1.6815186,-1.3174438,2.1620178
89090,-1.5837097,-1.3093567,2.2888184
89091,-1.7927551,-1.3783264,2.3150635
89092,-1.9691467,-1.4842224,2.2914124
89093,-1.9052124,-1.6372681,2.2680664
89094,-1.4794922,-1.7515564,2.1853638
89095,-1.4483643,-1.8611145,2.1452332
89096,-1.2823486,-1.8174744,2.2000122
89097,-1.4172363,-1.9308472,2.1051025
89098,-1.0453796,-2.101593,2.1380615
89099,-1.1639404,-2.1160889,2.0463562
89100,-1.0205078,-2.1148682,1.9329834
89101,-0.9664917,-1.8318176,2.0602417
89102,-0.97381592,-1.812439,2.2714233
89103,-0.88165283,-1.9290161,1.9779968
89104,-0.91827393,-2.013092,2.1478271
89105,-0.73944092,-1.9641113,2.077179
89106,-0.67657471,-2.0185852,2.0469666
89107,-0.61233521,-2.2093201,1.9667053
89108,-0.65002441,-2.3054504,1.8862915
89109,-0.40374756,-2.3554993,1.930542
89110,-0.34622192,-2.3283386,1.8482971
89111,-0.31860352,-2.459259,1.8424988
89112,-0.27587891,-2.3356628,1.7648315
89113,-0.23193359,-2.2445679,1.7404175
89114,-0.18936157,-2.258606,1.615448
89115,-0.26565552,-2.4453735,1.6229248
89116,-0.16418457,-2.5137329,1.4926147
89117,-0.02532959,-2.5466919,1.8592834
89118,0.19317627,-2.5071716,1.8179321
89119,0.083312988,-2.437439,1.5429688
89120,0.028839111,-2.4188232,1.5359497
89121,0.15396118,-2.230072,1.5686035
89122,0.27175903,-2.3622131,1.3983154
89123,0.2696228,-2.2851563,1.4309692
89124,0.25283814,-2.5256348,1.4196777
89125,0.3793335,-2.585907,1.1680603
89126,0.48400879,-2.5540161,1.1575317
89127,0.3894043,-2.5942993,1.0502625
89128,0.45501709,-2.5099182,1.0929871
89129,0.60211182,-2.6519775,0.89492798
89130,0.5871582,-2.6174927,0.9211731
89131,0.59280396,-2.5038147,0.86074829
89132,0.76889038,-2.5073242,0.8555603
89133,0.82427978,-2.5372314,0.8126831
89134,0.80413818,-2.4389648,0.90881348
89135,0.79147339,-2.3179626,0.65200806
89136,0.8493042,-2.2114563,0.67871094
89137,0.98754883,-2.1954346,0.56228638
89138,1.1444092,-2.3181152,0.47363281
89139,1.0908508,-2.3106384,0.46615601
89140,0.97320557,-2.3558044,0.39855957
89141,1.0708618,-2.1395874,0.34988403
89142,1.0372925,-2.1047974,0.25924683
89143,1.2359619,-2.1173096,0.22094727
89144,1.1553955,-2.2151184,0.15396118
89145,1.2371826,-2.0579529,0.14556885
89146,1.3961792,-2.1891785,-0.055999756
89147,1.3352966,-2.0544434,-0.17089844
89148,1.3323975,-2.0578003,-0.14419556
89149,1.3360596,-2.0780945,-0.020294189
89150,1.4337158,-1.9958496,-0.19165039
89151,1.3989258,-1.8911743,-0.20568848
89152,1.2239075,-1.9276428,-0.20233154
89153,1.428833,-1.9023132,-0.41503906
89154,1.4393616,-1.9287109,-0.40618897
89155,1.54953,-1.725769,-0.53863525
89156,1.4582825,-1.6781616,-0.57922363
89157,1.592865,-1.6734314,-0.63018799
89158,1.5437317,-1.6755676,-0.64910889
89159,1.5000916,-1.6246033,-0.75973511
89160,1.6506958,-1.3916016,-0.74752808
89161,1.44104,-1.4035034,-0.63568115
89162,1.468811,-1.295166,-0.72113037
89163,1.3801575,-1.1291504,-1.1328125
89164,1.2355041,-1.1907959,-0.8531189
89165,1.2678528,-1.3090515,-0.90423584
89166,1.4144897,-1.1878967,-0.97564697
89167,1.2672424,-1.0758972,-0.7925415
89168,1.2988281,-1.0888672,-1.1164856
89169,1.2467957,-1.0710144,-1.2013245
89170,1.1712646,-1.0490417,-1.0519409
89171,1.2084961,-0.86090088,-1.076355
89172,1.2127686,-0.77453613,-1.0205078
89173,1.3287354,-0.85083008,-1.138916
89174,1.1335754,-0.73287964,-1.4057922
89175,1.2390137,-0.69702148,-1.2254334
89176,1.0688782,-0.70983887,-1.4181519
89177,1.1109924,-0.50704956,-1.6548157
89178,1.1236572,-0.25360107,-1.4935303
89179,0.97671509,-0.28594971,-1.3323975
89180,1.0684204,-0.38375855,-1.4108276
89181,1.013031,-0.25695801,-1.5362549
89182,0.95657349,-0.34255981,-1.5316772
89183,0.96984863,-0.070037842,-1.3442993
89184,0.95581055,-0.11032105,-1.4796448
89185,0.92834473,0.090789795,-1.5148926
89186,0.81558228,-0.01373291,-1.5179443
89187,0.68817139,0.066680908,-1.4093018
89188,0.77880859,0.23239136,-1.6409302
89189,0.60729981,0.44036865,-1.5472412
89190,0.58776856,0.23590088,-1.439209
89191,0.56350708,0.50079346,-1.5763855
89192,0.50537109,0.53482056,-1.5513611
89193,0.53878784,0.53314209,-1.552887
89194,0.27511597,0.60745239,-1.5110779
89195,0.28442383,0.70526123,-1.6461182
89196,0.093078613,0.75469971,-1.4590454
89197,0.17715454,0.92269897,-1.4447021
89198,0.11383057,0.90301514,-1.4266968
89199,0.00869751,0.88348389,-1.4399719
89200,0.046386719,0.76004028,-1.5028381
89201,0.1574707,0.77316284,-1.4099121
89202,-0.019226074,0.89355469,-1.4599609
89203,-0.022277832,1.0092163,-1.4807129
89204,-0.15197754,1.008606,-1.4108276
89205,-0.28533936,0.95123291,-1.3378906
89206,-0.25939941,1.1418152,-1.1851501
89207,-0.43060303,1.1787415,-1.2579346
89208,-0.36773682,1.2646484,-1.1012268
89209,-0.48095703,1.3769531,-1.0037231
89210,-0.50598144,1.403656,-1.0980225
89211,-0.91171265,1.3694763,-0.96786499
89212,-0.82702637,1.3117981,-0.99884033
89213,-0.71868897,1.1373901,-1.0438538
89214,-0.74508667,1.2120056,-0.94940185
89215,-0.93093872,1.3667297,-0.96252441
89216,-0.97488403,1.4355469,-0.912323
89217,-1.051178,1.4077759,-0.83007813
89218,-0.99380493,1.5132141,-0.70251465
89219,-1.1273193,1.4784241,-0.76965332
89220,-1.2667847,1.1901855,-0.88226318
89221,-1.4050293,1.5185547,-0.652771
89222,-1.295166,1.3084412,-0.74645996
89223,-1.426239,1.474762,-0.71273804
89224,-1.3478088,1.4498901,-0.66619873
89225,-1.3938904,1.5359497,-0.60836792
89226,-1.5177917,1.6226196,-0.40390015
89227,-1.6783142,1.4868164,-0.42922974
89228,-1.8171692,1.4363098,-0.35522461
89229,-1.6760254,1.6400146,-0.2104187
89230,-1.8058777,1.4126587,-0.30715942
89231,-1.6543579,1.5087891,-0.21896362
89232,-1.7880249,1.4944458,-0.10482788
89233,-1.7050171,1.5719604,-0.00793457
89234,-1.7588806,1.5162659,-0.05569458
89235,-1.8022156,1.4945984,0.032501221
89236,-1.9979858,1.2733459,0.098876953
89237,-1.9026184,1.2550354,0.22506714
89238,-1.9273376,1.3188171,0.12741089
89239,-2.0016479,1.2701416,0.24719238
89240,-2.006073,1.2846375,0.15884399
89241,-2.0730591,1.1201477,0.31951904
89242,-2.1231079,1.1012268,0.29418945
89243,-2.0614624,1.159668,0.44509888
89244,-2.258606,1.4930725,0.67596435
89245,-2.197876,1.1042786,0.55664063
89246,-2.260437,1.1114502,0.69396973
89247,-2.1871948,0.8833313,0.6149292
89248,-2.2663879,0.84472656,0.84442139
89249,-2.3123169,1.0340881,0.88668823
89250,-2.2673035,0.59890747,0.81420898
89251,-2.2966003,0.77789307,0.66192627
89252,-2.1514893,0.87402344,0.95306397
89253,-2.2181702,0.84640503,0.98846435
89254,-2.2590637,0.73989868,1.0426331
89255,-2.3275757,0.6652832,1.000824
89256,-2.129364,0.57281494,1.3757324
89257,-2.0779419,0.62042236,1.315918
89258,-2.2093201,0.3704834,1.1927795
89259,-2.3043823,0.65582275,1.3525391
89260,-2.4003601,0.39611816,1.3955688
89261,-2.3616028,0.36437988,1.4474487
89262,-2.527771,0.39306641,1.5518188
89263,-2.2480774,0.27420044,1.4633179
89264,-2.2599792,0.19897461,1.3928223
89265,-2.3072815,0.02532959,1.4575195
89266,-1.9528198,0.00289917,1.5608215
89267,-2.0355225,0.023498535,1.5884399
89268,-2.1841431,0.042114258,1.6894531
89269,-1.794281,-0.14831543,1.5499878
89270,-1.7610168,-0.35079956,1.5403748
89271,-2.2013855,-0.2029419,1.7364502
89272,-2.038269,-0.30563355,1.7189026
89273,-2.0454407,-0.56976318,1.8589783
89274,-2.2753906,-0.55267334,1.71875
89275,-2.3132324,-0.65795898,1.7749023
89276,-2.0573425,-0.72921753,1.9229126
89277,-2.3629761,-0.78552246,2.0346069
89278,-2.0875549,-0.86242676,1.7933655
89279,-1.7808533,-1.1105347,1.7572021
89280,-1.9433594,-0.92056274,2.0707703
89281,-1.8310547,-1.0992432,1.9540405
89282,-2.0220947,-0.84854126,1.9346619
89283,-1.8341064,-1.1125183,1.9064331
89284,-1.7372131,-1.0598755,1.9921875
89285,-1.7669678,-1.2187195,2.020874
89286,-1.8273926,-1.3249207,2.0202637
89287,-1.7976379,-1.2722778,2.0510864
89288,-1.7466736,-1.124115,2.1737671
89289,-1.4433289,-1.322937,2.2393799
89290,-1.4768982,-1.4128113,1.9721985
89291,-1.4889526,-1.6439819,2.0214844
89292,-1.2472534,-1.5527344,1.9793701
89293,-1.2850952,-1.5402222,1.9618225
89294,-1.6049194,-1.7355347,1.8844604
89295,-1.479187,-1.8746948,2.0332336
89296,-1.1849976,-1.8179321,1.9488525
89297,-1.212616,-1.9573975,2.0509338
89298,-1.1094666,-1.8739319,2.1261597
89299,-0.9715271,-1.9863892,2.1492004
89300,-0.99334717,-2.1614075,1.9380188
89301,-0.89614868,-2.077179,2.0820618
89302,-0.79696655,-2.2192383,1.9259644
89303,-0.74707031,-2.1435547,2.0367432
89304,-0.66802978,-2.0385742,1.9767761
89305,-0.56732178,-2.1159363,1.9734192
89306,-0.46661377,-2.1420288,1.8719482
89307,-0.38925171,-2.2396851,1.9602966
89308,-0.3868103,-2.3027039,1.9250488
89309,-0.25543213,-2.454834,1.8379211
89310,-0.29525757,-2.3643494,1.658783
89311,-0.31784058,-2.1679688,1.7488098
89312,-0.35842895,-2.3144531,1.8092346
89313,-0.12451172,-2.2996521,1.5966797
89314,-0.14663696,-2.4028015,1.5600586
89315,0.16845703,-2.3936462,1.6125488
89316,0.12619019,-2.4475098,1.4901733
89317,0.24734497,-2.5488281,1.3905334
89318,0.17959595,-2.460022,1.5826416
89319,0.20690918,-2.4594116,1.3899231
89320,0.30822754,-2.3332214,1.4802551
89321,0.31585693,-2.4615479,1.1408997
89322,0.41519165,-2.4888611,1.3374329
89323,0.27786255,-2.5772095,1.1871338
89324,0.45181274,-2.3913574,1.260376
89325,0.53268433,-2.5718689,1.3269043
89326,0.46447754,-2.5436401,1.0229492
89327,0.61340332,-2.5720215,0.96862793
89328,0.6729126,-2.8515625,0.84716797
89329,0.7824707,-2.6261902,0.86532593
89330,0.86029053,-2.6687622,0.76446533
89331,0.85021973,-2.5538635,0.67687988
89332,0.9777832,-2.4668884,0.94970703
89333,1.1050415,-2.4049377,0.68786621
89334,0.89614868,-2.3454285,0.58227539
89335,0.98922729,-2.3875427,0.65185547
89336,1.0131836,-2.6002502,0.53131103
89337,0.99151611,-2.3918152,0.49499512
89338,1.0281372,-2.1620178,0.47027588
89339,1.0940552,-2.1838379,0.39154053
89340,1.0269165,-2.150116,0.41015625
89341,1.1373901,-2.0091248,0.23208618
89342,1.1935425,-1.9683838,0.24414063
89343,1.1808777,-2.1411133,0.20996094
89344,1.2710571,-2.192688,0.18493652
89345,1.1682129,-1.9515991,0.18997192
89346,1.1398315,-2.0846558,0.15167236
89347,1.2748718,-1.9197083,-0.034637451
89348,1.4251709,-1.8243408,-0.070648193
89349,1.1032104,-1.9068909,-0.061645508
89350,1.3026428,-1.8785095,-0.11306763
89351,1.413269,-1.8519592,-0.13214111
89352,1.4271545,-1.8470764,-0.1739502
89353,1.3320923,-1.7259216,-0.26412964
89354,1.322937,-1.6583252,-0.3578186
89355,1.3467407,-1.6140747,-0.34118652
89356,1.3114929,-1.5084839,-0.47241211
89357,1.1784363,-1.4733887,-0.4850769
89358,1.2284851,-1.341095,-0.55465698
89359,1.3031006,-1.6885376,-0.57922363
89360,1.3787842,-1.35849,-0.7963562
89361,1.3697815,-1.2158203,-0.8605957
89362,1.4146423,-1.1851501,-0.99685669
89363,1.3536072,-1.26297,-0.89263916
89364,1.1532593,-1.1668396,-0.98022461
89365,1.3497925,-1.0317993,-0.99838257
89366,1.363678,-1.0032654,-0.93444824
89367,1.4349365,-0.90148926,-1.0046387
89368,1.260376,-0.85464478,-1.0516357
89369,1.129303,-0.78445435,-1.1827087
89370,1.1372375,-0.62454224,-1.0325623
89371,1.0818481,-0.73226929,-1.0290527
89372,1.0998535,-0.64636231,-0.96664429
89373,0.96847534,-0.66055298,-1.002655
89374,1.0839844,-0.63217163,-1.121521
89375,0.87463379,-0.67901611,-1.131134
89376,1.0159302,-0.2420044,-1.3009644
89377,1.048584,-0.40054321,-1.2475586
89378,0.88592529,-0.13031006,-1.2304688
89379,0.8140564,-0.25405884,-1.3340759
89380,0.89660644,-0.15945435,-1.2731934
89381,0.90957642,-0.23895264,-1.37146
89382,0.82824707,-0.12313843,-1.2997437
89383,0.38711548,-0.40252686,-1.7050171
89384,0.42480469,0.13061523,-1.6333008
89385,0.64453125,0.012512207,-1.6400146
89386,0.46905518,0.21881103,-1.6070557
89387,0.63873291,0.2456665,-1.5307617
89388,0.6477356,0.30822754,-1.4428711
89389,0.65261841,0.35995483,-1.3708496
89390,0.44158936,0.43212891,-1.3247681
89391,0.48049927,0.48522949,-1.4764404
89392,0.44250488,0.61462402,-1.4297485
89393,0.23880005,0.64620972,-1.5788269
89394,0.28091431,0.65795898,-1.4163208
89395,0.074920654,0.76965332,-1.3543701
89396,0.090789795,0.75622559,-1.2431335
89397,0.22918701,0.88943481,-1.3665771
89398,-0.37292481,0.72738647,-1.222229
89399,0.087432861,0.97000122,-1.3438416
89400,0.062255859,0.8354187,-1.187439
89401,-0.55847168,0.91140747,-1.2835693
89402,-0.28671265,0.91751099,-1.2980652
89403,-0.36102295,0.87890625,-1.2739563
89404,-0.3503418,0.89355469,-1.2522888
89405,-0.4359436,1.0916138,-1.1973572
89406,-0.5166626,1.0656738,-1.237793
89407,-0.47180176,1.1680603,-1.1923218
89408,-0.5770874,1.2672424,-1.1677551
89409,-0.64208984,1.2695313,-1.1102295
89410,-0.61141968,1.2986755,-1.1138916
89411,-0.71517944,1.1585999,-0.98220825
89412,-0.7749939,1.1520386,-1.0606384
89413,-0.89859009,1.2763977,-0.84671021
89414,-0.84991455,1.1779785,-0.80368042
89415,-0.95031738,1.4128113,-0.84915161
89416,-0.94100952,1.4559937,-0.7220459
89417,-1.098175,1.3502502,-0.81542969
89418,-1.1846924,1.4263916,-0.74905396
89419,-1.3874817,1.2098694,-0.68054199
89420,-1.0725403,1.2635803,-0.74676514
89421,-1.3101196,1.3217163,-0.64056397
89422,-1.1564636,1.3960266,-0.5406189
89423,-1.2493896,1.4178467,-0.51696777
89424,-1.3563538,1.3964844,-0.43426514
89425,-1.3391113,1.4096069,-0.39138794
89426,-1.348114,1.451416,-0.24139404
89427,-1.6456604,1.4044189,-0.10681152
89428,-1.3859558,1.4868164,-0.25741577
89429,-1.4907837,1.4093018,-0.19714356
89430,-1.526947,1.3487244,-0.11627197
89431,-1.5985107,1.2561035,-0.040588379
89432,-1.5148926,1.277771,0.014038086
89433,-1.7572021,1.1750793,0.20721435
89434,-1.7556763,1.0758972,0.027923584
89435,-1.9552612,1.1410522,0.28488159
89436,-1.8354797,1.1941528,0.30807495
89437,-1.7747498,1.242981,0.33447266
89438,-1.9648743,1.2109375,0.15441895
89439,-1.9932556,1.1352539,0.36239624
89440,-2.0933533,1.2315369,0.30136108
89441,-1.9606018,0.93551636,0.41992188
89442,-2.0462036,2.1437073,0.60791016
89443,-2.1492004,0.94314575,0.60913086
89444,-2.0109558,1.0705566,0.66604614
89445,-2.2018433,0.95092773,0.78811646
89446,-2.1420288,0.87005615,0.57495117
89447,-2.1632385,0.74874878,0.76019287
89448,-2.1948242,0.95397949,0.77346802
89449,-2.2438049,0.84838867,0.69885254
89450,-2.130127,0.90698242,0.72753906
89451,-2.1786499,0.6930542,0.68023682
89452,-2.0811462,0.44494629,0.73638916
89453,-2.1858215,0.61340332,0.85403442
89454,-2.1360779,0.46905518,1.2043762
89455,-2.2064209,0.71365356,1.2261963
89456,-2.192688,0.58731079,1.2036133
89457,-2.2793579,0.31738281,1.1408997
89458,-2.1058655,0.24810791,1.1720276
89459,-2.1655273,0.1335144,1.3993835
89460,-2.197876,0.20477295,1.438446
89461,-1.9471741,0.05645752,1.257019
89462,-2.0899963,-0.16586304,1.3577271
89463,-2.0344543,-0.22720337,1.4193726
89464,-2.1806335,-0.19989014,1.5386963
89465,-2.1586609,-0.08895874,1.4274597
89466,-2.0515442,-0.34362793,1.6725159
89467,-2.1728516,-0.49743652,1.5541077
89468,-2.1221924,-0.76568603,1.4118958
89469,-2.0445251,-0.47927856,1.7298889
89470,-1.8634033,-0.70755005,1.7390442
89471,-1.8630981,-0.68206787,1.9335938
89472,-2.1070862,-0.71228027,1.7707825
89473,-1.8309021,-0.75164795,1.8182373
89474,-1.764679,-0.83572388,1.8437195
89475,-1.8386841,-0.79574585,1.894989
89476,-1.8545532,-0.83129883,1.8927002
89477,-1.8395996,-0.96603394,1.8562317
89478,-1.64505,-0.95352173,1.8754578
89479,-1.6828918,-0.96282959,1.8621826
89480,-1.6781616,-1.0722351,1.9854736
89481,-1.5847778,-1.1123657,1.9667053
89482,-1.627655,-1.164856,2.0649719
89483,-1.4697266,-1.3204956,2.0951843
89484,-1.5483093,-1.3952637,2.1269226
89485,-1.643219,-1.5600586,1.9752502
89486,-1.3197327,-1.5000916,1.9198608
89487,-1.362915,-1.3877869,1.8516541
89488,-1.2890625,-1.3847351,1.9932556
89489,-1.2963867,-1.5434265,1.7707825
89490,-1.2402344,-1.3928223,1.8690491
89491,-1.4955139,-1.5318298,2.0439148
89492,-1.2062073,-1.5226746,1.9367981
89493,-1.1239624,-1.5115356,1.864624
89494,-1.0836792,-1.5615845,1.9625854
89495,-1.1030579,-1.9099426,1.8783569
89496,-0.95947266,-1.7855835,1.88797
89497,-0.77209473,-1.918335,1.8078613
89498,-0.84060669,-1.7793274,1.8774414
89499,-0.66253662,-1.9673157,1.7829895
89500,-0.56747437,-1.9892883,1.8470764
89501,-0.51177978,-1.9573975,1.8367004
89502,-0.43655395,-1.9885254,1.7445374
89503,-0.44906616,-1.9628906,1.6308594
89504,-0.52551269,-2.0864868,1.6360474
89505,-0.50964356,-2.1253967,1.7237854
89506,-0.39123535,-2.038269,1.6911316
89507,-0.3036499,-2.6092529,1.741333
89508,-0.29556274,-2.3339844,1.6148376
89509,-0.2746582,-2.3208618,1.423645
89510,-0.1045227,-2.1511841,1.5835571
89511,-0.20568848,-2.0765686,1.5283203
89512,-0.21865845,-2.0478821,1.5461731
89513,-0.020904541,-2.0597839,1.5324402
89514,0.051269531,-2.1469116,1.4039612
89515,0.10025024,-2.2709656,1.3272095
89516,0.10269165,-2.258606,1.2712097
89517,0.17471313,-2.2166443,1.3041687
89518,0.21209717,-2.1983337,1.2927246
89519,0.36193848,-2.2583008,1.1627197
89520,0.2243042,-2.2344971,1.1264038
89521,0.43457031,-2.2923279,1.0812378
89522,0.41641235,-2.2283936,1.075592
89523,0.44738769,-2.1432495,0.83023071
89524,0.66986084,-2.0515442,0.92498779
89525,0.73699951,-2.1932983,0.85906982
89526,0.6803894,-2.1604919,0.97747803
89527,0.67993164,-2.048645,0.7736206
89528,0.70800781,-2.2106934,0.67382813
89529,0.89874268,-2.0744324,0.66574097
89530,0.65032959,-2.2599792,0.57327271
89531,0.91033935,-2.1228027,0.53085327
89532,0.86853027,-2.0681763,0.50628662
89533,0.78948975,-2.0365906,0.40908814
89534,0.92697144,-2.0449829,0.37353516
89535,0.86517334,-2.1096802,0.40115356
89536,0.77423096,-2.3284912,0.15716553
89537,0.95703125,-2.1815491,0.17181397
89538,0.97305298,-2.2277832,0.032043457
89539,1.0986328,-2.1391296,0.026702881
89540,1.1039734,-2.1166992,-0.038452148
89541,0.9967041,-1.9720459,0.026397705
89542,1.0639954,-1.8731689,0.097351074
89543,1.0882568,-1.9865417,-0.093383789
89544,1.2023926,-1.9398499,-0.18310547
89545,1.2158203,-1.762085,-0.15426636
89546,1.0494995,-1.8093872,-0.1763916
89547,1.1108398,-1.6699219,-0.22109985
89548,1.0552979,-1.5541077,-0.36239624
89549,1.2242126,-1.6183472,-0.48248291
89550,1.1508179,-1.6227722,-0.51498413
89551,1.0443115,-1.4213562,-0.40252686
89552,1.0998535,-1.4877319,-0.56106567
89553,1.1749268,-1.2928772,-0.48645019
89554,1.2252808,-1.280365,-0.60913086
89555,1.2666321,-1.2132263,-0.69610596
89556,1.2442017,-1.3136291,-0.6010437
89557,1.209259,-1.2536621,-0.70510864
89558,1.219635,-1.0812378,-0.67962647
89559,1.1227417,-1.0946655,-0.74279785
89560,1.1679077,-0.93734741,-0.75942993
89561,1.1842346,-0.9463501,-0.83892822
89562,0.99273682,-0.82351685,-0.8895874
89563,1.1463928,-0.88439941,-1.0212708
89564,1.0957336,-0.93063354,-0.79223633
89565,1.0498047,-0.92834473,-0.8303833
89566,0.98480225,-0.75393677,-1.0920715
89567,0.97335815,-0.58410644,-1.1981201
89568,0.909729,-0.48736572,-1.1445618
89569,0.85021973,-0.42602539,-1.2939453
89570,0.82275391,-0.39123535,-1.3412476
89571,0.86029053,-0.29922485,-1.2301636
89572,0.83206177,-0.33004761,-1.3911438
89573,0.87921143,-0.48522949,-1.1569214
89574,0.87234497,0.47134399,-1.237793
89575,0.76538086,-0.066833496,-1.2583923
89576,0.71624756,0.082092285,-1.3520813
89577,0.7220459,0.034179688,-1.2567139
89578,0.97869873,-0.12054443,-1.4077759
89579,0.42800903,-0.11413574,-1.4804077
89580,0.40145874,-0.14373779,-1.4239502
89581,0.47973633,0.041656494,-1.5245056
89582,0.47470093,0.21118164,-1.1743164
89583,0.44281006,0.28503418,-1.3873291
89584,0.44998169,0.39047241,-1.4146423
89585,0.38253784,0.39550781,-1.4881897
89586,0.43807983,0.46600342,-1.1291504
89587,0.16860962,0.50094604,-1.3378906
89588,0.14541626,0.48217773,-1.1540222
89589,0.14892578,0.50445557,-1.2063599
89590,0.064086914,0.59265137,-1.1761475
89591,-0.064697266,0.62652588,-1.2084961
89592,-0.030822754,0.57373047,-1.2936401
89593,-0.14343262,0.72265625,-1.2664795
89594,-0.14846802,0.68054199,-1.2132263
89595,-0.22827148,0.79895019,-1.137085
89596,-0.21865845,0.8946228,-1.0873413
89597,-0.38970947,0.82550049,-0.94467163
89598,-0.50506592,0.99029541,-1.0671997
89599,-0.48049927,1.1146545,-1.0249329
89600,-0.46463013,1.1526489,-1.0565186
89601,-0.44372559,1.1442566,-0.87982178
89602,-0.4850769,1.0873413,-0.97106934
89603,-0.56869507,0.9387207,-0.95275879
89604,-0.73410034,0.91827393,-0.8442688
89605,-0.59295654,0.94909668,-0.8694458
89606,-0.69580078,1.0708618,-0.84976196
89607,-0.75317383,1.224823,-0.87722778
89608,-0.82504272,1.2057495,-0.88043213
89609,-0.81085205,1.346283,-0.75622559
89610,-1.0539246,1.2460327,-0.80230713
89611,-1.061554,1.1231995,-0.78491211
89612,-1.1949158,1.1352539,-0.69458008
89613,-1.098938,1.1833191,-0.63659668
89614,-1.2503052,1.2969971,-0.49880981
89615,-1.2913513,1.3504028,-0.45379639
89616,-1.3401794,1.3265991,-0.41275024
89617,-1.4167786,1.2207031,-0.26504517
89618,-1.3885498,1.16745,-0.31967163
89619,-1.449585,1.0089111,-0.27450561
89620,-1.567688,1.0917664,-0.13275147
89621,-1.5982056,1.007843,-0.22659302
89622,-1.572113,0.8001709,-0.32165527
89623,-1.6542053,0.93994141,-0.28259277
89624,-1.6435242,0.88058472,-0.11032105
89625,-1.415863,0.95153809,0.051727295
89626,-1.6567993,1.2600708,0.17913818
89627,-1.8110657,1.1236572,0.029296875
89628,-1.6790771,1.1364746,0.13275147
89629,-1.8682861,1.0784912,0.28198242
89630,-1.8292236,1.0852051,0.17944336
89631,-1.803894,1.0646057,0.22827148
89632,-1.7504883,0.9413147,0.52429199
89633,-1.9346619,1.0525513,0.39276123
89634,-1.9911194,0.92880249,0.64361572
89635,-1.9036865,0.9487915,0.68527222
89636,-1.9549561,0.99365234,0.52871704
89637,-2.0477295,0.87463379,0.74234009
89638,-2.0579529,0.72387695,0.82077026
89639,-1.9395447,0.53283691,0.82839966
89640,-2.0837402,0.76385498,0.71914673
89641,-2.1495056,0.67886353,1.0328674
89642,-2.1382141,0.67626953,1.0437012
89643,-2.1282959,0.5519104,0.94833374
89644,-2.0529175,0.58868408,0.90698242
89645,-1.9586182,0.5632019,0.96633911
89646,-2.0347595,0.44067383,1.022644
89647,-2.0695496,0.28442383,0.90942383
89648,-2.0239258,0.31768799,1.1613464
89649,-1.9380188,0.43701172,1.2243652
89650,-2.1939087,0.362854,1.164093
89651,-2.134552,0.37292481,1.2945557
89652,-2.0452881,0.2973938,1.5719604
89653,-1.965332,0.17288208,1.2866211
89654,-1.9674683,-0.030822754,1.3273621
89655,-2.0727539,-0.11520386,1.4752197
89656,-2.1243286,-0.17089844,1.5367126
89657,-2.049408,-0.12527466,1.6665649
89658,-1.9277954,-0.12557983,1.5689087
89659,-1.9932556,-0.23681641,1.545105
89660,-1.8647766,-0.31555176,1.4343262
89661,-1.9229126,-0.41625977,1.7340088
89662,-1.912384,-0.31738281,1.7114258
89663,-1.7861938,-0.55603027,1.5820313
89664,-2.049408,-0.52978516,1.7922974
89665,-2.0466614,-0.54885864,1.7401123
89666,-1.9630432,-0.65872192,1.6842651
89667,-1.93573,-0.8670044,1.6468811
89668,-1.9058228,-1.1117554,1.7565918
89669,-1.7874146,-0.82229614,1.8804932
89670,-1.7462158,-1.0237122,1.8240356
89671,-1.9035339,-1.1862183,1.8615723
89672,-1.8278503,-1.2387085,1.884613
89673,-1.8061829,-1.1941528,1.9972229
89674,-1.7292786,-1.2837219,1.8328857
89675,-1.7353821,-1.2705994,1.9781494
89676,-1.7625427,-1.4135742,2.0072937
89677,-1.6418457,-1.3105774,1.9775391
89678,-1.6072083,-1.2863159,1.8663025
89679,-1.5513611,-1.2887573,2.0753479
89680,-1.4320374,-1.4372253,1.8212891
89681,-1.3186646,-1.4971924,1.879425
89682,-1.3490295,-1.6268921,1.6394043
89683,-1.2759399,-1.7033386,1.8666077
89684,-1.1604309,-1.7153931,1.7373657
89685,-1.161499,-1.8296814,1.7752075
89686,-1.1358643,-1.9880676,1.650238
89687,-1.0681152,-1.9125366,1.7692566
89688,-1.2504578,-2.1955872,1.8432617
89689,-1.0424805,-1.9540405,1.7974854
89690,-0.95413208,-1.8814087,1.7562866
89691,-0.78033447,-1.9451904,1.7591858
89692,-0.75744629,-1.9656372,1.7198181
89693,-0.75073242,-1.9998169,1.8171692
89694,-0.68634033,-2.0109558,1.880188
89695,-0.62469482,-1.9293213,1.8710327
89696,-0.47134399,-2.0231628,1.8144226
89697,-0.4019165,-2.1133423,1.8971252
89698,-0.34988403,-2.1456909,1.6778564
89699,-0.32363892,-2.2016907,1.6369629
89700,-0.3036499,-2.2618103,1.7352295
89701,-0.20263672,-2.3704529,1.5504456
89702,-0.043487549,-2.2857666,1.5841675
89703,-0.1701355,-2.2868347,1.4936829
89704,-0.075683594,-2.3468018,1.6235352
89705,0.076446533,-2.7383423,1.3017273
89706,-0.066223145,-2.4545288,1.2506104
89707,0.13275147,-2.2941589,1.2654114
89708,0.11474609,-2.4504089,1.2696838
89709,0.14511108,-2.3208618,1.2240601
89710,0.22232056,-2.2335815,1.0127258
89711,0.36071777,-2.2076416,1.2380981
89712,0.43670654,-2.3043823,1.1274719
89713,0.44342041,-2.4076843,1.2231445
89714,0.55541992,-2.2796631,1.1526489
89715,0.5305481,-2.4894714,1.0388184
89716,0.57754517,-2.4308777,0.99899292
89717,0.66223144,-2.5927734,0.94039917
89718,0.62683106,-2.5453186,0.77957153
89719,0.80551147,-2.5015259,0.72158813
89720,0.7182312,-2.3112488,0.64941406
89721,0.80581665,-2.2938538,0.74737549
89722,0.97793579,-2.3976135,0.58227539
89723,0.73806763,-2.3045349,0.7182312
89724,0.9815979,-2.2935486,0.50964356
89725,0.89523315,-2.323761,0.43411255
89726,0.98953247,-2.2593689,0.41168213
89727,1.027832,-1.9926453,0.28625488
89728,1.0021973,-1.9810486,0.20324707
89729,1.1193848,-2.0834351,0.10910034
89730,1.0888672,-2.0373535,0.18981934
89731,1.1651611,-2.0747375,0.13854981
89732,1.0037231,-1.9578552,0.10757446
89733,1.207428,-1.8736267,0.070037842
89734,1.2277222,-1.7800903,0.049591064
89735,1.0652161,-1.8856812,-0.077514648
89736,1.1386108,-1.8052673,-0.25970459
89737,1.1903381,-1.9242859,-0.35079956
89738,1.3105774,-1.729126,-0.2722168
89739,1.1476135,-1.7388916,-0.25543213
89740,1.3563538,-1.4434814,-0.31951904
89741,1.3127136,-1.6833496,-0.3074646
89742,1.3139343,-1.4941406,-0.45303345
89743,1.1959839,-1.6271973,-0.56808472
89744,1.2594604,-1.5881348,-0.55160522
89745,1.3348389,-1.550293,-0.50125122
89746,1.3220215,-1.309967,-0.51956177
89747,1.1941528,-1.3674927,-0.6187439
89748,1.0949707,-1.2184143,-0.84274292
89749,1.136322,-1.1877441,-0.74874878
89750,1.1074829,-1.3108826,-0.72113037
89751,1.2731934,-1.1105347,-0.92697144
89752,1.2887573,-1.0813904,-0.96130371
89753,1.3775635,-0.93780518,-0.88256836
89754,1.2275696,-1.0397339,-0.88928223
89755,1.0823059,-0.69168091,-0.89889526
89756,1.0948181,-0.76721191,-0.94772339
89757,1.184082,-0.89385986,-1.0751343
89758,1.1326599,-0.74829102,-1.2031555
89759,1.1184692,-0.79406738,-1.1352539
89760,1.0632324,-0.74707031,-1.0919189
89761,1.1010742,-0.55145264,-1.0409546
89762,1.0377502,-0.52520752,-1.0693359
89763,0.98724365,-0.51727295,-1.2809753
89764,0.87844849,-0.61767578,-1.3084412
89765,0.99258423,-0.3817749,-1.3790894
89766,0.92407227,-0.24978638,-1.25
89767,0.94299316,-0.2142334,-1.3131714
89768,0.91110229,-0.15655518,-1.2078857
89769,0.8404541,-0.12588501,-1.2208557
89770,0.70922852,-0.24047852,-1.2432861
89771,0.56045532,-0.4536438,-1.5106201
89772,0.46630859,1.1576843,-1.4331055
89773,0.4927063,-0.070953369,-1.4390564
89774,0.75393677,0.19638062,-1.3980103
89775,0.56396484,0.29083252,-1.5649414
89776,0.677948,0.39901733,-1.5287781
89777,0.50460815,0.36376953,-1.4074707
89778,0.35140991,0.34454346,-1.5130615
89779,0.53344727,0.43884277,-1.6653442
89780,0.47180176,0.58074951,-1.2382507
89781,0.29342651,0.60623169,-1.4239502
89782,0.3012085,0.53039551,-1.3832092
89783,0.033111572,0.546875,-1.6003418
89784,0.13061523,0.67871094,-1.1756897
89785,-0.005187988,0.7623291,-1.333313
89786,-0.036621094,0.87600708,-1.4624023
89787,-0.027923584,0.92514038,-1.4035034
89788,-0.16342163,0.97457886,-1.138916
89789,-0.13366699,0.92819214,-1.2973022
89790,-0.16815185,0.90209961,-1.3314819
89791,-0.2923584,0.99700928,-1.3510132
89792,-0.24414063,0.98052978,-1.1972046
89793,-0.2684021,0.9715271,-1.1244202
89794,-0.57662964,0.94421387,-1.1289978
89795,-0.51025391,1.0163879,-1.264801
89796,-0.58013916,1.3261414,-1.1364746
89797,-0.63659668,1.2637329,-1.116333
89798,-0.72280884,1.4686584,-1.0180664
89799,-0.81619263,1.2884521,-0.88546753
89800,-0.77575684,1.257782,-1.0388184
89801,-0.94665527,1.2432861,-0.9538269
89802,-0.96298218,1.3140869,-0.92041016
89803,-1.0197449,1.2980652,-0.78125
89804,-0.99411011,1.4570618,-0.70144653
89805,-1.0820007,1.4459229,-0.82809448
89806,-1.171875,1.5342712,-0.80886841
89807,-1.237793,1.5266418,-0.77056885
89808,-1.3015747,1.3851929,-0.63079834
89809,-1.4067078,1.229248,-0.58258057
89810,-1.4489746,1.4022827,-0.53314209
89811,-1.3883972,1.3964844,-0.45623779
89812,-1.5762329,1.5966797,-0.36911011
89813,-1.5542603,1.4828491,-0.30944824
89814,-1.6482544,1.4672852,-0.24765015
89815,-1.5007019,1.4477539,-0.14755249
89816,-1.7453003,1.4147949,-0.12420654
89817,-1.5843201,1.4779663,-0.055236816
89818,-1.6082764,1.3743591,-0.000915527
89819,-1.8479919,1.3444519,-0.057830811
89820,-1.6339111,1.3717651,0.006408691
89821,-1.8783569,1.4198303,-0.13000488
89822,-1.8013,1.428833,0.1550293
89823,-1.890564,1.3612366,0.19485474
89824,-2.0774841,1.2994385,0.25878906
89825,-2.1673584,1.229248,0.50460815
89826,-2.0922852,1.0571289,0.30914307
89827,-2.0899963,1.0800171,0.55236816
89828,-2.026062,1.1967468,0.43960571
89829,-2.1751404,1.0681152,0.64865112
89830,-2.1009827,1.156311,0.61843872
89831,-2.0515442,1.0681152,0.71655273
89832,-2.0817566,1.018219,0.67550659
89833,-2.1075439,1.0618591,0.78521728
89834,-2.1826172,0.71350098,0.81298828
89835,-2.3042297,0.77819824,0.80444336
89836,-2.0588684,0.75820923,0.77850342
89837,-2.1018982,0.72463989,0.88272095
89838,-2.2003174,1.4224243,0.90835571
89839,-2.1682739,0.68161011,1.1334229
89840,-2.2370911,0.60440063,1.1865234
89841,-2.1731567,0.68634033,1.1306763
89842,-2.2085571,0.44494629,1.0707092
89843,-2.2187805,0.48309326,1.0540771
89844,-2.3313904,0.42404175,1.25
89845,-2.2027588,0.40161133,1.2844849
89846,-2.1507263,0.37277222,1.3647461
89847,-2.0875549,0.22903442,1.4453125
89848,-2.1456909,0.030975342,1.3174438
89849,-2.2045898,0.17700195,1.40625
89850,-2.313385,-0.013122559,1.5028381
89851,-2.2801208,-0.027160645,1.5234375
89852,-2.2691345,-0.065002441,1.7893982
89853,-2.2821045,-0.38742065,1.7085266
89854,-2.1946716,-0.31555176,1.6009521
89855,-2.0739746,-0.25283814,1.7500305
89856,-2.0126343,-0.35125732,1.7897034
89857,-1.9830322,-0.4019165,1.68396
89858,-1.9918823,-0.36697388,1.879425
89859,-2.1385193,-0.67352295,1.9442749
89860,-1.9889832,-0.67138672,1.7687988
89861,-2.0185852,-0.72143555,1.7913818
89862,-1.9682312,-0.71746826,1.7147827
89863,-1.7825317,-0.68344116,1.7648315
89864,-1.7074585,-0.753479,1.8649292
89865,-1.864624,-0.78292847,1.942749
89866,-1.781311,-1.0374451,1.987915
89867,-1.835022,-1.2646484,1.9674683
89868,-1.6668701,-1.0826111,2.0367432
89869,-1.6978455,-0.88088989,2.1536255
89870,-1.7002869,-1.1347961,2.1626282
89871,-1.6571045,-1.2251282,2.0690918
89872,-1.598053,-1.2568665,1.9528198
89873,-1.5197754,-1.5814209,2.1029663
89874,-1.3757324,-1.761322,1.8476868
89875,-1.39328,-1.6116333,1.7803955
89876,-1.2141418,-1.4868164,1.9776916
89877,-1.5350342,-1.6259766,2.0341492
89878,-1.3661194,-1.6294861,1.8966675
89879,-1.3362122,-1.7158508,2.0715332
89880,-1.3494873,-2.0124817,1.8510437
89881,-1.4051819,-1.8862915,1.9470215
89882,-1.0598755,-1.870575,1.9877625
89883,-1.1332703,-1.9517517,1.95755
89884,-0.99990845,-1.9528198,2.1350098
89885,-0.92880249,-2.1179199,2.0373535
89886,-0.75927734,-2.1017456,2.2309875
89887,-0.73287964,-2.0794678,1.9616699
89888,-0.69503784,-2.0077515,1.8612671
89889,-0.51940918,-2.0404053,1.9973755
89890,-0.59036255,-2.1723938,1.8736267
89891,-0.4397583,-2.387085,1.9384766
89892,-0.56411743,-2.2555542,1.9114685
89893,-0.43228149,-2.1768188,1.8421936
89894,-0.52276611,-2.2325134,1.8774414
89895,-0.34057617,-2.2283936,1.739502
89896,-0.35736084,-2.3335266,1.7619324
89897,-0.22918701,-2.449646,1.7697144
89898,-0.26794434,-2.3165894,1.7704773
89899,-0.16937256,-2.4118042,1.7446899
89900,0.02243042,-2.408905,1.5368652
89901,0.026855469,-2.368927,1.7456055
89902,0.090942383,-2.4110413,1.6694641
89903,0.080566406,-2.5048828,1.4807129
89904,0.13137817,-2.5210571,1.4511108
89905,0.07522583,-2.6443481,1.5026855
89906,0.2053833,-2.6148987,1.3851929
89907,0.35354614,-2.6441956,1.2937927
89908,0.35705566,-2.5434875,1.3063049
89909,0.39703369,-2.366333,1.100769
89910,0.46951294,-2.2648621,1.0261536
89911,0.52780151,-2.2438049,1.0131836
89912,0.58105469,-2.3126221,1.0884094
89913,0.72280884,-2.4520874,1.1305237
89914,0.70251465,-2.4746704,0.92514038
89915,0.70861816,-2.5396729,0.71289063
89916,0.80932617,-2.5073242,0.96679688
89917,0.87799072,-2.5318909,0.68283081
89918,0.92376709,-2.3722839,0.74783325
89919,0.94482422,-2.518158,0.72494507
89920,0.84365845,-2.3376465,0.66482544
89921,1.0183716,-2.3348999,0.47317505
89922,0.91308594,-2.3486328,0.55664063
89923,1.023407,-2.3951721,0.34484863
89924,0.99334717,-2.4160767,0.28594971
89925,1.2207031,-2.339325,0.1449585
89926,1.3439941,-2.243042,0.18310547
89927,1.1592102,-2.1414185,0.25543213
89928,1.2487793,-2.0956421,0.20202637
89929,1.2109375,-1.8991089,0.13504028
89930,1.3778687,-2.0713806,0.014190674
89931,1.2503052,-2.0718384,-0.23574829
89932,1.3717651,-2.0854187,-0.17410278
89933,1.3659668,-2.1458435,-0.012664795
89934,1.2283325,-2.0422363,-0.15869141
89935,1.3606262,-1.9546509,-0.30502319
89936,1.2431335,-1.7498779,-0.35369873
89937,1.3867188,-1.8528748,-0.34118652
89938,1.4538574,-1.865387,-0.43319702
89939,1.3342285,-1.9085693,-0.39169311
89940,1.2487793,-1.7822266,-0.43395996
89941,1.3723755,-1.5603638,-0.63827515
89942,1.4494324,-1.6838074,-0.70678711
89943,1.5258789,-1.5086365,-0.65460205
89944,1.4311218,-1.3986206,-0.6060791
89945,1.4479065,-1.506958,-0.58807373
89946,1.5725708,-1.3619995,-0.86105347
89947,1.3195801,-1.3526916,-0.97610474
89948,1.3581848,-1.177063,-0.93582153
89949,1.449585,-1.1369324,-0.8908081
89950,1.3734436,-0.98526001,-0.90896606
89951,1.375885,-1.0762024,-1.0871887
89952,1.335144,-0.99060059,-1.0467529
89953,1.3568115,-0.69503784,-1.2303162
89954,1.2026978,-0.75592041,-1.0551453
89955,1.2335205,-0.54672241,-1.1886597
89956,1.2736511,-0.60760498,-1.0487366
89957,1.2294006,-0.68557739,-1.068573
89958,1.0296631,-0.59616089,-1.177063
89959,1.1973572,-0.39047241,-1.206665
89960,1.1941528,-0.41137695,-1.3322449
89961,1.1039734,-0.34851074,-1.4624023
89962,1.0816956,-0.32226563,-1.408844
89963,1.1210632,-0.23925781,-1.5393066
89964,1.0401916,-0.13946533,-1.5315247
89965,0.97305298,-0.12924194,-1.5048218
89966,0.78536987,-0.17242432,-1.4079285
89967,0.41763306,-0.45303345,-1.5657043
89968,0.56457519,-0.53451538,-1.6165161
89969,0.65460205,-0.30181885,-1.4524841
89970,0.80245972,1.4863586,-1.6036987
89971,0.68069458,0.30532837,-1.5887451
89972,0.65246582,0.51803589,-1.6023254
89973,0.65383911,0.44433594,-1.6635132
89974,0.56640625,0.44555664,-1.6746521
89975,0.4914856,0.46203613,-1.7007446
89976,0.47927856,0.50689697,-1.640625
89977,0.31951904,0.49819946,-1.4624023
89978,0.24475098,0.63446045,-1.4411926
89979,0.23193359,0.61462402,-1.5097046
89980,0.13931274,0.8392334,-1.5364075
89981,0.16799927,0.67230225,-1.8379211
89982,0.03326416,0.78704834,-1.4486694
89983,-0.045928955,0.81680298,-1.2554932
89984,-0.007171631,0.93338013,-1.4762878
89985,-0.11901856,0.99380493,-1.4065552
89986,-0.085754395,1.0017395,-1.3491821
89987,-0.33615112,1.1305237,-1.2905884
89988,-0.31524658,1.0925293,-1.2809753
89989,-0.35476685,1.09375,-1.3171387
89990,-0.40817261,1.1199951,-1.2496948
89991,-0.49316406,1.2176514,-1.2944031
89992,-0.55908203,1.3114929,-1.259613
89993,-0.5355835,1.2133789,-1.3482666
89994,-0.69564819,1.2451172,-1.3223267
89995,-0.44830322,1.4303589,-1.2931824
89996,-0.77972412,1.4630127,-1.2771606
89997,-0.82244873,1.5339661,-1.3067627
89998,-0.95062256,1.4950562,-1.1987305
89999,-1.0006714,1.6271973,-0.93231201
90000,-1.0736084,1.3786316,-0.92041016
90001,-1.0464478,1.5226746,-0.88790894
90002,-1.2063599,1.4758301,-0.69534302
90003,-1.1315918,1.499176,-0.70068359
90004,-1.1734009,1.675415,-0.61676025
90005,-1.2091064,1.5917969,-0.57189941
90006,-1.134491,1.3665771,-0.45928955
90007,-1.3082886,1.3796997,-0.51040649
90008,-1.4797974,1.5698242,-0.574646
90009,-1.4595032,1.5122986,-0.43548584
90010,-1.5153503,1.4958191,-0.37521362
90011,-1.6020203,1.5270996,-0.36010742
90012,-1.6340637,1.5264893,-0.36865234
90013,-1.6362,1.5492249,-0.27893066
90014,-1.6911316,1.309967,-0.24047852
90015,-1.6468811,1.4007568,-0.14038086
90016,-1.6821289,1.2940979,-0.076599121
90017,-1.6670227,1.2501526,-0.02166748
90018,-1.864624,1.4691162,0.03616333
90019,-1.9995117,1.4115906,0.06652832
90020,-2.0277405,1.3726807,0.18539429
90021,-2.0172119,1.4837646,0.29479981
90022,-1.9535828,1.2825012,0.17669678
90023,-2.0887756,1.1903381,0.25543213
90024,-2.2102356,1.3580322,0.29281616
90025,-2.1255493,1.2863159,0.39749145
90026,-2.1963501,1.2574768,0.41900635
90027,-2.1353149,1.0929871,0.44342041
90028,-2.3570251,1.038208,0.63781738
90029,-2.1891785,1.0865784,0.68847656
90030,-2.2991943,1.0632324,0.70922852
90031,-2.3052979,0.86105347,0.72280884
90032,-2.3832703,0.81558228,0.75164795
90033,-2.3617554,0.78475952,0.93048096
90034,-2.3207092,0.64834595,1.1489868
90035,-2.3994446,0.43945313,0.94284058
90036,-2.5,2.3114014,1.0580444
90037,-2.4073792,0.62011719,0.9211731
90038,-2.3384094,0.51635742,0.9135437
90039,-2.3857117,0.56549072,0.76828003
90040,-2.2639465,0.58532715,1.0391235
90041,-2.2842407,0.43838501,0.94192505
90042,-2.1061707,0.53161621,1.3088989
90043,-2.2320557,0.29067993,1.2728882
90044,-2.2320557,0.23803711,1.4389038
90045,-1.9854736,0.23330688,1.471405
90046,-2.1385193,-0.003509521,1.262207
90047,-2.1838379,-0.000305176,1.3485718
90048,-2.2798157,0.13580322,1.4219666
90049,-2.1472168,-0.065002441,1.4390564
90050,-2.2491455,-0.079650879,1.6749573
90051,-2.2283936,-0.25253296,1.9441223
90052,-2.4237061,-0.20233154,1.6906738
90053,-2.1478271,-0.29052734,1.7250061
90054,-2.1910095,-0.4170227,1.9749451
90055,-2.2021484,-0.43121338,1.7724609
90056,-2.1893311,-0.63247681,1.6212463
90057,-2.199707,-0.79788208,1.7303467
90058,-2.1231079,-0.71243286,1.9058228
90059,-1.9778442,-0.6842041,1.9317627
90060,-2.1640015,-0.64910889,1.81427
90061,-2.1028137,-0.92651367,2.0324707
90062,-2.1484375,-1.0771179,1.953125
90063,-1.8994141,-1.2011719,2.0027161
90064,-1.9393921,-1.1045837,2.1321106
90065,-1.9093323,-0.88302612,2.1829224
90066,-1.7596436,-1.0420227,2.131958
90067,-1.6668701,-1.1624146,2.2343445
90068,-1.6619873,-1.0241699,1.9787598
90069,-1.7259216,-1.3195801,2.2473145
90070,-1.6552734,-1.4993286,2.0773315
90071,-1.5304565,-1.6239929,2.0898438
90072,-1.6842651,-1.5109253,1.9744873
90073,-1.6282654,-1.7160034,1.9862366
90074,-1.4117432,-1.8563843,1.9795227
90075,-1.2591553,-1.6293335,2.097168
90076,-1.3409424,-1.6729736,1.7997742
90077,-1.4964294,-1.6342163,2.1887207
90078,-1.2858582,-1.7106628,2.008667
90079,-1.1004639,-1.7570496,2.0666504
90080,-1.0903931,-1.6894531,2.1650696
90081,-1.0848999,-1.8797302,1.9673157
90082,-0.88562012,-1.963501,2.0802307
90083,-0.79727173,-2.1261597,2.0172119
90084,-0.74630737,-2.1224976,2.0709229
90085,-0.7800293,-2.0858765,1.9891357
90086,-0.77545166,-2.1037292,2.0336914
90087,-0.73562622,-2.0632935,1.9369507
90088,-0.59997559,-2.2518921,1.9010925
90089,-0.54199219,-2.1020508,1.8792725
90090,-0.5317688,-2.2473145,1.8032837
90091,-0.42022705,-2.1826172,1.7021179
90092,-0.37811279,-2.2842407,1.8858337
90093,-0.33203125,-2.4707031,1.6896057
90094,-0.23391724,-2.4398804,1.9058228
90095,-0.16403198,-2.4328613,1.6925049
90096,-0.21972656,-2.4821472,1.7591858
90097,-0.037536621,-2.4411011,1.5237427
90098,-0.046386719,-2.437439,1.5226746
90099,-0.047607422,-2.4372864,1.3891602
90100,0.064697266,-2.5814819,1.522522
90101,0.12405395,-2.6947021,1.5003967
90102,0.24291992,-2.822876,1.3504028
90103,0.3036499,-2.6831055,1.4878845
90104,0.36773682,-2.48703,1.3999939
90105,0.48095703,-2.583313,1.3543701
90106,0.54351807,-2.462616,1.1677551
90107,0.56991577,-2.4234009,1.2008667
90108,0.55969238,-2.4812317,1.0449219
90109,0.66772461,-2.5231934,0.93734741
90110,0.62072754,-2.4201965,1.0102844
90111,0.58151245,-2.4342346,0.9777832
90112,0.66055298,-2.4630737,0.90286255
90113,0.64636231,-2.4099731,0.89477539
90114,0.77102661,-2.3358154,0.7182312
90115,0.7711792,-2.3933411,0.69747925
90116,0.89172363,-2.3439026,0.65490723
90117,0.95489502,-2.3654175,0.3565979
90118,0.97396851,-2.3158264,0.69488525
90119,0.98861694,-2.2943115,0.4888916
90120,1.0284424,-2.2900391,0.42877197
90121,1.0572815,-2.2451782,0.37002564
90122,1.1811829,-2.0721436,0.40649414
90123,1.0331726,-2.1720886,0.2116394
90124,1.2266541,-2.0420837,0.234375
90125,1.0440063,-2.0574951,0.23773193
90126,1.1390686,-1.9419861,0.13824463
90127,1.0926819,-1.9334412,0.072479248
90128,1.1801147,-1.9857788,0.053710938
90129,1.2104797,-1.9314575,0.046539307
90130,1.2615967,-1.8751526,-0.072784424
90131,1.2693787,-1.8486023,-0.17227173
90132,1.269989,-2.0349121,-0.27694702
90133,1.5014648,-1.9735718,-0.31784058
90134,1.3391113,-1.9316101,-0.4586792
90135,1.3252258,-1.7190552,-0.57403565
90136,1.463623,-1.5512085,-0.44952393
90137,1.6139221,-1.7735291,-0.54626465
90138,1.3420105,-1.6494751,-0.58563232
90139,1.4355469,-1.5145874,-0.73516846
90140,1.4143372,-1.5390015,-0.53512573
90141,1.4926147,-1.5093994,-0.7611084
90142,1.4904785,-1.3674927,-0.90576172
90143,1.6012573,-1.4659119,-0.92315674
90144,1.4160156,-1.2557983,-0.93704224
90145,1.3023376,-1.0824585,-0.89157104
90146,1.3676453,-1.05896,-0.95916748
90147,1.4122009,-1.0754395,-0.91003418
90148,1.219635,-1.0919189,-0.97717285
90149,1.3653564,-0.85861206,-1.0050964
90150,1.2011719,-0.97854614,-1.0693359
90151,1.1628723,-0.75973511,-1.0527039
90152,1.2098694,-0.8404541,-1.1935425
90153,1.2229919,-0.64804077,-1.2921143
90154,1.1723328,-0.60531616,-1.2278748
90155,1.0693359,-0.54931641,-1.1329651
90156,1.1514282,-0.46768189,-1.3571167
90157,1.1611938,-0.52246094,-1.1528015
90158,1.0188293,-0.45898438,-1.1628723
90159,0.94421387,-0.46356201,-1.4448547
90160,0.82122803,-0.41320801,-1.2693787
90161,0.91262817,-0.2671814,-1.3902283
90162,0.80947876,-0.12023926,-1.6256714
90163,0.82077026,-0.1234436,-1.4338684
90164,0.79742432,-0.16189575,-1.5881348
90165,0.68511963,-0.35552978,-1.4862061
90166,0.64819336,-0.26550293,-1.6801453
90167,0.58654785,-0.16036987,-1.474762
90168,0.77056885,0.97183228,-1.6664124
90169,0.72799683,0.30136108,-1.5960693
90170,0.55938721,0.44082642,-1.6331482
90171,0.65368652,0.34561157,-1.5625
90172,0.63964844,0.49530029,-1.5281677
90173,0.65887451,0.3717041,-1.4720154
90174,0.47210693,0.58258057,-1.5315247
90175,0.52307129,0.70632935,-1.5470886
90176,0.27526856,0.76553345,-1.5054321
90177,0.16525269,0.5935669,-1.3999939
90178,0.19805908,0.71975708,-1.4663696
90179,0.092468262,0.76934815,-1.4804077
90180,0.10803223,0.7699585,-1.8045044
90181,0.09979248,0.93856812,-1.7282104
90182,-0.10696411,1.1416626,-1.4596558
90183,-0.17730713,1.2030029,-1.3879395
90184,-0.24093628,1.061554,-1.2037659
90185,-0.27114868,1.0949707,-1.2605286
90186,-0.1399231,1.0154724,-1.3169861
90187,-0.18478394,0.93032837,-1.2866211
90188,-0.41809082,1.0675049,-1.3769531
90189,-0.49926758,0.96115112,-1.2588501
90190,-0.5557251,1.0946655,-1.1991882
90191,-0.41595459,1.0688782,-1.1099243
90192,-0.55465698,1.2385559,-1.0821533
90193,-0.79162598,1.3183594,-1.114502
90194,-1.0238647,1.3160706,-1.1056519
90195,-0.91995239,1.4778137,-0.92956543
90196,-0.9262085,1.3314819,-0.93521118
90197,-1.0037231,1.2101746,-0.91903687
90198,-0.96572876,1.3737488,-0.95855713
90199,-0.98922729,1.3609314,-0.83679199
90200,-1.1856079,1.4196777,-0.99792481
90201,-1.0626221,1.5203857,-0.84716797
90202,-1.1407471,1.3256836,-0.78613281
90203,-0.97305298,1.2701416,-0.70358276
90204,-1.2213135,1.2971497,-0.68023682
90205,-1.2850952,1.3650513,-0.66436768
90206,-1.3027954,1.4706421,-0.4548645
90207,-1.1987305,1.4002991,-0.45211792
90208,-1.4016724,1.2162781,-0.34805298
90209,-1.6255188,1.4025879,-0.39260864
90210,-1.5817261,1.4706421,-0.35308838
90211,-1.4582825,1.3607788,-0.37490845
90212,-1.6668701,1.3800049,-0.33935547
90213,-1.5203857,1.3044739,-0.20904541
90214,-1.9242859,1.1752319,-0.23925781
90215,-1.7767334,1.2081909,-0.055541992
90216,-1.7921448,1.3407898,0.010375977
90217,-1.9462585,1.4250183,0.058135986
90218,-1.9120789,1.398468,0.19378662
90219,-1.9290161,1.423645,0.28747559
90220,-2.0005798,1.3577271,0.40100098
90221,-2.2262573,1.1746216,0.29586792
90222,-2.0866394,1.0134888,0.27801514
90223,-2.0896912,1.1555481,0.29251099
90224,-2.0098877,1.1621094,0.35888672
90225,-2.0739746,1.0096741,0.67398071
90226,-2.1611023,0.98083496,0.55648804
90227,-2.016449,1.0624695,0.53756714
90228,-2.2108459,1.0003662,0.74874878
90229,-2.0883179,0.94604492,0.74066162
90230,-2.354126,0.91278076,0.7774353
90231,-2.1981812,0.92437744,0.7258606
90232,-2.2229004,0.59173584,0.84960938
90233,-2.2245789,0.58792114,0.86013794
90234,-2.0404053,2.1961975,0.89752197
90235,-2.2286987,0.5897522,0.93704224
90236,-2.0742798,0.71640015,1.0571289
90237,-2.225647,0.63201904,1.0385132
90238,-2.250061,0.44158936,1.0469055
90239,-2.1568298,0.51452637,1.3793945
90240,-2.2772217,0.4133606,1.255188
90241,-2.2245789,0.37994385,1.1955261
90242,-2.2142029,0.31555176,1.2371826
90243,-2.2364807,0.30944824,1.3648987
90244,-2.3167419,0.14160156,1.5802002
90245,-2.4320984,0.15426636,1.6772461
90246,-2.4258423,0.14846802,1.6142273
90247,-2.359314,-0.19317627,1.3632202
90248,-1.9775391,-0.42190552,1.5093994
90249,-2.2093201,-0.36712647,1.4930725
90250,-2.0257568,-0.32211304,1.6427612
90251,-2.2029114,-0.46722412,1.6331482
90252,-2.121582,-0.33630371,1.7382813
90253,-2.1112061,-0.32821655,1.7468262
90254,-2.0341492,-0.46142578,1.8942261
90255,-1.9178772,-0.46783447,1.9642639
90256,-2.0574951,-0.57266235,1.9314575
90257,-2.0765686,-0.67977905,1.9003296
90258,-1.9970703,-0.71273804,1.9171143
90259,-1.9625854,-0.78796387,1.9648743
90260,-1.8695068,-0.95962524,1.8656921
90261,-1.9787598,-0.82687378,2.0484924
90262,-1.665802,-1.098175,1.9692993
90263,-1.8693542,-1.0940552,2.0950317
90264,-1.7272949,-0.79147339,1.9955444
90265,-1.7936707,-0.92895508,2.0864868
90266,-1.7755127,-1.0017395,2.0495605
90267,-1.5539551,-1.1056519,2.0228577
90268,-1.5782166,-1.178894,2.182312
90269,-1.5194702,-1.3694763,2.0010376
90270,-1.4019775,-1.618042,1.9406128
90271,-1.3902283,-1.5783691,1.9442749
90272,-1.4654541,-1.6021729,2.0500183
90273,-1.4689636,-1.4822388,2.0878601
90274,-1.3366699,-1.8296814,2.1548462
90275,-1.401062,-1.6159058,2.0404053
90276,-1.255188,-1.7160034,1.9664001
90277,-1.1495972,-1.7079163,2.0285034
90278,-1.1373901,-1.7056274,1.8696594
90279,-1.0388184,-1.8048096,2.0655823
90280,-1.072998,-1.9151306,2.0149231
90281,-0.89233398,-1.9230652,2.0478821
90282,-0.8215332,-2.0036316,2.0446777
90283,-0.86837769,-1.9863892,1.9798279
90284,-0.87615967,-1.9694519,1.9865417
90285,-0.71685791,-2.2021484,1.9299316
90286,-0.54855347,-2.1032715,1.8922424
90287,-0.59265137,-2.1476746,1.9044495
90288,-0.55770874,-2.0736694,1.9430542
90289,-0.44204712,-2.0327759,1.6723633
90290,-0.38391113,-2.0936584,1.8040466
90291,-0.38085938,-2.2828674,1.8321228
90292,-0.3237915,-2.3464966,1.5826416
90293,-0.23422241,-2.4009705,1.5182495
90294,-0.19622803,-2.3797607,1.456604
90295,-0.2255249,-2.3937988,1.3847351
90296,-0.17578125,-2.3199463,1.4453125
90297,-0.046386719,-2.3171997,1.4868164
90298,0.041656494,-2.3588562,1.4691162
90299,0.051269531,-2.3480225,1.2901306
90300,0.17059326,-2.5221252,1.2313843
90301,0.17578125,-2.5527954,1.2986755
90302,0.19683838,-2.5276184,1.2872314
90303,0.23696899,-2.4641418,1.2461853
90304,0.28930664,-2.3861694,1.2188721
90305,0.35491943,-2.3809814,1.1735535
90306,0.40893555,-2.3638916,1.0328674
90307,0.49224853,-2.3410034,1.0273743
90308,0.55862427,-2.545929,0.86914063
90309,0.62530518,-2.4264526,0.88500977
90310,0.58242798,-2.449646,0.92071533
90311,0.62561035,-2.2792053,0.84793091
90312,0.72387695,-2.283783,0.79147339
90313,0.75637817,-2.2575378,0.7774353
90314,0.77423096,-2.3608398,0.6652832
90315,0.98937988,-2.3526001,0.64071655
90316,1.0003662,-2.2444153,0.63293457
90317,0.97671509,-2.1365356,0.59173584
90318,1.023407,-2.3254395,0.34973144
90319,0.91934204,-2.2531128,0.35369873
90320,1.0070801,-2.1827698,0.21026611
90321,1.244812,-2.1202087,0.21713257
90322,1.162262,-2.1116638,0.13824463
90323,1.2095642,-2.0675659,0.14053345
90324,1.1517334,-2.0126343,0.18081665
90325,1.1070251,-2.1043396,0.16662598
90326,1.1495972,-2.1170044,0.1461792
90327,1.2353516,-2.0683289,0.10299683
90328,1.1560059,-2.0927429,-0.021209717
90329,1.184082,-1.9204712,-0.0390625
90330,1.1700439,-1.8734741,-0.15808106
90331,1.1886597,-1.6030884,-0.12298584
90332,1.2353516,-1.8977356,-0.34362793
90333,1.2724304,-1.9029236,-0.38208008
90334,1.2796021,-1.7803955,-0.31356811
90335,1.1271667,-1.7279053,-0.29830933
90336,1.2858582,-1.6809082,-0.44998169
90337,1.3407898,-1.5559387,-0.51116943
90338,1.313324,-1.6113281,-0.56793213
90339,1.5011597,-1.6960144,-0.67260742
90340,1.4608765,-1.4561462,-0.599823
90341,1.3296509,-1.3102722,-0.6578064
90342,1.29776,-1.275177,-0.6451416
90343,1.1727905,-1.2205505,-0.70404053
90344,1.1763,-1.101532,-0.72189331
90345,1.1100769,-1.0858154,-0.90057373
90346,1.2631226,-1.1019897,-0.75363159
90347,1.1105347,-1.0328674,-0.81695557
90348,1.0772705,-1.1273193,-0.90240478
90349,1.1779785,-0.97106934,-0.94146728
90350,1.3354492,-0.99502563,-0.99945068
90351,1.1549377,-0.82000732,-1.0592651
90352,1.2501526,-0.68725586,-1.0546875
90353,0.86959839,-0.66131592,-1.0388184
90354,1.0913086,-0.58197022,-1.0488892
90355,0.93261719,-0.60165405,-1.1917114
90356,1.0020447,-0.40344238,-1.2704468
90357,0.97045898,-0.48309326,-1.2319946
90358,1.0545349,-0.39581299,-1.2464905
90359,0.94421387,-0.30410767,-1.3752747
90360,0.87417603,-0.29281616,-1.1857605
90361,0.95199585,-0.16662598,-1.3891602
90362,1.005249,-0.040588379,-1.3938904
90363,0.71731567,-0.084838867,-1.1929321
90364,0.79116821,-0.32836914,-1.3064575
90365,0.50964356,-0.32363892,-1.5823364
90366,0.60546875,0.98220825,-1.4035034
90367,0.44570923,0.18493652,-1.3409424
90368,0.42144775,0.19348145,-1.3381958
90369,0.57434082,0.26489258,-1.2779236
90370,0.4989624,0.35812378,-1.2692261
90371,0.35064697,0.36026001,-1.3265991
90372,0.31188965,0.5519104,-1.3310242
90373,0.51956177,0.27450561,-1.4096069
90374,0.25604248,0.45654297,-1.2947083
90375,0.40802002,0.29327393,-1.3464355
90376,0.18203735,0.45837402,-1.320343
90377,0.02166748,0.44311523,-1.1747742
90378,0.003967285,0.73516846,-1.206665
90379,-0.077209473,0.69854736,-1.2605286
90380,-0.033874512,0.86288452,-1.2844849
90381,-0.23391724,0.76919556,-1.210022
90382,-0.2923584,1.0290527,-1.1801147
90383,-0.128479,0.89904785,-1.2702942
90384,-0.35263061,1.0595703,-1.2669373
90385,-0.34286499,1.0534668,-1.2524414
90386,-0.45288086,1.1695862,-1.1283875
90387,-0.56930542,1.2239075,-1.0223389
90388,-0.54244995,1.1682129,-1.0443115
90389,-0.57723999,1.010437,-1.0250854
90390,-0.61309815,1.0629272,-0.97702026
90391,-0.62774658,1.1349487,-0.97595215
90392,-0.71105957,1.2322998,-0.85906982
90393,-0.92391968,1.1984253,-0.7522583
90394,-0.87753296,1.2965393,-0.9828186
90395,-0.89141846,1.184082,-0.92453003
90396,-0.90911865,1.239624,-0.86044312
90397,-0.94116211,1.2051392,-0.83404541
90398,-1.1497498,1.2533569,-0.79452515
90399,-1.0388184,1.2179565,-0.68267822
90400,-1.1605835,1.2353516,-0.5657959
90401,-1.2194824,1.3427734,-0.53497315
90402,-1.3485718,1.2496948,-0.54656982
90403,-1.2275696,1.3346863,-0.34194946
90404,-1.3943481,1.4404297,-0.60745239
90405,-1.4006042,1.2878418,-0.34698486
90406,-1.6271973,0.71151733,-0.75317383
90407,-1.4816284,1.1683655,-0.32043457
90408,-1.4804077,1.2884521,-0.16647339
90409,-1.3946533,1.295929,-0.14343262
90410,-1.505127,1.2593079,-0.016937256
90411,-1.6098022,1.1915588,0.094299316
90412,-1.5498352,1.2408447,0.048065186
90413,-1.6984558,1.1621094,0.044250488
90414,-1.6981506,1.2579346,0.042724609
90415,-1.751709,1.0856628,0.21240234
90416,-1.807251,1.0543823,0.28747559
90417,-2.0962524,1.1708069,0.26824951
90418,-1.9592285,1.1450195,0.22476196
90419,-1.9172668,1.1315918,0.33782959
90420,-1.9659424,1.0662842,0.5001831
90421,-1.917572,0.89416504,0.46096802
90422,-1.8875122,0.94619751,0.55679321
90423,-1.9602966,0.96160889,0.63308716
90424,-2.0729065,0.88485718,0.55603027
90425,-2.0524597,0.88745117,0.59753418
90426,-1.9857788,0.7434082,0.83618164
90427,-2.0011902,0.74645996,0.73852539
90428,-1.960907,0.53009033,0.73608398
90429,-2.0898438,0.62545776,0.73486328
90430,-2.1762085,0.40847778,0.85021973
90431,-1.9578552,0.31280518,0.80581665
90432,-1.9445801,1.5715027,0.80047607
90433,-1.864624,0.54489136,0.99365234
90434,-2.0951843,0.33691406,1.0243225
90435,-1.8031311,0.17730713,1.0638428
90436,-2.0137024,0.17089844,1.085968
90437,-2.0298767,0.31158447,1.1889648
90438,-1.9970703,0.29571533,1.2023926
90439,-1.8907166,0.16357422,1.2744141
90440,-2.2198486,0.12008667,1.3113403
90441,-1.9467163,-0.1272583,1.1645508
90442,-2.167511,0.02166748,1.3960266
90443,-1.9889832,-0.062866211,1.3858032
90444,-1.9119263,-0.24963379,1.5104675
90445,-2.0370483,-0.25619507,1.5403748
90446,-1.9754028,-0.15625,1.4094543
90447,-1.965332,-0.55404663,1.4286804
90448,-1.5777588,-0.2230835,1.4007568
90449,-1.834259,-0.35446167,1.6699219
90450,-1.7364502,-0.42892456,1.6918945
90451,-1.862793,-0.58929443,1.8580627
90452,-1.8197632,-0.77850342,1.6900635
90453,-1.8707275,-0.81985474,1.672821
90454,-1.7036438,-0.76354981,1.7095947
90455,-1.8170166,-0.77255249,1.7121887
90456,-1.7852783,-0.79330444,1.8988037
90457,-1.6378784,-0.80032349,1.856842
90458,-1.5979004,-1.0646057,1.8423462
90459,-1.5545654,-1.1607361,1.7738342
90460,-1.4871216,-1.1230469,1.807251
90461,-1.4183044,-1.0386658,1.9178772
90462,-1.4761353,-1.2911987,1.8310547
90463,-1.3754272,-1.0198975,1.9067383
90464,-1.3241577,-1.0871887,1.8397522
90465,-1.3354492,-1.2304688,1.7630005
90466,-1.4286804,-1.2483215,1.8107605
90467,-1.4872742,-1.4353943,1.8426514
90468,-1.3018799,-1.5596008,1.76651
90469,-1.2382507,-1.5036011,1.9815063
90470,-1.1708069,-1.6925049,1.8153381
90471,-1.0258484,-1.7967224,1.7662048
90472,-1.010437,-1.7555237,1.8188477
90473,-1.0533142,-1.7079163,1.7910767
90474,-0.81863403,-1.6127014,1.8026733
90475,-0.85906982,-1.5884399,1.8875122
90476,-0.71655273,-1.7105103,1.7427063
90477,-0.79269409,-1.6259766,1.8547058
90478,-0.68771362,-1.7878723,1.5600586
90479,-0.55511475,-1.9244385,1.6471863
90480,-0.55923462,-1.8473816,1.5873718
90481,-0.496521,-1.9433594,1.7422485
90482,-0.599823,-2.0542908,1.8557739
90483,-0.41290283,-2.2485352,1.6705322
90484,-0.35385132,-2.0736694,1.5658569
90485,-0.21591187,-2.0516968,1.6851807
90486,-0.22827148,-2.0584106,1.6595459
90487,-0.13854981,-2.0823669,1.6200256
90488,-0.23269653,-2.1560669,1.469574
90489,-0.13595581,-2.2561646,1.3449097
90490,-0.021972656,-2.2039795,1.2889099
90491,0.085906982,-2.1940613,1.3056946
90492,0.045776367,-2.2692871,1.3017273
90493,0.17547607,-2.3043823,1.3070679
90494,0.13656616,-2.2409058,1.2593079
90495,0.29296875,-2.2605896,1.2049866
90496,0.31463623,-2.2589111,1.0913086
90497,0.30883789,-2.3220825,1.0827637
90498,0.36560059,-2.2781372,1.1808777
90499,0.40267944,-2.3170471,1.146698
90500,0.36224365,-2.3297119,1.0188293
90501,0.52581787,-2.3406982,0.97610474
90502,0.31311035,-2.4594116,1.0015869
90503,0.55786133,-2.3814392,0.83206177
90504,0.4800415,-2.3321533,0.85021973
90505,0.62316894,-2.3252869,0.72357178
90506,0.63079834,-2.3114014,0.65811157
90507,0.68649292,-2.3434448,0.60028076
90508,0.80307007,-2.2407532,0.55801392
90509,0.84533691,-2.1842957,0.62576294
90510,0.83236694,-2.0960999,0.54916382
90511,0.8291626,-1.9093323,0.5783081
90512,0.94482422,-2.1157837,0.29403686
90513,0.84762573,-2.1063232,0.27496338
90514,0.84106445,-2.1890259,0.23727417
90515,0.9866333,-2.0426941,0.19378662
90516,0.84197998,-1.9076538,0.12054443
90517,0.90484619,-1.8887329,0.007324219
90518,0.92773438,-1.8357849,0.053253174
90519,0.96633911,-1.8844604,-0.16204834
90520,1.0566711,-1.8563843,0.000762939
90521,1.0092163,-1.8041992,0.031433105
90522,1.2464905,-1.8237305,-0.016174316
90523,1.23703,-1.6371155,-0.070495605
90524,1.0470581,-1.6348267,-0.11230469
90525,1.0908508,-1.6011047,-0.10696411
90526,1.08078,-1.6075134,-0.19271851
90527,1.2063599,-1.7900085,-0.34622192
90528,1.2313843,-1.6412354,-0.30197144
90529,1.1355591,-1.5885925,-0.31951904
90530,1.0652161,-1.3305664,-0.44509888
90531,1.1080933,-1.4004517,-0.63537598
90532,1.2184143,-1.2991333,-0.47683716
90533,1.1665344,-1.3494873,-0.67611694
90534,1.1695862,-1.4291382,-0.47210693
90535,1.1477661,-1.2590027,-0.546875
90536,1.0171509,-1.2329102,-0.66009522
90537,0.81176758,-1.0757446,-0.73730469
90538,1.0218811,-1.1349487,-0.71777344
90539,1.1305237,-0.91796875,-0.79193115
90540,1.1004639,-0.74325562,-0.86471558
90541,1.030426,-0.74768066,-0.79589844
90542,1.1672974,-0.68588257,-0.90499878
90543,1.0679626,-0.66055298,-0.89736938
90544,1.1157227,-0.65551758,-0.9324646
90545,1.0148621,-0.57312012,-0.88912964
90546,1.1270142,-0.57342529,-1.0862732
90547,0.94818115,-0.45928955,-1.1860657
90548,0.89767456,-0.46936035,-1.1573791
90549,0.86975098,-0.39596558,-1.1529541
90550,0.88302612,-0.24902344,-1.2705994
90551,0.85571289,-0.18127441,-1.1807251
90552,0.85525513,-0.07019043,-1.2406921
90553,0.68817139,-0.13137817,-1.2205505
90554,0.63522339,-0.019073486,-1.1631775
90555,0.65704346,0.02532959,-1.3284302
90556,0.8126831,0.044708252,-1.3298035
90557,0.52581787,-0.52581787,-1.59729
90558,0.48217773,-0.043640137,-1.3104248
90559,0.55297852,0.12359619,-1.3764954
90560,0.49697876,0.33279419,-1.3833618
90561,0.29556274,0.20996094,-1.1668396
90562,0.38848877,0.26672363,-1.3043213
90563,0.36483765,0.20080566,-1.2475586
90564,0.4347229,1.0165405,-1.2510681
90565,0.2293396,0.43045044,-1.1863709
90566,0.23086548,0.66360474,-1.2779236
90567,0.23986816,0.57785034,-1.355896
90568,0.11657715,0.79727173,-1.1651611
90569,0.061340332,0.63674927,-1.2828064
90570,-0.032196045,0.89508057,-1.2408447
90571,-0.072479248,0.69000244,-1.2150574
90572,-0.092773438,0.78857422,-1.3935852
90573,-0.11962891,0.85296631,-1.3635254
90574,-0.18280029,0.78445435,-1.101532
90575,-0.10818481,0.91278076,-1.1863709
90576,-0.21713257,0.90332031,-1.1929321
90577,-0.40969849,0.94406128,-1.1131287
90578,-0.39306641,0.95443726,-1.0627747
90579,-0.38574219,1.0212708,-0.92727661
90580,-0.44952393,0.95214844,-0.92468262
90581,-0.62820435,1.1071777,-0.85205078
90582,-0.76324463,1.0804749,-0.80490112
90583,-0.64163208,1.1917114,-0.93719482
90584,-0.8605957,1.2887573,-0.79895019
90585,-0.73471069,1.1634827,-0.79589844
90586,-0.96801758,1.1824036,-0.98129272
90587,-0.82489014,1.2069702,-0.83892822
90588,-1.0057068,1.2258911,-0.67108154
90589,-1.0067749,1.3876343,-0.75714111
90590,-1.1123657,1.4234924,-0.55648804
90591,-1.1248779,1.4019775,-0.66802978
90592,-1.0844421,1.3015747,-0.3427124
90593,-1.1529541,1.3201904,-0.52825928
90594,-1.2045288,1.3595581,-0.34988403
90595,-1.2388611,1.2950134,-0.42999268
90596,-1.2583923,1.2402344,-0.39627075
90597,-1.2973022,1.3607788,-0.24612427
90598,-1.4016724,1.3108826,-0.31494141
90599,-1.4529419,1.295166,-0.33630371
90600,-1.5582275,1.2670898,-0.32196045
90601,-1.6671753,1.2301636,-0.32470703
90602,-1.9735718,1.151886,-0.49468994
90603,-1.7842102,1.0267639,-0.14144898
90604,-1.817627,1.0627747,-0.057830811
90605,-1.7475891,1.0949707,0.20889282
90606,-1.7253113,1.3339233,0.13198853
90607,-1.7501831,1.0055542,0.047454834
90608,-1.8406677,1.1062622,0.25100708
90609,-1.8424988,0.95336914,0.22720337
90610,-1.7987061,1.0040283,0.33294678
90611,-1.8344116,0.98007202,0.3012085
90612,-2.0314026,1.0110474,0.53771973
90613,-1.9805908,0.97396851,0.47683716
90614,-1.9955444,0.84716797,0.53039551
90615,-2.0248413,0.8215332,0.48233032
90616,-2.0083618,0.84701538,0.4296875
90617,-1.9812012,0.7875061,0.56854248
90618,-1.879425,0.78948975,0.71212769
90619,-1.9746399,0.85342407,0.63796997
90620,-2.1492004,0.71182251,0.76431274
90621,-2.2184753,0.62515259,0.92590332
90622,-2.1940613,0.61935425,0.75546265
90623,-2.0866394,0.47851563,0.91384888
90624,-2.0541382,0.56442261,1.03302
90625,-2.2422791,0.45669556,1.1683655
90626,-2.1994019,0.34866333,1.0704041
90627,-2.1076965,0.35461426,1.2741089
90628,-2.1264648,0.21011353,1.2982178
90629,-2.1063232,0.15701294,1.2800598
90630,-2.2158813,1.5447998,1.3412476
90631,-2.1702576,0.068359375,1.2411499
90632,-2.0648193,0.22369385,1.4453125
90633,-2.220459,0.010528564,1.5386963
90634,-2.2509766,-0.098724365,1.5190125
90635,-2.293396,-0.17761231,1.6017151
90636,-2.1180725,-0.14709473,1.5655518
90637,-1.9441223,-0.42190552,1.5219116
90638,-1.7733765,-0.15686035,1.2268066
90639,-1.8725586,-0.53421021,1.5774536
90640,-1.889801,-0.40084839,1.6113281
90641,-1.9805908,-0.41625977,1.7984009
90642,-2.0175171,-0.44692993,1.7921448
90643,-1.8234253,-0.50262451,1.7443848
90644,-2.0576477,-0.65155029,1.7930603
90645,-1.9642639,-0.43014526,1.8180847
90646,-1.9406128,-0.56060791,1.6616821
90647,-1.8179321,-0.64498901,1.7115784
90648,-1.7604065,-0.85113525,1.8244934
90649,-1.8615723,-0.97457886,1.8438721
90650,-1.733551,-1.0099792,1.9120789
90651,-1.7765808,-1.0800171,1.9586182
90652,-1.8080139,-1.0223389,1.912384
90653,-1.5405273,-1.0290527,2.0228577
90654,-1.7346191,-1.1437988,2.1342468
90655,-1.580658,-1.1856079,1.967926
90656,-1.7959595,-1.5104675,2.0977783
90657,-1.3995361,-1.4953613,2.0187378
90658,-1.5161133,-1.5936279,2.0254517
90659,-1.3058472,-1.5658569,2.0497131
90660,-1.4105225,-1.6297913,2.1348572
90661,-1.3064575,-1.4578247,1.947937
90662,-1.1117554,-1.5945435,1.9709778
90663,-1.1843872,-1.867218,1.9647217
90664,-1.2678528,-1.9136047,1.9522095
90665,-1.2080383,-1.8736267,1.9421387
90666,-1.1021423,-1.9895935,1.703949
90667,-0.94528198,-2.0716858,1.9245911
90668,-1.0049438,-1.9512939,1.9548035
90669,-0.86013794,-1.9503784,2.0211792
90670,-1.0171509,-1.9416809,1.9845581
90671,-0.78231812,-1.867981,1.8205261
90672,-0.71044922,-1.9128418,1.7604065
90673,-0.67749023,-1.824646,2.0100403
90674,-0.59860229,-2.0594788,2.0310974
90675,-0.61126709,-2.0071411,1.9087219
90676,-0.41870117,-2.0730591,1.8859863
90677,-0.35980225,-1.9812012,1.7233276
90678,-0.47607422,-2.0225525,1.6473389
90679,-0.40924072,-2.1923828,1.6040039
90680,-0.28717041,-2.2741699,1.6235352
90681,-0.25283814,-2.2819519,1.6600037
90682,-0.14785767,-2.3678589,1.4259338
90683,-0.10055542,-2.4176025,1.3479614
90684,-0.19805908,-2.3641968,1.4389038
90685,0.004882813,-2.2773743,1.4141846
90686,0.068359375,-2.1563721,1.5046692
90687,0.093994141,-2.4150085,1.6772461
90688,0.19485474,-2.545166,1.4393616
90689,0.11627197,-2.4789429,1.2841797
90690,0.26931763,-2.5311279,1.3465881
90691,0.24139404,-2.5196838,1.2738037
90692,0.32623291,-2.3779297,1.2780762
90693,0.46447754,-2.4331665,1.2321472
90694,0.47485352,-2.4362183,1.1610413
90695,0.41198731,-2.386322,0.81970215
90696,0.62438965,-2.434082,0.88165283
90697,0.54595947,-2.442627,1.0456848
90698,0.74295044,-2.5436401,0.8505249
90699,0.8555603,-2.3066711,0.83877563
90700,0.8354187,-2.3434448,0.60882568
90701,0.90362549,-2.3587036,0.5796814
90702,0.86120606,-2.3139954,0.49240112
90703,0.90454102,-2.2132874,0.71395874
90704,0.90255737,-2.2813416,0.39489746
90705,0.90881348,-1.9833374,0.46875
90706,0.88592529,-2.2923279,0.42144775
90707,0.91323853,-2.2387695,0.36346436
90708,0.96847534,-2.3104858,0.43228149
90709,1.0871887,-2.2068787,0.42495728
90710,0.90576172,-2.1566772,0.36453247
90711,1.1401367,-2.0135498,0.11276245
90712,1.114502,-2.0300293,0.13824463
90713,1.0916138,-1.8501282,0.18585205
90714,1.0978699,-1.9554138,0.1335144
90715,1.4002991,-1.9598389,0.082397461
90716,1.1720276,-1.8795776,-0.20507813
90717,1.2013245,-1.9580078,-0.14633179
90718,1.328125,-1.8295288,-0.28686523
90719,1.3183594,-1.8151855,-0.24169922
90720,1.2963867,-1.8640137,-0.40969849
90721,1.3183594,-1.8426514,-0.2897644
90722,1.366272,-1.7575073,-0.51391602
90723,1.3731384,-1.6793823,-0.45761108
90724,1.4361572,-1.4746094,-0.53268433
90725,1.2979126,-1.3362122,-0.53024292
90726,1.385498,-1.4691162,-0.57922363
90727,1.3259888,-1.5080261,-0.64285278
90728,1.2461853,-1.3975525,-0.67840576
90729,1.2774658,-1.2193298,-0.85723877
90730,1.3287354,-1.2796021,-0.95886231
90731,1.4045715,-1.0253906,-0.96069336
90732,1.3342285,-1.1653137,-0.99914551
90733,1.5420532,-1.1358643,-0.95886231
90734,1.2399292,-1.0040283,-0.90530396
90735,1.2585449,-1.0568237,-0.97320557
90736,1.2939453,-0.89385986,-0.96694946
90737,1.3076782,-0.71044922,-1.0427856
90738,1.295166,-0.6954956,-1.0728455
90739,1.2501526,-0.60012817,-1.1697388
90740,1.1833191,-0.58380127,-1.1380005
90741,1.1231995,-0.58837891,-1.2425232
90742,1.1029053,-0.52734375,-1.3163757
90743,1.0696411,-0.45623779,-1.219635
90744,1.0281372,-0.34469605,-1.322937
90745,0.98114014,-0.40740967,-1.2889099
90746,0.83892822,-0.43121338,-1.3287354
90747,0.83740234,-0.40496826,-1.3986206
90748,0.93978882,-0.13412476,-1.4920044
90749,0.83953857,0.10513306,-1.3761902
90750,0.94558716,0.032653809,-1.4146423
90751,0.67886353,-0.17532349,-1.468811
90752,0.87249756,-0.11047363,-1.6184998
90753,0.86639404,-0.016174316,-1.4456177
90754,0.65994263,0.090179443,-1.5663147
90755,0.57373047,0.24353027,-1.3639832
90756,0.52459717,0.40649414,-1.3957214
90757,0.52001953,0.5480957,-1.5040588
90758,0.59844971,0.51757813,-1.5869141
90759,0.5279541,0.57006836,-1.5371704
90760,0.46325684,0.48233032,-1.5008545
90761,0.33203125,0.39077759,-1.2110901
90762,0.32333374,0.85235596,-1.2957764
90763,0.22994995,0.66177368,-1.4042664
90764,0.081634521,0.64880371,-1.3850403
90765,0.011444092,0.74905396,-1.4419556
90766,-0.052032471,0.83892822,-1.3935852
90767,-0.047302246,0.75500488,-1.4079285
90768,-0.031280518,0.90545654,-1.3230896
90769,-0.081176758,0.91690063,-1.3136291
90770,-0.24078369,1.0836792,-1.3594055
90771,-0.22857666,1.0379028,-1.2808228
90772,-0.36727905,1.0586548,-1.3424683
90773,-0.30181885,1.0583496,-1.3745117
90774,-0.37582397,1.1291504,-1.1883545
90775,-0.44143677,1.0731506,-1.1982727
90776,-0.35812378,1.2106323,-1.126709
90777,-0.44845581,1.0493469,-1.1192322
90778,-0.64086914,1.2528992,-1.4289856
90779,-0.63278198,1.3270569,-1.1474609
90780,-0.74035644,1.3232422,-1.0925293
90781,-0.79330444,1.348114,-0.89782715
90782,-0.70587158,1.4277649,-0.80932617
90783,-0.89248657,1.3317871,-0.85281372
90784,-0.99014282,1.3685608,-0.94207764
90785,-0.95626831,1.2591553,-0.9425354
90786,-1.0630798,1.3717651,-0.91644287
90787,-1.0928345,1.373291,-0.70953369
90788,-1.1201477,1.3780212,-0.57373047
90789,-1.1479187,1.4025879,-0.68267822
90790,-1.2442017,1.4805603,-0.70968628
90791,-1.2641907,1.4222717,-0.62011719
90792,-1.4118958,1.2918091,-0.39550781
90793,-1.4746094,1.3780212,-0.25115967
90794,-1.3969421,1.4318848,-0.38696289
90795,-1.4982605,1.3496399,-0.31219482
90796,-1.5093994,1.4367676,-0.15579224
90797,-1.5158081,1.4828491,-0.055236816
90798,-1.600647,1.3279724,-0.12207031
90799,-1.6496277,1.5419006,-0.10665894
90800,-1.8167114,1.3723755,-0.071411133
90801,-1.75354,1.6287231,-0.22399902
90802,-1.8432617,1.2031555,0.051422119
90803,-1.6651916,1.2928772,0.12908935
90804,-2.0399475,1.3525391,0.33386231
90805,-1.8988037,1.3024902,0.2583313
90806,-2.0959473,1.2988281,0.18280029
90807,-2.1807861,1.2585449,0.4637146
90808,-2.0840454,1.2171936,0.40969849
90809,-2.0883179,1.2361145,0.57418823
90810,-2.0568848,1.1903381,0.48583984
90811,-2.066803,1.0533142,0.66497803
90812,-2.215271,1.0778809,0.61203003
90813,-2.2618103,1.0684204,0.64590454
90814,-2.0387268,1.0591125,0.64544678
90815,-2.2250366,0.95367432,0.76080322
90816,-2.2702026,1.0040283,0.84442139
90817,-2.3071289,0.77896118,0.86013794
90818,-2.2293091,0.71655273,0.83862305
90819,-2.1853638,0.64361572,0.91018677
90820,-2.2328186,0.7510376,1.0774231
90821,-2.2807312,0.60379028,1.0456848
90822,-2.3272705,0.63903809,1.2576294
90823,-2.2839355,0.37994385,1.2884521
90824,-2.4182129,0.28244019,1.3490295
90825,-2.3202515,0.28991699,1.3294983
90826,-2.3641968,0.23406982,1.1561584
90827,-2.2065735,0.033874512,1.3348389
90828,-2.3146057,1.2435913,1.590271
90829,-2.3135376,0.05859375,1.5408325
90830,-2.2956848,-0.046386719,1.8095398
90831,-2.3553467,-0.18157959,1.5931702
90832,-2.2203064,-0.035705566,1.5888977
90833,-2.2860718,-0.2772522,1.4776611
90834,-2.4200439,-0.34255981,1.6085815
90835,-2.3156738,-0.4598999,1.8095398
90836,-2.2424316,-0.32043457,1.7965698
90837,-2.1482849,-0.6678772,1.7268372
90838,-2.076416,-0.52154541,1.7796326
90839,-2.036438,-0.57556152,1.7935181
90840,-1.9348145,-0.48828125,1.9477844
90841,-2.0797729,-0.703125,2.0341492
90842,-1.9923401,-0.69473267,2.0657349
90843,-1.9975281,-0.70526123,2.162323
90844,-1.8450928,-0.60028076,2.0542908
90845,-1.8444824,-0.65368652,2.0944214
90846,-1.8025208,-0.8303833,1.9136047
90847,-1.7214966,-0.86776733,2.0339966
90848,-1.7875671,-0.98892212,2.0149231
90849,-1.7163086,-1.0905457,1.8882751
90850,-1.831665,-1.2155151,1.9857788
90851,-1.653595,-1.1454773,1.9372559
90852,-1.6647339,-1.1959839,2.024231
90853,-1.5704346,-1.3102722,2.1343994
90854,-1.5223694,-1.4556885,1.9680786
90855,-1.5338135,-1.6757202,2.1398926
90856,-1.6139221,-1.9299316,2.1569824
90857,-1.6056824,-1.6453552,2.0422363
90858,-1.5829468,-1.6429138,1.9787598
90859,-1.4656067,-1.6929626,1.673584
90860,-1.3528442,-1.8418884,1.9088745
90861,-1.2886047,-1.77948,1.9869995
90862,-1.2139893,-1.8736267,1.8917847
90863,-1.1869812,-1.7893982,2.0056152
90864,-1.0145569,-1.7340088,2.0143127
90865,-0.86791992,-1.7875671,1.8890381
90866,-0.8883667,-1.9706726,2.0330811
90867,-0.8140564,-1.9268799,1.9140625
90868,-0.78048706,-1.9941711,1.8937683
90869,-0.7723999,-2.1479797,1.5901184
90870,-0.78308106,-2.1342468,1.7538452
90871,-0.58563232,-2.1014404,1.864624
90872,-0.4649353,-2.2994995,1.7648315
90873,-0.34408569,-2.3173523,1.8359375
90874,-0.46707153,-2.2789001,1.7391968
90875,-0.31234741,-2.2439575,1.8383789
90876,-0.40496826,-2.2401428,1.829834
90877,-0.28457642,-2.230072,1.8435669
90878,-0.17028809,-2.300415,1.7214966
90879,-0.24154663,-2.3860168,1.7602539
90880,-0.074310303,-2.4771118,1.5463257
90881,-0.14968872,-2.5080872,1.5187073
90882,0.046234131,-2.5048828,1.3580322
90883,0.12771606,-2.4285889,1.3916016
90884,0.11367798,-2.485199,1.4364624
90885,0.12405395,-2.371521,1.4601135
90886,0.18676758,-2.4331665,1.3661194
90887,0.28900147,-2.6211548,1.2124634
90888,0.31845093,-2.4824524,1.2304688
90889,0.5001831,-2.6649475,0.91018677
90890,0.60379028,-2.4310303,1.1134338
90891,0.5279541,-2.4325562,1.1923218
90892,0.72067261,-2.4879456,0.96115112
90893,0.68908691,-2.4832153,0.77651978
90894,0.65811157,-2.4546814,0.90454102
90895,0.84503174,-2.3640442,0.85510254
90896,0.69519043,-2.3602295,0.92254639
90897,0.89614868,-2.1751404,0.83267212
90898,0.80795288,-2.1894836,0.68023682
90899,0.91552734,-2.1287537,0.59936523
90900,1.0018921,-2.3539734,0.5696106
90901,0.91644287,-2.4432373,0.53405762
90902,1.043396,-2.4493408,0.61157227
90903,1.0110474,-2.2782898,0.50094604
90904,0.95779419,-2.3904419,0.35736084
90905,1.1016846,-2.1963501,0.21484375
90906,1.1112976,-2.1728516,0.27069092
90907,1.1477661,-2.1166992,0.12451172
90908,1.1074829,-2.2470093,0.10467529
90909,1.1465454,-2.191925,-0.19454956
90910,1.3468933,-2.1617126,-0.028076172
90911,1.4051819,-2.0256042,-0.18890381
90912,1.3156128,-1.8141174,-0.069122314
90913,1.3444519,-1.8453979,-0.14205933
90914,1.5118408,-1.9129944,-0.22003174
90915,1.3302612,-1.986084,-0.24078369
90916,1.3574219,-1.8139648,-0.22003174
90917,1.4149475,-1.8191528,-0.26809692
90918,1.4385986,-1.8527222,-0.36102295
90919,1.3755798,-1.7008972,-0.47729492
90920,1.4778137,-1.6368103,-0.62484741
90921,1.3850403,-1.7340088,-0.69030762
90922,1.4086914,-1.6615295,-0.71792603
90923,1.4653015,-1.5490723,-0.6993103
90924,1.3244629,-1.4779663,-0.68099976
90925,1.2271118,-1.4202881,-0.56335449
90926,1.2954712,-1.2145996,-0.70419312
90927,1.3049316,-1.1682129,-0.78857422
90928,1.272583,-1.1224365,-0.80657959
90929,1.2574768,-1.2469482,-0.87463379
90930,1.1354065,-1.1080933,-0.7170105
90931,1.1846924,-1.0543823,-1.1164856
90932,1.1793518,-1.1122131,-0.91751099
90933,1.3619995,-1.0775757,-1.0501099
90934,1.3154602,-0.96618652,-1.04599
90935,1.2289429,-0.68115234,-1.0092163
90936,1.353302,-0.62652588,-1.1482239
90937,1.1448669,-0.66192627,-1.2115479
90938,1.0961914,-0.67962647,-1.1973572
90939,0.98907471,-0.61569214,-1.1709595
90940,0.92727661,-0.4951477,-1.289978
90941,1.0676575,-0.40298462,-1.2727356
90942,1.0270691,-0.49011231,-1.3716125
90943,0.95520019,-0.36254883,-1.3285828
90944,0.95809937,-0.15594482,-1.3075256
90945,0.97747803,-0.14892578,-1.4785767
90946,0.79864502,-0.032196045,-1.2504578
90947,0.70922852,-0.098876953,-1.4105225
90948,0.650177,-0.21331787,-1.5794373
90949,0.79895019,0.050964355,-1.4183044
90950,0.67306519,-0.005950928,-1.3908386
90951,0.82672119,-0.003662109,-1.4393616
90952,0.78994751,0.18890381,-1.4572144
90953,0.66894531,0.21118164,-1.5570068
90954,0.60836792,0.38421631,-1.5286255
90955,0.58868408,0.41320801,-1.5496826
90956,0.51605225,0.55801392,-1.5278625
90957,0.37216186,0.52032471,-1.7245483
90958,0.43579102,0.38131714,-1.5452576
90959,0.41351318,0.42694092,-1.3595581
90960,0.18066406,1.4642334,-1.630249
90961,0.18005371,0.66711426,-1.4872742
90962,0.13015747,0.69641113,-1.1747742
90963,-0.084838867,0.79223633,-1.2901306
90964,-0.128479,1.023407,-1.3731384
90965,-0.17364502,1.084137,-1.330719
90966,-0.28213501,1.0220337,-1.1781311
90967,-0.36056519,1.0171509,-1.0771179
90968,-0.46051025,1.2652588,-1.2255859
90969,-0.43609619,1.237793,-1.0961914
90970,-0.49606323,1.4070129,-1.192627
90971,-0.55297852,1.2408447,-1.2948608
90972,-0.4347229,1.3627625,-1.1558533
90973,-0.61203003,1.1834717,-1.1312866
90974,-0.74615478,1.177063,-1.1532593
90975,-0.65185547,1.2649536,-1.2078857
90976,-0.78460693,1.2774658,-0.94177246
90977,-0.92285156,1.428833,-1.015625
90978,-0.98800659,1.4329529,-0.909729
90979,-0.93994141,1.6488647,-0.88165283
90980,-0.87203979,1.5182495,-0.87219238
90981,-0.95031738,1.4704895,-0.91140747
90982,-1.0140991,1.3876343,-0.79299927
90983,-1.1126709,1.3989258,-0.66497803
90984,-1.1790466,1.5158081,-0.63919067
90985,-1.1651611,1.489563,-0.62408447
90986,-1.2576294,1.4701843,-0.60073853
90987,-1.315918,1.4694214,-0.56991577
90988,-1.4630127,1.4924622,-0.68725586
90989,-1.4195251,1.4523315,-0.57678223
90990,-1.4978027,1.4302063,-0.52246094
90991,-1.5901184,1.4935303,-0.3565979
90992,-1.6149902,1.4544678,-0.27877808
90993,-1.6491699,1.4202881,-0.19592285
90994,-1.6969299,1.2275696,-0.29052734
90995,-1.8716431,1.4868164,-0.11795044
90996,-1.9358826,1.305542,-0.048217773
90997,-1.9439697,1.177063,-0.1184082
90998,-2.0457458,1.2457275,-0.007629395
90999,-2.0329285,1.2832642,0.055236816
91000,-1.9869995,1.3012695,0.17929077
91001,-2.0024109,1.2593079,0.14251709
91002,-1.9270325,1.3374329,0.22354126
91003,-1.9818115,1.2643433,0.31646728
91004,-2.1229553,1.199646,0.37109375
91005,-1.9967651,1.1724854,0.33859253
91006,-2.0797729,1.2051392,0.34881592
91007,-2.0092773,1.2030029,0.54779053
91008,-2.2457886,1.1753845,0.45104981
91009,-2.2328186,1.1575317,0.68328857
91010,-2.137146,1.1941528,0.68862915
91011,-2.2441101,1.0821533,0.77041626
91012,-2.2489929,0.78536987,0.75683594
91013,-2.3179626,0.77682495,0.78765869
91014,-2.3800659,0.75363159,0.98907471
91015,-2.376709,0.90362549,0.98510742
91016,-2.170105,0.83389282,0.93551636
91017,-2.3728943,0.73791504,1.0437012
91018,-2.3683167,0.73165894,0.98464966
91019,-2.2842407,0.57052612,1.0153198
91020,-2.2828674,0.47561645,1.1393738
91021,-2.1662903,0.4649353,1.1433411
91022,-2.2277832,0.52383423,1.5023804
91023,-2.1928406,0.38696289,1.5380859
91024,-2.2869873,0.057525635,1.3720703
91025,-2.1643066,0.015869141,1.3386536
91026,-2.074585,1.2068176,1.3415527
91027,-2.1151733,0.061035156,1.2277222
91028,-2.2132874,0.2142334,1.6386414
91029,-2.1640015,0.004730225,1.6828918
91030,-2.2984314,-0.022125244,1.7214966
91031,-2.2970581,-0.060424805,1.6532898
91032,-2.0805359,-0.027313232,1.7094421
91033,-2.2009277,-0.23742676,1.7404175
91034,-2.1716309,-0.34729004,1.8856812
91035,-2.3101807,-0.43289185,1.7877197
91036,-2.2462463,-0.48202515,1.9230652
91037,-2.1168518,-0.70404053,1.714325
91038,-2.0523071,-0.730896,1.7132568
91039,-1.9763184,-0.80047607,1.6972351
91040,-1.9992065,-0.912323,1.7260742
91041,-2.0283508,-0.85372925,1.9293213
91042,-1.9917297,-0.74874878,1.8223572
91043,-2.0614624,-0.88851929,2.0077515
91044,-1.7532349,-1.0314941,1.993866
91045,-1.9326782,-1.0549927,1.9392395
91046,-1.8040466,-1.3049316,1.9902039
91047,-1.8045044,-1.3716125,2.0594788
91048,-1.7999268,-1.5344238,1.925354
91049,-1.6093445,-1.3742065,2.1009827
91050,-1.6004944,-1.4060974,1.9538879
91051,-1.5205383,-1.2188721,1.9911194
91052,-1.4356995,-1.365509,1.8638611
91053,-1.5322876,-1.7599487,1.9000244
91054,-1.3069153,-1.5649414,2.1478271
91055,-1.4620972,-1.7512512,2.1504211
91056,-1.3346863,-1.8029785,2.1321106
91057,-1.2585449,-1.8933105,2.0579529
91058,-1.1752319,-1.9120789,2.0761108
91059,-1.2814331,-1.9647217,2.0811462
91060,-1.0372925,-2.0011902,2.1676636
91061,-1.0325623,-1.9987488,2.0414734
91062,-0.88623047,-1.9186401,2.0950317
91063,-0.85479736,-1.9247437,2.1081543
91064,-0.90652466,-2.0262146,2.1321106
91065,-0.85525513,-2.1122742,2.0384216
91066,-0.81344604,-2.2027588,1.9129944
91067,-0.71029663,-2.0927429,2.043457
91068,-0.68572998,-2.2473145,1.8127441
91069,-0.52612305,-2.2486877,1.8780518
91070,-0.50750732,-2.3193359,1.842041
91071,-0.51193237,-2.1961975,1.7089844
91072,-0.3314209,-2.3251343,1.8249512
91073,-0.26855469,-2.1696472,1.8009949
91074,-0.25527954,-2.257843,1.6835022
91075,-0.18280029,-2.2782898,1.7211914
91076,-0.15045166,-2.2753906,1.6737366
91077,-0.10742188,-2.3214722,1.4248657
91078,-0.069122314,-2.3197937,1.5515137
91079,-0.026550293,-2.3562622,1.5838623
91080,0.13061523,-2.3562622,1.3850403
91081,0.18676758,-2.3272705,1.2869263
91082,0.24261475,-2.3712158,1.5158081
91083,0.24124145,-2.3492432,1.2963867
91084,0.32180786,-2.4234009,1.2875366
91085,0.42312622,-2.4685669,1.3922119
91086,0.39916992,-2.5349426,1.2811279
91087,0.50491333,-2.6582336,1.1065674
91088,0.41610718,-2.6173401,1.2026978
91089,0.54214478,-2.4752808,1.0128784
91090,0.58502197,-2.6335144,1.0842896
91091,0.64880371,-2.8178406,0.90377808
91092,0.61645508,-2.5390625,0.92956543
91093,0.69885254,-2.5695801,0.8013916
91094,0.81954956,-2.504425,0.91461182
91095,0.81787109,-2.5897217,0.87417603
91096,0.86807251,-2.5115967,0.71350098
91097,0.95748901,-2.396698,0.68756103
91098,0.81573486,-2.4304199,0.57617188
91099,0.90942383,-2.2541809,0.59020996
91100,0.94924927,-2.2392273,0.55297852
91101,1.0771179,-2.2424316,0.4284668
91102,1.1012268,-2.2891235,0.40283203
91103,1.0942078,-2.3277283,0.43945313
91104,1.1222839,-2.3497009,0.14190674
91105,1.053009,-2.2097778,-0.001068115
91106,1.1227417,-2.1923828,0.06439209
91107,1.1373901,-2.0936584,0.059661865
91108,1.1181641,-2.0918274,0.087432861
91109,1.1584473,-1.9171143,0.068969727
91110,1.2995911,-1.9566345,-0.045471191
91111,1.34552,-2.0187378,-0.13641357
91112,1.2591553,-1.9540405,-0.13275147
91113,1.2313843,-1.8328857,-0.27893066
91114,1.3252258,-1.8225098,-0.20629883
91115,1.3613892,-1.7860413,-0.37597656
91116,1.3795471,-1.7713928,-0.51635742
91117,1.3871765,-1.7565918,-0.6237793
91118,1.5283203,-1.7752075,-0.6199646
91119,1.309967,-1.640625,-0.4296875
91120,1.4529419,-1.4756775,-0.51925659
91121,1.448822,-1.3905334,-0.52597046
91122,1.3922119,-1.4079285,-0.57983398
91123,1.3372803,-1.3842773,-0.67733765
91124,1.3903809,-1.385498,-0.75241089
91125,1.3569641,-1.2628174,-0.72570801
91126,1.4608765,-1.4154053,-0.80612183
91127,1.5162659,-1.2904358,-0.8454895
91128,1.5460205,-1.3095093,-0.90530396
91129,1.4242554,-1.1282349,-1.0137939
91130,1.5161133,-1.0002136,-1.0681152
91131,1.1711121,-1.1233521,-0.99365234
91132,1.3478088,-1.0710144,-1.1810303
91133,1.1605835,-0.82931519,-1.3000488
91134,1.1138916,-0.70724487,-1.2754822
91135,1.15448,-0.82519531,-1.2071228
91136,1.0798645,-0.63186646,-1.3354492
91137,1.1997986,-0.62561035,-1.073761
91138,1.1450195,-0.31661987,-1.2103271
91139,1.1746216,-0.46188355,-1.1773682
91140,1.0653687,-0.43319702,-1.3270569
91141,0.93505859,-0.27008057,-1.4398193
91142,0.89447022,-0.25756836,-1.2059021
91143,0.89614868,-0.29174805,-1.3693237
91144,0.65261841,0.14129639,-1.2988281
91145,0.65109253,0.024414063,-1.2937927
91146,0.95504761,0.009460449,-1.413269
91147,0.72540283,0.11566162,-1.4341736
91148,0.72082519,-0.13076782,-1.3510132
91149,0.69396973,0.10467529,-1.5228271
91150,0.69152832,0.24841309,-1.4205933
91151,0.59066772,0.39260864,-1.5226746
91152,0.47637939,0.27755737,-1.5246582
91153,0.52307129,0.26412964,-1.3642883
91154,0.60317993,0.44372559,-1.3832092
91155,0.35858154,0.59417725,-1.4648438
91156,0.43930054,0.45822144,-1.388855
91157,0.26473999,0.39871216,-1.4285278
91158,0.2053833,1.0731506,-1.4930725
91159,0.13336182,1.3798523,-1.5739441
91160,0.09475708,0.58105469,-1.335144
91161,0.055999756,0.67657471,-1.5126038
91162,0.076904297,0.73348999,-1.5164185
91163,0.061950684,0.80001831,-1.5245056
91164,0.049591064,1.0662842,-1.3667297
91165,-0.18920898,1.0717773,-1.5213013
91166,-0.25482178,0.99914551,-1.3870239
91167,-0.29464722,1.2304688,-1.4787292
91168,-0.37979126,1.2149048,-1.3162231
91169,-0.28671265,1.1605835,-1.2309265
91170,-0.44647217,1.2207031,-1.1463928
91171,-0.62545776,1.1494446,-1.1810303
91172,-0.64270019,1.0844421,-1.0414124
91173,-0.7774353,1.133728,-1.0446167
91174,-0.71929932,1.2153625,-1.0832214
91175,-0.61248779,1.3838196,-1.000061
91176,-0.82946777,1.4323425,-0.92041016
91177,-0.8203125,1.3391113,-0.89157104
91178,-0.92163086,1.3667297,-0.85998535
91179,-0.9765625,1.2666321,-0.90332031
91180,-0.95413208,1.3264465,-0.85342407
91181,-1.0247803,1.3771057,-0.96160889
91182,-1.043396,1.4543152,-0.74386597
91183,-1.0852051,1.3845825,-0.62973022
91184,-1.3276672,1.427002,-0.66925049
91185,-1.2689209,1.4529419,-0.5229187
91186,-1.2150574,1.3209534,-0.5090332
91187,-1.2484741,1.4700317,-0.3465271
91188,-1.375885,1.4979553,-0.39001465
91189,-1.4616394,1.2820435,-0.47073364
91190,-1.4093018,1.3027954,-0.32714844
91191,-1.5817261,1.129303,-0.36834717
91192,-1.769104,1.1494446,-0.28839111
91193,-1.7840576,1.3989258,-0.31478882
91194,-1.7581177,1.4830017,-0.064544678
91195,-1.6877747,1.3265991,-0.047149658
91196,-1.8060303,1.2469482,0.058746338
91197,-1.8299866,1.3122559,-0.027618408
91198,-1.7268372,1.2680054,0.094909668
91199,-1.8237305,1.2879944,-0.035858154
91200,-1.955719,1.2168884,0.21514893
91201,-2.026062,1.2033081,0.2406311
91202,-1.9699097,1.1373901,0.4069519
91203,-1.9203186,1.1260986,0.2331543
91204,-1.9789124,1.1784363,0.43304443
91205,-2.0545959,1.2850952,0.50109863
91206,-2.1405029,1.0990906,0.4977417
91207,-2.1714783,0.91979981,0.45654297
91208,-2.0928955,1.0626221,0.60623169
91209,-2.1354675,1.1206055,0.44952393
91210,-2.2309875,0.83694458,0.5607605
91211,-2.2509766,0.94528198,0.70709228
91212,-2.0321655,0.86669922,0.91094971
91213,-2.0909119,0.68359375,0.90942383
91214,-2.1662903,0.675354,1.0586548
91215,-2.1974182,0.62988281,1.0621643
91216,-2.0594788,0.67840576,0.96130371
91217,-2.2261047,0.69503784,0.96832275
91218,-2.2254944,0.54229736,1.0775757
91219,-2.2924805,0.70251465,0.84075928
91220,-2.281189,0.52688599,1.0600281
91221,-2.2987366,0.10757446,1.2255859
91222,-2.2158813,0.24902344,1.0772705
91223,-2.2622681,-0.051269531,1.0522461
91224,-2.2134399,0.010986328,0.74768066
91225,-2.3010254,0.043945313,1.1830139
91226,-2.277832,1.1514282,1.2716675
91227,-2.2808838,0.86456299,1.6401672
91228,-2.1624756,0.088653564,1.6072083
91229,-2.1487427,-0.24414063,1.6607666
91230,-1.9863892,-0.03692627,1.6644287
91231,-2.0419312,-0.33355713,1.6357422
91232,-2.0585632,-0.36560059,1.6151428
91233,-2.0469666,-0.23010254,1.8148804
91234,-1.9882202,-0.42541504,1.7066956
91235,-2.084198,-0.55603027,1.8832397
91236,-2.0195007,-0.54397583,1.6674805
91237,-1.9946289,-0.66558838,1.6946411
91238,-1.9848633,-0.54733276,1.847229
91239,-1.9168091,-0.7460022,1.9972229
91240,-1.8388367,-0.59997559,1.9865417
91241,-1.8809509,-0.73074341,2.0495605
91242,-1.8714905,-1.1843872,1.7904663
91243,-1.7698669,-1.1950684,1.8499756
91244,-1.6963196,-1.1860657,1.882019
91245,-1.6506958,-1.1468506,1.9367981
91246,-1.3871765,-1.3171387,1.914978
91247,-1.6221619,-1.2542725,1.8901062
91248,-1.4855957,-1.2261963,1.9450378
91249,-1.4183044,-1.2800598,1.9033813
91250,-1.5106201,-1.3092041,1.9599915
91251,-1.5830994,-1.4320374,1.9311523
91252,-1.3980103,-1.6133118,1.9361877
91253,-1.2886047,-2.0140076,1.9345093
91254,-1.2188721,-1.7407227,1.9061279
91255,-1.2670898,-1.6543579,1.9384766
91256,-1.1529541,-1.6415405,1.9422913
91257,-1.023407,-1.6989136,2.0788574
91258,-1.0969543,-1.8008423,2.1990967
91259,-1.0002136,-1.829071,1.8965149
91260,-1.0995483,-1.8305969,1.995697
91261,-1.0076904,-1.9346619,1.9378662
91262,-1.0227966,-1.8380737,1.993866
91263,-0.76843262,-1.8504334,1.9900513
91264,-0.78353882,-1.9433594,1.9210815
91265,-0.70495606,-1.9039917,1.9020081
91266,-0.61538696,-2.0140076,1.9052124
91267,-0.58502197,-2.0825195,1.8873596
91268,-0.42724609,-2.1557617,1.8122864
91269,-0.41168213,-2.0991516,1.7559814
91270,-0.36254883,-2.1765137,1.7358398
91271,-0.37567139,-2.1907043,1.6955566
91272,-0.340271,-2.2753906,1.6358948
91273,-0.34072876,-2.2973633,1.6836548
91274,-0.27542114,-2.2541809,1.6459656
91275,-0.22949219,-2.1864319,1.5884399
91276,-0.07598877,-2.2727966,1.5722656
91277,-0.02243042,-2.2827148,1.4056396
91278,-0.033569336,-2.3988342,1.3337708
91279,-0.13671875,-1.9850159,1.5406799
91280,0.054321289,-1.8650818,1.3223267
91281,0.059509277,-1.9128418,1.3435364
91282,0.23742676,-2.2515869,1.2301636
91283,0.2192688,-2.4012756,1.2145996
91284,0.27450561,-2.4691772,1.2014771
91285,0.32836914,-2.4415588,1.1854553
91286,0.39321899,-2.4118042,1.0899353
91287,0.36483765,-2.3413086,1.0635376
91288,0.46569824,-2.3468018,1.0122681
91289,0.54107666,-2.281189,0.92697144
91290,0.53268433,-2.4911499,0.72418213
91291,0.47729492,-2.3542786,0.60256958
91292,0.59829712,-2.2451782,0.69824219
91293,0.6350708,-2.281189,0.80352783
91294,0.63995361,-2.2589111,0.55953979
91295,0.74035644,-2.1632385,0.6539917
91296,0.83282471,-2.17453,0.7131958
91297,0.8164978,-2.0593262,0.60546875
91298,0.82214356,-2.2184753,0.48553467
91299,0.98770142,-2.2319031,0.36499023
91300,1.0325623,-2.2666931,0.39260864
91301,0.94085693,-2.1890259,0.29907227
91302,1.0493469,-2.0629883,0.26504517
91303,1.0185242,-2.0596313,0.11703491
91304,1.0267639,-1.962738,-0.001983643
91305,1.089325,-1.884613,0.072021484
91306,0.91491699,-1.9573975,0.082550049
91307,1.0221863,-1.9192505,-0.063323975
91308,1.1782837,-1.8161011,-0.11413574
91309,1.1077881,-1.750946,-0.1071167
91310,1.1367798,-1.9656372,-0.2355957
91311,1.2275696,-1.8650818,-0.094451904
91312,1.2185669,-1.8692017,-0.31570435
91313,1.174469,-1.8048096,-0.32196045
91314,1.254425,-1.5661621,-0.24902344
91315,1.1779785,-1.340332,-0.29510498
91316,1.2231445,-1.3882446,-0.5015564
91317,1.1465454,-1.3972473,-0.47729492
91318,1.1416626,-1.4401245,-0.5166626
91319,1.2112427,-1.365509,-0.59249878
91320,1.2281799,-1.3748169,-0.61889648
91321,1.2141418,-1.1886597,-0.60211182
91322,1.1402893,-1.1242676,-0.67260742
91323,1.2307739,-1.138916,-0.77865601
91324,1.2353516,-1.2017822,-0.79681397
91325,1.076355,-1.0293579,-0.84579468
91326,1.1669922,-1.1044312,-0.89477539
91327,1.056366,-0.93902588,-0.83847046
91328,1.1160278,-0.81726074,-0.93856812
91329,1.2597656,-0.79177856,-0.91644287
91330,0.74905396,-0.67810059,-0.94558716
91331,0.93795776,-0.65658569,-0.9614563
91332,1.2368774,-0.83023071,-1.088562
91333,1.0740662,-0.53009033,-1.2789917
91334,0.99655151,-0.49301147,-1.1508179
91335,1.0639954,-0.53131103,-1.0317993
91336,0.85769653,-0.3767395,-1.1358643
91337,0.91613769,-0.28701782,-1.2088013
91338,0.8644104,-0.26535034,-1.2091064
91339,0.7409668,-0.14282227,-1.1437988
91340,0.74996948,-0.11108398,-1.2243652
91341,0.76263428,-0.14526367,-1.209259
91342,0.64025879,-0.085906982,-1.2203979
91343,0.59280396,0.006103516,-1.1050415
91344,0.6703186,-0.21331787,-1.2176514
91345,0.46478272,-0.20355225,-1.2501526
91346,0.45379639,-0.2029419,-1.2605286
91347,0.48095703,-0.15411377,-1.2361145
91348,0.4498291,0.18081665,-1.2419128
91349,0.48278809,0.27297974,-1.3540649
91350,0.42022705,0.36300659,-1.2124634
91351,0.21560669,0.31585693,-1.0736084
91352,0.27679443,0.4397583,-1.1381531
91353,0.15563965,0.41610718,-1.1100769
91354,0.13671875,0.41290283,-1.2771606
91355,0.054931641,0.36682129,-1.3287354
91356,-0.052337646,0.33981323,-1.2823486
91357,-0.17074585,0.58914185,-1.3452148
91358,-0.079803467,0.39611816,-1.1245728
91359,-0.21835327,0.49194336,-1.1576843
91360,-0.18310547,1.081543,-1.2036133
91361,-0.21896362,0.59432983,-1.1021423
91362,-0.40283203,0.76538086,-1.1555481
91363,-0.2305603,0.76828003,-1.0984802
91364,-0.37658691,0.84686279,-0.93154907
91365,-0.29876709,0.89294434,-1.1767578
91366,-0.43060303,1.1016846,-1.0765076
91367,-0.41320801,1.0202026,-1.0295105
91368,-0.30471802,1.0574341,-0.98693848
91369,-0.59616089,1.0055542,-0.90789795
91370,-0.52536011,1.104126,-0.89355469
91371,-0.63217163,1.1271667,-0.84335327
91372,-0.71380615,1.1250305,-0.89553833
91373,-0.73120117,1.1607361,-0.78735352
91374,-0.8682251,1.2237549,-0.67947388
91375,-1.0189819,1.2062073,-0.56838989
91376,-1.0316467,1.0699463,-0.49057007
91377,-0.99822998,0.9475708,-0.4838562
91378,-1.1174011,0.97824097,-0.60623169
91379,-1.1935425,1.0612488,-0.46905518
91380,-1.2739563,1.0722351,-0.49621582
91381,-1.4750671,1.0780334,-0.40344238
91382,-1.2843323,1.055603,-0.40740967
91383,-1.3713074,1.1288452,-0.39794922
91384,-1.4425659,1.033783,-0.36087036
91385,-1.3702393,1.0116577,-0.3515625
91386,-1.6815186,0.57312012,-0.59082031
91387,-1.5942383,0.93185425,-0.16235352
91388,-1.6296387,1.000061,-0.045166016
91389,-1.6423035,1.1375427,0.023193359
91390,-1.6156006,1.2171936,0.01663208
91391,-1.652832,1.1260986,0.05279541
91392,-1.8193054,0.96435547,0.16433716
91393,-1.7927551,1.1219788,0.035552979
91394,-1.6218567,1.1140442,0.21728516
91395,-1.6625977,1.1482239,0.2420044
91396,-1.8397522,0.965271,0.16525269
91397,-1.9546509,0.89477539,0.33554077
91398,-1.8725586,0.9173584,0.37612915
91399,-1.9223022,0.90209961,0.46035767
91400,-1.9589233,0.88699341,0.50582886
91401,-1.8408203,0.89874268,0.56915283
91402,-1.9436646,0.75820923,0.49057007
91403,-1.8994141,0.79391479,0.48217773
91404,-1.9470215,0.95565796,0.72631836
91405,-2.0367432,0.72113037,0.73287964
91406,-2.30896,0.65002441,0.76263428
91407,-2.0883179,0.31677246,0.69519043
91408,-2.0635986,0.54397583,0.84915161
91409,-2.1214294,0.49743652,0.92712402
91410,-1.9226074,0.44647217,0.96435547
91411,-2.0388794,0.51025391,0.67260742
91412,-2.0137024,0.55892944,0.98434448
91413,-2.069397,0.44692993,1.071167
91414,-2.0808411,0.26641846,1.0438538
91415,-2.0928955,0.31784058,1.1759949
91416,-2.0617676,-0.010223389,1.1019897
91417,-1.9377136,0.13885498,1.2350464
91418,-1.9885254,0.10498047,1.3818359
91419,-2.0445251,0.043792725,1.0917664
91420,-1.9610596,-0.22064209,1.3548279
91421,-2.1157837,-0.32058716,1.5884399
91422,-2.0225525,-0.39489746,0.81466675
91423,-2.0246887,-0.24276733,1.4463806
91424,-1.9470215,-0.37811279,1.4207459
91425,-2.0141602,-0.5531311,1.3998413
91426,-1.9487,-0.44799805,1.5234375
91427,-1.9146729,-0.49057007,1.6145325
91428,-1.9067383,-0.71807861,1.7324829
91429,-1.9200134,-0.66757202,1.8338013
91430,-1.7628479,-0.57800293,1.7298889
91431,-1.7366028,-0.57342529,1.7822266
91432,-1.9706726,-0.88638306,1.7604065
91433,-1.7756653,-0.89904785,1.8423462
91434,-1.6950989,-1.091156,1.7449951
91435,-1.7050171,-0.83297729,1.8263245
91436,-1.7391968,-0.93612671,1.723175
91437,-1.7086792,-0.91949463,1.7337036
91438,-1.4819336,-1.2306213,1.6146851
91439,-1.7987061,-1.2464905,1.7939758
91440,-1.774292,-1.2792969,1.7779541
91441,-1.5512085,-1.1775208,1.9235229
91442,-1.4855957,-1.1894226,2.0585632
91443,-1.6186523,-1.3058472,2.011261
91444,-1.5534973,-1.3201904,2.0671082
91445,-1.4344788,-1.4375305,1.6940308
91446,-1.4389038,-1.4480591,1.8939209
91447,-1.3381958,-1.4680481,1.8173218
91448,-1.2350464,-1.4637756,1.9715881
91449,-1.2280273,-1.5512085,1.9166565
91450,-1.1616516,-1.6801453,1.7282104
91451,-1.0586548,-1.6494751,1.8205261
91452,-0.9602356,-1.7904663,1.8081665
91453,-0.89782715,-1.6876221,1.8667603
91454,-1.0148621,-1.7489624,1.9117737
91455,-0.77224731,-1.7857361,1.9924927
91456,-0.73150635,-1.8986511,1.7805481
91457,-0.81512451,-1.9610596,1.8960571
91458,-0.62271118,-2.0256042,1.6592407
91459,-0.77209473,-2.0983887,1.8440247
91460,-0.61233521,-2.0410156,1.578064
91461,-0.43304443,-1.9967651,1.6418457
91462,-0.38848877,-2.121582,1.6775513
91463,-0.44906616,-2.142334,1.7681885
91464,-0.38208008,-2.1331787,1.4682007
91465,-0.31982422,-2.2436523,1.5098572
91466,-0.18508911,-2.1604919,1.5338135
91467,-0.097045898,-2.1856689,1.4784241
91468,-0.006561279,-2.2241211,1.5730286
91469,-0.14755249,-2.2207642,1.4141846
91470,0.064697266,-2.277832,1.335907
91471,0.097961426,-2.2521973,1.4271545
91472,0.26580811,-2.4026489,1.2405396
91473,0.1550293,-2.2354126,1.3128662
91474,0.092163086,-2.3266602,1.1824036
91475,0.12588501,-2.2746277,1.2031555
91476,0.18325806,-2.2268677,1.204071
91477,0.26916504,-2.1710205,1.1668396
91478,0.30975342,-2.2407532,1.1517334
91479,0.4107666,-2.2399902,1.0223389
91480,0.48721314,-2.1981812,0.92788696
91481,0.574646,-2.2236633,0.83465576
91482,0.62637329,-2.2570801,0.84838867
91483,0.67520142,-2.2981262,0.82626343
91484,0.70755005,-2.3748779,0.7611084
91485,0.73547363,-2.4505615,0.68847656
91486,0.83053589,-2.3130798,0.71228027
91487,0.80871582,-2.2453308,0.76583862
91488,0.73730469,-2.2622681,0.66894531
91489,0.78125,-2.1305847,0.61828613
91490,0.8442688,-1.9810486,0.62606812
91491,0.88073731,-2.0426941,0.51712036
91492,0.88073731,-2.0436096,0.46630859
91493,0.93444824,-2.0544434,0.41137695
91494,0.99868774,-1.9981384,0.31951904
91495,0.97183228,-2.0553589,0.1651001
91496,1.1186218,-1.9664001,0.14099121
91497,1.08078,-1.9668579,0.02166748
91498,1.0171509,-1.9511414,0.048217773
91499,0.97915649,-1.9906616,0.12374878
91500,1.1074829,-1.9032288,0.054931641
91501,1.2420654,-1.8743896,-0.059967041
91502,1.2065125,-1.7008972,-0.099334717
91503,1.146698,-1.6824341,-0.14312744
91504,1.2217712,-1.6421509,-0.34790039
91505,1.1676025,-1.6413879,-0.22445679
91506,1.1219788,-1.6514587,-0.45196533
91507,1.0931396,-1.5646362,-0.33752441
91508,1.2586975,-1.5313721,-0.45043945
91509,1.2532043,-1.4117432,-0.52154541
91510,1.2117004,-1.4187622,-0.48538208
91511,1.2106323,-1.3742065,-0.51986694
91512,1.2597656,-1.4323425,-0.44281006
91513,1.1968994,-1.4772034,-0.58135986
91514,1.2268066,-1.2835693,-0.69091797
91515,1.1425781,-1.2097168,-0.81604004
91516,1.0054016,-1.2055969,-0.66482544
91517,1.0362244,-0.99334717,-0.80764771
91518,1.0101318,-1.1096191,-0.67092896
91519,1.1790466,-0.92880249,-0.75988769
91520,1.0440063,-1.0394287,-0.97259522
91521,1.0357666,-0.83496094,-0.85510254
91522,0.96435547,-0.5607605,-0.89859009
91523,0.98571777,-0.49072266,-0.86257935
91524,1.033783,-0.35415649,-0.96939087
91525,0.87677002,-0.49087524,-0.98495483
91526,0.97961426,-0.39886475,-1.2130737
91527,0.93582153,-0.39978027,-1.098938
91528,0.96115112,-0.46386719,-1.1643982
91529,0.93444824,-0.37994385,-1.1080933
91530,1.0903931,-0.44708252,-1.1976624
91531,0.84503174,-0.26748657,-1.348114
91532,0.78094482,-0.29708862,-1.227417
91533,0.76934815,-0.086975098,-1.2664795
91534,0.70083618,-0.046539307,-1.144104
91535,0.6552124,-0.11352539,-1.076355
91536,0.66589356,-0.042724609,-1.2754822
91537,0.3767395,-0.13763428,-1.497345
91538,0.3112793,-0.46096802,-1.4329529
91539,0.38818359,-0.15716553,-1.4985657
91540,0.49163818,0.088653564,-1.4672852
91541,0.51467896,0.29800415,-1.2602234
91542,0.43518066,0.33035278,-1.4785767
91543,0.51971435,0.41381836,-1.3475037
91544,0.28381348,0.23345947,-1.3835144
91545,0.2406311,0.40985107,-1.4163208
91546,0.11474609,0.38452148,-1.4306641
91547,0.038757324,0.53741455,-1.3639832
91548,0.074920654,0.55999756,-1.3548279
91549,0.087890625,0.50415039,-1.340332
91550,0.018615723,0.68786621,-1.2817383
91551,0.05569458,0.9034729,-1.1791992
91552,-0.20614624,0.87173462,-1.3763428
91553,-0.096282959,0.99807739,-1.2380981
91554,-0.10070801,1.0212708,-1.3600159
91555,-0.26519775,1.0089111,-1.5412903
91556,-0.23162842,1.0296631,-1.2385559
91557,-0.48492432,0.99990845,-0.98922729
91558,-0.39001465,0.88821411,-1.1312866
91559,-0.55358887,0.96832275,-0.92956543
91560,-0.59631348,1.1607361,-0.97488403
91561,-0.74615478,1.1424255,-0.95581055
91562,-0.77270508,1.0948181,-0.86654663
91563,-0.90515137,1.0723877,-0.80825806
91564,-0.84854126,1.3046265,-0.77209473
91565,-0.91751099,1.3253784,-0.87890625
91566,-0.92544556,1.3005066,-0.81832886
91567,-1.0997009,1.2297058,-0.74249268
91568,-1.0240173,1.2487793,-0.77392578
91569,-1.1003113,1.2965393,-0.7258606
91570,-1.1994934,1.2362671,-0.73562622
91571,-1.3066101,1.3813782,-0.76431274
91572,-1.3630676,1.4923096,-0.88531494
91573,-1.3374329,1.3594055,-0.4876709
91574,-1.262207,1.3189697,-0.61431885
91575,-1.2698364,1.2878418,-0.49682617
91576,-1.3017273,1.2884521,-0.40771484
91577,-1.5489197,1.315155,-0.25848389
91578,-1.4689636,1.3360596,-0.3225708
91579,-1.5393066,1.3183594,-0.15014648
91580,-1.6372681,1.3441467,-0.093383789
91581,-1.5707397,1.2484741,-0.1802063
91582,-1.7933655,1.1878967,-0.1713562
91583,-1.7362976,1.2283325,0.001373291
91584,-1.6291809,1.2541199,-0.058746338
91585,-1.8544006,1.2954712,0.11657715
91586,-1.8586731,1.2802124,0.16479492
91587,-1.9012451,1.1018372,0.11550903
91588,-1.6586304,1.1865234,0.2444458
91589,-1.7604065,1.0357666,0.36392212
91590,-1.9680786,1.0235596,0.30761719
91591,-2.0065308,1.0668945,0.30166626
91592,-2.0137024,1.0507202,0.29571533
91593,-2.076416,0.95169067,0.53848267
91594,-2.0101929,1.0287476,0.54595947
91595,-2.1276855,0.82061768,0.5545044
91596,-2.0129395,0.85983276,0.68908691
91597,-2.0547485,0.78155518,0.82839966
91598,-2.088623,0.81481934,0.7131958
91599,-2.1867371,0.7749939,0.85083008
91600,-2.1052551,0.78109741,0.81832886
91601,-2.2236633,0.68313599,0.67855835
91602,-2.2596741,0.59692383,0.84854126
91603,-2.2198486,0.46386719,0.88424683
91604,-2.2201538,0.58410644,1.1254883
91605,-2.2497559,0.6451416,1.1231995
91606,-2.321167,0.5154419,1.0499573
91607,-2.1894836,0.38513184,1.0406494
91608,-2.1614075,0.31478882,1.036377
91609,-2.2877502,0.37857056,1.2666321
91610,-2.1453857,0.38772583,1.4172363
91611,-2.0716858,0.14312744,1.4408875
91612,-2.1113586,0.15960693,1.4552307
91613,-2.3394775,0.047454834,1.2188721
91614,-2.1560669,-0.060119629,1.4572144
91615,-1.9950867,-0.032196045,1.5826416
91616,-2.0210266,-0.11383057,1.3337708
91617,-2.1177673,-0.051116943,1.1515808
91618,-2.2183228,-0.32089233,1.6938782
91619,-2.1556091,-0.38909912,1.6593933
91620,-1.9877625,-0.28259277,1.497345
91621,-1.9837952,-0.37704468,1.5673828
91622,-1.978302,-0.33325195,1.4834595
91623,-1.9725037,-0.33279419,1.7610168
91624,-1.937561,-0.64315796,1.5869141
91625,-2.020874,-0.62606812,1.6532898
91626,-1.9909668,-0.68359375,1.6516113
91627,-1.9587708,-0.76828003,1.8969727
91628,-1.8357849,-0.73822022,1.8270874
91629,-1.784668,-0.7975769,1.9528198
91630,-1.8292236,-0.96008301,1.8733215
91631,-1.681366,-1.0070801,2.0422363
91632,-1.545105,-1.0740662,2.0515442
91633,-1.5988159,-1.1694336,2.1269226
91634,-1.6438293,-1.1715698,1.9161987
91635,-1.388092,-1.4454651,1.9326782
91636,-1.5237427,-1.2484741,2.0599365
91637,-1.4447021,-1.2818909,2.1040344
91638,-1.4419556,-1.5545654,1.9393921
91639,-1.3980103,-1.5061951,2.0149231
91640,-1.355896,-1.602478,1.9682312
91641,-1.4097595,-1.7118835,2.2343445
91642,-1.3981628,-1.7556763,1.8489075
91643,-1.1749268,-1.7204285,1.9070435
91644,-1.204834,-1.7605591,2.0498657
91645,-1.026001,-1.7730713,1.9563293
91646,-0.95535278,-1.7048645,2.0716858
91647,-0.97091675,-1.7456055,1.9946289
91648,-0.87707519,-1.8312073,1.9921875
91649,-0.85418701,-1.940155,1.9538879
91650,-0.80245972,-2.0591736,1.7843628
91651,-0.65673828,-2.0918274,1.7799377
91652,-0.75500488,-2.0341492,2.0137024
91653,-0.67977905,-2.1166992,1.8203735
91654,-0.69671631,-2.0936584,1.8280029
91655,-0.57647705,-2.1203613,1.733551
91656,-0.57662964,-2.1739197,1.8687439
91657,-0.56060791,-2.1772766,1.8591309
91658,-0.4675293,-2.039032,1.9311523
91659,-0.31005859,-2.2497559,1.76651
91660,-0.30807495,-2.3258972,1.6989136
91661,-0.33279419,-2.2433472,1.6427612
91662,-0.16571045,-2.4832153,1.7814636
91663,-0.16113281,-2.4729919,1.6992188
91664,-0.10742188,-2.5335693,1.5130615
91665,-0.058135986,-2.3674011,1.5130615
91666,0.054168701,-2.3045349,1.4622498
91667,0.072174072,-2.3287964,1.3092041
91668,0.23132324,-2.3088074,1.3812256
91669,0.34576416,-2.4804688,1.3298035
91670,0.28106689,-2.5572205,1.3554382
91671,0.39459228,-2.7452087,1.2731934
91672,0.46340942,-2.5056458,1.1065674
91673,0.40771484,-2.4240112,1.2063599
91674,0.57357788,-2.3951721,1.051178
91675,0.52307129,-2.3646545,0.96786499
91676,0.5406189,-2.4113464,0.88027954
91677,0.58288574,-2.22229,0.93322754
91678,0.70800781,-2.2108459,0.76873779
91679,0.63720703,-2.2262573,0.85449219
91680,0.65994263,-2.3674011,0.80947876
91681,0.84060669,-2.361908,0.859375
91682,0.9034729,-2.2912598,0.54611206
91683,0.80322266,-2.1867371,0.58761597
91684,0.84793091,-2.2286987,0.4548645
91685,0.98876953,-2.2897339,0.43731689
91686,1.055603,-2.2183228,0.22476196
91687,1.1512756,-2.2497559,0.23742676
91688,1.028595,-2.3434448,0.41122436
91689,1.1152649,-2.1685791,0.26123047
91690,1.0699463,-2.0300293,0.27374268
91691,1.098175,-2.069397,0.2142334
91692,1.0626221,-2.1218872,0.11062622
91693,1.0713196,-2.2645569,-0.063934326
91694,1.2046814,-2.2732544,-0.095367432
91695,1.257782,-1.98349,-0.093994141
91696,1.3075256,-1.9421387,-0.15975952
91697,1.2895203,-1.8707275,-0.18600464
91698,1.4593506,-1.7671204,-0.13427734
91699,1.4007568,-1.7895508,-0.080566406
91700,1.269989,-1.8212891,-0.17089844
91701,1.2992859,-1.7460632,-0.30059814
91702,1.4825439,-1.8588257,-0.43304443
91703,1.3856506,-1.7108154,-0.30700684
91704,1.2809753,-1.6142273,-0.49957275
91705,1.2889099,-1.7185974,-0.59814453
91706,1.2582397,-1.5921021,-0.58654785
91707,1.3764954,-1.6372681,-0.50796509
91708,1.3949585,-1.4480591,-0.78369141
91709,1.2709045,-1.2669373,-0.68786621
91710,1.2585449,-1.3104248,-0.76782227
91711,1.2084961,-1.2252808,-0.75759888
91712,1.2670898,-1.1906433,-0.85632324
91713,1.3018799,-1.0643005,-0.92269897
91714,1.2619019,-1.0823059,-1.0687256
91715,1.2979126,-1.158905,-1.0522461
91716,1.2338257,-0.96435547,-1.1070251
91717,1.2243652,-0.94451904,-1.1010742
91718,1.2065125,-0.91812134,-1.2020874
91719,1.1303711,-0.8531189,-1.2069702
91720,1.0610962,-0.65338135,-1.2136841
91721,1.1764526,-0.55664063,-1.1099243
91722,1.144104,-0.63171387,-1.0653687
91723,0.97595215,-0.41641235,-1.289978
91724,1.1756897,-0.33813477,-1.2376404
91725,1.1557007,-0.38452148,-1.2509155
91726,1.0232544,-0.26901245,-1.2614441
91727,0.98266602,-0.25466919,-1.3949585
91728,1.0176086,-0.20736694,-1.4096069
91729,0.90194702,-0.20278931,-1.3069153
91730,0.78933716,-0.041809082,-1.5751648
91731,0.80154419,0.1789856,-1.4428711
91732,0.52536011,-0.33493042,-1.7218018
91733,0.3704834,-0.48217773,-1.5841675
91734,0.49621582,0.040435791,-1.4726257
91735,0.56167603,0.23574829,-1.3267517
91736,0.54092407,0.28930664,-1.2957764
91737,0.49682617,0.43258667,-1.3677979
91738,0.43838501,0.37704468,-1.3288879
91739,0.38085938,0.62133789,-1.2744141
91740,0.40130615,0.63323975,-1.4653015
91741,0.25390625,0.68450928,-1.5135193
91742,0.12130737,0.59020996,-1.4741516
91743,0.19378662,0.63049316,-1.4375305
91744,0.16921997,0.79879761,-1.3130188
91745,-0.010223389,0.81497192,-1.3461304
91746,0.13015747,0.92926025,-1.4572144
91747,0.095672607,0.87738037,-1.3752747
91748,-0.061950684,0.89309692,-1.3780212
91749,-0.054321289,0.98449707,-1.3272095
91750,-0.12634277,0.9992981,-1.1706543
91751,-0.28717041,1.1483765,-1.1955261
91752,-0.31997681,1.1952209,-1.2329102
91753,-0.37109375,1.2214661,-1.3887024
91754,-0.35858154,1.3369751,-1.2255859
91755,-0.36010742,1.3838196,-1.2124634
91756,-0.36895752,1.3728333,-1.1636353
91757,-0.57159424,1.3119507,-1.1322021
91758,-0.57922363,1.3232422,-1.0916138
91759,-0.62820435,1.1903381,-1.0147095
91760,-0.60195923,1.229248,-1.0791016
91761,-0.73287964,1.4318848,-0.8782959
91762,-0.75469971,1.4047241,-0.74691772
91763,-0.86669922,1.4259338,-0.76446533
91764,-0.96801758,1.4002991,-0.83618164
91765,-1.0214233,1.3937378,-0.83740234
91766,-1.0971069,1.3476563,-0.62469482
91767,-1.2359619,1.2831116,-0.67214966
91768,-1.1660767,1.3241577,-0.68450928
91769,-1.1816406,1.2768555,-0.66940308
91770,-1.363678,1.5551758,-0.50949097
91771,-1.2982178,1.321106,-0.58166504
91772,-1.4787292,1.5180969,-0.53985596
91773,-1.3900757,1.2297058,-0.48553467
91774,-1.5058899,1.4315796,-0.40618897
91775,-1.62323,1.295166,-0.34057617
91776,-1.696167,1.3949585,-0.16769409
91777,-1.7407227,1.3751221,-0.13916016
91778,-1.9012451,0.95520019,-0.41717529
91779,-1.807251,1.2507629,-0.16860962
91780,-1.6146851,1.3404846,-0.086669922
91781,-1.7247009,1.3301086,0.004730225
91782,-1.8640137,1.1894226,0.15274048
91783,-1.905365,1.2965393,0.23208618
91784,-1.9406128,1.2368774,0.27877808
91785,-1.930542,1.1602783,0.34515381
91786,-1.9145203,1.1627197,0.35980225
91787,-1.8893433,1.1584473,0.45181274
91788,-1.9311523,1.0333252,0.47225952
91789,-2.0932007,1.0803223,0.59387207
91790,-2.0996094,0.88989258,0.48233032
91791,-2.0205688,0.94711304,0.68496704
91792,-2.0251465,0.84472656,0.58685303
91793,-2.225647,0.81161499,0.68984985
91794,-2.0619202,0.79788208,0.75408935
91795,-2.0547485,0.8152771,0.73516846
91796,-2.2981262,0.82626343,0.57449341
91797,-2.1447754,0.81787109,0.79437256
91798,-2.2026062,0.7498169,0.78857422
91799,-2.2103882,0.74523926,0.96221924
91800,-2.2875977,0.69915772,1.0040283
91801,-2.2711182,0.47698975,1.2734985
91802,-2.1455383,0.39932251,1.2515259
91803,-2.2927856,0.43823242,1.2055969
91804,-2.2314453,0.30792236,1.242981
91805,-2.3461914,0.37277222,1.3497925
91806,-2.1589661,0.17974853,1.3562012
91807,-2.2201538,0.15808106,1.4381409
91808,-2.1998596,0.089111328,1.5866089
91809,-2.1380615,0.05065918,1.4155579
91810,-2.2801208,-0.1789856,1.622467
91811,-2.2018433,-0.090332031,1.6586304
91812,-2.0755005,-0.10955811,1.5512085
91813,-1.9821167,-0.21209717,1.7060852
91814,-2.0184326,-0.19287109,1.6255188
91815,-1.9111633,-0.2116394,1.6888428
91816,-2.0014954,-0.28411865,1.5911865
91817,-1.9786072,-0.40084839,2.0127869
91818,-1.9815063,-0.38970947,1.8011475
91819,-1.9433594,-0.63705444,1.4668274
91820,-1.9779968,-0.63064575,1.8141174
91821,-1.8026733,-0.79696655,1.7988586
91822,-1.9647217,-0.59860229,1.7456055
91823,-1.9158936,-0.76522827,1.8421936
91824,-1.8914795,-0.67687988,1.8334961
91825,-1.8901062,-0.48202515,1.9160461
91826,-1.8377686,-0.60287476,2.1409607
91827,-1.7451477,-0.78231812,2.0245361
91828,-1.6621399,-0.73440552,2.0007324
91829,-1.7915344,-0.73684692,1.9285584
91830,-1.6014099,-0.93414307,2.0933533
91831,-1.6891479,-0.90316772,2.0321655
91832,-1.5409851,-1.0784912,2.0545959
91833,-1.5707397,-1.4355469,1.8516541
91834,-1.5570068,-1.39328,2.0124817
91835,-1.5011597,-1.5505981,1.8359375
91836,-1.505127,-1.386261,2.0014954
91837,-1.4277649,-1.5740967,2.1324158
91838,-1.3186646,-1.6183472,2.0159912
91839,-1.3076782,-1.7045593,2.1005249
91840,-1.3218689,-1.7973328,2.0092773
91841,-1.1610413,-1.864624,1.9706726
91842,-1.0705566,-1.7919922,2.010498
91843,-0.96878052,-1.8443298,2.0266724
91844,-1.0331726,-1.8106079,2.0043945
91845,-0.93109131,-1.7990112,2.0039368
91846,-0.78216553,-1.7662048,2.0959473
91847,-0.84594727,-1.7808533,1.9470215
91848,-0.71029663,-2.0429993,1.9281006
91849,-0.67565918,-1.9535828,1.9985962
91850,-0.64743042,-1.9506836,1.9140625
91851,-0.39215088,-1.9186401,1.8493652
91852,-0.43365478,-2.0292664,1.7724609
91853,-0.44189453,-2.088623,1.6389465
91854,-0.39825439,-2.3669434,1.6778564
91855,-0.28656006,-2.3681641,1.5240479
91856,-0.11322022,-2.252655,1.743927
91857,-0.390625,-2.4255371,1.6999817
91858,-0.14328003,-2.2918701,1.690979
91859,-0.006256104,-2.2546387,1.700592
91860,-0.10696411,-2.1975708,1.5875244
91861,-0.077972412,-2.5039673,1.5811157
91862,0.030822754,-2.4351501,1.6296387
91863,0.004730225,-2.4894714,1.5899658
91864,0.20019531,-2.4746704,1.542511
91865,0.12893677,-2.5086975,1.3171387
91866,0.24749756,-2.4559021,1.2413025
91867,0.35247803,-2.4388123,1.2471008
91868,0.21942139,-2.3370361,1.0447693
91869,0.33874512,-2.2998047,1.1256409
91870,0.42999268,-2.5231934,0.98876953
91871,0.48461914,-2.4621582,0.9815979
91872,0.59280396,-2.4723816,0.91766357
91873,0.59631348,-2.4940491,0.99578857
91874,0.62896728,-2.509613,0.96450806
91875,0.66436768,-2.4694824,0.89996338
91876,0.68862915,-2.3141479,0.76675415
91877,0.58181763,-2.2509766,0.78826904
91878,0.67581177,-2.3986816,0.6300354
91879,0.8404541,-2.5854492,0.52490234
91880,0.96572876,-2.5137329,0.45394897
91881,0.96984863,-2.3922729,0.44433594
91882,0.97427368,-2.2685242,0.42694092
91883,1.0923767,-2.2088623,0.31967163
91884,1.1172485,-2.2212219,0.30273438
91885,1.1134338,-2.2119141,0.090637207
91886,1.1114502,-2.2532654,0.30639648
91887,1.1553955,-2.1350098,0.22796631
91888,1.1177063,-2.2685242,0.20492554
91889,1.2120056,-2.2131348,0.065002441
91890,1.2817383,-1.9857788,-0.009002686
91891,1.2368774,-2.066803,-0.077667236
91892,1.3598633,-1.9873047,-0.26138306
91893,1.2928772,-1.8196106,-0.22018433
91894,1.401062,-1.9036865,-0.33554077
91895,1.3574219,-1.8800354,-0.45562744
91896,1.366272,-1.7492676,-0.53833008
91897,1.4770508,-1.7904663,-0.3616333
91898,1.3276672,-1.7385864,-0.58761597
91899,1.3679504,-1.7977905,-0.38146973
91900,1.461792,-1.7030334,-0.42480469
91901,1.4390564,-1.4682007,-0.44754028
91902,1.2838745,-1.4820862,-0.60821533
91903,1.3378906,-1.373291,-0.61233521
91904,1.3615417,-1.4199829,-0.81832886
91905,1.2542725,-1.5219116,-0.66268921
91906,1.3510132,-1.4726257,-0.77026367
91907,1.3110352,-1.2754822,-0.69229126
91908,1.2081909,-1.1097717,-0.80291748
91909,1.3948059,-0.99945068,-0.8883667
91910,1.2367249,-1.0191345,-1.0134888
91911,1.2237549,-0.77011108,-0.9336853
91912,1.1181641,-0.68603516,-1.0047913
91913,1.2258911,-0.62469482,-1.0162354
91914,1.1398315,-0.57723999,-1.0668945
91915,1.1521912,-0.72662353,-1.157074
91916,1.0731506,-0.59463501,-1.1500549
91917,1.0559082,-0.75042725,-1.1697388
91918,1.0021973,-0.53131103,-1.3374329
91919,1.1010742,-0.46676636,-1.204834
91920,1.0641479,-0.52536011,-1.1843872
91921,1.0258484,-0.34973144,-1.3734436
91922,1.1590576,-0.19042969,-1.2716675
91923,1.1401367,-0.31433106,-1.2150574
91924,0.89996338,-0.25588989,-1.3591003
91925,0.96878052,-0.016937256,-1.4360046
91926,0.89370728,-0.11016846,-1.4428711
91927,0.91033935,-0.12390137,-1.5727234
91928,0.58685303,-0.069122314,-1.7515564
91929,0.55465698,-0.10101318,-1.5785217
91930,0.64788818,0.24551392,-1.4260864
91931,0.74905396,0.2192688,-1.4442444
91932,0.64285278,0.1348877,-1.4624023
91933,0.61477661,0.19226074,-1.2805176
91934,0.44921875,0.415802,-1.3354492
91935,0.4335022,0.20370483,-1.3337708
91936,0.40176392,0.3578186,-1.3586426
91937,0.19088745,0.677948,-1.4341736
91938,0.23712158,0.4888916,-1.4257813
91939,0.18493652,0.60256958,-1.5533447
91940,0.16372681,0.69213867,-1.3600159
91941,0.24658203,0.82702637,-1.4051819
91942,0.085754395,0.76461792,-1.4891052
91943,0.22369385,0.95748901,-1.4334106
91944,0.001525879,0.85830688,-1.3619995
91945,-0.10238648,0.94894409,-1.2893677
91946,-0.19134522,1.0748291,-1.2080383
91947,-0.082244873,0.81100464,-1.312561
91948,-0.40222168,1.0284424,-1.2976074
91949,-0.32974243,1.0502625,-1.2142944
91950,-0.38726807,1.1299133,-1.2362671
91951,-0.59677124,1.1236572,-1.1291504
91952,-0.68206787,1.1503601,-0.94085693
91953,-0.65536499,1.2036133,-1.1058044
91954,-0.67199707,1.2942505,-1.0931396
91955,-0.68237305,1.2886047,-0.9463501
91956,-0.70831299,1.231842,-0.92315674
91957,-0.72174072,1.2435913,-0.92224121
91958,-0.8215332,1.2695313,-1.0832214
91959,-0.8744812,1.3049316,-1.028595
91960,-0.93429565,1.3243103,-0.93017578
91961,-0.97564697,1.3504028,-0.86212158
91962,-1.0864258,1.2722778,-0.80841065
91963,-1.3113403,1.2545776,-0.728302
91964,-1.4149475,1.1650085,-0.65979004
91965,-1.3386536,1.1497498,-0.64270019
91966,-1.4454651,1.2335205,-0.48812866
91967,-1.3569641,1.3612366,-0.50384522
91968,-1.5481567,1.5011597,-0.30471802
91969,-1.5463257,1.5129089,-0.54840088
91970,-1.6371155,1.4297485,-0.37628174
91971,-1.6390991,1.5338135,-0.2571106
91972,-1.5953064,1.4610291,-0.340271
91973,-1.713562,1.5361023,-0.25100708
91974,-1.7025757,1.3180542,-0.34942627
91975,-1.7468262,1.3246155,-0.18890381
91976,-1.8457031,1.4163208,-0.14648438
91977,-1.8450928,1.4120483,-0.14984131
91978,-1.8936157,1.3781738,-0.14190674
91979,-1.7947388,1.309967,0.14709473
91980,-1.9500732,1.3432312,-0.012054443
91981,-1.8989563,1.2402344,0.12969971
91982,-1.9676209,1.1830139,0.27374268
91983,-2.0539856,1.0668945,0.29342651
91984,-2.0689392,1.2985229,0.42419434
91985,-2.013855,1.1558533,0.47485352
91986,-2.1781921,1.3624573,0.47683716
91987,-2.0610046,1.1380005,0.63903809
91988,-2.109375,1.0458374,0.5065918
91989,-2.0417786,1.0612488,0.66177368
91990,-2.2026062,0.99426269,0.62820435
91991,-2.1385193,1.0212708,0.70007324
91992,-2.1672058,0.94482422,0.83404541
91993,-2.1879578,1.043396,0.84716797
91994,-2.2839355,0.74310303,0.97473144
91995,-2.3045349,0.79269409,0.90332031
91996,-2.3104858,0.76644897,0.89324951
91997,-2.2663879,0.40298462,1.0374451
91998,-2.2479248,0.5657959,1.0366821
91999,-2.3681641,0.6262207,1.282959
92000,-2.3829651,0.34423828,1.2399292
92001,-2.3532104,0.30395508,1.1903381
92002,-2.58255,0.30944824,1.2113953
92003,-2.461853,0.31448364,1.3009644
92004,-2.2502136,0.18951416,1.41922
92005,-2.3742676,0.15640259,1.328125
92006,-2.2729492,0.30227661,1.473999
92007,-2.2315979,0.2104187,1.5356445
92008,-2.237854,-0.068817139,1.4868164
92009,-2.257843,-0.24459839,1.4782715
92010,-2.2288513,-0.25268555,1.4935303
92011,-2.2784424,-0.22537231,1.5634155
92012,-2.1499634,-0.091705322,1.7076111
92013,-2.1199036,-0.26046753,1.5715027
92014,-2.3014832,-0.29754639,1.7274475
92015,-2.061615,-0.572052,1.7016602
92016,-2.0735168,-0.30487061,1.7640686
92017,-2.0617676,-0.38970947,1.6896057
92018,-2.040863,-0.49591064,1.8977356
92019,-2.0440674,-0.55389404,1.7448425
92020,-2.063446,-0.59371948,1.9551086
92021,-2.0483398,-0.68450928,1.9779968
92022,-2.1626282,-0.88607788,1.8043518
92023,-1.9491577,-0.9362793,1.9580078
92024,-1.844635,-1.065979,1.9984436
92025,-1.8830872,-1.2394714,1.8727112
92026,-1.9009399,-1.149292,1.9226074
92027,-1.8830872,-1.2173462,2.0458984
92028,-1.6012573,-1.3790894,2.0889282
92029,-1.6894531,-1.378479,2.2163391
92030,-1.6210938,-1.4967346,2.052002
92031,-1.7553711,-1.6062927,2.000885
92032,-1.5872192,-1.545105,1.9241333
92033,-1.579895,-1.6439819,2.0196533
92034,-1.4465332,-1.5437317,2.0446777
92035,-1.3291931,-1.4051819,2.0993042
92036,-1.4726257,-1.6033936,1.9458008
92037,-1.2573242,-1.7294312,2.0529175
92038,-1.162262,-1.865387,2.0315552
92039,-1.3275146,-1.8231201,2.0954895
92040,-1.1791992,-1.8728638,2.1179199
92041,-1.1135864,-1.907959,2.0013428
92042,-1.0574341,-1.8666077,2.0866394
92043,-0.92468262,-1.8293762,1.9717407
92044,-0.88897705,-1.9696045,1.8807983
92045,-0.89645386,-1.9400024,2.0132446
92046,-0.72952271,-2.0977783,2.1253967
92047,-0.66833496,-2.1055603,2.046814
92048,-0.66635132,-1.9854736,2.0654297
92049,-0.57281494,-2.1583557,1.8952942
92050,-0.44128418,-2.0848083,1.872406
92051,-0.41824341,-2.1714783,1.8756104
92052,-0.48522949,-2.1893311,1.9003296
92053,-0.43533325,-2.4310303,1.8148804
92054,-0.14968872,-2.3887634,1.7300415
92055,-0.096130371,-2.4829102,1.7279053
92056,-0.071868896,-2.3312378,1.6543579
92057,-0.13366699,-2.2647095,1.5710449
92058,-0.16174316,-2.2888184,1.6253662
92059,-0.037841797,-2.3461914,1.5866089
92060,0.16189575,-2.3410034,1.5429688
92061,0.10162354,-2.4975586,1.4382935
92062,0.23590088,-2.4700928,1.4422607
92063,0.26260376,-2.562561,1.5394592
92064,0.26611328,-2.6304626,1.3796997
92065,0.32974243,-2.653656,1.3082886
92066,0.35110474,-2.4720764,1.3374329
92067,0.43838501,-2.5378418,1.3238525
92068,0.50415039,-2.4841309,1.1181641
92069,0.44677734,-2.6119995,1.1070251
92070,0.53344727,-2.5306702,1.1235046
92071,0.70205688,-2.4185181,0.9526062
92072,0.57861328,-2.4562073,0.99441528
92073,0.69610596,-2.6834106,0.78384399
92074,0.78857422,-2.507019,0.90713501
92075,0.86669922,-2.4279785,0.82321167
92076,0.84838867,-2.4118042,0.79223633
92077,0.98709106,-2.3617554,0.71228027
92078,0.96160889,-2.4516296,0.59417725
92079,1.1412048,-2.3199463,0.55786133
92080,1.0832214,-2.431488,0.64422607
92081,1.0818481,-2.514801,0.42755127
92082,1.0652161,-2.215271,0.36590576
92083,1.1708069,-2.4389648,0.088500977
92084,1.1849976,-2.2341919,0.3012085
92085,1.1991882,-2.2142029,0.12573242
92086,1.3066101,-2.2033691,0.20935059
92087,1.1572266,-2.1199036,0.18783569
92088,1.1708069,-2.1678162,0.15396118
92089,1.2567139,-2.0603943,0.042877197
92090,1.2861633,-1.9804382,0.10070801
92091,1.2423706,-1.9822693,-0.072937012
92092,1.137085,-2.0347595,-0.062103271
92093,1.3557434,-2.0404053,-0.015258789
92094,1.3038635,-1.8411255,-0.1083374
92095,1.2916565,-1.8467712,-0.23864746
92096,1.3278198,-1.7564392,-0.11047363
92097,1.3090515,-1.7202759,-0.25939941
92098,1.4682007,-1.6651916,-0.37155151
92099,1.4141846,-1.7050171,-0.45730591
92100,1.3256836,-1.5765381,-0.40344238
92101,1.2953186,-1.6807556,-0.49041748
92102,1.2559509,-1.3027954,-0.73974609
92103,1.4941406,-1.3389587,-0.61386108
92104,1.3070679,-1.3180542,-0.68084717
92105,1.3710022,-1.2861633,-0.70831299
92106,1.3012695,-1.1160278,-0.80917358
92107,1.3293457,-1.1724854,-0.75424194
92108,1.2283325,-1.1314392,-0.81161499
92109,1.267395,-1.0493469,-1.0557556
92110,1.2919617,-1.0223389,-0.99975586
92111,1.2283325,-0.83618164,-1.1184692
92112,1.2687683,-0.69580078,-1.0803223
92113,1.1772156,-0.61401367,-1.1206055
92114,1.2179565,-0.60562134,-1.0025024
92115,1.1804199,-0.51208496,-1.0325623
92116,1.2124634,-0.64880371,-0.98953247
92117,1.2284851,-0.46966553,-1.1911011
92118,0.98464966,-0.46142578,-1.1218262
92119,1.086731,-0.44281006,-1.2678528
92120,0.87203979,-0.44143677,-1.2767029
92121,0.86273193,-0.35095215,-1.2431335
92122,1.0723877,-0.2041626,-1.2530518
92123,0.94665527,-0.19714356,-1.2522888
92124,0.83084106,-0.27282715,-1.2974548
92125,0.93383789,-0.028076172,-1.3719177
92126,0.92651367,-0.070343018,-1.4398193
92127,0.67657471,0.008850098,-1.3650513
92128,0.65734863,-0.2633667,-1.4498901
92129,0.34606934,-0.24871826,-1.6207886
92130,0.57998657,0.017547607,-1.4985657
92131,0.45623779,0.006561279,-1.5283203
92132,0.753479,0.15731812,-1.3336182
92133,0.53909302,0.58517456,-1.315918
92134,0.33508301,0.37124634,-1.4273071
92135,0.36514282,0.42205811,-1.5061951
92136,0.62652588,0.46966553,-1.3989258
92137,0.39367676,0.45471191,-1.4277649
92138,0.29922485,0.80780029,-1.3497925
92139,0.2998352,0.8140564,-1.3037109
92140,0.12130737,0.7699585,-1.3739014
92141,0.16204834,0.8126831,-1.3122559
92142,0.042419434,0.79147339,-1.4134216
92143,0.054473877,0.96740723,-1.2997437
92144,-0.037841797,0.83068848,-1.4588928
92145,-0.14892578,0.91934204,-1.4718628
92146,-0.3137207,0.8454895,-1.3244629
92147,-0.36651611,0.84243774,-1.3208008
92148,-0.3225708,0.89630127,-1.2664795
92149,-0.45776367,1.0343933,-1.2295532
92150,-0.53039551,1.2036133,-1.0656738
92151,-0.5456543,1.184082,-1.0792541
92152,-0.57418823,1.2365723,-1.0272217
92153,-0.59890747,1.2312317,-1.0025024
92154,-0.62698364,1.2611389,-1.006012
92155,-0.75714111,1.2127686,-0.79467773
92156,-0.77789307,1.1868286,-0.86776733
92157,-0.72540283,1.2657166,-0.93582153
92158,-0.73120117,1.1679077,-0.89294434
92159,-0.79193115,1.1491394,-0.89889526
92160,-0.84838867,1.3317871,-0.81665039
92161,-0.94589233,1.1631775,-0.81680298
92162,-1.1302185,1.3259888,-0.67886353
92163,-1.0844421,1.2788391,-0.63232422
92164,-1.1019897,1.2013245,-0.6326294
92165,-1.0606384,1.2760925,-0.52642822
92166,-1.3659668,1.3798523,-0.50048828
92167,-1.2608337,1.2716675,-0.45806885
92168,-1.4042664,1.3058472,-0.44830322
92169,-1.4208984,1.3226318,-0.31463623
92170,-1.4802551,0.99853516,-0.38879394
92171,-1.4871216,1.3616943,-0.36529541
92172,-1.5428162,1.3647461,-0.40908814
92173,-1.6435242,1.3215637,-0.38085938
92174,-1.6468811,1.3264465,-0.10162354
92175,-1.7042541,1.3577271,-0.20690918
92176,-1.8060303,1.2646484,0.067443848
92177,-1.648407,1.3337708,0.056915283
92178,-1.7195129,1.3188171,0.090026855
92179,-1.7626953,1.3027954,0.20187378
92180,-1.733551,1.2045288,0.19058228
92181,-1.9561768,1.1741638,0.24719238
92182,-1.8231201,1.2261963,0.20141602
92183,-1.9760132,1.1747742,0.086212158
92184,-2.008667,1.0671997,0.5140686
92185,-2.0506287,1.1946106,0.45593262
92186,-2.0744324,0.87615967,0.58044434
92187,-2.215271,0.86868286,0.64041138
92188,-2.0565796,0.7774353,0.56427002
92189,-2.0477295,0.92376709,0.66299438
92190,-2.0126343,0.83786011,0.67672729
92191,-2.0043945,0.76278687,0.87524414
92192,-2.1917725,0.73043823,0.79620361
92193,-1.9868469,0.70800781,0.88256836
92194,-2.1606445,0.68023682,0.86730957
92195,-2.1607971,0.67138672,0.87554932
92196,-2.0950317,0.72235107,1.031189
92197,-2.0809937,0.5456543,1.0977173
92198,-2.1588135,0.5154419,1.0343933
92199,-2.1195984,0.53222656,1.1141968
92200,-2.0936584,0.31188965,1.0882568
92201,-2.0623779,0.21362305,1.1805725
92202,-2.1606445,0.19104004,1.2442017
92203,-2.1148682,0.19012451,1.3572693
92204,-2.1160889,0.27709961,1.1793518
92205,-1.9403076,0.131073,1.3803101
92206,-1.9128418,0.060119629,1.4373779
92207,-2.0701599,-0.15197754,1.2507629
92208,-2.1411133,-0.18875122,1.4028931
92209,-2.1287537,-0.25146484,1.4639282
92210,-1.9709778,-0.53543091,1.4816284
92211,-1.9578552,-0.66696167,1.5574646
92212,-2.1144104,-0.56228638,1.7042541
92213,-2.0141602,-0.43502808,1.5444946
92214,-1.9288635,-0.54367065,1.6653442
92215,-1.844635,-0.75363159,1.3803101
92216,-1.8890381,-0.59967041,1.743927
92217,-1.870575,-0.71563721,1.6731262
92218,-1.8424988,-0.7093811,1.7774963
92219,-1.7344666,-0.81237793,1.7126465
92220,-1.947937,-1.0282898,1.8838501
92221,-1.7935181,-0.8921814,1.9261169
92222,-1.7973328,-0.8404541,1.9282532
92223,-1.6423035,-1.0771179,1.8103027
92224,-1.5185547,-1.036377,1.693573
92225,-1.6059875,-1.0966492,1.7599487
92226,-1.5394592,-1.0697937,1.8595886
92227,-1.5499878,-1.2663269,1.672821
92228,-1.3955688,-1.3078308,1.8391418
92229,-1.7321777,-1.4558411,1.7861938
92230,-1.5072632,-1.413269,1.7648315
92231,-1.47995,-1.4587402,1.8789673
92232,-1.4353943,-1.5936279,1.802063
92233,-1.4381409,-1.5963745,1.8981934
92234,-1.1277771,-1.5786743,1.8786621
92235,-1.4466858,-1.6400146,1.7247009
92236,-1.1204529,-1.4976501,1.9471741
92237,-1.1236572,-1.6087341,2.0120239
92238,-1.0671997,-1.7807007,1.9696045
92239,-0.9060669,-1.8276978,1.9604492
92240,-0.77194214,-1.7854309,1.8884277
92241,-0.7673645,-1.9221497,1.7590332
92242,-0.74951172,-1.8600464,1.8598938
92243,-0.82733154,-2.1740723,1.7935181
92244,-0.79330444,-2.0646667,1.8058777
92245,-0.67932129,-1.9535828,1.7788696
92246,-0.57357788,-2.0341492,1.6294861
92247,-0.48187256,-1.9941711,1.6880798
92248,-0.47790527,-1.9487,1.6113281
92249,-0.39108276,-2.2360229,1.7739868
92250,-0.496521,-2.1499634,1.8043518
92251,-0.45181274,-2.2834778,1.7358398
92252,-0.32623291,-2.2428894,1.6654968
92253,-0.13259888,-2.3344421,1.6967773
92254,-0.19668579,-2.1144104,1.6148376
92255,-0.13870239,-2.0626831,1.6001892
92256,-0.034790039,-2.0944214,1.5536499
92257,-0.047149658,-2.1820068,1.5785217
92258,-0.010681152,-2.1057129,1.3980103
92259,0.002441406,-2.3266602,1.401062
92260,0.075836182,-2.1855164,1.3238525
92261,-0.016937256,-2.3083496,1.2690735
92262,0.10528565,-2.0960999,1.1975098
92263,0.17166138,-2.2296143,1.089325
92264,0.20874023,-2.0770264,1.0977173
92265,0.20812988,-2.2659302,1.1109924
92266,0.40496826,-1.9613647,1.0713196
92267,0.38726807,-2.0108032,1.0722351
92268,0.41793823,-2.1528625,0.96511841
92269,0.47622681,-2.2206116,0.83343506
92270,0.58074951,-1.9706726,0.78186035
92271,0.67382813,-1.999054,0.76950073
92272,0.58319092,-2.0135498,0.7131958
92273,0.64651489,-2.0550537,0.74035644
92274,0.59783935,-2.2413635,0.61340332
92275,0.7232666,-2.306366,0.54519653
92276,0.76782227,-2.1188354,0.42327881
92277,0.75027466,-2.0153809,0.42800903
92278,0.80184937,-2.0578003,0.61416626
92279,1.0047913,-2.1185303,0.61172485
92280,0.95596313,-2.1083069,0.35842895
92281,1.0571289,-2.0645142,0.20996094
92282,1.164093,-1.9816589,0.31494141
92283,1.0620117,-2.038269,0.26885986
92284,1.1071777,-1.966095,0.23757935
92285,1.0951233,-2.0639038,0.02746582
92286,1.0877991,-1.8927002,-0.028533936
92287,1.0572815,-1.9146729,-0.12069702
92288,1.0606384,-1.8515015,-0.09552002
92289,1.1134338,-1.8049622,-0.17562866
92290,1.1520386,-1.7019653,-0.20202637
92291,1.137085,-1.658783,-0.25558472
92292,1.1247253,-1.6096497,-0.2696228
92293,1.0856628,-1.6471863,-0.29830933
92294,1.1212158,-1.5423584,-0.41534424
92295,1.1076355,-1.5817261,-0.37628174
92296,1.1799622,-1.4778137,-0.44769287
92297,1.1361694,-1.3420105,-0.42892456
92298,1.1331177,-1.2693787,-0.40817261
92299,1.1178589,-1.1804199,-0.38543701
92300,1.1386108,-1.1824036,-0.493927
92301,1.0113525,-1.2199402,-0.65124512
92302,1.1270142,-1.1938477,-0.80154419
92303,1.0418701,-1.1592102,-0.74493408
92304,1.0766602,-1.0818481,-0.80871582
92305,0.94360352,-1.0177612,-0.82748413
92306,0.90042114,-0.9387207,-0.82824707
92307,1.0310364,-0.8215332,-0.8795166
92308,1.125946,-0.76416016,-0.98388672
92309,0.98968506,-0.67611694,-1.0493469
92310,1.0429382,-0.61798096,-0.95504761
92311,1.0908508,-0.52825928,-0.99426269
92312,1.0906982,-0.49240112,-1.0144043
92313,0.98358154,-0.49606323,-1.0250854
92314,1.0144043,-0.52490234,-1.1187744
92315,0.83374023,-0.44708252,-1.0447693
92316,0.77331543,-0.50216675,-1.0787964
92317,0.93017578,-0.36819458,-1.101532
92318,0.87081909,-0.17364502,-1.2185669
92319,0.87783813,-0.259552,-1.2004089
92320,0.67596435,-0.16845703,-1.3534546
92321,0.81222534,-0.048522949,-1.1708069
92322,0.77880859,-0.10925293,-1.1749268
92323,0.59265137,-0.11154175,-1.3514709
92324,0.62988281,-0.28244019,-1.2686157
92325,0.35583496,-0.2746582,-1.3414001
92326,0.55725098,0.16296387,-1.2915039
92327,0.31112671,0.30517578,-1.0977173
92328,0.4977417,0.16571045,-1.2962341
92329,0.38330078,0.42022705,-1.3369751
92330,0.43838501,0.41748047,-1.4273071
92331,0.43731689,0.3742981,-1.2947083
92332,0.26733398,0.49499512,-1.3687134
92333,0.23895264,0.45120239,-1.1567688
92334,0.2003479,0.46066284,-1.4437866
92335,0.16372681,0.40924072,-1.096344
92336,-0.021362305,0.59906006,-1.131134
92337,-0.056762695,0.64971924,-1.1010742
92338,-0.09475708,0.8908081,-1.0838318
92339,-0.076751709,0.94543457,-1.2051392
92340,-0.29388428,0.84823608,-1.0055542
92341,-0.27435303,1.027832,-1.2011719
92342,-0.40481567,1.129303,-1.0217285
92343,-0.37246704,1.0481262,-0.98754883
92344,-0.51177978,0.97457886,-0.84350586
92345,-0.45806885,0.92910767,-0.93292236
92346,-0.58792114,1.0858154,-0.94604492
92347,-0.66192627,0.93429565,-1.056366
92348,-0.60668945,1.027832,-0.80780029
92349,-0.65185547,1.0203552,-0.98098755
92350,-0.57754517,1.239624,-0.86120606
92351,-0.86837769,1.2567139,-0.86242676
92352,-0.90652466,1.0820007,-0.68756103
92353,-0.92941284,1.1071777,-0.85083008
92354,-0.82824707,1.1203003,-0.76782227
92355,-0.82550049,1.1206055,-0.69091797
92356,-0.94772339,1.1129761,-0.65032959
92357,-1.0601807,1.1032104,-0.61828613
92358,-1.1444092,1.3000488,-0.60348511
92359,-1.1083984,1.0925293,-0.58959961
92360,-1.0731506,1.1911011,-0.46432495
92361,-1.2503052,1.1065674,-0.38619995
92362,-1.3043213,1.1709595,-0.43701172
92363,-1.2588501,1.1730957,-0.34118652
92364,-1.3542175,1.0392761,-0.38253784
92365,-1.5116882,1.0516357,-0.23651123
92366,-1.7886353,0.75302124,-0.43411255
92367,-1.5130615,1.0411072,-0.25177002
92368,-1.6798401,0.97549438,-0.07522583
92369,-1.5299988,1.0328674,-0.10147095
92370,-1.4761353,1.0491943,-0.093841553
92371,-1.7437744,1.1520386,-0.088653564
92372,-1.6676331,1.0719299,-0.029144287
92373,-1.605072,1.1309814,0.12039185
92374,-1.754303,1.1172485,0.10696411
92375,-1.6860962,1.0824585,0.19607544
92376,-1.7866516,0.94436646,0.17471313
92377,-1.8373108,1.0037231,0.28945923
92378,-1.9358826,1.0400391,0.42602539
92379,-1.8183899,0.84899902,0.43426514
92380,-1.8470764,0.89019775,0.40115356
92381,-1.9354248,0.85571289,0.47866821
92382,-1.9862366,0.91003418,0.53985596
92383,-1.8400574,0.88088989,0.54550171
92384,-1.9636536,0.91445923,0.73425293
92385,-2.0062256,0.65429688,0.72387695
92386,-2.0271301,0.71609497,0.80200195
92387,-2.0835876,0.80703735,0.87051392
92388,-2.0092773,0.73883057,0.84350586
92389,-2.0501709,0.60424805,0.75973511
92390,-2.0037842,0.62057495,0.82977295
92391,-1.9989014,0.56640625,0.94589233
92392,-2.1585083,0.62316894,1.0023499
92393,-2.0822144,0.47821045,0.94177246
92394,-2.0401001,0.53512573,1.1161804
92395,-2.1998596,0.34118652,1.2097168
92396,-2.1076965,0.067901611,1.084137
92397,-1.9953918,0.11688232,1.1123657
92398,-2.0819092,0.13854981,1.3171387
92399,-1.934967,0.1171875,1.1366272
92400,-2.1203613,-0.038146973,1.3442993
92401,-2.1208191,-0.3288269,1.4700317
92402,-2.048645,-0.13168335,1.4404297
92403,-2.2608948,-0.23162842,1.4724731
92404,-1.8902588,-0.23406982,1.4656067
92405,-2.0664978,-0.41656494,1.4370728
92406,-1.7687988,-0.27038574,1.5130615
92407,-1.7855835,-0.31921387,1.6702271
92408,-1.82724,-0.31982422,1.5602112
92409,-1.8421936,-0.59417725,1.8475342
92410,-1.9642639,-0.6173706,2.1044922
92411,-1.8159485,-0.74417114,1.5292358
92412,-1.7971802,-0.88500977,1.7941284
92413,-1.6815186,-0.68527222,1.6737366
92414,-1.8566895,-0.75271606,1.8632507
92415,-1.7430115,-0.74890137,1.9148254
92416,-1.6497803,-0.79727173,1.8838501
92417,-1.620636,-0.93429565,1.8580627
92418,-1.2919617,-1.1271667,1.5979004
92419,-1.5722656,-1.3549805,1.4942932
92420,-1.6661072,-1.2406921,1.8371582
92421,-1.6777039,-1.1328125,1.8695068
92422,-1.4794922,-1.1535645,1.9215393
92423,-1.5782166,-1.2327576,2.1699524
92424,-1.5829468,-1.3223267,2.0539856
92425,-1.4614868,-1.2765503,2.0620728
92426,-1.1849976,-1.4323425,1.9696045
92427,-1.2484741,-1.5936279,2.021637
92428,-1.2310791,-1.6564941,1.9403076
92429,-1.2458801,-1.5791321,2.0109558
92430,-1.003418,-1.6130066,1.9276428
92431,-1.0231018,-1.7166138,1.9819641
92432,-0.97122192,-1.6519165,1.9317627
92433,-0.93322754,-1.517334,1.6992188
92434,-0.86868286,-1.5644836,1.6899109
92435,-0.79437256,-1.6534424,1.7205811
92436,-0.72494507,-1.837616,1.7593384
92437,-0.61767578,-1.7930603,1.9255066
92438,-0.53344727,-1.8226624,1.8138123
92439,-0.54779053,-1.7800903,1.7340088
92440,-0.67840576,-2.0118713,1.7671204
92441,-0.42266846,-2.052002,1.6545105
92442,-0.31692505,-2.0957947,1.6751099
92443,-0.4309082,-2.1177673,1.7056274
92444,-0.33660889,-1.9439697,1.6589355
92445,-0.29907227,-2.0195007,1.5261841
92446,-0.17303467,-2.0980835,1.6493225
92447,-0.1725769,-2.071991,1.4607239
92448,-0.30639648,-2.1669006,1.4692688
92449,-0.13565063,-2.1127319,1.4788818
92450,0.000305176,-2.3062134,1.477356
92451,0.009918213,-2.2647095,1.4581299
92452,-0.001831055,-2.1920776,1.3143921
92453,-0.14007568,-2.2045898,1.342926
92454,0.009918213,-2.1359253,1.3787842
92455,0.25665283,-2.2053528,1.2792969
92456,0.22491455,-2.2618103,1.2770081
92457,0.25634766,-2.1987915,1.1950684
92458,0.29067993,-2.3086548,1.1224365
92459,0.36941528,-2.3150635,0.99960327
92460,0.40115356,-2.2846985,0.93200684
92461,0.47058106,-2.2738647,0.83801269
92462,0.50537109,-2.3890686,0.83084106
92463,0.5229187,-2.2329712,0.75256348
92464,0.56289673,-2.2122192,0.82092285
92465,0.59829712,-2.1257019,0.68557739
92466,0.66680908,-2.162323,0.68328857
92467,0.64071655,-2.2807312,0.60913086
92468,0.69091797,-1.9615173,0.46920776
92469,0.83023071,-2.0793152,0.57342529
92470,0.76461792,-2.1954346,0.59448242
92471,1.0638428,-1.9688416,0.4675293
92472,0.8404541,-1.8289185,0.41107178
92473,0.92544556,-1.9224548,0.26733398
92474,0.82641602,-1.8597412,0.31356811
92475,0.90957642,-1.985321,0.20645142
92476,1.0124207,-1.8962097,0.15869141
92477,1.0159302,-1.9091797,0.23452759
92478,1.1331177,-1.7971802,0.15045166
92479,1.131897,-1.7810059,0.009765625
92480,1.2123108,-1.6696167,0.061187744
92481,1.2464905,-1.8464661,-0.003356934
92482,1.1885071,-1.7785645,-0.017089844
92483,1.1795044,-1.7997742,-0.094451904
92484,1.2466431,-1.8255615,-0.1399231
92485,1.2036133,-1.7077637,-0.17822266
92486,1.2321472,-1.6397095,-0.2104187
92487,1.2788391,-1.5917969,-0.24978638
92488,1.2796021,-1.6378784,-0.28900147
92489,1.2057495,-1.5811157,-0.33004761
92490,1.2081909,-1.5042114,-0.4246521
92491,1.2379456,-1.5008545,-0.48797607
92492,1.1645508,-1.3546753,-0.56152344
92493,1.1708069,-1.280365,-0.60806274
92494,1.2208557,-1.2365723,-0.69244385
92495,1.2129211,-1.269989,-0.77972412
92496,1.2132263,-1.1735535,-0.73608398
92497,1.1279297,-1.1943054,-0.75469971
92498,1.1027527,-1.1199951,-0.83129883
92499,0.98876953,-0.98724365,-0.84152222
92500,1.0494995,-1.0545349,-0.72479248
92501,0.9576416,-0.7736206,-0.80780029
92502,0.99792481,-0.77148438,-0.86608887
92503,1.0444641,-0.72570801,-0.99624634
92504,1.0864258,-0.61584473,-0.98861694
92505,0.91873169,-0.57693481,-1.1943054
92506,1.0925293,-0.52780151,-1.0072327
92507,0.99914551,-0.55709839,-1.0641479
92508,0.94284058,-0.37994385,-1.1114502
92509,0.90454102,-0.32989502,-1.1373901
92510,0.91430664,-0.30700684,-1.1149597
92511,0.82092285,-0.18676758,-1.1956787
92512,0.80993652,-0.19958496,-1.3232422
92513,0.61462402,-0.27893066,-1.3043213
92514,0.77484131,-0.2861023,-1.2121582
92515,0.71029663,-0.21453857,-1.3433838
92516,0.7736206,0.077362061,-1.3163757
92517,0.6022644,0.079040527,-1.5983582
92518,0.50521851,0.11932373,-1.4364624
92519,0.42510986,-0.15991211,-1.5621948
92520,0.41030884,-0.052032471,-1.4741516
92521,0.52841187,0.2243042,-1.4212036
92522,0.34927368,0.4284668,-1.3502502
92523,0.35247803,0.47607422,-1.3275146
92524,0.36499023,0.37658691,-1.2301636
92525,0.34683228,0.38085938,-1.1997986
92526,0.37612915,0.42526245,-1.2454224
92527,0.21606445,0.55328369,-1.3137817
92528,0.17120361,0.51223755,-1.2423706
92529,0.17211914,0.71456909,-1.2948608
92530,0.083770752,0.72875977,-1.1717224
92531,0.051269531,0.6388855,-1.204834
92532,0.000152588,0.57174683,-1.1619568
92533,-0.077819824,0.41137695,-1.0588074
92534,-0.12512207,0.809021,-1.2730408
92535,-0.078125,0.85693359,-1.229248
92536,-0.1890564,0.90423584,-1.1129761
92537,-0.15045166,0.98388672,-1.0925293
92538,-0.42404175,0.94390869,-1.0595703
92539,-0.36376953,1.100769,-1.1035156
92540,-0.54397583,1.2492371,-1.0421753
92541,-0.45837402,1.1773682,-1.1465454
92542,-0.64590454,1.2597656,-1.0014343
92543,-0.61431885,1.0742188,-0.94558716
92544,-0.70663452,1.1499023,-1.0246277
92545,-0.67398071,1.1151123,-1.1351013
92546,-0.7434082,1.309967,-0.7510376
92547,-0.86715698,1.1933899,-0.66604614
92548,-0.91583252,1.3224792,-0.73608398
92549,-0.85021973,1.3618469,-0.72799683
92550,-0.90911865,1.3262939,-0.68572998
92551,-0.9362793,1.2695313,-0.76187134
92552,-1.1628723,1.3424683,-0.57556152
92553,-1.1764526,1.2510681,-0.63415527
92554,-1.3072205,1.2321472,-0.55831909
92555,-1.2672424,1.3635254,-0.69244385
92556,-1.4512634,1.2702942,-0.46859741
92557,-1.4431763,1.1560059,-0.3427124
92558,-1.4724731,1.2724304,-0.27984619
92559,-1.6130066,1.2649536,-0.2041626
92560,-1.5379334,1.2927246,-0.17272949
92561,-1.5974426,1.2200928,-0.11260986
92562,-1.8347168,1.0107422,-0.35232544
92563,-1.7686462,1.0249329,0.043029785
92564,-1.8206787,1.0971069,-0.13290405
92565,-1.8217468,1.0621643,-0.027770996
92566,-1.7459106,1.0510254,0.16143799
92567,-1.7929077,0.97930908,0.12588501
92568,-1.8112183,0.97045898,0.094909668
92569,-1.8443298,1.0800171,0.17974853
92570,-1.8733215,1.0784912,0.080108643
92571,-1.993103,0.98876953,0.3994751
92572,-2.1331787,0.96343994,0.21255493
92573,-2.094574,0.84838867,0.43319702
92574,-2.0704651,0.94726563,0.41778564
92575,-1.8890381,0.96313477,0.45410156
92576,-2.0307922,1.0084534,0.65185547
92577,-2.0785522,0.89172363,0.54870606
92578,-2.1133423,0.82550049,0.55496216
92579,-2.2450256,0.75195313,0.7963562
92580,-2.2439575,0.87799072,0.79589844
92581,-2.2129822,0.80581665,0.79986572
92582,-2.2499084,0.77560425,0.85021973
92583,-2.4311829,0.50842285,0.97640991
92584,-2.212677,0.58792114,0.88500977
92585,-2.3532104,0.40115356,0.95001221
92586,-2.1621704,0.40374756,0.97442627
92587,-2.2216797,0.52490234,1.0299683
92588,-2.2267151,0.38543701,1.2214661
92589,-2.2209167,0.44677734,1.3056946
92590,-2.0976257,0.36010742,1.4431763
92591,-2.0843506,0.18859863,1.3885498
92592,-2.1417236,0.20568848,1.2834167
92593,-2.1063232,0.17211914,1.3899231
92594,-2.0542908,0.05279541,1.4259338
92595,-2.1281433,-0.063934326,1.4886475
92596,-2.0707703,0.10742188,1.4723206
92597,-2.0114136,0.037536621,1.5248108
92598,-2.170105,-0.013580322,1.6181946
92599,-2.0446777,-0.32226563,1.7431641
92600,-2.0678711,-0.19714356,1.6018677
92601,-2.130127,-0.018005371,1.5481567
92602,-2.0533752,-0.28488159,1.7860413
92603,-2.0985413,-0.13748169,1.8153381
92604,-2.0419312,-0.47119141,1.7980957
92605,-1.9300842,-0.53115845,1.8334961
92606,-2.0111084,-0.4814148,1.8457031
92607,-1.9384766,-0.69641113,1.5393066
92608,-1.9760132,-0.84182739,1.8107605
92609,-2.0193481,-0.90957642,1.9831848
92610,-1.9285584,-0.64208984,1.9555664
92611,-1.934967,-0.8279419,1.8408203
92612,-1.7970276,-0.89309692,1.887207
92613,-1.7440796,-1.186676,1.8676758
92614,-1.6557312,-1.2669373,2.0542908
92615,-1.8878174,-1.335144,2.0095825
92616,-1.6221619,-1.2309265,2.0155334
92617,-1.6545105,-1.1264038,2.059021
92618,-1.6020203,-1.0798645,2.1456909
92619,-1.3412476,-1.1576843,2.0610046
92620,-1.4030457,-1.3574219,2.0039368
92621,-1.4007568,-1.5151978,1.9915771
92622,-1.3964844,-1.4768982,2.0021057
92623,-1.2290955,-1.6926575,1.9900513
92624,-1.2113953,-1.5534973,1.9857788
92625,-1.231842,-1.678772,2.039032
92626,-1.1477661,-1.7150879,2.1342468
92627,-0.91445923,-1.7419434,1.8992615
92628,-0.92697144,-1.7953491,1.8307495
92629,-1.0269165,-1.739502,1.9737244
92630,-0.90789795,-1.8180847,1.9630432
92631,-0.81588745,-1.8112183,2.0001221
92632,-0.6703186,-1.9235229,1.9340515
92633,-0.69213867,-1.9656372,1.8572998
92634,-0.61096191,-1.973877,1.7781067
92635,-0.64422607,-1.9065857,1.7877197
92636,-0.62576294,-2.0956421,1.7988586
92637,-0.52581787,-2.1986389,1.9285584
92638,-0.4876709,-2.0982361,1.8478394
92639,-0.45043945,-2.2628784,1.7526245
92640,-0.37124634,-2.3124695,1.6470337
92641,-0.21667481,-2.1128845,1.7895508
92642,-0.19805908,-2.1160889,1.6998291
92643,-0.24261475,-2.2093201,1.5103149
92644,-0.11825561,-2.4043274,1.4367676
92645,-0.020751953,-2.298584,1.3790894
92646,0.037536621,-2.4545288,1.3293457
92647,0.089263916,-2.3246765,1.3641357
92648,0.1222229,-2.3187256,1.3418579
92649,0.25360107,-2.184906,1.4118958
92650,0.29464722,-2.3052979,1.1965942
92651,0.34942627,-2.2407532,1.1962891
92652,0.33508301,-2.4481201,1.1019897
92653,0.41595459,-2.3205566,1.1657715
92654,0.34255981,-2.3950195,1.1248779
92655,0.4107666,-2.3823547,1.0134888
92656,0.63690185,-2.3956299,0.94284058
92657,0.58929443,-2.2514343,1.0157776
92658,0.63217163,-2.3760986,1.0237122
92659,0.70678711,-2.403717,0.95611572
92660,0.72875977,-2.3254395,0.79910278
92661,0.80856323,-2.2958374,0.61752319
92662,0.86456299,-2.2763062,0.60073853
92663,0.87249756,-2.4349976,0.60684204
92664,0.80444336,-2.3258972,0.52352905
92665,0.92407227,-2.4087524,0.67321777
92666,0.88165283,-2.2805786,0.45547485
92667,1.0098267,-2.1414185,0.44281006
92668,1.116333,-2.0939636,0.38406372
92669,0.91705322,-2.1369934,0.32485962
92670,1.0083008,-2.0983887,0.14831543
92671,0.97900391,-1.9699097,0.262146
92672,1.0194397,-2.0707703,0.010986328
92673,1.131897,-2.0574951,-0.055236816
92674,1.2257385,-1.9711304,0.053100586
92675,1.1546326,-1.9821167,-0.001068115
92676,1.1483765,-1.8835449,0.040435791
92677,1.2130737,-1.9715881,-0.12390137
92678,1.242981,-2.0056152,-0.17990112
92679,1.2638855,-2.0646667,-0.20782471
92680,1.2161255,-1.8972778,-0.22506714
92681,1.1247253,-1.6769409,-0.27816772
92682,1.3183594,-1.5708923,-0.2772522
92683,1.1921692,-1.5258789,-0.33279419
92684,1.4137268,-1.583252,-0.52536011
92685,1.3169861,-1.5800476,-0.53512573
92686,1.2539673,-1.6139221,-0.68450928
92687,1.3282776,-1.5397644,-0.61767578
92688,1.2994385,-1.426239,-0.60302734
92689,1.1836243,-1.2809753,-0.58044434
92690,1.2783813,-1.4697266,-0.77804565
92691,1.3220215,-1.3011169,-0.72967529
92692,1.1499023,-1.2329102,-0.7345581
92693,1.126709,-1.1581421,-0.81420898
92694,1.2670898,-1.0046387,-0.80093384
92695,1.1831665,-1.0771179,-0.94543457
92696,1.0545349,-0.94421387,-0.78109741
92697,1.1320496,-0.85845947,-0.92453003
92698,1.0987854,-0.9451294,-0.82077026
92699,1.0298157,-0.77651978,-1.0943604
92700,1.2149048,-0.64483643,-0.99014282
92701,1.0401916,-0.62591553,-1.0249329
92702,1.0725403,-0.50445557,-1.0797119
92703,0.96496582,-0.53100586,-1.1192322
92704,0.93139648,-0.55511475,-1.1276245
92705,0.91491699,-0.43807983,-1.2651062
92706,0.94680786,-0.41259766,-1.237793
92707,1.0357666,-0.25192261,-1.2393188
92708,0.80352783,-0.11474609,-1.1585999
92709,0.82366943,-0.31387329,-1.290741
92710,0.85800171,-0.16403198,-1.3206482
92711,0.79147339,-0.19866943,-1.3391113
92712,0.51269531,-0.45028686,-1.5226746
92713,0.43365478,-0.12786865,-1.3545227
92714,0.52993774,-0.29724121,-1.516571
92715,0.54748535,0.13092041,-1.5083313
92716,0.47531128,0.16189575,-1.446991
92717,0.49606323,0.30380249,-1.4012146
92718,0.50720215,0.18951416,-1.6140747
92719,0.4750061,0.3944397,-1.5196228
92720,0.31341553,0.58746338,-1.3171387
92721,0.16555786,0.5065918,-1.3311768
92722,0.15411377,0.72113037,-1.3293457
92723,0.13702393,0.73944092,-1.4364624
92724,0.22628784,0.67871094,-1.3725281
92725,-0.02532959,0.77972412,-1.3339233
92726,-0.027923584,0.95794678,-1.2477112
92727,0.14526367,0.83618164,-1.3461304
92728,-0.057525635,0.83251953,-1.2826538
92729,-0.085296631,0.92834473,-1.1767578
92730,-0.20584106,0.72341919,-1.0714722
92731,-0.35461426,0.57006836,-1.2936401
92732,-0.31585693,0.79986572,-1.2452698
92733,-0.38604736,0.94116211,-1.2576294
92734,-0.43487549,1.0133362,-1.1309814
92735,-0.37185669,1.1642456,-1.1132813
92736,-0.58746338,1.2545776,-1.1877441
92737,-0.65597534,1.2286377,-1.076355
92738,-0.57235718,1.353302,-1.1845398
92739,-0.56747437,1.3922119,-1.126709
92740,-0.69137573,1.2902832,-1.0113525
92741,-0.72814941,1.2179565,-0.98922729
92742,-0.85968018,1.2158203,-0.87081909
92743,-0.97335815,1.23703,-0.82305908
92744,-1.0203552,1.2504578,-0.72753906
92745,-0.98724365,1.3951111,-0.91201782
92746,-1.0005188,1.4508057,-0.81054688
92747,-1.1845398,1.3563538,-0.60195923
92748,-1.1582947,1.2243652,-0.6930542
92749,-1.2870789,1.3844299,-0.49926758
92750,-1.255188,1.2527466,-0.49667358
92751,-1.2164307,1.3500977,-0.5166626
92752,-1.2974548,1.3818359,-0.42160034
92753,-1.3870239,1.3754272,-0.36392212
92754,-1.5319824,1.3861084,-0.49468994
92755,-1.5167236,1.2257385,-0.38818359
92756,-1.6371155,1.3833618,-0.22857666
92757,-1.496582,1.391449,-0.12359619
92758,-1.7054749,1.3839722,-0.14221191
92759,-1.8270874,0.90774536,0.003967285
92760,-1.789856,1.2916565,0.027923584
92761,-1.7216492,1.2036133,-0.11016846
92762,-1.8040466,1.1506653,-0.052490234
92763,-1.7758179,1.2782288,0.13137817
92764,-1.8139648,1.2434387,0.13504028
92765,-1.816864,1.2095642,0.14556885
92766,-1.9728088,1.1425781,0.33096314
92767,-1.9532776,1.2481689,0.40985107
92768,-1.8598938,1.2294006,0.38726807
92769,-2.0320129,1.1712646,0.43563843
92770,-2.0915222,1.0403442,0.48049927
92771,-2.0657349,1.003418,0.56594849
92772,-2.0545959,1.1334229,0.53497315
92773,-2.1356201,1.0144043,0.61676025
92774,-2.1624756,0.95031738,0.70358276
92775,-2.1772766,1.0101318,0.73120117
92776,-2.2340393,0.83984375,0.7913208
92777,-2.2698975,0.78567505,0.79711914
92778,-2.2819519,0.82290649,0.95184326
92779,-2.2160339,0.61477661,0.89157104
92780,-2.4151611,0.55908203,1.0784912
92781,-2.1707153,0.51620483,0.98876953
92782,-2.1528625,0.519104,1.0726929
92783,-2.243042,0.56533813,0.87646484
92784,-2.1646118,0.51071167,1.1831665
92785,-2.1548462,0.37200928,1.1238098
92786,-2.2631836,0.41885376,1.2585449
92787,-2.2741699,0.40679932,1.3525391
92788,-2.1086121,0.36026001,1.3082886
92789,-2.1264648,0.17242432,1.5505981
92790,-2.2254944,0.30822754,1.51474
92791,-2.208252,0.044555664,1.4692688
92792,-2.0252991,-0.06439209,1.4541626
92793,-1.9056702,-0.51864624,1.3320923
92794,-2.2325134,-0.018615723,1.3760376
92795,-2.0353699,-0.26901245,1.6833496
92796,-2.0378113,-0.22949219,1.6732788
92797,-2.0169067,-0.39978027,1.6598511
92798,-1.9256592,-0.52001953,1.7053223
92799,-1.993866,-0.519104,1.6255188
92800,-1.887207,-0.56594849,1.7501831
92801,-2.0106506,-0.57373047,1.7907715
92802,-1.9607544,-0.60943603,1.8179321
92803,-1.995697,-0.70724487,2.0149231
92804,-1.9772339,-0.77255249,1.8826294
92805,-1.9380188,-0.87768555,1.9041443
92806,-1.751709,-0.94741821,1.905365
92807,-1.7532349,-1.0829163,1.9680786
92808,-1.8092346,-0.94787598,2.049408
92809,-1.8045044,-1.190033,1.7755127
92810,-1.8164063,-1.1766052,1.7781067
92811,-1.6351318,-1.2644959,1.90979
92812,-1.51474,-1.3235474,2.0013428
92813,-1.5168762,-1.4657593,1.9885254
92814,-1.4660645,-1.4668274,2.1972656
92815,-1.4706421,-1.4904785,2.0480347
92816,-1.4653015,-1.4303589,1.8449402
92817,-1.3442993,-1.4398193,1.9062805
92818,-1.2599182,-1.4201355,1.9389343
92819,-1.3299561,-1.5948486,2.0455933
92820,-1.1808777,-1.7370605,2.03125
92821,-1.2023926,-1.6950989,2.1348572
92822,-1.0299683,-1.7404175,1.8652344
92823,-1.0005188,-1.743927,1.9833374
92824,-0.97167969,-1.8145752,2.0806885
92825,-0.91613769,-1.9223022,2.1635437
92826,-0.91674805,-2.0758057,2.0011902
92827,-0.83892822,-1.9927979,1.9833374
92828,-0.6326294,-2.028656,1.993103
92829,-0.74630737,-2.1012878,2.0381165
92830,-0.50109863,-2.0497131,1.9042969
92831,-0.56808472,-2.154541,1.8939209
92832,-0.61828613,-2.1305847,1.9377136
92833,-0.50872803,-2.0497131,1.9343567
92834,-0.38986206,-2.0361328,1.7926025
92835,-0.28686523,-2.1182251,1.7687988
92836,-0.16204834,-2.2325134,1.7645264
92837,-0.19790649,-2.3570251,1.5663147
92838,-0.22857666,-2.3851013,1.690979
92839,-0.21179199,-2.3513794,1.749115
92840,-0.12420654,-2.2451782,1.6809082
92841,0.019989014,-2.29599,1.6346741
92842,-0.007324219,-2.2904968,1.545105
92843,0.063476563,-2.2717285,1.428833
92844,0.12908935,-2.3890686,1.4457703
92845,0.18295288,-2.5791931,1.4045715
92846,0.16998291,-2.4407959,1.3301086
92847,0.48492432,-2.4235535,1.2878418
92848,0.35354614,-2.3974609,1.0148621
92849,0.24780273,-2.350769,1.0583496
92850,0.41381836,-2.2967529,1.1907959
92851,0.46981811,-2.346344,1.0144043
92852,0.64483643,-2.3997498,1.1473084
92853,0.52459717,-2.4607849,0.95840454
92854,0.63919067,-2.5056458,0.93658447
92855,0.6954956,-2.4389648,1.0966492
92856,0.74783325,-2.497406,0.88027954
92857,0.72677612,-2.4578857,0.71258545
92858,0.8505249,-2.3930359,0.71365356
92859,0.74310303,-2.4804688,0.76507568
92860,0.92041016,-2.4130249,0.67245483
92861,0.86135864,-2.3291016,0.61340332
92862,0.97869873,-2.2555542,0.5909729
92863,0.9451294,-2.3242188,0.44830322
92864,1.1662292,-2.4655151,0.34301758
92865,1.0498047,-2.4217224,0.28259277
92866,1.0494995,-2.3646545,0.29647827
92867,1.126709,-2.0321655,0.33126831
92868,1.255188,-2.1734619,0.29418945
92869,1.1712646,-2.0040894,0.23040772
92870,1.2025452,-2.1192932,0.15457153
92871,1.2556458,-2.1990967,-0.057830811
92872,1.2634277,-2.0347595,-0.082397461
92873,1.3374329,-2.0376587,-0.15899658
92874,1.2750244,-2.0153809,-0.055847168
92875,1.2922668,-1.9540405,-0.31997681
92876,1.3198853,-1.7866516,-0.39855957
92877,1.2805176,-1.8572998,-0.3453064
92878,1.4776611,-1.7611694,-0.39672852
92879,1.5313721,-1.7382813,-0.3817749
92880,1.2631226,-1.7059326,-0.37460327
92881,1.3374329,-1.3795471,-0.37948608
92882,1.4518738,-1.4996338,-0.48858643
92883,1.4733887,-1.5324402,-0.54321289
92884,1.4605713,-1.5145874,-0.69717407
92885,1.399231,-1.5641785,-0.82199097
92886,1.3520813,-1.5261841,-0.82199097
92887,1.2454224,-1.2715149,-0.70495606
92888,1.3084412,-1.2496948,-0.84091187
92889,1.2512207,-1.1883545,-0.95901489
92890,1.186676,-1.0041809,-0.88088989
92891,1.1164856,-1.0348511,-0.93688965
92892,1.171875,-0.98236084,-1.0824585
92893,1.2811279,-0.82321167,-1.0482788
92894,1.2417603,-0.88653565,-0.99182129
92895,1.1737061,-0.82290649,-1.0261536
92896,1.1050415,-0.70922852,-1.1138916
92897,1.1782837,-0.71990967,-1.1972046
92898,1.0986328,-0.67565918,-1.1569214
92899,1.1047363,-0.52505493,-1.1775208
92900,1.1132813,-0.41198731,-1.177063
92901,1.133728,-0.44448853,-1.1868286
92902,1.0470581,-0.39596558,-1.2217712
92903,1.0054016,-0.28381348,-1.288147
92904,0.96405029,-0.2696228,-1.2698364
92905,0.93307495,-0.17990112,-1.4599609
92906,0.93429565,-0.006408691,-1.4941406
92907,0.90911865,0.018005371,-1.5538025
92908,0.6439209,-0.51177978,-1.7448425
92909,0.64666748,-0.12588501,-1.7604065
92910,0.6137085,-0.11169434,-1.6726685
92911,0.69168091,0.21316528,-1.4964294
92912,0.81512451,0.31768799,-1.5319824
92913,0.63354492,0.3894043,-1.4404297
92914,0.63110352,0.36880493,-1.4447021
92915,0.59875488,0.44525147,-1.3734436
92916,0.45532227,0.3779602,-1.3389587
92917,0.42449951,0.61248779,-1.4422607
92918,0.27160644,0.53222656,-1.6767883
92919,0.26702881,0.66116333,-1.5403748
92920,0.14175415,0.60272217,-1.4134216
92921,0.28503418,0.58242798,-1.51474
92922,0.23330688,0.62728882,-1.3835144
92923,0.12039185,0.67611694,-1.4434814
92924,0.079345703,0.87020874,-1.4535522
92925,-0.13214111,0.92712402,-1.3471985
92926,-0.049438477,0.77713013,-1.2277222
92927,-0.11413574,0.96633911,-1.2409973
92928,-0.13549805,0.99945068,-1.1868286
92929,-0.19424438,1.0098267,-1.2963867
92930,-0.17868042,0.94528198,-1.1340332
92931,-0.24536133,1.1508179,-1.2944031
92932,-0.31051636,1.0366821,-1.2742615
92933,-0.38543701,1.0380554,-1.293335
92934,-0.4498291,1.0722351,-1.2538147
92935,-0.55633545,1.4163208,-1.0571289
92936,-0.48538208,1.4778137,-1.0087585
92937,-0.69488525,1.4848328,-0.89584351
92938,-0.76950073,1.5234375,-1.2364197
92939,-0.84106445,1.486969,-1.0697937
92940,-0.86090088,1.4309692,-1.0406494
92941,-0.97366333,1.3949585,-0.97167969
92942,-1.0632324,1.5266418,-0.84991455
92943,-0.94436646,1.3606262,-0.73730469
92944,-1.0415649,1.6012573,-0.80841065
92945,-1.1297607,1.6305542,-0.84243774
92946,-1.2132263,1.5716553,-0.76354981
92947,-1.3519287,1.5223694,-0.66925049
92948,-1.3626099,1.3336182,-0.677948
92949,-1.3224792,1.4645386,-0.56930542
92950,-1.4149475,1.5014648,-0.7131958
92951,-1.3414001,1.3752747,-0.59738159
92952,-1.5103149,1.51474,-0.6451416
92953,-1.6682434,1.3789368,-0.32180786
92954,-1.6496277,1.4050293,-0.40039063
92955,-1.8052673,1.2091064,-0.38375855
92956,-1.5840149,1.2820435,-0.25817871
92957,-1.7156982,1.3891602,-0.30578613
92958,-1.7208862,1.394043,-0.18127441
92959,-1.7552185,1.3319397,-0.018920898
92960,-1.7341614,1.378479,0.044708252
92961,-1.7948914,1.3220215,0.061950684
92962,-1.7538452,1.3252258,0.10940552
92963,-1.8547058,1.3179016,0.17883301
92964,-1.9297791,1.1373901,0.33508301
92965,-1.9091797,1.2763977,0.206604
92966,-1.9593811,1.1262512,0.39306641
92967,-1.9625854,1.1502075,0.44570923
92968,-1.9883728,1.2924194,0.55084228
92969,-1.9284058,1.0105896,0.55297852
92970,-2.194519,1.0414124,0.71350098
92971,-2.2373962,1.0266113,0.7498169
92972,-2.1220398,0.91247559,0.70144653
92973,-2.1725464,0.94772339,0.7220459
92974,-2.0817566,0.86547852,0.85479736
92975,-2.1113586,0.8052063,0.84228516
92976,-2.1188354,0.93170166,0.86013794
92977,-2.3176575,0.77545166,0.89141846
92978,-2.2099304,0.84823608,0.8972168
92979,-2.1401978,0.80474853,0.9451294
92980,-2.1899414,0.72067261,0.98953247
92981,-2.2949219,0.57861328,1.1737061
92982,-2.1702576,0.57571411,1.2574768
92983,-2.300415,0.52993774,1.3781738
92984,-2.223053,0.47180176,1.3613892
92985,-2.3181152,0.35476685,1.2394714
92986,-2.1707153,0.39337158,1.2721252
92987,-2.2088623,0.38116455,1.4517212
92988,-2.0343018,0.1335144,1.4790344
92989,-2.1946716,0.09475708,1.463623
92990,-2.2651672,-0.12374878,1.4620972
92991,-2.3167419,-0.13641357,1.4379883
92992,-2.1456909,-0.21148682,1.5466309
92993,-2.0677185,-0.096130371,1.6488647
92994,-2.144928,-0.3894043,1.4555359
92995,-2.2021484,-1.125946,1.7385864
92996,-2.1250916,-0.70358276,1.7770386
92997,-2.1057129,-0.58059692,1.7190552
92998,-2.1118164,-0.60501099,1.8643188
92999,-2.1563721,-0.64910889,1.7556763
93000,-1.9670105,-0.5116272,1.602478
93001,-1.9668579,-0.60424805,1.7707825
93002,-1.9940186,-0.8303833,1.8798828
93003,-2.0066833,-0.8303833,1.8122864
93004,-1.9467163,-0.91262817,1.9009399
93005,-1.8997192,-0.90438843,2.0254517
93006,-1.8057251,-1.0046387,1.8913269
93007,-2.0443726,-1.1236572,1.819458
93008,-1.7494202,-1.0842896,2.0225525
93009,-1.8249512,-1.0559082,2.149353
93010,-1.5635681,-1.0644531,2.1498108
93011,-1.6558838,-1.2243652,2.1351624
93012,-1.6177368,-1.3677979,2.0211792
93013,-1.6059875,-1.5145874,2.12677
93014,-1.6267395,-1.5144348,1.9837952
93015,-1.4839172,-1.5765381,1.9223022
93016,-1.4057922,-1.4950562,2.0372009
93017,-1.4006042,-1.5362549,1.9673157
93018,-1.3499451,-1.5979004,2.0137024
93019,-1.2545776,-1.6067505,2.0385742
93020,-1.2258911,-1.3598633,2.0504761
93021,-1.2295532,-1.444397,2.0909119
93022,-1.1154175,-1.647644,1.9970703
93023,-0.95184326,-1.5948486,2.0979309
93024,-0.93856812,-1.7747498,1.8881226
93025,-0.91506958,-1.7192078,2.0747375
93026,-0.69610596,-1.8585205,2.0097351
93027,-0.67581177,-1.9213867,2.0454407
93028,-0.72280884,-2.1820068,1.7584229
93029,-0.70617676,-2.0327759,1.953125
93030,-0.73532104,-1.9699097,2.0431519
93031,-0.58547974,-2.0373535,1.9282532
93032,-0.51101685,-2.0730591,1.8005371
93033,-0.51528931,-2.1847534,1.7515564
93034,-0.42327881,-2.1807861,1.7324829
93035,-0.3515625,-2.1614075,1.739502
93036,-0.20950317,-2.252655,1.8037415
93037,-0.29327393,-2.3661804,1.869812
93038,-0.2230835,-2.2879028,1.6799927
93039,-0.13504028,-2.3905945,1.6259766
93040,-0.15655518,-2.3652649,1.5739441
93041,-0.038146973,-2.3110962,1.4334106
93042,0.041351318,-2.2515869,1.5707397
93043,-0.054931641,-2.3841858,1.2882996
93044,0.056915283,-2.4305725,1.3941956
93045,0.16662598,-2.5610352,1.2939453
93046,0.1651001,-2.5775146,1.1636353
93047,0.20980835,-2.3789978,1.2730408
93048,0.45471191,-2.311554,1.2086487
93049,0.36071777,-2.2694397,1.1968994
93050,0.48019409,-2.4440002,1.0925293
93051,0.54885864,-2.3400879,1.0746765
93052,0.49987793,-2.1807861,1.0908508
93053,0.58425903,-2.2964478,1.0644531
93054,0.61599731,-2.3416138,0.965271
93055,0.677948,-2.118988,0.83129883
93056,0.71151733,-2.2689819,0.76385498
93057,0.80078125,-2.2227478,0.85006714
93058,0.90026856,-2.3432922,0.6048584
93059,0.75790405,-2.2572327,0.59631348
93060,0.88180542,-2.346344,0.60577393
93061,0.8203125,-2.2473145,0.54656982
93062,0.92407227,-2.2955322,0.41137695
93063,1.0162354,-2.3257446,0.44525147
93064,0.92376709,-2.2323608,0.42404175
93065,0.90255737,-2.2787476,0.34927368
93066,0.9677124,-2.2093201,0.33035278
93067,1.1297607,-2.0762634,0.1713562
93068,1.1422729,-1.9126892,0.1512146
93069,1.1532593,-1.9238281,0.14038086
93070,1.1645508,-2.0170593,-0.13809204
93071,1.1048889,-2.0581055,0.040893555
93072,1.0865784,-2.0788574,-0.13763428
93073,1.1434937,-2.0323181,-0.12817383
93074,1.194458,-1.8856812,-0.25299072
93075,1.2203979,-1.9979858,-0.18005371
93076,1.3775635,-1.7816162,-0.27587891
93077,1.2521362,-1.8089294,-0.43899536
93078,1.4231873,-1.6815186,-0.37322998
93079,1.3845825,-1.7224121,-0.41610718
93080,1.2536621,-1.6931152,-0.44692993
93081,1.2908936,-1.5986633,-0.49560547
93082,1.2399292,-1.5254211,-0.53619385
93083,1.4233398,-1.3830566,-0.68481445
93084,1.3221741,-1.3163757,-0.68115234
93085,1.288147,-1.4704895,-0.78094482
93086,1.2628174,-1.3919067,-0.76690674
93087,1.3299561,-1.2219238,-0.66497803
93088,1.1567688,-1.2805176,-0.80322266
93089,1.2950134,-1.3258362,-0.90682983
93090,1.2667847,-1.1434937,-0.88790894
93091,1.3243103,-1.0844421,-0.93643188
93092,1.1607361,-1.0943604,-0.9841919
93093,1.2405396,-0.806427,-0.92285156
93094,1.0597229,-0.84777832,-0.93109131
93095,1.1598206,-0.72418213,-1.0697937
93096,1.078186,-0.67138672,-1.0945129
93097,1.1013794,-0.6262207,-1.0778809
93098,1.0169983,-0.53222656,-1.2016296
93099,0.9375,-0.49743652,-1.1424255
93100,1.0351563,-0.5355835,-1.2466431
93101,0.91613769,-0.39550781,-1.3630676
93102,1.0453796,-0.47561645,-1.2348938
93103,0.90408325,-0.25390625,-1.3479614
93104,0.69244385,-0.262146,-1.1763
93105,0.79483032,-0.18951416,-1.1920166
93106,0.8190918,-0.12176514,-1.4169312
93107,0.79956055,-0.15197754,-1.4367676
93108,0.68359375,-0.08605957,-1.3729858
93109,0.71105957,-0.19851685,-1.5332031
93110,0.44891357,-0.11505127,-1.4547729
93111,0.49102783,-0.050201416,-1.4489746
93112,0.53588867,0.097808838,-1.4376831
93113,0.50140381,0.12557983,-1.2695313
93114,0.53787231,0.32318115,-1.3108826
93115,0.50109863,0.38574219,-1.386261
93116,0.47897339,0.47271728,-1.4518738
93117,0.44067383,0.52322388,-1.4202881
93118,0.184021,0.42388916,-1.3282776
93119,0.19607544,0.52459717,-1.3566589
93120,0.062713623,0.55511475,-1.28479
93121,-0.024871826,0.62316894,-1.3572693
93122,0.14831543,0.58624268,-1.1242676
93123,-0.058288574,0.70495606,-1.1999512
93124,-0.19180298,0.6741333,-1.2635803
93125,-0.083312988,0.66070557,-1.1044312
93126,-0.1739502,1.0481262,-1.1203003
93127,-0.21789551,0.98434448,-1.0490417
93128,-0.26977539,0.92163086,-1.2055969
93129,-0.46112061,1.0498047,-1.2211609
93130,-0.38070679,1.060791,-1.1323547
93131,-0.41366577,0.95672607,-1.2268066
93132,-0.42373657,1.0002136,-1.1886597
93133,-0.40603638,1.129303,-1.2686157
93134,-0.49285889,1.1616516,-1.156311
93135,-0.59143066,1.1999512,-1.0968018
93136,-0.82015991,1.1816406,-1.030426
93137,-0.72174072,1.2145996,-1.0717773
93138,-0.92956543,1.1785889,-0.8493042
93139,-0.81344604,1.2612915,-0.91690063
93140,-0.89645386,1.2315369,-0.85754394
93141,-0.96725464,1.2854004,-0.67764282
93142,-1.0505676,1.1894226,-0.62210083
93143,-1.0237122,1.2452698,-0.69747925
93144,-1.0617065,1.222229,-0.76431274
93145,-1.1045837,1.2689209,-0.50476074
93146,-1.2002563,1.2419128,-0.52597046
93147,-1.2928772,1.3400269,-0.56350708
93148,-1.3752747,1.277771,-0.45318603
93149,-1.2898254,1.2413025,-0.53619385
93150,-1.3146973,1.1898804,-0.40634155
93151,-1.4828491,1.1167908,-0.25894165
93152,-1.3829041,1.2811279,-0.26382446
93153,-1.5307617,1.2924194,-0.10253906
93154,-1.70578,1.4131165,-0.077819824
93155,-1.7364502,1.2138367,-0.15426636
93156,-1.7225647,1.3952637,-0.003356934
93157,-1.7333984,1.2094116,0.093383789
93158,-1.6607666,1.3232422,0.17730713
93159,-1.8357849,1.2304688,0.06729126
93160,-1.8241882,1.21521,0.18798828
93161,-1.8035889,1.1877441,0.10421753
93162,-1.9590759,1.1773682,0.1965332
93163,-1.985321,1.040802,0.20187378
93164,-1.9920349,1.0879517,0.27923584
93165,-2.0596313,1.136322,0.42221069
93166,-1.8998718,1.0305786,0.32409668
93167,-1.9624329,1.0621643,0.4397583
93168,-1.9993591,0.92010498,0.52124023
93169,-1.9522095,1.0043335,0.60195923
93170,-1.9790649,0.95016479,0.58990478
93171,-1.9361877,1.0220337,0.64483643
93172,-2.1133423,0.88027954,0.76095581
93173,-2.180481,0.81878662,0.73516846
93174,-2.0956421,0.75408935,0.84136963
93175,-2.0346069,0.58944702,0.87463379
93176,-2.1582031,0.57342529,0.76461792
93177,-2.2009277,0.59066772,0.96801758
93178,-2.2142029,0.51116943,0.96313477
93179,-2.0001221,0.52322388,1.0505676
93180,-2.06604,0.37597656,1.2968445
93181,-2.1801758,0.27282715,1.0490417
93182,-2.0097351,0.10223389,1.1251831
93183,-1.9987488,0.22949219,1.199646
93184,-2.06604,0.33035278,1.209259
93185,-2.1131897,0.076141357,1.2536621
93186,-2.1336365,0.062561035,1.4079285
93187,-2.1481323,-0.063171387,1.3265991
93188,-2.0639038,-0.046386719,1.2948608
93189,-1.9528198,-0.066986084,1.5324402
93190,-2.0005798,-0.31494141,1.3537598
93191,-2.0361328,-0.10818481,1.5182495
93192,-1.9400024,-0.28701782,1.5545654
93193,-1.9042969,-0.45654297,1.6387939
93194,-1.9049072,-0.74432373,1.6053772
93195,-1.9033813,-0.50857544,1.6725159
93196,-1.8455505,-0.44769287,1.849823
93197,-1.8556213,-0.57647705,1.8463135
93198,-1.8974304,-0.64193726,1.776123
93199,-1.8362427,-0.63613892,1.7268372
93200,-1.9482422,-0.57525635,1.7353821
93201,-1.8704224,-0.63415527,1.7675781
93202,-1.713562,-0.8013916,1.5176392
93203,-1.7979431,-0.89828491,1.7739868
93204,-1.7871094,-1.0139465,1.9313049
93205,-1.6842651,-1.2522888,1.2036133
93206,-1.6841125,-0.93688965,1.6072083
93207,-1.6195679,-0.94268799,1.9773865
93208,-1.4401245,-1.0786438,2.0082092
93209,-1.4251709,-1.0229492,2.0352173
93210,-1.5856934,-1.293335,1.9085693
93211,-1.6040039,-1.3825989,1.9189453
93212,-1.3282776,-1.4335632,1.784668
93213,-1.3336182,-1.4596558,1.6835022
93214,-1.1425781,-1.6352844,1.8754578
93215,-1.1885071,-1.557312,1.9062805
93216,-1.0183716,-1.5214539,1.8078613
93217,-1.0647583,-1.5611267,2.0092773
93218,-1.0513306,-1.5151978,1.86203
93219,-0.7585144,-1.5649414,1.8849182
93220,-0.79238892,-1.7236328,1.8746948
93221,-0.95794678,-1.8141174,1.8241882
93222,-0.74172974,-1.9198608,1.8789673
93223,-0.94116211,-1.9464111,1.7883301
93224,-0.77606201,-1.8951416,1.8241882
93225,-0.71578979,-1.915741,1.7771912
93226,-0.57159424,-2.0918274,1.8315125
93227,-0.61386108,-1.9668579,1.7977905
93228,-0.60699463,-1.9668579,1.6944885
93229,-0.58532715,-2.0373535,1.5792847
93230,-0.49835205,-1.9989014,1.5991211
93231,-0.32775879,-1.9259644,1.7527771
93232,-0.42556763,-2.0559692,1.5647888
93233,-0.24597168,-2.1948242,1.5707397
93234,-0.35980225,-2.2433472,1.4389038
93235,-0.17364502,-2.2257996,1.5563965
93236,-0.18096924,-2.4485779,1.4204407
93237,-0.095062256,-2.3095703,1.4770508
93238,-0.12802124,-2.1542358,1.5847778
93239,-0.014801025,-2.2927856,1.2994385
93240,-0.015106201,-2.0405579,1.3456726
93241,-0.058441162,-2.0913696,1.3380432
93242,0.070953369,-2.1847534,1.328125
93243,0.36956787,-2.3674011,1.2113953
93244,0.064239502,-2.1936035,1.2176514
93245,0.2583313,-2.2904968,1.1410522
93246,0.3112793,-2.3394775,1.1116028
93247,0.40237427,-2.2619629,1.1262512
93248,0.42114258,-2.339325,1.0249329
93249,0.44143677,-2.2773743,0.94726563
93250,0.50735474,-2.3852539,0.89050293
93251,0.47637939,-2.1868896,0.9451294
93252,0.47851563,-2.3651123,0.82809448
93253,0.54138184,-2.336731,0.7522583
93254,0.69656372,-2.2677612,0.70388794
93255,0.6388855,-2.1899414,0.51574707
93256,0.67810059,-2.0184326,0.66055298
93257,0.68862915,-2.2035217,0.56243897
93258,0.77194214,-2.0501709,0.56777954
93259,0.83831787,-2.2793579,0.5935669
93260,0.83297729,-2.2509766,0.42633057
93261,0.76278687,-2.2541809,0.27053833
93262,0.89096069,-2.2824097,0.128479
93263,0.97839356,-2.0639038,0.30166626
93264,1.020813,-2.102356,0.094604492
93265,0.92529297,-2.0069885,0.13366699
93266,0.96191406,-1.8717957,0.20812988
93267,0.88348389,-2.0527649,0.11184692
93268,1.022644,-2.0597839,-0.051422119
93269,0.99914551,-1.7048645,-0.1663208
93270,1.0978699,-1.7776489,-0.1133728
93271,1.0855103,-1.6984558,-0.23773193
93272,1.1801147,-1.7004395,-0.26611328
93273,1.0855103,-1.7826843,-0.21591187
93274,1.0955811,-1.6630554,-0.22979736
93275,1.1967468,-1.6130066,-0.39230347
93276,1.1831665,-1.6140747,-0.22003174
93277,0.96923828,-1.5628052,-0.39001465
93278,1.1462402,-1.4886475,-0.41137695
93279,1.1103821,-1.5586853,-0.3213501
93280,1.1080933,-1.5177917,-0.44723511
93281,1.073761,-1.3946533,-0.68435669
93282,1.0047913,-1.3162231,-0.54992676
93283,1.055603,-1.105957,-0.61523438
93284,1.0157776,-1.2164307,-0.73654175
93285,0.8190918,-1.1517334,-0.88562012
93286,0.87921143,-1.0829163,-0.68939209
93287,0.9854126,-1.031189,-0.80444336
93288,0.91888428,-0.89706421,-0.99319458
93289,0.92407227,-0.9375,-0.72875977
93290,1.0284424,-0.97213745,-0.76370239
93291,0.95397949,-0.83740234,-0.82229614
93292,0.94619751,-0.87997437,-0.81283569
93293,1.0452271,-0.89569092,-0.94100952
93294,1.0827637,-0.86166382,-0.9727478
93295,1.0314941,-0.60836792,-1.0873413
93296,0.83068848,-0.3843689,-1.076355
93297,0.90515137,-0.4234314,-0.99121094
93298,0.77041626,-0.37155151,-1.2846375
93299,0.73486328,-0.16448975,-1.1817932
93300,0.94314575,-0.21865845,-1.1894226
93301,0.64758301,-0.26412964,-1.1981201
93302,0.74035644,0.040893555,-1.191864
93303,0.84289551,0.090332031,-1.2695313
93304,0.74905396,0.062255859,-1.1798096
93305,0.6326294,-0.018768311,-1.0830688
93306,0.53375244,-0.049743652,-1.1857605
93307,0.55557251,0.01373291,-1.1749268
93308,0.29968262,0.15670776,-1.1320496
93309,0.46600342,0.29251099,-1.1859131
93310,0.34332275,0.39093018,-1.40625
93311,0.34667969,0.35430908,-1.3371277
93312,0.2746582,0.36270142,-1.1599731
93313,0.28640747,0.48995972,-1.2316895
93314,0.14541626,0.69091797,-1.0943604
93315,0.15655518,0.58654785,-1.2413025
93316,0.084838867,0.44433594,-1.2710571
93317,0.030822754,0.65475464,-1.2561035
93318,0.078125,0.57983398,-1.2240601
93319,-0.063934326,0.60852051,-1.2002563
93320,-0.10162354,0.63018799,-1.0560608
93321,-0.045013428,0.74584961,-1.0662842
93322,-0.1260376,0.67245483,-1.068573
93323,-0.19042969,0.83114624,-1.0270691
93324,-0.26565552,1.0096741,-1.0452271
93325,-0.34667969,1.1209106,-0.93780518
93326,-0.50857544,1.0862732,-1.0549927
93327,-0.36773682,1.156311,-1.0214233
93328,-0.49957275,1.0798645,-0.99014282
93329,-0.62744141,1.0345459,-0.94665527
93330,-0.57296753,1.0121155,-0.96710205
93331,-0.57388306,1.2213135,-0.87158203
93332,-0.79177856,1.2512207,-0.83999634
93333,-0.79666138,1.2123108,-0.81817627
93334,-0.87158203,1.1917114,-0.78125
93335,-0.97076416,1.2640381,-0.74417114
93336,-0.88058472,1.1698914,-0.65917969
93337,-1.071167,1.0752869,-0.64804077
93338,-0.93170166,0.99517822,-0.5670166
93339,-0.99349976,1.1126709,-0.56594849
93340,-1.010437,1.2516785,-0.56365967
93341,-1.2043762,1.1657715,-0.47714233
93342,-1.2484741,1.4215088,-0.49606323
93343,-1.2791443,1.2794495,-0.64071655
93344,-1.2857056,1.2306213,-0.38360596
93345,-1.2263489,1.2942505,-0.34332275
93346,-1.3941956,1.1094666,-0.31997681
93347,-1.4581299,0.98526001,-0.37536621
93348,-1.3835144,1.0014343,-0.22888184
93349,-1.4454651,1.0675049,-0.18280029
93350,-1.5682983,1.0632324,-0.10940552
93351,-1.410675,1.1755371,-0.034484863
93352,-1.5196228,1.1856079,-0.037994385
93353,-1.6343689,1.0545349,0.047302246
93354,-1.7269897,0.93658447,0.11688232
93355,-1.6046143,0.96420288,0.19973755
93356,-1.6879272,0.86486816,0.21774292
93357,-1.7919922,0.95230103,0.20996094
93358,-1.8739319,0.94650269,0.26824951
93359,-1.9006348,0.92453003,0.33615112
93360,-1.864624,0.82351685,0.49194336
93361,-1.9021606,0.82763672,0.4347229
93362,-1.8153381,0.89599609,0.44067383
93363,-1.8937683,0.79895019,0.43792725
93364,-1.9181824,0.73806763,0.68252563
93365,-1.9152832,0.82321167,0.57220459
93366,-1.9451904,0.78796387,0.53039551
93367,-2.0199585,0.72189331,0.54718018
93368,-1.960144,0.65078735,0.74661255
93369,-1.9999695,0.59509277,0.75988769
93370,-2.0970154,0.51895142,0.66741943
93371,-2.0695496,0.53588867,0.72692871
93372,-2.1191406,0.56900024,0.85418701
93373,-2.0431519,0.48461914,0.86257935
93374,-2.0541382,0.41259766,0.90255737
93375,-2.1507263,0.27633667,1.0255432
93376,-2.0063782,0.3036499,1.085968
93377,-1.9589233,0.34851074,1.0470581
93378,-2.0625305,0.33798218,1.2055969
93379,-2.0037842,0.22613525,1.159668
93380,-2.311554,0.075378418,1.2304688
93381,-1.9726563,-0.24520874,1.1447144
93382,-2.0054626,-0.11688232,1.343689
93383,-1.9624329,-0.070495605,1.322937
93384,-2.1446228,-0.24795532,1.5063477
93385,-1.9987488,-0.28640747,1.5066528
93386,-2.0541382,-0.17929077,1.4332581
93387,-2.008667,-0.4006958,1.5136719
93388,-1.9224548,-0.7019043,1.4672852
93389,-1.7366028,-0.70159912,1.6481018
93390,-1.8023682,-0.40542603,1.6314697
93391,-1.8766785,-0.54794312,1.7131042
93392,-1.9024658,-0.96969604,1.6641235
93393,-1.7901611,-0.76950073,1.7648315
93394,-1.7671204,-0.78994751,1.894989
93395,-1.7695618,-0.77697754,1.9499207
93396,-1.6262817,-0.87005615,1.8153381
93397,-1.6703796,-0.78948975,1.8432617
93398,-1.6610718,-0.98556519,1.7156982
93399,-1.6133118,-0.86380005,1.9161987
93400,-1.6906738,-0.97991943,1.6549683
93401,-1.5943909,-1.2284851,1.5031433
93402,-1.7306519,-1.4019775,2.0330811
93403,-1.5338135,-1.4547729,1.8074036
93404,-1.5817261,-1.2057495,1.8325806
93405,-1.4276123,-1.4370728,1.8669128
93406,-1.4588928,-1.2071228,1.9296265
93407,-1.4141846,-1.1897278,1.8757629
93408,-1.1831665,-1.2716675,1.8637085
93409,-1.265564,-1.3131714,1.8908691
93410,-1.1460876,-1.4476013,1.844635
93411,-1.1276245,-1.4198303,1.9122314
93412,-1.0656738,-1.608429,1.8023682
93413,-0.99533081,-1.6557312,1.8777466
93414,-1.0246277,-1.7785645,1.9245911
93415,-0.80871582,-1.7503357,1.7041016
93416,-0.76171875,-1.5733337,1.8386841
93417,-0.73760986,-1.64505,1.8914795
93418,-0.75637817,-1.6326904,1.8659973
93419,-0.67001343,-1.764679,1.9284058
93420,-0.71105957,-1.8217468,1.8894959
93421,-0.62179565,-1.8647766,1.8089294
93422,-0.56015015,-2.0074463,1.7648315
93423,-0.40267944,-1.9020081,1.6616821
93424,-0.38391113,-2.1299744,1.7092896
93425,-0.42449951,-2.2131348,1.5180969
93426,-0.40634155,-2.1704102,1.6749573
93427,-0.35064697,-2.0834351,1.62323
93428,-0.3918457,-2.1099854,1.6055298
93429,-0.21224976,-2.1057129,1.4851379
93430,-0.13565063,-2.1704102,1.5045166
93431,-0.11947632,-2.2859192,1.399231
93432,-0.044708252,-2.2941589,1.4758301
93433,-0.11947632,-2.1806335,1.5092468
93434,-0.082855225,-2.3147583,1.388855
93435,0.029907227,-2.0935059,1.4141846
93436,0.091094971,-2.1757507,1.269989
93437,0.080718994,-2.1276855,1.1956787
93438,0.25497436,-2.2790527,1.1114502
93439,0.26367188,-2.2758484,1.1141968
93440,0.40237427,-2.3864746,1.1207581
93441,0.39932251,-2.2167969,0.92224121
93442,0.29953003,-2.3019409,0.91293335
93443,0.43502808,-2.212677,0.80780029
93444,0.55236816,-2.2386169,0.87493897
93445,0.39779663,-2.4075317,0.89797974
93446,0.60195923,-2.3164368,0.65078735
93447,0.53329468,-2.1827698,0.79925537
93448,0.59234619,-2.2421265,0.71807861
93449,0.64239502,-2.208252,0.59082031
93450,0.62637329,-2.1203613,0.62713623
93451,0.81451416,-2.0773315,0.59814453
93452,0.79467773,-1.9979858,0.54107666
93453,0.88821411,-1.9497681,0.3012085
93454,0.8203125,-2.1051025,0.44540405
93455,0.79681397,-2.0921326,0.40710449
93456,0.88150024,-2.0596313,0.31097412
93457,0.90789795,-1.9482422,0.35934448
93458,1.003418,-2.0254517,0.28579712
93459,0.91766357,-1.9241333,0.10665894
93460,1.0064697,-1.8603516,0.1008606
93461,1.0525513,-1.9004822,0.039672852
93462,1.1260986,-1.8980408,-0.039520264
93463,1.1508179,-1.9143677,0.064697266
93464,1.1482239,-1.525116,-0.054931641
93465,1.2367249,-1.6096497,-0.14892578
93466,1.2294006,-1.5817261,-0.15228272
93467,1.2127686,-1.6120911,-0.20614624
93468,1.309967,-1.5927124,-0.2217102
93469,1.3418579,-1.7202759,-0.2835083
93470,1.1853027,-1.519165,-0.32165527
93471,1.1483765,-1.4476013,-0.38848877
93472,1.1021423,-1.509552,-0.3868103
93473,1.2991333,-1.5354919,-0.57678223
93474,1.2013245,-1.3180542,-0.65307617
93475,1.2306213,-1.2695313,-0.67459106
93476,1.1157227,-1.2825012,-0.6602478
93477,1.1775208,-1.075592,-0.71380615
93478,1.1210632,-0.96389771,-0.77850342
93479,1.1917114,-0.93658447,-0.90911865
93480,1.1126709,-0.89065552,-0.70449829
93481,1.2164307,-0.71792603,-0.87173462
93482,1.0923767,-0.64422607,-0.97381592
93483,0.99716187,-0.55541992,-0.88150024
93484,1.022644,-0.73043823,-0.93185425
93485,0.92803955,-0.66253662,-1.0089111
93486,1.0949707,-0.7170105,-0.95245361
93487,1.0585022,-0.59875488,-0.97091675
93488,1.0725403,-0.54702759,-0.98480225
93489,1.1087036,-0.56106567,-0.91552734
93490,0.94970703,-0.34622192,-0.99487305
93491,0.96740723,-0.32608032,-1.2640381
93492,0.81069946,-0.27603149,-1.1329651
93493,0.78964233,-0.12817383,-1.1766052
93494,0.64056397,-0.17822266,-1.2825012
93495,0.70236206,-0.076751709,-1.4575195
93496,0.63232422,-0.043640137,-1.3710022
93497,0.69137573,-0.18951416,-1.3746643
93498,0.61279297,0.048370361,-1.5098572
93499,0.55023193,-0.003204346,-1.4706421
93500,0.53131103,0.18859863,-1.3334656
93501,0.60516357,0.24383545,-1.2785339
93502,0.55404663,0.34713745,-1.2205505
93503,0.35217285,0.362854,-1.1508179
93504,0.36453247,0.22216797,-1.2268066
93505,0.28396606,0.35049439,-1.199646
93506,0.17547607,0.51513672,-1.2724304
93507,0.15625,0.40008545,-1.3047791
93508,0.2507019,0.36560059,-1.3262939
93509,0.13763428,0.43395996,-1.136322
93510,0.030822754,0.59829712,-1.2895203
93511,0.025024414,0.68435669,-1.3497925
93512,0.082702637,0.63156128,-1.2924194
93513,0.015106201,0.71304321,-1.2684631
93514,-0.045776367,0.71304321,-1.2924194
93515,0.016784668,0.76919556,-1.2214661
93516,-0.22003174,0.62469482,-1.2272644
93517,-0.25299072,0.63919067,-1.1169434
93518,-0.36712647,0.68771362,-1.0838318
93519,-0.43441772,0.83068848,-1.0281372
93520,-0.49224853,0.91293335,-1.1619568
93521,-0.54992676,1.0798645,-1.0098267
93522,-0.61782837,1.1703491,-0.95397949
93523,-0.61569214,1.1961365,-0.87219238
93524,-0.64041138,1.0751343,-0.98510742
93525,-0.56625366,1.0493469,-0.90560913
93526,-0.72555542,1.1677551,-0.80688477
93527,-0.7649231,1.0591125,-0.87539673
93528,-0.80429077,1.1279297,-0.91369629
93529,-0.80886841,1.1347961,-0.79360962
93530,-0.93490601,1.2980652,-0.67047119
93531,-0.84442139,1.2191772,-0.73516846
93532,-0.96496582,1.1314392,-0.85006714
93533,-1.1450195,1.3500977,-0.59967041
93534,-1.1071777,1.1894226,-0.56488037
93535,-1.1943054,1.1483765,-0.49255371
93536,-1.2971497,1.0453796,-0.39321899
93537,-1.3577271,1.0983276,-0.43258667
93538,-1.5342712,1.1129761,-0.20019531
93539,-1.3868713,1.0658264,-0.15838623
93540,-1.3897705,1.0513306,-0.007781982
93541,-1.5150452,1.0798645,-0.030059814
93542,-1.4697266,1.1605835,-0.13626099
93543,-1.4202881,1.2475586,-0.22247315
93544,-1.6438293,0.88562012,-0.3779602
93545,-1.6459656,1.146698,-0.24276733
93546,-1.6539001,1.153717,-0.017700195
93547,-1.6397095,1.1633301,0.19134522
93548,-1.6844177,1.1070251,0.095977783
93549,-1.8638611,1.1024475,0.19470215
93550,-1.7546082,1.2362671,0.19989014
93551,-1.8626404,1.0038757,0.25161743
93552,-1.8769836,0.96755981,0.27313232
93553,-1.9180298,1.0638428,0.23986816
93554,-1.9111633,1.0774231,0.38742065
93555,-2.0014954,0.9262085,0.56365967
93556,-1.9865417,0.89508057,0.64651489
93557,-1.9606018,0.8203125,0.50231934
93558,-2.0367432,0.78201294,0.5279541
93559,-2.0288086,0.86151123,0.69702148
93560,-2.0475769,0.55114746,0.64910889
93561,-2.0588684,0.62789917,0.70968628
93562,-2.1444702,0.6980896,0.77026367
93563,-2.0568848,0.73730469,0.96008301
93564,-2.134552,0.58044434,0.8631897
93565,-2.111969,0.53634644,1.0418701
93566,-2.0825195,0.43716431,0.89492798
93567,-2.1426392,0.53878784,0.92926025
93568,-2.0779419,0.46218872,0.91720581
93569,-2.2207642,0.37780762,1.0255432
93570,-2.1688843,0.3515625,1.2136841
93571,-2.0352173,-0.012664795,1.0943604
93572,-2.1250916,0.13534546,1.2866211
93573,-2.1246338,0.10421753,1.1160278
93574,-2.1618652,0.19775391,1.3174438
93575,-2.1496582,-0.001678467,1.3331604
93576,-2.1276855,-0.17349243,1.2927246
93577,-1.9668579,0.01159668,1.4111328
93578,-2.1398926,0.011291504,1.4648438
93579,-2.2525024,-0.2633667,1.6027832
93580,-2.0477295,-0.30517578,1.5684509
93581,-2.1374512,-0.21026611,1.6300964
93582,-1.9299316,-0.3388977,1.6062927
93583,-1.9477844,-0.45471191,1.619873
93584,-1.9085693,-0.53314209,1.6430664
93585,-1.8551636,-0.50247192,1.6409302
93586,-1.8469238,-0.98388672,1.6947937
93587,-1.9317627,-0.7333374,1.693573
93588,-1.812439,-0.65261841,1.6900635
93589,-1.8920898,-0.67672729,1.8745422
93590,-1.6899109,-0.84106445,1.9061279
93591,-1.8731689,-0.97198486,1.9360352
93592,-1.8531799,-0.93811035,2.0185852
93593,-1.8621826,-0.98052978,2.0146179
93594,-1.7507935,-0.95626831,1.9639587
93595,-1.5969849,-0.97473144,1.9361877
93596,-1.6314697,-0.94650269,1.9839478
93597,-1.6055298,-1.0739136,1.8257141
93598,-1.5744019,-1.1068726,1.9937134
93599,-1.4134216,-1.2425232,2.0140076
93600,-1.4196777,-1.3665771,2.0661926
93601,-1.3188171,-1.370697,1.9467163
93602,-1.2600708,-1.4526367,1.9445801
93603,-1.2516785,-1.5509033,1.9050598
93604,-1.1503601,-1.4834595,2.0800781
93605,-1.290741,-1.3539124,1.9488525
93606,-1.2547302,-1.4836121,1.7945862
93607,-1.0862732,-1.6543579,1.778717
93608,-0.74691772,-1.7112732,1.8031311
93609,-1.0046387,-1.6760254,1.7866516
93610,-0.95733643,-1.6479492,1.9160461
93611,-0.82611084,-1.8484497,1.9186401
93612,-0.82962036,-1.9450378,1.8727112
93613,-0.77575684,-1.9226074,1.8695068
93614,-0.6137085,-1.8621826,1.7578125
93615,-0.65216065,-2.010498,1.7289734
93616,-0.63415527,-1.9897461,1.8670654
93617,-0.63690185,-1.9067383,1.9020081
93618,-0.57052612,-1.9993591,1.8240356
93619,-0.54031372,-1.934967,1.7915344
93620,-0.36773682,-2.0483398,1.5550232
93621,-0.37002564,-2.0674133,1.5675354
93622,-0.3894043,-2.0774841,1.7579651
93623,-0.29174805,-2.2789001,1.5637207
93624,-0.2130127,-2.2795105,1.759491
93625,-0.15823364,-2.2569275,1.4575195
93626,-0.11886597,-2.1151733,1.4096069
93627,0.093536377,-2.171936,1.3916016
93628,-0.022277832,-2.1734619,1.3459778
93629,-0.079803467,-2.3216248,1.2709045
93630,0.10940552,-2.3973083,1.2866211
93631,0.15594482,-2.3040771,1.3517761
93632,0.28945923,-2.3898315,1.1392212
93633,0.42144775,-2.3493958,1.2164307
93634,0.29464722,-2.2387695,1.2219238
93635,0.23864746,-2.474823,1.1968994
93636,0.44158936,-2.3582458,0.98052978
93637,0.5670166,-2.4203491,1.0865784
93638,0.55145264,-2.3783875,0.83709717
93639,0.50109863,-2.2981262,0.91537476
93640,0.68771362,-2.4131775,0.77514648
93641,0.7220459,-2.3928833,0.85296631
93642,0.69274902,-2.2366333,0.66452026
93643,0.74584961,-2.1446228,0.57785034
93644,0.70571899,-2.2323608,0.60562134
93645,0.83786011,-2.2299194,0.5821228
93646,0.93948364,-2.2297668,0.58166504
93647,0.97595215,-2.1606445,0.3894043
93648,1.0136414,-2.1714783,0.34683228
93649,1.0203552,-2.2267151,0.33370972
93650,1.0171509,-2.2010803,0.22155762
93651,1.0047913,-2.1318054,0.17807007
93652,1.0368347,-2.0661926,0.2746582
93653,1.081543,-2.0603943,0.1248169
93654,1.1260986,-2.0509338,0.16952515
93655,1.1390686,-1.955719,0.09475708
93656,1.1230469,-2.0370483,0.016021729
93657,1.1421204,-2.0491028,-0.070495605
93658,1.161499,-1.9247437,-0.11276245
93659,1.1538696,-1.8019104,-0.16418457
93660,1.1682129,-1.7982483,-0.29083252
93661,1.1682129,-1.6574097,-0.29541016
93662,1.1347961,-1.6171265,-0.34805298
93663,1.2359619,-1.6921997,-0.46524048
93664,1.4173889,-1.5725708,-0.47790527
93665,1.2823486,-1.6943359,-0.67184448
93666,1.3046265,-1.5388489,-0.5166626
93667,1.1999512,-1.6712952,-0.59310913
93668,1.2060547,-1.529541,-0.56182861
93669,1.3148499,-1.473999,-0.69396973
93670,1.1878967,-1.40625,-0.70648193
93671,1.1671448,-1.290741,-0.8543396
93672,1.1442566,-1.3043213,-0.68222046
93673,1.260376,-1.2835693,-0.88241577
93674,1.361084,-1.0723877,-0.8682251
93675,1.1468506,-0.99899292,-1.0150146
93676,1.2049866,-0.90759277,-0.86502075
93677,1.1984253,-0.91766357,-0.88699341
93678,1.1378479,-0.92849731,-1.0069275
93679,1.1225891,-0.79040527,-1.0630798
93680,0.98556519,-0.70297241,-0.95596313
93681,1.0121155,-0.73562622,-1.0079956
93682,1.0321045,-0.69259644,-0.98922729
93683,1.0328674,-0.61859131,-1.0986328
93684,1.1462402,-0.43029785,-1.091156
93685,1.2147522,-0.42404175,-1.227417
93686,1.0289001,-0.37872314,-1.2440491
93687,1.0693359,-0.33874512,-1.2768555
93688,0.91430664,-0.33462524,-1.2158203
93689,0.91827393,-0.27313232,-1.290741
93690,0.83862305,-0.28488159,-1.2818909
93691,0.91766357,-0.18432617,-1.3209534
93692,0.79849243,-0.099945068,-1.1845398
93693,0.79437256,-0.066833496,-1.2945557
93694,0.66558838,0.014953613,-1.3447571
93695,0.7345581,-0.24291992,-1.4277649
93696,0.58731079,0.021820068,-1.2368774
93697,0.5796814,0.23712158,-1.3189697
93698,0.59417725,0.29922485,-1.2573242
93699,0.50765991,0.27236939,-1.2879944
93700,0.54718018,0.35079956,-1.3227844
93701,0.41625977,0.44326782,-1.4414978
93702,0.34545898,0.47073364,-1.4151001
93703,0.38330078,0.60943603,-1.3798523
93704,0.30776978,0.60317993,-1.3114929
93705,0.20904541,0.63720703,-1.3685608
93706,0.19012451,0.56030273,-1.2182617
93707,0.094909668,0.58822632,-1.3212585
93708,0.14190674,0.80276489,-1.2322998
93709,0.076751709,0.84869385,-1.4057922
93710,-0.31570435,0.887146,-1.4193726
93711,-0.14053345,0.9463501,-1.2229919
93712,-0.15762329,1.0740662,-1.5150452
93713,-0.18859863,0.93399048,-1.2718201
93714,-0.34286499,1.0092163,-1.0932922
93715,-0.31906128,1.0229492,-1.2594604
93716,-0.36071777,1.2313843,-1.1181641
93717,-0.50338745,1.1138916,-1.2748718
93718,-0.46218872,1.0749817,-1.1138916
93719,-0.75332642,1.0076904,-1.0926819
93720,-0.76156616,1.2405396,-1.0656738
93721,-0.78567505,1.3624573,-0.85449219
93722,-0.70953369,1.2693787,-0.84014893
93723,-0.77529907,1.3650513,-0.84579468
93724,-0.96054077,1.3244629,-0.73898315
93725,-1.0513306,1.2789917,-0.7951355
93726,-0.95031738,1.3356018,-0.81298828
93727,-1.0012817,1.1775208,-0.74401856
93728,-1.1468506,1.2953186,-0.65261841
93729,-1.2397766,1.4831543,-0.62454224
93730,-1.1662292,1.4581299,-0.74615478
93731,-1.1914063,1.3613892,-0.5897522
93732,-1.2991333,1.4027405,-0.57327271
93733,-1.3656616,1.4509583,-0.59646606
93734,-1.4019775,1.3604736,-0.53421021
93735,-1.5261841,1.3981628,-0.61035156
93736,-1.6003418,1.3900757,-0.23162842
93737,-1.5667725,1.3552856,-0.26275635
93738,-1.5115356,1.4033508,-0.13031006
93739,-1.5664673,1.2203979,-0.1625061
93740,-1.6931152,1.1117554,-0.057983398
93741,-1.5565491,1.3288879,-0.055389404
93742,-1.673584,1.3397217,-0.023345947
93743,-1.7631531,1.3301086,0.082397461
93744,-1.9529724,1.2487793,0.13870239
93745,-1.9651794,1.2294006,0.059204102
93746,-2.0108032,1.1450195,0.28396606
93747,-1.9587708,1.018219,0.25161743
93748,-2.0024109,1.1351013,0.25009155
93749,-1.9046021,1.2023926,0.38223267
93750,-2.063446,1.1419678,0.39077759
93751,-2.1899414,0.98312378,0.56243897
93752,-1.9387817,0.98632813,0.50430298
93753,-1.9720459,0.965271,0.64224243
93754,-2.1064758,0.93429565,0.70175171
93755,-2.0913696,0.94146728,0.67962647
93756,-2.0899963,0.94726563,0.78140259
93757,-2.0689392,0.92269897,0.73730469
93758,-2.1609497,0.70281982,0.84991455
93759,-2.1131897,0.7182312,0.89248657
93760,-2.2598267,0.66650391,0.97930908
93761,-2.155304,0.60791016,0.8946228
93762,-2.2299194,0.61340332,1.1190796
93763,-1.995697,0.69107056,1.1038208
93764,-2.033844,0.50857544,1.0910034
93765,-2.074585,0.45379639,1.2353516
93766,-2.039032,0.40054321,1.2568665
93767,-2.2250366,0.28778076,1.2217712
93768,-2.1841431,0.3062439,1.2309265
93769,-2.141571,0.23803711,1.388855
93770,-2.1946716,0.19775391,1.2660217
93771,-2.1913147,0.16555786,1.2345886
93772,-2.2354126,0.011138916,1.4923096
93773,-2.1563721,-0.0390625,1.5078735
93774,-1.9696045,-0.090026855,1.6445923
93775,-2.1810913,-0.1991272,1.6387939
93776,-2.096405,-0.24993897,1.5290833
93777,-2.2731018,-0.40344238,1.5536499
93778,-1.9692993,-0.418396,1.6215515
93779,-2.0549011,-0.12908935,1.8457031
93780,-2.043457,-0.4548645,1.8034363
93781,-2.1044922,-0.67459106,1.831665
93782,-2.0169067,-0.84228516,1.7951965
93783,-1.8571472,-0.62438965,1.7251587
93784,-1.8501282,-0.64071655,1.9206238
93785,-1.8786621,-0.75088501,1.8884277
93786,-1.8754578,-0.74417114,1.9024658
93787,-1.8190002,-0.76385498,1.8022156
93788,-1.7965698,-1.003418,1.8359375
93789,-1.7356873,-1.240387,1.9458008
93790,-1.678009,-1.078186,2.0402527
93791,-1.8070984,-1.1199951,2.1020508
93792,-1.6921997,-1.02005,2.0420837
93793,-1.5756226,-1.0679626,1.8751526
93794,-1.6073608,-1.2567139,1.9747925
93795,-1.6593933,-1.3221741,2.0922852
93796,-1.5197754,-1.3441467,2.0321655
93797,-1.5177917,-1.5022278,2.0411682
93798,-1.4105225,-1.4604187,2.2068787
93799,-1.3241577,-1.5046692,2.228241
93800,-1.3586426,-1.5765381,2.0394897
93801,-1.2631226,-1.5870666,1.9714355
93802,-1.2142944,-1.5260315,2.1400452
93803,-1.2602234,-1.6223145,1.9239807
93804,-1.2504578,-1.6804504,1.8760681
93805,-1.1050415,-1.6459656,1.9906616
93806,-0.90438843,-1.6868591,2.0455933
93807,-0.90698242,-1.9606018,1.8962097
93808,-0.84167481,-2.0523071,1.8745422
93809,-0.77575684,-2.118988,1.8725586
93810,-0.78613281,-2.0904541,2.0608521
93811,-0.70404053,-2.1394348,2.0941162
93812,-0.54260254,-2.1858215,2.1459961
93813,-0.55862427,-2.2088623,1.9969177
93814,-0.41610718,-2.2993469,2.1292114
93815,-0.44830322,-2.1000671,2.0274353
93816,-0.3553772,-2.1546936,1.9573975
93817,-0.28198242,-2.277832,1.8971252
93818,-0.24307251,-2.1829224,1.8464661
93819,-0.27496338,-2.4401855,1.7225647
93820,-0.22842407,-2.272644,1.7082214
93821,-0.23269653,-2.5022888,1.6511536
93822,-0.030975342,-2.2389221,1.5805054
93823,-0.014190674,-2.4108887,1.6160584
93824,0.073242188,-2.2679138,1.509552
93825,0.030670166,-2.3780823,1.3667297
93826,0.1272583,-2.3010254,1.3781738
93827,0.24658203,-2.5177002,1.5092468
93828,0.21636963,-2.4966431,1.2834167
93829,0.22186279,-2.5645447,1.2893677
93830,0.48156738,-2.4809265,1.2585449
93831,0.47607422,-2.5840759,1.2245178
93832,0.4560852,-2.3010254,1.2884521
93833,0.59005737,-2.3841858,1.1207581
93834,0.61233521,-2.3577881,0.92651367
93835,0.55801392,-2.4763489,0.92529297
93836,0.69976807,-2.4240112,0.8670044
93837,0.61157227,-2.3347473,0.71731567
93838,0.67382813,-2.3983765,0.68954468
93839,0.6578064,-2.2134399,0.78460693
93840,0.63995361,-2.2721863,0.80322266
93841,0.84625244,-2.0822144,0.6362915
93842,0.98800659,-2.1499634,0.5847168
93843,0.95809937,-2.2053528,0.41931152
93844,1.0003662,-2.1859741,0.54656982
93845,0.97061157,-2.3135376,0.57067871
93846,1.0786438,-2.2512817,0.38146973
93847,1.1410522,-2.1728516,0.47698975
93848,1.1065674,-2.0532227,0.35430908
93849,1.0595703,-2.155304,0.22888184
93850,1.1631775,-2.0896912,0.1713562
93851,1.2059021,-2.2163391,0.044708252
93852,1.1065674,-2.2373962,-0.053253174
93853,1.1912537,-1.9950867,-0.01083374
93854,1.3000488,-2.0974731,-0.016937256
93855,1.3143921,-1.9328308,0.058135986
93856,1.2913513,-1.6853333,-0.16998291
93857,1.2866211,-1.9412231,-0.13168335
93858,1.3122559,-1.9494629,-0.21606445
93859,1.3284302,-1.92276,-0.31616211
93860,1.3342285,-1.762085,-0.22994995
93861,1.390686,-1.723938,-0.48080444
93862,1.2893677,-1.6676331,-0.38192749
93863,1.3764954,-1.6751099,-0.58776856
93864,1.3087463,-1.7388916,-0.4788208
93865,1.3201904,-1.5666199,-0.45471191
93866,1.3220215,-1.4096069,-0.4850769
93867,1.2249756,-1.4918518,-0.58135986
93868,1.3371277,-1.3624573,-0.70358276
93869,1.2585449,-1.2756348,-0.82336426
93870,1.3243103,-1.2620544,-0.89019775
93871,1.340332,-1.1912537,-0.7661438
93872,1.3250732,-1.1877441,-0.71807861
93873,1.282959,-1.1437988,-0.88302612
93874,1.2954712,-1.1531067,-0.87646484
93875,1.2371826,-0.98770142,-0.93017578
93876,1.3020325,-0.85128784,-1.0621643
93877,1.2963867,-0.70495606,-0.98052978
93878,1.0661316,-0.77713013,-0.92102051
93879,1.1781311,-0.74951172,-1.1657715
93880,1.0650635,-0.65704346,-1.0801697
93881,1.1117554,-0.5847168,-1.1347961
93882,1.1297607,-0.5581665,-1.3275146
93883,1.0163879,-0.43624878,-1.2034607
93884,1.073761,-0.51574707,-1.4093018
93885,0.85281372,-0.30563355,-1.3206482
93886,1.0069275,-0.26062012,-1.373291
93887,0.91003418,-0.2532959,-1.4204407
93888,0.7800293,-0.16769409,-1.2869263
93889,1.0238647,0.021209717,-1.3934326
93890,0.75378418,-0.20004273,-1.5991211
93891,0.71884155,0.071868896,-1.492157
93892,0.5607605,-0.12191773,-1.559906
93893,0.55603027,0.002441406,-1.4421082
93894,0.61904907,0.17929077,-1.6352844
93895,0.51223755,0.30090332,-1.5679932
93896,0.37628174,0.33996582,-1.4222717
93897,0.53604126,0.36926269,-1.5332031
93898,0.56655884,0.49621582,-1.4457703
93899,0.38482666,0.57006836,-1.3661194
93900,0.32485962,0.51315308,-1.5098572
93901,0.36560059,0.4927063,-1.5457153
93902,0.34332275,0.66192627,-1.632843
93903,0.24688721,0.6161499,-1.3923645
93904,0.17913818,0.69580078,-1.3623047
93905,0.27145386,0.66162109,-1.3526916
93906,0.12329102,0.73913574,-1.3583374
93907,0.015258789,0.63781738,-1.3949585
93908,-0.048675537,0.84960938,-1.4085388
93909,-0.16372681,0.88150024,-1.2287903
93910,-0.16296387,1.2489319,-1.3302612
93911,-0.34729004,1.1499023,-1.1978149
93912,-0.30822754,1.2440491,-1.4334106
93913,-0.29647827,1.1940002,-1.29776
93914,-0.53527832,1.144104,-1.1517334
93915,-0.61157227,1.1968994,-1.1573791
93916,-0.71731567,1.114502,-1.1694336
93917,-0.70465088,1.1811829,-1.0316467
93918,-0.78903198,1.4593506,-1.0321045
93919,-0.59936523,1.438446,-0.99990845
93920,-0.79193115,1.2094116,-0.90026856
93921,-0.93582153,1.4451599,-0.73196411
93922,-0.93536377,1.5808105,-0.98190308
93923,-0.91430664,1.3665771,-0.88897705
93924,-0.96313477,1.4337158,-0.91049194
93925,-1.0675049,1.4700317,-0.94573975
93926,-1.2631226,1.4056396,-0.82183838
93927,-1.2115479,1.3670349,-0.83953857
93928,-1.1030579,1.4730835,-0.71121216
93929,-1.1531067,1.3342285,-0.76644897
93930,-1.1975098,1.5486145,-0.50430298
93931,-1.1575317,1.4666748,-0.39596558
93932,-1.4595032,1.4369202,-0.64071655
93933,-1.4347839,1.295929,-0.47531128
93934,-1.5821838,1.4613342,-0.23849487
93935,-1.6349792,1.2477112,-0.10757446
93936,-1.5548706,1.3917541,-0.16983032
93937,-1.552124,1.2590027,-0.090484619
93938,-1.5869141,1.3665771,-0.2029419
93939,-1.6371155,1.2440491,-0.15609741
93940,-1.7453003,1.1962891,0.016021729
93941,-1.855011,1.2600708,0.10925293
93942,-1.9235229,1.1489868,0.17181397
93943,-1.8814087,1.2634277,-0.043640137
93944,-1.6856384,1.3058472,0.22949219
93945,-1.8455505,1.1010742,0.17990112
93946,-1.8476868,1.1065674,0.31280518
93947,-1.9329834,1.1141968,0.2571106
93948,-2.0294189,1.0942078,0.44021606
93949,-2.1652222,1.1116028,0.46691894
93950,-2.0877075,1.0028076,0.46478272
93951,-2.0635986,1.0688782,0.49331665
93952,-2.1418762,1.0398865,0.61080933
93953,-2.286377,0.9387207,0.82595825
93954,-2.230835,0.887146,0.69946289
93955,-2.2007751,0.83740234,0.71136475
93956,-2.3138428,0.79177856,0.9487915
93957,-2.1035767,0.9135437,0.77529907
93958,-2.1846008,0.80123901,0.83587647
93959,-2.270813,0.84472656,0.8215332
93960,-2.2106934,0.78659058,0.95092773
93961,-2.3733521,0.57128906,0.98266602
93962,-2.2520447,0.49209595,0.9526062
93963,-2.1897888,0.65124512,1.0980225
93964,-2.3728943,0.51696777,1.2203979
93965,-2.2402954,0.34378052,1.2203979
93966,-2.3016357,0.26290894,1.2971497
93967,-2.2642517,0.25939941,1.1723328
93968,-2.3150635,0.20202637,1.3441467
93969,-2.34375,0.11749268,1.4880371
93970,-2.1846008,0.065307617,1.4839172
93971,-2.1640015,-0.008392334,1.4851379
93972,-2.1261597,-0.12893677,1.3964844
93973,-2.0101929,-0.080108643,1.5301514
93974,-1.9604492,-0.17456055,1.6213989
93975,-2.0832825,-0.27099609,1.5591431
93976,-2.1685791,-0.30517578,1.7913818
93977,-2.1072388,-0.29052734,1.6868591
93978,-2.0954895,-0.32867432,1.6401672
93979,-2.1739197,-0.53771973,1.9091797
93980,-2.0710754,-0.77926636,1.7948914
93981,-2.0381165,-0.55587769,1.967926
93982,-2.0458984,-0.73287964,1.8551636
93983,-1.9818115,-0.85235596,1.8762207
93984,-1.8869019,-0.81817627,1.9619751
93985,-1.856842,-0.84533691,1.7459106
93986,-1.8389893,-0.98205566,2.0019531
93987,-1.7311096,-1.2257385,2.1376038
93988,-1.8852234,-1.151123,1.9851685
93989,-1.8563843,-1.1376953,2.0259094
93990,-1.7883301,-1.0385132,2.0263672
93991,-1.7233276,-1.051178,1.9850159
93992,-1.6149902,-1.1930847,2.1464539
93993,-1.6044617,-1.3961792,2.1676636
93994,-1.5341187,-1.4497375,2.1089172
93995,-1.4251709,-1.6377258,2.1220398
93996,-1.408844,-1.6915894,1.9151306
93997,-1.4665222,-1.6893005,2.1505737
93998,-1.3897705,-1.6096497,1.6433716
93999,-1.2062073,-1.8241882,1.6938782
94000,-1.0813904,-1.9099426,1.8414307
94001,-1.217804,-1.9250488,1.8377686
94002,-1.0046387,-1.8670654,1.938324
94003,-1.1694336,-1.7662048,2.1043396
94004,-0.95886231,-1.8267822,1.8945313
94005,-0.88653565,-1.7605591,2.0031738
94006,-0.92590332,-1.9482422,1.8641663
94007,-0.94604492,-2.0582581,1.8843079
94008,-0.84457397,-1.9439697,1.8893433
94009,-0.77087402,-2.0516968,1.9076538
94010,-0.78369141,-2.1643066,1.8850708
94011,-0.64880371,-2.0617676,1.8836975
94012,-0.51345825,-2.1455383,1.9064331
94013,-0.44296265,-2.1157837,1.8345642
94014,-0.46966553,-2.1075439,1.8914795
94015,-0.44799805,-1.9924927,1.8191528
94016,-0.44189453,-2.0303345,1.7524719
94017,-0.27694702,-2.0747375,1.6015625
94018,-0.26184082,-2.1817017,1.4857483
94019,-0.18676758,-2.2453308,1.5533447
94020,-0.07232666,-2.3596191,1.4224243
94021,-0.008392334,-2.2987366,1.3453674
94022,0.10742188,-2.1875,1.4607239
94023,-0.087738037,-2.233429,1.264801
94024,0.18127441,-2.3022461,1.3775635
94025,0.037078857,-2.3490906,1.2329102
94026,0.14816284,-2.4110413,1.378479
94027,0.19393921,-2.3851013,1.3865662
94028,0.23406982,-2.3953247,1.3290405
94029,0.3565979,-2.518158,1.1981201
94030,0.41503906,-2.4676514,1.1109924
94031,0.34790039,-2.5215149,1.1331177
94032,0.43960571,-2.4127197,1.234436
94033,0.61340332,-2.255249,1.098175
94034,0.64468384,-2.2370911,1.0247803
94035,0.73059082,-2.2518921,0.87249756
94036,0.77270508,-2.2999573,0.88302612
94037,0.79055786,-2.2050476,0.78704834
94038,0.81985474,-2.4064636,0.76766968
94039,0.72143555,-2.293396,0.59936523
94040,0.78811646,-2.1350098,0.54458618
94041,0.85601807,-2.2142029,0.39260864
94042,0.85449219,-2.2280884,0.60699463
94043,0.74630737,-2.2741699,0.64041138
94044,0.82351685,-2.1928406,0.35720825
94045,0.85144043,-2.2543335,0.32287598
94046,1.0241699,-2.2776794,0.15258789
94047,1.0742188,-2.290802,0.092163086
94048,1.0461426,-1.988678,0.11367798
94049,1.0586548,-2.0170593,-0.052337646
94050,1.1035156,-2.0817566,-0.02456665
94051,1.1917114,-1.9592285,0.11291504
94052,1.1404419,-1.9436646,0.087280273
94053,1.1656189,-2.0246887,-0.006561279
94054,1.2258911,-1.8092346,-0.066986084
94055,1.2515259,-1.8078613,-0.054016113
94056,1.2493896,-1.8258667,-0.13717651
94057,1.2631226,-1.6755676,-0.31707764
94058,1.2705994,-1.7723084,-0.43212891
94059,1.3796997,-1.6549683,-0.47531128
94060,1.2931824,-1.7373657,-0.54855347
94061,1.3452148,-1.5116882,-0.48522949
94062,1.4099121,-1.423645,-0.46966553
94063,1.308136,-1.3803101,-0.48629761
94064,1.2467957,-1.3757324,-0.56625366
94065,1.3121033,-1.3475037,-0.69396973
94066,1.3830566,-1.4057922,-0.8140564
94067,1.3305664,-1.4042664,-0.75469971
94068,1.277771,-1.1132813,-0.60760498
94069,1.2606812,-1.2583923,-0.753479
94070,1.1181641,-1.1911011,-0.77957153
94071,1.1251831,-1.1138916,-0.81207275
94072,1.2731934,-0.8972168,-0.88867188
94073,1.1759949,-0.84762573,-0.86730957
94074,1.0888672,-0.9992981,-0.92971802
94075,1.2008667,-0.82901001,-1.1062622
94076,1.1450195,-0.92956543,-1.1050415
94077,1.1218262,-0.74035644,-1.1651611
94078,1.109314,-0.64666748,-1.0978699
94079,1.0575867,-0.43167114,-1.1090088
94080,1.0690308,-0.4788208,-1.2724304
94081,1.0952759,-0.36987305,-1.1434937
94082,1.026001,-0.3125,-1.1701965
94083,0.84884644,-0.26092529,-1.1869812
94084,0.90576172,-0.26062012,-1.1505127
94085,0.94009399,-0.22857666,-1.1419678
94086,0.86456299,-0.040130615,-1.2879944
94087,0.82504272,0.020599365,-1.3537598
94088,0.75592041,0.08392334,-1.2361145
94089,0.70739746,0.080871582,-1.3047791
94090,0.72158813,-0.20950317,-1.4686584
94091,0.64590454,-0.11230469,-1.6925049
94092,0.55938721,0.057373047,-1.5525818
94093,0.54702759,0.32318115,-1.4764404
94094,0.42449951,0.30471802,-1.4788818
94095,0.44540405,0.42633057,-1.2156677
94096,0.38421631,0.52856445,-1.4221191
94097,0.39840698,0.5921936,-1.469574
94098,0.24261475,0.73638916,-1.4588928
94099,0.44006348,0.69473267,-1.4167786
94100,0.32043457,0.72174072,-1.3877869
94101,0.21469116,0.47653198,-1.3191223
94102,0.23925781,0.41030884,-1.312561
94103,0.13046265,0.66848755,-1.2298584
94104,0.11550903,0.76187134,-1.3967896
94105,0.061645508,0.74859619,-1.3867188
94106,-0.24902344,0.84228516,-1.3853455
94107,-0.23773193,0.74249268,-1.317749
94108,-0.29342651,0.89797974,-1.1369324
94109,-0.22155762,1.0809326,-1.1499023
94110,-0.33325195,1.0957336,-1.1882019
94111,-0.33966064,1.184845,-1.1444092
94112,-0.51895142,0.96252441,-1.0354614
94113,-0.5279541,1.1584473,-1.058197
94114,-0.65460205,1.0211182,-1.0397339
94115,-0.57739258,1.0920715,-1.1546326
94116,-0.68237305,1.0575867,-0.9677124
94117,-0.78231812,1.2771606,-0.98892212
94118,-0.94024658,1.2057495,-0.91049194
94119,-0.92453003,1.1982727,-0.9828186
94120,-0.8291626,1.1303711,-0.83648682
94121,-0.90576172,1.1245728,-0.67428589
94122,-0.95458984,1.1543274,-0.73547363
94123,-1.0467529,1.1038208,-0.73654175
94124,-1.0287476,1.3175964,-0.68435669
94125,-1.1198425,1.4460754,-0.60668945
94126,-1.1175537,1.443634,-0.50476074
94127,-1.124115,1.3856506,-0.66802978
94128,-1.3352966,1.4930725,-0.48400879
94129,-1.4097595,1.2670898,-0.35400391
94130,-1.3999939,1.2789917,-0.46569824
94131,-1.385498,1.3243103,-0.58334351
94132,-1.5396118,1.1833191,-0.45181274
94133,-1.5141296,0.79330444,-0.52246094
94134,-1.5019226,1.1312866,-0.18051148
94135,-1.6567993,1.1576843,-0.24612427
94136,-1.6482544,1.2113953,-0.22354126
94137,-1.7886353,1.3258362,-0.16464233
94138,-1.7295837,1.3201904,-0.093841553
94139,-1.7991638,1.252594,0.11917114
94140,-1.7512512,1.2516785,0.012207031
94141,-1.9496155,1.1279297,0.30532837
94142,-1.8438721,1.1668396,0.39276123
94143,-2.0306396,1.0632324,0.38619995
94144,-1.8989563,1.1102295,0.26580811
94145,-1.9139099,1.0269165,0.24093628
94146,-1.855011,1.0614014,0.44494629
94147,-2.0324707,1.1221313,0.57723999
94148,-1.9454956,0.92529297,0.4776001
94149,-1.9984436,0.93139648,0.61782837
94150,-2.033844,0.88531494,0.61645508
94151,-2.0666504,0.95016479,0.63201904
94152,-2.0469666,0.90179443,0.6803894
94153,-2.0483398,0.81848144,0.78399658
94154,-2.0825195,0.84533691,0.74615478
94155,-2.0185852,0.64956665,0.77087402
94156,-2.1182251,0.60302734,0.806427
94157,-2.0472717,0.63201904,0.82107544
94158,-2.1055603,0.66345215,1.0194397
94159,-2.2236633,0.45852661,1.1053467
94160,-2.1070862,0.38894653,1.2924194
94161,-2.1307373,0.26382446,1.0948181
94162,-2.119751,0.20584106,1.0824585
94163,-2.0309448,0.37185669,1.2155151
94164,-2.2680664,0.40466309,1.2452698
94165,-2.0602417,0.18859863,1.199646
94166,-2.230072,0.15441895,1.3916016
94167,-2.1333313,0.13671875,1.2861633
94168,-1.993866,0.055541992,1.4065552
94169,-2.2886658,0.05065918,1.4726257
94170,-2.2413635,0.10131836,1.6110229
94171,-2.1307373,-0.044708252,1.4331055
94172,-2.1018982,-0.33752441,1.5325928
94173,-2.4067688,-0.17929077,1.5600586
94174,-2.1817017,-0.33279419,1.6238403
94175,-2.0655823,-0.35873413,1.6444397
94176,-2.0806885,-0.34484863,1.7443848
94177,-2.0088196,-0.33538818,1.8133545
94178,-1.9436646,-0.4498291,1.8312073
94179,-1.9078064,-0.5027771,1.804657
94180,-1.9549561,-0.48629761,1.81427
94181,-1.8128967,-0.61340332,1.7060852
94182,-1.6113281,-0.7649231,1.8432617
94183,-1.7329407,-0.5871582,1.8786621
94184,-1.7868042,-0.77041626,1.6986084
94185,-1.7628479,-1.2442017,1.8412781
94186,-1.665802,-1.0717773,1.8681335
94187,-1.7362976,-1.0147095,1.8847656
94188,-1.5536499,-0.95458984,1.9902039
94189,-1.5562439,-1.0731506,1.7996216
94190,-1.5078735,-1.1070251,1.8650818
94191,-1.4875793,-1.1979675,2.1313477
94192,-1.6055298,-1.3774109,1.9586182
94193,-1.6014099,-1.4639282,1.824646
94194,-1.2590027,-1.4169312,1.803894
94195,-1.2335205,-1.4605713,1.9674683
94196,-1.2866211,-1.3882446,2.0280457
94197,-1.3084412,-1.5744019,1.7378235
94198,-1.25,-1.7602539,1.3365173
94199,-1.088562,-1.6020203,1.5515137
94200,-1.1479187,-1.6893005,1.7773438
94201,-1.1576843,-1.4927673,1.8783569
94202,-0.95687866,-1.8284607,1.7532349
94203,-0.90118408,-1.8367004,1.8930054
94204,-0.90805054,-1.8499756,1.8717957
94205,-0.78796387,-1.7840576,1.8539429
94206,-0.75057983,-1.9563293,1.6926575
94207,-0.83068848,-1.8063354,1.77948
94208,-0.57678223,-1.9012451,1.7001343
94209,-0.57006836,-2.1580505,1.7175293
94210,-0.32104492,-2.0405579,1.8826294
94211,-0.43609619,-2.0481873,1.8232727
94212,-0.45333862,-1.9593811,1.7808533
94213,-0.41534424,-1.9589233,1.7695618
94214,-0.38696289,-1.9297791,1.7080688
94215,-0.26550293,-2.1340942,1.6134644
94216,-0.050506592,-2.3947144,1.6479492
94217,-0.20431519,-2.1755981,1.5924072
94218,-0.10787964,-2.219696,1.4978027
94219,-0.037231445,-2.4024963,1.2789917
94220,-0.035095215,-2.1763611,1.4051819
94221,0.050354004,-2.0910645,1.4587402
94222,0.19104004,-2.2113037,1.285553
94223,0.2394104,-2.2344971,1.2361145
94224,0.25085449,-2.346344,1.159668
94225,0.30776978,-2.2235107,1.047821
94226,0.37597656,-2.3432922,1.1322021
94227,0.5090332,-2.2344971,1.1178589
94228,0.45440674,-2.4000549,0.94909668
94229,0.49484253,-2.3834229,0.95428467
94230,0.45822144,-2.2819519,1.0693359
94231,0.56457519,-2.3300171,0.82046509
94232,0.42510986,-2.3243713,0.92941284
94233,0.65200806,-2.3358154,0.80780029
94234,0.69854736,-2.3054504,0.89508057
94235,0.70999146,-2.2599792,0.89202881
94236,0.82138062,-2.3025513,0.73654175
94237,0.80200195,-2.1286011,0.67016602
94238,0.74417114,-2.1177673,0.57128906
94239,0.80871582,-2.1446228,0.55206299
94240,0.7421875,-2.1856689,0.61630249
94241,0.91979981,-2.1240234,0.33584595
94242,0.94024658,-2.1212769,0.36224365
94243,0.99822998,-2.0220947,0.39550781
94244,0.95916748,-1.912384,0.35202026
94245,0.92849731,-1.938324,0.18890381
94246,1.0437012,-1.8966675,0.095214844
94247,1.0977173,-2.0890808,0.042419434
94248,1.1502075,-1.9917297,-0.02532959
94249,1.0269165,-1.8685913,0.083770752
94250,1.0047913,-1.9697571,0.13641357
94251,1.1003113,-1.8289185,0.1373291
94252,1.1883545,-1.885376,-0.12924194
94253,1.2033081,-1.8322754,-0.21606445
94254,1.1457825,-1.7262268,-0.26153564
94255,1.1451721,-1.6836548,-0.28442383
94256,1.2072754,-1.5679932,-0.33569336
94257,1.2557983,-1.4953613,-0.39016724
94258,1.2948608,-1.5104675,-0.33538818
94259,1.2660217,-1.3835144,-0.50125122
94260,1.3800049,-1.3113403,-0.45211792
94261,1.1528015,-1.2492371,-0.44128418
94262,1.050415,-1.3835144,-0.49957275
94263,1.0473633,-1.2025452,-0.62042236
94264,1.1376953,-1.1058044,-0.86914063
94265,1.1956787,-0.98800659,-0.83740234
94266,1.0844421,-0.97625732,-1.1410522
94267,1.0839844,-0.95687866,-0.87097168
94268,1.1032104,-0.95489502,-0.94909668
94269,1.1079407,-0.92269897,-1.0043335
94270,1.0972595,-0.95703125,-1.0151672
94271,1.0899353,-0.81375122,-1.0388184
94272,1.1705017,-0.79772949,-1.0354614
94273,1.1351013,-0.7699585,-1.0139465
94274,1.0966492,-0.87677002,-1.0914612
94275,1.073761,-0.61462402,-1.0253906
94276,1.043396,-0.73791504,-1.1230469
94277,1.0165405,-0.5078125,-1.0939026
94278,0.92651367,-0.47897339,-1.1639404
94279,0.90484619,-0.40374756,-1.2142944
94280,0.88531494,-0.53817749,-1.1647034
94281,0.7824707,-0.37643433,-0.99868774
94282,0.72219849,-0.26443481,-1.3026428
94283,0.80322266,-0.21133423,-1.2121582
94284,0.91445923,-0.066986084,-1.16745
94285,0.72280884,-0.053100586,-1.2150574
94286,0.72570801,-0.021972656,-1.1997986
94287,0.70922852,-0.057067871,-1.2820435
94288,0.65444946,-0.077972412,-1.282196
94289,0.50598144,0.1701355,-1.3723755
94290,0.44281006,0.055847168,-1.521759
94291,0.51452637,0.13198853,-1.414032
94292,0.40649414,0.3112793,-1.3160706
94293,0.31326294,0.21728516,-1.2309265
94294,0.50857544,0.287323,-1.6885376
94295,0.32363892,0.38452148,-1.7825317
94296,0.19226074,0.53909302,-1.4320374
94297,0.23635864,0.4977417,-1.4820862
94298,0.23391724,0.55664063,-1.784668
94299,0.13519287,0.61141968,-1.2428284
94300,0.13580322,0.60836792,-1.5385437
94301,-0.008239746,0.61447144,-1.2078857
94302,-0.15869141,0.6803894,-1.2216187
94303,-0.11169434,0.71807861,-1.2197876
94304,-0.15258789,0.80657959,-1.1769104
94305,-0.26382446,0.83770752,-1.1756897
94306,-0.45272827,0.83786011,-0.99014282
94307,-0.47561645,0.84350586,-1.1204529
94308,-0.49438477,1.1024475,-1.0324097
94309,-0.53329468,1.1604309,-1.0346985
94310,-0.37094116,1.1079407,-1.2179565
94311,-0.52398682,1.0758972,-1.197052
94312,-0.4888916,1.1245728,-1.1360168
94313,-0.59783935,1.0983276,-0.95870972
94314,-0.69702148,1.1280823,-0.99807739
94315,-0.76705933,1.2149048,-0.78079224
94316,-0.84594727,1.2416077,-0.76126099
94317,-0.87341309,1.2431335,-0.82077026
94318,-0.95733643,1.1604309,-0.62728882
94319,-1.0469055,1.1732483,-0.5090332
94320,-1.0772705,1.2576294,-0.56228638
94321,-1.0470581,1.2702942,-0.66177368
94322,-1.1190796,1.3156128,-0.56732178
94323,-1.222229,1.2640381,-0.55038452
94324,-1.1138916,1.2792969,-0.5279541
94325,-1.257019,1.2437439,-0.62911987
94326,-1.2988281,1.2084961,-0.41015625
94327,-1.3110352,1.2179565,-1.1891174
94328,-1.2902832,1.1738586,-1.0282898
94329,-1.6461182,1.0549927,-0.26855469
94330,-1.4599609,1.12854,-0.53100586
94331,-1.4050293,1.0618591,-0.63964844
94332,-1.4559937,1.05896,-0.16281128
94333,-1.6665649,0.9815979,-0.25466919
94334,-1.6633606,1.1203003,-0.11550903
94335,-1.7666626,0.98983765,0.13076782
94336,-1.7736816,0.99441528,0.2041626
94337,-1.7854309,0.92193603,0.25573731
94338,-1.723175,0.93276978,0.18066406
94339,-1.7137146,0.96969604,0.36117554
94340,-1.7782593,0.92956543,0.36880493
94341,-1.776123,0.86395264,0.27862549
94342,-1.7578125,0.91674805,0.33401489
94343,-1.8190002,0.88485718,0.51147461
94344,-1.8765259,0.87280273,0.56152344
94345,-1.8289185,0.86227417,0.50140381
94346,-1.8559265,0.84442139,0.58502197
94347,-1.8959045,0.84228516,0.60760498
94348,-1.8910217,0.78186035,0.55175781
94349,-1.9418335,0.76873779,0.68023682
94350,-1.8959045,0.72463989,0.53405762
94351,-2.0077515,0.74920654,0.65383911
94352,-2.0513916,0.68176269,0.68634033
94353,-2.0570374,0.59265137,0.71243286
94354,-1.97052,0.43624878,0.7522583
94355,-2.1058655,0.52490234,1.0043335
94356,-2.1838379,0.40466309,1.078186
94357,-2.0535278,0.37368774,1.105957
94358,-2.1142578,0.2444458,1.2010193
94359,-2.0848083,0.16693115,1.18927
94360,-1.9944763,0.078125,1.1477661
94361,-1.9306946,0.12527466,1.2420654
94362,-1.9369507,0.091400146,1.1831665
94363,-1.8307495,0.036621094,1.3427734
94364,-1.9625854,-0.14968872,1.2733459
94365,-1.9592285,-0.096282959,1.4590454
94366,-1.8379211,-0.087127686,1.3145447
94367,-1.9598389,-0.091705322,1.2889099
94368,-1.7062378,-0.284729,1.3775635
94369,-1.9599915,-0.26596069,1.3905334
94370,-1.9438171,-0.3918457,1.5820313
94371,-1.8333435,-0.2835083,1.5724182
94372,-1.9841003,-0.46737671,1.4595032
94373,-1.8048096,-0.53741455,1.6616821
94374,-1.7868042,-0.54443359,1.6517639
94375,-1.6999817,-0.5847168,1.5829468
94376,-1.7739868,-0.6552124,1.706543
94377,-1.6937256,-0.90621948,1.6091919
94378,-1.7572021,-0.70083618,1.6343689
94379,-1.5408325,-1.1004639,1.5975952
94380,-1.6854858,-1.0684204,1.7201233
94381,-1.4964294,-0.89691162,1.7362976
94382,-1.6798401,-1.137085,1.8365479
94383,-1.6542053,-1.2538147,1.8574524
94384,-1.5153503,-1.293335,1.7041016
94385,-1.4924622,-1.1357117,1.8832397
94386,-1.5966797,-1.1221313,1.9070435
94387,-1.459198,-1.14151,1.9493103
94388,-1.3409424,-1.1460876,1.8157959
94389,-1.3012695,-1.269989,1.7472839
94390,-1.1836243,-1.3153076,1.8286133
94391,-1.0966492,-1.3989258,1.8383789
94392,-1.187439,-1.5701294,2.0085144
94393,-1.1170959,-1.5522766,1.803894
94394,-1.0928345,-1.6438293,1.6783142
94395,-1.0003662,-1.7224121,1.7486572
94396,-0.89202881,-1.7037964,1.8197632
94397,-0.85113525,-1.6525269,1.7977905
94398,-0.75958252,-1.5588379,1.7835999
94399,-0.71105957,-1.7141724,1.6281128
94400,-0.66970825,-1.8711853,1.4096069
94401,-0.52520752,-1.7601013,1.6923523
94402,-0.62835693,-1.7556763,1.7134094
94403,-0.59555054,-1.9221497,1.7169189
94404,-0.55847168,-1.9714355,1.7434692
94405,-0.49575806,-1.9386291,1.6838074
94406,-0.31066894,-1.9119263,1.6427612
94407,-0.38101196,-2.0605469,1.6760254
94408,-0.37490845,-2.1456909,1.4428711
94409,-0.44021606,-2.1327209,1.5219116
94410,-0.1486206,-2.0825195,1.394043
94411,-0.12588501,-2.0578003,1.4978027
94412,-0.084991455,-2.0133972,1.3397217
94413,-0.24414063,-2.1063232,1.4331055
94414,0.033111572,-2.2073364,1.3247681
94415,0.043640137,-2.2531128,1.3626099
94416,0.060272217,-2.2079468,1.3711548
94417,0.038604736,-2.1258545,1.3244629
94418,0.17868042,-2.0410156,1.2886047
94419,0.28442383,-2.1318054,1.0818481
94420,0.060577393,-2.1061707,1.1167908
94421,0.31219482,-2.0770264,1.1010742
94422,0.29129028,-2.1679688,1.0299683
94423,0.38879394,-2.1150208,0.89859009
94424,0.39810181,-2.1037292,0.79421997
94425,0.50674438,-2.1781921,0.81085205
94426,0.58303833,-2.2463989,0.93139648
94427,0.59570313,-2.253418,0.90667725
94428,0.51422119,-2.2142029,0.87631226
94429,0.55740356,-2.0606995,0.76599121
94430,0.65429688,-2.0404053,0.6892395
94431,0.7824707,-1.9891357,0.66314697
94432,0.81420898,-2.0269775,0.59066772
94433,0.8052063,-1.9328308,0.50994873
94434,0.78857422,-1.9108582,0.49591064
94435,0.78033447,-2.1057129,0.55999756
94436,0.7774353,-1.9863892,0.42938232
94437,0.8605957,-1.987915,0.2456665
94438,0.89187622,-1.9145203,0.067138672
94439,1.0212708,-1.8197632,0.14953613
94440,0.92224121,-1.8597412,0.002746582
94441,0.89385986,-1.8307495,0.098876953
94442,0.98937988,-1.8939209,0.29296875
94443,0.92041016,-1.8675232,0.092773438
94444,1.0189819,-1.8151855,0.066680908
94445,1.0487366,-1.7230225,0.091705322
94446,1.0443115,-1.7414856,-0.081176758
94447,1.0375977,-1.5722656,-0.26733398
94448,1.2696838,-1.4915466,-0.08682251
94449,1.0931396,-1.5678406,-0.14938355
94450,1.2939453,-1.4779663,-0.23788452
94451,1.0450745,-1.2640381,-0.39321899
94452,0.96466065,-1.5260315,-0.31402588
94453,1.0986328,-1.5071106,-0.48294067
94454,1.0899353,-1.2780762,-0.48126221
94455,1.0998535,-1.4981079,-0.55908203
94456,1.2280273,-1.307373,-0.50842285
94457,1.0253906,-1.1952209,-0.58410644
94458,1.0284424,-1.1120605,-0.62072754
94459,1.0258484,-1.0513306,-0.65368652
94460,1.0420227,-0.99609375,-0.75424194
94461,0.96343994,-0.79727173,-0.69580078
94462,1.018219,-0.86761475,-0.85769653
94463,0.86242676,-0.71060181,-0.78918457
94464,0.98770142,-0.61141968,-0.78903198
94465,1.1103821,-0.71273804,-0.94589233
94466,0.92803955,-0.6829834,-0.96496582
94467,1.0945129,-0.71411133,-1.0417175
94468,1.0173035,-0.6211853,-0.96099853
94469,0.99822998,-0.56762695,-1.0043335
94470,0.97793579,-0.46615601,-1.0971069
94471,0.9236145,-0.48202515,-1.0388184
94472,0.96954346,-0.26641846,-1.0183716
94473,0.94055176,-0.21682739,-1.1154175
94474,0.72448731,-0.17120361,-1.1991882
94475,0.72189331,-0.12069702,-1.1257935
94476,0.69412231,-0.12420654,-1.1795044
94477,0.63201904,-0.10879517,-1.162262
94478,0.75393677,-0.045928955,-1.2626648
94479,0.56289673,0.065917969,-1.4726257
94480,0.62789917,-0.10528565,-2.0921326
94481,0.74905396,0.13137817,-2.1899414
94482,0.59875488,0.12405395,-2.2273254
94483,0.33813477,0.30380249,-1.2475586
94484,0.30181885,0.13305664,-1.2004089
94485,0.40679932,0.1876831,-1.1714172
94486,0.2722168,0.17486572,-1.2017822
94487,0.28091431,0.30151367,-1.131897
94488,0.31661987,0.49118042,-1.2373352
94489,0.17120361,0.56671143,-1.2709045
94490,0.1574707,0.56610107,-1.1959839
94491,0.043792725,0.50323486,-1.1079407
94492,0.1663208,0.55023193,-1.1587524
94493,0.068817139,0.59127808,-1.1837769
94494,-0.076904297,0.63873291,-1.206665
94495,0.030975342,0.74890137,-1.0435486
94496,-0.032348633,0.74401856,-1.2051392
94497,-0.054473877,0.79940796,-1.0520935
94498,-0.20401001,0.92590332,-1.0876465
94499,-0.21606445,0.9173584,-1.2121582
94500,-0.25909424,0.80200195,-1.0855103
94501,-0.36590576,0.72113037,-1.0902405
94502,-0.31784058,0.82046509,-0.95306397
94503,-0.62911987,0.99197388,-1.0487366
94504,-0.53817749,1.0316467,-1.1044312
94505,-0.65292358,1.0983276,-1.1167908
94506,-0.64819336,1.1309814,-0.83831787
94507,-0.72174072,1.1904907,-0.87280273
94508,-0.79818726,1.1305237,-0.80551147
94509,-0.79421997,1.0809326,-0.87677002
94510,-0.94268799,1.1633301,-0.76522827
94511,-0.92437744,1.1303711,-0.91018677
94512,-0.94238281,1.2625122,-0.75332642
94513,-0.97579956,1.3568115,-0.59005737
94514,-1.0388184,1.3539124,-0.47821045
94515,-1.0269165,1.1860657,-0.53939819
94516,-1.1497498,1.0568237,-0.44677734
94517,-1.2335205,1.2619019,-0.41061401
94518,-1.2495422,1.1732483,-0.20233154
94519,-1.23703,1.2698364,-0.23864746
94520,-1.3098145,1.2905884,-0.24261475
94521,-1.3232422,1.235199,-0.10406494
94522,-1.4251709,1.2173462,-0.19744873
94523,-1.5393066,1.1804199,-0.026092529
94524,-1.4302063,1.3639832,-1.103363
94525,-1.6424561,1.0925293,-0.42282105
94526,-1.5280151,1.1383057,-0.28305054
94527,-1.6619873,1.0450745,-0.076293945
94528,-1.6638184,1.1584473,0.066223145
94529,-1.5896606,1.1004639,0.065002441
94530,-1.6532898,1.1338806,0.17166138
94531,-1.6439819,1.0949707,0.17944336
94532,-1.7202759,1.121521,0.28213501
94533,-1.7762756,1.091156,0.33416748
94534,-1.7800903,1.0404968,0.20843506
94535,-1.789856,1.0768127,0.32562256
94536,-1.9104004,1.2295532,0.39749145
94537,-1.8254089,1.0415649,0.33325195
94538,-1.8196106,0.95855713,0.38772583
94539,-1.8258667,0.81054688,0.44815064
94540,-1.7919922,0.79589844,0.49087524
94541,-1.8792725,0.73516846,0.53283691
94542,-1.9340515,0.74554443,0.6451416
94543,-2.0812988,0.82397461,0.90545654
94544,-2.0111084,0.66619873,0.93765259
94545,-2.1405029,0.62561035,0.74920654
94546,-2.1405029,0.59265137,0.94192505
94547,-2.1598816,0.5229187,0.9223938
94548,-2.1385193,0.42358398,0.86196899
94549,-2.104187,0.38131714,0.87173462
94550,-2.164917,0.29312134,1.0691834
94551,-2.0501709,0.26489258,1.1123657
94552,-2.2021484,0.11550903,1.1820984
94553,-2.0059204,0.18737793,1.4065552
94554,-2.1008301,0.13214111,1.5306091
94555,-2.0223999,0.20477295,1.267395
94556,-2.102356,0.27206421,1.4317322
94557,-2.150116,-0.027923584,1.5419006
94558,-1.9378662,-0.10681152,1.4091492
94559,-2.1411133,-0.019989014,1.5177917
94560,-1.9026184,-0.12161255,1.6841125
94561,-1.9934082,-0.43457031,1.5490723
94562,-1.9836426,-0.46646118,1.3934326
94563,-1.9715881,-0.48553467,1.5968323
94564,-2.0617676,-0.3855896,1.7425537
94565,-1.9909668,-0.34561157,1.690979
94566,-2.0481873,-0.68847656,1.7214966
94567,-2.0465088,-0.46722412,1.7141724
94568,-1.9007874,-0.57693481,1.599884
94569,-1.8533325,-0.56213379,1.5840149
94570,-2.0574951,-0.70404053,1.7541504
94571,-1.7762756,-0.75759888,1.8440247
94572,-1.7460632,-0.80718994,1.8180847
94573,-1.6320801,-0.73959351,1.8815613
94574,-1.5814209,-0.92849731,1.8965149
94575,-1.6040039,-1.0041809,1.9308472
94576,-1.5948486,-1.1114502,1.8858337
94577,-1.7396545,-1.1767578,2.0549011
94578,-1.4715576,-1.2623596,1.9703674
94579,-1.5371704,-0.9715271,1.9613647
94580,-1.2532043,-1.3375854,2.033844
94581,-1.4286804,-1.7782593,1.9007874
94582,-1.4936829,-1.7495728,1.9450378
94583,-1.317749,-1.4128113,1.8545532
94584,-1.0942078,-1.6519165,2.0379639
94585,-1.1868286,-1.4205933,1.8658447
94586,-1.3412476,-1.4639282,1.9088745
94587,-1.1437988,-1.6201782,1.9844055
94588,-1.1196899,-1.7150879,1.8661499
94589,-1.1555481,-1.7965698,1.8536377
94590,-0.94406128,-1.7224121,1.8104553
94591,-0.97351074,-1.8395996,1.8191528
94592,-0.81130981,-1.9509888,1.6967773
94593,-0.78308106,-1.8121338,1.656189
94594,-0.76446533,-1.7900085,1.7704773
94595,-0.62698364,-1.8486023,1.9174194
94596,-0.60546875,-1.9793701,1.8321228
94597,-0.66497803,-2.0628357,1.7655945
94598,-0.46707153,-2.0834351,1.8286133
94599,-0.57800293,-1.9033813,1.8722534
94600,-0.41793823,-1.9168091,1.7913818
94601,-0.42068481,-2.0225525,1.7880249
94602,-0.39276123,-2.098999,1.590271
94603,-0.32653809,-2.2540283,1.6903687
94604,-0.34912109,-2.3226929,1.663208
94605,-0.34759522,-2.2909546,1.6996765
94606,-0.21072388,-2.3278809,1.6374207
94607,0.015563965,-2.2167969,1.5142822
94608,-0.092315674,-2.3040771,1.3015747
94609,0.1109314,-2.3460388,1.2649536
94610,-0.024719238,-2.3573303,1.2350464
94611,0.045471191,-2.492981,1.3766479
94612,0.18798828,-2.3788452,1.2976074
94613,0.26473999,-2.432251,1.1756897
94614,0.36071777,-2.2885132,1.2025452
94615,0.41122436,-2.2492981,1.174469
94616,0.418396,-2.184906,1.1531067
94617,0.59997559,-2.2514343,1.1549377
94618,0.52337647,-2.3126221,0.96542358
94619,0.51483154,-2.4667358,0.87341309
94620,0.40786743,-2.3724365,1.0678101
94621,0.6048584,-2.4183655,0.80886841
94622,0.75836182,-2.335968,0.85220337
94623,0.59783935,-2.407074,0.70007324
94624,0.66467285,-2.4189758,0.68572998
94625,0.73806763,-2.3620605,0.72967529
94626,0.81100464,-2.338562,0.55511475
94627,0.79925537,-2.1002197,0.49819946
94628,0.90667725,-2.098999,0.44281006
94629,0.96557617,-2.1482849,0.34713745
94630,0.91430664,-2.2143555,0.39916992
94631,0.99822998,-2.1434021,0.29464722
94632,0.97579956,-2.2039795,0.35736084
94633,1.0131836,-2.2213745,0.37948608
94634,0.98175049,-2.0062256,0.21865845
94635,1.0551453,-1.9451904,0.045776367
94636,1.2373352,-2.2244263,-0.073242188
94637,1.1749268,-1.9952393,-0.099182129
94638,1.1769104,-1.9570923,-0.008392334
94639,1.1566162,-1.9265747,-0.1159668
94640,1.2652588,-1.7498779,-0.001831055
94641,1.254425,-1.8093872,-0.11474609
94642,1.396637,-1.5820313,-0.13046265
94643,1.2637329,-1.5623474,-0.35766602
94644,1.1882019,-1.6358948,-0.31188965
94645,1.3366699,-1.6413879,-0.35644531
94646,1.4405823,-1.5544128,-0.46356201
94647,1.3842773,-1.5057373,-0.703125
94648,1.4694214,-1.5550232,-0.68176269
94649,1.171875,-1.2718201,-0.64239502
94650,1.2908936,-1.3137817,-0.73059082
94651,1.3027954,-1.4968872,-0.62591553
94652,1.2530518,-1.3781738,-0.69900513
94653,1.2423706,-1.2728882,-0.71258545
94654,1.3487244,-1.2744141,-0.81512451
94655,1.3301086,-1.1460876,-0.80535889
94656,1.309967,-1.1068726,-0.79650879
94657,1.3615417,-0.95397949,-0.93215942
94658,1.2812805,-0.91064453,-0.92437744
94659,1.1289978,-0.79574585,-1.20224
94660,1.0870361,-0.82260132,-0.87600708
94661,1.1022949,-0.48492432,-1.0049438
94662,1.2234497,-0.47790527,-1.0519409
94663,1.1979675,-0.38009644,-1.1238098
94664,1.1993408,-0.40725708,-1.2796021
94665,1.2545776,-0.29846191,-1.1630249
94666,1.0882568,-0.5430603,-1.2937927
94667,0.99243164,-0.41931152,-1.3594055
94668,0.94268799,-0.40100098,-1.3186646
94669,0.89157104,-0.33111572,-1.1698914
94670,0.78033447,-0.23895264,-1.3053894
94671,0.78918457,-0.16311645,-1.3650513
94672,0.87615967,-0.080871582,-1.3049316
94673,0.71960449,0.023498535,-1.3246155
94674,0.94268799,0.023193359,-1.2908936
94675,0.83984375,0.005950928,-2.0091248
94676,0.73944092,-0.10528565,-1.756134
94677,0.57159424,0.009460449,-1.3452148
94678,0.55496216,0.31600952,-1.6088867
94679,0.6640625,0.4397583,-1.5405273
94680,0.54840088,0.40634155,-1.6239929
94681,0.36254883,0.25558472,-1.4402771
94682,0.32424927,0.44418335,-1.4880371
94683,0.36636353,0.40893555,-1.5388489
94684,0.39489746,0.54412842,-1.5255737
94685,0.23040772,0.64361572,-1.5193176
94686,0.3288269,0.64254761,-1.4433289
94687,0.14801025,0.6628418,-1.4448547
94688,0.23605347,0.77468872,-1.5246582
94689,0.29724121,0.89263916,-1.3314819
94690,-0.007781982,0.86990356,-1.4172363
94691,-0.10269165,0.89614868,-1.1927795
94692,-0.053100586,0.99884033,-1.4614868
94693,-0.10467529,0.90423584,-1.3981628
94694,-0.24551392,1.0559082,-1.2838745
94695,-0.3515625,1.1773682,-1.2336731
94696,-0.21240234,1.1140442,-1.2106323
94697,-0.36453247,1.0865784,-1.3742065
94698,-0.46539307,0.95794678,-1.1042786
94699,-0.48812866,1.1279297,-1.108551
94700,-0.54733276,1.1657715,-1.1291504
94701,-0.66101074,1.2045288,-1.072998
94702,-0.66268921,1.1636353,-1.0429382
94703,-0.56381226,1.1495972,-0.99197388
94704,-0.61767578,1.2373352,-0.93948364
94705,-0.70678711,1.2718201,-0.83465576
94706,-0.72143555,1.2895203,-0.75805664
94707,-0.94787598,1.1288452,-0.84716797
94708,-0.90423584,1.2719727,-0.71899414
94709,-1.0093689,1.3769531,-0.79696655
94710,-1.0467529,1.3398743,-0.82672119
94711,-1.2127686,1.4596558,-0.58685303
94712,-1.3525391,1.2539673,-0.57281494
94713,-1.2605286,1.305542,-0.60287476
94714,-1.2115479,1.1410522,-0.60028076
94715,-1.418457,1.2136841,-0.66665649
94716,-1.6212463,1.2733459,-0.35995483
94717,-1.4802551,1.4401245,-0.39642334
94718,-1.5254211,1.5019226,-0.33752441
94719,-1.5559387,1.4276123,-0.27755737
94720,-1.6368103,1.4202881,-0.33630371
94721,-1.6751099,1.2689209,-0.18249512
94722,-1.7739868,1.3452148,-0.17776489
94723,-1.8101501,1.4306641,-0.052032471
94724,-1.7962646,1.452179,0.021820068
94725,-1.9061279,1.3316345,0.19943237
94726,-1.7729187,1.3839722,0.18600464
94727,-1.9821167,1.2202454,0.063018799
94728,-1.8473816,1.2123108,0.30715942
94729,-1.9296265,1.2088013,0.3565979
94730,-2.0024109,1.1767578,0.44113159
94731,-2.0429993,1.1347961,0.5581665
94732,-2.0600891,1.0997009,0.52139282
94733,-2.2122192,1.1434937,0.56030273
94734,-2.233429,1.0131836,0.65246582
94735,-2.1070862,1.0494995,0.57891846
94736,-2.2676086,0.94161987,0.75622559
94737,-1.9952393,1.0322571,0.65979004
94738,-2.1838379,0.88485718,0.73944092
94739,-2.2155762,1.0818481,0.79498291
94740,-2.1470642,0.84899902,0.72921753
94741,-2.1054077,0.83465576,0.77575684
94742,-2.1885681,0.78460693,0.76004028
94743,-2.1844482,0.65948486,0.93811035
94744,-2.2857666,0.6652832,1.1247253
94745,-2.1470642,0.66055298,1.1286926
94746,-2.1348572,0.51895142,1.337738
94747,-2.2581482,0.41397095,1.388855
94748,-2.2637939,0.56884766,1.3807678
94749,-2.3304749,0.44799805,1.3937378
94750,-2.1458435,0.40176392,1.3037109
94751,-2.2750854,0.15625,1.3287354
94752,-2.1754456,0.14434815,1.2837219
94753,-2.2119141,0.092010498,1.3766479
94754,-2.093811,-0.072021484,1.6757202
94755,-2.20047,0.070037842,1.6746521
94756,-2.1148682,-0.24581909,1.5621948
94757,-2.1473694,-0.27679443,1.5684509
94758,-2.0933533,-0.34301758,1.6455078
94759,-2.2158813,-0.27633667,1.6615295
94760,-2.0291138,-0.14221191,1.8174744
94761,-2.141571,-0.35400391,1.8684387
94762,-2.1459961,-0.37414551,2.0031738
94763,-2.1008301,-0.40435791,1.9137573
94764,-1.9871521,-0.5406189,1.822052
94765,-1.7939758,-0.77285767,1.8025208
94766,-1.8753052,-0.6413269,1.7407227
94767,-1.9207764,-0.70068359,1.9166565
94768,-1.9683838,-0.59265137,1.9412231
94769,-1.842804,-0.85739136,1.9247437
94770,-1.8904114,-0.97290039,2.0176697
94771,-1.7012024,-0.88470459,2.0080566
94772,-1.8232727,-1.0668945,2.0718384
94773,-1.7121887,-1.1164856,1.9537354
94774,-1.6934204,-1.1366272,1.9558716
94775,-1.5536499,-1.1038208,2.0193481
94776,-1.6307068,-1.4474487,2.1903992
94777,-1.59729,-1.3381958,2.1899414
94778,-1.4826965,-1.4492798,2.0806885
94779,-1.4604187,-1.4793396,1.9628906
94780,-1.275177,-1.3861084,2.1858215
94781,-1.3816834,-1.5171814,2.0309448
94782,-1.348114,-1.3374329,2.1974182
94783,-1.2313843,-1.3903809,2.1466064
94784,-1.1987305,-1.3920593,1.9984436
94785,-1.174469,-1.4860535,1.8527222
94786,-1.1912537,-1.7378235,1.8977356
94787,-1.1227417,-1.8357849,1.9754028
94788,-0.81939697,-2.1801758,1.9282532
94789,-0.84564209,-1.9204712,1.9750977
94790,-0.94161987,-1.8980408,1.9586182
94791,-0.75302124,-1.8432617,1.9219971
94792,-0.7824707,-1.8637085,1.877594
94793,-0.69763184,-1.9268799,1.8229675
94794,-0.57418823,-2.0378113,1.703949
94795,-0.47943115,-2.1337891,1.7564392
94796,-0.48995972,-2.1881104,1.7831421
94797,-0.4423523,-2.1995544,1.8156433
94798,-0.35324097,-2.2961426,1.8122864
94799,-0.20965576,-2.2584534,1.7236328
94800,-0.14511108,-2.2761536,1.9683838
94801,-0.1159668,-2.3126221,1.8264771
94802,-0.105896,-2.1676636,1.7785645
94803,-0.076293945,-2.1331787,1.6072083
94804,0.071258545,-2.2677612,1.5988159
94805,0.12817383,-2.33078,1.5637207
94806,0.23712158,-2.4565125,1.6017151
94807,0.20263672,-2.4511719,1.5560913
94808,0.206604,-2.5283813,1.4186096
94809,0.14892578,-2.3046875,1.3705444
94810,0.29098511,-2.4642944,1.2431335
94811,0.38513184,-2.4291992,1.2995911
94812,0.44555664,-2.4462891,1.268158
94813,0.40359497,-2.3455811,1.0671997
94814,0.53359985,-2.3655701,1.1494446
94815,0.47988892,-2.306366,1.1380005
94816,0.50216675,-2.462616,1.1851501
94817,0.70709228,-2.3596191,0.97167969
94818,0.74020386,-2.3718262,0.77087402
94819,0.7522583,-2.4819946,0.72875977
94820,0.887146,-2.4424744,0.65979004
94821,0.92773438,-2.4839783,0.73074341
94822,0.91110229,-2.3835754,0.66879272
94823,0.84869385,-2.3477173,0.68969727
94824,1.0093689,-2.4014282,0.51925659
94825,0.94680786,-2.3251343,0.51483154
94826,1.0025024,-2.2738647,0.31051636
94827,1.0925293,-2.2946167,0.56716919
94828,1.1036682,-2.3100281,0.37155151
94829,1.1459351,-2.1772766,0.25573731
94830,1.1416626,-2.1907043,0.05859375
94831,1.2243652,-2.1702576,0.041351318
94832,1.340332,-2.0346069,-0.06439209
94833,1.2760925,-1.9656372,-0.11703491
94834,1.3435364,-2.0372009,-0.13259888
94835,1.3143921,-1.9824219,-0.05859375
94836,1.2556458,-1.9770813,-0.12390137
94837,1.2428284,-1.8699646,-0.2130127
94838,1.4572144,-1.8516541,-0.30883789
94839,1.2814331,-1.676178,-0.23361206
94840,1.3490295,-1.7857361,-0.35507202
94841,1.2773132,-1.7198181,-0.48583984
94842,1.4500427,-1.8450928,-0.48812866
94843,1.3276672,-1.5586853,-0.72998047
94844,1.4967346,-1.5023804,-0.45516968
94845,1.2757874,-1.4013672,-0.30349731
94846,1.4028931,-1.4353943,-0.46234131
94847,1.3201904,-1.4672852,-0.70999146
94848,1.350708,-1.5890503,-0.67321777
94849,1.2973022,-1.4086914,-0.64315796
94850,1.3386536,-1.3395691,-0.73730469
94851,1.2947083,-1.3226318,-0.83129883
94852,1.2956238,-1.0641479,-0.75714111
94853,1.1932373,-0.99487305,-0.83999634
94854,1.2902832,-0.97671509,-0.7774353
94855,1.1514282,-0.87036133,-0.85403442
94856,1.1552429,-0.86029053,-0.94680786
94857,1.1801147,-0.84716797,-0.99685669
94858,1.2298584,-0.70678711,-1.1578369
94859,1.2471008,-0.50125122,-1.1402893
94860,1.2397766,-0.56503296,-1.0940552
94861,1.1355591,-0.48049927,-1.1558533
94862,1.0800171,-0.38269043,-1.03302
94863,0.99639893,-0.37002564,-1.0876465
94864,1.0394287,-0.43182373,-1.388855
94865,0.98358154,-0.28991699,-1.3311768
94866,0.94436646,-0.17456055,-1.3873291
94867,0.94207764,-0.085144043,-1.3755798
94868,0.96313477,-0.15884399,-1.4526367
94869,0.95596313,-0.012054443,-1.3943481
94870,0.77316284,-0.12954712,-1.2835693
94871,0.76171875,0.055541992,-1.3401794
94872,0.90789795,0.034942627,-1.9500732
94873,0.572052,-0.1159668,-1.5757751
94874,0.64529419,-0.020446777,-1.7022705
94875,0.53009033,0.05645752,-1.4952087
94876,0.57983398,0.27130127,-1.7495728
94877,0.52627563,0.25802612,-1.5245056
94878,0.4335022,0.262146,-1.3491821
94879,0.53863525,0.28106689,-1.4920044
94880,0.30548096,0.5128479,-1.348877
94881,0.44677734,0.572052,-1.3444519
94882,0.2532959,0.74768066,-1.29776
94883,0.29067993,0.59082031,-1.4837646
94884,0.093994141,0.60333252,-1.4311218
94885,0.04776001,0.81222534,-1.3421631
94886,0.25039673,0.90332031,-1.3302612
94887,-0.055999756,0.78140259,-1.2490845
94888,0.12207031,0.91400147,-1.2400818
94889,-0.1133728,0.97320557,-0.87310791
94890,-0.057220459,0.88867188,-1.237793
94891,-0.078430176,1.0559082,-1.3511658
94892,-0.16098023,1.0678101,-1.3166809
94893,-0.40283203,1.098938,-1.4558411
94894,-0.28076172,1.1230469,-1.2995911
94895,-0.41412353,0.97412109,-1.4161682
94896,-0.36499023,1.2548828,-1.2515259
94897,-0.59585571,1.321106,-1.2609863
94898,-0.66955566,1.3162231,-1.4004517
94899,-0.70999146,1.3513184,-1.1639404
94900,-0.71594238,1.4253235,-1.1582947
94901,-0.79223633,1.2879944,-1.1328125
94902,-0.89385986,1.2957764,-1.3711548
94903,-0.95443726,1.3793945,-1.2121582
94904,-1.0501099,1.3943481,-0.95901489
94905,-1.0890198,1.4466858,-1.1099243
94906,-1.2208557,1.5751648,-0.73959351
94907,-1.1413574,1.6220093,-1.0327148
94908,-1.2109375,1.5022278,-0.87432861
94909,-1.2934875,1.4038086,-0.88043213
94910,-1.2078857,1.3969421,-0.65414429
94911,-1.2905884,1.268158,-0.54290772
94912,-1.3301086,1.3400269,-0.49240112
94913,-1.4796448,1.4265442,-0.32043457
94914,-1.4685059,1.4776611,-0.33859253
94915,-1.5257263,1.3632202,-0.3779602
94916,-1.6912842,1.3549805,-0.362854
94917,-1.6471863,1.40625,-0.32867432
94918,-1.6781616,1.5136719,-0.16967773
94919,-1.6320801,1.4471436,-0.17700195
94920,-1.7259216,1.4016724,-0.20812988
94921,-1.6503906,1.3618469,-0.012969971
94922,-1.7913818,1.1448669,0.040893555
94923,-1.7938232,1.2088013,0.2532959
94924,-1.8334961,1.0038757,0.12664795
94925,-1.9320679,1.1010742,0.22918701
94926,-1.9145203,1.1956787,0.1902771
94927,-1.9842529,1.1683655,0.33584595
94928,-2.0478821,1.0932922,0.37322998
94929,-2.1466064,1.0292053,0.47164917
94930,-2.2128296,1.0066223,0.52398682
94931,-2.1064758,1.0028076,0.23651123
94932,-2.1672058,0.99822998,0.54412842
94933,-2.0999146,0.87036133,0.48461914
94934,-2.2375488,0.8581543,0.67321777
94935,-2.1772766,0.92819214,0.31677246
94936,-2.3262024,0.90026856,0.48797607
94937,-2.3461914,0.94070435,0.59753418
94938,-2.1177673,0.78521728,0.53359985
94939,-2.191925,0.70037842,0.6413269
94940,-2.1565247,0.75714111,0.45959473
94941,-2.2320557,0.69961548,0.6199646
94942,-2.3054504,0.49835205,0.80123901
94943,-2.2090149,0.48614502,0.78475952
94944,-2.2549438,0.40588379,0.96405029
94945,-2.2888184,0.45776367,1.1579895
94946,-2.1803284,0.37719727,1.1703491
94947,-2.2035217,0.28015137,1.2281799
94948,-2.1405029,0.17089844,1.3221741
94949,-2.0925903,0.17623901,1.4199829
94950,-2.151947,0.10818481,1.333313
94951,-2.1343994,0.012817383,1.4115906
94952,-1.9837952,-0.17761231,1.6810608
94953,-1.999054,-0.22445679,1.6091919
94954,-2.1533203,-0.16815185,1.4941406
94955,-2.0715332,-0.22384644,1.361084
94956,-2.0599365,-0.40756226,1.2188721
94957,-1.9754028,-0.36071777,1.5063477
94958,-1.9451904,-0.36560059,1.2805176
94959,-1.9317627,-0.33248901,1.3056946
94960,-2.0672607,-0.53466797,1.1199951
94961,-2.0292664,-0.53833008,1.6958618
94962,-1.9160461,-0.64086914,1.0237122
94963,-2.0046997,-0.69732666,1.5515137
94964,-1.940155,-0.83343506,1.5383911
94965,-1.9523621,-0.89660644,1.5826416
94966,-1.7657471,-0.91552734,1.5148926
94967,-1.7700195,-0.99227905,1.3948059
94968,-1.736908,-0.86853027,1.6679382
94969,-1.7469788,-1.1257935,1.3641357
94970,-1.6036987,-1.0827637,1.0246277
94971,-1.5460205,-1.2963867,1.2364197
94972,-1.5679932,-1.2979126,1.5592957
94973,-1.7410278,-1.4936829,1.2756348
94974,-1.459198,-1.5789795,1.4343262
94975,-1.5036011,-1.4628601,1.51474
94976,-1.3793945,-1.335144,2.0306396
94977,-1.338501,-1.7405701,2.1243286
94978,-1.3439941,-2.1620178,1.8598938
94979,-1.1878967,-1.5463257,1.8156433
94980,-1.1831665,-1.572876,1.9754028
94981,-1.1317444,-1.7079163,2.0683289
94982,-1.166687,-1.7681885,2.1412659
94983,-1.0852051,-1.7987061,1.9108582
94984,-1.0293579,-1.9114685,1.938324
94985,-1.1068726,-1.9564819,1.9245911
94986,-0.92071533,-2.0516968,1.9090271
94987,-0.94650269,-1.8347168,1.8937683
94988,-0.86151123,-1.7883301,1.8913269
94989,-0.63995361,-2.0646667,1.8478394
94990,-0.62637329,-2.0822144,1.9598389
94991,-0.62072754,-2.1511841,2.1974182
94992,-0.50338745,-2.2276306,1.7358398
94993,-0.4045105,-2.0690918,1.776123
94994,-0.28167725,-2.0664978,1.8054199
94995,-0.46203613,-2.2143555,1.817627
94996,-0.3288269,-2.1490479,1.8077087
94997,-0.25192261,-2.2967529,1.5075684
94998,-0.32363892,-2.300415,1.7686462
94999,-0.088653564,-2.2470093,1.6064453
95000,-0.15136719,-2.2120667,1.6036987
95001,0.034484863,-2.2589111,1.4108276
95002,0.12359619,-2.2509766,1.4558411
95003,-0.066223145,-2.3429871,1.1218262
95004,0.10375977,-2.3963928,1.3427734
95005,0.093383789,-2.3431396,1.335144
95006,0.20446777,-2.5505066,1.1010742
95007,0.24047852,-2.4156189,1.149292
95008,0.31478882,-2.3748779,1.1564636
95009,0.34439087,-2.3165894,1.0795593
95010,0.44555664,-2.270813,0.91674805
95011,0.56335449,-2.2329712,1.0853577
95012,0.43014526,-2.2912598,1.0952759
95013,0.48492432,-2.375946,1.1264038
95014,0.61126709,-2.4359131,0.95794678
95015,0.70556641,-2.4156189,1.1352539
95016,0.57296753,-2.3501587,0.97579956
95017,0.63873291,-2.3210144,0.8114624
95018,0.79925537,-2.2561646,0.57785034
95019,0.67474365,-2.2494507,0.54168701
95020,0.73791504,-2.1981812,0.32119751
95021,0.87585449,-2.1801758,0.33920288
95022,0.95687866,-2.3568726,0.39306641
95023,0.98388672,-2.3361206,0.24276733
95024,0.92010498,-2.3077393,0.46463013
95025,1.1245728,-2.1769714,0.003356934
95026,0.99075317,-2.0285034,0.15625
95027,1.105957,-2.0449829,-0.24993897
95028,1.2252808,-2.1018982,-0.2961731
95029,1.1561584,-1.975708,0.23452759
95030,1.2458801,-2.0196533,-0.10543823
95031,1.18927,-1.9219971,0.058288574
95032,1.065979,-2.0051575,0.068664551
95033,1.2045288,-1.9755554,0.013275146
95034,1.2390137,-1.9351196,-0.17044067
95035,1.3201904,-1.9319153,-0.28503418
95036,1.3319397,-1.9555664,-0.14785767
95037,1.2202454,-1.9244385,-0.15701294
95038,1.2675476,-1.7669678,-0.51040649
95039,1.1947632,-1.6928101,-0.51239014
95040,1.2913513,-1.5434265,-0.82138062
95041,1.3171387,-1.6299438,-0.79803467
95042,1.3858032,-1.5675354,-0.5380249
95043,1.2176514,-1.5625,-0.94406128
95044,1.2713623,-1.5817261,-0.77072144
95045,1.2477112,-1.4918518,-1.0470581
95046,1.3320923,-1.4445496,-1.0792541
95047,1.366272,-1.2945557,-0.95977783
95048,1.3310242,-1.206665,-0.67199707
95049,1.199646,-1.1877441,-0.81558228
95050,1.2527466,-1.1383057,-0.7119751
95051,1.3037109,-1.1604309,-0.95794678
95052,1.3601685,-0.93933106,-0.95169067
95053,1.3035584,-1.0420227,-1.1080933
95054,1.2426758,-0.79818726,-1.0282898
95055,1.1581421,-0.90057373,-0.91445923
95056,1.1627197,-0.82321167,-0.95413208
95057,1.1703491,-0.65414429,-1.0655212
95058,1.1001587,-0.51727295,-1.1524963
95059,1.1260986,-0.58609009,-1.1872864
95060,1.0896301,-0.55282593,-1.2501526
95061,1.1628723,-0.41381836,-1.2582397
95062,0.94818115,-0.2885437,-1.2884521
95063,1.0151672,-0.3213501,-1.2963867
95064,1.0029602,-0.27984619,-1.2979126
95065,0.96496582,-0.18051148,-1.2770081
95066,0.88592529,-0.061645508,-1.1712646
95067,0.92041016,-0.0390625,-1.2249756
95068,0.74432373,-0.037384033,-1.3626099
95069,0.79177856,-0.15884399,-1.3723755
95070,0.79467773,0.008850098,-1.3156128
95071,0.53543091,-0.046081543,-1.5475464
95072,0.71685791,0.21255493,-1.632843
95073,0.44494629,0.22399902,-1.5789795
95074,0.55984497,0.31600952,-1.787262
95075,0.40008545,0.287323,-1.6134644
95076,0.51559448,0.27984619,-1.5594482
95077,0.39199829,0.52658081,-1.5011597
95078,0.35720825,0.47241211,-1.7198181
95079,0.3742981,0.55847168,-1.6799927
95080,0.41275024,0.61294556,-1.6390991
95081,0.32196045,0.60852051,-1.6105652
95082,0.17456055,0.71624756,-1.6679382
95083,0.31997681,0.81008911,-1.5818787
95084,0.11489868,0.82885742,-1.8180847
95085,-0.019836426,0.88317871,-1.6560364
95086,0.10101318,1.0215759,-1.4797974
95087,-0.17700195,0.97305298,-1.2843323
95088,-0.043792725,0.93017578,-1.2390137
95089,-0.15655518,0.95657349,-1.2528992
95090,-0.2267456,0.98937988,-1.0968018
95091,-0.29144287,1.0861206,-1.2356567
95092,-0.38970947,1.0620117,-1.3731384
95093,-0.50521851,1.1083984,-1.2368774
95094,-0.67001343,1.0766602,-1.1579895
95095,-0.5960083,1.0858154,-1.2565613
95096,-0.62805176,1.3131714,-1.0798645
95097,-0.67993164,1.3752747,-1.2390137
95098,-0.71395874,1.3110352,-1.0542297
95099,-0.64727783,1.2901306,-0.93444824
95100,-0.82122803,1.0641479,-0.82122803
95101,-0.72158813,1.2446594,-0.8833313
95102,-0.88241577,1.2252808,-0.86593628
95103,-0.84777832,1.3119507,-0.7623291
95104,-0.86456299,1.3699341,-0.76705933
95105,-1.0714722,1.452179,-0.59020996
95106,-1.0621643,1.2588501,-0.76934815
95107,-1.2284851,1.44104,-0.81542969
95108,-1.0992432,1.3581848,-0.38085938
95109,-1.2039185,1.4163208,-0.55267334
95110,-1.4138794,1.4077759,-0.55969238
95111,-1.4814758,1.2466431,-0.98175049
95112,-1.4161682,1.5222168,-0.79666138
95113,-1.5110779,1.3156128,-0.78384399
95114,-1.6235352,1.4369202,-0.58258057
95115,-1.4825439,1.5319824,-0.19058228
95116,-1.4697266,1.4782715,-0.069274902
95117,-1.6940308,1.4279175,-0.29647827
95118,-1.6345215,1.3500977,-0.20446777
95119,-1.7022705,1.3587952,-0.085601807
95120,-1.8188477,1.2362671,0.012359619
95121,-1.8634033,1.1779785,0.069732666
95122,-1.8742371,1.3528442,0.16036987
95123,-1.9700623,1.0604858,0.32653809
95124,-1.8391418,1.0324097,0.21316528
95125,-1.9345093,1.0687256,0.28579712
95126,-2.0314026,1.2646484,0.23788452
95127,-1.9636536,1.0928345,0.39916992
95128,-2.0568848,1.1907959,0.49560547
95129,-2.0553589,1.1528015,0.55770874
95130,-2.0019531,0.9828186,0.59082031
95131,-2.109375,0.9362793,0.69473267
95132,-2.0709229,0.97549438,0.76843262
95133,-2.0776367,0.9689331,0.7963562
95134,-2.0718384,0.87280273,1.0287476
95135,-2.1090698,0.85830688,0.78857422
95136,-2.0455933,0.93841553,0.83343506
95137,-2.1342468,0.80230713,0.9841919
95138,-2.2755432,0.69381714,1.1122131
95139,-2.2663879,0.7925415,1.0377502
95140,-2.2515869,0.58258057,0.78384399
95141,-2.2454834,0.5619812,1.2236023
95142,-2.2895813,0.58258057,0.70678711
95143,-2.3153687,0.43792725,1.1645508
95144,-2.3101807,0.52429199,1.1784363
95145,-2.3268127,0.39138794,1.0493469
95146,-2.3718262,0.25527954,1.1627197
95147,-2.1566772,0.2583313,0.89797974
95148,-2.2332764,0.13549805,0.82595825
95149,-2.0178223,0.11474609,1.2472534
95150,-2.1774292,0.047607422,1.2773132
95151,-2.0462036,0.036315918,1.6491699
95152,-2.157135,-0.23330688,1.7137146
95153,-2.2021484,0.015716553,1.4801025
95154,-2.2079468,-0.16540527,1.6654968
95155,-2.2415161,-0.16265869,1.6377258
95156,-2.0639038,-0.29541016,1.7678833
95157,-2.0492554,-0.3213501,1.8212891
95158,-2.1017456,-0.52108765,1.7681885
95159,-2.1099854,-0.43838501,1.9013977
95160,-1.8925476,-0.49041748,1.9082642
95161,-1.9743347,-0.55252075,1.8447876
95162,-1.9622803,-0.62896728,1.7054749
95163,-1.7332459,-0.72433472,1.9526672
95164,-1.8544006,-0.8454895,2.0089722
95165,-2.0056152,-0.72784424,1.8478394
95166,-1.7134094,-0.95718384,1.9496155
95167,-1.701355,-0.90515137,1.7073059
95168,-1.7863464,-1.0803223,2.3886108
95169,-1.6308594,-1.2117004,2.0144653
95170,-1.6984558,-1.3697815,1.7036438
95171,-1.622467,-1.2065125,2.0463562
95172,-1.5193176,-1.2695313,1.7658997
95173,-1.4694214,-1.4854431,1.7712402
95174,-1.466217,-1.0452271,1.8719482
95175,-1.2904358,-1.5690613,1.4653015
95176,-1.4549255,-2.0018005,1.3781738
95177,-1.4907837,-1.5983582,1.4173889
95178,-1.4820862,-1.5328979,1.1160278
95179,-1.4120483,-1.3444519,1.6966248
95180,-1.1183166,-1.5158081,1.9415283
95181,-1.2194824,-1.7102051,1.9267273
95182,-1.2324524,-1.6467285,2.0133972
95183,-1.0609436,-1.7033386,1.9221497
95184,-1.0313416,-1.8211365,1.9494629
95185,-0.92727661,-1.8782043,1.99646
95186,-0.80474853,-1.9709778,1.9306946
95187,-0.77896118,-2.04422,1.8492126
95188,-0.70480347,-2.0025635,1.9047546
95189,-0.63751221,-2.0457458,1.8652344
95190,-0.59036255,-2.1107483,1.7280579
95191,-0.6628418,-2.0785522,1.8261719
95192,-0.4699707,-2.1705627,1.7179871
95193,-0.39276123,-2.0669556,1.8621826
95194,-0.29937744,-2.1035767,1.8359375
95195,-0.259552,-2.1543884,1.81427
95196,-0.35736084,-2.2323608,1.7530823
95197,-0.2885437,-2.1243286,1.6537476
95198,-0.27328491,-2.2224426,1.6281128
95199,-0.16555786,-2.15271,1.5074158
95200,-0.15457153,-2.1191406,1.5437317
95201,0.000152588,-2.3234558,1.4717102
95202,0.034484863,-2.3094177,1.4729309
95203,0.16662598,-2.472229,1.3212585
95204,0.15762329,-2.4156189,1.2731934
95205,0.27023315,-2.2216797,1.3262939
95206,0.16448975,-2.1347046,1.2329102
95207,0.26504517,-2.3860168,1.206665
95208,0.20462036,-2.2187805,1.0948181
95209,0.32623291,-2.0759583,1.0821533
95210,0.4019165,-2.0761108,0.87890625
95211,0.51513672,-1.9677734,0.88134766
95212,0.54626465,-2.0484924,0.64086914
95213,0.4598999,-2.1847534,0.69351196
95214,0.46890259,-2.2052002,0.96389771
95215,0.62286377,-2.1186829,0.84533691
95216,0.70892334,-2.1318054,0.76019287
95217,0.80123901,-2.2660828,0.72433472
95218,0.72372437,-2.364502,0.72097778
95219,0.7699585,-2.3735046,0.55023193
95220,0.91812134,-2.2538757,0.56060791
95221,0.8430481,-2.1229553,0.38650513
95222,0.88912964,-2.013092,0.40664673
95223,0.82061768,-2.0852661,0.39672852
95224,0.98342896,-2.1609497,0.23681641
95225,1.0342407,-2.0462036,0.20278931
95226,0.97106934,-1.9862366,0.15060425
95227,1.0142517,-1.9337463,0.098571777
95228,1.0986328,-2.0278931,-0.050048828
95229,1.0684204,-1.9400024,0.076446533
95230,1.0992432,-1.9503784,-0.29159546
95231,1.0990906,-2.0999146,-0.082702637
95232,1.1413574,-1.9226074,-0.18539429
95233,1.0290527,-1.7651367,-0.036315918
95234,1.0769653,-1.6439819,-0.32958984
95235,1.0627747,-1.6744995,-0.18325806
95236,1.1901855,-1.5449524,-0.26489258
95237,1.1238098,-1.5556335,-0.29968262
95238,1.0623169,-1.4880371,-0.390625
95239,1.1236572,-1.6346741,-0.36056519
95240,1.1225891,-1.6241455,-0.16204834
95241,1.1572266,-1.3893127,-0.59585571
95242,1.1625671,-1.4378357,-0.51925659
95243,1.1830139,-1.4103699,-0.4486084
95244,1.2382507,-1.3232422,-0.72692871
95245,1.1834717,-1.3719177,-1.1323547
95246,1.3223267,-1.1990356,-0.84655762
95247,1.2817383,-1.222229,-0.63796997
95248,1.3150024,-1.1357117,-0.68206787
95249,1.1946106,-1.1251831,-0.74356079
95250,1.1811829,-0.99426269,-0.85830688
95251,1.2475586,-0.89797974,-0.98312378
95252,1.2112427,-0.80200195,-0.84411621
95253,1.1323547,-0.79742432,-0.92300415
95254,1.1486816,-0.61401367,-0.97320557
95255,1.0009766,-0.53756714,-0.93704224
95256,0.94436646,-0.2470398,-0.89355469
95257,0.93597412,-0.26824951,-0.94192505
95258,0.83068848,-0.39321899,-0.91583252
95259,0.89736938,-0.46768189,-1.1663818
95260,0.8114624,-0.38162231,-1.0646057
95261,0.90209961,-0.29495239,-1.242981
95262,0.71456909,-0.33386231,-1.1778259
95263,0.78979492,-0.21057129,-1.2155151
95264,0.83389282,-0.11917114,-1.385498
95265,0.85083008,-0.14434815,-1.2948608
95266,0.62072754,-0.072021484,-1.1865234
95267,0.76599121,-0.12298584,-1.2045288
95268,0.64346313,-0.087890625,-1.2649536
95269,0.66040039,-0.018157959,-1.4933777
95270,0.36804199,-0.056915283,-1.4595032
95271,0.48706055,0.23254395,-1.4546204
95272,0.55084228,0.15777588,-0.90927124
95273,0.42098999,0.30471802,-1.3059998
95274,0.36682129,0.37857056,-1.212616
95275,0.26702881,0.48156738,-1.1883545
95276,0.1348877,0.42633057,-1.2440491
95277,0.26641846,0.42129517,-1.2501526
95278,0.23986816,0.50842285,-1.2397766
95279,-0.030975342,0.44815064,-1.2846375
95280,0.10498047,0.55679321,-1.292572
95281,0.13244629,0.60073853,-1.214447
95282,-0.025787354,0.70327759,-1.2402344
95283,0.002746582,0.78781128,-1.0610962
95284,-0.17578125,0.79330444,-1.2457275
95285,-0.15075684,0.76934815,-1.1779785
95286,-0.078735352,0.88638306,-1.0389709
95287,-0.20385742,0.90270996,-1.0923767
95288,-0.24932861,0.95520019,-1.0980225
95289,-0.47958374,0.84579468,-0.92895508
95290,-0.43273926,0.77163696,-1.1439514
95291,-0.49758911,0.84564209,-1.0661316
95292,-0.63720703,0.98251343,-0.96679688
95293,-0.58441162,1.1547852,-0.93917847
95294,-0.65048218,1.0292053,-0.99227905
95295,-0.51239014,0.9173584,-1.0678101
95296,-0.87707519,1.0369873,-0.76034546
95297,-0.80566406,1.000061,-0.95626831
95298,-0.79391479,1.2251282,-0.95535278
95299,-0.86044312,1.1456299,-0.79040527
95300,-0.96435547,1.1846924,-0.76721191
95301,-0.95291138,1.2597656,-0.60592651
95302,-0.99594116,1.264801,-0.60806274
95303,-1.0708618,1.2416077,-0.46798706
95304,-1.084137,1.2255859,-0.43914795
95305,-1.1793518,1.0586548,-0.66650391
95306,-1.307373,1.1654663,-0.27557373
95307,-1.1920166,1.2321472,-0.45776367
95308,-1.3571167,1.1376953,-0.28869629
95309,-1.3214111,1.0705566,-0.53573608
95310,-1.6055298,0.79711914,-0.48522949
95311,-1.4660645,0.96206665,-0.21759033
95312,-1.5232849,1.1528015,-0.12863159
95313,-1.504364,1.1442566,0.05355835
95314,-1.5248108,1.1407471,0.047302246
95315,-1.6416931,1.0046387,0.034484863
95316,-1.6523743,1.2460327,0.10070801
95317,-1.7991638,1.0539246,0.24749756
95318,-1.721344,1.0978699,0.12237549
95319,-1.7152405,1.0620117,0.20263672
95320,-1.7120361,1.0809326,0.14526367
95321,-1.7131042,1.0420227,0.14602661
95322,-1.8006897,0.97366333,0.23574829
95323,-1.8327332,0.95916748,0.25375366
95324,-1.8591309,0.82244873,0.22384644
95325,-1.9046021,1.0842896,0.40115356
95326,-1.8144226,0.86074829,0.34896851
95327,-1.9265747,0.88745117,0.55633545
95328,-1.9746399,0.85266113,0.64651489
95329,-1.9372559,0.95901489,0.56884766
95330,-1.8930054,0.83496094,0.46066284
95331,-1.8266296,0.85189819,0.71289063
95332,-2.0262146,0.73318481,0.78063965
95333,-1.9862366,0.69747925,0.6388855
95334,-2.1646118,0.55862427,0.76385498
95335,-2.1084595,0.60394287,0.74249268
95336,-2.0944214,0.60424805,0.84106445
95337,-2.0140076,0.53237915,0.71685791
95338,-2.0960999,0.45547485,0.92132568
95339,-1.9958496,0.42724609,1.0665894
95340,-2.0108032,0.26992798,1.0519409
95341,-2.0121765,0.28152466,1.3302612
95342,-1.9602966,0.055389404,1.2872314
95343,-2.0384216,0.19775391,1.2701416
95344,-1.9114685,0.25131226,1.2586975
95345,-1.9297791,-0.043334961,1.282959
95346,-1.8920898,-0.021209717,1.1875916
95347,-2.035675,0.10284424,1.3220215
95348,-1.9828796,-0.10253906,1.0742188
95349,-2.0309448,-0.21057129,1.309967
95350,-1.7858887,-0.16082764,1.4186096
95351,-1.784668,-0.22705078,1.4160156
95352,-1.9877625,-0.41229248,1.4846802
95353,-1.8655396,-0.39505005,1.3871765
95354,-1.7893982,-0.57846069,1.446991
95355,-1.6253662,-0.61035156,1.4649963
95356,-1.8696594,-0.59646606,1.6693115
95357,-1.7211914,-0.63919067,1.786499
95358,-1.6285706,-0.58990478,1.5312195
95359,-1.6928101,-0.67932129,1.7732239
95360,-1.5776062,-0.86090088,1.6897583
95361,-1.6137695,-1.0874939,1.4816284
95362,-1.6950989,-1.0632324,1.4178467
95363,-1.6513062,-1.0354614,1.7076111
95364,-1.6844177,-0.97000122,2.0880127
95365,-1.6055298,-0.88546753,1.7068481
95366,-1.4910889,-1.0580444,1.7979431
95367,-1.4816284,-1.0322571,1.8377686
95368,-1.5353394,-1.2826538,1.8527222
95369,-1.3935852,-1.2539673,1.8969727
95370,-1.3702393,-1.4387512,1.8490601
95371,-1.2924194,-1.4068604,1.8371582
95372,-1.3247681,-1.4535522,1.8145752
95373,-1.2994385,-1.5141296,1.81427
95374,-1.2516785,-1.7752075,2.0657349
95375,-1.1889648,-1.9119263,2.1388245
95376,-1.1082459,-1.6725159,1.7314148
95377,-1.0882568,-1.8128967,1.368103
95378,-0.94055176,-1.7071533,1.7248535
95379,-0.86578369,-1.8037415,1.6642761
95380,-0.88882446,-1.7472839,1.9136047
95381,-0.81344604,-1.5907288,1.8479919
95382,-0.73303223,-1.6740417,1.8595886
95383,-0.62179565,-1.8522644,1.7974854
95384,-0.56884766,-1.9508362,1.7204285
95385,-0.60333252,-2.0385742,1.8531799
95386,-0.42221069,-2.1157837,1.5394592
95387,-0.47790527,-2.1089172,1.6069031
95388,-0.24810791,-2.008667,1.4868164
95389,-0.18951416,-1.9804382,1.5637207
95390,-0.18051148,-1.9975281,1.4718628
95391,-0.18447876,-2.1359253,1.4463806
95392,-0.15411377,-2.1481323,1.3708496
95393,-0.099334717,-2.2952271,1.3253784
95394,-0.042419434,-2.2567749,1.3711548
95395,-0.036010742,-2.2218323,1.3963318
95396,-0.056762695,-2.1762085,1.3977051
95397,0.021514893,-2.1975708,1.2948608
95398,0.13015747,-2.0666504,1.1610413
95399,0.023040771,-2.1908569,1.1935425
95400,0.16677856,-2.3309326,1.1662292
95401,0.20507813,-2.363739,1.227417
95402,0.22781372,-2.4404907,1.1004639
95403,0.32989502,-2.2259521,1.0864258
95404,0.42724609,-2.1669006,0.97747803
95405,0.4032898,-2.2518921,0.85571289
95406,0.49789429,-2.1743774,0.74172974
95407,0.54443359,-2.2799683,0.76690674
95408,0.62438965,-2.0988464,0.59265137
95409,0.65170288,-2.1258545,0.6628418
95410,0.71228027,-2.1029663,0.54870606
95411,0.63919067,-2.0788574,0.68511963
95412,0.68832397,-2.2412109,0.40969849
95413,0.68283081,-2.1591187,0.24581909
95414,0.7711792,-2.0909119,0.47393799
95415,0.90744019,-2.0405579,0.46539307
95416,0.9286499,-2.0820618,0.34362793
95417,0.9185791,-2.0030212,0.33508301
95418,0.8241272,-2.0718384,0.27801514
95419,0.87661743,-2.1313477,0.15457153
95420,0.74951172,-2.1357727,0.11276245
95421,0.93048096,-1.9674683,0.16723633
95422,0.96679688,-1.8400574,0.025939941
95423,1.1506653,-1.7906189,0.090179443
95424,0.990448,-1.688385,0.043029785
95425,1.1068726,-1.7047119,-0.036010742
95426,1.159668,-1.9297791,-0.061035156
95427,1.1752319,-1.7155457,0.08102417
95428,1.2284851,-1.6368103,-0.11444092
95429,1.1358643,-1.6175842,-0.15457153
95430,1.3037109,-1.7204285,-0.14709473
95431,1.2828064,-1.6271973,-0.37918091
95432,1.2879944,-1.6305542,-0.40649414
95433,1.3061523,-1.5776062,-0.44311523
95434,1.2757874,-1.4485168,-0.48782349
95435,1.2461853,-1.3604736,-0.4246521
95436,1.1964416,-1.3319397,-0.38299561
95437,1.1647034,-1.3304138,-0.50354004
95438,1.151123,-1.2785339,-0.65597534
95439,1.1054993,-1.1820984,-0.82077026
95440,1.2109375,-1.1833191,-0.6098938
95441,1.1129761,-1.1610413,-0.58166504
95442,1.1151123,-1.3061523,-0.63873291
95443,1.113739,-1.1291504,-0.84747315
95444,1.0847473,-1.169281,-0.91079712
95445,1.0839844,-0.912323,-0.67276001
95446,1.1917114,-0.87661743,-0.83526611
95447,1.1047363,-0.9576416,-0.85464478
95448,1.0717773,-0.83801269,-0.98693848
95449,0.99899292,-0.72814941,-1.0726929
95450,0.88699341,-0.77880859,-1.0032654
95451,0.88516235,-0.58013916,-1.1883545
95452,0.74081421,-0.52459717,-1.0894775
95453,0.85845947,-0.43670654,-1.159668
95454,0.74279785,-0.35751343,-0.99441528
95455,0.98495483,-0.26245117,-1.1157227
95456,0.82427978,-0.21972656,-1.2483215
95457,0.70510864,-0.15716553,-1.1315918
95458,0.64910889,-0.16342163,-1.1650085
95459,0.70266724,-0.006103516,-1.2533569
95460,0.54382324,0.128479,-1.1724854
95461,0.59082031,-0.020599365,-1.1602783
95462,0.48446655,0.11962891,-1.230011
95463,0.41412353,0.044403076,-1.3240051
95464,0.47821045,0.22247315,-1.3580322
95465,0.46432495,0.24261475,-1.3124084
95466,0.43670654,0.24490356,-1.2498474
95467,0.52444458,0.31082153,-1.3772583
95468,0.42236328,0.39962769,-1.3989258
95469,0.2355957,0.079040527,-1.2556458
95470,0.17944336,0.14968872,-1.4006042
95471,0.23849487,0.49743652,-1.3911438
95472,0.086364746,0.47607422,-1.2802124
95473,0.16799927,0.50598144,-1.1645508
95474,-0.077514648,0.40161133,-1.4425659
95475,-0.21484375,0.41748047,-1.2664795
95476,-0.059661865,0.68756103,-1.3174438
95477,-0.19424438,0.35140991,-1.2384033
95478,-0.16967773,0.77026367,-1.3012695
95479,-0.3767395,0.78048706,-1.3092041
95480,-0.27175903,0.96160889,-1.2330627
95481,-0.31417847,0.95626831,-1.1491394
95482,-0.38955689,1.0293579,-1.0423279
95483,-0.45089722,1.2120056,-0.99975586
95484,-0.49163818,1.2509155,-1.0314941
95485,-0.41351318,1.1917114,-0.90515137
95486,-0.55465698,1.2388611,-0.85098267
95487,-0.71960449,1.1930847,-0.84823608
95488,-0.69473267,1.0762024,-0.79803467
95489,-0.80352783,1.1734009,-0.79528809
95490,-0.81985474,1.2475586,-0.9262085
95491,-0.87356567,1.3652039,-0.83221435
95492,-0.90057373,1.3752747,-0.7611084
95493,-0.94024658,1.3650513,-0.62316894
95494,-0.90927124,1.3269043,-0.6640625
95495,-1.0327148,1.0777283,-0.60958862
95496,-1.0377502,1.2216187,-0.71136475
95497,-1.0704041,1.2373352,-0.58990478
95498,-1.2142944,1.2234497,-0.55404663
95499,-1.3017273,1.1833191,-0.28121948
95500,-1.2557983,1.2246704,-0.42266846
95501,-1.4378357,1.1276245,-0.33126831
95502,-1.4523315,1.0192871,-0.31585693
95503,-1.4646912,1.0884094,-0.56991577
95504,-1.3813782,1.1651611,-0.39108276
95505,-1.4375305,0.25573731,-0.14007568
95506,-1.7356873,0.39581299,-0.61798096
95507,-1.6841125,0.86593628,-0.40283203
95508,-1.7190552,0.9992981,-0.020599365
95509,-1.6847229,1.0342407,0.032806396
95510,-1.7214966,0.990448,-0.11474609
95511,-1.7391968,1.1216736,0.44128418
95512,-1.7944336,1.0704041,0.1675415
95513,-1.643219,1.1515808,0.19424438
95514,-1.8418884,0.97793579,0.43029785
95515,-1.8400574,0.92834473,0.26031494
95516,-1.8377686,0.98190308,0.27374268
95517,-2.0292664,0.88745117,0.39047241
95518,-1.9747925,1.184845,0.44067383
95519,-1.9511414,0.94909668,0.50216675
95520,-2.1484375,1.1157227,0.55755615
95521,-2.1650696,0.84442139,0.57907104
95522,-2.0870972,0.93292236,0.62515259
95523,-1.9448853,0.94909668,0.77438354
95524,-2.0965576,0.85113525,0.88867188
95525,-2.142334,0.89477539,0.89752197
95526,-2.1151733,0.71609497,1.0462952
95527,-2.0820618,0.6262207,1.0668945
95528,-1.9882202,0.67886353,1.0281372
95529,-2.1786499,0.69061279,1.0395813
95530,-2.1772766,0.43991089,0.80444336
95531,-2.260437,0.38604736,1.0253906
95532,-2.0375061,0.40908814,1.1618042
95533,-2.1476746,0.44555664,1.1068726
95534,-2.1838379,0.38009644,1.051178
95535,-2.1305847,0.25268555,1.1743164
95536,-2.052002,0.17700195,1.075592
95537,-2.1728516,0.037689209,1.1846924
95538,-2.1154785,0.028076172,1.1825562
95539,-2.297821,-0.06362915,1.2084961
95540,-2.0794678,-0.058441162,1.2867737
95541,-2.0846558,-0.24185181,1.1383057
95542,-1.9776916,-0.21179199,1.197052
95543,-2.0523071,-0.046691895,1.5640259
95544,-1.9665527,-0.31219482,1.4848328
95545,-1.9274902,-0.55145264,1.5817261
95546,-2.0751953,-0.35140991,1.7062378
95547,-2.0477295,-0.57952881,1.6525269
95548,-2.1310425,-0.50079346,1.5467834
95549,-1.7388916,-0.57174683,1.7510986
95550,-1.9146729,-0.65673828,1.8771362
95551,-1.8934631,-0.82504272,1.8579102
95552,-1.8479919,-0.90438843,2.0185852
95553,-1.7544556,-0.9765625,1.9909668
95554,-1.8243408,-0.96862793,1.8359375
95555,-1.6465759,-1.0876465,1.7436218
95556,-1.6378784,-1.0842896,1.995697
95557,-1.8365479,-1.100769,1.8785095
95558,-1.6918945,-0.9967041,1.965332
95559,-1.4970398,-1.1437988,1.9252014
95560,-1.5751648,-1.2826538,1.9392395
95561,-1.8203735,-1.5159607,2.052002
95562,-1.4941406,-1.4172363,1.9717407
95563,-1.4730835,-1.3287354,1.7475891
95564,-1.408844,-1.3034058,2.0979309
95565,-1.2217712,-1.29776,1.8273926
95566,-1.2774658,-1.5161133,1.8585205
95567,-1.1299133,-1.4924622,1.8202209
95568,-1.2234497,-1.6789246,1.7041016
95569,-1.1784363,-1.95755,1.5411377
95570,-1.2055969,-1.9644165,1.784668
95571,-1.0813904,-1.8942261,1.7218018
95572,-1.0348511,-1.8930054,1.7214966
95573,-0.91262817,-1.7991638,1.7475891
95574,-0.91003418,-1.9535828,1.9741821
95575,-0.77896118,-1.8191528,2.0794678
95576,-0.74813843,-2.0503235,1.7237854
95577,-0.60729981,-2.0716858,1.9563293
95578,-0.64727783,-2.1017456,1.8647766
95579,-0.5670166,-2.0568848,1.9088745
95580,-0.4814148,-1.9937134,1.9180298
95581,-0.50552368,-2.1028137,1.7884827
95582,-0.45059204,-2.0735168,1.8463135
95583,-0.42739868,-2.2036743,1.8357849
95584,-0.30517578,-2.230072,1.8127441
95585,-0.3036499,-2.3258972,1.7753601
95586,-0.21347046,-2.2409058,1.7103577
95587,-0.06652832,-2.1507263,1.6242981
95588,-0.082702637,-2.1855164,1.544342
95589,-0.056152344,-2.300415,1.5313721
95590,-0.00289917,-2.3291016,1.5386963
95591,0.073242188,-2.3568726,1.4794922
95592,0.16189575,-2.3571777,1.4582825
95593,0.19561768,-2.3443604,1.3955688
95594,0.23513794,-2.2654724,1.270752
95595,0.31402588,-2.2169495,1.1837769
95596,0.37521362,-2.2210693,1.1479187
95597,0.45196533,-2.2370911,1.1474609
95598,0.49804688,-2.4035645,1.0522461
95599,0.38742065,-2.323761,1.1509705
95600,0.63323975,-2.2900391,1.1625671
95601,0.60028076,-2.5114441,0.93551636
95602,0.64270019,-2.3399353,0.97702026
95603,0.66436768,-2.4856567,0.75698853
95604,0.70373535,-2.3912048,0.77041626
95605,0.7723999,-2.41745,0.77651978
95606,0.89904785,-2.3970032,0.65002441
95607,0.76675415,-2.2831726,0.70739746
95608,0.76309204,-2.3184204,0.57174683
95609,0.95458984,-2.2055054,0.5758667
95610,0.89752197,-2.184906,0.54901123
95611,0.93795776,-2.1838379,0.31707764
95612,0.73379517,-2.2113037,0.29205322
95613,0.98510742,-2.1278381,0.30853272
95614,1.2020874,-2.162323,0.21865845
95615,1.1807251,-2.1591187,0.21728516
95616,0.90637207,-2.2090149,0.080108643
95617,1.1222839,-2.024231,0.16235352
95618,1.1701965,-2.0561218,-0.033874512
95619,1.2194824,-1.9107056,0.057067871
95620,1.2506104,-1.7404175,-0.11169434
95621,1.1352539,-1.8968201,-0.11550903
95622,1.2408447,-1.8423462,-0.19226074
95623,1.1531067,-1.9207764,-0.33065796
95624,1.3916016,-1.6630554,-0.28289795
95625,1.2564087,-1.6915894,-0.43212891
95626,1.2304688,-1.6493225,-0.36026001
95627,1.184082,-1.6793823,-0.21530151
95628,1.2507629,-1.652832,-0.33203125
95629,1.37146,-1.6398621,-0.36376953
95630,1.4181519,-1.552887,-0.45120239
95631,1.3412476,-1.4707947,-0.51986694
95632,1.3386536,-1.2585449,-0.73532104
95633,1.3563538,-1.2249756,-0.78018188
95634,1.3504028,-1.2666321,-0.78735352
95635,1.3534546,-1.1894226,-0.70297241
95636,1.342926,-1.1228943,-0.82946777
95637,1.3378906,-1.2583923,-0.9236145
95638,1.2297058,-0.90942383,-1.1952209
95639,1.3536072,-0.88592529,-0.97045898
95640,1.3781738,-0.81695557,-0.94726563
95641,1.3349915,-0.85418701,-1.0739136
95642,1.2568665,-0.80947876,-1.1711121
95643,1.2812805,-0.76004028,-1.1177063
95644,1.1784363,-0.6413269,-1.0848999
95645,1.144104,-0.4989624,-1.1523438
95646,1.0688782,-0.51681519,-1.1398315
95647,1.0014343,-0.36499023,-1.1791992
95648,1.0302734,-0.49560547,-1.1618042
95649,0.97503662,-0.42800903,-1.2063599
95650,1.008606,-0.34103394,-1.2132263
95651,0.93948364,-0.22277832,-1.2953186
95652,0.94238281,-0.13183594,-1.3371277
95653,0.94726563,-0.18341065,-1.2916565
95654,0.77529907,-0.20645142,-1.3671875
95655,0.82962036,-0.08026123,-1.3572693
95656,0.64666748,-0.67993164,-1.5888977
95657,0.85769653,-0.4486084,-1.5026855
95658,0.59661865,-0.015258789,-1.3079834
95659,0.62255859,0.22079468,-1.3543701
95660,0.56564331,0.20507813,-1.3496399
95661,0.52856445,0.24856567,-1.5098572
95662,0.66482544,0.42480469,-1.5200806
95663,0.49087524,0.3817749,-1.4413452
95664,0.3894043,0.55236816,-1.4642334
95665,0.45837402,0.67886353,-1.5563965
95666,0.2420044,0.80856323,-1.3786316
95667,0.3276062,0.72631836,-1.476593
95668,0.12542725,0.75271606,-1.421814
95669,0.11672974,0.85327148,-1.3430786
95670,-0.11016846,0.77133179,-1.2635803
95671,0.064086914,0.80276489,-1.4013672
95672,-0.10116577,0.88882446,-1.5367126
95673,-0.11367798,0.80322266,-1.3037109
95674,-0.21179199,0.83740234,-1.2712097
95675,-0.23178101,0.93826294,-1.3665771
95676,-0.28686523,1.0025024,-1.3484192
95677,-0.37292481,1.084137,-1.3008118
95678,-0.49316406,1.0783386,-1.3549805
95679,-0.31768799,1.1364746,-1.1006165
95680,-0.3855896,1.2483215,-1.1741638
95681,-0.57647705,1.4068604,-1.0772705
95682,-0.6086731,1.3789368,-0.99716187
95683,-0.40420532,1.3337708,-0.89248657
95684,-0.66452026,1.2155151,-0.92529297
95685,-0.82336426,1.0842896,-0.88851929
95686,-0.81756592,1.0845947,-0.66497803
95687,-0.89874268,1.1160278,-0.77194214
95688,-0.93765259,1.234436,-0.85586548
95689,-1.0888672,1.2536621,-0.82214356
95690,-1.0075378,1.2426758,-0.73348999
95691,-1.1610413,1.3648987,-0.70632935
95692,-1.2527466,1.2649536,-0.79269409
95693,-1.2030029,1.293335,-0.54702759
95694,-1.3087463,1.3000488,-0.6137085
95695,-1.3972473,1.5921021,-0.71105957
95696,-1.4477539,1.5002441,-0.58807373
95697,-1.4518738,1.4826965,-0.4574585
95698,-1.5290833,1.3369751,-0.45318603
95699,-1.5855408,1.2882996,-0.1876831
95700,-1.5487671,1.2245178,-0.26290894
95701,-1.5858459,1.3056946,-0.067749023
95702,-1.64505,0.46066284,-0.34561157
95703,-1.9277954,1.1019897,-0.38208008
95704,-1.8077087,0.96328735,-0.30639648
95705,-1.8167114,1.2004089,0.0
95706,-1.9200134,1.3647461,0.15609741
95707,-1.7718506,1.3398743,0.20950317
95708,-1.8893433,1.3378906,0.098876953
95709,-1.95755,1.1279297,0.24810791
95710,-1.8887329,1.1843872,0.18692017
95711,-2.0281982,1.0127258,0.43838501
95712,-1.9355774,1.0768127,0.44952393
95713,-1.9810486,1.0829163,0.38085938
95714,-2.003479,0.98144531,0.42190552
95715,-2.0837402,1.1528015,0.50430298
95716,-2.1377563,0.95001221,0.42953491
95717,-2.0960999,1.0560608,0.56686401
95718,-2.0957947,0.79208374,0.56518555
95719,-2.1548462,0.76797485,0.58227539
95720,-2.0906067,0.84228516,0.85128784
95721,-2.1929932,0.88088989,0.75515747
95722,-2.1627808,0.84655762,0.74401856
95723,-2.2410583,0.74279785,0.84671021
95724,-2.258606,0.72723389,1.0787964
95725,-2.2439575,0.7194519,1.1352539
95726,-2.1188354,0.64666748,1.1573791
95727,-2.124939,0.66131592,1.0704041
95728,-2.155304,0.48187256,1.1749268
95729,-2.1801758,0.34317017,1.1257935
95730,-2.0536804,0.32928467,1.1209106
95731,-2.1694946,0.089111328,1.2915039
95732,-2.2732544,0.27481079,1.3194275
95733,-2.2294617,0.25741577,1.5148926
95734,-2.2090149,0.093841553,1.2187195
95735,-2.1401978,0.015716553,1.3598633
95736,-2.0654297,-0.023803711,1.3952637
95737,-2.2257996,-0.088348389,1.3572693
95738,-2.0939636,-0.15289307,1.4700317
95739,-1.9926453,-0.1121521,1.5386963
95740,-2.1884155,-0.44876099,1.676178
95741,-2.1760559,-0.33493042,1.7221069
95742,-1.9593811,-0.42388916,1.5362549
95743,-2.023468,-0.44448853,1.6693115
95744,-1.9734192,-0.49468994,1.806488
95745,-1.9595337,-0.50384522,1.8283081
95746,-1.8829346,-0.67016602,1.9145203
95747,-1.9277954,-0.71884155,1.8685913
95748,-1.8733215,-0.73028565,2.0343018
95749,-2.0281982,-0.95184326,1.8370056
95750,-1.8894959,-1.0960388,1.7153931
95751,-1.6886902,-1.0670471,1.8112183
95752,-1.7523193,-1.0923767,1.7918396
95753,-1.9372559,-1.1637878,1.9287109
95754,-1.6285706,-1.1627197,1.8196106
95755,-1.6038513,-1.078186,1.9764709
95756,-1.6786194,-1.3114929,2.0401001
95757,-1.4389038,-1.4079285,1.8598938
95758,-1.4831543,-1.4746094,1.9308472
95759,-1.509552,-1.4785767,1.8354797
95760,-1.3220215,-1.4027405,1.8096924
95761,-1.421051,-1.4938354,1.8121338
95762,-1.1581421,-1.3619995,1.9256592
95763,-1.2748718,-1.5933228,1.8434143
95764,-1.2788391,-1.6694641,2.0811462
95765,-1.0604858,-1.6734314,1.9108582
95766,-1.0406494,-1.6061401,1.8717957
95767,-1.0087585,-1.9340515,2.003479
95768,-0.94787598,-1.9895935,2.1118164
95769,-0.98800659,-1.9735718,2.0899963
95770,-0.76904297,-2.1295166,1.8521118
95771,-0.74523926,-1.8218994,1.8884277
95772,-0.7723999,-1.9212341,2.0367432
95773,-0.67184448,-1.925354,1.7823791
95774,-0.58242798,-1.9876099,1.7156982
95775,-0.65750122,-2.0283508,1.8154907
95776,-0.49316406,-2.233429,1.875
95777,-0.43014526,-2.1302795,1.7285156
95778,-0.42816162,-2.1653748,1.7555237
95779,-0.52459717,-2.2012329,1.8069458
95780,-0.31707764,-2.2714233,1.6963196
95781,-0.26947022,-2.1864319,1.7459106
95782,-0.18112183,-2.2744751,1.7095947
95783,-0.032196045,-2.1902466,1.6717529
95784,-0.13153076,-2.2618103,1.6665649
95785,-0.088348389,-2.283783,1.6133118
95786,0.019836426,-2.3117065,1.4035034
95787,0.075531006,-2.3416138,1.3581848
95788,0.16983032,-2.2949219,1.4538574
95789,0.28717041,-2.3403931,1.3328552
95790,0.23696899,-2.4468994,1.2039185
95791,0.16845703,-2.313385,1.1689758
95792,0.13641357,-2.2294617,1.1956787
95793,0.39337158,-2.2340393,1.1108398
95794,0.42907715,-2.4510193,1.0765076
95795,0.44555664,-2.401886,0.92041016
95796,0.52505493,-2.4272156,1.000061
95797,0.56747437,-2.3554993,0.87844849
95798,0.59066772,-2.4240112,1.0220337
95799,0.56762695,-2.358551,0.80886841
95800,0.60791016,-2.5410461,0.91979981
95801,0.6954956,-2.477417,0.66009522
95802,0.70480347,-2.4957275,0.57250977
95803,0.85891724,-2.4649048,0.55435181
95804,0.98968506,-2.3413086,0.58914185
95805,0.97061157,-2.3576355,0.4234314
95806,1.0375977,-2.1459961,0.35293579
95807,1.1532593,-2.0547485,0.53115845
95808,1.0189819,-2.1313477,0.26473999
95809,1.1222839,-2.2216797,0.18188477
95810,1.2443542,-2.2189331,0.14892578
95811,1.1968994,-2.1038818,0.036010742
95812,1.2399292,-2.1000671,-0.00793457
95813,1.2315369,-2.0381165,-0.065612793
95814,1.2205505,-1.8527222,-0.15579224
95815,1.3548279,-1.9874573,-0.16525269
95816,1.3296509,-1.987915,-0.16372681
95817,1.3319397,-1.8939209,-0.26794434
95818,1.3478088,-1.8878174,-0.259552
95819,1.3212585,-1.6789246,-0.29022217
95820,1.3174438,-1.6046143,-0.31066894
95821,1.3674927,-1.6416931,-0.39581299
95822,1.3903809,-1.6882324,-0.3994751
95823,1.418457,-1.6081238,-0.52474976
95824,1.37146,-1.5666199,-0.6640625
95825,1.3999939,-1.5705872,-0.66650391
95826,1.4228821,-1.5103149,-0.65734863
95827,1.4555359,-1.3497925,-0.73684692
95828,1.3560486,-1.3346863,-0.67504883
95829,1.2060547,-1.3316345,-0.79696655
95830,1.3627625,-1.2287903,-0.72799683
95831,1.2464905,-1.1795044,-0.93383789
95832,1.1505127,-1.2190247,-0.84655762
95833,1.2701416,-1.3299561,-0.9298706
95834,1.2539673,-0.93307495,-0.78536987
95835,1.3731384,-0.87966919,-0.91171265
95836,1.2567139,-0.78338623,-0.90698242
95837,1.2562561,-0.73791504,-1.1686707
95838,1.2176514,-0.48080444,-1.1952209
95839,1.2399292,-0.55236816,-1.1366272
95840,1.1746216,-0.47698975,-1.1053467
95841,1.1097717,-0.43640137,-1.2133789
95842,1.0920715,-0.36865234,-1.1361694
95843,1.0429382,-0.43701172,-1.1500549
95844,1.0289001,-0.38574219,-1.2310791
95845,1.0661316,-0.32348633,-1.3305664
95846,1.0620117,-0.2684021,-1.2878418
95847,1.0499573,-0.17089844,-1.2638855
95848,1.0122681,-0.12420654,-1.4724731
95849,0.95947266,-0.1789856,-1.4575195
95850,0.73532104,-0.053710938,-1.416626
95851,0.80047607,-0.90652466,-1.5791321
95852,0.70037842,-0.96984863,-1.5109253
95853,0.76278687,-0.010223389,-1.4833069
95854,0.66955566,0.11871338,-1.5452576
95855,0.7585144,0.30059814,-1.463623
95856,0.6173706,0.25695801,-1.398468
95857,0.52017212,0.30044556,-1.5768433
95858,0.48614502,0.45852661,-1.5214539
95859,0.67230225,0.49316406,-1.5252686
95860,0.53436279,0.45211792,-1.5626526
95861,0.50720215,0.52978516,-1.4526367
95862,0.2381897,0.52444458,-1.5637207
95863,0.26748657,0.53527832,-1.4904785
95864,0.098114014,0.54870606,-1.2771606
95865,0.1486206,0.65795898,-1.4710999
95866,0.0440979,0.80108643,-1.5080261
95867,-0.071868896,0.76797485,-1.5391541
95868,0.020904541,0.79116821,-1.3893127
95869,-0.072174072,0.74645996,-1.3218689
95870,-0.13977051,0.83755493,-1.3214111
95871,-0.21362305,1.0473633,-1.2664795
95872,-0.21270752,0.96069336,-1.2078857
95873,-0.30639648,0.97335815,-1.2495422
95874,-0.41137695,1.1317444,-1.4328003
95875,-0.53894043,0.95291138,-1.3282776
95876,-0.48553467,0.95458984,-1.121521
95877,-0.58197022,1.3021851,-1.2329102
95878,-0.57189941,1.2136841,-1.1051941
95879,-0.73471069,1.3592529,-1.0217285
95880,-0.57037353,1.3896179,-1.0044861
95881,-0.78720093,1.342926,-1.0076904
95882,-0.87875366,1.2930298,-0.93048096
95883,-0.82962036,1.4581299,-0.78552246
95884,-0.99807739,1.3671875,-0.78277588
95885,-1.1514282,1.3861084,-0.92803955
95886,-1.1282349,1.5808105,-0.73074341
95887,-1.1581421,1.6520691,-0.70144653
95888,-1.3195801,1.4888,-0.80307007
95889,-1.157074,1.4649963,-0.63766479
95890,-1.2780762,1.4811707,-0.56472778
95891,-1.3619995,1.4167786,-0.58868408
95892,-1.3015747,1.464386,-0.54458618
95893,-1.3519287,1.6398621,-0.50384522
95894,-1.3676453,1.6519165,-0.42312622
95895,-1.4073181,1.5715027,-0.35934448
95896,-1.572876,1.4248657,-0.29251099
95897,-1.6687012,1.395874,-0.26611328
95898,-1.7021179,1.2380981,-0.46615601
95899,-1.9566345,1.3142395,-0.15350342
95900,-1.8713379,1.4552307,-0.016174316
95901,-1.937561,1.3165283,-0.15625
95902,-1.8109131,1.3554382,0.095825195
95903,-1.8458557,1.209259,0.075836182
95904,-1.7764282,1.3142395,0.07522583
95905,-1.8180847,1.2428284,0.23696899
95906,-1.9613647,1.2185669,0.20263672
95907,-1.9837952,1.1694336,0.06652832
95908,-2.1417236,1.3446045,0.48828125
95909,-2.2317505,1.1083984,0.36514282
95910,-2.1105957,1.2110901,0.4359436
95911,-2.1087646,1.1036682,0.43609619
95912,-2.1157837,1.0305786,0.57601929
95913,-2.3721313,0.93948364,0.63491821
95914,-2.2853088,1.0949707,0.55526733
95915,-2.2831726,0.95474243,0.79437256
95916,-2.3191833,1.0253906,0.84243774
95917,-2.3524475,0.95504761,0.82778931
95918,-2.4386597,0.82763672,0.78689575
95919,-2.3861694,0.85388184,0.98602295
95920,-2.2996521,0.82366943,1.1901855
95921,-2.225647,0.63140869,1.1073303
95922,-2.2831726,0.69839478,1.2414551
95923,-2.2621155,0.73760986,1.2934875
95924,-2.2460938,0.6628418,1.3108826
95925,-2.1881104,0.63018799,1.4109802
95926,-2.3310852,0.48431397,1.2643433
95927,-2.2172546,0.42541504,1.2477112
95928,-2.1980286,0.46600342,1.4154053
95929,-2.30896,0.42907715,1.4035034
95930,-2.1525574,0.38208008,1.5879822
95931,-2.2297668,0.17364502,1.6088867
95932,-2.2758484,0.12435913,1.5306091
95933,-2.28302,-0.032653809,1.5280151
95934,-2.1192932,-0.013885498,1.552887
95935,-2.1569824,-0.15060425,1.6981506
95936,-2.121582,-0.06072998,1.8203735
95937,-2.0922852,-0.23300171,1.5919495
95938,-2.06604,-0.30181885,1.8109131
95939,-2.1980286,-0.45623779,1.7707825
95940,-2.0820618,-0.57373047,1.8432617
95941,-2.1530151,-0.72128296,1.99646
95942,-1.9560242,-0.60516357,1.6036987
95943,-2.1263123,-0.56793213,1.8525696
95944,-2.0068359,-0.51712036,1.9293213
95945,-1.9586182,-0.82046509,1.9444275
95946,-1.9831848,-0.91796875,2.1386719
95947,-1.9552612,-1.0394287,1.9607544
95948,-1.9496155,-1.0221863,2.2817993
95949,-1.8353271,-1.2466431,1.991272
95950,-1.781311,-1.0177612,2.0039368
95951,-1.6526794,-1.0197449,2.1714783
95952,-1.618042,-1.0316467,2.1609497
95953,-1.7778015,-1.1947632,2.1401978
95954,-1.6313171,-1.3973999,2.1342468
95955,-1.5840149,-1.3583374,2.130127
95956,-1.4408875,-1.3179016,1.9709778
95957,-1.592865,-1.4160156,2.0158386
95958,-1.4985657,-1.6726685,2.1478271
95959,-1.3162231,-1.4125061,2.2358704
95960,-1.4115906,-1.5486145,2.205658
95961,-1.3487244,-1.5440369,1.9761658
95962,-1.2823486,-1.645813,1.9598389
95963,-1.2783813,-1.5319824,2.1546936
95964,-1.1044312,-1.7306519,1.9229126
95965,-1.0516357,-1.8334961,2.0314026
95966,-0.97991943,-1.9616699,2.0541382
95967,-0.87768555,-1.8930054,2.0471191
95968,-0.82611084,-2.0585632,2.177124
95969,-0.76873779,-2.0776367,1.9351196
95970,-0.71212769,-2.0977783,2.0257568
95971,-0.81771851,-2.1148682,2.0016479
95972,-0.65292358,-2.0323181,1.9088745
95973,-0.60501099,-2.0689392,1.8536377
95974,-0.49057007,-2.0994568,2.051239
95975,-0.40878296,-2.1733093,2.0207214
95976,-0.39047241,-2.1743774,1.9100952
95977,-0.340271,-2.4095154,1.842041
95978,-0.33538818,-2.3249817,1.8965149
95979,-0.22323608,-2.0179749,1.9108582
95980,-0.090637207,-1.6635132,1.7692566
95981,-0.048370361,-2.0176697,1.7134094
95982,-0.062408447,-1.8089294,1.6421509
95983,-0.01953125,-1.9927979,1.6094971
95984,0.042877197,-1.9136047,1.6091919
95985,0.11550903,-1.9842529,1.5679932
95986,0.19424438,-2.3242188,1.5063477
95987,0.19195557,-2.6091003,1.3908386
95988,0.21347046,-2.5888062,1.3549805
95989,0.24765015,-2.3971558,1.3252258
95990,0.39871216,-2.4700928,1.2397766
95991,0.33752441,-2.2195435,1.2695313
95992,0.6048584,-2.2943115,1.1805725
95993,0.56213379,-2.4073792,1.0171509
95994,0.59295654,-2.3947144,1.0112
95995,0.64590454,-2.4130249,1.1123657
95996,0.6980896,-2.472229,0.9602356
95997,0.7359314,-2.5328064,0.91751099
95998,0.69656372,-2.5895691,0.86212158
95999,0.70419312,-2.4176025,0.80169678
96000,0.86746216,-2.3583984,0.675354
96001,0.82763672,-2.3962402,0.6338501
96002,1.0275269,-2.3014832,0.66650391
96003,0.94390869,-2.2817993,0.52764893
96004,1.0714722,-2.1975708,0.5078125
96005,0.9463501,-1.5847778,0.5178833
96006,1.0119629,-1.3288879,0.32806397
96007,1.1134338,-1.6143799,0.42434692
96008,1.1901855,-2.0170593,0.41107178
96009,1.178894,-2.1836853,0.19775391
96010,1.1958313,-2.2897339,0.17776489
96011,1.2277222,-2.2044373,0.08026123
96012,1.2202454,-2.2563171,0.066375732
96013,1.2374878,-1.9761658,0.078125
96014,1.3417053,-2.1702576,0.1423645
96015,1.2597656,-2.0635986,-0.04486084
96016,1.2969971,-2.088623,-0.22842407
96017,1.368103,-2.0944214,-0.20462036
96018,1.415863,-1.940918,-0.29510498
96019,1.4138794,-1.5325928,-0.33538818
96020,1.4476013,-1.1325073,-0.33203125
96021,1.3716125,-0.5935669,-0.43701172
96022,1.3923645,-0.55526733,-0.57998657
96023,1.4038086,-1.6694641,-0.58944702
96024,1.4071655,-1.6218567,-0.4725647
96025,1.2895203,-1.6493225,-0.64544678
96026,1.3137817,-1.4825439,-0.59509277
96027,1.2817383,-1.4204407,-0.73654175
96028,1.3812256,-1.3150024,-0.67306519
96029,1.4009094,-1.317749,-0.83847046
96030,1.4068604,-1.3139343,-0.79071045
96031,1.3580322,-1.244812,-0.81604004
96032,1.3468933,-1.1328125,-0.8126831
96033,1.2770081,-1.0882568,-0.91552734
96034,1.2063599,-1.0440063,-0.91873169
96035,1.210022,-0.98648071,-1.0212708
96036,1.0945129,-0.96343994,-1.0961914
96037,1.2103271,-0.85388184,-1.03302
96038,1.1561584,-0.8744812,-1.171875
96039,1.2135315,-0.63812256,-1.0351563
96040,1.1598206,-0.57662964,-1.1274719
96041,1.0983276,-0.46707153,-1.1575317
96042,1.109314,0.48690796,-1.3137817
96043,1.1360168,-0.008544922,-1.0820007
96044,1.1238098,-0.33477783,-1.3226318
96045,1.0809326,-0.40267944,-1.3421631
96046,1.0195923,-0.35995483,-1.3745117
96047,0.93536377,-0.28839111,-1.3824463
96048,0.86685181,-0.26397705,-1.4125061
96049,0.76568603,-0.18112183,-1.4122009
96050,0.85296631,-0.21621704,-1.4587402
96051,0.71777344,-0.40390015,-1.5281677
96052,0.80169678,-0.24871826,-1.5127563
96053,0.72677612,0.40786743,-1.6215515
96054,0.71868897,1.5663147,-1.5612793
96055,0.6439209,2.0991516,-1.5829468
96056,0.67932129,1.0151672,-1.4689636
96057,0.50628662,0.5506897,-1.464386
96058,0.63690185,0.43487549,-1.4837646
96059,0.45013428,0.45898438,-1.4299011
96060,0.40832519,0.4498291,-1.3995361
96061,0.26092529,0.61355591,-1.5286255
96062,0.15991211,0.52017212,-1.3778687
96063,0.10269165,0.55084228,-1.4027405
96064,0.11703491,0.53344727,-1.4233398
96065,-0.02532959,0.86532593,-1.3977051
96066,0.042877197,0.91644287,-1.3589478
96067,-0.082092285,1.3861084,-1.6455078
96068,-0.068511963,2.175293,-1.2716675
96069,-0.032043457,2.0767212,-1.3272095
96070,-0.16937256,1.1968994,-1.2294006
96071,-0.2104187,0.96572876,-1.2374878
96072,-0.31768799,0.89630127,-1.2084961
96073,-0.3137207,0.79849243,-1.2486267
96074,-0.31295776,0.69869995,-1.2182617
96075,-0.43014526,0.57525635,-1.3632202
96076,-0.52856445,0.69900513,-1.1860657
96077,-0.64697266,0.90545654,-1.2593079
96078,-0.75286865,0.96694946,-1.1077881
96079,-0.70663452,1.0369873,-0.98526001
96080,-0.75653076,1.104126,-1.0084534
96081,-0.81497192,0.91064453,-0.93460083
96082,-0.83801269,0.99700928,-0.89538574
96083,-0.94680786,0.9413147,-0.94726563
96084,-0.98709106,1.0635376,-0.83084106
96085,-1.0749817,1.0232544,-0.76370239
96086,-1.1222839,1.1734009,-0.63079834
96087,-1.1482239,1.1105347,-0.7800293
96088,-1.3093567,1.2710571,-0.65170288
96089,-1.2919617,2.386322,-0.66772461
96090,-1.4129639,2.8007507,-0.53878784
96091,-1.3072205,1.9470215,-0.57342529
96092,-1.3728333,1.373291,-0.5368042
96093,-1.4044189,1.3520813,-0.48171997
96094,-1.3352966,1.2442017,-0.52978516
96095,-1.4076233,1.2861633,-0.4574585
96096,-1.4810181,1.2625122,-0.32501221
96097,-1.5585327,1.2414551,-0.28167725
96098,-1.7199707,1.3618469,-0.14389038
96099,-1.6648865,1.1242676,-0.18310547
96100,-1.6659546,1.2014771,0.050354004
96101,-1.7791748,1.3574219,0.03326416
96102,-1.8829346,1.2496948,0.15335083
96103,-1.8470764,1.3960266,0.1725769
96104,-1.7961121,1.2997437,0.12710571
96105,-1.9799805,1.2860107,0.059661865
96106,-1.8914795,1.1787415,0.73852539
96107,-1.9180298,1.1376953,0.25680542
96108,-1.9445801,1.0281372,0.46386719
96109,-1.9929504,0.88668823,0.43640137
96110,-1.9223022,0.81008911,0.52139282
96111,-2.023468,0.87417603,0.46264648
96112,-2.1479797,0.49407959,0.61233521
96113,-1.9694519,0.47058106,0.59204102
96114,-2.1127319,0.4951477,0.63873291
96115,-2.1087646,0.45776367,0.67184448
96116,-2.0298767,0.53283691,0.76126099
96117,-2.0506287,0.53726196,0.82962036
96118,-2.0695496,0.47744751,0.88577271
96119,-2.0817566,0.54031372,0.79620361
96120,-2.2010803,0.48370361,0.9602356
96121,-2.1180725,0.43304443,0.87310791
96122,-2.0414734,0.45196533,1.0217285
96123,-2.1893311,0.39825439,1.2454224
96124,-2.1112061,0.30227661,1.0797119
96125,-2.2216797,0.36560059,1.1308289
96126,-2.0962524,0.35751343,1.0966492
96127,-2.0532227,0.2571106,1.2483215
96128,-2.2064209,0.19577026,1.2083435
96129,-2.2024536,0.1612854,1.3717651
96130,-2.1765137,-0.018005371,1.4035034
96131,-2.2497559,0.045928955,1.4079285
96132,-2.2244263,-0.28656006,1.3334656
96133,-2.0477295,-0.36972046,1.661377
96134,-2.1870422,-0.52200317,1.5202332
96135,-2.1118164,-0.69900513,1.7036438
96136,-2.0846558,-0.82366943,1.5563965
96137,-1.9926453,-0.97122192,1.7077637
96138,-2.0878601,-0.74615478,1.7338562
96139,-2.0330811,-1.0952759,1.7610168
96140,-2.1409607,-1.1734009,1.802063
96141,-1.8139648,-1.187439,1.8147278
96142,-2.0755005,-1.015625,1.9232178
96143,-1.8716431,-1.0049438,1.8057251
96144,-1.8655396,-0.98739624,2.076416
96145,-1.8084717,-1.2245178,1.8421936
96146,-1.7655945,-1.0232544,1.918335
96147,-1.6653442,-1.2010193,1.8922424
96148,-1.6557312,-1.4285278,1.8833923
96149,-1.5635681,-1.0540771,2.0132446
96150,-1.4916992,-1.1427307,2.1089172
96151,-1.5751648,-1.3153076,2.1694946
96152,-1.6003418,-1.3345337,2.1069336
96153,-1.4859009,-1.5888977,1.990509
96154,-1.4277649,-1.7492676,1.8722534
96155,-1.3722229,-1.6682434,1.9032288
96156,-1.4302063,-1.5704346,1.8545532
96157,-1.3623047,-1.6390991,1.8432617
96158,-1.2176514,-1.6323853,2.0327759
96159,-1.1791992,-1.6116333,2.131958
96160,-1.2205505,-1.5745544,1.7012024
96161,-1.0293579,-1.6148376,1.9830322
96162,-1.0778809,-1.6275024,1.849823
96163,-1.0891724,-1.6729736,1.9276428
96164,-1.0797119,-1.98349,2.0333862
96165,-0.9046936,-1.9639587,1.9688416
96166,-0.99105835,-1.9586182,1.8742371
96167,-0.77850342,-1.905365,1.7591858
96168,-0.69793701,-1.9392395,1.6976929
96169,-0.78613281,-1.8826294,1.8891907
96170,-0.58685303,-1.9499207,1.8984985
96171,-0.57983398,-1.9493103,1.3835144
96172,-0.40740967,-1.8731689,1.8025208
96173,-0.52352905,-2.006073,1.9166565
96174,-0.38208008,-2.019043,1.8502808
96175,-0.37002564,-2.0446777,1.8478394
96176,-0.30914307,-2.1078491,1.7745972
96177,-0.27359009,-2.30896,1.7089844
96178,-0.14373779,-2.1920776,1.6571045
96179,-0.15396118,-2.2676086,1.6445923
96180,-0.10650635,-2.257843,1.6555786
96181,-0.016174316,-2.171936,1.4468384
96182,0.034179688,-2.2120667,1.3539124
96183,0.0831604,-2.3602295,1.2316895
96184,0.12252808,-2.3551941,1.2257385
96185,0.14663696,-2.399292,1.2165833
96186,0.17089844,-2.5064087,1.1962891
96187,0.26504517,-2.5746155,1.0644531
96188,0.16723633,-2.5543213,1.1128235
96189,0.37261963,-2.5617981,0.9916687
96190,0.29586792,-2.396698,1.1299133
96191,0.39916992,-2.311554,0.91079712
96192,0.45120239,-1.237793,1.1372375
96193,0.33126831,-1.1968994,0.9211731
96194,0.45440674,-2.0552063,0.91506958
96195,0.33355713,-2.3440552,0.86044312
96196,0.40283203,-2.5721741,0.76400757
96197,0.57266235,-2.6213074,0.85449219
96198,0.76049805,-2.6495361,0.62698364
96199,0.76080322,-2.7833557,0.64544678
96200,0.79681397,-2.6797485,0.72280884
96201,0.86578369,-2.3410034,0.52749634
96202,0.80596924,-2.2618103,0.49804688
96203,0.89111328,-2.2853088,0.45593262
96204,0.94909668,-2.4946594,0.33325195
96205,0.88470459,-2.2010803,0.39596558
96206,0.98815918,-2.7565002,0.4069519
96207,0.84655762,-2.1638489,0.2355957
96208,0.88165283,-2.3989868,0.20172119
96209,1.0821533,-2.462616,0.034790039
96210,1.0121155,-2.0452881,-0.019378662
96211,1.1087036,-1.9949341,-0.11169434
96212,1.1531067,-2.3240662,-0.06439209
96213,1.1531067,-2.10495,-0.26901245
96214,1.1593628,-1.8052673,-0.057220459
96215,1.2133789,-1.9859314,-0.44143677
96216,1.1653137,-2.2720337,-0.2456665
96217,1.2307739,-1.7124939,-0.25054932
96218,1.1203003,-1.8728638,-0.21026611
96219,1.2481689,-2.1511841,-0.31402588
96220,1.2431335,-1.6392517,-0.52978516
96221,1.3523865,-1.6293335,-0.2822876
96222,1.2390137,-1.6609192,-0.50292969
96223,1.1679077,-1.6122437,-0.56686401
96224,1.157074,-1.4482117,-0.54992676
96225,1.0539246,-0.78338623,-0.53970337
96226,0.99700928,-0.54824829,-0.70114136
96227,1.0949707,-1.2054443,-0.74432373
96228,1.126709,-1.1650085,-0.70877075
96229,1.2283325,-1.2054443,-0.78598022
96230,1.109314,-1.1167908,-0.80566406
96231,1.0836792,-0.92758179,-0.78994751
96232,0.97305298,-0.98648071,-0.72601318
96233,1.063385,-0.86517334,-1.0508728
96234,0.98327637,-0.85281372,-1.0327148
96235,0.990448,-0.85006714,-1.0639954
96236,1.0224915,-0.8203125,-1.1335754
96237,0.95458984,-0.87997437,-1.0908508
96238,0.97473144,-0.81634522,-1.1663818
96239,1.063385,-0.70648193,-1.1550903
96240,0.91217041,-0.57296753,-1.0769653
96241,0.89294434,-0.38070679,-1.0578918
96242,0.84869385,-0.49728394,-1.0560608
96243,0.83465576,-0.48400879,-1.0360718
96244,0.73776245,-0.32196045,-1.0437012
96245,0.8291626,-0.28594971,-1.1642456
96246,0.76889038,-0.14266968,-1.1616516
96247,0.83053589,0.071105957,-1.1936951
96248,0.72647095,0.037841797,-1.2722778
96249,0.77224731,-0.039978027,-1.5838623
96250,0.75454712,-0.43563843,-1.5623474
96251,0.47424316,-0.15686035,-1.5463257
96252,0.443573,-0.06149292,-1.4120483
96253,0.51651001,-0.094451904,-1.343689
96254,0.28564453,-0.099334717,-1.2489319
96255,0.2734375,-0.007324219,-1.1967468
96256,0.26855469,0.11245728,-1.4004517
96257,0.17654419,0.26733398,-1.3531494
96258,0.082244873,0.4838562,-1.149292
96259,0.21240234,0.43426514,-1.3578796
96260,0.13183594,0.47485352,-1.2298584
96261,-0.025482178,0.38497925,-1.2757874
96262,0.02532959,0.62774658,-1.2464905
96263,-0.080413818,0.55175781,-1.1862183
96264,-0.066070557,0.52612305,-1.121521
96265,0.004425049,0.54397583,-1.1010742
96266,-0.11825561,0.62805176,-1.086731
96267,-0.30014038,0.68862915,-1.0472107
96268,-0.24337769,0.78308106,-1.0040283
96269,-0.29479981,1.0118103,-1.1303711
96270,-0.2861023,1.0058594,-1.1090088
96271,-0.50216675,1.0144043,-1.1448669
96272,-0.54382324,1.1349487,-1.0339355
96273,-0.75469971,1.0061646,-1.0641479
96274,-0.64697266,1.0543823,-0.93536377
96275,-0.64041138,1.060791,-0.9475708
96276,-0.78338623,1.1437988,-1.1070251
96277,-0.67459106,1.2550354,-0.97518921
96278,-0.74523926,1.3165283,-0.98678589
96279,-0.91217041,1.3201904,-0.78521728
96280,-1.0095215,1.2402344,-0.81237793
96281,-1.0206604,0.9425354,-0.71563721
96282,-1.1968994,1.2442017,-0.70800781
96283,-1.1708069,1.1767578,-0.55053711
96284,-1.18927,1.2915039,-0.45516968
96285,-1.1720276,1.230011,-0.49362183
96286,-1.178894,1.1662292,-0.49423218
96287,-1.2054443,1.1448669,-0.47424316
96288,-1.2211609,0.97473144,-0.39794922
96289,-1.2968445,1.0455322,-0.27587891
96290,-1.4028931,0.97793579,-0.4359436
96291,-1.3571167,0.92803955,-0.16738892
96292,-1.4059448,1.631012,-0.1298523
96293,-1.5104675,0.97900391,-0.087432861
96294,-1.4779663,0.8972168,-0.15014648
96295,-1.595459,1.1004639,-0.19897461
96296,-1.4602661,1.2660217,-0.003662109
96297,-1.5348816,1.21521,-0.073852539
96298,-1.5380859,1.2043762,0.1449585
96299,-1.6668701,1.0406494,0.10513306
96300,-1.7167664,0.91186523,0.27923584
96301,-1.7887878,1.0681152,0.26565552
96302,-1.8389893,0.88760376,0.17456055
96303,-1.7160034,1.0308838,0.29266357
96304,-1.9406128,1.1256409,0.4850769
96305,-1.7912292,1.0772705,0.337677
96306,-1.8812561,1.0618591,0.4788208
96307,-1.9563293,0.98358154,0.65292358
96308,-1.9847107,0.9425354,0.4989624
96309,-2.0173645,0.87814331,0.70251465
96310,-2.0471191,0.82595825,0.74752808
96311,-2.028656,0.83282471,0.65734863
96312,-2.1090698,0.73364258,0.83648682
96313,-2.1055603,0.6803894,0.8682251
96314,-2.0324707,0.68099976,0.87417603
96315,-2.1064758,0.63568115,0.84503174
96316,-2.0574951,0.53771973,0.8984375
96317,-2.1340942,0.57220459,0.77911377
96318,-1.9628906,0.4699707,1.0803223
96319,-2.1206665,0.44433594,1.0427856
96320,-1.9776916,0.43395996,1.2121582
96321,-2.1194458,0.075531006,1.1965942
96322,-2.1017456,0.084686279,1.1332703
96323,-2.0562744,0.037994385,1.1483765
96324,-2.0011902,0.1020813,1.3952637
96325,-1.882019,-0.51071167,1.5002441
96326,-2.0324707,-0.21667481,1.4665222
96327,-1.9699097,-0.49240112,1.4640808
96328,-1.9523621,-0.11947632,1.5063477
96329,-2.0169067,-0.49102783,1.5209961
96330,-1.9297791,-0.74523926,1.5597534
96331,-2.0207214,-0.42510986,1.8092346
96332,-1.8273926,-0.84869385,1.7591858
96333,-1.8562317,-0.68115234,1.8821716
96334,-1.8797302,-0.5456543,1.6596985
96335,-1.8765259,-0.49575806,1.6917419
96336,-1.9104004,-0.60577393,1.6893005
96337,-1.9297791,-0.70953369,1.6168213
96338,-1.8511963,-0.90560913,1.6293335
96339,-1.8017578,-1.0084534,1.5608215
96340,-1.8901062,-1.0675049,1.6259766
96341,-1.894989,-0.53985596,1.822052
96342,-1.8154907,-0.9324646,1.7657471
96343,-1.6847229,-0.78033447,1.70578
96344,-1.5827942,-1.2983704,1.7950439
96345,-1.5248108,-1.2347412,1.8353271
96346,-1.5901184,-1.4387512,1.8229675
96347,-1.5612793,-1.5557861,1.8121338
96348,-1.5203857,-1.2101746,1.8252563
96349,-1.4759827,-1.2576294,1.9610596
96350,-1.3423157,-1.2353516,1.9439697
96351,-1.3943481,-1.2527466,1.8939209
96352,-1.3717651,-1.7152405,1.9126892
96353,-1.1582947,-1.8843079,1.9960022
96354,-1.3349915,-2.0765686,1.9728088
96355,-1.158905,-2.5097656,1.8443298
96356,-1.0015869,-2.4699402,1.9038391
96357,-0.92056274,-1.7559814,2.0129395
96358,-0.96405029,-1.7234802,2.0037842
96359,-0.87615967,-1.5869141,1.8534851
96360,-0.74615478,-1.7048645,1.8405151
96361,-0.70602417,-1.713562,1.6705322
96362,-0.63446045,-1.8188477,1.8280029
96363,-0.71289063,-2.0292664,1.763916
96364,-0.59082031,-1.9293213,1.697998
96365,-0.60729981,-1.9743347,1.5603638
96366,-0.4989624,-1.9396973,1.6464233
96367,-0.49682617,-2.0178223,1.7640686
96368,-0.41061401,-2.1376038,1.6574097
96369,-0.52703857,-2.146759,1.3661194
96370,-0.36499023,-2.1253967,1.5473938
96371,-0.42633057,-2.1562195,1.519165
96372,-0.29708862,-2.1405029,1.5945435
96373,-0.25436401,-1.9862366,1.4456177
96374,-0.23834228,-2.1600342,1.4897156
96375,-0.058898926,-2.2755432,1.3877869
96376,-0.10223389,-2.0675659,1.1920166
96377,0.058746338,-2.1766663,1.5029907
96378,0.088806152,-2.4003601,1.3116455
96379,0.16662598,-2.2657776,1.4028931
96380,0.046539307,-2.3791504,1.3948059
96381,0.19302368,-2.2283936,1.2487793
96382,0.1876831,-2.1435547,1.2115479
96383,0.33020019,-2.1453857,1.240387
96384,0.36575317,-2.1795654,1.1714172
96385,0.32409668,-2.3193359,1.0566711
96386,0.42602539,-2.2270203,1.0272217
96387,0.59677124,-2.421875,0.98144531
96388,0.50170898,-2.3680115,0.81375122
96389,0.5267334,-2.5120544,0.79223633
96390,0.63690185,-2.4638367,0.78384399
96391,0.5708313,-2.311554,0.70800781
96392,0.72937012,-2.3223877,0.56304932
96393,0.79849243,-2.1903992,0.60958862
96394,0.80200195,-2.0742798,0.36056519
96395,0.97549438,-2.1258545,0.43579102
96396,0.81542969,-2.0599365,0.40740967
96397,0.88439941,-2.1916199,0.29052734
96398,1.0072327,-2.1411133,0.35491943
96399,1.022644,-2.0845032,0.15228272
96400,0.94787598,-2.0401001,0.03616333
96401,0.8732605,-2.0196533,-0.046844482
96402,0.98388672,-2.1389771,0.10375977
96403,0.99487305,-2.2042847,0.11779785
96404,0.96221924,-2.0716858,0.028686523
96405,1.0914612,-2.0123291,0.010986328
96406,1.0752869,-1.925354,-0.034484863
96407,1.1207581,-1.9671631,-0.105896
96408,1.1247253,-1.8101501,-0.00793457
96409,1.1227417,-1.9140625,-0.26916504
96410,1.1993408,-1.7649841,-0.31707764
96411,1.2307739,-1.7260742,-0.30670166
96412,1.0673523,-1.7478943,-0.49667358
96413,1.1012268,-1.6914368,-0.41885376
96414,1.2388611,-1.5979004,-0.55328369
96415,1.2049866,-1.6000366,-0.5619812
96416,1.2716675,-1.4672852,-0.5430603
96417,1.3783264,-1.5104675,-0.48980713
96418,1.3397217,-1.4422607,-0.49301147
96419,1.2684631,-1.4360046,-0.60974121
96420,1.1935425,-1.2649536,-0.7723999
96421,1.1283875,-1.3540649,-0.73028565
96422,1.1283875,-1.4337158,-0.69412231
96423,1.1242676,-1.3517761,-0.77865601
96424,1.1697388,-0.41885376,-0.75714111
96425,1.1347961,-0.92300415,-0.8215332
96426,0.96755981,-0.8454895,-0.93566894
96427,1.0977173,-0.78048706,-0.98403931
96428,0.95916748,-0.75988769,-1.133728
96429,0.91613769,-0.65979004,-0.84136963
96430,0.92132568,-0.64651489,-0.92483521
96431,0.99090576,-0.53222656,-1.0835266
96432,0.93475342,-0.56167603,-1.2608337
96433,0.94268799,-0.37948608,-1.1930847
96434,0.95169067,-0.33294678,-1.1325073
96435,0.86380005,-0.31921387,-1.2486267
96436,0.92056274,-0.24658203,-1.3180542
96437,0.7623291,-0.093231201,-1.3983154
96438,0.78643799,-0.23117065,-1.2278748
96439,0.6590271,-0.17623901,-1.3261414
96440,0.71533203,-0.19927978,-1.2698364
96441,0.68496704,-0.050964355,-1.3238525
96442,0.65811157,-0.10498047,-1.1357117
96443,0.62332153,-0.15136719,-1.3142395
96444,0.52886963,-0.091247559,-1.4781189
96445,0.51696777,0.12359619,-1.5304565
96446,0.60363769,0.21194458,-1.3963318
96447,0.5708313,0.29296875,-1.4645386
96448,0.52001953,0.32455444,-1.4549255
96449,0.38848877,0.39718628,-1.3867188
96450,0.38879394,0.41412353,-1.3098145
96451,0.22720337,0.61843872,-1.1694336
96452,0.28656006,0.53604126,-1.2658691
96453,0.22613525,0.60073853,-1.3275146
96454,0.089416504,0.59417725,-1.2997437
96455,0.0440979,0.76934815,-1.1828613
96456,-0.079803467,0.59082031,-1.1553955
96457,0.058288574,0.82336426,-1.0913086
96458,-0.036621094,0.90682983,-1.2854004
96459,-0.38192749,0.81726074,-1.2504578
96460,-0.22186279,1.0186768,-1.1920166
96461,-0.27893066,0.87554932,-1.0543823
96462,-0.32836914,0.92681885,-1.1347961
96463,-0.46875,1.0189819,-1.035614
96464,-0.52581787,0.90530396,-1.0040283
96465,-0.3944397,0.80856323,-1.0098267
96466,-0.61798096,0.95367432,-1.0099792
96467,-0.60424805,1.0464478,-1.0618591
96468,-0.68649292,1.15448,-1.0777283
96469,-0.62393188,1.2358093,-1.0009766
96470,-0.82885742,1.2605286,-0.8454895
96471,-0.93933106,1.204834,-0.78460693
96472,-0.88623047,1.2896729,-0.85021973
96473,-0.98327637,1.1381531,-0.71487427
96474,-1.1300659,1.0488892,-0.75073242
96475,-1.1334229,1.1608887,-0.78460693
96476,-1.1491394,1.1032104,-0.7321167
96477,-1.2983704,1.2738037,-0.43838501
96478,-1.3298035,1.2944031,-0.60943603
96479,-1.3642883,1.2800598,-0.40405273
96480,-1.3194275,1.1161804,-0.43045044
96481,-1.5208435,1.1946106,-0.41610718
96482,-1.4196777,1.1759949,-0.33782959
96483,-1.4138794,1.2680054,-0.24230957
96484,-1.5010071,1.2130737,-0.26733398
96485,-1.5594482,1.229248,-0.12817383
96486,-1.5470886,1.1856079,-0.14434815
96487,-1.7240906,1.2368774,-0.10070801
96488,-1.605835,1.2226868,-0.033111572
96489,-1.5332031,1.0913086,0.012817383
96490,-1.6763306,1.3783264,0.061645508
96491,-1.7048645,1.288147,0.11108398
96492,-1.8023682,1.1585999,0.13366699
96493,-1.7712402,1.2133789,0.16799927
96494,-1.7546082,1.1585999,0.22537231
96495,-1.857605,1.1810303,0.27496338
96496,-1.8899536,1.114502,0.2784729
96497,-1.8745422,0.98648071,0.26901245
96498,-1.9468689,1.0046387,0.34667969
96499,-1.9821167,0.98449707,0.39916992
96500,-2.0484924,0.95565796,0.53512573
96501,-1.9947815,0.84762573,0.24627685
96502,-2.1063232,0.87203979,0.41290283
96503,-2.1688843,0.53100586,0.67428589
96504,-2.1624756,0.40161133,0.82351685
96505,-2.0858765,0.45227051,0.74829102
96506,-1.9966125,0.63293457,0.82641602
96507,-2.1362305,0.49530029,1.0522461
96508,-2.111969,0.35705566,1.0784912
96509,-2.069397,0.3527832,0.89401245
96510,-2.215271,0.33584595,1.0684204
96511,-2.1322632,0.28442383,1.098175
96512,-2.1827698,0.23651123,1.0443115
96513,-2.2415161,0.33843994,1.1540222
96514,-2.263031,0.4951477,1.2176514
96515,-2.1894836,0.19470215,1.3049316
96516,-2.1826172,0.29693603,1.3594055
96517,-2.1032715,0.30761719,1.4077759
96518,-2.190094,0.15228272,1.2541199
96519,-2.1704102,0.41351318,1.4778137
96520,-2.1133423,-0.021972656,1.4416504
96521,-1.9975281,-0.24597168,1.5887451
96522,-2.0925903,-0.010681152,1.6664124
96523,-2.1781921,-0.19226074,1.607666
96524,-2.1664429,-0.13885498,1.5740967
96525,-2.0629883,-0.25817871,1.5898132
96526,-1.9038391,-0.41320801,1.587677
96527,-1.9178772,-0.18707275,1.7068481
96528,-2.0680237,-0.6564331,1.816864
96529,-2.0394897,-0.78033447,1.6082764
96530,-1.7590332,-0.83618164,1.7593384
96531,-1.9377136,-0.9211731,1.6748047
96532,-1.8159485,-0.55130005,1.887207
96533,-1.8766785,-0.80566406,1.9018555
96534,-1.9555664,-0.82260132,1.8209839
96535,-1.7907715,-0.95458984,1.8414307
96536,-1.7648315,-1.1549377,1.678772
96537,-1.7137146,-1.3131714,1.9303894
96538,-1.6270447,-1.3751221,1.6705322
96539,-1.7198181,-1.3919067,1.9631958
96540,-1.5960693,-1.3586426,1.8714905
96541,-1.3276672,-1.3768005,2.0936584
96542,-1.6377258,-1.5238953,2.046814
96543,-1.6716003,-1.3885498,2.0307922
96544,-1.3641357,-1.6065979,2.0343018
96545,-1.3282776,-1.6792297,1.9017029
96546,-1.3407898,-1.7636108,1.4801025
96547,-1.2530518,-1.494751,1.7874146
96548,-1.2420654,-1.8066406,1.8502808
96549,-1.3058472,-1.7623901,1.859436
96550,-1.1044312,-1.5245056,1.8569946
96551,-1.1058044,-1.6778564,1.9970703
96552,-1.1216736,-1.8440247,1.9082642
96553,-0.97412109,-1.9258118,1.8487549
96554,-1.0501099,-1.7227173,1.8371582
96555,-0.83404541,-2.0040894,1.8307495
96556,-0.84518433,-2.026062,1.7326355
96557,-0.61599731,-2.0935059,1.8780518
96558,-0.64941406,-2.2650146,1.8043518
96559,-0.6628418,-2.2224426,1.7297363
96560,-0.625,-2.2180176,1.8040466
96561,-0.5581665,-2.2215271,1.8258667
96562,-0.48492432,-2.2686768,1.9006348
96563,-0.46051025,-2.2238159,1.887207
96564,-0.38696289,-2.1562195,1.829834
96565,-0.33660889,-2.1986389,1.7990112
96566,-0.32348633,-2.1731567,1.7474365
96567,-0.23727417,-2.3040771,1.5161133
96568,-0.059204102,-2.2851563,1.5731812
96569,-0.062103271,-2.3188782,1.5557861
96570,0.062255859,-2.4751282,1.4404297
96571,0.025787354,-2.3666382,1.2643433
96572,0.13977051,-2.301178,1.1616516
96573,0.20080566,-2.3123169,1.3275146
96574,0.14328003,-2.3277283,1.2039185
96575,0.30609131,-2.484436,1.295929
96576,0.40924072,-2.5083923,1.2254334
96577,0.46096802,-2.5515747,1.1196899
96578,0.37475586,-2.5701904,1.1132813
96579,0.35247803,-2.658844,0.98892212
96580,0.5670166,-2.5262451,0.93261719
96581,0.53024292,-2.5486755,1.0742188
96582,0.50628662,-2.5895691,0.96008301
96583,0.69488525,-2.5134277,0.84106445
96584,0.80688477,-2.4591064,0.77697754
96585,0.78201294,-2.2511292,0.64270019
96586,0.84411621,-2.2094727,0.59631348
96587,0.77468872,-2.3193359,0.6602478
96588,0.88928223,-2.2416687,0.63018799
96589,1.0986328,-2.3933411,0.58578491
96590,0.91415405,-2.245636,0.52307129
96591,1.1256409,-2.3083496,0.44494629
96592,0.99761963,-2.328186,0.32363892
96593,1.0520935,-2.3028564,0.27160644
96594,1.063385,-2.1331787,0.29434204
96595,1.0490417,-2.119751,0.32424927
96596,1.0241699,-2.1394348,0.27511597
96597,1.2637329,-2.0405579,0.24688721
96598,1.0998535,-1.9613647,0.07019043
96599,1.2503052,-1.9769287,-0.023803711
96600,1.1585999,-1.9903564,-0.073242188
96601,1.2400818,-1.9096375,-0.056152344
96602,1.2512207,-1.8713379,-0.068664551
96603,1.1077881,-1.9203186,-0.26245117
96604,1.1599731,-1.8920898,-0.14038086
96605,1.3766479,-1.9250488,-0.21591187
96606,1.4247131,-1.8652344,-0.28091431
96607,1.2748718,-1.5890503,-0.40802002
96608,1.3339233,-1.6322327,-0.57952881
96609,1.3139343,-1.5705872,-0.63476563
96610,1.1856079,-1.4718628,-0.75027466
96611,1.3937378,-1.4199829,-0.55328369
96612,1.4369202,-1.6236877,-0.71594238
96613,1.2963867,-1.6796875,-0.66802978
96614,1.2007141,-1.5182495,-0.54443359
96615,1.3728333,-1.2461853,-0.73776245
96616,1.2860107,-1.2413025,-0.85327148
96617,1.2284851,-1.0809326,-0.94085693
96618,1.1871338,-1.0710144,-0.83221435
96619,1.1599731,-1.0861206,-0.78659058
96620,1.1358643,-1.23703,-0.91049194
96621,1.09375,-1.6497803,-0.93826294
96622,1.0533142,-0.97335815,-1.2081909
96623,1.0112,-0.81451416,-1.1526489
96624,1.0403442,-0.64880371,-0.99655151
96625,1.1175537,-0.57891846,-0.99655151
96626,0.99441528,-0.48934936,-1.2147522
96627,1.0894775,-0.6060791,-1.1914063
96628,0.9614563,-0.46524048,-1.111145
96629,0.99319458,-0.48828125,-1.3027954
96630,0.98739624,-0.32577515,-1.3525391
96631,0.97747803,-0.33187866,-0.97320557
96632,0.93063354,-0.34011841,-1.2559509
96633,0.98571777,-0.24734497,-1.3224792
96634,0.91125488,-0.16357422,-1.391449
96635,0.84884644,0.020294189,-1.3996887
96636,0.79376221,-0.31204224,-1.4859009
96637,0.77453613,-0.034790039,-1.4225769
96638,0.70602417,0.12435913,-1.3432312
96639,0.73745728,0.077667236,-1.5289307
96640,0.69671631,0.24642944,-1.5640259
96641,0.6489563,0.28564453,-1.473999
96642,0.61645508,0.41183472,-1.6691589
96643,0.46875,0.44281006,-1.4558411
96644,0.42175293,0.53939819,-1.4657593
96645,0.32653809,0.57540894,-1.3790894
96646,0.21499634,0.55786133,-1.2846375
96647,0.091552734,0.50048828,-1.3572693
96648,0.044250488,0.75866699,-1.340332
96649,0.17456055,0.71594238,-1.5438843
96650,0.15686035,0.80688477,-1.4814758
96651,0.15686035,0.81207275,-1.3964844
96652,-0.037231445,0.79788208,-1.2794495
96653,-0.05859375,0.66970825,-1.2814331
96654,-0.27389526,0.83633423,-1.1764526
96655,-0.21957398,0.88592529,-1.2962341
96656,-0.31738281,0.99197388,-1.1302185
96657,-0.3388977,1.1035156,-1.2219238
96658,-0.26977539,1.2617493,-1.1535645
96659,-0.35522461,1.1538696,-1.0739136
96660,-0.40618897,1.181488,-1.2768555
96661,-0.50231934,1.2382507,-1.121521
96662,-0.59036255,1.1909485,-1.0847473
96663,-0.67199707,1.1785889,-1.0525513
96664,-0.50415039,1.2136841,-1.0057068
96665,-0.67687988,1.2065125,-0.98388672
96666,-0.74478149,1.3327026,-0.8454895
96667,-0.74035644,1.2734985,-0.95245361
96668,-0.84503174,1.4624023,-0.86135864
96669,-0.95581055,1.3166809,-0.79849243
96670,-1.0502625,1.4057922,-0.76934815
96671,-0.89202881,1.2399292,-0.75134277
96672,-1.23703,1.4479065,-0.69992065
96673,-1.2162781,1.3822937,-0.78277588
96674,-1.3743591,1.4241028,-0.71868897
96675,-1.4389038,1.3510132,-0.62103272
96676,-1.3652039,1.439209,-0.6262207
96677,-1.4823914,1.4292908,-0.63949585
96678,-1.3517761,1.3951111,-0.37292481
96679,-1.4099121,1.4900208,-0.25360107
96680,-1.4994812,1.4512634,-0.365448
96681,-1.5219116,1.4553833,-0.19607544
96682,-1.656189,1.456604,-0.11581421
96683,-2.1531677,1.1938477,-0.15411377
96684,-1.71875,1.1152649,-0.063934326
96685,-1.781311,1.2930298,0.032043457
96686,-1.9819641,1.1982727,0.036621094
96687,-1.7964172,1.0276794,0.18936157
96688,-1.9743347,0.89050293,0.19073486
96689,-1.9856262,1.4318848,0.2470398
96690,-1.9174194,1.0617065,0.36697388
96691,-1.8658447,1.1088562,0.36773682
96692,-1.8548584,1.1557007,0.45379639
96693,-1.9497681,1.1354065,0.31921387
96694,-2.0030212,1.1225891,0.49987793
96695,-2.0210266,1.0319519,0.57418823
96696,-1.9725037,1.0231018,0.57876587
96697,-2.0005798,0.99212647,0.40908814
96698,-2.0922852,0.99487305,0.86105347
96699,-2.0903015,0.84655762,0.66375732
96700,-2.1784973,0.88745117,0.52947998
96701,-2.0825195,0.77377319,0.73318481
96702,-2.0465088,0.69976807,0.70770264
96703,-2.03125,0.72753906,0.92514038
96704,-2.1343994,0.66864014,0.97320557
96705,-2.276001,0.59143066,1.0067749
96706,-2.2229004,0.61782837,0.92453003
96707,-2.1543884,0.3225708,1.0180664
96708,-2.1151733,0.51025391,1.0826111
96709,-2.102356,0.35614014,1.0583496
96710,-2.1188354,0.19775391,1.1805725
96711,-2.1759033,0.068817139,1.2590027
96712,-2.1946716,0.17181397,1.3145447
96713,-2.0985413,0.076904297,1.3671875
96714,-2.1438599,-0.044555664,1.4341736
96715,-2.0280457,-0.20904541,1.0528564
96716,-2.1366882,0.059204102,1.4778137
96717,-2.1710205,-0.061035156,1.5293884
96718,-2.215271,-0.23849487,1.6145325
96719,-2.0602417,-0.3793335,1.6468811
96720,-2.17453,-0.21331787,1.8031311
96721,-2.1878052,-0.3793335,1.8159485
96722,-2.0172119,-0.57022095,1.7626953
96723,-2.2129822,-0.60363769,1.6584778
96724,-2.09198,-0.4826355,1.807251
96725,-2.0014954,-0.53466797,1.915741
96726,-2.0120239,-0.49667358,1.8215942
96727,-1.9543457,-0.71929932,1.7993164
96728,-1.9975281,-0.90301514,1.8101501
96729,-1.7416382,-0.8442688,1.8135071
96730,-1.8804932,-0.806427,1.9470215
96731,-1.9273376,-0.72540283,1.9132996
96732,-1.75354,-0.8531189,1.9754028
96733,-1.8788147,-1.1773682,1.8875122
96734,-1.701355,-1.2397766,1.829071
96735,-1.7999268,-1.2634277,2.0715332
96736,-1.635437,-1.2586975,1.9625854
96737,-1.6697693,-1.2110901,2.1757507
96738,-1.5829468,-1.2561035,1.9631958
96739,-1.4129639,-1.2423706,2.1694946
96740,-1.4842224,-1.4231873,1.9911194
96741,-1.5632629,-1.5086365,2.124939
96742,-1.5007019,-1.6314697,2.1176147
96743,-1.5110779,-1.8003845,2.0944214
96744,-1.3142395,-1.9122314,2.0733643
96745,-1.139679,-1.8182373,2.0692444
96746,-1.1724854,-2.1357727,2.1725464
96747,-1.0314941,-2.0036316,1.9442749
96748,-1.0325623,-2.1665955,2.1412659
96749,-0.95489502,-2.1548462,2.0962524
96750,-0.78720093,-2.1313477,2.0117188
96751,-0.64071655,-1.6722107,1.8983459
96752,-0.8291626,-1.6818237,1.9909668
96753,-0.84289551,-2.144165,1.943512
96754,-0.74523926,-2.0758057,1.9396973
96755,-0.60852051,-2.1252441,1.9328308
96756,-0.65307617,-2.1743774,1.8327332
96757,-0.50521851,-2.2021484,1.7877197
96758,-0.40939331,-2.2164917,1.7689514
96759,-0.25314331,-2.2340393,1.8675232
96760,-0.24246216,-2.2879028,1.776886
96761,-0.22186279,-2.457428,1.709137
96762,-0.34912109,-2.4082947,1.771698
96763,-0.28305054,-2.2483826,1.8495178
96764,-0.073242188,-2.33078,1.7498779
96765,-0.12008667,-2.4385071,1.5681458
96766,0.10162354,-2.432251,1.4790344
96767,-0.048828125,-2.3995972,1.5258789
96768,0.11627197,-2.441864,1.4126587
96769,0.14053345,-2.4256897,1.4871216
96770,0.25222778,-2.2772217,1.4056396
96771,0.33843994,-2.3426819,1.3562012
96772,0.4560852,-2.4372864,1.2538147
96773,0.3616333,-2.5114441,1.2051392
96774,0.43609619,-2.4920654,1.1256409
96775,0.46844482,-2.5717163,1.164093
96776,0.50537109,-2.5790405,1.1228943
96777,0.46798706,-2.4267578,1.1048889
96778,0.57617188,-2.4656677,1.103363
96779,0.76904297,-2.4229431,1.0339355
96780,0.78063965,-2.4884033,0.93170166
96781,0.63659668,-2.4504089,0.89920044
96782,0.64971924,-2.2494507,0.77682495
96783,0.77850342,-2.3678589,0.86486816
96784,0.84991455,-2.3522949,0.59783935
96785,0.85479736,-2.2210693,0.63049316
96786,1.133728,-2.2683716,0.59051514
96787,1.0914612,-2.3175049,0.54336548
96788,1.1361694,-2.277832,0.49865723
96789,1.1169434,-2.1951294,0.45715332
96790,1.1418152,-2.1757507,0.34713745
96791,1.1254883,-2.1563721,0.26611328
96792,1.1329651,-2.1469116,0.12832642
96793,1.1938477,-2.1820068,0.081787109
96794,1.2576294,-2.2009277,0.18005371
96795,1.295166,-2.0344543,0.054321289
96796,1.3291931,-2.0195007,-0.071258545
96797,1.3864136,-1.9992065,-0.2029419
96798,1.4425659,-1.9978333,-0.2130127
96799,1.5238953,-2.0292664,-0.34423828
96800,1.4831543,-1.9683838,-0.31173706
96801,1.3574219,-1.7687988,-0.35247803
96802,1.4552307,-1.786499,-0.28274536
96803,1.4459229,-1.73172,-0.49102783
96804,1.4537048,-1.688385,-0.31707764
96805,1.3957214,-1.4628601,-0.37322998
96806,1.5905762,-1.5089416,-0.56640625
96807,1.4450073,-1.5122986,-0.47973633
96808,1.3545227,-1.3685608,-0.54275513
96809,1.4100647,-1.4988709,-0.74569702
96810,1.5080261,-1.3587952,-0.91278076
96811,1.5087891,-1.3043213,-0.86578369
96812,1.466217,-1.239624,-0.85372925
96813,1.4512634,-1.2266541,-0.85998535
96814,1.4160156,-1.320343,-0.8102417
96815,1.3362122,-1.1784363,-1.0237122
96816,1.3064575,-1.2390137,-1.1172485
96817,1.3389587,-0.77911377,-1.2911987
96818,1.1454773,-1.1421204,-1.1413574
96819,1.1566162,-1.0775757,-1.1148071
96820,1.1199951,-0.9753418,-0.92880249
96821,1.1885071,0.3074646,-1.104126
96822,1.2722778,-0.6489563,-1.0762024
96823,1.2605286,-0.63110352,-1.2097168
96824,1.2004089,-0.48690796,-1.3685608
96825,1.2203979,-0.66436768,-1.4199829
96826,1.111145,-0.2722168,-1.3401794
96827,1.0189819,-0.38467407,-1.3560486
96828,1.0700989,-0.30029297,-1.5283203
96829,0.91308594,-0.25863647,-1.2158203
96830,0.89920044,-0.33340454,-1.5301514
96831,0.990448,-0.15869141,-1.4888
96832,0.53070068,-0.32089233,-1.6943359
96833,0.1763916,-0.17333984,-1.2612915
96834,0.72784424,-0.002288818,-1.5113831
96835,0.54275513,0.1435852,-1.5174866
96836,0.7975769,0.27404785,-1.5936279
96837,0.79040527,0.29846191,-1.4710999
96838,0.67138672,0.26321411,-1.4990234
96839,0.58532715,0.36102295,-1.4065552
96840,0.56106567,0.34927368,-1.3581848
96841,0.46875,0.59783935,-1.6775513
96842,0.51971435,0.59921265,-1.5252686
96843,0.18508911,0.49331665,-1.4808655
96844,0.3276062,0.49850464,-1.5261841
96845,0.30029297,0.6716919,-1.4614868
96846,0.31265259,0.77026367,-1.4454651
96847,0.1689148,0.73654175,-1.3993835
96848,0.035858154,0.82763672,-1.4556885
96849,0.068664551,0.93994141,-1.3337708
96850,0.002746582,0.81604004,-1.4448547
96851,-0.08102417,0.84854126,-1.4544678
96852,-0.10604858,0.90332031,-1.3822937
96853,-0.15213013,0.95596313,-1.2110901
96854,-0.30395508,1.1820984,-1.2414551
96855,-0.31280518,1.0020447,-1.2936401
96856,-0.38711548,1.229248,-1.2145996
96857,-0.38330078,1.268158,-1.2724304
96858,-0.59310913,1.3180542,-1.1940002
96859,-0.63568115,1.2884521,-1.0270691
96860,-0.66375732,1.33255,-1.0250854
96861,-0.72402954,1.3389587,-1.033783
96862,-0.73516846,1.2440491,-1.0461426
96863,-0.65963745,1.3458252,-0.92819214
96864,-0.89752197,1.3444519,-0.9463501
96865,-0.87249756,1.3471985,-0.79193115
96866,-0.93658447,1.4468384,-0.84075928
96867,-1.035614,1.4463806,-0.77606201
96868,-1.1042786,1.463623,-0.91140747
96869,-1.211853,1.1924744,-0.84167481
96870,-1.2379456,1.5324402,-0.76507568
96871,-1.3214111,1.4689636,-0.78735352
96872,-1.2608337,1.423645,-0.64361572
96873,-1.2718201,1.4860535,-0.69412231
96874,-1.3975525,1.5058899,-0.58807373
96875,-1.4668274,1.4532471,-0.49697876
96876,-1.4872742,1.5170288,-0.55786133
96877,-1.4752197,1.4938354,-0.27862549
96878,-1.653595,1.5275574,-0.26748657
96879,-1.7216492,1.4889526,-0.4560852
96880,-1.9421387,0.81359863,-0.52246094
96881,-1.9418335,1.1082459,-0.27404785
96882,-1.8528748,1.3197327,-0.20568848
96883,-1.9047546,1.3580322,-0.001068115
96884,-1.8540955,1.4294434,0.16586304
96885,-2.0013428,1.3938904,0.081939697
96886,-1.9714355,1.078186,0.17288208
96887,-2.039032,2.3478699,0.17593384
96888,-2.1389771,1.144104,0.24581909
96889,-1.9631958,1.1129761,0.27099609
96890,-2.1394348,1.1112976,0.43365478
96891,-2.1295166,1.1750793,0.46661377
96892,-2.1568298,1.1444092,0.48400879
96893,-2.1824646,1.1500549,0.61187744
96894,-2.1611023,1.0331726,0.3779602
96895,-2.2543335,0.81832886,0.73745728
96896,-2.2059631,1.0673523,0.74478149
96897,-2.3417664,0.90515137,0.77026367
96898,-2.2111511,0.95825195,0.65795898
96899,-2.2750854,1.0282898,1.1816406
96900,-2.2784424,0.74813843,1.0189819
96901,-2.2265625,0.75012207,1.0015869
96902,-2.3080444,0.60089111,1.0064697
96903,-2.1640015,0.62103272,1.0375977
96904,-2.3513794,0.61477661,1.171875
96905,-2.310791,0.46661377,1.1151123
96906,-2.2801208,0.55358887,1.209259
96907,-2.3561096,0.65933228,1.2515259
96908,-2.1791077,0.47241211,1.2931824
96909,-2.208252,0.3894043,1.3446045
96910,-2.3544312,0.2973938,1.3301086
96911,-2.3577881,0.23269653,1.373291
96912,-2.1691895,0.32348633,1.5429688
96913,-2.3181152,-0.000152588,1.39328
96914,-2.3338318,-0.047912598,1.5641785
96915,-2.3400879,0.047302246,1.5261841
96916,-2.2314453,-0.017089844,1.5943909
96917,-2.1658325,-0.05355835,1.8208313
96918,-2.0985413,-0.27709961,1.7298889
96919,-2.0223999,-0.23727417,1.6259766
96920,-2.0887756,-0.29678345,1.8395996
96921,-2.1080017,-0.43670654,1.8006897
96922,-1.9676209,-0.57846069,1.6798401
96923,-1.9908142,-0.51086426,1.6842651
96924,-2.0678711,-0.52474976,1.8849182
96925,-1.9589233,-0.70953369,1.9329834
96926,-2.1788025,-0.70999146,2.03125
96927,-1.9671631,-0.94833374,2.0751953
96928,-1.9618225,-0.8190918,1.9671631
96929,-1.8983459,-0.86288452,1.9282532
96930,-1.9758606,-0.98220825,2.0141602
96931,-1.9404602,-1.0046387,2.0680237
96932,-1.7773438,-1.2158203,2.2225952
96933,-1.8215942,-1.0618591,2.1575928
96934,-1.6833496,-1.2579346,2.1343994
96935,-1.9247437,-1.3438416,2.0043945
96936,-2.0108032,-1.3362122,1.8984985
96937,-1.6636658,-1.2901306,2.1206665
96938,-1.6964722,-1.4231873,2.1847534
96939,-1.6743469,-1.5620422,1.8902588
96940,-1.570282,-1.6456604,1.9078064
96941,-1.5339661,-1.4855957,2.2473145
96942,-1.4811707,-1.4987183,2.2465515
96943,-1.3934326,-1.6687012,2.117157
96944,-1.2963867,-1.6299438,2.0318604
96945,-1.1679077,-1.7964172,2.041626
96946,-1.1274719,-1.8304443,2.2065735
96947,-0.84716797,-1.9039917,1.9961548
96948,-1.0620117,-1.7095947,2.1142578
96949,-1.0264587,-1.930542,2.1612549
96950,-0.99014282,-1.9158936,1.9020081
96951,-0.79101563,-1.9760132,2.0645142
96952,-0.84686279,-2.1438599,2.0033264
96953,-0.7498169,-2.0976257,1.9390869
96954,-0.62332153,-1.9775391,2.0001221
96955,-0.68969727,-2.1386719,1.9580078
96956,-0.62652588,-2.1789551,1.8901062
96957,-0.51239014,-2.3690796,1.9378662
96958,-0.4208374,-2.2518921,1.8307495
96959,-0.36926269,-2.1916199,1.8212891
96960,-0.34576416,-2.2277832,1.8118286
96961,-0.28198242,-2.2065735,1.8228149
96962,-0.32073975,-2.2825623,1.7550659
96963,-0.16937256,-2.2012329,1.6654968
96964,-0.069885254,-2.5169373,1.4187622
96965,0.000915527,-2.427063,1.5657043
96966,0.07232666,-2.5463867,1.509552
96967,0.14221191,-2.5482178,1.4300537
96968,0.14434815,-2.4356079,1.449585
96969,0.24841309,-2.4128723,1.4344788
96970,0.29312134,-2.4003601,1.3813782
96971,0.36621094,-2.5151062,1.3555908
96972,0.39306641,-2.5428772,1.2036133
96973,0.37994385,-2.4661255,1.1857605
96974,0.48751831,-2.4925232,1.1834717
96975,0.56381226,-2.4862671,1.0415649
96976,0.62805176,-2.5518799,0.95504761
96977,0.62606812,-2.6219177,0.89614868
96978,0.68069458,-2.5450134,0.94497681
96979,0.75271606,-2.5369263,0.82168579
96980,0.79696655,-2.5117493,0.78872681
96981,0.84350586,-2.4308777,0.75744629
96982,0.89660644,-2.5326538,0.7649231
96983,0.91278076,-2.4530029,0.71914673
96984,0.9298706,-2.4246216,0.71594238
96985,0.96328735,-2.3989868,0.67352295
96986,0.97457886,-2.364502,0.59341431
96987,1.0531616,-2.2036743,0.56213379
96988,0.95291138,-2.1820068,0.45043945
96989,0.98587036,-2.3179626,0.48828125
96990,1.1633301,-2.2996521,0.2281189
96991,1.0064697,-2.2241211,0.2734375
96992,1.1149597,-2.0176697,0.24856567
96993,1.0261536,-2.1914673,0.13641357
96994,1.1109924,-2.0870972,-0.093841553
96995,1.3224792,-1.9897461,0.038604736
96996,1.1669922,-1.920166,-0.11642456
96997,1.2184143,-1.7837524,-0.076141357
96998,1.3031006,-1.8687439,-0.020141602
96999,1.2409973,-1.847229,0.022125244
97000,1.2492371,-1.8583679,-0.15884399
97001,1.3919067,-1.7959595,-0.35980225
97002,1.5090942,-1.8186951,-0.47332764
97003,1.3690186,-1.9177246,-0.4486084
97004,1.3902283,-1.6194153,-0.48904419
97005,1.3079834,-1.6871643,-0.51116943
97006,1.2812805,-1.580658,-0.31738281
97007,1.335907,-1.567688,-0.4725647
97008,1.4080811,-1.5252686,-0.68786621
97009,1.4031982,-1.3720703,-0.77011108
97010,1.3615417,-1.3407898,-0.84869385
97011,1.3250732,-1.4093018,-0.57174683
97012,1.3502502,-1.1219788,-0.70358276
97013,1.3459778,-1.1430359,-0.84869385
97014,1.1010742,-1.1018372,-0.87585449
97015,1.2527466,-0.86639404,-0.85266113
97016,1.1497498,-0.9487915,-0.86212158
97017,1.0820007,-1.1433411,-0.94863892
97018,1.0452271,-1.1116028,-1.1535645
97019,1.1932373,-0.29296875,-1.1213684
97020,1.0986328,-0.71334839,-1.1920166
97021,1.2014771,-0.60211182,-1.1987305
97022,1.2683105,-0.60119629,-1.2756348
97023,1.240387,-0.60424805,-1.3217163
97024,1.1218262,-0.44692993,-1.2710571
97025,1.1235046,-0.39123535,-1.2368774
97026,1.015625,-0.27130127,-1.1804199
97027,0.99502563,-0.29769897,-1.3435364
97028,0.97900391,-0.28747559,-1.2081909
97029,0.89889526,-0.28488159,-1.2785339
97030,0.8795166,-0.2041626,-1.4909363
97031,0.79223633,-0.17959595,-1.307373
97032,0.88226318,0.002593994,-1.4337158
97033,0.60668945,-0.20889282,-1.4717102
97034,0.39855957,-0.043945313,-1.6230774
97035,0.55664063,0.006561279,-1.4347839
97036,0.73104858,0.12084961,-1.5354919
97037,0.4574585,0.015258789,-1.5161133
97038,0.49163818,0.27191162,-1.3175964
97039,0.4032898,0.28717041,-1.3534546
97040,0.35552978,0.47424316,-1.4350891
97041,0.35583496,0.4800415,-1.368103
97042,0.27862549,0.38635254,-1.39328
97043,0.32913208,0.59906006,-1.3679504
97044,0.25390625,0.50491333,-1.3114929
97045,0.025787354,0.40267944,-1.4421082
97046,0.027618408,0.64727783,-1.2528992
97047,0.065155029,0.71411133,-1.1489868
97048,-0.12527466,0.57128906,-1.229248
97049,0.053710938,0.79559326,-1.2214661
97050,-0.21316528,0.82458496,-1.2762451
97051,0.037231445,0.78430176,-1.3484192
97052,-0.22796631,0.93994141,-1.4151001
97053,-0.34606934,0.98480225,-1.1216736
97054,-0.29144287,1.05896,-1.4181519
97055,-0.40100098,1.1607361,-1.2612915
97056,-0.47393799,1.3214111,-1.2692261
97057,-0.55175781,1.2991333,-1.0371399
97058,-0.55511475,1.3516235,-1.1578369
97059,-0.6149292,1.3208008,-0.96801758
97060,-0.65185547,1.2310791,-0.96511841
97061,-0.79559326,1.1529541,-1.0240173
97062,-0.69412231,1.1885071,-0.99899292
97063,-0.83343506,1.1898804,-0.74035644
97064,-0.96633911,1.4654541,-0.62911987
97065,-0.92300415,1.416626,-0.7510376
97066,-1.0804749,1.3470459,-0.84701538
97067,-0.97106934,1.3046265,-0.81756592
97068,-0.97702026,1.2536621,-0.62561035
97069,-1.14151,1.2268066,-0.52520752
97070,-1.2294006,1.3027954,-0.62042236
97071,-1.2054443,1.499939,-0.49316406
97072,-1.2072754,1.4135742,-0.47744751
97073,-1.4360046,1.2408447,-0.48049927
97074,-1.4602661,1.2619019,-0.46218872
97075,-1.4640808,1.3421631,-0.37216186
97076,-1.361084,1.0540771,-0.7144165
97077,-1.599884,1.1434937,-0.33233643
97078,-1.6117859,1.3728333,-0.14373779
97079,-1.7259216,1.5203857,-0.12176514
97080,-1.7330933,1.4233398,-0.063934326
97081,-1.7289734,1.2736511,0.059814453
97082,-1.6885376,1.3705444,0.04196167
97083,-1.7904663,1.1410522,0.011291504
97084,-1.7675781,1.0650635,0.20736694
97085,-1.743927,1.2475586,0.25405884
97086,-1.8225098,1.3006592,0.44876099
97087,-1.9194031,1.2524414,0.24291992
97088,-1.925354,1.1853027,0.39855957
97089,-1.9238281,1.1300659,0.44738769
97090,-1.9215393,1.1042786,0.4776001
97091,-1.968689,1.1112976,0.45578003
97092,-1.9841003,1.0400391,0.3616333
97093,-2.0326233,1.1073303,0.24139404
97094,-2.0422363,1.0571289,0.57922363
97095,-1.9659424,1.0180664,0.65353394
97096,-2.1279907,0.80200195,0.61950684
97097,-2.0509338,0.834198,1.006012
97098,-1.9970703,0.87219238,0.75073242
97099,-2.0983887,0.93719482,0.7762146
97100,-2.1891785,0.75149536,0.89767456
97101,-2.1372986,0.62545776,0.84869385
97102,-2.150116,0.46981811,1.0081482
97103,-2.1582031,0.62423706,1.1196899
97104,-2.253418,0.50170898,1.1279297
97105,-2.1533203,0.36102295,1.2060547
97106,-2.1572876,0.10894775,1.1376953
97107,-2.1508789,0.13397217,1.1080933
97108,-2.1072388,0.13031006,1.0522461
97109,-2.071228,0.16845703,1.2898254
97110,-2.1620178,0.1751709,1.4428711
97111,-2.2573853,-0.010070801,1.3739014
97112,-2.1437073,0.15579224,1.4181519
97113,-2.0942688,0.028686523,1.4941406
97114,-2.1218872,-0.21469116,1.4137268
97115,-2.1505737,-0.20202637,1.630249
97116,-2.0524597,-0.17929077,1.5911865
97117,-1.9009399,-0.2722168,1.5809631
97118,-2.008667,-0.39321899,1.5585327
97119,-1.9338989,-0.40435791,1.8122864
97120,-1.9828796,-0.42861939,1.8136597
97121,-1.980896,-0.51467896,1.8151855
97122,-1.8539429,-0.574646,1.7932129
97123,-1.9221497,-0.6729126,1.875
97124,-1.8089294,-0.65673828,1.8730164
97125,-1.8449402,-0.69702148,1.8936157
97126,-1.8257141,-0.93795776,1.7955017
97127,-1.6777039,-0.71533203,1.7471313
97128,-1.7553711,-0.81054688,1.6390991
97129,-1.7268372,-0.95489502,1.9100952
97130,-1.6320801,-0.9967041,1.7687988
97131,-1.6571045,-1.0771179,2.1272278
97132,-1.5603638,-1.217041,1.9381714
97133,-1.4108276,-1.129303,2.1266174
97134,-1.5957642,-1.2190247,2.0651245
97135,-1.4358521,-1.2905884,2.0471191
97136,-1.3414001,-1.3291931,1.934967
97137,-1.3128662,-1.262207,1.9972229
97138,-1.2796021,-1.5176392,1.8745422
97139,-1.2536621,-1.6583252,1.8205261
97140,-1.157074,-1.5026855,1.8832397
97141,-1.1833191,-1.6726685,1.8322754
97142,-1.1618042,-1.8482971,2.0759583
97143,-1.0375977,-1.8809509,1.9244385
97144,-0.98846435,-1.8156433,1.9810486
97145,-0.85769653,-1.7437744,1.9544983
97146,-0.8782959,-1.9406128,1.8164063
97147,-0.78872681,-1.9900513,1.9093323
97148,-0.75195313,-1.9789124,1.7529297
97149,-0.68466187,-2.020874,1.9104004
97150,-0.72418213,-1.7845154,1.9636536
97151,-0.60775757,-1.9230652,1.8481445
97152,-0.58074951,-1.9735718,1.6178894
97153,-0.40222168,-2.0465088,1.7480469
97154,-0.49224853,-2.1806335,1.7980957
97155,-0.37460327,-2.2024536,1.6685486
97156,-0.36560059,-2.1807861,1.7471313
97157,-0.25802612,-2.1604919,1.7280579
97158,-0.17211914,-2.1800232,1.5913391
97159,-0.21240234,-2.071991,1.6743469
97160,-0.018005371,-2.2819519,1.6551209
97161,-0.11825561,-2.3170471,1.5100098
97162,0.054931641,-2.4201965,1.394043
97163,-0.010375977,-2.2836304,1.4916992
97164,0.11749268,-2.2756958,1.335144
97165,0.023956299,-2.2843933,1.3726807
97166,0.12283325,-2.150116,1.3793945
97167,0.18249512,-2.0835876,1.3206482
97168,0.25604248,-2.1047974,1.2275696
97169,0.37353516,-2.2277832,1.1416626
97170,0.40557861,-2.3805237,1.1802673
97171,0.44326782,-2.3043823,1.1659241
97172,0.55877685,-2.2821045,1.124115
97173,0.58166504,-2.315979,1.0487366
97174,0.57098389,-2.3544312,0.96557617
97175,0.56488037,-2.3199463,0.79101563
97176,0.57189941,-2.2891235,0.75149536
97177,0.70526123,-2.2566223,0.72357178
97178,0.72814941,-2.1392822,0.74768066
97179,0.76705933,-2.066803,0.67886353
97180,0.89035034,-2.0555115,0.61584473
97181,0.90087891,-2.1646118,0.58303833
97182,0.86074829,-2.0278931,0.59661865
97183,1.0073853,-2.2595215,0.54794312
97184,0.92880249,-2.0315552,0.5166626
97185,1.1222839,-2.2341919,0.52047729
97186,1.0389709,-2.0295715,0.27053833
97187,0.94894409,-2.0083618,0.29907227
97188,1.0057068,-1.966095,0.32913208
97189,1.1627197,-1.973877,0.25741577
97190,0.97320557,-2.0858765,0.35430908
97191,1.0736084,-1.9786072,-0.10345459
97192,1.12854,-1.8144226,-0.24902344
97193,1.2304688,-1.8067932,-0.059509277
97194,1.0023499,-1.8673706,-0.080413818
97195,1.1242676,-1.9972229,-0.19317627
97196,1.1431885,-1.778717,-0.35827637
97197,1.2774658,-1.8597412,-0.2116394
97198,1.0585022,-1.8278503,-0.12680054
97199,1.16745,-1.6374207,-0.28213501
97200,1.252594,-1.6362,-0.069580078
97201,1.2046814,-1.3371277,-0.45349121
97202,1.1567688,-1.472168,-0.37994385
97203,1.2229919,-1.5129089,-0.53146362
97204,1.1315918,-1.3342285,-0.62805176
97205,1.0389709,-1.2924194,-0.42327881
97206,1.0417175,-1.2278748,-0.49789429
97207,1.1169434,-1.2077332,-0.53741455
97208,1.0334778,-1.0852051,-0.78613281
97209,1.0205078,-1.1798096,-0.65185547
97210,1.0888672,-0.91262817,-0.73196411
97211,1.1465454,-1.0404968,-0.74432373
97212,1.0435486,-0.87097168,-0.80169678
97213,0.95169067,-0.73791504,-0.83572388
97214,0.97076416,-0.73486328,-0.92346191
97215,1.048584,-0.6602478,-0.94436646
97216,1.0543823,-0.70983887,-0.94818115
97217,0.98999023,-0.57327271,-1.2089539
97218,1.1619568,-0.51055908,-0.97137451
97219,1.065979,-0.47714233,-1.0673523
97220,0.93063354,-0.33554077,-0.990448
97221,0.83953857,-0.47973633,-1.2799072
97222,0.83648682,-0.41259766,-1.1473084
97223,0.78063965,-0.33203125,-1.2501526
97224,0.78582764,-0.22247315,-1.3059998
97225,0.75805664,-0.21514893,-1.3700867
97226,0.75241089,-0.21240234,-1.3201904
97227,0.73272705,-0.17379761,-1.3012695
97228,0.67123413,-0.11444092,-1.2614441
97229,0.51193237,-0.40008545,-1.4352417
97230,0.27374268,-0.13381958,-1.4398193
97231,0.15029907,-0.27435303,-1.4736938
97232,0.15304565,-0.15625,-1.4167786
97233,0.64025879,0.064849854,-1.3143921
97234,0.40527344,0.2217102,-1.3108826
97235,0.40740967,0.10620117,-1.4292908
97236,0.30517578,0.35964966,-1.3711548
97237,0.35202026,0.21133423,-1.3096619
97238,0.26016235,0.17196655,-1.3027954
97239,0.11749268,0.49163818,-1.4108276
97240,0.18737793,0.51239014,-1.3117981
97241,0.10345459,0.61645508,-1.3169861
97242,0.02532959,0.79833984,-1.2329102
97243,-0.22521973,0.96343994,-1.1872864
97244,-0.032501221,0.89630127,-1.2930298
97245,-0.053710938,1.0240173,-1.1408997
97246,-0.08392334,0.9727478,-1.184845
97247,-0.20935059,0.94741821,-1.3540649
97248,-0.25787353,0.90942383,-1.1560059
97249,-0.46875,0.91918945,-1.0836792
97250,-0.42617798,0.98327637,-1.1276245
97251,-0.68832397,0.9689331,-1.0510254
97252,-0.76675415,1.0282898,-1.1032104
97253,-0.60852051,1.0261536,-0.96359253
97254,-0.53833008,1.0246277,-0.84228516
97255,-0.68313599,1.0702515,-0.78414917
97256,-0.68191528,1.0812378,-0.88165283
97257,-0.8972168,1.1206055,-0.85601807
97258,-0.82717896,1.2329102,-0.74279785
97259,-0.86151123,1.1489868,-0.85510254
97260,-0.93658447,1.1283875,-0.67382813
97261,-1.0670471,1.1352539,-0.72967529
97262,-1.1599731,1.2634277,-0.78186035
97263,-1.1161804,1.1579895,-0.58013916
97264,-1.2321472,1.1523438,-0.72875977
97265,-1.1003113,1.1915588,-0.6552124
97266,-1.2045288,1.1460876,-0.76141357
97267,-1.3217163,1.2243652,-0.57357788
97268,-1.2547302,1.2321472,-0.60501099
97269,-1.3015747,1.0545349,-0.49484253
97270,-1.288147,1.3026428,-0.33355713
97271,-1.3848877,1.277771,-0.29083252
97272,-1.5719604,0.80291748,-0.62362671
97273,-1.6149902,1.0809326,-0.49911499
97274,-1.7073059,1.1816406,-0.12298584
97275,-1.5708923,1.0635376,-0.15686035
97276,-1.6671753,1.1950684,0.012054443
97277,-1.6439819,1.0871887,0.15319824
97278,-1.7567444,1.0375977,0.15716553
97279,-1.7391968,0.9475708,0.22460938
97280,-1.7515564,0.98617554,0.12298584
97281,-1.7782593,1.0362244,0.27496338
97282,-1.7059326,0.94604492,0.25863647
97283,-1.7747498,0.93811035,0.4234314
97284,-1.8833923,1.3288879,0.44769287
97285,-1.9166565,0.87203979,0.51559448
97286,-1.8902588,0.82351685,0.47546387
97287,-1.9845581,0.70327759,0.66421509
97288,-1.9781494,0.75439453,0.53985596
97289,-2.2161865,0.75897217,0.49377441
97290,-1.990509,0.74432373,0.54275513
97291,-2.1394348,0.72525024,0.49606323
97292,-1.9221497,0.71807861,0.60852051
97293,-1.9567871,0.61325073,0.73608398
97294,-2.2203064,0.58135986,0.77056885
97295,-2.0373535,0.58609009,0.83129883
97296,-2.2401428,0.50521851,1.1029053
97297,-2.3143005,0.55358887,0.81680298
97298,-2.2569275,0.49758911,0.9375
97299,-2.2000122,0.44174194,0.98648071
97300,-2.0550537,0.25024414,1.1645508
97301,-2.2320557,0.14465332,1.2402344
97302,-2.109375,0.09765625,1.1445618
97303,-2.0532227,0.25054932,1.3226318
97304,-2.0352173,0.095825195,1.1456299
97305,-2.1037292,0.18981934,1.3500977
97306,-2.1788025,0.24246216,1.3742065
97307,-2.0333862,0.079956055,1.3920593
97308,-1.9406128,-0.14877319,1.4866638
97309,-2.0152283,-0.27938843,1.5093994
97310,-2.0594788,-0.096130371,1.5162659
97311,-2.0880127,-0.26504517,1.5805054
97312,-2.1147156,-0.27145386,1.651001
97313,-2.0361328,-0.34057617,1.7939758
97314,-2.3010254,-0.48294067,1.6772461
97315,-2.1511841,-0.53970337,1.6821289
97316,-1.9871521,-0.3263855,1.5057373
97317,-2.2537231,-0.55297852,1.7663574
97318,-1.9046021,-0.6867981,1.8623352
97319,-1.8783569,-0.73867798,1.7211914
97320,-1.7507935,-0.80917358,1.6821289
97321,-1.8838501,-0.78262329,1.9186401
97322,-1.7745972,-0.93307495,1.7822266
97323,-1.7712402,-0.80734253,1.9018555
97324,-2.0800781,-1.063385,1.8710327
97325,-1.7358398,-1.1810303,1.9566345
97326,-1.9602966,-1.1999512,1.9462585
97327,-1.6523743,-1.0235596,1.92276
97328,-1.6966248,-1.0089111,2.1166992
97329,-1.5512085,-1.2057495,2.0324707
97330,-1.9166565,-1.3337708,2.0605469
97331,-1.781311,-1.4485168,1.7971802
97332,-1.673584,-1.4320374,1.786499
97333,-1.4645386,-1.5960693,1.7349243
97334,-1.3970947,-1.4933777,1.8548584
97335,-1.2510681,-1.6183472,1.8812561
97336,-1.1628723,-1.6731262,1.6285706
97337,-1.0827637,-1.7294312,1.8206787
97338,-1.1912537,-1.6867065,1.9775391
97339,-1.0246277,-1.698761,1.9004822
97340,-1.1282349,-1.8215942,1.9795227
97341,-0.89294434,-1.8429565,1.862793
97342,-0.76660156,-1.8719482,1.95755
97343,-0.7131958,-1.9203186,1.8920898
97344,-0.67199707,-1.9837952,1.6439819
97345,-0.56884766,-1.9728088,1.6271973
97346,-0.69152832,-2.0555115,1.8003845
97347,-0.53833008,-1.9113159,1.688385
97348,-0.42480469,-2.0037842,1.6552734
97349,-0.43457031,-2.2050476,1.6784668
97350,-0.37017822,-2.1994019,1.8188477
97351,-0.28762817,-2.2607422,1.6360474
97352,-0.19927978,-2.2341919,1.7807007
97353,-0.15319824,-2.3468018,1.7454529
97354,-0.11169434,-2.3098755,1.5817261
97355,-0.094604492,-2.1723938,1.4694214
97356,-0.071105957,-2.3165894,1.3368225
97357,-0.11566162,-2.2399902,1.3287354
97358,0.065307617,-2.2640991,1.3717651
97359,0.085601807,-2.2976685,1.3252258
97360,0.1373291,-2.4043274,1.2632751
97361,0.21942139,-2.3823547,1.2571716
97362,0.036010742,-2.3738098,1.1346436
97363,0.19256592,-2.3294067,0.99472046
97364,0.23681641,-2.2854614,1.1114502
97365,0.35247803,-2.2776794,1.1442566
97366,0.29113769,-2.2363281,0.95581055
97367,0.47164917,-2.1232605,1.0043335
97368,0.53329468,-2.0579529,0.88439941
97369,0.49911499,-2.0809937,0.84106445
97370,0.74890137,-2.0811462,0.88867188
97371,0.6729126,-2.1595764,0.8682251
97372,0.54672241,-2.2360229,0.73394775
97373,0.52688599,-2.1824646,0.78964233
97374,0.66436768,-2.2055054,0.66894531
97375,0.7333374,-2.184906,0.6602478
97376,0.75775147,-2.1412659,0.54214478
97377,0.62072754,-2.268219,0.32440186
97378,0.81848144,-2.272644,0.44616699
97379,0.73577881,-2.1943665,0.23040772
97380,0.74447632,-2.0977783,0.14144898
97381,1.022644,-2.0832825,0.14648438
97382,1.0345459,-2.0159912,0.12710571
97383,1.027832,-2.046051,0.11276245
97384,1.1401367,-1.9850159,0.035095215
97385,1.2347412,-1.9168091,-0.054626465
97386,1.027832,-1.8737793,-0.22354126
97387,1.1155701,-1.7591858,-0.28442383
97388,1.3124084,-1.7245483,-0.21499634
97389,1.1845398,-1.741333,-0.15655518
97390,1.2191772,-1.9229126,-0.38772583
97391,1.1407471,-1.7477417,-0.34103394
97392,1.3290405,-1.6668701,-0.50689697
97393,1.317749,-1.688385,-0.44021606
97394,1.3128662,-1.6040039,-0.40420532
97395,1.264801,-1.4996338,-0.49163818
97396,1.1877441,-1.4620972,-0.48278809
97397,1.1811829,-1.4167786,-0.49224853
97398,1.2327576,-1.4968872,-0.47210693
97399,1.1595154,-1.282196,-0.67977905
97400,1.0133362,-1.285553,-0.57281494
97401,1.05896,-1.1242676,-0.65093994
97402,1.1398315,-0.96832275,-0.79544067
97403,1.2054443,-1.1276245,-0.73867798
97404,1.0643005,-1.026001,-0.90560913
97405,1.1373901,-1.1334229,-0.81512451
97406,1.0906982,-0.98495483,-0.93170166
97407,1.1410522,-0.87280273,-0.9703064
97408,1.2147522,-0.87921143,-0.98205566
97409,1.1711121,-0.75042725,-0.987854
97410,1.1279297,-0.71716309,-1.0083008
97411,0.96939087,-0.73043823,-1.0440063
97412,1.0664368,-0.6640625,-1.0630798
97413,1.0070801,-0.4196167,-1.2387085
97414,1.0250854,-0.66925049,-1.1703491
97415,0.93673706,-0.62072754,-1.1763
97416,0.86303711,1.1213684,-1.4834595
97417,1.0267639,-0.38024902,-1.3342285
97418,0.88287353,-0.23880005,-1.2669373
97419,0.81375122,-0.14160156,-1.4306641
97420,0.73074341,-0.11077881,-1.3989258
97421,0.62301636,-0.21835327,-1.3975525
97422,0.68847656,-0.36376953,-1.6049194
97423,0.60241699,-0.39672852,-1.8128967
97424,0.59051514,-0.071258545,-1.3842773
97425,0.62225342,0.028991699,-1.2687683
97426,0.66360474,0.27999878,-1.4544678
97427,0.42297363,0.25741577,-1.3839722
97428,0.42800903,0.45303345,-1.399231
97429,0.41717529,0.42556763,-1.289978
97430,0.41671753,0.30532837,-1.4764404
97431,0.20553589,0.56396484,-1.4581299
97432,0.088806152,0.57632446,-1.4332581
97433,0.17120361,0.67428589,-1.4874268
97434,-0.016174316,0.60729981,-1.2295532
97435,0.10528565,0.58349609,-1.3796997
97436,0.006713867,0.5897522,-1.4044189
97437,0.083770752,0.66421509,-1.2831116
97438,-0.29724121,0.80963135,-1.3418579
97439,-0.2772522,0.81924438,-1.1468506
97440,-0.22521973,0.85769653,-1.1607361
97441,-0.24765015,0.96328735,-1.0334778
97442,-0.25695801,0.84854126,-1.0600281
97443,-0.38421631,1.0961914,-1.178894
97444,-0.31188965,1.0498047,-1.2080383
97445,-0.3956604,1.1380005,-1.0145569
97446,-0.45761108,1.293335,-1.0702515
97447,-0.63873291,1.153717,-1.1096191
97448,-0.7019043,1.1123657,-1.0896301
97449,-0.68847656,1.0980225,-0.91796875
97450,-0.72692871,1.2161255,-1.0522461
97451,-0.75790405,1.2098694,-1.0568237
97452,-0.82550049,1.2646484,-0.77758789
97453,-0.88699341,1.3406372,-0.77453613
97454,-0.93200684,1.2797546,-0.78613281
97455,-1.0577393,1.2718201,-0.66223144
97456,-1.0107422,1.2696838,-0.71960449
97457,-0.98587036,1.3482666,-0.64758301
97458,-1.2167358,1.4891052,-0.58288574
97459,-1.2828064,1.5066528,-0.42816162
97460,-1.2808228,1.525116,-0.42297363
97461,-1.2849426,1.4575195,-0.44769287
97462,-1.4515686,1.4045715,-0.40679932
97463,-1.4225769,1.2225342,-0.31356811
97464,-1.4628601,1.1825562,-0.33493042
97465,-1.5710449,1.1408997,-0.25085449
97466,-1.6506958,1.164856,-0.20492554
97467,-1.6802979,1.1302185,-0.077056885
97468,-1.9483948,0.88302612,-0.35827637
97469,-1.8154907,1.138916,-0.043334961
97470,-1.7849731,1.1999512,-0.054779053
97471,-1.8232727,1.1457825,0.2230835
97472,-1.7712402,1.2104797,0.13702393
97473,-1.783905,1.1489868,0.15167236
97474,-1.7852783,1.1506653,0.1574707
97475,-1.9177246,1.1755371,0.30456543
97476,-1.8493652,1.1793518,0.37887573
97477,-1.9187927,1.1083984,0.36773682
97478,-1.8894959,1.0340881,0.40161133
97479,-1.9602966,1.1376953,0.40603638
97480,-1.9812012,0.87158203,0.45898438
97481,-2.0144653,0.831604,0.51452637
97482,-2.1160889,1.9911194,0.65063477
97483,-2.1374512,0.95657349,0.64712524
97484,-2.1794128,0.97869873,0.6237793
97485,-2.1765137,0.95626831,0.62835693
97486,-2.1638489,0.90682983,0.67764282
97487,-2.2106934,0.90209961,0.89797974
97488,-2.1894836,0.61752319,0.88058472
97489,-2.0957947,0.82931519,0.98495483
97490,-2.1611023,0.58898926,0.92605591
97491,-2.0806885,0.45043945,1.1094666
97492,-2.0483398,0.51330566,0.89233398
97493,-2.1812439,0.38223267,1.0221863
97494,-2.1972656,0.37902832,1.3796997
97495,-2.2114563,0.27587891,1.2814331
97496,-2.1444702,0.29937744,1.3320923
97497,-2.1385193,0.26290894,1.4172363
97498,-2.4237061,0.047607422,1.3264465
97499,-2.5805664,0.053710938,1.4331055
97500,-2.7633667,-0.11901856,1.4520264
97501,-2.3304749,-0.016021729,1.5945435
97502,-2.5634766,-0.1725769,1.4277649
97503,-2.1403503,-0.096130371,1.5293884
97504,-2.2149658,-0.26641846,1.7266846
97505,-1.9351196,-0.30334473,1.5390015
97506,-1.736145,-0.34896851,1.6572571
97507,-2.1453857,-0.46478272,1.574707
97508,-1.754303,-0.40679932,1.7785645
97509,-1.9262695,-0.38192749,1.8476868
97510,-1.9532776,-0.47424316,1.7843628
97511,-1.9607544,-0.55786133,1.6217041
97512,-1.8011475,-0.68939209,1.7045593
97513,-1.7663574,-0.75546265,1.6656494
97514,-1.9708252,-0.83526611,1.8083191
97515,-1.9943237,-0.6942749,1.9451904
97516,-1.7959595,-0.91308594,1.8579102
97517,-1.6795349,-1.1199951,1.8444824
97518,-1.6212463,-1.1943054,1.7315674
97519,-1.5948486,-1.2091064,1.812439
97520,-1.5663147,-1.4030457,2.0315552
97521,-1.5911865,-1.1924744,1.9044495
97522,-1.5740967,-1.1502075,1.8988037
97523,-1.2904358,-1.2683105,1.9555664
97524,-1.6427612,-1.2515259,1.9577026
97525,-1.1798096,-1.2718201,1.9775391
97526,-1.3716125,-1.62323,1.9363403
97527,-1.3616943,-1.399231,1.693573
97528,-1.3909912,-1.6534424,1.8888855
97529,-1.6691589,-1.9223022,1.9160461
97530,-1.1738586,-1.7362976,2.0428467
97531,-1.3548279,-1.7977905,1.9239807
97532,-1.1297607,-1.6647339,1.9839478
97533,-1.2423706,-1.7440796,1.8945313
97534,-1.1495972,-1.7166138,1.9335938
97535,-0.93414307,-1.5638733,1.9815063
97536,-0.79345703,-1.7474365,2.0550537
97537,-0.73318481,-1.8687439,1.9036865
97538,-0.7409668,-1.9345093,1.9281006
97539,-0.78369141,-1.9993591,1.8359375
97540,-0.7194519,-1.9560242,1.7866516
97541,-0.6451416,-1.8745422,1.8913269
97542,-0.71914673,-2.1858215,1.7407227
97543,-0.52917481,-2.2052002,1.6722107
97544,-0.44799805,-2.190094,1.8139648
97545,-0.39794922,-2.1685791,1.7726135
97546,-0.34729004,-2.1792603,1.6905212
97547,-0.21209717,-2.4310303,1.5412903
97548,-0.19393921,-2.4110413,1.5306091
97549,-0.26931763,-2.3860168,1.5075684
97550,-0.071563721,-2.3443604,1.6540527
97551,-0.066986084,-2.4217224,1.5866089
97552,0.012664795,-2.3954773,1.5170288
97553,0.14419556,-2.3323059,1.491394
97554,0.27404785,-2.2021484,1.3943481
97555,0.16052246,-2.3352051,1.2780762
97556,0.50216675,-2.570343,1.2892151
97557,0.38330078,-2.3425293,1.2435913
97558,0.43182373,-2.5521851,1.0774231
97559,0.4447937,-2.6040649,0.94924927
97560,0.54840088,-2.53479,0.94070435
97561,0.63293457,-2.4047852,0.85922241
97562,0.60699463,-2.3751831,0.90240478
97563,0.72448731,-2.3956299,0.83587647
97564,0.75775147,-2.3905945,1.0192871
97565,0.75775147,-2.3779297,0.74111938
97566,0.81848144,-2.2320557,0.64025879
97567,0.53497315,-2.1389771,0.55496216
97568,0.89309692,-2.1096802,0.59921265
97569,0.84533691,-2.2070313,0.52902222
97570,0.89172363,-2.2625732,0.46951294
97571,1.0383606,-2.3428345,0.51727295
97572,1.008606,-2.4131775,0.46722412
97573,1.1303711,-2.2073364,0.42739868
97574,1.1239624,-2.2323608,0.26153564
97575,1.1480713,-2.109375,0.10467529
97576,1.1184692,-2.2479248,0.10498047
97577,0.99472046,-2.1655273,0.28671265
97578,1.2103271,-2.1813965,0.25100708
97579,1.1965942,-2.0109558,0.045776367
97580,1.2835693,-1.9708252,0.086975098
97581,1.3002014,-1.9590759,-0.073699951
97582,1.2507629,-2.0176697,-0.059204102
97583,1.1679077,-2.0195007,-0.12298584
97584,1.3124084,-1.8501282,-0.24002075
97585,1.3182068,-1.9491577,-0.2746582
97586,1.2298584,-2.0039368,-0.47698975
97587,1.3644409,-1.8603516,-0.56396484
97588,1.0742188,-1.6896057,-0.56396484
97589,1.3571167,-1.5858459,-0.41198731
97590,1.338501,-1.4411926,-0.34011841
97591,1.3627625,-1.4874268,-0.40618897
97592,1.3746643,-1.4624023,-0.52902222
97593,1.2680054,-1.3848877,-0.55175781
97594,1.3201904,-1.4579773,-0.67321777
97595,1.1724854,-1.2617493,-0.83312988
97596,1.499939,-1.2750244,-0.75531006
97597,1.2362671,-1.1727905,-0.73883057
97598,1.2149048,-1.1260986,-0.70022583
97599,1.2013245,-0.96984863,-0.80490112
97600,1.1904907,-0.97961426,-0.94192505
97601,1.0852051,-1.126709,-0.82580566
97602,1.1807251,-1.0171509,-1.0546875
97603,1.1486816,-1.0350037,-1.0946655
97604,1.0964966,-0.91384888,-1.0565186
97605,1.0975647,-0.76858521,-1.1720276
97606,1.1035156,-0.64819336,-1.1730957
97607,1.1825562,-0.65856934,-1.260376
97608,1.1799622,-0.58105469,-1.1471558
97609,1.1408997,-0.59005737,-1.2564087
97610,1.1399841,-0.49407959,-1.2771606
97611,1.1265564,-0.42037964,-1.2844849
97612,1.1036682,-0.40649414,-1.2882996
97613,1.0540771,-0.50537109,-1.396637
97614,1.0238647,1.0726929,-1.2901306
97615,0.9866333,-0.21530151,-1.2731934
97616,0.79284668,-0.096740723,-1.3948059
97617,0.77484131,0.18218994,-1.3859558
97618,0.58074951,-0.14770508,-1.4927673
97619,0.96755981,0.007171631,-1.3357544
97620,0.84091187,0.18096924,-1.3441467
97621,0.68557739,0.23452759,-1.4419556
97622,0.67245483,0.28945923,-1.4245605
97623,0.55618286,0.32394409,-1.5791321
97624,0.5329895,0.39367676,-1.4299011
97625,0.45074463,0.54672241,-1.5800476
97626,0.4850769,0.51025391,-1.3386536
97627,0.29754639,0.53009033,-1.4482117
97628,0.35125732,0.53665161,-1.5617371
97629,0.42800903,0.66650391,-1.4529419
97630,0.28106689,0.68557739,-1.5078735
97631,0.19348145,0.7951355,-1.4463806
97632,0.023193359,0.72143555,-1.3119507
97633,0.21759033,0.80078125,-1.3046265
97634,-0.088195801,0.98968506,-1.4369202
97635,-0.1361084,1.0661316,-1.5444946
97636,-0.10726929,1.0777283,-1.4457703
97637,-0.17684937,1.2026978,-1.3256836
97638,-0.43945313,1.1801147,-1.1676025
97639,-0.47607422,1.4407349,-1.2026978
97640,-0.50689697,1.2123108,-1.3227844
97641,-0.48599243,1.2023926,-1.0969543
97642,-0.47622681,1.2542725,-1.0539246
97643,-0.60729981,1.254425,-1.0984802
97644,-0.55236816,1.1567688,-1.2132263
97645,-0.64804077,1.0722351,-1.1401367
97646,-0.70098877,1.2736511,-0.96405029
97647,-0.78781128,1.2509155,-1.0089111
97648,-0.8984375,1.363678,-0.89584351
97649,-0.82138062,1.4718628,-0.98205566
97650,-0.97579956,1.3835144,-0.95428467
97651,-1.0467529,1.4228821,-0.92819214
97652,-1.2278748,1.4131165,-0.84014893
97653,-1.131897,1.4096069,-0.7484436
97654,-1.1862183,1.4297485,-0.65704346
97655,-1.222229,1.5179443,-0.63659668
97656,-1.3401794,1.4685059,-0.56030273
97657,-1.4535522,1.4533997,-0.46356201
97658,-1.4607239,1.4308166,-0.36407471
97659,-1.3864136,1.3941956,-0.29327393
97660,-1.5467834,1.428833,-0.21392822
97661,-1.5463257,1.4042664,-0.19470215
97662,-1.6015625,1.4855957,-0.1184082
97663,-1.5124512,1.4486694,-0.16723633
97664,-1.8811035,1.3182068,-0.21789551
97665,-1.7485046,1.2333679,-0.18951416
97666,-1.8814087,1.1946106,-0.1638794
97667,-1.9114685,1.2864685,0.060882568
97668,-1.8113709,1.4356995,0.059814453
97669,-1.8588257,1.4485168,0.21362305
97670,-1.9830322,1.4344788,0.18035889
97671,-1.9430542,1.3938904,0.29602051
97672,-1.8927002,1.254425,0.21957398
97673,-2.0349121,1.242981,0.42236328
97674,-2.1478271,1.3864136,0.519104
97675,-2.1252441,1.1923218,0.40679932
97676,-2.0826721,1.0128784,0.5267334
97677,-2.2940063,1.0769653,0.63537598
97678,-2.2894287,1.1169434,0.66543579
97679,-2.2750854,0.93536377,0.66223144
97680,-2.280426,2.1707153,0.71746826
97681,-2.0315552,1.0894775,0.74752808
97682,-2.1781921,0.8404541,0.80123901
97683,-2.3074341,0.91995239,0.78445435
97684,-2.3112488,0.97900391,0.90820313
97685,-2.3008728,0.82366943,1.0295105
97686,-2.1557617,0.74386597,0.95550537
97687,-2.3774719,0.82962036,1.0826111
97688,-2.6596069,0.65155029,1.199646
97689,-2.2225952,0.6741333,1.3658142
97690,-2.3225403,0.48797607,1.1355591
97691,-2.4220276,0.32470703,1.3433838
97692,-2.3674011,0.13854981,1.5565491
97693,-2.3492432,0.38101196,1.4108276
97694,-2.6489258,0.16433716,1.4060974
97695,-2.5592041,0.2507019,1.5380859
97696,-2.4606323,-0.008392334,1.5104675
97697,-2.0188904,0.024871826,1.5261841
97698,-1.9259644,-0.035858154,1.4198303
97699,-2.2491455,-0.08392334,1.5263367
97700,-2.0976257,-0.069122314,1.5737915
97701,-2.1653748,-0.49209595,1.6772461
97702,-2.2174072,-0.56808472,1.756134
97703,-2.3892212,-0.25314331,1.7622375
97704,-2.1723938,-0.45410156,1.6098022
97705,-2.0352173,-0.34515381,1.7179871
97706,-2.3374939,-0.40405273,1.6307068
97707,-2.3287964,-0.66925049,1.739502
97708,-2.1188354,-0.77758789,1.6957092
97709,-2.0883179,-0.88150024,1.8432617
97710,-2.0433044,-1.1022949,2.021637
97711,-1.953125,-0.86288452,2.1295166
97712,-1.9070435,-0.92575073,2.0022583
97713,-1.8640137,-0.88973999,2.1427917
97714,-2.0123291,-1.4134216,1.8093872
97715,-1.8385315,-1.1747742,1.9050598
97716,-1.8711853,-1.388092,2.038269
97717,-1.6674805,-1.2754822,1.8994141
97718,-1.7424011,-1.3241577,2.0770264
97719,-1.7280579,-1.244812,2.1789551
97720,-1.6798401,-1.0055542,2.3921204
97721,-1.5087891,-1.1839294,2.1281433
97722,-1.7420959,-1.5281677,2.3226929
97723,-1.3430786,-1.6011047,2.0449829
97724,-1.1425781,-1.7442322,2.1963501
97725,-1.6816711,-1.8258667,1.9372559
97726,-1.3456726,-2.0394897,1.9229126
97727,-1.2567139,-1.5641785,2.2731018
97728,-1.5472412,-2.2525024,1.8948364
97729,-0.82778931,-2.0445251,2.1101379
97730,-1.0742188,-1.9116211,1.8751526
97731,-0.91217041,-2.0822144,1.9892883
97732,-0.96939087,-1.8945313,2.1369934
97733,-1.1494446,-2.0022583,1.9020081
97734,-0.87677002,-1.8655396,2.0620728
97735,-0.76507568,-2.1133423,2.0626831
97736,-0.64697266,-2.0825195,1.9537354
97737,-0.73654175,-2.0967102,2.0280457
97738,-0.6187439,-2.0046997,2.0527649
97739,-0.48843384,-2.2369385,2.0115662
97740,-0.49850464,-2.350769,1.7961121
97741,-0.51940918,-2.3846436,1.8850708
97742,-0.54275513,-2.3150635,1.619873
97743,-0.38619995,-2.4107361,1.8325806
97744,-0.1725769,-2.4336243,1.7927551
97745,-0.17593384,-2.4835205,1.8380737
97746,-0.1083374,-2.5665283,1.6416931
97747,-0.077209473,-2.7246094,1.5135193
97748,0.058441162,-2.7555847,1.5707397
97749,0.087127686,-2.7139282,1.522522
97750,0.18341065,-2.5973511,1.3806152
97751,0.23895264,-2.6605225,1.6374207
97752,0.19790649,-2.3353577,1.4471436
97753,0.22064209,-2.5299072,1.4141846
97754,0.39794922,-2.5392151,1.2704468
97755,0.40618897,-2.431488,1.290741
97756,0.54229736,-2.5497437,1.290741
97757,0.57739258,-2.6014709,1.2004089
97758,0.59539795,-2.6486206,1.1340332
97759,0.5921936,-2.6553345,1.1444092
97760,0.67993164,-2.6257324,1.1000061
97761,0.67352295,-2.6138306,1.0467529
97762,0.71029663,-2.5468445,0.9236145
97763,0.73898315,-2.3782349,0.86288452
97764,0.79284668,-2.4401855,0.7800293
97765,0.8203125,-2.4766541,0.76324463
97766,0.84411621,-2.5799561,0.68557739
97767,0.88897705,-2.4992371,0.66101074
97768,0.94024658,-2.4497986,0.5947876
97769,1.0223389,-2.3510742,0.45776367
97770,0.96343994,-2.245636,0.42709351
97771,1.0424805,-2.3007202,0.44158936
97772,1.2055969,-2.3442078,0.38833618
97773,1.2312317,-2.39151,0.27816772
97774,1.2379456,-2.3123169,0.22415161
97775,1.1895752,-2.4253845,0.22857666
97776,1.3879395,-2.1936035,0.1361084
97777,1.3713074,-2.0613098,0.076904297
97778,1.3238525,-2.0178223,-0.045318604
97779,1.383667,-2.1101379,-0.048217773
97780,1.3464355,-2.1282959,-0.24017334
97781,1.5193176,-1.9688416,-0.30044556
97782,1.6818237,-1.9676209,-0.35263061
97783,1.4915466,-1.8574524,-0.27297974
97784,1.5298462,-1.6217041,-0.36712647
97785,1.5144348,-1.6064453,-0.44662476
97786,1.4285278,-1.5634155,-0.47195435
97787,1.4657593,-1.5507507,-0.47454834
97788,1.5270996,-1.5858459,-0.50628662
97789,1.4802551,-1.5139771,-0.58700562
97790,1.441803,-1.4685059,-0.61309815
97791,1.4076233,-1.4427185,-0.64453125
97792,1.3883972,-1.3859558,-0.69915772
97793,1.4053345,-1.4376831,-0.83679199
97794,1.4085388,-1.2567139,-0.88256836
97795,1.4324951,-1.3183594,-0.76324463
97796,1.4874268,-1.1907959,-0.96099853
97797,1.5144348,-1.0740662,-0.99380493
97798,1.2245178,-1.1068726,-0.91552734
97799,1.1361694,-1.1430359,-0.90744019
97800,1.2953186,-0.8001709,-1.1505127
97801,1.4318848,-0.91094971,-1.0836792
97802,1.2792969,-0.84991455,-1.073761
97803,1.2261963,-0.79544067,-1.1131287
97804,1.2477112,-0.70556641,-1.1265564
97805,1.1489868,-0.50628662,-1.1680603
97806,1.0931396,-0.60852051,-1.4013672
97807,1.0757446,-0.62728882,-1.3305664
97808,1.1604309,-0.47286987,-1.4056396
97809,1.0394287,-0.33660889,-1.3348389
97810,1.0250854,-0.26931763,-1.5377808
97811,1.1306763,-0.4486084,-1.4846802
97812,1.0594177,0.82321167,-1.4149475
97813,0.99884033,-0.21072388,-1.4532471
97814,0.96069336,-0.001525879,-1.4819336
97815,0.74951172,-0.067443848,-1.5516663
97816,0.65963745,0.22521973,-1.5197754
97817,0.79956055,0.088500977,-1.6104126
97818,0.82000732,0.34851074,-1.5516663
97819,0.79330444,0.28106689,-1.6189575
97820,0.71243286,0.37353516,-1.632843
97821,0.70526123,0.42572022,-1.6110229
97822,0.56915283,0.37490845,-1.605072
97823,0.50506592,0.60897827,-1.7216492
97824,0.51422119,0.6350708,-1.4781189
97825,0.29052734,0.72357178,-1.4860535
97826,0.25177002,0.47393799,-1.5737915
97827,0.067138672,0.72052002,-1.5184021
97828,0.31829834,0.58013916,-1.5299988
97829,0.10360718,0.73150635,-1.3948059
97830,0.10910034,0.77270508,-1.3023376
97831,-0.094146729,0.85159302,-1.5779114
97832,-0.03112793,0.84777832,-1.5385437
97833,-0.15686035,0.82580566,-1.4190674
97834,-0.04486084,0.90209961,-1.4082336
97835,-0.23468018,0.93460083,-1.5103149
97836,-0.37658691,1.0072327,-1.3343811
97837,-0.40252686,0.98266602,-1.3487244
97838,-0.38101196,1.1935425,-1.2889099
97839,-0.31677246,1.3044739,-1.2086487
97840,-0.57037353,1.2916565,-1.0446167
97841,-0.60028076,1.348877,-1.0964966
97842,-0.71029663,1.2719727,-0.86395264
97843,-0.61050415,1.427002,-0.90942383
97844,-0.72265625,1.2966919,-1.0180664
97845,-0.78826904,1.363678,-0.89248657
97846,-0.81054688,1.5338135,-0.93139648
97847,-0.82290649,1.4753723,-1.0498047
97848,-1.1613464,1.3920593,-0.87112427
97849,-1.0009766,1.3624573,-0.86990356
97850,-1.0084534,1.3070679,-0.92468262
97851,-1.0621643,1.3204956,-0.97229004
97852,-1.1169434,1.28479,-0.92773438
97853,-1.2261963,1.5130615,-0.78170776
97854,-1.2686157,1.5275574,-0.76049805
97855,-1.4102173,1.3838196,-0.68313599
97856,-1.5260315,1.6140747,-0.59555054
97857,-1.5063477,1.491394,-0.56900024
97858,-1.5254211,1.4494324,-0.45272827
97859,-1.607666,1.3789368,-0.37200928
97860,-1.6210938,1.4149475,-0.34698486
97861,-1.7514038,1.1856079,-0.53436279
97862,-1.6868591,1.2738037,-0.24490356
97863,-1.5124512,1.3124084,-0.26260376
97864,-1.8280029,1.3230896,-0.024261475
97865,-1.7512512,1.3169861,0.054931641
97866,-1.8261719,1.2155151,-0.000762939
97867,-1.9030762,1.3642883,-0.067596436
97868,-1.9337463,1.3687134,0.17730713
97869,-1.9537354,1.2481689,0.30548096
97870,-1.9612122,1.1201477,0.17410278
97871,-1.9941711,1.321106,0.29434204
97872,-2.1420288,1.1825562,0.2305603
97873,-2.0921326,1.0658264,0.34561157
97874,-2.0864868,1.0067749,0.44082642
97875,-2.1684265,0.93795776,0.44189453
97876,-2.1621704,1.0340881,0.56152344
97877,-2.0823669,0.39627075,0.58639526
97878,-2.0722961,1.1776733,0.62820435
97879,-2.1322632,1.0958862,0.61767578
97880,-2.300415,0.81466675,0.74737549
97881,-2.3039246,0.96679688,0.61920166
97882,-2.2648621,0.77545166,0.81451416
97883,-2.2433472,0.67504883,1.0458374
97884,-2.4807739,0.71334839,1.0665894
97885,-2.2615051,0.69458008,1.1422729
97886,-2.3260498,0.51391602,1.1837769
97887,-2.2808838,0.46554565,1.2701416
97888,-2.2270203,0.42098999,1.1499023
97889,-2.293396,0.43548584,0.81954956
97890,-2.1374512,0.27481079,1.1428833
97891,-2.1717834,0.24429321,1.2902832
97892,-2.3191833,0.36499023,1.3890076
97893,-2.6287842,0.21026611,1.4207459
97894,-2.3939514,0.23864746,1.5290833
97895,-2.1260071,0.20782471,1.4787292
97896,-2.1656799,0.095062256,1.4926147
97897,-2.3001099,-0.003509521,1.3796997
97898,-2.2509766,0.053253174,1.6482544
97899,-2.1061707,-0.12908935,1.3891602
97900,-2.048645,-0.11398315,1.6781616
97901,-2.1087646,-0.27618408,1.6996765
97902,-2.2486877,-0.40847778,1.8496704
97903,-2.3049927,-0.41671753,1.6859436
97904,-2.0863342,-0.48645019,1.8045044
97905,-2.0672607,-0.66055298,1.7422485
97906,-2.114563,-0.58776856,1.9189453
97907,-2.0294189,-0.74554443,1.9134521
97908,-2.0166016,-0.91171265,1.7668152
97909,-1.9631958,-0.77468872,1.8365479
97910,-1.8572998,-1.018219,1.8771362
97911,-2.0170593,-1.133728,1.9381714
97912,-1.966095,-0.88562012,1.9946289
97913,-1.8780518,-1.0823059,1.8676758
97914,-1.9670105,-1.2063599,1.93573
97915,-1.6685486,-1.2185669,2.1174622
97916,-1.7295837,-1.3447571,2.1879578
97917,-1.7703247,-1.3378906,2.0193481
97918,-1.6169739,-1.3444519,2.2666931
97919,-1.4616394,-1.3677979,2.013855
97920,-1.4231873,-1.5063477,2.2296143
97921,-1.3722229,-1.3594055,2.1191406
97922,-1.4257813,-1.7532349,2.1844482
97923,-1.3471985,-1.6867065,2.0962524
97924,-1.292572,-1.6848755,2.0724487
97925,-1.2870789,-1.6668701,2.2021484
97926,-1.1813354,-1.8551636,2.2224426
97927,-1.3510132,-1.8440247,2.1681213
97928,-1.0368347,-1.8911743,2.1943665
97929,-0.99029541,-2.040863,2.1327209
97930,-0.85479736,-1.8565369,2.1765137
97931,-1.0333252,-1.9100952,2.0733643
97932,-0.99456787,-2.0002747,2.0429993
97933,-0.65734863,-1.9918823,2.1289063
97934,-0.80307007,-2.0037842,1.8908691
97935,-0.74539185,-2.0196533,2.1864319
97936,-0.6161499,-2.1054077,1.834259
97937,-0.496521,-2.1035767,1.8391418
97938,-0.51010132,-2.2520447,1.887207
97939,-0.33233643,-2.2190857,1.9421387
97940,-0.41091919,-2.4429321,1.809845
97941,-0.27755737,-2.2210693,1.8925476
97942,-0.34545898,-2.2038269,1.7468262
97943,-0.05645752,-2.2380066,1.6894531
97944,-0.1171875,-2.3500061,1.6313171
97945,-0.14663696,-2.4194336,1.697998
97946,-0.17089844,-2.5024414,1.6577148
97947,0.042419434,-2.5535583,1.5454102
97948,0.06439209,-2.5236511,1.50177
97949,0.17684937,-2.4562073,1.416626
97950,0.18463135,-2.3358154,1.5487671
97951,0.17883301,-2.2251892,1.40625
97952,0.18341065,-2.1829224,1.4567566
97953,0.33233643,-2.328186,1.363678
97954,0.29342651,-2.3451233,1.151886
97955,0.41366577,-2.3999023,1.134491
97956,0.49407959,-2.3291016,1.1695862
97957,0.5317688,-2.4098206,1.0696411
97958,0.52322388,-2.4752808,0.94696045
97959,0.59204102,-2.4862671,0.89706421
97960,0.65475464,-2.4247742,0.79483032
97961,0.64254761,-2.3962402,0.85494995
97962,0.78369141,-2.4060059,0.8454895
97963,0.88256836,-2.3974609,0.72753906
97964,0.84640503,-2.3405457,0.58914185
97965,0.90499878,-2.480011,0.58563232
97966,0.99960327,-2.3620605,0.72341919
97967,0.8670044,-2.2935486,0.59539795
97968,1.0070801,-2.4327087,0.58959961
97969,1.0800171,-2.3800659,0.4069519
97970,1.2113953,-2.3327637,0.28930664
97971,1.071167,-2.1055603,0.42816162
97972,1.0125732,-2.1218872,0.3036499
97973,1.2507629,-2.1421814,0.23651123
97974,1.0562134,-1.6184998,0.18096924
97975,1.0328674,-2.119751,0.038452148
97976,1.2579346,-1.9818115,0.025177002
97977,1.0948181,-2.0181274,-0.03616333
97978,1.1434937,-1.9126892,-0.1940918
97979,1.2449646,-1.98349,-0.14602661
97980,1.3458252,-1.8484497,-0.17669678
97981,1.2123108,-1.7739868,-0.21606445
97982,1.1572266,-1.9020081,-0.25756836
97983,1.1923218,-1.8563843,-0.31646728
97984,1.2590027,-1.7851257,-0.31784058
97985,1.3375854,-1.6645813,-0.34881592
97986,1.3557434,-1.5638733,-0.37734985
97987,1.2588501,-1.6174316,-0.51605225
97988,1.2585449,-1.4697266,-0.50811768
97989,1.1721802,-1.4131165,-0.48934936
97990,1.15448,-1.4305115,-0.61462402
97991,1.2542725,-1.4854431,-0.72616577
97992,1.1112976,-1.2689209,-0.74249268
97993,1.3156128,-1.138916,-0.90438843
97994,1.2219238,-1.0205078,-0.83572388
97995,1.2503052,-1.0552979,-0.94360352
97996,1.1515808,-1.0122681,-1.0070801
97997,1.1174011,-0.89447022,-0.94833374
97998,1.0795593,-0.88226318,-1.0009766
97999,1.2089539,-0.88104248,-1.0096741
98000,1.109314,-0.79162598,-1.1224365
98001,1.1326599,-0.73287964,-1.2240601
98002,1.1914063,-0.58883667,-1.2043762
98003,1.2530518,-0.51437378,-1.2823486
98004,1.1412048,-0.57937622,-1.1972046
98005,1.1036682,-0.62072754,-1.2892151
98006,1.0951233,-0.50491333,-1.1459351
98007,0.987854,-0.32623291,-1.2768555
98008,0.8706665,-0.3477478,-1.1691284
98009,0.90942383,-0.25054932,-1.2661743
98010,0.89416504,0.18508911,-1.2983704
98011,0.78704834,-0.25634766,-1.3996887
98012,0.79223633,-0.10879517,-1.418457
98013,0.78414917,0.11413574,-1.2512207
98014,0.4699707,0.015106201,-1.4317322
98015,0.52978516,-0.3666687,-1.6329956
98016,0.66864014,-0.084686279,-1.3708496
98017,0.63583374,0.1890564,-1.3108826
98018,0.57434082,0.21179199,-1.1904907
98019,0.53009033,0.36315918,-1.1982727
98020,0.47973633,0.35797119,-1.3700867
98021,0.48370361,0.31982422,-1.6629028
98022,0.23910523,0.42617798,-1.4337158
98023,0.35507202,0.47210693,-1.2341309
98024,0.34118652,0.5783081,-1.4266968
98025,0.19989014,0.70571899,-1.464386
98026,0.11611939,0.73608398,-1.3792419
98027,0.11199951,0.68054199,-1.4082336
98028,-0.061187744,0.67993164,-1.2535095
98029,-0.071716309,0.65002441,-1.2387085
98030,-0.20721435,0.82855225,-1.2008667
98031,-0.11688232,0.76568603,-1.1161804
98032,-0.16357422,0.80505371,-1.2887573
98033,-0.17120361,0.89645386,-1.2553406
98034,-0.21438599,0.97244263,-1.1688232
98035,-0.3678894,0.99151611,-1.18927
98036,-0.39428711,1.038208,-1.3247681
98037,-0.34240723,1.1236572,-1.2789917
98038,-0.42022705,1.1805725,-1.2731934
98039,-0.61782837,1.2489319,-1.1288452
98040,-0.54077148,1.1601257,-1.2011719
98041,-0.71502685,1.1856079,-1.1602783
98042,-0.6716919,1.227417,-0.99990845
98043,-0.64270019,1.2106323,-0.98388672
98044,-0.62866211,1.1654663,-0.87158203
98045,-0.7498169,1.2759399,-0.60180664
98046,-0.83221435,1.3290405,-0.74890137
98047,-1.0404968,1.3105774,-0.61813354
98048,-0.95550537,1.4483643,-0.55831909
98049,-1.0325623,1.3555908,-0.61981201
98050,-1.1509705,1.4097595,-0.55236816
98051,-1.1308289,1.288147,-0.51925659
98052,-1.2042236,1.3137817,-0.4069519
98053,-1.2290955,1.3502502,-0.62637329
98054,-1.4674377,1.3476563,-0.4296875
98055,-1.45401,1.2582397,-0.29846191
98056,-1.44104,1.2107849,-0.29418945
98057,-1.6612244,1.121521,-0.4447937
98058,-1.4698791,1.2591553,-0.31417847
98059,-1.7263794,1.2347412,-0.19256592
98060,-1.7703247,1.3415527,-0.259552
98061,-1.6488647,1.3070679,-0.1751709
98062,-1.7073059,1.2106323,-0.058898926
98063,-1.7100525,1.2075806,0.15106201
98064,-1.8373108,1.2246704,0.15258789
98065,-1.786499,1.1308289,0.18280029
98066,-1.8595886,1.1660767,0.24383545
98067,-1.8887329,1.2255859,0.26702881
98068,-2.0291138,1.1393738,0.35110474
98069,-1.9250488,1.1871338,0.29632568
98070,-1.9845581,1.1038208,0.30288696
98071,-1.9326782,1.0876465,0.31494141
98072,-2.03125,1.0090637,0.50125122
98073,-2.0826721,1.2661743,0.3767395
98074,-2.1073914,1.078949,0.6401062
98075,-2.1810913,0.54321289,0.58441162
98076,-2.122345,0.88043213,0.67092896
98077,-2.2319031,0.91827393,0.74478149
98078,-2.1009827,0.94070435,0.78796387
98079,-2.1838379,0.92346191,0.8102417
98080,-2.1784973,0.72113037,0.73394775
98081,-2.1485901,0.72723389,0.82550049
98082,-2.1911621,0.71121216,0.85998535
98083,-2.2433472,0.4776001,0.85144043
98084,-2.2406006,0.48980713,0.81130981
98085,-2.1078491,0.43533325,1.0507202
98086,-2.0869446,0.27267456,1.1990356
98087,-2.2717285,0.2961731,1.1593628
98088,-2.1363831,0.092010498,1.1543274
98089,-1.9876099,0.13061523,1.1962891
98090,-2.2505188,0.1348877,1.2234497
98091,-2.1226501,0.14846802,1.214447
98092,-2.2171021,0.17349243,1.2350464
98093,-2.2108459,-0.01739502,1.545105
98094,-2.1479797,-0.030517578,1.5058899
98095,-2.1310425,-0.11947632,1.427002
98096,-2.1763611,-0.26168823,1.4782715
98097,-2.2158813,-0.17059326,1.5441895
98098,-2.0544434,-0.095062256,1.5963745
98099,-1.9586182,-0.29251099,1.5313721
98100,-1.9984436,-0.46600342,1.8200684
98101,-1.9842529,-0.51086426,1.9136047
98102,-2.0024109,-0.42709351,1.7498779
98103,-1.9651794,-0.72494507,1.7854309
98104,-1.8795776,-0.63552856,1.9303894
98105,-1.8080139,-0.65872192,1.9361877
98106,-1.6456604,-0.70632935,1.8530273
98107,-1.6711426,-1.0221863,1.7732239
98108,-1.8315125,-0.9274292,1.9723511
98109,-1.5031433,-0.86837769,1.8795776
98110,-1.6596985,-0.75775147,2.0288086
98111,-1.7236328,-0.83007813,1.9798279
98112,-1.6809082,-1.1514282,1.9009399
98113,-1.6925049,-1.4164734,1.8693542
98114,-1.6526794,-1.3832092,1.8386841
98115,-1.647644,-1.3050842,1.8721008
98116,-1.4797974,-1.3383484,2.0996094
98117,-1.4883423,-1.4555359,1.8862915
98118,-1.3565063,-1.4659119,2.0817566
98119,-1.2182617,-1.4305115,1.8702698
98120,-1.2191772,-1.3632202,1.9976807
98121,-1.282959,-1.4776611,1.9703674
98122,-1.2564087,-1.5234375,2.0106506
98123,-1.1407471,-1.4953613,2.0396423
98124,-1.1325073,-1.7047119,2.0053101
98125,-1.0220337,-1.9949341,1.9226074
98126,-0.87814331,-1.8623352,2.109375
98127,-0.98968506,-1.917572,1.8782043
98128,-0.91384888,-1.6921997,1.9235229
98129,-0.58731079,-1.8336487,1.9013977
98130,-0.73959351,-1.9104004,1.8634033
98131,-0.67382813,-1.9772339,1.7683411
98132,-0.58929443,-1.8933105,1.8341064
98133,-0.50079346,-1.9558716,1.7153931
98134,-0.51376343,-2.0320129,1.8971252
98135,-0.31906128,-2.0056152,1.7036438
98136,-0.45394897,-1.9877625,1.7964172
98137,-0.43640137,-2.134552,1.7648315
98138,-0.38726807,-2.2009277,1.7379761
98139,-0.30487061,-2.2131348,1.6757202
98140,-0.25878906,-2.1141052,1.7120361
98141,-0.18630981,-2.118988,1.6952515
98142,-0.16265869,-2.1434021,1.5710449
98143,-0.13656616,-2.1607971,1.5925598
98144,-0.059509277,-2.2079468,1.5344238
98145,-0.013580322,-2.2140503,1.5115356
98146,0.07522583,-2.1873474,1.4659119
98147,0.075378418,-2.2944641,1.4720154
98148,0.17700195,-2.199707,1.3052368
98149,0.25421143,-2.1920776,1.1894226
98150,0.31494141,-2.1655273,1.15448
98151,0.39306641,-2.2355652,1.1700439
98152,0.44540405,-2.2259521,1.1602783
98153,0.50140381,-2.2929382,1.086731
98154,0.53359985,-2.301178,1.0331726
98155,0.52703857,-2.3078918,1.0186768
98156,0.5758667,-2.3434448,1.043396
98157,0.57983398,-2.3254395,0.84716797
98158,0.75439453,-2.2363281,0.76217651
98159,0.73104858,-2.2492981,0.77850342
98160,0.75683594,-2.1380615,0.6652832
98161,0.7736206,-2.149353,0.53344727
98162,0.76156616,-2.2857666,0.60882568
98163,0.76660156,-2.2288513,0.28442383
98164,0.7951355,-2.0121765,0.42541504
98165,0.90270996,-2.1540833,0.28274536
98166,0.91934204,-1.9143677,0.34332275
98167,0.93353272,-1.991272,0.30838013
98168,1.1268616,-1.8363953,0.27694702
98169,1.0647583,-2.0777893,0.040283203
98170,1.1206055,-2.0173645,0.26687622
98171,1.111145,-1.9839478,0.15457153
98172,1.1407471,-1.9755554,0.096435547
98173,1.0490417,-1.8330383,0.089416504
98174,1.1505127,-1.7562866,-0.14312744
98175,1.214447,-1.8084717,-0.13885498
98176,1.0882568,-1.8118286,-0.17089844
98177,1.1529541,-1.7584229,-0.23712158
98178,1.1715698,-1.7260742,-0.18478394
98179,1.105957,-1.676178,-0.092773438
98180,1.2017822,-1.5907288,-0.20523071
98181,1.1260986,-1.5960693,-0.29708862
98182,1.1126709,-1.5200806,-0.43884277
98183,1.1972046,-1.479187,-0.4951477
98184,1.2426758,-1.4558411,-0.59844971
98185,1.2527466,-1.4648438,-0.58349609
98186,1.2158203,-1.2750244,-0.48187256
98187,1.2744141,-1.3262939,-0.46691894
98188,1.1305237,-1.0877991,-0.70098877
98189,1.1940002,-1.2774658,-0.7019043
98190,1.2385559,-1.133728,-0.92163086
98191,0.99990845,-0.95535278,-0.87524414
98192,1.0110474,-0.79376221,-0.77651978
98193,1.0856628,-0.88912964,-0.86730957
98194,0.94497681,-0.80032349,-1.0630798
98195,1.1610413,-0.87188721,-1.1030579
98196,1.1175537,-0.73989868,-0.97808838
98197,1.1494446,-0.70755005,-0.95886231
98198,1.0617065,-0.60455322,-0.99472046
98199,1.0720825,-0.46951294,-1.0707092
98200,1.0067749,-0.52078247,-0.93795776
98201,1.0255432,-0.50689697,-1.0992432
98202,0.99456787,-0.51971435,-1.063385
98203,0.88073731,-0.47973633,-1.164856
98204,0.84381103,-0.3843689,-1.3087463
98205,0.85067749,-0.26367188,-1.2619019
98206,0.82229614,-0.2255249,-1.2245178
98207,0.80581665,-0.28900147,-1.2695313
98208,0.81665039,-0.24612427,-1.3261414
98209,0.72372437,-0.15853882,-1.2469482
98210,0.69030762,-0.024261475,-1.2460327
98211,0.37231445,-0.47958374,-1.4465332
98212,0.45257568,-0.47225952,-1.4283752
98213,0.17333984,0.028839111,-1.4668274
98214,0.35003662,-0.079040527,-1.2234497
98215,0.38253784,0.29708862,-1.3708496
98216,0.34606934,0.47653198,-1.2625122
98217,0.42861939,0.40908814,-1.2530518
98218,0.35980225,0.53268433,-1.4025879
98219,0.27908325,0.60791016,-1.3677979
98220,0.17715454,0.5456543,-1.4442444
98221,0.16326904,0.5116272,-1.2586975
98222,0.068359375,0.5796814,-1.4138794
98223,-0.11993408,0.72158813,-1.3360596
98224,-0.068206787,0.82733154,-1.2460327
98225,-0.092468262,0.74417114,-1.2809753
98226,-0.15914917,0.78933716,-1.1257935
98227,-0.30517578,0.84060669,-1.2304688
98228,-0.27145386,0.98571777,-1.1825562
98229,-0.21011353,1.0385132,-0.99807739
98230,-0.49194336,1.0650635,-1.0006714
98231,-0.55053711,0.87844849,-1.051178
98232,-0.63812256,0.94909668,-0.98205566
98233,-0.56411743,0.98052978,-0.87188721
98234,-0.5935669,0.99990845,-0.82229614
98235,-0.72509766,1.26297,-0.85784912
98236,-0.75988769,1.2512207,-0.85632324
98237,-0.76629639,1.2416077,-0.99334717
98238,-0.86837769,1.2313843,-1.1216736
98239,-0.92605591,1.2127686,-0.92910767
98240,-1.0183716,1.1044312,-0.79193115
98241,-0.70297241,1.2026978,-0.78216553
98242,-1.0176086,1.1465454,-0.67932129
98243,-1.0174561,1.204834,-0.61340332
98244,-0.98175049,1.2484741,-0.62347412
98245,-1.1398315,1.2579346,-0.51116943
98246,-1.1790466,1.2924194,-0.55145264
98247,-1.235199,1.2432861,-0.39581299
98248,-1.3671875,1.2591553,-0.36315918
98249,-1.395874,1.3430786,-0.45654297
98250,-1.3980103,1.4012146,-0.30151367
98251,-1.5106201,1.1924744,-0.20996094
98252,-1.395874,1.2915039,-0.26977539
98253,-1.6986084,0.85372925,-0.46142578
98254,-1.5081787,1.1079407,-0.15289307
98255,-1.418457,1.1738586,0.11260986
98256,-1.4733887,1.2220764,0.10375977
98257,-1.7225647,1.1225891,-0.020141602
98258,-1.738739,0.9928894,0.031280518
98259,-1.8389893,1.0342407,0.24765015
98260,-1.8113709,1.264801,0.2281189
98261,-1.8595886,1.151123,0.23223877
98262,-1.8893433,1.0903931,0.22796631
98263,-1.8421936,0.95428467,0.3225708
98264,-1.9013977,1.0653687,0.37979126
98265,-1.8882751,1.1882019,0.50445557
98266,-1.8795776,0.96038818,0.47821045
98267,-1.938324,0.8883667,0.49942017
98268,-1.9180298,0.92086792,0.57235718
98269,-1.8864441,0.87768555,0.67153931
98270,-1.9226074,0.84564209,0.62057495
98271,-2.0108032,0.79650879,0.75973511
98272,-1.9184875,0.64056397,0.89355469
98273,-2.0394897,0.69656372,0.74172974
98274,-2.0957947,0.46783447,0.7824707
98275,-2.0306396,1.4764404,1.0800171
98276,-1.9883728,0.58029175,1.1288452
98277,-2.0181274,0.47424316,1.0818481
98278,-2.2793579,0.50140381,1.0749817
98279,-2.1307373,0.46920776,1.053009
98280,-2.109375,0.24490356,1.0560608
98281,-2.1629333,0.38604736,1.1419678
98282,-2.1141052,0.23040772,1.0165405
98283,-2.0820618,0.36712647,1.2127686
98284,-2.1134949,0.31600952,1.3349915
98285,-2.0733643,0.083618164,1.2458801
98286,-2.0594788,0.14556885,1.0951233
98287,-1.9012451,0.029907227,1.2812805
98288,-2.0907593,-0.019378662,1.3372803
98289,-1.9987488,-0.30990601,1.4282227
98290,-2.0648193,-0.16036987,1.5266418
98291,-2.0022583,-0.22644043,1.5316772
98292,-1.8473816,-0.31188965,1.587677
98293,-1.8893433,-0.34744263,1.7021179
98294,-1.9262695,-0.27954102,1.6300964
98295,-1.8753052,-0.41976929,1.6998291
98296,-1.8041992,-0.57785034,1.6384888
98297,-1.8634033,-0.67581177,1.8121338
98298,-1.8951416,-0.64559937,1.8804932
98299,-1.7390442,-0.76339722,2.0526123
98300,-1.7755127,-0.72509766,1.8083191
98301,-1.7398071,-0.89324951,1.9874573
98302,-1.703949,-0.95321655,1.965332
98303,-1.6534424,-1.1653137,1.7565918
98304,-1.6508484,-1.0662842,1.9180298
98305,-1.6246033,-1.1877441,1.9004822
98306,-1.77948,-1.1062622,2.0129395
98307,-1.6958618,-1.2628174,1.8893433
98308,-1.5393066,-1.2069702,1.8939209
98309,-1.4672852,-1.3658142,2.1308899
98310,-1.5426636,-1.4935303,1.9540405
98311,-1.4874268,-1.5332031,1.9288635
98312,-1.3937378,-1.3905334,1.9165039
98313,-1.2832642,-1.6316223,1.8713379
98314,-1.3369751,-1.4587402,1.998291
98315,-1.2290955,-1.5208435,1.9929504
98316,-1.1550903,-1.6372681,1.9338989
98317,-1.1187744,-1.4717102,1.7575073
98318,-1.0632324,-1.3890076,1.9775391
98319,-0.9777832,-1.5882874,2.0069885
98320,-0.87249756,-1.5171814,1.9721985
98321,-0.84609985,-1.8891907,1.8740845
98322,-0.81176758,-1.8630981,1.8476868
98323,-0.78170776,-2.0220947,1.9424438
98324,-0.66497803,-2.0283508,2.0339966
98325,-0.68115234,-1.9781494,1.9805908
98326,-0.54336548,-1.9445801,1.8269348
98327,-0.67977905,-2.048645,1.7140198
98328,-0.5897522,-2.1311951,1.8037415
98329,-0.49285889,-2.144928,1.8156433
98330,-0.35430908,-2.0542908,1.6065979
98331,-0.2053833,-2.1366882,1.6633606
98332,-0.16448975,-2.2505188,1.6711426
98333,-0.15197754,-2.2862244,1.4585876
98334,-0.11154175,-2.4299622,1.572113
98335,-0.028381348,-2.34375,1.54953
98336,0.079345703,-2.4061584,1.5748596
98337,0.047912598,-2.4438477,1.3783264
98338,-0.025634766,-2.1842957,1.4102173
98339,0.14450073,-2.3712158,1.3893127
98340,0.16601563,-2.197113,1.3192749
98341,0.31936645,-2.3278809,1.3777161
98342,0.37704468,-2.4061584,1.2757874
98343,0.39428711,-2.3713684,1.1868286
98344,0.47424316,-2.4107361,1.0746765
98345,0.4725647,-2.3609924,1.0348511
98346,0.49972534,-2.3181152,1.1869812
98347,0.55999756,-2.3257446,0.97915649
98348,0.5935669,-2.3391724,0.93536377
98349,0.5897522,-2.2543335,0.8605957
98350,0.61553955,-2.1983337,0.81298828
98351,0.6942749,-2.2558594,0.81176758
98352,0.59570313,-2.1437073,0.70556641
98353,0.65551758,-2.0695496,0.73364258
98354,0.78994751,-2.1034241,0.73852539
98355,0.71685791,-2.0986938,0.59677124
98356,0.90362549,-2.1289063,0.53695679
98357,0.96328735,-2.1888733,0.47210693
98358,1.0038757,-2.2203064,0.40161133
98359,0.93948364,-2.2157288,0.33248901
98360,0.87265015,-1.9714355,0.27282715
98361,0.97473144,-1.9740295,0.25497436
98362,1.0215759,-2.1859741,0.074920654
98363,1.0890198,-1.9837952,-0.061645508
98364,1.2121582,-1.9380188,0.12298584
98365,1.1883545,-2.0861816,0.012359619
98366,1.1683655,-2.0852661,0.071716309
98367,1.1734009,-1.8765259,0.034332275
98368,1.1637878,-1.7286682,-0.043334961
98369,1.2312317,-1.7190552,-0.2532959
98370,1.0256958,-1.787262,-0.064086914
98371,1.0539246,-1.8440247,-0.31066894
98372,1.100769,-1.7984009,-0.33843994
98373,1.1914063,-1.6912842,-0.29632568
98374,1.3623047,-1.5524292,-0.40649414
98375,1.2011719,-1.3101196,-0.49484253
98376,1.2571716,-1.3339233,-0.56457519
98377,1.0639954,-1.374054,-0.71411133
98378,1.1135864,-1.4224243,-0.61721802
98379,1.1901855,-1.4445496,-0.60134888
98380,1.1560059,-1.4179993,-0.62164307
98381,1.2467957,-1.2004089,-0.69412231
98382,1.1230469,-1.1584473,-0.8505249
98383,1.2068176,-1.0992432,-0.98358154
98384,1.1080933,-1.126709,-0.83297729
98385,1.1418152,-0.96405029,-0.90576172
98386,1.162262,-0.82962036,-0.80718994
98387,1.0366821,-0.82397461,-0.84854126
98388,1.0498047,-0.8605957,-0.88043213
98389,1.0595703,-0.90042114,-0.98022461
98390,1.1328125,-0.6640625,-1.08078
98391,1.0093689,-0.63369751,-1.076355
98392,1.0293579,-0.47317505,-1.0864258
98393,0.91690063,-0.57647705,-1.2397766
98394,1.0379028,-0.30380249,-1.1801147
98395,1.2516785,-0.49987793,-1.3745117
98396,1.1325073,-0.38070679,-1.3166809
98397,0.95855713,-0.17715454,-1.2231445
98398,1.0377502,-0.24230957,-1.3192749
98399,0.82046509,-0.11276245,-1.2271118
98400,0.77804565,-0.18814087,-1.2728882
98401,0.76919556,-0.13473511,-1.2141418
98402,0.66665649,-0.046844482,-1.4129639
98403,0.50003052,-0.11352539,-1.3484192
98404,0.56045532,-0.29037476,-1.2998962
98405,0.62362671,-0.12420654,-1.2852478
98406,0.62515259,-0.054626465,-1.338501
98407,0.60653687,0.47409058,-1.3842773
98408,0.49407959,0.39901733,-1.6677856
98409,0.56793213,0.52932739,-1.5106201
98410,0.43106079,0.41503906,-1.5802002
98411,0.35858154,0.58197022,-1.3319397
98412,0.28869629,0.73287964,-1.360321
98413,0.24658203,0.66848755,-1.3586426
98414,0.12588501,0.7774353,-1.4840698
98415,0.067138672,0.81176758,-1.3919067
98416,0.19790649,0.91125488,-1.3140869
98417,-0.060424805,0.95016479,-1.2750244
98418,0.096588135,0.86624146,-1.3470459
98419,-0.057983398,0.92132568,-1.4962769
98420,-0.19134522,0.85830688,-1.3064575
98421,-0.17333984,0.83847046,-1.156311
98422,-0.21453857,0.91873169,-1.1978149
98423,-0.51254272,0.94177246,-1.1651611
98424,-0.25283814,1.0389709,-1.2384033
98425,-0.33660889,1.0986328,-1.2258911
98426,-0.44174194,1.0896301,-1.1218262
98427,-0.42877197,1.2237549,-1.1375427
98428,-0.62530518,1.2324524,-1.0972595
98429,-0.62149048,1.1538696,-1.1155701
98430,-0.6980896,1.1569214,-0.99182129
98431,-0.69061279,1.2390137,-0.90240478
98432,-0.73684692,1.3026428,-0.9147644
98433,-0.76889038,1.1828613,-0.90438843
98434,-0.88226318,1.3719177,-0.83801269
98435,-0.92681885,1.3354492,-0.90087891
98436,-0.98754883,1.1886597,-0.80596924
98437,-1.1123657,1.1807251,-0.84197998
98438,-1.2736511,1.3894653,-0.78186035
98439,-1.3536072,1.2948608,-0.73577881
98440,-1.413269,1.509552,-0.599823
98441,-1.41922,1.4065552,-0.60684204
98442,-1.5013123,1.2406921,-0.59020996
98443,-1.4878845,1.3842773,-0.49362183
98444,-1.2789917,1.076355,-0.45928955
98445,-1.615448,1.370697,-0.31799316
98446,-1.6453552,1.4361572,-0.35064697
98447,-1.6964722,1.2672424,-0.1940918
98448,-1.6822815,1.3299561,-0.24597168
98449,-1.6581726,1.3310242,-0.20172119
98450,-1.633606,1.2495422,-0.10925293
98451,-1.7520142,1.3882446,-0.11901856
98452,-1.7938232,1.4157104,0.11489868
98453,-1.8257141,1.2611389,0.020294189
98454,-1.7623901,1.1943054,0.16021728
98455,-1.9528198,1.0961914,0.057373047
98456,-1.8911743,0.99380493,0.18493652
98457,-1.8934631,1.1035156,0.23681641
98458,-1.8501282,1.1296082,0.32180786
98459,-1.9590759,1.0839844,0.15563965
98460,-2.1600342,0.93978882,0.49026489
98461,-2.1485901,0.9815979,0.47790527
98462,-2.1148682,0.8203125,0.46356201
98463,-2.0823669,0.87890625,0.57617188
98464,-2.0477295,0.82809448,0.68313599
98465,-2.0973206,0.77316284,0.76660156
98466,-2.0957947,0.73883057,0.82611084
98467,-2.2128296,0.88088989,0.88104248
98468,-2.2261047,0.75683594,0.76293945
98469,-2.2029114,0.49804688,0.95245361
98470,-2.1655273,0.72021484,1.0418701
98471,-2.2306824,0.61157227,1.0855103
98472,-2.2268677,0.6350708,0.89599609
98473,-2.2273254,1.9692993,1.1810303
98474,-2.2079468,0.43334961,1.1256409
98475,-2.1295166,0.40344238,1.1885071
98476,-2.1855164,0.40527344,1.2635803
98477,-2.3344421,0.13854981,1.2149048
98478,-2.1116638,0.22262573,1.3583374
98479,-2.2940063,0.1991272,1.4979553
98480,-2.3228455,-0.025634766,1.5621948
98481,-2.1994019,0.077056885,1.4283752
98482,-2.0631409,-0.030517578,1.5945435
98483,-2.2451782,-0.11505127,1.411438
98484,-1.9854736,-0.1876831,1.3972473
98485,-2.0133972,-0.12588501,1.6140747
98486,-2.0544434,-0.29464722,1.5811157
98487,-2.0783997,-0.43548584,1.6539001
98488,-1.8127441,-0.62164307,1.7655945
98489,-1.8673706,-0.71884155,1.6581726
98490,-2.0320129,-0.52490234,1.9067383
98491,-1.9238281,-0.44433594,1.8649292
98492,-1.9926453,-0.44174194,2.0320129
98493,-1.9812012,-0.90316772,1.817627
98494,-1.8878174,-0.83053589,1.8554688
98495,-1.7980957,-0.73913574,1.9685364
98496,-1.895752,-0.76583862,2.0387268
98497,-1.8397522,-0.85372925,2.0588684
98498,-1.7366028,-0.91552734,2.0101929
98499,-1.650238,-0.96252441,2.0974731
98500,-1.5844727,-1.194458,2.1073914
98501,-1.6586304,-1.386261,1.7504883
98502,-1.640625,-1.3723755,1.7321777
98503,-1.7675781,-1.4634705,1.9772339
98504,-1.2464905,-1.5704346,1.9006348
98505,-1.5049744,-1.3813782,2.1936035
98506,-1.399231,-1.4447021,1.9674683
98507,-1.459198,-1.7019653,2.1444702
98508,-1.5132141,-1.599884,2.0706177
98509,-1.3598633,-1.8429565,2.0922852
98510,-1.325531,-1.7845154,2.0169067
98511,-1.2104797,-1.6970825,2.1206665
98512,-0.89431763,-2.0600891,1.9281006
98513,-1.1962891,-1.7575073,2.0005798
98514,-1.1105347,-1.9004822,1.9857788
98515,-1.1297607,-1.5800476,1.9937134
98516,-0.95733643,-1.7251587,1.9847107
98517,-0.89645386,-1.6918945,2.033844
98518,-0.72677612,-2.0014954,1.8885803
98519,-0.67138672,-1.9165039,1.9242859
98520,-0.72036743,-1.9822693,1.9491577
98521,-0.67352295,-2.0101929,1.9761658
98522,-0.62973022,-2.0515442,1.940918
98523,-0.59890747,-2.2497559,1.9238281
98524,-0.53329468,-2.116394,1.7980957
98525,-0.44570923,-2.1934509,1.7092896
98526,-0.5241394,-2.237854,1.8769836
98527,-0.46310425,-2.2879028,1.8154907
98528,-0.27832031,-2.1806335,1.6958618
98529,-0.17425537,-2.265625,1.652832
98530,-0.23147583,-2.4220276,1.4984131
98531,-0.15777588,-2.3667908,1.5405273
98532,0.089416504,-2.3999023,1.4120483
98533,-0.096130371,-2.4893188,1.4454651
98534,0.045318604,-2.3524475,1.3916016
98535,0.181427,-2.3597717,1.2910461
98536,0.2607727,-2.2277832,1.2811279
98537,0.21331787,-2.444458,1.2797546
98538,0.27740478,-2.6132202,1.2471008
98539,0.47668457,-2.7371216,1.3726807
98540,0.29785156,-2.6107788,1.3240051
98541,0.60516357,-2.4594116,1.2033081
98542,0.69778442,-2.6904297,0.93566894
98543,0.65734863,-2.4076843,1.0087585
98544,0.64178467,-2.4885559,1.0003662
98545,0.75592041,-2.3638916,0.81604004
98546,0.74645996,-2.3857117,0.70861816
98547,0.69885254,-2.2506714,0.76446533
98548,0.6388855,-2.2503662,0.68023682
98549,0.85327148,-2.3164368,0.52642822
98550,1.1419678,-2.1794128,0.5065918
98551,1.0198975,-2.172699,0.56274414
98552,1.0961914,-2.2059631,0.53253174
98553,1.1839294,-2.3770142,0.3024292
98554,1.1712646,-2.2227478,0.36560059
98555,1.3687134,-2.3298645,0.33660889
98556,1.1769104,-2.1311951,0.4045105
98557,1.096344,-2.1740723,0.22994995
98558,1.2536621,-2.2000122,0.14831543
98559,1.2231445,-2.1424866,0.13290405
98560,1.4561462,-2.2663879,-0.05065918
98561,1.2686157,-2.3233032,-0.084991455
98562,1.3525391,-2.2407532,-0.13854981
98563,1.6075134,-2.2219849,-0.15609741
98564,1.3198853,-2.0077515,-0.13000488
98565,1.5116882,-1.93573,-0.21224976
98566,1.4775085,-2.013855,-0.27954102
98567,1.3708496,-2.0199585,-0.27099609
98568,1.2374878,-1.7851257,-0.27191162
98569,1.5107727,-1.8205261,-0.41122436
98570,1.2335205,-1.6624451,-0.52597046
98571,1.539917,-1.5837097,-0.61264038
98572,1.4456177,-1.6917419,-0.78445435
98573,1.6235352,-1.6738892,-0.80566406
98574,1.5022278,-1.4416504,-0.834198
98575,1.3360596,-1.3871765,-0.90621948
98576,1.3227844,-1.3471985,-0.72235107
98577,1.3328552,-1.1300659,-0.70968628
98578,1.4486694,-1.0955811,-0.84213257
98579,1.353302,-1.0879517,-0.90835571
98580,1.3113403,-1.3383484,-1.0522461
98581,1.264801,-1.1355591,-0.89660644
98582,1.2924194,-1.0844421,-0.98510742
98583,1.230011,-0.94650269,-0.98526001
98584,1.1433411,-0.93017578,-1.0758972
98585,1.1190796,-0.75469971,-1.0661316
98586,1.0552979,-0.96069336,-1.05896
98587,1.2057495,-0.9753418,-1.2265015
98588,1.1746216,-0.64254761,-1.1428833
98589,1.050415,-0.65979004,-1.2037659
98590,1.2539673,-0.4850769,-1.3728333
98591,1.2184143,-0.40481567,-1.3067627
98592,1.1587524,-0.29968262,-1.3485718
98593,1.1453247,-0.28320313,-1.4974976
98594,1.0852051,-0.2355957,-1.2600708
98595,1.084137,-0.31539917,-1.3563538
98596,1.006012,-0.24993897,-1.3485718
98597,0.92895508,-0.21148682,-1.4413452
98598,0.83374023,-0.18615723,-1.5921021
98599,0.62591553,-0.1373291,-1.6581726
98600,0.77957153,0.066986084,-1.5719604
98601,0.90759277,0.20278931,-1.5310669
98602,0.7711792,0.21408081,-1.3545227
98603,0.63354492,0.16555786,-1.7260742
98604,0.59860229,0.04699707,-1.5968323
98605,0.57617188,1.5197754,-1.5313721
98606,0.48233032,0.48126221,-1.4648438
98607,0.31234741,0.7069397,-1.541748
98608,0.39459228,0.71792603,-1.4335632
98609,0.2973938,0.76797485,-1.5354919
98610,0.22216797,0.59387207,-1.4901733
98611,0.22003174,0.86288452,-1.3645935
98612,0.1713562,0.76187134,-1.6508484
98613,0.11825561,0.8883667,-1.517334
98614,0.04486084,1.0096741,-1.3745117
98615,0.13305664,0.72509766,-1.3879395
98616,0.02746582,1.0090637,-1.3331604
98617,-0.067443848,0.98709106,-1.4266968
98618,-0.23925781,1.0995483,-1.2997437
98619,-0.22247315,1.1671448,-1.4019775
98620,-0.3137207,1.2371826,-1.3253784
98621,-0.33599853,1.3085938,-1.1489868
98622,-0.45669556,1.4228821,-1.1978149
98623,-0.45928955,1.4498901,-1.2399292
98624,-0.60409546,1.3945007,-1.2901306
98625,-0.63568115,1.1279297,-1.1366272
98626,-0.61889648,1.2976074,-1.0002136
98627,-0.72174072,1.3510132,-1.1888123
98628,-0.71289063,1.4013672,-1.101532
98629,-0.80352783,1.2568665,-1.0421753
98630,-0.8757019,1.5151978,-0.90484619
98631,-0.99731445,1.4572144,-0.76049805
98632,-1.1419678,1.3583374,-0.71395874
98633,-1.0662842,1.3893127,-0.73181152
98634,-1.053772,1.4320374,-0.74005127
98635,-1.1747742,1.473999,-0.73226929
98636,-1.3214111,1.4878845,-0.6010437
98637,-1.3615417,1.5937805,-0.68954468
98638,-1.448822,1.4459229,-0.65429688
98639,-1.4920044,1.5678406,-0.58059692
98640,-1.5997314,1.5968323,-0.57998657
98641,-1.627655,1.4472961,-0.33630371
98642,-1.4820862,1.5414429,-0.33447266
98643,-1.5409851,1.502533,-0.28762817
98644,-1.7164612,1.4581299,-0.22064209
98645,-1.7466736,1.3040161,-0.085449219
98646,-1.8045044,1.0169983,-0.33157349
98647,-1.9085693,1.2844849,-0.1109314
98648,-1.7918396,1.3648987,-0.080108643
98649,-1.7982483,1.4544678,0.080566406
98650,-2.0631409,1.4776611,0.037536621
98651,-2.0187378,1.3818359,0.20904541
98652,-2.1113586,1.4349365,0.15823364
98653,-2.2090149,1.3691711,0.31143189
98654,-2.1313477,1.4225769,0.41641235
98655,-2.0489502,1.3027954,0.49987793
98656,-2.1234131,1.2236023,0.34881592
98657,-2.1881104,1.2763977,0.41900635
98658,-2.2494507,1.0726929,0.42724609
98659,-2.3745728,1.1590576,0.67230225
98660,-2.177887,1.1888123,0.51300049
98661,-2.3175049,1.1972046,0.61706543
98662,-2.2570801,1.1010742,0.66741943
98663,-2.3225403,1.0473633,0.85662842
98664,-2.4119568,0.93139648,0.88821411
98665,-2.3799133,0.95977783,0.96176147
98666,-2.2363281,0.68756103,0.91751099
98667,-2.0753479,0.48248291,0.88623047
98668,-2.4182129,0.66894531,0.9487915
98669,-2.4278259,0.46020508,1.1917114
98670,-2.3379517,0.32318115,1.1236572
98671,-2.3002625,1.3322449,1.1865234
98672,-2.2599792,0.40023804,1.2397766
98673,-2.5689697,0.37109375,1.2284851
98674,-2.474823,0.39657593,1.3070679
98675,-2.3947144,0.40679932,1.219635
98676,-2.3095703,0.40222168,1.5071106
98677,-2.2537231,0.36560059,1.5582275
98678,-2.2094727,0.23574829,1.5072632
98679,-2.1774292,0.10391235,1.5365601
98680,-2.2219849,0.11306763,1.4543152
98681,-2.2253418,0.089569092,1.4608765
98682,-2.2836304,-0.14587402,1.6046143
98683,-2.2720337,-0.17532349,1.7456055
98684,-2.3410034,-0.32531738,1.6906738
98685,-2.1954346,-0.41015625,1.6519165
98686,-2.1095276,-0.49835205,1.7878723
98687,-1.9319153,-0.38040161,1.8815613
98688,-2.1653748,-0.56182861,1.7503357
98689,-1.789856,-0.55252075,1.6018677
98690,-2.0109558,-0.94619751,1.9038391
98691,-1.9717407,-0.86105347,1.9670105
98692,-2.0294189,-1.0687256,1.8826294
98693,-2.0649719,-0.92758179,1.978302
98694,-2.035675,-0.81512451,2.0454407
98695,-1.9458008,-1.1131287,2.015686
98696,-1.7601013,-1.1656189,2.0083618
98697,-1.8742371,-1.2988281,1.9448853
98698,-1.854248,-1.264801,2.0881653
98699,-2.0437622,-1.2753296,2.0201111
98700,-2.0898438,-1.3278198,1.9889832
98701,-1.8321228,-1.2876892,2.1000671
98702,-1.4648438,-1.6667175,2.1514893
98703,-1.7784119,-1.4691162,2.2346497
98704,-1.6056824,-1.6708374,2.1044922
98705,-1.4624023,-1.6777039,2.0593262
98706,-1.6830444,-1.8826294,2.0597839
98707,-1.4335632,-1.8609619,1.9276428
98708,-1.0005188,-2.130127,1.879425
98709,-1.2315369,-2.0132446,1.7631531
98710,-1.0128784,-2.1199036,1.8804932
98711,-1.1993408,-1.7605591,2.0051575
98712,-1.1245728,-1.8968201,1.9190979
98713,-1.000061,-1.8818665,1.9184875
98714,-0.94100952,-1.789093,1.9650269
98715,-0.81344604,-1.9407654,2.0513916
98716,-0.72692871,-1.9589233,1.9410706
98717,-0.65750122,-2.1257019,1.8974304
98718,-0.65979004,-2.0478821,1.9276428
98719,-0.61645508,-2.1087646,1.8093872
98720,-0.54794312,-2.3182678,1.9845581
98721,-0.55389404,-2.3216248,1.9578552
98722,-0.39047241,-2.3156738,1.9102478
98723,-0.40893555,-2.2399902,1.8734741
98724,-0.38360596,-2.1533203,1.9264221
98725,-0.3213501,-2.2322083,1.8592834
98726,-0.21026611,-2.2964478,1.7599487
98727,-0.007781982,-2.40448,1.7822266
98728,-0.091705322,-2.3815918,1.6842651
98729,0.018768311,-2.4290466,1.5930176
98730,0.036010742,-2.4162292,1.5061951
98731,0.052185059,-2.3861694,1.5576172
98732,0.15640259,-2.4211121,1.295166
98733,0.21911621,-2.5093079,1.3690186
98734,0.34912109,-2.3544312,1.3876343
98735,0.22994995,-2.5279236,1.265564
98736,0.42724609,-2.8514099,1.1987305
98737,0.44418335,-2.7528381,1.2609863
98738,0.50857544,-2.7737427,1.0342407
98739,0.40740967,-2.6327515,1.1381531
98740,0.42984009,-2.660675,1.0458374
98741,0.67276001,-2.5067139,1.0221863
98742,0.68435669,-2.4560547,0.96588135
98743,0.44708252,-2.4551392,0.94329834
98744,0.63430786,-2.4716187,0.75195313
98745,0.76446533,-2.4183655,0.83694458
98746,0.91430664,-2.4221802,0.79666138
98747,0.87524414,-2.3799133,0.66345215
98748,0.88119507,-2.5894165,0.72021484
98749,0.98236084,-2.5360107,0.48873901
98750,0.82717896,-2.3622131,0.44525147
98751,1.0705566,-2.2979736,0.44937134
98752,1.2031555,-2.2467041,0.39550781
98753,1.0725403,-2.097168,0.42953491
98754,0.99441528,-2.3590088,0.28030395
98755,1.1593628,-2.3597717,0.15518188
98756,1.1987305,-2.2763062,0.11932373
98757,1.2113953,-2.3052979,-0.019378662
98758,1.3526916,-2.1199036,0.000305176
98759,1.4599609,-2.0251465,0.073394775
98760,1.3327026,-1.927948,0.070343018
98761,1.4027405,-2.0707703,0.089416504
98762,1.4123535,-2.1389771,-0.15136719
98763,1.4031982,-1.9450378,-0.15182495
98764,1.2467957,-1.9172668,-0.22262573
98765,1.3198853,-1.8701172,-0.10253906
98766,1.289978,-1.6680908,-0.25665283
98767,1.4247131,-1.8847656,-0.35140991
98768,1.4143372,-1.7025757,-0.54382324
98769,1.4147949,-1.7831421,-0.53375244
98770,1.4929199,-1.5559387,-0.53619385
98771,1.4657593,-1.4874268,-0.65414429
98772,1.4459229,-1.4312744,-0.76126099
98773,1.408844,-1.504364,-0.72860718
98774,1.4254761,-1.2568665,-0.66131592
98775,1.4105225,-1.4193726,-0.6086731
98776,1.2689209,-1.3697815,-0.89447022
98777,1.4581299,-1.2112427,-0.90011597
98778,1.2341309,-1.2176514,-1.0310364
98779,1.1924744,-1.0983276,-1.0623169
98780,1.2669373,-1.1193848,-0.9173584
98781,1.2117004,-0.9703064,-0.95031738
98782,1.0618591,-1.0357666,-1.1291504
98783,1.232605,-1.0360718,-1.0862732
98784,1.2191772,-0.87020874,-1.157074
98785,1.133728,-0.87081909,-1.1373901
98786,1.1636353,-0.77819824,-1.2818909
98787,1.2612915,-0.76599121,-1.1943054
98788,1.1750793,-0.73760986,-1.2641907
98789,1.0842896,-0.3578186,-1.2362671
98790,0.92193603,-0.42800903,-1.1726379
98791,0.97000122,-0.40969849,-1.2652588
98792,0.89523315,-0.30731201,-1.4367676
98793,0.91903687,-0.30578613,-1.4627075
98794,0.77804565,-0.34637451,-1.41922
98795,0.82260132,-0.2961731,-1.5164185
98796,0.60913086,-0.32089233,-1.6491699
98797,0.49697876,-0.57861328,-1.7721558
98798,0.56625366,-0.26306152,-1.8197632
98799,0.6401062,0.037994385,-1.5124512
98800,0.71990967,0.17379761,-1.4225769
98801,0.59631348,0.070343018,-1.5362549
98802,0.60089111,-0.031585693,-1.3557434
98803,0.46295166,1.0812378,-1.5628052
98804,0.40252686,0.48370361,-1.5774536
98805,0.42724609,0.56823731,-1.6166687
98806,0.43121338,0.67947388,-1.6278076
98807,0.42388916,0.60623169,-1.6453552
98808,0.28762817,0.71731567,-1.3993835
98809,0.16983032,0.78796387,-1.4503479
98810,0.20950317,0.86227417,-1.4620972
98811,0.081634521,0.79696655,-1.5713501
98812,-0.057373047,0.85800171,-1.5856934
98813,-0.097045898,0.8605957,-1.3790894
98814,-0.13885498,0.96221924,-1.350708
98815,0.040435791,1.0665894,-1.3504028
98816,-0.22705078,1.1856079,-1.3142395
98817,-0.41564941,1.0624695,-1.3499451
98818,-0.32211304,1.3153076,-1.2460327
98819,-0.33477783,1.2960815,-1.3169861
98820,-0.37567139,1.3035584,-1.3146973
98821,-0.72280884,1.1639404,-1.214447
98822,-0.53436279,1.3504028,-1.2141418
98823,-0.60791016,1.1752319,-1.0881042
98824,-0.56655884,1.25,-1.0194397
98825,-0.84899902,1.1901855,-1.0588074
98826,-0.78079224,1.2884521,-1.0609436
98827,-0.77423096,1.3746643,-0.96862793
98828,-1.0220337,1.5113831,-0.97045898
98829,-0.93704224,1.3781738,-0.80352783
98830,-1.1210632,1.3397217,-0.77941894
98831,-1.1618042,1.4175415,-0.8354187
98832,-1.2342834,1.3827515,-0.53619385
98833,-1.3240051,1.4212036,-0.77911377
98834,-1.1282349,1.4888,-0.61218262
98835,-1.3819885,1.3668823,-0.66116333
98836,-1.4213562,1.5280151,-0.79025269
98837,-1.3955688,1.5184021,-0.47836304
98838,-1.3882446,1.4356995,-0.56396484
98839,-1.5849304,1.612854,-0.42190552
98840,-1.7504883,1.3684082,-0.3263855
98841,-1.6345215,1.3757324,-0.30517578
98842,-1.4929199,1.2724304,-0.36178589
98843,-1.8908691,1.3105774,-0.23223877
98844,-1.7900085,1.619873,-0.15060425
98845,-1.8000793,1.4323425,-0.26412964
98846,-1.8409729,1.4068604,-0.099029541
98847,-1.7344666,1.3551331,-0.039672852
98848,-1.802063,1.2261963,-0.086212158
98849,-1.7297363,1.2591553,0.14511108
98850,-1.8696594,1.1877441,0.20233154
98851,-1.8911743,1.285553,0.2230835
98852,-1.8865967,1.0824585,0.20782471
98853,-1.9110107,1.0351563,0.38955689
98854,-1.92276,0.98175049,0.39306641
98855,-1.985321,1.1975098,0.37857056
98856,-2.1591187,1.1212158,0.52536011
98857,-2.1862793,1.0128784,0.65063477
98858,-2.3268127,0.98251343,0.65795898
98859,-2.1925354,0.92468262,0.62225342
98860,-2.1725464,0.86380005,0.7131958
98861,-2.2097778,0.86853027,0.54595947
98862,-2.1258545,0.81054688,0.79986572
98863,-2.0883179,0.70846558,0.95825195
98864,-2.1214294,0.55328369,1.010437
98865,-2.0959473,0.59020996,0.87219238
98866,-2.1801758,0.6300354,0.95306397
98867,-2.1438599,0.46875,1.1419678
98868,-2.2401428,0.28747559,1.1795044
98869,-2.3286438,1.9410706,1.1968994
98870,-2.1160889,0.25207519,1.1317444
98871,-2.1028137,0.26779175,1.1343384
98872,-2.194519,0.2456665,1.1520386
98873,-2.4557495,0.11291504,1.3320923
98874,-2.2817993,0.12207031,1.335907
98875,-2.4285889,0.019378662,1.2519836
98876,-2.2142029,-0.10513306,1.338501
98877,-2.3262024,-0.065002441,1.1634827
98878,-2.0622253,-0.18493652,1.4628601
98879,-2.1476746,-0.36407471,1.3691711
98880,-2.0530701,-0.06439209,1.505127
98881,-2.1356201,-0.37857056,1.555481
98882,-1.734314,-0.48034668,1.5267944
98883,-1.9270325,-0.40893555,1.7266846
98884,-2.0448303,-0.51864624,1.8258667
98885,-1.9833374,-0.34698486,1.8617249
98886,-1.6833496,-0.37994385,1.7549133
98887,-1.9651794,-0.84655762,1.8147278
98888,-1.971283,-0.80581665,2.0394897
98889,-2.0629883,-0.77804565,2.0809937
98890,-1.9502258,-0.89019775,2.1185303
98891,-1.9348145,-0.72723389,1.9163513
98892,-1.9491577,-0.81039429,2.1058655
98893,-1.7927551,-1.0209656,1.968689
98894,-1.8408203,-1.0081482,2.0744324
98895,-1.5264893,-1.2219238,1.9445801
98896,-1.6197205,-1.1813354,2.0982361
98897,-1.602478,-1.1708069,2.0201111
98898,-1.570282,-1.3523865,1.9094849
98899,-1.4007568,-1.3014221,1.9425964
98900,-1.4457703,-1.3447571,1.9442749
98901,-1.5280151,-1.398468,1.9480896
98902,-1.4933777,-1.5470886,1.9859314
98903,-1.2966919,-1.5614319,2.2595215
98904,-1.5003967,-1.6706848,2.071991
98905,-1.3549805,-1.741333,1.8896484
98906,-1.2524414,-1.8339539,1.9091797
98907,-1.2580872,-2.0321655,1.947937
98908,-1.3020325,-2.0210266,1.9961548
98909,-1.2322998,-1.9773865,2.1043396
98910,-0.83953857,-2.0603943,2.0054626
98911,-1.1349487,-1.9018555,2.1160889
98912,-0.86639404,-1.9775391,1.9831848
98913,-0.9954834,-1.8041992,2.0907593
98914,-0.6678772,-1.9871521,2.1362305
98915,-0.75088501,-2.0346069,1.8746948
98916,-0.52078247,-2.0680237,2.0796204
98917,-0.60333252,-2.0176697,2.0214844
98918,-0.63018799,-2.322998,1.8572998
98919,-0.43151856,-2.1055603,1.8229675
98920,-0.61447144,-2.3403931,1.7984009
98921,-0.45043945,-2.2195435,1.6384888
98922,-0.4838562,-2.3033142,1.7137146
98923,-0.28274536,-2.1089172,1.7066956
98924,-0.13854981,-2.1588135,1.6297913
98925,-0.14785767,-2.2172546,1.6970825
98926,-0.030975342,-2.3757935,1.6184998
98927,0.002441406,-2.4058533,1.6262817
98928,0.086975098,-2.3670959,1.6326904
98929,0.14144898,-2.4000549,1.6320801
98930,0.13793945,-2.4104309,1.51474
98931,0.1689148,-2.2283936,1.4762878
98932,0.17807007,-2.1931458,1.3439941
98933,0.21682739,-2.2654724,1.2828064
98934,0.29296875,-2.4363708,1.2649536
98935,0.42205811,-2.3777771,1.0693359
98936,0.38742065,-2.3355103,1.113739
98937,0.44921875,-2.3052979,1.0658264
98938,0.47332764,-2.3857117,0.97579956
98939,0.50109863,-2.562561,1.1817932
98940,0.50415039,-2.4647522,0.98007202
98941,0.62698364,-2.4719238,0.85266113
98942,0.72769165,-2.4249268,0.77453613
98943,0.74813843,-2.4888611,0.91156006
98944,0.88134766,-2.403717,0.73043823
98945,0.82702637,-1.9519043,0.70770264
98946,0.82199097,-2.2396851,0.72189331
98947,0.89294434,-2.2424316,0.67855835
98948,0.79177856,-2.1459961,0.31890869
98949,0.87295532,-2.1890259,0.46508789
98950,0.99884033,-2.2148132,0.59539795
98951,1.0969543,-2.1316528,0.44723511
98952,1.0578918,-2.2410583,0.43884277
98953,1.0986328,-2.2026062,0.29998779
98954,1.1802673,-2.1482849,0.23666382
98955,1.1746216,-2.1034241,0.02746582
98956,1.2698364,-2.2521973,0.033721924
98957,1.2194824,-2.1089172,0.071411133
98958,1.1434937,-2.0681763,-0.105896
98959,1.0696411,-1.829834,-0.19515991
98960,1.0287476,-1.7167664,-0.16998291
98961,1.1499023,-1.6238403,-0.18386841
98962,1.2857056,-1.7662048,-0.30334473
98963,1.2013245,-1.782074,-0.21636963
98964,1.171875,-1.7185974,-0.20141602
98965,1.134491,-1.6052246,-0.23651123
98966,1.2451172,-1.5887451,-0.36407471
98967,1.1506653,-1.537323,-0.38421631
98968,1.1802673,-1.3461304,-0.48858643
98969,1.3685608,-1.3896179,-0.69168091
98970,1.3212585,-1.3305664,-0.76980591
98971,1.2255859,-1.2954712,-0.77758789
98972,1.2252808,-1.3085938,-0.65994263
98973,1.0412598,-1.1602783,-0.71029663
98974,1.2312317,-1.0786438,-0.74203491
98975,1.1671448,-0.8631897,-0.70755005
98976,1.1346436,-0.72402954,-0.7723999
98977,1.078186,-0.77911377,-0.8581543
98978,1.0601807,-0.93994141,-0.77468872
98979,1.0758972,-0.90057373,-0.85845947
98980,1.0678101,-0.90515137,-0.92208862
98981,1.2728882,-0.8392334,-1.0784912
98982,1.2132263,-0.68283081,-1.2089539
98983,1.1627197,-0.65200806,-1.348877
98984,1.1120605,-0.64422607,-1.2373352
98985,1.0469055,-0.46386719,-1.4498901
98986,1.0282898,-0.37948608,-1.4271545
98987,0.94696045,-0.44967651,-1.2890625
98988,0.86883545,-0.30136108,-1.204834
98989,0.96755981,-0.3717041,-1.2084961
98990,0.84259033,-0.37597656,-1.3931274
98991,0.9185791,-0.3187561,-1.3606262
98992,0.84884644,-0.26672363,-1.3728333
98993,0.73883057,-0.16464233,-1.3719177
98994,0.77758789,0.051269531,-1.4277649
98995,0.46173096,-0.105896,-1.5921021
98996,0.31280518,-0.24108887,-1.796875
98997,0.51528931,-0.069580078,-1.2927246
98998,0.66513062,0.18066406,-1.4498901
98999,0.54199219,-0.11611939,-1.3644409
99000,0.50308228,-0.007019043,-1.290741
99001,0.38757324,1.5505981,-1.3591003
99002,0.37307739,0.35903931,-1.4016724
99003,0.15258789,0.45654297,-1.3647461
99004,0.36743164,0.48980713,-1.4164734
99005,0.38543701,0.62835693,-1.3317871
99006,0.20324707,0.58059692,-1.1410522
99007,0.25192261,0.73043823,-1.3101196
99008,0.12451172,0.63064575,-1.244812
99009,-0.08102417,0.62332153,-1.265564
99010,-0.14801025,0.72845459,-1.1572266
99011,-0.079956055,0.70846558,-1.2490845
99012,-0.23361206,0.69030762,-1.2542725
99013,-0.065460205,0.81451416,-1.2844849
99014,-0.12527466,0.71365356,-1.1914063
99015,-0.32867432,0.9564209,-1.2437439
99016,-0.31478882,0.98114014,-1.0960388
99017,-0.36178589,0.98693848,-1.2362671
99018,-0.50384522,1.1361694,-1.2214661
99019,-0.42510986,1.1019897,-1.1276245
99020,-0.5607605,1.1953735,-0.94406128
99021,-0.68191528,1.1750793,-0.94863892
99022,-0.76782227,1.2359619,-1.0083008
99023,-0.6993103,1.2008667,-1.1036682
99024,-0.74996948,1.2113953,-0.97198486
99025,-0.68939209,1.2861633,-0.96420288
99026,-0.77392578,1.3684082,-0.95306397
99027,-0.89599609,1.4172363,-0.69503784
99028,-1.0795593,1.3764954,-0.65597534
99029,-1.0816956,1.14151,-0.71212769
99030,-1.151123,1.133728,-0.62820435
99031,-1.0562134,1.2588501,-0.57281494
99032,-1.0710144,1.328125,-0.4397583
99033,-1.2187195,1.2728882,-0.38070679
99034,-1.360321,1.2670898,-0.21194458
99035,-1.307373,1.3237,-0.43685913
99036,-1.4816284,1.2240601,-0.30960083
99037,-1.4678955,1.2635803,-0.47988892
99038,-1.5260315,1.3302612,-0.6048584
99039,-1.5975952,1.0955811,-0.55755615
99040,-1.4424133,1.2490845,-0.11230469
99041,-1.7478943,1.1148071,0.050201416
99042,-1.7182922,1.2487793,-0.059661865
99043,-1.4863586,0.89904785,-0.10223389
99044,-1.730957,1.207428,0.094909668
99045,-1.8751526,1.0462952,-0.071868896
99046,-1.8788147,1.1283875,0.12329102
99047,-1.900177,0.99304199,0.18875122
99048,-1.9122314,1.0551453,0.11795044
99049,-1.8370056,1.1235046,0.16418457
99050,-1.8728638,1.1769104,0.21667481
99051,-1.9898987,0.93215942,0.32226563
99052,-1.9499207,0.89279175,0.36315918
99053,-2.0639038,0.95245361,0.40649414
99054,-1.9561768,0.72631836,0.4548645
99055,-2.0837402,0.87493897,0.63873291
99056,-2.0431519,0.9298706,0.53222656
99057,-2.2177124,0.94268799,0.58441162
99058,-2.0692444,0.81314087,0.77865601
99059,-2.0463562,0.70983887,0.8430481
99060,-2.1864319,0.67199707,0.8908081
99061,-2.2131348,0.63354492,0.88058472
99062,-2.0545959,0.45196533,0.91674805
99063,-2.0663452,0.55862427,0.96237183
99064,-2.3031616,0.56518555,1.0603333
99065,-2.0629883,0.39108276,1.0438538
99066,-2.2834778,0.10498047,1.0269165
99067,-2.2338867,1.423645,1.1256409
99068,-2.1568298,0.19866943,1.2896729
99069,-2.0388794,0.184021,1.3717651
99070,-1.6752625,0.18218994,1.2324524
99071,-1.6911316,-0.003051758,1.3336182
99072,-2.1801758,-0.031280518,1.058197
99073,-2.2166443,-0.14099121,1.1018372
99074,-2.0889282,0.028381348,1.2895203
99075,-2.3403931,-0.2470398,1.3928223
99076,-1.9842529,-0.42282105,1.4234924
99077,-2.0858765,-0.10879517,1.6581726
99078,-1.9483948,-0.17868042,1.5316772
99079,-2.1055603,-0.27130127,1.7030334
99080,-1.9953918,-0.50094604,1.8746948
99081,-1.9132996,-0.79788208,1.6696167
99082,-1.9300842,-0.440979,1.6799927
99083,-1.9572449,-0.57159424,1.70578
99084,-1.9338989,-0.66726685,1.6456604
99085,-1.8167114,-0.52703857,1.834259
99086,-1.806488,-0.78872681,1.7320251
99087,-1.8286133,-0.95825195,1.8475342
99088,-1.7326355,-0.93399048,1.6133118
99089,-1.6040039,-0.89782715,1.8684387
99090,-1.7042541,-0.82748413,1.9769287
99091,-1.6732788,-1.108551,1.7750549
99092,-1.5957642,-1.1123657,1.8045044
99093,-1.6075134,-1.1915588,1.8632507
99094,-1.4732361,-1.2162781,1.6714478
99095,-1.5856934,-1.3136291,1.7141724
99096,-1.421814,-1.1656189,1.686554
99097,-1.550293,-1.3259888,1.9422913
99098,-1.4256287,-1.3400269,2.0925903
99099,-1.3009644,-1.328125,2.0500183
99100,-1.6009521,-1.6917419,1.9642639
99101,-1.1346436,-1.5214539,1.9779968
99102,-1.1108398,-1.5196228,2.1102905
99103,-1.1131287,-1.6659546,1.9169617
99104,-1.089325,-1.7707825,1.7941284
99105,-1.1288452,-1.9100952,1.8502808
99106,-0.9841919,-1.7767334,1.8319702
99107,-0.90133667,-1.8063354,1.8513489
99108,-0.92803955,-1.9317627,1.7129517
99109,-0.85723877,-1.9940186,1.7700195
99110,-0.76828003,-1.9642639,1.6452026
99111,-0.84762573,-1.9171143,1.77948
99112,-0.59921265,-1.9311523,1.5591431
99113,-0.5418396,-1.9824219,1.8208313
99114,-0.53619385,-1.8832397,1.7790222
99115,-0.61813354,-1.9979858,1.743927
99116,-0.51681519,-2.0463562,1.4945984
99117,-0.38742065,-2.1549988,1.6413879
99118,-0.39459228,-2.0118713,1.6474915
99119,-0.38085938,-2.0991516,1.5551758
99120,-0.31494141,-1.9035339,1.5246582
99121,-0.26519775,-2.1539307,1.4852905
99122,-0.18249512,-1.9807434,1.5194702
99123,-0.20080566,-2.3260498,1.4108276
99124,-0.11016846,-2.4038696,1.2469482
99125,0.17471313,-2.2744751,1.1645508
99126,-0.027770996,-2.3013306,1.3734436
99127,0.13656616,-2.3930359,1.0804749
99128,0.040130615,-2.2013855,1.2846375
99129,0.24932861,-2.277832,1.1921692
99130,0.2079773,-2.0629883,1.1126709
99131,0.28259277,-2.4150085,1.0571289
99132,0.37582397,-2.2584534,1.0940552
99133,0.42266846,-2.4412537,1.0575867
99134,0.54443359,-2.3928833,0.77545166
99135,0.41046143,-2.2477722,0.88180542
99136,0.61050415,-2.3132324,0.64239502
99137,0.51086426,-2.2172546,0.74951172
99138,0.74584961,-2.3103333,0.84701538
99139,0.73272705,-2.0729065,0.60653687
99140,0.87127685,-2.1966553,0.59997559
99141,0.86135864,-2.2953796,0.42053223
99142,0.94268799,-2.1086121,0.5305481
99143,0.79345703,-2.1194458,0.4989624
99144,0.9375,-2.149353,0.47851563
99145,0.87997437,-2.1551514,0.26641846
99146,0.9854126,-2.1817017,0.25543213
99147,0.8972168,-1.9281006,0.27954102
99148,0.92529297,-1.9522095,0.17456055
99149,1.1645508,-1.9361877,0.081939697
99150,1.0551453,-1.9338989,-0.05569458
99151,1.0719299,-1.9346619,0.048370361
99152,1.1421204,-1.8847656,0.087890625
99153,1.1647034,-1.8486023,-0.069885254
99154,1.0910034,-1.5908813,0.064544678
99155,1.2440491,-1.6108704,-0.052032471
99156,1.1038208,-1.5600586,-0.045318604
99157,1.2107849,-1.6770935,-0.22033691
99158,1.2774658,-1.6229248,-0.31173706
99159,1.1987305,-1.6227722,-0.43121338
99160,1.1947632,-1.3899231,-0.53024292
99161,1.1915588,-1.33255,-0.54885864
99162,1.2524414,-1.3265991,-0.56823731
99163,1.1680603,-1.3754272,-0.48858643
99164,1.2010193,-1.3328552,-0.43609619
99165,1.2924194,-1.3371277,-0.57449341
99166,1.1524963,-1.2536621,-0.59066772
99167,1.1006165,-1.192627,-0.70297241
99168,1.1210632,-0.97045898,-0.69824219
99169,1.0174561,-0.85159302,-0.87234497
99170,1.1993408,-0.86486816,-0.82275391
99171,0.96313477,-0.83847046,-0.92758179
99172,1.0588074,-0.90789795,-0.86898804
99173,1.0220337,-0.73516846,-0.94818115
99174,1.0401916,-0.54916382,-0.99441528
99175,0.99029541,-0.43914795,-0.94161987
99176,0.94940185,-0.4045105,-0.90789795
99177,0.90423584,-0.38528442,-1.02005
99178,1.0237122,-0.4675293,-1.0531616
99179,1.0272217,-0.42831421,-1.1862183
99180,0.97473144,-0.50476074,-1.1764526
99181,0.96389771,-0.35263061,-1.2792969
99182,0.9262085,-0.34912109,-1.1392212
99183,0.8126831,-0.18447876,-1.1706543
99184,0.74020386,-0.090332031,-1.1399841
99185,0.65505981,-0.087127686,-1.1317444
99186,0.63156128,-0.1133728,-1.1105347
99187,0.71121216,-0.039367676,-1.2083435
99188,0.64758301,-0.061798096,-1.2051392
99189,0.51361084,-0.43045044,-1.3102722
99190,0.44174194,-0.17913818,-1.4038086
99191,0.52398682,-0.10345459,-1.3339233
99192,0.71884155,0.15106201,-1.4758301
99193,0.50567627,0.30059814,-1.4501953
99194,0.38391113,0.18157959,-1.4440918
99195,0.36102295,0.44662476,-1.3137817
99196,0.18920898,0.30441284,-1.159668
99197,0.24414063,0.1789856,-1.2705994
99198,0.13168335,0.30548096,-1.2319946
99199,0.21438599,1.199646,-1.3291931
99200,0.23605347,0.60913086,-1.2718201
99201,0.055847168,0.5607605,-1.0588074
99202,-0.02532959,0.77926636,-1.1201477
99203,-0.13504028,0.69412231,-1.2155151
99204,-0.2532959,0.99609375,-1.1923218
99205,-0.096740723,0.89385986,-1.1950684
99206,-0.21224976,0.81863403,-1.222229
99207,-0.27175903,0.82183838,-1.1846924
99208,-0.26901245,0.68969727,-1.2080383
99209,-0.2645874,0.81329346,-1.0127258
99210,-0.41046143,0.9576416,-1.0327148
99211,-0.49133301,0.68115234,-0.95489502
99212,-0.5607605,0.92712402,-1.0032654
99213,-0.74645996,0.93795776,-0.84274292
99214,-0.65567017,1.1598206,-0.95108032
99215,-0.75439453,1.2138367,-0.8354187
99216,-0.83053589,1.428833,-0.71594238
99217,-0.8744812,1.3032532,-0.59997559
99218,-0.909729,1.2860107,-0.63705444
99219,-1.008606,1.1303711,-0.74951172
99220,-0.9487915,1.1393738,-0.5847168
99221,-1.0905457,1.1206055,-0.52001953
99222,-1.2200928,1.2338257,-0.42160034
99223,-1.1776733,1.2614441,-0.43548584
99224,-1.1077881,1.362915,-0.52764893
99225,-1.1869812,1.3095093,-0.61431885
99226,-1.3787842,1.2365723,-0.45562744
99227,-1.2792969,1.1993408,-0.54321289
99228,-1.5005493,1.1442566,-0.41183472
99229,-1.5330505,1.282196,-0.46173096
99230,-1.577301,1.1459351,-0.32363892
99231,-1.5219116,1.2765503,-0.27481079
99232,-1.4619446,1.307373,-0.2015686
99233,-1.5805054,0.93490601,-0.14526367
99234,-1.6467285,1.0131836,-0.16296387
99235,-1.7541504,1.2078857,-0.27755737
99236,-1.7382813,1.2155151,0.056152344
99237,-1.8333435,0.99304199,0.032958984
99238,-1.6654968,1.1512756,0.16448975
99239,-1.7951965,1.1587524,0.22155762
99240,-1.8051147,1.164093,0.31677246
99241,-1.6767883,1.1952209,0.17745972
99242,-1.8388367,1.1787415,0.21911621
99243,-1.925354,1.1450195,0.30731201
99244,-1.97052,1.1346436,0.49926758
99245,-2.0574951,1.043396,0.59570313
99246,-1.8849182,1.0552979,0.59509277
99247,-2.0072937,0.94604492,0.63018799
99248,-2.0391846,0.87158203,0.61981201
99249,-2.000885,0.78323364,0.68237305
99250,-2.0176697,0.70922852,0.65551758
99251,-1.9517517,0.81542969,0.73608398
99252,-2.0335388,0.74249268,0.75424194
99253,-2.0362854,0.69046021,0.81970215
99254,-2.1557617,0.68756103,0.93887329
99255,-2.059021,0.64117432,0.87219238
99256,-2.1801758,0.67214966,1.1289978
99257,-2.0126343,0.43991089,0.91003418
99258,-2.0787048,0.37994385,1.0922241
99259,-2.0864868,0.27481079,1.0800171
99260,-2.1447754,0.23712158,1.3102722
99261,-2.1052551,0.29296875,1.1076355
99262,-2.1237183,0.25665283,1.3301086
99263,-2.0162964,0.14282227,1.3134766
99264,-2.0985413,0.064544678,1.4785767
99265,-2.1929932,1.2736511,1.451416
99266,-2.0562744,-0.037689209,1.2432861
99267,-2.1270752,0.052490234,1.5429688
99268,-1.9937134,0.29647827,1.5899658
99269,-2.0295715,-0.32470703,1.5441895
99270,-2.0411682,-0.17929077,1.587677
99271,-1.9786072,-0.27694702,1.6409302
99272,-2.0584106,-0.18341065,1.6244507
99273,-1.8786621,-0.44296265,1.4888
99274,-1.9522095,-0.50994873,1.6293335
99275,-1.9326782,-0.62606812,1.6482544
99276,-1.9055176,-0.76477051,1.7973328
99277,-1.7684937,-0.7194519,1.7504883
99278,-1.9308472,-0.73776245,1.726532
99279,-1.8127441,-0.80368042,1.8164063
99280,-1.8688965,-0.71548462,1.734314
99281,-1.9139099,-1.0386658,1.7520142
99282,-1.7022705,-0.94650269,1.8109131
99283,-1.6970825,-1.1582947,1.9287109
99284,-1.6368103,-1.1346436,1.9458008
99285,-1.6423035,-0.83404541,2.0326233
99286,-1.5512085,-1.2480164,1.8786621
99287,-1.3920593,-1.0810852,1.9023132
99288,-1.4251709,-1.2794495,1.9204712
99289,-1.4480591,-1.3085938,2.0147705
99290,-1.4071655,-1.3284302,1.9943237
99291,-1.374054,-1.4588928,1.9895935
99292,-1.3830566,-1.4613342,1.9761658
99293,-1.3331604,-1.4683533,1.9918823
99294,-1.1924744,-1.6551209,1.9332886
99295,-1.1436462,-1.7692566,1.8228149
99296,-1.1474609,-1.6893005,1.9277954
99297,-1.0409546,-1.6564941,1.8934631
99298,-1.0269165,-1.6812134,1.8684387
99299,-0.94497681,-1.6479492,1.8644714
99300,-0.91186523,-1.7883301,1.8383789
99301,-0.88500977,-1.9866943,1.8112183
99302,-0.87875366,-2.0310974,1.942749
99303,-0.76751709,-2.0541382,1.8017578
99304,-0.56884766,-1.9876099,1.8914795
99305,-0.55114746,-2.0321655,1.812439
99306,-0.60180664,-1.9473267,1.8414307
99307,-0.41442871,-2.0341492,1.8026733
99308,-0.37734985,-2.1266174,1.6081238
99309,-0.41091919,-2.3420715,1.6513062
99310,-0.35446167,-2.1817017,1.8891907
99311,-0.234375,-2.1513367,1.6615295
99312,-0.16601563,-2.210083,1.7382813
99313,-0.15563965,-2.5196838,1.5480041
99314,-0.093688965,-2.4487305,1.555481
99315,-0.10528565,-2.3753357,1.3725281
99316,-0.011444092,-2.3020935,1.2762451
99317,0.16723633,-2.1559143,1.4762878
99318,-0.012054443,-2.0858765,1.4013672
99319,0.057525635,-2.2434998,1.4375305
99320,0.24658203,-2.3687744,1.1172485
99321,0.36117554,-2.3672485,1.2722778
99322,0.38848877,-2.5611877,1.0772705
99323,0.45593262,-2.48703,1.3111877
99324,0.42098999,-2.4693298,1.0879517
99325,0.35980225,-2.4787903,1.096344
99326,0.46524048,-2.3123169,1.09375
99327,0.62316894,-2.4461365,1.0412598
99328,0.50476074,-2.3324585,0.87463379
99329,0.73196411,-2.3120117,0.89767456
99330,0.6968689,-2.3374939,0.68634033
99331,0.78521728,-2.4014282,0.70358276
99332,0.80093384,-2.2683716,0.55419922
99333,0.8581543,-2.2186279,0.60379028
99334,0.83648682,-2.2947693,0.57220459
99335,0.8821106,-2.1936035,0.59509277
99336,0.9576416,-2.3091125,0.60455322
99337,0.97518921,-2.2885132,0.28381348
99338,0.97412109,-2.3141479,0.36376953
99339,0.87997437,-2.2636414,0.48355103
99340,0.92269897,-2.076416,0.31692505
99341,0.96618652,-2.1391296,0.18859863
99342,1.1637878,-2.0542908,0.11856079
99343,1.1799622,-1.8937683,0.14450073
99344,1.1756897,-2.1490479,-0.023498535
99345,1.2069702,-1.9824219,0.044250488
99346,1.2446594,-2.0463562,-0.064239502
99347,1.2910461,-1.9676209,0.011291504
99348,1.290741,-1.8045044,-0.093536377
99349,1.3238525,-1.6905212,-0.10910034
99350,1.3024902,-1.7027283,-0.34408569
99351,1.3659668,-1.8421936,-0.21148682
99352,1.34552,-1.7289734,-0.1953125
99353,1.3276672,-1.612854,-0.33569336
99354,1.3049316,-1.5412903,-0.3918457
99355,1.4030457,-1.6697693,-0.60195923
99356,1.3796997,-1.5858459,-0.54748535
99357,1.1566162,-1.4796448,-0.68466187
99358,1.1619568,-1.3664246,-0.67398071
99359,1.2335205,-1.5603638,-0.74584961
99360,1.3311768,-1.3189697,-0.63995361
99361,1.18927,-1.3520813,-0.80535889
99362,1.1193848,-1.3349915,-0.82641602
99363,1.2507629,-1.1436462,-0.85205078
99364,1.1601257,-0.94985962,-0.84960938
99365,1.1941528,-1.1317444,-0.80230713
99366,1.1158752,-1.0914612,-1.0372925
99367,1.1610413,-1.0368347,-0.86624146
99368,1.0720825,-1.0044861,-0.99822998
99369,1.0554504,-0.93780518,-1.1392212
99370,1.1938477,-0.7699585,-1.1366272
99371,1.0002136,-0.89797974,-1.0870361
99372,1.0232544,-0.70480347,-0.95947266
99373,1.098175,-0.6741333,-1.1428833
99374,1.1940002,-0.46737671,-1.1842346
99375,0.9336853,-0.30975342,-1.2934875
99376,0.86074829,-0.40481567,-1.206665
99377,1.0249329,-0.29464722,-1.3771057
99378,0.86898804,-0.32287598,-1.346283
99379,0.89645386,-0.17578125,-1.2895203
99380,0.86975098,-0.26290894,-1.2908936
99381,0.72113037,-0.15808106,-1.2004089
99382,0.50354004,-0.4776001,-1.4279175
99383,0.37979126,-0.42617798,-1.5917969
99384,0.64285278,0.01083374,-1.2004089
99385,0.84625244,0.2192688,-1.3780212
99386,0.5581665,0.22583008,-1.4828491
99387,0.63400269,0.21469116,-1.5280151
99388,0.45700073,0.27145386,-1.3903809
99389,0.53451538,0.30609131,-1.5875244
99390,0.54382324,0.52429199,-1.5138245
99391,0.37414551,0.42907715,-1.4846802
99392,0.35888672,0.48416138,-1.5116882
99393,0.26031494,0.56930542,-1.4172363
99394,0.14602661,0.65048218,-1.3729858
99395,0.018920898,0.87097168,-1.3926697
99396,0.02456665,0.57723999,-1.4651489
99397,0.054168701,2.568512,-1.5354919
99398,0.092773438,0.92315674,-1.5362549
99399,-0.003967285,0.92941284,-1.1257935
99400,-0.12908935,0.90545654,-1.2919617
99401,-0.23010254,1.0456848,-1.1901855
99402,-0.26901245,1.0403442,-1.292572
99403,-0.26641846,1.0855103,-1.1613464
99404,-0.41488647,1.1502075,-1.1853027
99405,-0.40161133,1.2507629,-1.0604858
99406,-0.47409058,1.2034607,-1.2730408
99407,-0.55526733,1.2188721,-1.2675476
99408,-0.60775757,1.2733459,-1.2802124
99409,-0.76385498,1.0848999,-1.3302612
99410,-0.75210571,1.1044312,-1.1999512
99411,-0.68267822,1.1642456,-1.2042236
99412,-0.72860718,1.2252808,-1.0813904
99413,-0.81176758,1.3565063,-0.88119507
99414,-1.0987854,1.3397217,-0.95535278
99415,-1.0079956,1.4204407,-0.90332031
99416,-1.0461426,1.4901733,-0.79437256
99417,-1.1808777,1.4201355,-0.7144165
99418,-1.275177,1.231842,-0.67550659
99419,-1.2226868,1.3531494,-0.65292358
99420,-1.3861084,1.5487671,-0.78842163
99421,-1.4442444,1.5429688,-0.59814453
99422,-1.5122986,1.5144348,-0.46722412
99423,-1.4526367,1.2825012,-0.52825928
99424,-1.3768005,1.4100647,-0.44692993
99425,-1.5164185,1.2698364,-0.39215088
99426,-1.5325928,1.3807678,-0.38391113
99427,-1.6046143,1.360321,-0.35568237
99428,-1.7047119,1.388092,-0.19714356
99429,-1.6506958,1.4021301,-0.093688965
99430,-1.8499756,1.3583374,0.015563965
99431,-1.834259,1.5145874,0.046539307
99432,-1.796875,1.5960693,0.065612793
99433,-1.8505859,1.3864136,0.19546509
99434,-2.0320129,1.3595581,-0.035247803
99435,-2.0367432,1.2390137,0.30899048
99436,-2.0285034,1.2167358,0.262146
99437,-1.9631958,1.1691284,0.31768799
99438,-1.9088745,1.2268066,0.29876709
99439,-1.9665527,1.2155151,0.3112793
99440,-2.1133423,1.0969543,0.47195435
99441,-2.0918274,1.0888672,0.59448242
99442,-2.1662903,0.95062256,0.64147949
99443,-2.0262146,1.1309814,0.6401062
99444,-2.0791626,1.0354614,0.71624756
99445,-2.1487427,1.0932922,0.66375732
99446,-2.2422791,0.89767456,0.74996948
99447,-2.2041321,0.87600708,0.77789307
99448,-2.2021484,1.0136414,0.78918457
99449,-2.3005676,0.62469482,0.77972412
99450,-2.4177551,0.66772461,1.0842896
99451,-2.2625732,0.56396484,1.1216736
99452,-2.3820496,0.75119019,1.0551453
99453,-2.175293,0.64208984,1.1082459
99454,-2.3181152,0.37353516,1.2136841
99455,-2.2494507,0.3793335,1.0826111
99456,-2.2953796,0.39520264,1.3064575
99457,-2.2761536,0.26123047,1.2335205
99458,-2.3200989,0.39428711,1.5350342
99459,-2.1800232,0.2305603,1.5457153
99460,-2.3277283,0.43609619,1.418457
99461,-2.244873,0.10391235,1.3925171
99462,-2.2660828,-0.007019043,1.4927673
99463,-2.1844482,0.25268555,1.4007568
99464,-2.2415161,1.7041016,1.557312
99465,-2.2738647,-0.32272339,1.791687
99466,-2.1838379,-0.25360107,1.7214966
99467,-2.1939087,-0.4385376,1.7463684
99468,-2.2262573,-0.26550293,1.8331909
99469,-1.9320679,-0.30593872,1.9059753
99470,-1.9856262,-0.49499512,2.1078491
99471,-1.9692993,-0.53070068,2.0063782
99472,-2.0724487,-0.64422607,1.9316101
99473,-2.0735168,-0.95001221,1.7457581
99474,-2.0295715,-0.68359375,1.8351746
99475,-1.8466187,-0.806427,1.8386841
99476,-1.7536926,-0.85266113,1.9107056
99477,-1.9081116,-0.9298706,2.0217896
99478,-1.9116211,-0.94192505,1.9255066
99479,-1.7759705,-1.0510254,2.0013428
99480,-1.9918823,-1.2191772,2.0960999
99481,-1.5991211,-1.1828613,2.0556641
99482,-1.5979004,-1.1853027,2.03125
99483,-1.6503906,-1.2303162,2.0916748
99484,-1.6943359,-1.2767029,2.0825195
99485,-1.6662598,-1.272583,2.2052002
99486,-1.5287781,-1.5203857,2.0672607
99487,-1.7132568,-1.5879822,2.1817017
99488,-1.5136719,-1.5458679,2.0855713
99489,-1.4660645,-1.5518188,2.0927429
99490,-1.3337708,-1.6744995,2.1144104
99491,-1.224823,-1.6091919,2.2203064
99492,-1.2780762,-1.6744995,2.1618652
99493,-0.98999023,-1.7611694,2.1446228
99494,-1.0707092,-1.9483948,1.8693542
99495,-0.990448,-1.7739868,2.0217896
99496,-0.87387085,-1.7721558,1.9180298
99497,-0.98617554,-2.046814,2.0399475
99498,-0.83435059,-1.7956543,2.0344543
99499,-0.71899414,-2.0303345,1.9924927
99500,-0.72128296,-1.8211365,2.0135498
99501,-0.50384522,-2.1487427,1.8461609
99502,-0.54031372,-2.2492981,1.8815613
99503,-0.546875,-2.2886658,1.8972778
99504,-0.53436279,-2.4005127,1.7080688
99505,-0.47683716,-2.2761536,1.8014526
99506,-0.24658203,-2.3912048,1.7895508
99507,-0.29876709,-2.3194885,1.9206238
99508,-0.1739502,-2.2846985,1.8312073
99509,-0.14541626,-2.4276733,1.8624878
99510,-0.19042969,-2.4064636,1.6461182
99511,-0.18173218,-2.5213623,1.6558838
99512,-0.062255859,-2.5253296,1.6567993
99513,-0.033721924,-2.5100708,1.6500854
99514,-0.01953125,-2.3956299,1.5917969
99515,0.15701294,-2.4783325,1.5838623
99516,0.2456665,-2.4778748,1.394043
99517,0.19393921,-2.5447083,1.3136291
99518,0.38589478,-2.5021362,1.2297058
99519,0.3314209,-2.5270081,1.3192749
99520,0.36315918,-2.5396729,1.2828064
99521,0.37017822,-2.3657227,1.0620117
99522,0.54077148,-2.300415,1.048584
99523,0.55419922,-2.1798706,1.0818481
99524,0.50750732,-2.3576355,0.91674805
99525,0.69946289,-2.5585938,0.71853638
99526,0.74279785,-2.4905396,0.83023071
99527,0.64254761,-2.4101257,0.84106445
99528,0.77667236,-2.3503113,0.7371521
99529,0.965271,-2.2077942,0.7081604
99530,0.94009399,-2.2755432,0.48034668
99531,1.0154724,-2.217865,0.56671143
99532,0.85662842,-2.4337769,0.66848755
99533,0.98693848,-2.3483276,0.54122925
99534,0.94299316,-2.4345398,0.48339844
99535,1.1599731,-2.3054504,0.40924072
99536,1.2414551,-2.306366,0.39611816
99537,1.072998,-2.2200012,0.1789856
99538,1.1027527,-2.3170471,0.20568848
99539,1.2545776,-2.1910095,0.13320923
99540,1.2240601,-2.2639465,0.028686523
99541,1.3061523,-2.1711731,-0.17791748
99542,1.338501,-2.3194885,-0.10955811
99543,1.3314819,-2.0896912,0.037841797
99544,1.4746094,-2.0582581,-0.20828247
99545,1.3009644,-2.131958,-0.15365601
99546,1.4659119,-2.0526123,-0.10848999
99547,1.4892578,-1.9805908,-0.21255493
99548,1.3052368,-1.960907,-0.17059326
99549,1.3059998,-1.842041,-0.55847168
99550,1.3952637,-1.7304993,-0.57723999
99551,1.3847351,-1.7427063,-0.68237305
99552,1.3734436,-1.5188599,-0.63964844
99553,1.4605713,-1.5478516,-0.72143555
99554,1.5222168,-1.5133667,-0.7585144
99555,1.473999,-1.3517761,-0.62713623
99556,1.4367676,-1.3165283,-0.77468872
99557,1.4682007,-1.282196,-0.66314697
99558,1.4016724,-1.199646,-0.80627441
99559,1.4364624,-1.3412476,-0.82901001
99560,1.3299561,-1.3677979,-0.86029053
99561,1.3729858,-1.2971497,-0.94223022
99562,1.242981,-1.3017273,-0.79605103
99563,1.2414551,-0.95428467,-0.90026856
99564,1.2571716,-1.0455322,-1.0368347
99565,1.3954163,-0.92163086,-1.0749817
99566,1.23703,-0.81665039,-1.1044312
99567,1.1779785,-0.67810059,-1.1888123
99568,1.2730408,-0.7673645,-1.1178589
99569,1.1494446,-0.65124512,-1.2393188
99570,1.1068726,-0.56335449,-1.312561
99571,1.0772705,-0.53161621,-1.4038086
99572,1.1917114,-0.21453857,-1.3890076
99573,1.1279297,-0.26123047,-1.4208984
99574,1.0888672,-0.17044067,-1.6033936
99575,1.138916,-0.16784668,-1.4616394
99576,0.87707519,-0.05569458,-1.4303589
99577,1.0528564,-0.03692627,-1.4456177
99578,0.91720581,-0.042877197,-1.4697266
99579,0.72448731,-0.21850586,-1.6021729
99580,0.66253662,-0.065307617,-1.4819336
99581,0.71151733,0.08102417,-1.7121887
99582,0.80535889,0.013580322,-1.545105
99583,0.83526611,0.15686035,-1.615448
99584,0.67672729,0.32165527,-1.6885376
99585,0.5279541,0.35186768,-1.4770508
99586,0.58288574,0.46554565,-1.6734314
99587,0.4800415,0.6451416,-1.5959167
99588,0.41046143,0.55801392,-1.5116882
99589,0.33569336,0.5355835,-1.4955139
99590,0.31188965,0.37078857,-1.5087891
99591,0.20950317,0.66711426,-1.570282
99592,0.22979736,0.69061279,-1.4953613
99593,0.1725769,0.62316894,-1.3961792
99594,0.15991211,0.40222168,-1.1697388
99595,0.046386719,0.38223267,-1.6706848
99596,-0.022125244,0.50994873,-1.6349792
99597,-0.046386719,0.72433472,-1.4099121
99598,-0.10238648,1.1849976,-1.1994934
99599,-0.081787109,1.0519409,-1.2571716
99600,-0.39855957,0.96115112,-1.1500549
99601,-0.29693603,1.0601807,-1.2757874
99602,-0.30151367,1.2428284,-1.1505127
99603,-0.43457031,1.2467957,-1.0028076
99604,-0.50308228,1.2988281,-1.065979
99605,-0.56365967,1.270752,-1.1807251
99606,-0.67214966,1.2670898,-0.99868774
99607,-0.62866211,1.282196,-1.1306763
99608,-0.59768677,1.3571167,-1.0076904
99609,-0.60150147,1.4138794,-0.99197388
99610,-0.81787109,1.4099121,-1.1181641
99611,-0.8366394,1.4903259,-0.9185791
99612,-0.990448,1.3720703,-1.0340881
99613,-1.1207581,1.4797974,-1.0324097
99614,-1.0449219,1.521759,-1.0327148
99615,-1.1630249,1.5132141,-0.69290161
99616,-1.1964416,1.473999,-0.71228027
99617,-1.4439392,1.4212036,-0.67138672
99618,-1.4228821,1.4321899,-0.57312012
99619,-1.3201904,1.2611389,-0.54077148
99620,-1.2715149,1.4717102,-0.38909912
99621,-1.5005493,1.4700317,-0.41809082
99622,-1.4726257,1.4562988,-0.37658691
99623,-1.5246582,1.4851379,-0.34057617
99624,-1.5052795,1.4628601,-0.34378052
99625,-1.5957642,1.2786865,-0.35842895
99626,-1.6972351,1.3539124,-0.21011353
99627,-1.6574097,1.2408447,-0.12191773
99628,-1.632843,1.2741089,-0.14022827
99629,-1.7103577,1.3160706,-0.10253906
99630,-1.7709351,1.2585449,-0.059814453
99631,-1.8353271,1.2297058,0.053710938
99632,-1.8994141,1.2211609,0.10864258
99633,-1.807251,1.2371826,0.24551392
99634,-2.0701599,1.1317444,0.30426025
99635,-2.1128845,1.1305237,0.31494141
99636,-2.2576904,1.2194824,0.25085449
99637,-2.2685242,1.3647461,0.33004761
99638,-2.2251892,1.3589478,0.56884766
99639,-2.1574402,1.3208008,0.52978516
99640,-2.171936,1.3174438,0.60119629
99641,-2.1496582,1.5628052,0.78643799
99642,-2.2457886,1.2031555,0.87661743
99643,-2.3838806,1.3591003,0.91842651
99644,-2.4200439,1.2251282,0.90118408
99645,-2.3864746,1.1756897,1.0661316
99646,-2.3556519,1.0440063,1.1289978
99647,-2.3799133,0.83404541,0.96557617
99648,-2.389679,0.72601318,0.94970703
99649,-2.2453308,0.68481445,1.2075806
99650,-2.3522949,0.71258545,1.0064697
99651,-2.4403381,0.51940918,1.2034607
99652,-2.2958374,0.53375244,1.3220215
99653,-2.2717285,0.55084228,1.3188171
99654,-2.4029541,0.60928345,1.4770508
99655,-2.1601868,0.43579102,1.4172363
99656,-2.4101257,0.23010254,1.4424133
99657,-2.1841431,0.17074585,1.3484192
99658,-2.301178,0.10848999,1.4840698
99659,-2.2640991,0.078582764,1.5400696
99660,-2.1882629,-0.061187744,1.7002869
99661,-2.4224854,-0.24902344,1.5263367
99662,-2.1780396,-0.32531738,1.1827087
99663,-2.1722412,-0.25680542,1.6259766
99664,-2.2087097,-0.31616211,1.5512085
99665,-2.0776367,0.86837769,1.6577148
99666,-2.1231079,-0.2645874,1.7941284
99667,-2.0828247,-0.42114258,1.8467712
99668,-1.8519592,-0.74691772,1.6897583
99669,-2.1536255,-0.5619812,1.8746948
99670,-2.0187378,-0.68695068,1.9514465
99671,-2.1054077,-0.6867981,1.8659973
99672,-2.0457458,-0.62438965,1.9454956
99673,-1.9189453,-0.76690674,1.9204712
99674,-1.8939209,-0.70999146,2.0339966
99675,-2.0858765,-0.97335815,2.0898438
99676,-1.7947388,-0.95108032,2.0767212
99677,-1.8563843,-1.2060547,2.1670532
99678,-1.6744995,-1.519165,1.8659973
99679,-1.920166,-1.3214111,2.1917725
99680,-1.7010498,-1.2780762,2.0422363
99681,-1.7102051,-1.2550354,2.1673584
99682,-1.6233826,-1.3713074,1.9010925
99683,-1.618042,-1.4068604,2.1327209
99684,-1.6824341,-1.4797974,2.1232605
99685,-1.5609741,-1.7272949,2.1992493
99686,-1.3787842,-1.8637085,2.0010376
99687,-1.3171387,-1.7892456,1.9494629
99688,-1.2898254,-1.7063904,2.063446
99689,-1.3365173,-1.9018555,2.0539856
99690,-1.3522339,-1.9937134,1.7666626
99691,-1.2573242,-2.0587158,1.8981934
99692,-1.2161255,-1.8630981,1.9676209
99693,-1.0624695,-1.8147278,2.0210266
99694,-0.93933106,-1.9039917,2.0703125
99695,-0.96038818,-1.8266296,2.0339966
99696,-0.8404541,-1.857605,2.0565796
99697,-0.82275391,-2.1398926,2.0106506
99698,-0.67871094,-2.2283936,1.9306946
99699,-0.6954956,-2.116394,2.0167542
99700,-0.73852539,-2.260437,2.0271301
99701,-0.51620483,-2.3776245,1.8209839
99702,-0.37231445,-2.2387695,1.9169617
99703,-0.28793335,-2.3469543,1.9898987
99704,-0.26153564,-2.2967529,1.8023682
99705,-0.3276062,-2.1072388,1.8379211
99706,-0.36712647,-2.2528076,1.7195129
99707,-0.17654419,-2.3210144,1.6081238
99708,-0.074462891,-2.3466492,1.6122437
99709,0.003967285,-2.3562622,1.5344238
99710,0.002746582,-2.3419189,1.5910339
99711,0.043029785,-2.4246216,1.4819336
99712,0.01739502,-2.2027588,1.4778137
99713,0.13931274,-2.3152161,1.3386536
99714,0.10864258,-2.4150085,1.2052917
99715,0.32623291,-2.4864197,1.4248657
99716,0.34500122,-2.5706482,1.1685181
99717,0.50003052,-2.5331116,1.3554382
99718,0.34713745,-2.5788879,1.2741089
99719,0.4309082,-2.7166748,1.1256409
99720,0.50476074,-2.5932312,1.1018372
99721,0.57739258,-2.5311279,1.0603333
99722,0.61035156,-2.7017212,0.91705322
99723,0.71182251,-2.5004578,0.77026367
99724,0.70617676,-2.4403381,0.81436157
99725,0.86120606,-2.4491882,0.80215454
99726,0.70343018,-2.5627136,0.73608398
99727,0.86990356,-2.5131226,0.58288574
99728,0.86502075,-2.5083923,0.35354614
99729,0.99945068,-2.3956299,0.41290283
99730,0.99426269,-2.2665405,0.33386231
99731,0.91445923,-2.6756287,0.43029785
99732,1.0821533,-2.3680115,0.38467407
99733,1.0343933,-2.3269653,0.38986206
99734,0.95474243,-2.5372314,0.42861939
99735,1.129303,-2.3498535,0.19119263
99736,1.1305237,-2.3922729,0.22460938
99737,1.1985779,-2.0828247,0.077209473
99738,1.0569763,-2.141571,0.12588501
99739,1.1524963,-1.9033813,0.025634766
99740,1.3026428,-2.013855,-0.040893555
99741,1.1517334,-2.0906067,-0.13519287
99742,1.2011719,-1.9361877,-0.076599121
99743,1.3240051,-1.8127441,-0.17700195
99744,1.2481689,-1.7881775,-0.31326294
99745,1.2179565,-1.8475342,-0.17074585
99746,1.3969421,-1.7556763,-0.39367676
99747,1.4375305,-1.6918945,-0.41687012
99748,1.3674927,-1.6896057,-0.62103272
99749,1.3555908,-1.6459656,-0.48904419
99750,1.2452698,-1.6215515,-0.52734375
99751,1.3955688,-1.5713501,-0.68191528
99752,1.4413452,-1.3574219,-0.68939209
99753,1.3653564,-1.2915039,-0.59234619
99754,1.4138794,-1.2483215,-0.82107544
99755,1.3244629,-1.3131714,-0.77865601
99756,1.3432312,-1.3665771,-0.82733154
99757,1.2286377,-1.2644959,-0.75561523
99758,1.3018799,-1.1474609,-0.88043213
99759,1.1479187,-1.0725403,-0.99014282
99760,1.3084412,-0.98022461,-0.91064453
99761,1.2188721,-0.93994141,-1.0780334
99762,1.2271118,-1.0189819,-1.081543
99763,1.212616,-1.0023499,-1.0339355
99764,1.1250305,-0.97579956,-0.92285156
99765,1.2348938,-0.909729,-1.1564636
99766,1.2124634,-0.86578369,-1.1755371
99767,1.1694336,-0.76782227,-1.1872864
99768,1.0992432,-0.77484131,-1.2242126
99769,1.1547852,-0.64788818,-1.2449646
99770,0.98495483,-0.40863037,-1.235199
99771,0.98449707,-0.43930054,-1.2411499
99772,0.89599609,-0.32165527,-1.2547302
99773,1.0116577,-0.27267456,-1.3745117
99774,0.79177856,-0.19790649,-1.3226318
99775,0.77407837,-0.18173218,-1.3018799
99776,0.78964233,0.10726929,-1.269989
99777,0.81375122,-0.15136719,-1.4291382
99778,0.35766602,-0.32943726,-1.5597534
99779,0.21392822,-0.31509399,-1.6081238
99780,0.66894531,0.009155273,-1.5422058
99781,0.6187439,0.12008667,-1.5063477
99782,0.48049927,0.4536438,-1.443634
99783,0.53634644,0.42175293,-1.390686
99784,0.51651001,0.38604736,-1.5016174
99785,0.42892456,0.41015625,-1.3478088
99786,0.44204712,0.51803589,-1.4385986
99787,0.34454346,0.57434082,-1.41922
99788,0.37033081,0.65444946,-1.4923096
99789,0.34240723,0.6326294,-1.2298584
99790,0.28915405,0.8001709,-1.3874817
99791,0.29647827,0.81604004,-1.4584351
99792,0.11474609,0.64498901,-1.4996338
99793,0.12130737,0.64056397,-1.4559937
99794,-0.089874268,0.81359863,-1.6343689
99795,-0.041351318,0.87081909,-1.3272095
99796,-0.17486572,0.8404541,-1.3511658
99797,-0.16998291,1.0549927,-1.4231873
99798,-0.24505615,1.1509705,-1.3284302
99799,-0.26885986,1.1154175,-1.3084412
99800,-0.43106079,1.2464905,-1.2553406
99801,-0.60714722,1.1930847,-1.1425781
99802,-0.55801392,1.1167908,-1.2211609
99803,-0.71228027,1.1746216,-1.0844421
99804,-0.68618774,1.2316895,-0.95565796
99805,-0.64941406,1.2338257,-0.91384888
99806,-0.74859619,1.31073,-0.93536377
99807,-0.87005615,1.3067627,-0.95245361
99808,-0.86868286,1.3668823,-1.0496521
99809,-1.0717773,1.308136,-0.85571289
99810,-1.0783386,1.3352966,-0.86502075
99811,-1.0191345,1.2904358,-0.76507568
99812,-1.2364197,1.2695313,-0.77301025
99813,-1.2379456,1.3285828,-0.66574097
99814,-1.2255859,1.4761353,-0.59082031
99815,-1.2338257,1.436615,-0.53848267
99816,-1.2643433,1.4851379,-0.52551269
99817,-1.4080811,1.3293457,-0.45440674
99818,-1.2721252,1.41922,-0.46173096
99819,-1.4865112,1.3967896,-0.37521362
99820,-1.4552307,1.4477539,-0.28244019
99821,-1.6429138,1.4659119,-0.29205322
99822,-1.6702271,1.2182617,-0.17959595
99823,-1.5441895,1.2411499,-0.24108887
99824,-1.6503906,1.1921692,-0.13000488
99825,-1.6293335,1.2614441,-0.23620606
99826,-1.5965271,1.3453674,-0.070953369
99827,-1.7993164,1.333313,0.053710938
99828,-1.7504883,1.4437866,0.012512207
99829,-2.0788574,1.4561462,0.086669922
99830,-1.7880249,1.4241028,0.15686035
99831,-1.9297791,1.3375854,0.1184082
99832,-1.8414307,1.2145996,0.33630371
99833,-2.0281982,1.3293457,0.38452148
99834,-2.1000671,1.3618469,0.45898438
99835,-1.8659973,1.2638855,0.48965454
99836,-2.0304871,1.1184692,0.49942017
99837,-2.0635986,1.0597229,0.4498291
99838,-2.0214844,1.0572815,0.55419922
99839,-2.1466064,0.88470459,0.5001831
99840,-2.1557617,0.82611084,0.72525024
99841,-2.1409607,0.75866699,0.67382813
99842,-2.1604919,0.86639404,0.62789917
99843,-2.1736145,0.77606201,0.71182251
99844,-2.157135,0.72418213,0.77224731
99845,-2.1606445,0.66131592,0.85754394
99846,-2.2718811,0.47180176,0.97869873
99847,-2.1839905,0.62316894,1.1593628
99848,-2.277832,0.53741455,1.2516785
99849,-2.2538757,0.40527344,1.0751343
99850,-2.1786499,0.21896362,1.1050415
99851,-2.1853638,0.32241821,1.2077332
99852,-2.2828674,0.2645874,1.2289429
99853,-2.2688293,0.31890869,1.2780762
99854,-2.1411133,0.10147095,1.386261
99855,-2.237854,0.008544922,0.92605591
99856,-2.1635437,-0.015106201,1.098175
99857,-2.2366333,-0.083007813,1.6462708
99858,-1.9015503,-0.15426636,1.4794922
99859,-2.0320129,-0.059967041,1.234436
99860,-2.0478821,-0.14511108,1.1375427
99861,-2.1200562,-0.17684937,1.6249084
99862,-2.1711731,-0.44006348,1.5527344
99863,-2.071228,-0.26733398,1.4234924
99864,-2.1405029,-0.44570923,1.7477417
99865,-2.1162415,-0.41442871,1.7784119
99866,-2.0478821,-0.59997559,1.577301
99867,-2.0410156,-0.74966431,1.7803955
99868,-1.9352722,-0.72921753,1.8426514
99869,-1.8692017,-0.82046509,1.7678833
99870,-1.8395996,-0.65063477,1.8182373
99871,-1.8307495,-0.84655762,1.8563843
99872,-1.9500732,-0.96801758,1.8440247
99873,-1.8544006,-0.8291626,1.9540405
99874,-1.7353821,-1.1157227,1.9192505
99875,-1.8563843,-1.3005066,1.6374207
99876,-1.607666,-1.1000061,1.9152832
99877,-1.8136597,-1.3012695,1.6833496
99878,-1.8223572,-1.3198853,1.7047119
99879,-1.6874695,-1.2614441,1.774292
99880,-1.4958191,-1.3110352,1.7227173
99881,-1.541748,-1.2394714,2.0217896
99882,-1.4599609,-1.4811707,1.7826843
99883,-1.6610718,-1.5229797,1.9758606
99884,-1.3252258,-1.4372253,2.0465088
99885,-1.3728333,-1.6160584,2.0169067
99886,-1.1843872,-1.9932556,1.8025208
99887,-1.3020325,-1.859436,2.0281982
99888,-1.1132813,-1.8429565,2.2012329
99889,-1.0932922,-1.690979,2.0019531
99890,-1.0298157,-1.6622925,1.9975281
99891,-0.95275879,-1.6749573,2.0324707
99892,-0.9046936,-1.8882751,1.9190979
99893,-0.69259644,-2.0161438,1.945343
99894,-0.74066162,-2.0568848,1.9099426
99895,-0.67260742,-2.12677,1.8167114
99896,-0.58013916,-1.9975281,1.8804932
99897,-0.66955566,-1.9961548,1.9613647
99898,-0.39794922,-2.1226501,1.8914795
99899,-0.34011841,-2.3257446,1.8423462
99900,-0.42678833,-2.2398376,1.7407227
99901,-0.40618897,-2.2314453,1.7652893
99902,-0.43548584,-2.2029114,1.7797852
99903,-0.32058716,-2.3861694,1.7370605
99904,-0.24902344,-2.3497009,1.7492676
99905,-0.2305603,-2.3394775,1.5240479
99906,-0.22949219,-2.3786926,1.5565491
99907,-0.09979248,-2.5654602,1.4704895
99908,-0.1373291,-2.421875,1.6011047
99909,0.072631836,-2.4281311,1.491394
99910,0.16860962,-2.3918152,1.3708496
99911,0.031585693,-2.1139526,1.313324
99912,0.12359619,-2.3049927,1.2362671
99913,0.3465271,-2.3803711,1.2213135
99914,0.24032593,-2.3364258,1.0726929
99915,0.40054321,-2.3754883,1.083374
99916,0.36254883,-2.3751831,1.1045837
99917,0.39337158,-2.2515869,1.1357117
99918,0.48370361,-2.4649048,1.1871338
99919,0.64163208,-2.4201965,0.92453003
99920,0.65002441,-2.4705505,0.91140747
99921,0.70953369,-2.3921204,0.67489624
99922,0.70724487,-2.5276184,0.6161499
99923,0.71609497,-2.2157288,0.77148438
99924,0.73608398,-2.3735046,0.90057373
99925,0.78857422,-2.2650146,0.73318481
99926,0.85479736,-2.3478699,0.70327759
99927,0.86212158,-2.3013306,0.53237915
99928,0.94177246,-2.2663879,0.46600342
99929,0.92819214,-2.3139954,0.41213989
99930,0.94039917,-2.2605896,0.47332764
99931,1.0133362,-2.2190857,0.40374756
99932,1.0348511,-2.1348572,0.36026001
99933,0.97091675,-2.0449829,0.32302856
99934,1.0183716,-2.0466614,0.3112793
99935,1.1250305,-2.1252441,0.15045166
99936,1.1260986,-1.9963074,-0.032348633
99937,1.1839294,-2.0120239,0.004577637
99938,1.2294006,-2.0275879,-0.105896
99939,1.2237549,-1.9184875,-0.1248169
99940,1.1968994,-1.9021606,-0.1675415
99941,1.0644531,-1.7929077,-0.25238037
99942,1.2820435,-1.8569946,-0.25863647
99943,1.2004089,-1.8386841,-0.11383057
99944,1.2097168,-1.7544556,-0.27954102
99945,1.1743164,-1.5814209,-0.26321411
99946,1.2844849,-1.5553284,-0.24398804
99947,1.1445618,-1.4073181,-0.37139893
99948,1.1869812,-1.4187622,-0.65567017
99949,1.1386108,-1.3766479,-0.56152344
99950,1.1042786,-1.3128662,-0.47592163
99951,1.1828613,-1.2860107,-0.6048584
99952,1.2130737,-1.1598206,-0.5430603
99953,1.2591553,-1.0913086,-0.62561035
99954,1.2051392,-1.1558533,-0.64422607
99955,1.1599731,-1.1540222,-0.79071045
99956,1.1978149,-1.1332703,-0.87493897
99957,1.1393738,-1.1251831,-0.94696045
99958,1.0847473,-0.82397461,-0.83572388
99959,1.1889648,-0.96466065,-0.89553833
99960,1.1512756,-1.018219,-0.965271
99961,1.1097717,-0.94833374,-0.94345093
99962,1.1106873,-0.76293945,-0.99853516
99963,0.99014282,-0.67977905,-1.1357117
99964,0.90820313,-0.65322876,-1.2716675
99965,1.0035706,-0.64422607,-1.1560059
99966,0.89874268,-0.39840698,-1.1326599
99967,0.81161499,-0.51040649,-1.1314392
99968,0.97839356,-0.27023315,-1.1422729
99969,0.84732056,-0.30532837,-1.085968
99970,0.82244873,-0.35675049,-1.0557556
99971,0.9173584,-0.31585693,-1.2339783
99972,0.76690674,-0.062255859,-1.2110901
99973,0.77667236,-0.11260986,-1.3009644
99974,0.57800293,-0.013275146,-1.2402344
99975,0.45913696,-0.35293579,-1.547699
99976,0.42907715,-0.4069519,-1.4573669
99977,0.38330078,-0.16906738,-1.3320923
99978,0.44143677,0.053253174,-1.3851929
99979,0.47988892,0.22659302,-1.3439941
99980,0.49224853,0.29968262,-1.2130737
99981,0.46524048,0.33630371,-1.1938477
99982,0.42953491,0.3578186,-1.1933899
99983,0.35888672,0.40603638,-1.2533569
99984,0.22796631,0.51254272,-1.1697388
99985,0.17501831,0.1184082,-1.3394165
99986,0.20278931,0.64300537,-1.2872314
99987,0.070800781,0.45837402,-1.1306763
99988,0.076141357,0.41748047,-1.2936401
99989,-0.032043457,0.60546875,-1.3223267
99990,0.010528564,0.66604614,-1.0939026
99991,-0.073852539,0.74905396,-1.1006165
99992,-0.14404297,0.8908081,-1.1325073
99993,-0.16540527,0.95947266,-1.1459351
99994,-0.21377563,1.0618591,-1.1357117
99995,-0.28549194,1.0449219,-1.1891174
99996,-0.36727905,1.1270142,-1.1390686
99997,-0.4296875,1.0159302,-1.1557007
99998,-0.54931641,1.0649109,-0.99304199
99999,-0.49697876,1.0951233,-1.1343384
